config_path: configs/local_global_pair_resnet18_chrid_balanced_supcon.yaml
experiment_name: local_global_pair_resnet18_chrid_balanced_supcon_fold_2
save_dir: /data5/chensx/MyProject/chromosome_abnormality_new/outputs/experiments/local_global_pair_resnet18_chrid_balanced_supcon_fold_2
best_model_path: /data5/chensx/MyProject/chromosome_abnormality_new/outputs/experiments/local_global_pair_resnet18_chrid_balanced_supcon_fold_2/best_model.pth
best_model_metric: auprc
best_model_metric_value: 0.2638959827648212
best_threshold: 0.22
best_threshold_score: 0.32038834951456313
best_threshold_stats:
  precision: 0.5238095238095238
  recall: 0.23076923076923078
  f1: 0.32038834951456313
val_metrics_05:
  auroc: 0.5965366667121053
  auprc: 0.2638959827648212
  f1: 0.31632653061224486
  precision_abnormal: 0.5849056603773585
  recall_abnormal: 0.21678321678321677
  balanced_acc: 0.604817859203824
  confusion_matrix:
    tn: 3056
    fp: 22
    fn: 112
    tp: 31
  normal:
    acc: 0.9928525016244314
    precision: 0.9646464646464646
    recall: 0.9928525016244314
    f1: 0.9785462696125521
    support: 3078
  abnormal:
    acc: 0.21678321678321677
    precision: 0.5849056603773585
    recall: 0.21678321678321677
    f1: 0.31632653061224486
    support: 143
  loss: 2.8263424915099358
test_metrics_05:
  auroc: 0.5253360705666816
  auprc: 0.2245721190696754
  f1: 0.2513089005235602
  precision_abnormal: 0.4897959183673469
  recall_abnormal: 0.16901408450704225
  balanced_acc: 0.5803802677404806
  confusion_matrix:
    tn: 3004
    fp: 25
    fn: 118
    tp: 24
  normal:
    acc: 0.9917464509739188
    precision: 0.9622037155669443
    recall: 0.9917464509739188
    f1: 0.9767517476833035
    support: 3029
  abnormal:
    acc: 0.16901408450704225
    precision: 0.4897959183673469
    recall: 0.16901408450704225
    f1: 0.2513089005235602
    support: 142
  loss: 2.8347651241931655
test_metrics_best:
  auroc: 0.5253360705666816
  auprc: 0.2245721190696754
  f1: 0.25365853658536586
  precision_abnormal: 0.4126984126984127
  recall_abnormal: 0.18309859154929578
  balanced_acc: 0.5854416694953478
  confusion_matrix:
    tn: 2992
    fp: 37
    fn: 116
    tp: 26
  normal:
    acc: 0.9877847474413998
    precision: 0.9626769626769627
    recall: 0.9877847474413998
    f1: 0.9750692520775622
    support: 3029
  abnormal:
    acc: 0.18309859154929578
    precision: 0.4126984126984127
    recall: 0.18309859154929578
    f1: 0.25365853658536586
    support: 142
  loss: 2.8347651241931655
