config_path: configs/baseline_pair_resnet18_chrid_weighted_ce.yaml
experiment_name: baseline_pair_resnet18_chrid_weighted_ce_fold_0
save_dir: /data5/chensx/MyProject/chromosome_abnormality_new/outputs/experiments/baseline_pair_resnet18_chrid_weighted_ce_fold_0
best_model_path: /data5/chensx/MyProject/chromosome_abnormality_new/outputs/experiments/baseline_pair_resnet18_chrid_weighted_ce_fold_0/best_model.pth
best_model_metric: auprc
best_model_metric_value: 0.14452249704244954
best_threshold: 0.2
best_threshold_score: 0.1877256317689531
best_threshold_stats:
  precision: 0.18840579710144928
  recall: 0.18705035971223022
  f1: 0.1877256317689531
val_metrics_05:
  auroc: 0.6182503368582434
  auprc: 0.14452249704244954
  f1: 0.15625
  precision_abnormal: 0.2830188679245283
  recall_abnormal: 0.1079136690647482
  balanced_acc: 0.5476696075303886
  confusion_matrix:
    tn: 2984
    fp: 38
    fn: 124
    tp: 15
  normal:
    acc: 0.9874255459960292
    precision: 0.9601029601029601
    recall: 0.9874255459960292
    f1: 0.9735725938009788
    support: 3022
  abnormal:
    acc: 0.1079136690647482
    precision: 0.2830188679245283
    recall: 0.1079136690647482
    f1: 0.15625
    support: 139
  loss: 0.9642224682919853
test_metrics_05:
  auroc: 0.5606256027000964
  auprc: 0.08271025028968115
  f1: 0.14634146341463414
  precision_abnormal: 0.21739130434782608
  recall_abnormal: 0.11029411764705882
  balanced_acc: 0.5477700096432015
  confusion_matrix:
    tn: 3606
    fp: 54
    fn: 121
    tp: 15
  normal:
    acc: 0.9852459016393442
    precision: 0.9675342098202308
    recall: 0.9852459016393442
    f1: 0.9763097333152836
    support: 3660
  abnormal:
    acc: 0.11029411764705882
    precision: 0.21739130434782608
    recall: 0.11029411764705882
    f1: 0.14634146341463414
    support: 136
  loss: 0.8868354459708307
test_metrics_best:
  auroc: 0.5606256027000964
  auprc: 0.08271025028968115
  f1: 0.1377049180327869
  precision_abnormal: 0.1242603550295858
  recall_abnormal: 0.15441176470588236
  balanced_acc: 0.5569873031179685
  confusion_matrix:
    tn: 3512
    fp: 148
    fn: 115
    tp: 21
  normal:
    acc: 0.9595628415300547
    precision: 0.9682933553901296
    recall: 0.9595628415300547
    f1: 0.9639083299025663
    support: 3660
  abnormal:
    acc: 0.15441176470588236
    precision: 0.1242603550295858
    recall: 0.15441176470588236
    f1: 0.1377049180327869
    support: 136
  loss: 0.8868354459708307
