config_path: configs/local_global_pair_resnet18_chrid_balanced_supcon.yaml
experiment_name: local_global_pair_resnet18_chrid_balanced_supcon_fold_4
save_dir: /data5/chensx/MyProject/chromosome_abnormality_new/outputs/experiments/local_global_pair_resnet18_chrid_balanced_supcon_fold_4
best_model_path: /data5/chensx/MyProject/chromosome_abnormality_new/outputs/experiments/local_global_pair_resnet18_chrid_balanced_supcon_fold_4/best_model.pth
best_model_metric: auprc
best_model_metric_value: 0.3277003008859933
best_threshold: 0.060000000000000005
best_threshold_score: 0.4055299539170507
best_threshold_stats:
  precision: 0.5432098765432098
  recall: 0.3235294117647059
  f1: 0.4055299539170507
val_metrics_05:
  auroc: 0.5549551992928319
  auprc: 0.3277003008859933
  f1: 0.3737373737373737
  precision_abnormal: 0.5967741935483871
  recall_abnormal: 0.27205882352941174
  balanced_acc: 0.6326141112182578
  confusion_matrix:
    tn: 3635
    fp: 25
    fn: 99
    tp: 37
  normal:
    acc: 0.9931693989071039
    precision: 0.9734868773433315
    recall: 0.9931693989071039
    f1: 0.9832296456586421
    support: 3660
  abnormal:
    acc: 0.27205882352941174
    precision: 0.5967741935483871
    recall: 0.27205882352941174
    f1: 0.3737373737373737
    support: 136
  loss: 2.522287546143768
test_metrics_05:
  auroc: 0.4784491677633485
  auprc: 0.19692994119287
  f1: 0.25842696629213485
  precision_abnormal: 0.575
  recall_abnormal: 0.16666666666666666
  balanced_acc: 0.580906148867314
  confusion_matrix:
    tn: 3485
    fp: 17
    fn: 115
    tp: 23
  normal:
    acc: 0.9951456310679612
    precision: 0.9680555555555556
    recall: 0.9951456310679612
    f1: 0.9814136862855533
    support: 3502
  abnormal:
    acc: 0.16666666666666666
    precision: 0.575
    recall: 0.16666666666666666
    f1: 0.25842696629213485
    support: 138
  loss: 2.8130168390798045
test_metrics_best:
  auroc: 0.4784491677633485
  auprc: 0.19692994119287
  f1: 0.2871287128712871
  precision_abnormal: 0.453125
  recall_abnormal: 0.21014492753623187
  balanced_acc: 0.6000753192792524
  confusion_matrix:
    tn: 3467
    fp: 35
    fn: 109
    tp: 29
  normal:
    acc: 0.990005711022273
    precision: 0.9695190156599552
    recall: 0.990005711022273
    f1: 0.9796552698502401
    support: 3502
  abnormal:
    acc: 0.21014492753623187
    precision: 0.453125
    recall: 0.21014492753623187
    f1: 0.2871287128712871
    support: 138
  loss: 2.8130168390798045
