label,anomaly_score,case_id,pair_key,chromosome_id,abnormal_subtype_id,subtype_status,left_filename,right_filename,split,left_path,right_path,pred_label_raw,casewise_score,pred_label_casewise,raw_anomaly_score,calibrated_score,calibration_source
0,0.0015085339546203,165070,165070.11~A20.K_1,1,,normal,165070.11~A20.K_1L.png,165070.11~A20.K_1R.png,train,/data5/chensx/MyProject/UAE/data/arrangement_merged/chr_01/165070.11~A20.K_1L.png,/data5/chensx/MyProject/UAE/data/arrangement_merged/chr_01/165070.11~A20.K_1R.png,0,0.3436681253504777,,0.0015085339546203,-2.8425818908353278,chromosome
0,0.0017991662025451,165070,165070.11~A21.K_1,1,,normal,165070.11~A21.K_1L.png,165070.11~A21.K_1R.png,train,/data5/chensx/MyProject/UAE/data/arrangement_merged/chr_01/165070.11~A21.K_1L.png,/data5/chensx/MyProject/UAE/data/arrangement_merged/chr_01/165070.11~A21.K_1R.png,0,0.7531034619482102,,0.0017991662025451,-0.9438331274189772,chromosome
0,0.001476764678955,165070,165070.11~A30.K_1,1,,normal,165070.11~A30.K_1L.png,165070.11~A30.K_1R.png,train,/data5/chensx/MyProject/UAE/data/arrangement_merged/chr_01/165070.11~A30.K_1L.png,/data5/chensx/MyProject/UAE/data/arrangement_merged/chr_01/165070.11~A30.K_1R.png,0,0.2989123758823498,,0.001476764678955,-3.0501358471317723,chromosome
0,0.0017206668853759,165070,165070.12~A1.K_1,1,,normal,165070.12~A1.K_1L.png,165070.12~A1.K_1R.png,train,/data5/chensx/MyProject/UAE/data/arrangement_merged/chr_01/165070.12~A1.K_1L.png,/data5/chensx/MyProject/UAE/data/arrangement_merged/chr_01/165070.12~A1.K_1R.png,0,0.6425156157014478,,0.0017206668853759,-1.4566822089242502,chromosome
0,0.0021016001701354,165070,165070.12~A21.K_1,1,,normal,165070.12~A21.K_1L.png,165070.12~A21.K_1R.png,train,/data5/chensx/MyProject/UAE/data/arrangement_merged/chr_01/165070.12~A21.K_1L.png,/data5/chensx/MyProject/UAE/data/arrangement_merged/chr_01/165070.12~A21.K_1R.png,0,1.179164761762996,,0.0021016001701354,1.0320182313943314,chromosome
0,0.0018789768218994,165070,165070.12~A41.K_1,1,,normal,165070.12~A41.K_1L.png,165070.12~A41.K_1R.png,train,/data5/chensx/MyProject/UAE/data/arrangement_merged/chr_01/165070.12~A41.K_1L.png,/data5/chensx/MyProject/UAE/data/arrangement_merged/chr_01/165070.12~A41.K_1R.png,0,0.8655386374413119,,0.0018789768218994,-0.4224170908693085,chromosome
0,0.0019331574440002,165070,165070.12~A5.K_1,1,,normal,165070.12~A5.K_1L.png,165070.12~A5.K_1R.png,train,/data5/chensx/MyProject/UAE/data/arrangement_merged/chr_01/165070.12~A5.K_1L.png,/data5/chensx/MyProject/UAE/data/arrangement_merged/chr_01/165070.12~A5.K_1R.png,0,0.9418669231196012,,0.0019331574440002,-0.06844608472810064,chromosome
0,0.001816987991333,165070,165070.12~A9.K_1,1,,normal,165070.12~A9.K_1L.png,165070.12~A9.K_1R.png,train,/data5/chensx/MyProject/UAE/data/arrangement_merged/chr_01/165070.12~A9.K_1L.png,/data5/chensx/MyProject/UAE/data/arrangement_merged/chr_01/165070.12~A9.K_1R.png,0,0.7782103457961844,,0.001816987991333,-0.8274004202279703,chromosome
0,0.0018767118453979,165070,165070.13~A24.K_1,1,,normal,165070.13~A24.K_1L.png,165070.13~A24.K_1R.png,train,/data5/chensx/MyProject/UAE/data/arrangement_merged/chr_01/165070.13~A24.K_1L.png,/data5/chensx/MyProject/UAE/data/arrangement_merged/chr_01/165070.13~A24.K_1R.png,0,0.8623477960158169,,0.0018767118453979,-0.4372145586730291,chromosome
0,0.0017378330230712,165070,165070.13~A25.K_1,1,,normal,165070.13~A25.K_1L.png,165070.13~A25.K_1R.png,train,/data5/chensx/MyProject/UAE/data/arrangement_merged/chr_01/165070.13~A25.K_1L.png,/data5/chensx/MyProject/UAE/data/arrangement_merged/chr_01/165070.13~A25.K_1R.png,0,0.6666988349262523,,0.0017378330230712,-1.3445329792557685,chromosome
0,0.0018721222877502,165070,165070.13~A26.K_1,1,,normal,165070.13~A26.K_1L.png,165070.13~A26.K_1R.png,train,/data5/chensx/MyProject/UAE/data/arrangement_merged/chr_01/165070.13~A26.K_1L.png,/data5/chensx/MyProject/UAE/data/arrangement_merged/chr_01/165070.13~A26.K_1R.png,0,0.8558821436536296,,0.0018721222877502,-0.4671989013274389,chromosome
0,0.0015643239021301,165070,165070.13~A27.K_1,1,,normal,165070.13~A27.K_1L.png,165070.13~A27.K_1R.png,train,/data5/chensx/MyProject/UAE/data/arrangement_merged/chr_01/165070.13~A27.K_1L.png,/data5/chensx/MyProject/UAE/data/arrangement_merged/chr_01/165070.13~A27.K_1R.png,0,0.4222635878310924,,0.0015643239021301,-2.47809689441227,chromosome
0,0.0020292401313781,165070,165070.13~A28.K_1,1,,normal,165070.13~A28.K_1L.png,165070.13~A28.K_1R.png,train,/data5/chensx/MyProject/UAE/data/arrangement_merged/chr_01/165070.13~A28.K_1L.png,/data5/chensx/MyProject/UAE/data/arrangement_merged/chr_01/165070.13~A28.K_1R.png,0,1.0772257751695489,,0.0020292401313781,0.5592780757776963,chromosome
0,0.0016798377037048,165070,165070.13~A3.K_1,1,,normal,165070.13~A3.K_1L.png,165070.13~A3.K_1R.png,train,/data5/chensx/MyProject/UAE/data/arrangement_merged/chr_01/165070.13~A3.K_1L.png,/data5/chensx/MyProject/UAE/data/arrangement_merged/chr_01/165070.13~A3.K_1R.png,0,0.5849965005313397,,0.0016798377037048,-1.7234260364342722,chromosome
0,0.0018171072006225,165070,165070.13~A36.K_1,1,,normal,165070.13~A36.K_1L.png,165070.13~A36.K_1R.png,train,/data5/chensx/MyProject/UAE/data/arrangement_merged/chr_01/165070.13~A36.K_1L.png,/data5/chensx/MyProject/UAE/data/arrangement_merged/chr_01/165070.13~A36.K_1R.png,0,0.7783782848185788,,0.0018171072006225,-0.8266216061333813,chromosome
0,0.0018773078918457,165070,165070.13~A40.K_1,1,,normal,165070.13~A40.K_1L.png,165070.13~A40.K_1R.png,train,/data5/chensx/MyProject/UAE/data/arrangement_merged/chr_01/165070.13~A40.K_1L.png,/data5/chensx/MyProject/UAE/data/arrangement_merged/chr_01/165070.13~A40.K_1R.png,0,0.8631874911277893,,0.0018773078918457,-0.4333204881981244,chromosome
0,0.0020508170127868,165070,165070.13~A9.K_1,1,,normal,165070.13~A9.K_1L.png,165070.13~A9.K_1R.png,train,/data5/chensx/MyProject/UAE/data/arrangement_merged/chr_01/165070.13~A9.K_1L.png,/data5/chensx/MyProject/UAE/data/arrangement_merged/chr_01/165070.13~A9.K_1R.png,0,1.107622738222949,,0.0020508170127868,0.7002434269583784,chromosome
0,0.0018344521522521,165070,165070.1~A9.K_1,1,,normal,165070.1~A9.K_1L.png,165070.1~A9.K_1R.png,train,/data5/chensx/MyProject/UAE/data/arrangement_merged/chr_01/165070.1~A9.K_1L.png,/data5/chensx/MyProject/UAE/data/arrangement_merged/chr_01/165070.1~A9.K_1R.png,0,0.8028134125769751,,0.0018344521522521,-0.7133041553226901,chromosome
0,0.0014477968215942,165070,165070.2~A31.K_1,1,,normal,165070.2~A31.K_1L.png,165070.2~A31.K_1R.png,train,/data5/chensx/MyProject/UAE/data/arrangement_merged/chr_01/165070.2~A31.K_1L.png,/data5/chensx/MyProject/UAE/data/arrangement_merged/chr_01/165070.2~A31.K_1R.png,0,0.2581031934404921,,0.0014477968215942,-3.2393876721972146,chromosome
0,0.0018131136894226,165070,165070.3~A15.K_1,1,,normal,165070.3~A15.K_1L.png,165070.3~A15.K_1R.png,train,/data5/chensx/MyProject/UAE/data/arrangement_merged/chr_01/165070.3~A15.K_1L.png,/data5/chensx/MyProject/UAE/data/arrangement_merged/chr_01/165070.3~A15.K_1R.png,0,0.7727523275683639,,0.0018131136894226,-0.8527118783128865,chromosome
0,0.0019145011901855,165070,165070.3~A2.K_1,1,,normal,165070.3~A2.K_1L.png,165070.3~A2.K_1R.png,train,/data5/chensx/MyProject/UAE/data/arrangement_merged/chr_01/165070.3~A2.K_1L.png,/data5/chensx/MyProject/UAE/data/arrangement_merged/chr_01/165070.3~A2.K_1R.png,0,0.9155844661148658,,0.0019145011901855,-0.19033049058318882,chromosome
0,0.0021056532859802,165070,165070.3~A30.K_1,1,,normal,165070.3~A30.K_1L.png,165070.3~A30.K_1R.png,train,/data5/chensx/MyProject/UAE/data/arrangement_merged/chr_01/165070.3~A30.K_1L.png,/data5/chensx/MyProject/UAE/data/arrangement_merged/chr_01/165070.3~A30.K_1R.png,0,1.184874688524408,,0.0021056532859802,1.05849791062211,chromosome
0,0.0017831325531005,165070,165070.3~A35.K_1,1,,normal,165070.3~A35.K_1L.png,165070.3~A35.K_1R.png,train,/data5/chensx/MyProject/UAE/data/arrangement_merged/chr_01/165070.3~A35.K_1L.png,/data5/chensx/MyProject/UAE/data/arrangement_merged/chr_01/165070.3~A35.K_1R.png,0,0.7305156634361532,,0.0017831325531005,-1.0485836231859258,chromosome
0,0.001880407333374,165070,165070.3~A43.K_1,1,,normal,165070.3~A43.K_1L.png,165070.3~A43.K_1R.png,train,/data5/chensx/MyProject/UAE/data/arrangement_merged/chr_01/165070.3~A43.K_1L.png,/data5/chensx/MyProject/UAE/data/arrangement_merged/chr_01/165070.3~A43.K_1R.png,0,0.8675539057100456,,0.001880407333374,-0.41307132173032246,chromosome
0,0.0020568966865539,170215,170215.12~A1.K_1,1,,normal,170215.12~A1.K_1L.png,170215.12~A1.K_1R.png,train,/data5/chensx/MyProject/UAE/data/arrangement_merged/chr_01/170215.12~A1.K_1L.png,/data5/chensx/MyProject/UAE/data/arrangement_merged/chr_01/170215.12~A1.K_1R.png,0,0.9538806075215004,,0.0020568966865539,0.7399629457993933,chromosome
0,0.0017458200454711,170215,170215.12~A24.K_1,1,,normal,170215.12~A24.K_1L.png,170215.12~A24.K_1R.png,train,/data5/chensx/MyProject/UAE/data/arrangement_merged/chr_01/170215.12~A24.K_1L.png,/data5/chensx/MyProject/UAE/data/arrangement_merged/chr_01/170215.12~A24.K_1R.png,0,0.5455449158840269,,0.0017458200454711,-1.292352434896105,chromosome
0,0.0019420981407165,170215,170215.12~A31.K_1,1,,normal,170215.12~A31.K_1L.png,170215.12~A31.K_1R.png,train,/data5/chensx/MyProject/UAE/data/arrangement_merged/chr_01/170215.12~A31.K_1L.png,/data5/chensx/MyProject/UAE/data/arrangement_merged/chr_01/170215.12~A31.K_1R.png,0,0.8031899499062918,,0.0019420981407165,-0.01003502760911219,chromosome
0,0.0019086599349975,170215,170215.12~A33.K_1,1,,normal,170215.12~A33.K_1L.png,170215.12~A33.K_1R.png,train,/data5/chensx/MyProject/UAE/data/arrangement_merged/chr_01/170215.12~A33.K_1L.png,/data5/chensx/MyProject/UAE/data/arrangement_merged/chr_01/170215.12~A33.K_1R.png,0,0.7592971882644787,,0.0019086599349975,-0.22849238123437385,chromosome
0,0.0013859272003173,170215,170215.12~A44.K_1,1,,normal,170215.12~A44.K_1L.png,170215.12~A44.K_1R.png,train,/data5/chensx/MyProject/UAE/data/arrangement_merged/chr_01/170215.12~A44.K_1L.png,/data5/chensx/MyProject/UAE/data/arrangement_merged/chr_01/170215.12~A44.K_1R.png,0,0.0731304866625159,,0.0013859272003173,-3.6435921874612873,chromosome
0,0.0019811987876892,170215,170215.12~A47.K_1,1,,normal,170215.12~A47.K_1L.png,170215.12~A47.K_1R.png,train,/data5/chensx/MyProject/UAE/data/arrangement_merged/chr_01/170215.12~A47.K_1L.png,/data5/chensx/MyProject/UAE/data/arrangement_merged/chr_01/170215.12~A47.K_1R.png,0,0.854515532146986,,0.0019811987876892,0.24541599552512366,chromosome
0,0.0020177364349365,170215,170215.12~A48.K_1,1,,normal,170215.12~A48.K_1L.png,170215.12~A48.K_1R.png,train,/data5/chensx/MyProject/UAE/data/arrangement_merged/chr_01/170215.12~A48.K_1L.png,/data5/chensx/MyProject/UAE/data/arrangement_merged/chr_01/170215.12~A48.K_1R.png,0,0.902476785063976,,0.0020177364349365,0.4841225156181887,chromosome
0,0.0018516778945922,170215,170215.12~A49.K_1,1,,normal,170215.12~A49.K_1L.png,170215.12~A49.K_1R.png,train,/data5/chensx/MyProject/UAE/data/arrangement_merged/chr_01/170215.12~A49.K_1L.png,/data5/chensx/MyProject/UAE/data/arrangement_merged/chr_01/170215.12~A49.K_1R.png,0,0.6844995409746867,,0.0018516778945922,-0.6007655186065866,chromosome
0,0.0016661286354064,170215,170215.12~A6.K_1,1,,normal,170215.12~A6.K_1L.png,170215.12~A6.K_1R.png,train,/data5/chensx/MyProject/UAE/data/arrangement_merged/chr_01/170215.12~A6.K_1L.png,/data5/chensx/MyProject/UAE/data/arrangement_merged/chr_01/170215.12~A6.K_1R.png,0,0.4409377459818804,,0.0016661286354064,-1.8129896573505315,chromosome
0,0.0020564198493957,170215,170215.12~A7.K_1,1,,normal,170215.12~A7.K_1L.png,170215.12~A7.K_1R.png,train,/data5/chensx/MyProject/UAE/data/arrangement_merged/chr_01/170215.12~A7.K_1L.png,/data5/chensx/MyProject/UAE/data/arrangement_merged/chr_01/170215.12~A7.K_1R.png,0,0.953254685786858,,0.0020564198493957,0.7368476894197308,chromosome
0,0.0017472505569458,170215,170215.13~A21.K_1,1,,normal,170215.13~A21.K_1L.png,170215.13~A21.K_1R.png,train,/data5/chensx/MyProject/UAE/data/arrangement_merged/chr_01/170215.13~A21.K_1L.png,/data5/chensx/MyProject/UAE/data/arrangement_merged/chr_01/170215.13~A21.K_1R.png,0,0.5474226810879548,,0.0017472505569458,-1.2830066657564658,chromosome
0,0.0017054677009582,170215,170215.13~A36.K_1,1,,normal,170215.13~A36.K_1L.png,170215.13~A36.K_1R.png,train,/data5/chensx/MyProject/UAE/data/arrangement_merged/chr_01/170215.13~A36.K_1L.png,/data5/chensx/MyProject/UAE/data/arrangement_merged/chr_01/170215.13~A36.K_1R.png,0,0.4925762890898959,,0.0017054677009582,-1.5559810060264645,chromosome
0,0.0018960237503051,170215,170215.13~A44.K_1,1,,normal,170215.13~A44.K_1L.png,170215.13~A44.K_1R.png,train,/data5/chensx/MyProject/UAE/data/arrangement_merged/chr_01/170215.13~A44.K_1L.png,/data5/chensx/MyProject/UAE/data/arrangement_merged/chr_01/170215.13~A44.K_1R.png,0,0.7427102622964494,,0.0018960237503051,-0.31104667529606755,chromosome
0,0.0019493699073791,170215,170215.13~A47.K_1,1,,normal,170215.13~A47.K_1L.png,170215.13~A47.K_1R.png,train,/data5/chensx/MyProject/UAE/data/arrangement_merged/chr_01/170215.13~A47.K_1L.png,/data5/chensx/MyProject/UAE/data/arrangement_merged/chr_01/170215.13~A47.K_1R.png,0,0.8127352563595917,,0.0019493699073791,0.03747263218105893,chromosome
0,0.0019629001617431,170215,170215.13~A5.K_1,1,,normal,170215.13~A5.K_1L.png,170215.13~A5.K_1R.png,train,/data5/chensx/MyProject/UAE/data/arrangement_merged/chr_01/170215.13~A5.K_1L.png,/data5/chensx/MyProject/UAE/data/arrangement_merged/chr_01/170215.13~A5.K_1R.png,0,0.8304957855800758,,0.0019629001617431,0.1258680319544544,chromosome
0,0.0020695328712463,170215,170215.1~A9.K_1,1,,normal,170215.1~A9.K_1L.png,170215.1~A9.K_1R.png,train,/data5/chensx/MyProject/UAE/data/arrangement_merged/chr_01/170215.1~A9.K_1L.png,/data5/chensx/MyProject/UAE/data/arrangement_merged/chr_01/170215.1~A9.K_1R.png,0,0.9704675334895296,,0.0020695328712463,0.8225172398610884,chromosome
0,0.0018221139907836,170215,170215.2~A19.K_1,1,,normal,170215.2~A19.K_1L.png,170215.2~A19.K_1R.png,train,/data5/chensx/MyProject/UAE/data/arrangement_merged/chr_01/170215.2~A19.K_1L.png,/data5/chensx/MyProject/UAE/data/arrangement_merged/chr_01/170215.2~A19.K_1R.png,0,0.6456923934268447,,0.0018221139907836,-0.7939114141469321,chromosome
0,0.0019104480743408,170215,170215.2~A2.K_1,1,,normal,170215.2~A2.K_1L.png,170215.2~A2.K_1R.png,train,/data5/chensx/MyProject/UAE/data/arrangement_merged/chr_01/170215.2~A2.K_1L.png,/data5/chensx/MyProject/UAE/data/arrangement_merged/chr_01/170215.2~A2.K_1R.png,0,0.7616443947693885,,0.0019104480743408,-0.21681016981031578,chromosome
0,0.0018976926803588,170215,170215.2~A23.K_1,1,,normal,170215.2~A23.K_1L.png,170215.2~A23.K_1R.png,train,/data5/chensx/MyProject/UAE/data/arrangement_merged/chr_01/170215.2~A23.K_1L.png,/data5/chensx/MyProject/UAE/data/arrangement_merged/chr_01/170215.2~A23.K_1R.png,0,0.7449009883676986,,0.0018976926803588,-0.3001432779672516,chromosome
0,0.001544177532196,170215,170215.2~A33.K_1,1,,normal,170215.2~A33.K_1L.png,170215.2~A33.K_1R.png,train,/data5/chensx/MyProject/UAE/data/arrangement_merged/chr_01/170215.2~A33.K_1L.png,/data5/chensx/MyProject/UAE/data/arrangement_merged/chr_01/170215.2~A33.K_1R.png,0,0.2808582623470326,,0.001544177532196,-2.6097164764539658,chromosome
0,0.0017042160034179,170215,170215.2~A4.K_1,1,,normal,170215.2~A4.K_1L.png,170215.2~A4.K_1R.png,train,/data5/chensx/MyProject/UAE/data/arrangement_merged/chr_01/170215.2~A4.K_1L.png,/data5/chensx/MyProject/UAE/data/arrangement_merged/chr_01/170215.2~A4.K_1R.png,0,0.490933244536459,,0.0017042160034179,-1.5641585540232397,chromosome
0,0.0019956827163696,170215,170215.3~A32.K_1,1,,normal,170215.3~A32.K_1L.png,170215.3~A32.K_1R.png,train,/data5/chensx/MyProject/UAE/data/arrangement_merged/chr_01/170215.3~A32.K_1L.png,/data5/chensx/MyProject/UAE/data/arrangement_merged/chr_01/170215.3~A32.K_1R.png,0,0.8735279048367552,,0.0019956827163696,0.3400419080578441,chromosome
0,0.0021229982376098,170215,170215.3~A33.K_1,1,,normal,170215.3~A33.K_1L.png,170215.3~A33.K_1R.png,train,/data5/chensx/MyProject/UAE/data/arrangement_merged/chr_01/170215.3~A33.K_1L.png,/data5/chensx/MyProject/UAE/data/arrangement_merged/chr_01/170215.3~A33.K_1R.png,0,1.0406490079863324,,0.0021229982376098,1.1718153614328024,chromosome
0,0.0019183158874511,170215,170215.3~A38.K_1,1,,normal,170215.3~A38.K_1L.png,170215.3~A38.K_1R.png,train,/data5/chensx/MyProject/UAE/data/arrangement_merged/chr_01/170215.3~A38.K_1L.png,/data5/chensx/MyProject/UAE/data/arrangement_merged/chr_01/170215.3~A38.K_1R.png,0,0.7719721033909915,,0.0019183158874511,-0.16540843954589307,chromosome
0,0.0018502473831176,170215,170215.3~A41.K_1,1,,normal,170215.3~A41.K_1L.png,170215.3~A41.K_1R.png,train,/data5/chensx/MyProject/UAE/data/arrangement_merged/chr_01/170215.3~A41.K_1L.png,/data5/chensx/MyProject/UAE/data/arrangement_merged/chr_01/170215.3~A41.K_1R.png,0,0.6826217757707588,,0.0018502473831176,-0.6101112877455712,chromosome
0,0.0016766190528869,170215,170215.3~A47.K_1,1,,normal,170215.3~A47.K_1L.png,170215.3~A47.K_1R.png,train,/data5/chensx/MyProject/UAE/data/arrangement_merged/chr_01/170215.3~A47.K_1L.png,/data5/chensx/MyProject/UAE/data/arrangement_merged/chr_01/170215.3~A47.K_1R.png,0,0.4547080241440179,,0.0016766190528869,-1.7444540169973162,chromosome
0,0.0018640756607055,179083,179083.12~A20.K_1,1,,normal,179083.12~A20.K_1L.png,179083.12~A20.K_1R.png,train,/data5/chensx/MyProject/UAE/data/arrangement_merged/chr_01/179083.12~A20.K_1L.png,/data5/chensx/MyProject/UAE/data/arrangement_merged/chr_01/179083.12~A20.K_1R.png,0,1.0096663790704268,,0.0018640756607055,-0.5197688527347227,chromosome
0,0.0019450187683105,179083,179083.12~A37.K_1,1,,normal,179083.12~A37.K_1L.png,179083.12~A37.K_1R.png,train,/data5/chensx/MyProject/UAE/data/arrangement_merged/chr_01/179083.12~A37.K_1L.png,/data5/chensx/MyProject/UAE/data/arrangement_merged/chr_01/179083.12~A37.K_1R.png,0,1.131385086264424,,0.0019450187683105,0.009045917716480334,chromosome
0,0.001912772655487,179083,179083.12~A39.K_1,1,,normal,179083.12~A39.K_1L.png,179083.12~A39.K_1R.png,train,/data5/chensx/MyProject/UAE/data/arrangement_merged/chr_01/179083.12~A39.K_1L.png,/data5/chensx/MyProject/UAE/data/arrangement_merged/chr_01/179083.12~A39.K_1R.png,0,1.0828947912777138,,0.001912772655487,-0.2016232949596265,chromosome
0,0.0022022724151611,179083,179083.12~A47.K_1,1,,normal,179083.12~A47.K_1L.png,179083.12~A47.K_1R.png,train,/data5/chensx/MyProject/UAE/data/arrangement_merged/chr_01/179083.12~A47.K_1L.png,/data5/chensx/MyProject/UAE/data/arrangement_merged/chr_01/179083.12~A47.K_1R.png,0,1.5182318758441684,,0.0022022724151611,1.6897267345551883,chromosome
0,0.0018159747123718,179083,179083.12~A9.K_1,1,,normal,179083.12~A9.K_1L.png,179083.12~A9.K_1R.png,train,/data5/chensx/MyProject/UAE/data/arrangement_merged/chr_01/179083.12~A9.K_1L.png,/data5/chensx/MyProject/UAE/data/arrangement_merged/chr_01/179083.12~A9.K_1R.png,0,0.937334275458088,,0.0018159747123718,-0.8340203400349158,chromosome
0,0.0019646286964416,179083,179083.13~A11.K_1,1,,normal,179083.13~A11.K_1L.png,179083.13~A11.K_1R.png,train,/data5/chensx/MyProject/UAE/data/arrangement_merged/chr_01/179083.13~A11.K_1L.png,/data5/chensx/MyProject/UAE/data/arrangement_merged/chr_01/179083.13~A11.K_1R.png,0,1.1608736390382275,,0.0019646286964416,0.13716083633089352,chromosome
0,0.0019935369491577,179083,179083.13~A13.K_1,1,,normal,179083.13~A13.K_1L.png,179083.13~A13.K_1R.png,train,/data5/chensx/MyProject/UAE/data/arrangement_merged/chr_01/179083.13~A13.K_1L.png,/data5/chensx/MyProject/UAE/data/arrangement_merged/chr_01/179083.13~A13.K_1R.png,0,1.2043446058932268,,0.0019935369491577,0.32602325434936713,chromosome
0,0.0019886493682861,179083,179083.13~A14.K_1,1,,normal,179083.13~A14.K_1L.png,179083.13~A14.K_1R.png,train,/data5/chensx/MyProject/UAE/data/arrangement_merged/chr_01/179083.13~A14.K_1L.png,/data5/chensx/MyProject/UAE/data/arrangement_merged/chr_01/179083.13~A14.K_1R.png,0,1.1969948754146496,,0.0019886493682861,0.29409187645750423,chromosome
0,0.0019924044609069,179083,179083.13~A2.K_1,1,,normal,179083.13~A2.K_1L.png,179083.13~A2.K_1R.png,train,/data5/chensx/MyProject/UAE/data/arrangement_merged/chr_01/179083.13~A2.K_1L.png,/data5/chensx/MyProject/UAE/data/arrangement_merged/chr_01/179083.13~A2.K_1R.png,0,1.202641619562825,,0.0019924044609069,0.3186245204471796,chromosome
0,0.0017108917236328,179083,179083.13~A22.K_1,1,,normal,179083.13~A22.K_1L.png,179083.13~A22.K_1R.png,train,/data5/chensx/MyProject/UAE/data/arrangement_merged/chr_01/179083.13~A22.K_1L.png,/data5/chensx/MyProject/UAE/data/arrangement_merged/chr_01/179083.13~A22.K_1R.png,0,0.7793150701686791,,0.0017108917236328,-1.5205449647073201,chromosome
0,0.0017873048782348,179083,179083.13~A26.K_1,1,,normal,179083.13~A26.K_1L.png,179083.13~A26.K_1R.png,train,/data5/chensx/MyProject/UAE/data/arrangement_merged/chr_01/179083.13~A26.K_1L.png,/data5/chensx/MyProject/UAE/data/arrangement_merged/chr_01/179083.13~A26.K_1R.png,0,0.8942218320410684,,0.0017873048782348,-1.0213251298635582,chromosome
0,0.002107560634613,179083,179083.13~A34.K_1,1,,normal,179083.13~A34.K_1L.png,179083.13~A34.K_1R.png,train,/data5/chensx/MyProject/UAE/data/arrangement_merged/chr_01/179083.13~A34.K_1L.png,/data5/chensx/MyProject/UAE/data/arrangement_merged/chr_01/179083.13~A34.K_1R.png,0,1.3758084401068622,,0.002107560634613,1.070958936140757,chromosome
0,0.0018790960311889,179083,179083.13~A39.K_1,1,,normal,179083.13~A39.K_1L.png,179083.13~A39.K_1R.png,train,/data5/chensx/MyProject/UAE/data/arrangement_merged/chr_01/179083.13~A39.K_1L.png,/data5/chensx/MyProject/UAE/data/arrangement_merged/chr_01/179083.13~A39.K_1R.png,0,1.0322533556631273,,0.0018790960311889,-0.42163827677471943,chromosome
0,0.0020196437835693,179083,179083.14~A14.K_1,1,,normal,179083.14~A14.K_1L.png,179083.14~A14.K_1R.png,train,/data5/chensx/MyProject/UAE/data/arrangement_merged/chr_01/179083.14~A14.K_1L.png,/data5/chensx/MyProject/UAE/data/arrangement_merged/chr_01/179083.14~A14.K_1R.png,0,1.243602922351968,,0.0020196437835693,0.4965835411368359,chromosome
0,0.0018104314804077,179083,179083.14~A18.K_1,1,,normal,179083.14~A18.K_1L.png,179083.14~A18.K_1R.png,train,/data5/chensx/MyProject/UAE/data/arrangement_merged/chr_01/179083.14~A18.K_1L.png,/data5/chensx/MyProject/UAE/data/arrangement_merged/chr_01/179083.14~A18.K_1R.png,0,0.9289986055250676,,0.0018104314804077,-0.8702351954486478,chromosome
0,0.0021563172340393,179083,179083.14~A2.K_1,1,,normal,179083.14~A2.K_1L.png,179083.14~A2.K_1R.png,train,/data5/chensx/MyProject/UAE/data/arrangement_merged/chr_01/179083.14~A2.K_1L.png,/data5/chensx/MyProject/UAE/data/arrangement_merged/chr_01/179083.14~A2.K_1R.png,0,1.449126483173644,,0.0021563172340393,1.3894939009634766,chromosome
0,0.0020020008087158,179083,179083.14~A27.K_1,1,,normal,179083.14~A27.K_1L.png,179083.14~A27.K_1R.png,train,/data5/chensx/MyProject/UAE/data/arrangement_merged/chr_01/179083.14~A27.K_1L.png,/data5/chensx/MyProject/UAE/data/arrangement_merged/chr_01/179083.14~A27.K_1R.png,0,1.2170721879414943,,0.0020020008087158,0.3813190550886916,chromosome
0,0.0018349885940551,179083,179083.14~A28.K_1,1,,normal,179083.14~A28.K_1L.png,179083.14~A28.K_1R.png,train,/data5/chensx/MyProject/UAE/data/arrangement_merged/chr_01/179083.14~A28.K_1L.png,/data5/chensx/MyProject/UAE/data/arrangement_merged/chr_01/179083.14~A28.K_1R.png,0,0.9659265196369432,,0.0018349885940551,-0.7097994918954058,chromosome
0,0.0020884275436401,179083,179083.14~A39.K_1,1,,normal,179083.14~A39.K_1L.png,179083.14~A39.K_1R.png,train,/data5/chensx/MyProject/UAE/data/arrangement_merged/chr_01/179083.14~A39.K_1L.png,/data5/chensx/MyProject/UAE/data/arrangement_merged/chr_01/179083.14~A39.K_1R.png,0,1.3470369342090174,,0.0020884275436401,0.9459592739060064,chromosome
0,0.0019258260726928,179083,179083.14~A44.K_1,1,,normal,179083.14~A44.K_1L.png,179083.14~A44.K_1R.png,train,/data5/chensx/MyProject/UAE/data/arrangement_merged/chr_01/179083.14~A44.K_1L.png,/data5/chensx/MyProject/UAE/data/arrangement_merged/chr_01/179083.14~A44.K_1R.png,0,1.1025239495070844,,0.0019258260726928,-0.11634315156589213,chromosome
0,0.0019081234931945,179083,179083.14~A7.K_1,1,,normal,179083.14~A7.K_1L.png,179083.14~A7.K_1R.png,train,/data5/chensx/MyProject/UAE/data/arrangement_merged/chr_01/179083.14~A7.K_1L.png,/data5/chensx/MyProject/UAE/data/arrangement_merged/chr_01/179083.14~A7.K_1R.png,0,1.075903584237116,,0.0019081234931945,-0.23199704466165674,chromosome
0,0.0019811391830444,179083,179083.1~A24.K_1,1,,normal,179083.1~A24.K_1L.png,179083.1~A24.K_1R.png,train,/data5/chensx/MyProject/UAE/data/arrangement_merged/chr_01/179083.1~A24.K_1L.png,/data5/chensx/MyProject/UAE/data/arrangement_merged/chr_01/179083.1~A24.K_1R.png,0,1.1857013871182993,,0.0019811391830444,0.2450265884775047,chromosome
0,0.0020580291748046,179083,179083.2~A1.K_1,1,,normal,179083.2~A1.K_1L.png,179083.2~A1.K_1R.png,train,/data5/chensx/MyProject/UAE/data/arrangement_merged/chr_01/179083.2~A1.K_1L.png,/data5/chensx/MyProject/UAE/data/arrangement_merged/chr_01/179083.2~A1.K_1R.png,0,1.3013251958666472,,0.0020580291748046,0.7473616797009263,chromosome
0,0.0021445751190185,179083,179083.2~A12.K_1,1,,normal,179083.2~A12.K_1L.png,179083.2~A12.K_1R.png,train,/data5/chensx/MyProject/UAE/data/arrangement_merged/chr_01/179083.2~A12.K_1L.png,/data5/chensx/MyProject/UAE/data/arrangement_merged/chr_01/179083.2~A12.K_1R.png,0,1.43146920385316,,0.0021445751190185,1.3127807126134845,chromosome
0,0.0020239353179931,179083,179083.2~A14.K_1,1,,normal,179083.2~A14.K_1L.png,179083.2~A14.K_1R.png,train,/data5/chensx/MyProject/UAE/data/arrangement_merged/chr_01/179083.2~A14.K_1L.png,/data5/chensx/MyProject/UAE/data/arrangement_merged/chr_01/179083.2~A14.K_1R.png,0,1.2500563442355968,,0.0020239353179931,0.5246208485537927,chromosome
0,0.0019159317016601,179083,179083.2~A18.K_1,1,,normal,179083.2~A18.K_1L.png,179083.2~A18.K_1R.png,train,/data5/chensx/MyProject/UAE/data/arrangement_merged/chr_01/179083.2~A18.K_1L.png,/data5/chensx/MyProject/UAE/data/arrangement_merged/chr_01/179083.2~A18.K_1R.png,0,1.0876452268309404,,0.0019159317016601,-0.18098472144420275,chromosome
0,0.0018492937088012,179083,179083.2~A20.K_1,1,,normal,179083.2~A20.K_1L.png,179083.2~A20.K_1R.png,train,/data5/chensx/MyProject/UAE/data/arrangement_merged/chr_01/179083.2~A20.K_1L.png,/data5/chensx/MyProject/UAE/data/arrangement_merged/chr_01/179083.2~A20.K_1R.png,0,0.9874379259157056,,0.0018492937088012,-0.6163418005048963,chromosome
0,0.0018885135650634,179083,179083.2~A26.K_1,1,,normal,179083.2~A26.K_1L.png,179083.2~A26.K_1R.png,train,/data5/chensx/MyProject/UAE/data/arrangement_merged/chr_01/179083.2~A26.K_1L.png,/data5/chensx/MyProject/UAE/data/arrangement_merged/chr_01/179083.2~A26.K_1R.png,0,1.0464150314633125,,0.0018885135650634,-0.3601119632760699,chromosome
0,0.0020176172256469,179083,179083.2~A3.K_1,1,,normal,179083.2~A3.K_1L.png,179083.2~A3.K_1R.png,train,/data5/chensx/MyProject/UAE/data/arrangement_merged/chr_01/179083.2~A3.K_1L.png,/data5/chensx/MyProject/UAE/data/arrangement_merged/chr_01/179083.2~A3.K_1R.png,0,1.2405554731291435,,0.0020176172256469,0.48334370152294515,chromosome
0,0.0021702647209167,179083,179083.2~A31.K_1,1,,normal,179083.2~A31.K_1L.png,179083.2~A31.K_1R.png,train,/data5/chensx/MyProject/UAE/data/arrangement_merged/chr_01/179083.2~A31.K_1L.png,/data5/chensx/MyProject/UAE/data/arrangement_merged/chr_01/179083.2~A31.K_1R.png,0,1.4701001042954376,,0.0021702647209167,1.4806151500689126,chromosome
0,0.0018807053565979,179083,179083.2~A35.K_1,1,,normal,179083.2~A35.K_1L.png,179083.2~A35.K_1R.png,train,/data5/chensx/MyProject/UAE/data/arrangement_merged/chr_01/179083.2~A35.K_1L.png,/data5/chensx/MyProject/UAE/data/arrangement_merged/chr_01/179083.2~A35.K_1R.png,0,1.034673388869488,,0.0018807053565979,-0.4111242864928708,chromosome
0,0.0020514130592346,179083,179083.2~A38.K_1,1,,normal,179083.2~A38.K_1L.png,179083.2~A38.K_1R.png,train,/data5/chensx/MyProject/UAE/data/arrangement_merged/chr_01/179083.2~A38.K_1L.png,/data5/chensx/MyProject/UAE/data/arrangement_merged/chr_01/179083.2~A38.K_1R.png,0,1.2913761704627196,,0.0020514130592346,0.7041374974332817,chromosome
0,0.0019233226776123,179083,179083.3~A1.K_1,1,,normal,179083.3~A1.K_1L.png,179083.3~A1.K_1R.png,train,/data5/chensx/MyProject/UAE/data/arrangement_merged/chr_01/179083.3~A1.K_1L.png,/data5/chensx/MyProject/UAE/data/arrangement_merged/chr_01/179083.3~A1.K_1R.png,0,1.0987594534083012,,0.0019233226776123,-0.13269824755879087,chromosome
0,0.0017371177673339,179083,179083.3~A24.K_1,1,,normal,179083.3~A24.K_1L.png,179083.3~A24.K_1R.png,train,/data5/chensx/MyProject/UAE/data/arrangement_merged/chr_01/179083.3~A24.K_1L.png,/data5/chensx/MyProject/UAE/data/arrangement_merged/chr_01/179083.3~A24.K_1R.png,0,0.8187526483464103,,0.0017371177673339,-1.3492058638252609,chromosome
0,0.0016814470291137,179083,179083.3~A27.K_1,1,,normal,179083.3~A27.K_1L.png,179083.3~A27.K_1R.png,train,/data5/chensx/MyProject/UAE/data/arrangement_merged/chr_01/179083.3~A27.K_1L.png,/data5/chensx/MyProject/UAE/data/arrangement_merged/chr_01/179083.3~A27.K_1R.png,0,0.7350374255782265,,0.0016814470291137,-1.7129120461530765,chromosome
0,0.0018289685249328,179083,179083.4~A34.K_1,1,,normal,179083.4~A34.K_1L.png,179083.4~A34.K_1R.png,train,/data5/chensx/MyProject/UAE/data/arrangement_merged/chr_01/179083.4~A34.K_1L.png,/data5/chensx/MyProject/UAE/data/arrangement_merged/chr_01/179083.4~A34.K_1R.png,0,0.956873802827964,,0.0018289685249328,-0.7491296036888018,chromosome
0,0.0020577311515808,180371,180371.11~A18.K_1,1,,normal,180371.11~A18.K_1L.png,180371.11~A18.K_1R.png,train,/data5/chensx/MyProject/UAE/data/arrangement_merged/chr_01/180371.11~A18.K_1L.png,/data5/chensx/MyProject/UAE/data/arrangement_merged/chr_01/180371.11~A18.K_1R.png,0,1.164726000689703,,0.0020577311515808,0.7454146444641292,chromosome
0,0.0021327137947082,180371,180371.11~A42.K_1,1,,normal,180371.11~A42.K_1L.png,180371.11~A42.K_1R.png,train,/data5/chensx/MyProject/UAE/data/arrangement_merged/chr_01/180371.11~A42.K_1L.png,/data5/chensx/MyProject/UAE/data/arrangement_merged/chr_01/180371.11~A42.K_1R.png,0,1.2722875020971405,,0.0021327137947082,1.2352887101689036,chromosome
0,0.0020992755889892,180371,180371.11~A50.K_1,1,,normal,180371.11~A50.K_1L.png,180371.11~A50.K_1R.png,train,/data5/chensx/MyProject/UAE/data/arrangement_merged/chr_01/180371.11~A50.K_1L.png,/data5/chensx/MyProject/UAE/data/arrangement_merged/chr_01/180371.11~A50.K_1R.png,0,1.2243208866046345,,0.0020992755889892,1.0168313565436433,chromosome
0,0.0018657445907592,180371,180371.13~A44.K_1,1,,normal,180371.13~A44.K_1L.png,180371.13~A44.K_1R.png,train,/data5/chensx/MyProject/UAE/data/arrangement_merged/chr_01/180371.13~A44.K_1L.png,/data5/chensx/MyProject/UAE/data/arrangement_merged/chr_01/180371.13~A44.K_1R.png,0,0.8893240960526949,,0.0018657445907592,-0.5088654554059069,chromosome
0,0.0020205974578857,180371,180371.14~A1.K_1,1,,normal,180371.14~A1.K_1L.png,180371.14~A1.K_1R.png,train,/data5/chensx/MyProject/UAE/data/arrangement_merged/chr_01/180371.14~A1.K_1L.png,/data5/chensx/MyProject/UAE/data/arrangement_merged/chr_01/180371.14~A1.K_1R.png,0,1.1114582619163853,,0.0020205974578857,0.5028140538961609,chromosome
0,0.001703917980194,180371,180371.1~A15.K_1,1,,normal,180371.1~A15.K_1L.png,180371.1~A15.K_1R.png,train,/data5/chensx/MyProject/UAE/data/arrangement_merged/chr_01/180371.1~A15.K_1L.png,/data5/chensx/MyProject/UAE/data/arrangement_merged/chr_01/180371.1~A15.K_1R.png,0,0.6571861975461825,,0.001703917980194,-1.5661055892606912,chromosome
0,0.0020253062248229,180371,180371.1~A25.K_1,1,,normal,180371.1~A25.K_1L.png,180371.1~A25.K_1R.png,train,/data5/chensx/MyProject/UAE/data/arrangement_merged/chr_01/180371.1~A25.K_1L.png,/data5/chensx/MyProject/UAE/data/arrangement_merged/chr_01/180371.1~A25.K_1R.png,0,1.1182129190000003,,0.0020253062248229,0.5335772106451584,chromosome
0,0.0019303560256958,180371,180371.1~A33.K_1,1,,normal,180371.1~A33.K_1L.png,180371.1~A33.K_1R.png,train,/data5/chensx/MyProject/UAE/data/arrangement_merged/chr_01/180371.1~A33.K_1L.png,/data5/chensx/MyProject/UAE/data/arrangement_merged/chr_01/180371.1~A33.K_1R.png,0,0.9820082514784996,,0.0019303560256958,-0.08674821595845099,chromosome
0,0.0019826889038085,180371,180371.1~A35.K_1,1,,normal,180371.1~A35.K_1L.png,180371.1~A35.K_1R.png,train,/data5/chensx/MyProject/UAE/data/arrangement_merged/chr_01/180371.1~A35.K_1L.png,/data5/chensx/MyProject/UAE/data/arrangement_merged/chr_01/180371.1~A35.K_1R.png,0,1.0570789972938652,,0.0019826889038085,0.25515117171107843,chromosome
0,0.0020758509635925,180371,180371.2~A15.K_1,1,,normal,180371.2~A15.K_1L.png,180371.2~A15.K_1R.png,train,/data5/chensx/MyProject/UAE/data/arrangement_merged/chr_01/180371.2~A15.K_1L.png,/data5/chensx/MyProject/UAE/data/arrangement_merged/chr_01/180371.2~A15.K_1R.png,0,1.1907186051633605,,0.0020758509635925,0.8637943868919331,chromosome
0,0.001986026763916,180371,180371.2~A16.K_1,1,,normal,180371.2~A16.K_1L.png,180371.2~A16.K_1R.png,train,/data5/chensx/MyProject/UAE/data/arrangement_merged/chr_01/180371.2~A16.K_1L.png,/data5/chensx/MyProject/UAE/data/arrangement_merged/chr_01/180371.2~A16.K_1R.png,0,1.061867108644276,,0.001986026763916,0.27695796636936476,chromosome
0,0.0021829605102539,180371,180371.2~A21.K_1,1,,normal,180371.2~A21.K_1L.png,180371.2~A21.K_1R.png,train,/data5/chensx/MyProject/UAE/data/arrangement_merged/chr_01/180371.2~A21.K_1L.png,/data5/chensx/MyProject/UAE/data/arrangement_merged/chr_01/180371.2~A21.K_1R.png,0,1.3443656783184996,,0.0021829605102539,1.5635588511782295,chromosome
0,0.0019198656082153,180371,180371.2~A41.K_1,1,,normal,180371.2~A41.K_1L.png,180371.2~A41.K_1R.png,train,/data5/chensx/MyProject/UAE/data/arrangement_merged/chr_01/180371.2~A41.K_1L.png,/data5/chensx/MyProject/UAE/data/arrangement_merged/chr_01/180371.2~A41.K_1R.png,0,0.9669599015200664,,0.0019198656082153,-0.15528385631166627,chromosome
0,0.0020117759704589,180371,180371.2~A49.K_1,1,,normal,180371.2~A49.K_1L.png,180371.2~A49.K_1R.png,train,/data5/chensx/MyProject/UAE/data/arrangement_merged/chr_01/180371.2~A49.K_1L.png,/data5/chensx/MyProject/UAE/data/arrangement_merged/chr_01/180371.2~A49.K_1R.png,0,1.0988039676331574,,0.0020117759704589,0.4451818108717601,chromosome
0,0.0020070075988769,180371,180371.3~A2.K_1,1,,normal,180371.3~A2.K_1L.png,180371.3~A2.K_1R.png,train,/data5/chensx/MyProject/UAE/data/arrangement_merged/chr_01/180371.3~A2.K_1L.png,/data5/chensx/MyProject/UAE/data/arrangement_merged/chr_01/180371.3~A2.K_1R.png,0,1.0919638085611425,,0.0020070075988769,0.4140292470751436,chromosome
0,0.0019240975379943,180371,180371.3~A25.K_1,1,,normal,180371.3~A25.K_1L.png,180371.3~A25.K_1R.png,train,/data5/chensx/MyProject/UAE/data/arrangement_merged/chr_01/180371.3~A25.K_1L.png,/data5/chensx/MyProject/UAE/data/arrangement_merged/chr_01/180371.3~A25.K_1R.png,0,0.9730305426964796,,0.0019240975379943,-0.12763595594232982,chromosome
0,0.0020292997360229,180371,180371.3~A45.K_1,1,,normal,180371.3~A45.K_1L.png,180371.3~A45.K_1R.png,train,/data5/chensx/MyProject/UAE/data/arrangement_merged/chr_01/180371.3~A45.K_1L.png,/data5/chensx/MyProject/UAE/data/arrangement_merged/chr_01/180371.3~A45.K_1R.png,0,1.123941552222813,,0.0020292997360229,0.5596674828253181,chromosome
0,0.0020087957382202,180371,180371.3~A9.K_1,1,,normal,180371.3~A9.K_1L.png,180371.3~A9.K_1R.png,train,/data5/chensx/MyProject/UAE/data/arrangement_merged/chr_01/180371.3~A9.K_1L.png,/data5/chensx/MyProject/UAE/data/arrangement_merged/chr_01/180371.3~A9.K_1R.png,0,1.094528868213148,,0.0020087957382202,0.42571145849920167,chromosome
0,0.0016043186187744,180371,180371.4~A19.K_1,1,,normal,180371.4~A19.K_1L.png,180371.4~A19.K_1R.png,train,/data5/chensx/MyProject/UAE/data/arrangement_merged/chr_01/180371.4~A19.K_1L.png,/data5/chensx/MyProject/UAE/data/arrangement_merged/chr_01/180371.4~A19.K_1R.png,0,0.514312374929467,,0.0016043186187744,-2.216804765566331,chromosome
0,0.0019193887710571,180371,180371.4~A20.K_1,1,,normal,180371.4~A20.K_1L.png,180371.4~A20.K_1R.png,train,/data5/chensx/MyProject/UAE/data/arrangement_merged/chr_01/180371.4~A20.K_1L.png,/data5/chensx/MyProject/UAE/data/arrangement_merged/chr_01/180371.4~A20.K_1R.png,0,0.9662758856128648,,0.0019193887710571,-0.15839911269132734,chromosome
0,0.0020416975021362,180371,180371.4~A23.K_1,1,,normal,180371.4~A23.K_1L.png,180371.4~A23.K_1R.png,train,/data5/chensx/MyProject/UAE/data/arrangement_merged/chr_01/180371.4~A23.K_1L.png,/data5/chensx/MyProject/UAE/data/arrangement_merged/chr_01/180371.4~A23.K_1R.png,0,1.1417259658100525,,0.0020416975021362,0.6406641486971805,chromosome
0,0.0020022392272949,180371,180371.4~A27.K_1,1,,normal,180371.4~A27.K_1L.png,180371.4~A27.K_1R.png,train,/data5/chensx/MyProject/UAE/data/arrangement_merged/chr_01/180371.4~A27.K_1L.png,/data5/chensx/MyProject/UAE/data/arrangement_merged/chr_01/180371.4~A27.K_1R.png,0,1.0851236494891272,,0.0020022392272949,0.3828766832785243,chromosome
0,0.0020868778228759,180371,180371.4~A35.K_1,1,,normal,180371.4~A35.K_1L.png,180371.4~A35.K_1R.png,train,/data5/chensx/MyProject/UAE/data/arrangement_merged/chr_01/180371.4~A35.K_1L.png,/data5/chensx/MyProject/UAE/data/arrangement_merged/chr_01/180371.4~A35.K_1R.png,0,1.2065364730173953,,0.0020868778228759,0.9358346906717782,chromosome
0,0.0017255544662475,180371,180371.4~A39.K_1,1,,normal,180371.4~A39.K_1L.png,180371.4~A39.K_1R.png,train,/data5/chensx/MyProject/UAE/data/arrangement_merged/chr_01/180371.4~A39.K_1L.png,/data5/chensx/MyProject/UAE/data/arrangement_merged/chr_01/180371.4~A39.K_1R.png,0,0.688223419335451,,0.0017255544662475,-1.4247508310323886,chromosome
0,0.0018193125724792,180371,180371.4~A44.K_1,1,,normal,180371.4~A44.K_1L.png,180371.4~A44.K_1R.png,train,/data5/chensx/MyProject/UAE/data/arrangement_merged/chr_01/180371.4~A44.K_1L.png,/data5/chensx/MyProject/UAE/data/arrangement_merged/chr_01/180371.4~A44.K_1R.png,0,0.8227180470889479,,0.0018193125724792,-0.8122135453772825,chromosome
0,0.0021218657493591,182418,182418.13~A1.K_1,1,,normal,182418.13~A1.K_1L.png,182418.13~A1.K_1R.png,train,/data5/chensx/MyProject/UAE/data/arrangement_merged/chr_01/182418.13~A1.K_1L.png,/data5/chensx/MyProject/UAE/data/arrangement_merged/chr_01/182418.13~A1.K_1R.png,0,1.0802132842584122,,0.0021218657493591,1.1644166275312695,chromosome
0,0.0017374157905578,182418,182418.13~A27.K_1,1,,normal,182418.13~A27.K_1L.png,182418.13~A27.K_1R.png,train,/data5/chensx/MyProject/UAE/data/arrangement_merged/chr_01/182418.13~A27.K_1L.png,/data5/chensx/MyProject/UAE/data/arrangement_merged/chr_01/182418.13~A27.K_1R.png,0,0.5587009103922717,,0.0017374157905578,-1.347258828587809,chromosome
0,0.0018787384033203,182418,182418.13~A6.K_1,1,,normal,182418.13~A6.K_1L.png,182418.13~A6.K_1R.png,train,/data5/chensx/MyProject/UAE/data/arrangement_merged/chr_01/182418.13~A6.K_1L.png,/data5/chensx/MyProject/UAE/data/arrangement_merged/chr_01/182418.13~A6.K_1R.png,0,0.7504072419328328,,0.0018787384033203,-0.42397471905913975,chromosome
0,0.001956820487976,182418,182418.14~A44.K_1,1,,normal,182418.14~A44.K_1L.png,182418.14~A44.K_1R.png,train,/data5/chensx/MyProject/UAE/data/arrangement_merged/chr_01/182418.14~A44.K_1L.png,/data5/chensx/MyProject/UAE/data/arrangement_merged/chr_01/182418.14~A44.K_1R.png,0,0.856326809338204,,0.001956820487976,0.08614851311343952,chromosome
0,0.0020970106124877,182418,182418.1~A24.K_1,1,,normal,182418.1~A24.K_1L.png,182418.1~A24.K_1R.png,train,/data5/chensx/MyProject/UAE/data/arrangement_merged/chr_01/182418.1~A24.K_1L.png,/data5/chensx/MyProject/UAE/data/arrangement_merged/chr_01/182418.1~A24.K_1R.png,0,1.0464969028782294,,0.0020970106124877,1.0020338887399227,chromosome
0,0.0020825266838073,182418,182418.2~A16.K_1,1,,normal,182418.2~A16.K_1L.png,182418.2~A16.K_1R.png,train,/data5/chensx/MyProject/UAE/data/arrangement_merged/chr_01/182418.2~A16.K_1L.png,/data5/chensx/MyProject/UAE/data/arrangement_merged/chr_01/182418.2~A16.K_1R.png,0,1.026849227397691,,0.0020825266838073,0.9074079762072024,chromosome
0,0.0022416114807128,182418,182418.2~A2.K_1,1,,normal,182418.2~A2.K_1L.png,182418.2~A2.K_1R.png,train,/data5/chensx/MyProject/UAE/data/arrangement_merged/chr_01/182418.2~A2.K_1L.png,/data5/chensx/MyProject/UAE/data/arrangement_merged/chr_01/182418.2~A2.K_1R.png,0,1.242650239157184,,0.0022416114807128,1.9467353858786036,chromosome
0,0.0021442770957946,182418,182418.2~A3.K_1,1,,normal,182418.2~A3.K_1L.png,182418.2~A3.K_1R.png,train,/data5/chensx/MyProject/UAE/data/arrangement_merged/chr_01/182418.2~A3.K_1L.png,/data5/chensx/MyProject/UAE/data/arrangement_merged/chr_01/182418.2~A3.K_1R.png,0,1.110614625742702,,0.0021442770957946,1.310833677376033,chromosome
0,0.0022372007369995,182418,182418.2~A33.K_1,1,,normal,182418.2~A33.K_1L.png,182418.2~A33.K_1R.png,train,/data5/chensx/MyProject/UAE/data/arrangement_merged/chr_01/182418.2~A33.K_1L.png,/data5/chensx/MyProject/UAE/data/arrangement_merged/chr_01/182418.2~A33.K_1R.png,0,1.2366669964182546,,0.0022372007369995,1.9179192643670577,chromosome
0,0.0021068453788757,182418,182418.2~A38.K_1,1,,normal,182418.2~A38.K_1L.png,182418.2~A38.K_1R.png,train,/data5/chensx/MyProject/UAE/data/arrangement_merged/chr_01/182418.2~A38.K_1L.png,/data5/chensx/MyProject/UAE/data/arrangement_merged/chr_01/182418.2~A38.K_1R.png,0,1.0598379170934096,,0.0021068453788757,1.0662860515712647,chromosome
0,0.0020988583564758,182418,182418.3~A15.K_1,1,,normal,182418.3~A15.K_1L.png,182418.3~A15.K_1R.png,train,/data5/chensx/MyProject/UAE/data/arrangement_merged/chr_01/182418.3~A15.K_1L.png,/data5/chensx/MyProject/UAE/data/arrangement_merged/chr_01/182418.3~A15.K_1R.png,0,1.049003396458051,,0.0020988583564758,1.0141055072116028,chromosome
0,0.0017033815383911,182418,182418.3~A25.K_1,1,,normal,182418.3~A25.K_1L.png,182418.3~A25.K_1R.png,train,/data5/chensx/MyProject/UAE/data/arrangement_merged/chr_01/182418.3~A25.K_1L.png,/data5/chensx/MyProject/UAE/data/arrangement_merged/chr_01/182418.3~A25.K_1R.png,0,0.5125329157445869,,0.0017033815383911,-1.569610252687321,chromosome
0,0.0020688772201538,182418,182418.3~A49.K_1,1,,normal,182418.3~A49.K_1L.png,182418.3~A49.K_1R.png,train,/data5/chensx/MyProject/UAE/data/arrangement_merged/chr_01/182418.3~A49.K_1L.png,/data5/chensx/MyProject/UAE/data/arrangement_merged/chr_01/182418.3~A49.K_1R.png,0,1.0083335167596528,,0.0020688772201538,0.818233762339215,chromosome
0,0.0019147396087646,182418,182418.4~A15.K_1,1,,normal,182418.4~A15.K_1L.png,182418.4~A15.K_1R.png,train,/data5/chensx/MyProject/UAE/data/arrangement_merged/chr_01/182418.4~A15.K_1L.png,/data5/chensx/MyProject/UAE/data/arrangement_merged/chr_01/182418.4~A15.K_1R.png,0,0.7992434394235536,,0.0019147396087646,-0.18877286239335755,chromosome
0,0.0018319487571716,182418,182418.4~A6.K_1,1,,normal,182418.4~A6.K_1L.png,182418.4~A6.K_1R.png,train,/data5/chensx/MyProject/UAE/data/arrangement_merged/chr_01/182418.4~A6.K_1L.png,/data5/chensx/MyProject/UAE/data/arrangement_merged/chr_01/182418.4~A6.K_1R.png,0,0.6869363561212173,,0.0018319487571716,-0.7296592513155874,chromosome
0,0.0019811987876892,182418,182418.5~A16.K_1,1,,normal,182418.5~A16.K_1L.png,182418.5~A16.K_1R.png,train,/data5/chensx/MyProject/UAE/data/arrangement_merged/chr_01/182418.5~A16.K_1L.png,/data5/chensx/MyProject/UAE/data/arrangement_merged/chr_01/182418.5~A16.K_1R.png,0,0.8893963536655298,,0.0019811987876892,0.24541599552512366,chromosome
0,0.0017425417900085,182418,182418.5~A17.K_1,1,,normal,182418.5~A17.K_1L.png,182418.5~A17.K_1R.png,train,/data5/chensx/MyProject/UAE/data/arrangement_merged/chr_01/182418.5~A17.K_1L.png,/data5/chensx/MyProject/UAE/data/arrangement_merged/chr_01/182418.5~A17.K_1R.png,0,0.5656544087104869,,0.0017425417900085,-1.3137698225061165,chromosome
0,0.0020274519920349,182418,182418.5~A3.K_1,1,,normal,182418.5~A3.K_1L.png,182418.5~A3.K_1R.png,train,/data5/chensx/MyProject/UAE/data/arrangement_merged/chr_01/182418.5~A3.K_1L.png,/data5/chensx/MyProject/UAE/data/arrangement_merged/chr_01/182418.5~A3.K_1R.png,0,0.9521395477926812,,0.0020274519920349,0.5475958643542899,chromosome
0,0.0020993947982788,182418,182418.5~A30.K_1,1,,normal,182418.5~A30.K_1L.png,182418.5~A30.K_1R.png,train,/data5/chensx/MyProject/UAE/data/arrangement_merged/chr_01/182418.5~A30.K_1L.png,/data5/chensx/MyProject/UAE/data/arrangement_merged/chr_01/182418.5~A30.K_1R.png,0,1.0497310881425157,,0.0020993947982788,1.017610170638884,chromosome
0,0.0021183490753173,182418,182418.5~A5.K_1,1,,normal,182418.5~A5.K_1L.png,182418.5~A5.K_1R.png,train,/data5/chensx/MyProject/UAE/data/arrangement_merged/chr_01/182418.5~A5.K_1L.png,/data5/chensx/MyProject/UAE/data/arrangement_merged/chr_01/182418.5~A5.K_1R.png,0,1.0754428609935902,,0.0021183490753173,1.1414416117307722,chromosome
0,0.001857578754425,183038,183038.11~A13.K_1,1,,normal,183038.11~A13.K_1L.png,183038.11~A13.K_1R.png,train,/data5/chensx/MyProject/UAE/data/arrangement_merged/chr_01/183038.11~A13.K_1L.png,/data5/chensx/MyProject/UAE/data/arrangement_merged/chr_01/183038.11~A13.K_1R.png,0,0.6828803238697991,,0.001857578754425,-0.5622142209077797,chromosome
0,0.0019689202308654,183038,183038.11~A39.K_1,1,,normal,183038.11~A39.K_1L.png,183038.11~A39.K_1R.png,train,/data5/chensx/MyProject/UAE/data/arrangement_merged/chr_01/183038.11~A39.K_1L.png,/data5/chensx/MyProject/UAE/data/arrangement_merged/chr_01/183038.11~A39.K_1R.png,0,0.8265029218678053,,0.0019689202308654,0.1651981437478503,chromosome
0,0.0019599199295043,183038,183038.12~A11.K_1,1,,normal,183038.12~A11.K_1L.png,183038.12~A11.K_1R.png,train,/data5/chensx/MyProject/UAE/data/arrangement_merged/chr_01/183038.12~A11.K_1L.png,/data5/chensx/MyProject/UAE/data/arrangement_merged/chr_01/183038.12~A11.K_1R.png,0,0.8148931722437694,,0.0019599199295043,0.1063976795812415,chromosome
0,0.0020189881324768,183038,183038.12~A45.K_1,1,,normal,183038.12~A45.K_1L.png,183038.12~A45.K_1R.png,train,/data5/chensx/MyProject/UAE/data/arrangement_merged/chr_01/183038.12~A45.K_1L.png,/data5/chensx/MyProject/UAE/data/arrangement_merged/chr_01/183038.12~A45.K_1R.png,0,0.8910869595114483,,0.0020189881324768,0.4923000636149653,chromosome
0,0.0018233060836791,183038,183038.13~A11.K_1,1,,normal,183038.13~A11.K_1L.png,183038.13~A11.K_1R.png,train,/data5/chensx/MyProject/UAE/data/arrangement_merged/chr_01/183038.13~A11.K_1L.png,/data5/chensx/MyProject/UAE/data/arrangement_merged/chr_01/183038.13~A11.K_1R.png,0,0.6386710123875435,,0.0018233060836791,-0.7861232731977773,chromosome
0,0.0018959045410156,183038,183038.13~A29.K_1,1,,normal,183038.13~A29.K_1L.png,183038.13~A29.K_1R.png,train,/data5/chensx/MyProject/UAE/data/arrangement_merged/chr_01/183038.13~A29.K_1L.png,/data5/chensx/MyProject/UAE/data/arrangement_merged/chr_01/183038.13~A29.K_1R.png,0,0.7323178669708259,,0.0018959045410156,-0.31182548939065663,chromosome
0,0.0018224120140075,183038,183038.13~A39.K_1,1,,normal,183038.13~A39.K_1L.png,183038.13~A39.K_1R.png,train,/data5/chensx/MyProject/UAE/data/arrangement_merged/chr_01/183038.13~A39.K_1L.png,/data5/chensx/MyProject/UAE/data/arrangement_merged/chr_01/183038.13~A39.K_1R.png,0,0.6375177260010498,,0.0018224120140075,-0.7919643789094791,chromosome
0,0.0019782781600952,183038,183038.13~A47.K_1,1,,normal,183038.13~A47.K_1L.png,183038.13~A47.K_1R.png,train,/data5/chensx/MyProject/UAE/data/arrangement_merged/chr_01/183038.13~A47.K_1L.png,/data5/chensx/MyProject/UAE/data/arrangement_merged/chr_01/183038.13~A47.K_1R.png,0,0.8385739860464385,,0.0019782781600952,0.22633505019953254,chromosome
0,0.0020796656608581,183038,183038.14~A2.K_1,1,,normal,183038.14~A2.K_1L.png,183038.14~A2.K_1R.png,train,/data5/chensx/MyProject/UAE/data/arrangement_merged/chr_01/183038.14~A2.K_1L.png,/data5/chensx/MyProject/UAE/data/arrangement_merged/chr_01/183038.14~A2.K_1R.png,0,0.9693566622748157,,0.0020796656608581,0.8887164379292302,chromosome
0,0.0018849968910217,183038,183038.14~A3.K_1,1,,normal,183038.14~A3.K_1L.png,183038.14~A3.K_1R.png,train,/data5/chensx/MyProject/UAE/data/arrangement_merged/chr_01/183038.14~A3.K_1L.png,/data5/chensx/MyProject/UAE/data/arrangement_merged/chr_01/183038.14~A3.K_1R.png,0,0.7182477730556036,,0.0018849968910217,-0.383086979075914,chromosome
0,0.0020117759704589,183038,183038.14~A30.K_1,1,,normal,183038.14~A30.K_1L.png,183038.14~A30.K_1R.png,train,/data5/chensx/MyProject/UAE/data/arrangement_merged/chr_01/183038.14~A30.K_1L.png,/data5/chensx/MyProject/UAE/data/arrangement_merged/chr_01/183038.14~A30.K_1R.png,0,0.8817837826603997,,0.0020117759704589,0.4451818108717601,chromosome
0,0.0020420551300048,183038,183038.14~A34.K_1,1,,normal,183038.14~A34.K_1L.png,183038.14~A34.K_1R.png,train,/data5/chensx/MyProject/UAE/data/arrangement_merged/chr_01/183038.14~A34.K_1L.png,/data5/chensx/MyProject/UAE/data/arrangement_merged/chr_01/183038.14~A34.K_1R.png,0,0.9208417482829838,,0.0020420551300048,0.6430005909815995,chromosome
0,0.0021671652793884,183038,183038.14~A48.K_1,1,,normal,183038.14~A48.K_1L.png,183038.14~A48.K_1R.png,train,/data5/chensx/MyProject/UAE/data/arrangement_merged/chr_01/183038.14~A48.K_1L.png,/data5/chensx/MyProject/UAE/data/arrangement_merged/chr_01/183038.14~A48.K_1R.png,0,1.0822249566329918,,0.0021671652793884,1.4603659836011107,chromosome
0,0.0020696520805358,183038,183038.14~A9.K_1,1,,normal,183038.14~A9.K_1L.png,183038.14~A9.K_1R.png,train,/data5/chensx/MyProject/UAE/data/arrangement_merged/chr_01/183038.14~A9.K_1L.png,/data5/chensx/MyProject/UAE/data/arrangement_merged/chr_01/183038.14~A9.K_1R.png,0,0.9564398547460872,,0.0020696520805358,0.8232960539556774,chromosome
0,0.0019736289978027,183038,183038.1~A28.K_1,1,,normal,183038.1~A28.K_1L.png,183038.1~A28.K_1R.png,train,/data5/chensx/MyProject/UAE/data/arrangement_merged/chr_01/183038.1~A28.K_1L.png,/data5/chensx/MyProject/UAE/data/arrangement_merged/chr_01/183038.1~A28.K_1R.png,0,0.8325768968366717,,0.0019736289978027,0.19596130049750232,chromosome
0,0.0018212795257568,183038,183038.2~A12.K_1,1,,normal,183038.2~A12.K_1L.png,183038.2~A12.K_1R.png,train,/data5/chensx/MyProject/UAE/data/arrangement_merged/chr_01/183038.2~A12.K_1L.png,/data5/chensx/MyProject/UAE/data/arrangement_merged/chr_01/183038.2~A12.K_1R.png,0,0.636056896578158,,0.0018212795257568,-0.7993631128110136,chromosome
0,0.0019412040710449,183038,183038.2~A13.K_1,1,,normal,183038.2~A13.K_1L.png,183038.2~A13.K_1R.png,train,/data5/chensx/MyProject/UAE/data/arrangement_merged/chr_01/183038.2~A13.K_1L.png,/data5/chensx/MyProject/UAE/data/arrangement_merged/chr_01/183038.2~A13.K_1R.png,0,0.7907510438865029,,0.0019412040710449,-0.015876133320815396,chromosome
0,0.0018086433410644,183038,183038.2~A15.K_1,1,,normal,183038.2~A15.K_1L.png,183038.2~A15.K_1R.png,train,/data5/chensx/MyProject/UAE/data/arrangement_merged/chr_01/183038.2~A15.K_1L.png,/data5/chensx/MyProject/UAE/data/arrangement_merged/chr_01/183038.2~A15.K_1R.png,0,0.619757115649048,,0.0018086433410644,-0.8819174068727073,chromosome
0,0.0023040771484375,183038,183038.2~A21.K_1,1,,normal,183038.2~A21.K_1L.png,183038.2~A21.K_1R.png,train,/data5/chensx/MyProject/UAE/data/arrangement_merged/chr_01/183038.2~A21.K_1L.png,/data5/chensx/MyProject/UAE/data/arrangement_merged/chr_01/183038.2~A21.K_1R.png,0,1.2588315452847156,,0.0023040771484375,2.3548339716175812,chromosome
0,0.00176203250885,183038,183038.2~A43.K_1,1,,normal,183038.2~A43.K_1L.png,183038.2~A43.K_1R.png,train,/data5/chensx/MyProject/UAE/data/arrangement_merged/chr_01/183038.2~A43.K_1L.png,/data5/chensx/MyProject/UAE/data/arrangement_merged/chr_01/183038.2~A43.K_1R.png,0,0.5596324520331803,,0.00176203250885,-1.1864337179869455,chromosome
0,0.0019165277481079,183038,183038.2~A46.K_1,1,,normal,183038.2~A46.K_1L.png,183038.2~A46.K_1R.png,train,/data5/chensx/MyProject/UAE/data/arrangement_merged/chr_01/183038.2~A46.K_1L.png,/data5/chensx/MyProject/UAE/data/arrangement_merged/chr_01/183038.2~A46.K_1R.png,0,0.7589203396192788,,0.0019165277481079,-0.1770906509692995,chromosome
0,0.0018888711929321,183038,183038.2~A47.K_1,1,,normal,183038.2~A47.K_1L.png,183038.2~A47.K_1R.png,train,/data5/chensx/MyProject/UAE/data/arrangement_merged/chr_01/183038.2~A47.K_1L.png,/data5/chensx/MyProject/UAE/data/arrangement_merged/chr_01/183038.2~A47.K_1R.png,0,0.723245347397076,,0.0018888711929321,-0.35777552099099647,chromosome
0,0.0018953680992126,183038,183038.3~A12.K_1,1,,normal,183038.3~A12.K_1L.png,183038.3~A12.K_1R.png,train,/data5/chensx/MyProject/UAE/data/arrangement_merged/chr_01/183038.3~A12.K_1L.png,/data5/chensx/MyProject/UAE/data/arrangement_merged/chr_01/183038.3~A12.K_1R.png,0,0.7316258951389297,,0.0018953680992126,-0.31533015281793947,chromosome
0,0.0019155740737915,183038,183038.3~A19.K_1,1,,normal,183038.3~A19.K_1L.png,183038.3~A19.K_1R.png,train,/data5/chensx/MyProject/UAE/data/arrangement_merged/chr_01/183038.3~A19.K_1L.png,/data5/chensx/MyProject/UAE/data/arrangement_merged/chr_01/183038.3~A19.K_1R.png,0,0.7576901674736857,,0.0019155740737915,-0.18332116372862306,chromosome
0,0.0021154284477233,183038,183038.3~A30.K_1,1,,normal,183038.3~A30.K_1L.png,183038.3~A30.K_1R.png,train,/data5/chensx/MyProject/UAE/data/arrangement_merged/chr_01/183038.3~A30.K_1L.png,/data5/chensx/MyProject/UAE/data/arrangement_merged/chr_01/183038.3~A30.K_1R.png,0,1.0154881177345607,,0.0021154284477233,1.122360666405181,chromosome
0,0.0020571947097778,183038,183038.3~A36.K_1,1,,normal,183038.3~A36.K_1L.png,183038.3~A36.K_1R.png,train,/data5/chensx/MyProject/UAE/data/arrangement_merged/chr_01/183038.3~A36.K_1L.png,/data5/chensx/MyProject/UAE/data/arrangement_merged/chr_01/183038.3~A36.K_1R.png,0,0.940370731094276,,0.0020571947097778,0.7419099810368449,chromosome
0,0.0018431544303894,183038,183038.4~A15.K_1,1,,normal,183038.4~A15.K_1L.png,183038.4~A15.K_1R.png,train,/data5/chensx/MyProject/UAE/data/arrangement_merged/chr_01/183038.4~A15.K_1L.png,/data5/chensx/MyProject/UAE/data/arrangement_merged/chr_01/183038.4~A15.K_1R.png,0,0.664273970167702,,0.0018431544303894,-0.6564507263928798,chromosome
0,0.0019652843475341,183038,183038.4~A24.K_1,1,,normal,183038.4~A24.K_1L.png,183038.4~A24.K_1R.png,train,/data5/chensx/MyProject/UAE/data/arrangement_merged/chr_01/183038.4~A24.K_1L.png,/data5/chensx/MyProject/UAE/data/arrangement_merged/chr_01/183038.4~A24.K_1R.png,0,0.8218128905627312,,0.0019652843475341,0.14144431385276404,chromosome
0,0.0020335912704467,183038,183038.4~A36.K_1,1,,normal,183038.4~A36.K_1L.png,183038.4~A36.K_1R.png,train,/data5/chensx/MyProject/UAE/data/arrangement_merged/chr_01/183038.4~A36.K_1L.png,/data5/chensx/MyProject/UAE/data/arrangement_merged/chr_01/183038.4~A36.K_1R.png,0,0.9099239704908442,,0.0020335912704467,0.5877047902422748,chromosome
0,0.0020744800567626,183038,183038.4~A39.K_1,1,,normal,183038.4~A39.K_1L.png,183038.4~A39.K_1R.png,train,/data5/chensx/MyProject/UAE/data/arrangement_merged/chr_01/183038.4~A39.K_1L.png,/data5/chensx/MyProject/UAE/data/arrangement_merged/chr_01/183038.4~A39.K_1R.png,0,0.9626676012331526,,0.0020744800567626,0.8548380247999157,chromosome
0,0.0019655227661132,183079,183079.11~A27.K_1,1,,normal,183079.11~A27.K_1L.png,183079.11~A27.K_1R.png,train,/data5/chensx/MyProject/UAE/data/arrangement_merged/chr_01/183079.11~A27.K_1L.png,/data5/chensx/MyProject/UAE/data/arrangement_merged/chr_01/183079.11~A27.K_1R.png,0,0.9173022263950568,,0.0019655227661132,0.1430019420425967,chromosome
0,0.0021726489067077,183079,183079.12~A27.K_1,1,,normal,183079.12~A27.K_1L.png,183079.12~A27.K_1R.png,train,/data5/chensx/MyProject/UAE/data/arrangement_merged/chr_01/183079.12~A27.K_1L.png,/data5/chensx/MyProject/UAE/data/arrangement_merged/chr_01/183079.12~A27.K_1R.png,0,1.1973888692815848,,0.0021726489067077,1.4961914319672223,chromosome
0,0.0019793510437011,183079,183079.12~A37.K_1,1,,normal,183079.12~A37.K_1L.png,183079.12~A37.K_1R.png,train,/data5/chensx/MyProject/UAE/data/arrangement_merged/chr_01/183079.12~A37.K_1L.png,/data5/chensx/MyProject/UAE/data/arrangement_merged/chr_01/183079.12~A37.K_1R.png,0,0.9360015360784164,,0.0019793510437011,0.2333443770534438,chromosome
0,0.0020784139633178,183079,183079.12~A44.K_1,1,,normal,183079.12~A44.K_1L.png,183079.12~A44.K_1R.png,train,/data5/chensx/MyProject/UAE/data/arrangement_merged/chr_01/183079.12~A44.K_1L.png,/data5/chensx/MyProject/UAE/data/arrangement_merged/chr_01/183079.12~A44.K_1R.png,0,1.0699595218273112,,0.0020784139633178,0.8805388899324536,chromosome
0,0.0020543932914733,183079,183079.13~A12.K_1,1,,normal,183079.13~A12.K_1L.png,183079.13~A12.K_1R.png,train,/data5/chensx/MyProject/UAE/data/arrangement_merged/chr_01/183079.13~A12.K_1L.png,/data5/chensx/MyProject/UAE/data/arrangement_merged/chr_01/183079.13~A12.K_1R.png,0,1.0374775312997513,,0.0020543932914733,0.7236078498058429,chromosome
0,0.0020753741264343,183079,183079.13~A19.K_1,1,,normal,183079.13~A19.K_1L.png,183079.13~A19.K_1R.png,train,/data5/chensx/MyProject/UAE/data/arrangement_merged/chr_01/183079.13~A19.K_1L.png,/data5/chensx/MyProject/UAE/data/arrangement_merged/chr_01/183079.13~A19.K_1R.png,0,1.065848897715883,,0.0020753741264343,0.8606791305122734,chromosome
0,0.0020830631256103,183079,183079.13~A27.K_1,1,,normal,183079.13~A27.K_1L.png,183079.13~A27.K_1R.png,train,/data5/chensx/MyProject/UAE/data/arrangement_merged/chr_01/183079.13~A27.K_1L.png,/data5/chensx/MyProject/UAE/data/arrangement_merged/chr_01/183079.13~A27.K_1R.png,0,1.076246358703613,,0.0020830631256103,0.9109126396344838,chromosome
0,0.0018754005432128,183079,183079.13~A6.K_1,1,,normal,183079.13~A6.K_1L.png,183079.13~A6.K_1R.png,train,/data5/chensx/MyProject/UAE/data/arrangement_merged/chr_01/183079.13~A6.K_1L.png,/data5/chensx/MyProject/UAE/data/arrangement_merged/chr_01/183079.13~A6.K_1R.png,0,0.7954343115621271,,0.0018754005432128,-0.4457815137174261,chromosome
0,0.0020995140075683,183079,183079.13~A9.K_1,1,,normal,183079.13~A9.K_1L.png,183079.13~A9.K_1R.png,train,/data5/chensx/MyProject/UAE/data/arrangement_merged/chr_01/183079.13~A9.K_1L.png,/data5/chensx/MyProject/UAE/data/arrangement_merged/chr_01/183079.13~A9.K_1R.png,0,1.098492089188989,,0.0020995140075683,1.0183889847334733,chromosome
0,0.0019064545631408,183079,183079.14~A11.K_1,1,,normal,183079.14~A11.K_1L.png,183079.14~A11.K_1R.png,train,/data5/chensx/MyProject/UAE/data/arrangement_merged/chr_01/183079.14~A11.K_1L.png,/data5/chensx/MyProject/UAE/data/arrangement_merged/chr_01/183079.14~A11.K_1R.png,0,0.837427157876913,,0.0019064545631408,-0.24290044199047406,chromosome
0,0.0019489526748657,183079,183079.14~A13.K_1,1,,normal,183079.14~A13.K_1L.png,183079.14~A13.K_1R.png,train,/data5/chensx/MyProject/UAE/data/arrangement_merged/chr_01/183079.14~A13.K_1L.png,/data5/chensx/MyProject/UAE/data/arrangement_merged/chr_01/183079.14~A13.K_1R.png,0,0.8948952949641346,,0.0019489526748657,0.03474678284901823,chromosome
0,0.0018497109413146,183079,183079.14~A23.K_1,1,,normal,183079.14~A23.K_1L.png,183079.14~A23.K_1R.png,train,/data5/chensx/MyProject/UAE/data/arrangement_merged/chr_01/183079.14~A23.K_1L.png,/data5/chensx/MyProject/UAE/data/arrangement_merged/chr_01/183079.14~A23.K_1R.png,0,0.7606955077969203,,0.0018497109413146,-0.6136159511728555,chromosome
0,0.0020427703857421,183079,183079.14~A24.K_1,1,,normal,183079.14~A24.K_1L.png,183079.14~A24.K_1R.png,train,/data5/chensx/MyProject/UAE/data/arrangement_merged/chr_01/183079.14~A24.K_1L.png,/data5/chensx/MyProject/UAE/data/arrangement_merged/chr_01/183079.14~A24.K_1R.png,0,1.0217604391089965,,0.0020427703857421,0.6476734755510918,chromosome
0,0.0018811821937561,183079,183079.14~A26.K_1,1,,normal,183079.14~A26.K_1L.png,183079.14~A26.K_1R.png,train,/data5/chensx/MyProject/UAE/data/arrangement_merged/chr_01/183079.14~A26.K_1L.png,/data5/chensx/MyProject/UAE/data/arrangement_merged/chr_01/183079.14~A26.K_1R.png,0,0.803252557421118,,0.0018811821937561,-0.4080090301132083,chromosome
0,0.001776099205017,183079,183079.14~A28.K_1,1,,normal,183079.14~A28.K_1L.png,183079.14~A28.K_1R.png,train,/data5/chensx/MyProject/UAE/data/arrangement_merged/chr_01/183079.14~A28.K_1L.png,/data5/chensx/MyProject/UAE/data/arrangement_merged/chr_01/183079.14~A28.K_1R.png,0,0.6611539239221399,,0.001776099205017,-1.0945336547862656,chromosome
0,0.001842975616455,183079,183079.14~A3.K_1,1,,normal,183079.14~A3.K_1L.png,183079.14~A3.K_1R.png,train,/data5/chensx/MyProject/UAE/data/arrangement_merged/chr_01/183079.14~A3.K_1L.png,/data5/chensx/MyProject/UAE/data/arrangement_merged/chr_01/183079.14~A3.K_1R.png,0,0.7515876543735599,,0.001842975616455,-0.6576189475357423,chromosome
0,0.0020349025726318,183079,183079.14~A34.K_1,1,,normal,183079.14~A34.K_1L.png,183079.14~A34.K_1R.png,train,/data5/chensx/MyProject/UAE/data/arrangement_merged/chr_01/183079.14~A34.K_1L.png,/data5/chensx/MyProject/UAE/data/arrangement_merged/chr_01/183079.14~A34.K_1R.png,0,1.011121176702947,,0.0020349025726318,0.5962717452866705,chromosome
0,0.0016402602195739,183079,183079.14~A38.K_1,1,,normal,183079.14~A38.K_1L.png,183079.14~A38.K_1R.png,train,/data5/chensx/MyProject/UAE/data/arrangement_merged/chr_01/183079.14~A38.K_1L.png,/data5/chensx/MyProject/UAE/data/arrangement_merged/chr_01/183079.14~A38.K_1R.png,0,0.4774654464722412,,0.0016402602195739,-1.9819923159481705,chromosome
0,0.0019218921661376,183079,183079.14~A6.K_1,1,,normal,183079.14~A6.K_1L.png,183079.14~A6.K_1R.png,train,/data5/chensx/MyProject/UAE/data/arrangement_merged/chr_01/183079.14~A6.K_1L.png,/data5/chensx/MyProject/UAE/data/arrangement_merged/chr_01/183079.14~A6.K_1R.png,0,0.8583026803251463,,0.0019218921661376,-0.14204401669843003,chromosome
0,0.0018199682235717,183079,183079.2~A40.K_1,1,,normal,183079.2~A40.K_1L.png,183079.2~A40.K_1R.png,train,/data5/chensx/MyProject/UAE/data/arrangement_merged/chr_01/183079.2~A40.K_1L.png,/data5/chensx/MyProject/UAE/data/arrangement_merged/chr_01/183079.2~A40.K_1R.png,0,0.7204758718831427,,0.0018199682235717,-0.8079300678554105,chromosome
0,0.0019935369491577,183079,183079.2~A8.K_1,1,,normal,183079.2~A8.K_1L.png,183079.2~A8.K_1R.png,train,/data5/chensx/MyProject/UAE/data/arrangement_merged/chr_01/183079.2~A8.K_1L.png,/data5/chensx/MyProject/UAE/data/arrangement_merged/chr_01/183079.2~A8.K_1R.png,0,0.9551844485984146,,0.0019935369491577,0.32602325434936713,chromosome
0,0.0020084381103515,183079,183079.3~A16.K_1,1,,normal,183079.3~A16.K_1L.png,183079.3~A16.K_1R.png,train,/data5/chensx/MyProject/UAE/data/arrangement_merged/chr_01/183079.3~A16.K_1L.png,/data5/chensx/MyProject/UAE/data/arrangement_merged/chr_01/183079.3~A16.K_1R.png,0,0.97533456679169,,0.0020084381103515,0.42337501621412826,chromosome
0,0.0018904209136962,183079,183079.3~A22.K_1,1,,normal,183079.3~A22.K_1L.png,183079.3~A22.K_1R.png,train,/data5/chensx/MyProject/UAE/data/arrangement_merged/chr_01/183079.3~A22.K_1L.png,/data5/chensx/MyProject/UAE/data/arrangement_merged/chr_01/183079.3~A22.K_1R.png,0,0.8157456307009487,,0.0018904209136962,-0.34765093775742273,chromosome
0,0.0020527243614196,183079,183079.3~A5.K_1,1,,normal,183079.3~A5.K_1L.png,183079.3~A5.K_1R.png,train,/data5/chensx/MyProject/UAE/data/arrangement_merged/chr_01/183079.3~A5.K_1L.png,/data5/chensx/MyProject/UAE/data/arrangement_merged/chr_01/183079.3~A5.K_1R.png,0,1.0352207180621045,,0.0020527243614196,0.7127044524770255,chromosome
0,0.0018543004989624,183079,183079.3~A7.K_1,1,,normal,183079.3~A7.K_1L.png,183079.3~A7.K_1R.png,train,/data5/chensx/MyProject/UAE/data/arrangement_merged/chr_01/183079.3~A7.K_1L.png,/data5/chensx/MyProject/UAE/data/arrangement_merged/chr_01/183079.3~A7.K_1R.png,0,0.7669017442004492,,0.0018543004989624,-0.5836316085177926,chromosome
0,0.0017377138137817,183079,183079.4~A13.K_1,1,,normal,183079.4~A13.K_1L.png,183079.4~A13.K_1R.png,train,/data5/chensx/MyProject/UAE/data/arrangement_merged/chr_01/183079.4~A13.K_1L.png,/data5/chensx/MyProject/UAE/data/arrangement_merged/chr_01/183079.4~A13.K_1R.png,0,0.6092472194562624,,0.0017377138137817,-1.3453117933503576,chromosome
0,0.0020651221275329,183079,183079.4~A17.K_1,1,,normal,183079.4~A17.K_1L.png,183079.4~A17.K_1R.png,train,/data5/chensx/MyProject/UAE/data/arrangement_merged/chr_01/183079.4~A17.K_1L.png,/data5/chensx/MyProject/UAE/data/arrangement_merged/chr_01/183079.4~A17.K_1R.png,0,1.0519856163989096,,0.0020651221275329,0.793701118348888,chromosome
0,0.0019068717956542,183079,183079.4~A18.K_1,1,,normal,183079.4~A18.K_1L.png,183079.4~A18.K_1R.png,train,/data5/chensx/MyProject/UAE/data/arrangement_merged/chr_01/183079.4~A18.K_1L.png,/data5/chensx/MyProject/UAE/data/arrangement_merged/chr_01/183079.4~A18.K_1R.png,0,0.8379913611863248,,0.0019068717956542,-0.24017459265843336,chromosome
0,0.0017668604850769,183079,183079.4~A23.K_1,1,,normal,183079.4~A23.K_1L.png,183079.4~A23.K_1R.png,train,/data5/chensx/MyProject/UAE/data/arrangement_merged/chr_01/183079.4~A23.K_1L.png,/data5/chensx/MyProject/UAE/data/arrangement_merged/chr_01/183079.4~A23.K_1R.png,0,0.648660850642309,,0.0017668604850769,-1.1548917471420528,chromosome
0,0.0019400119781494,183079,183079.4~A29.K_1,1,,normal,183079.4~A29.K_1L.png,183079.4~A29.K_1R.png,train,/data5/chensx/MyProject/UAE/data/arrangement_merged/chr_01/183079.4~A29.K_1L.png,/data5/chensx/MyProject/UAE/data/arrangement_merged/chr_01/183079.4~A29.K_1R.png,0,0.8828052240481693,,0.0019400119781494,-0.023664274269970222,chromosome
0,0.0020126700401306,183079,183079.4~A4.K_1,1,,normal,183079.4~A4.K_1L.png,183079.4~A4.K_1R.png,train,/data5/chensx/MyProject/UAE/data/arrangement_merged/chr_01/183079.4~A4.K_1L.png,/data5/chensx/MyProject/UAE/data/arrangement_merged/chr_01/183079.4~A4.K_1R.png,0,0.98105720035858,,0.0020126700401306,0.4510229165841178,chromosome
0,0.0019793510437011,183079,183079.4~A50.K_1,1,,normal,183079.4~A50.K_1L.png,183079.4~A50.K_1R.png,train,/data5/chensx/MyProject/UAE/data/arrangement_merged/chr_01/183079.4~A50.K_1L.png,/data5/chensx/MyProject/UAE/data/arrangement_merged/chr_01/183079.4~A50.K_1R.png,0,0.9360015360784164,,0.0019793510437011,0.2333443770534438,chromosome
0,0.0015743970870971,183214,183214.11~A34.K_1,1,,normal,183214.11~A34.K_1L.png,183214.11~A34.K_1R.png,train,/data5/chensx/MyProject/UAE/data/arrangement_merged/chr_01/183214.11~A34.K_1L.png,/data5/chensx/MyProject/UAE/data/arrangement_merged/chr_01/183214.11~A34.K_1R.png,0,0.3257070352671133,,0.0015743970870971,-2.4122871033917486,chromosome
0,0.001807689666748,183214,183214.11~A9.K_1,1,,normal,183214.11~A9.K_1L.png,183214.11~A9.K_1R.png,train,/data5/chensx/MyProject/UAE/data/arrangement_merged/chr_01/183214.11~A9.K_1L.png,/data5/chensx/MyProject/UAE/data/arrangement_merged/chr_01/183214.11~A9.K_1R.png,0,0.6316775945301826,,0.001807689666748,-0.8881479196320309,chromosome
0,0.0018753409385681,183214,183214.12~A1.K_1,1,,normal,183214.12~A1.K_1L.png,183214.12~A1.K_1R.png,train,/data5/chensx/MyProject/UAE/data/arrangement_merged/chr_01/183214.12~A1.K_1L.png,/data5/chensx/MyProject/UAE/data/arrangement_merged/chr_01/183214.12~A1.K_1R.png,0,0.72040436631444,,0.0018753409385681,-0.44617092076439335,chromosome
0,0.0020071864128112,183214,183214.12~A24.K_1,1,,normal,183214.12~A24.K_1L.png,183214.12~A24.K_1R.png,train,/data5/chensx/MyProject/UAE/data/arrangement_merged/chr_01/183214.12~A24.K_1L.png,/data5/chensx/MyProject/UAE/data/arrangement_merged/chr_01/183214.12~A24.K_1R.png,0,0.8933238545847285,,0.0020071864128112,0.41519746821735165,chromosome
0,0.0023325681686401,183214,183214.12~A8.K_1,1,,normal,183214.12~A8.K_1L.png,183214.12~A8.K_1R.png,train,/data5/chensx/MyProject/UAE/data/arrangement_merged/chr_01/183214.12~A8.K_1L.png,/data5/chensx/MyProject/UAE/data/arrangement_merged/chr_01/183214.12~A8.K_1R.png,0,1.320072266188483,,0.0023325681686401,2.5409705403033596,chromosome
0,0.0018854141235351,183214,183214.13~A21.K_1,1,,normal,183214.13~A21.K_1L.png,183214.13~A21.K_1R.png,train,/data5/chensx/MyProject/UAE/data/arrangement_merged/chr_01/183214.13~A21.K_1L.png,/data5/chensx/MyProject/UAE/data/arrangement_merged/chr_01/183214.13~A21.K_1R.png,0,0.7336156653730651,,0.0018854141235351,-0.3803611297438719,chromosome
0,0.0021845698356628,183214,183214.13~A34.K_1,1,,normal,183214.13~A34.K_1L.png,183214.13~A34.K_1R.png,train,/data5/chensx/MyProject/UAE/data/arrangement_merged/chr_01/183214.13~A34.K_1L.png,/data5/chensx/MyProject/UAE/data/arrangement_merged/chr_01/183214.13~A34.K_1R.png,0,1.125967795404068,,0.0021845698356628,1.5740728414594252,chromosome
0,0.0021233558654785,183214,183214.13~A49.K_1,1,,normal,183214.13~A49.K_1L.png,183214.13~A49.K_1R.png,train,/data5/chensx/MyProject/UAE/data/arrangement_merged/chr_01/183214.13~A49.K_1L.png,/data5/chensx/MyProject/UAE/data/arrangement_merged/chr_01/183214.13~A49.K_1R.png,0,1.0456837472785767,,0.0021233558654785,1.174151803717876,chromosome
0,0.0019739866256713,183214,183214.13~A6.K_1,1,,normal,183214.13~A6.K_1L.png,183214.13~A6.K_1R.png,train,/data5/chensx/MyProject/UAE/data/arrangement_merged/chr_01/183214.13~A6.K_1L.png,/data5/chensx/MyProject/UAE/data/arrangement_merged/chr_01/183214.13~A6.K_1R.png,0,0.8497812890483132,,0.0019739866256713,0.19829774278192125,chromosome
0,0.0021115541458129,183214,183214.14~A11.K_1,1,,normal,183214.14~A11.K_1L.png,183214.14~A11.K_1R.png,train,/data5/chensx/MyProject/UAE/data/arrangement_merged/chr_01/183214.14~A11.K_1L.png,/data5/chensx/MyProject/UAE/data/arrangement_merged/chr_01/183214.14~A11.K_1R.png,0,1.0302054205708384,,0.0021115541458129,1.0970492083202623,chromosome
0,0.0020188093185424,183214,183214.14~A17.K_1,1,,normal,183214.14~A17.K_1L.png,183214.14~A17.K_1R.png,train,/data5/chensx/MyProject/UAE/data/arrangement_merged/chr_01/183214.14~A17.K_1L.png,/data5/chensx/MyProject/UAE/data/arrangement_merged/chr_01/183214.14~A17.K_1R.png,0,0.9085676611908344,,0.0020188093185424,0.49113184247209996,chromosome
0,0.0023100972175598,183214,183214.14~A19.K_1,1,,normal,183214.14~A19.K_1L.png,183214.14~A19.K_1R.png,train,/data5/chensx/MyProject/UAE/data/arrangement_merged/chr_01/183214.14~A19.K_1L.png,/data5/chensx/MyProject/UAE/data/arrangement_merged/chr_01/183214.14~A19.K_1R.png,0,1.2906009067500115,,0.0023100972175598,2.394164083410977,chromosome
0,0.002159297466278,183214,183214.14~A21.K_1,1,,normal,183214.14~A21.K_1L.png,183214.14~A21.K_1R.png,train,/data5/chensx/MyProject/UAE/data/arrangement_merged/chr_01/183214.14~A21.K_1L.png,/data5/chensx/MyProject/UAE/data/arrangement_merged/chr_01/183214.14~A21.K_1R.png,0,1.0928222877066889,,0.002159297466278,1.408964253336035,chromosome
0,0.0019443035125732,183214,183214.14~A6.K_1,1,,normal,183214.14~A6.K_1L.png,183214.14~A6.K_1R.png,train,/data5/chensx/MyProject/UAE/data/arrangement_merged/chr_01/183214.14~A6.K_1L.png,/data5/chensx/MyProject/UAE/data/arrangement_merged/chr_01/183214.14~A6.K_1R.png,0,0.810850952177335,,0.0019443035125732,0.004373033146986588,chromosome
0,0.0020098686218261,183214,183214.2~A19.K_1,1,,normal,183214.2~A19.K_1L.png,183214.2~A19.K_1R.png,train,/data5/chensx/MyProject/UAE/data/arrangement_merged/chr_01/183214.2~A19.K_1L.png,/data5/chensx/MyProject/UAE/data/arrangement_merged/chr_01/183214.2~A19.K_1R.png,0,0.8968416561092145,,0.0020098686218261,0.4327207853531129,chromosome
0,0.0019910931587219,183214,183214.2~A25.K_1,1,,normal,183214.2~A25.K_1L.png,183214.2~A25.K_1R.png,train,/data5/chensx/MyProject/UAE/data/arrangement_merged/chr_01/183214.2~A25.K_1L.png,/data5/chensx/MyProject/UAE/data/arrangement_merged/chr_01/183214.2~A25.K_1R.png,0,0.8722170454378126,,0.0019910931587219,0.31005756540343565,chromosome
0,0.0015655755996704,183214,183214.2~A30.K_1,1,,normal,183214.2~A30.K_1L.png,183214.2~A30.K_1R.png,train,/data5/chensx/MyProject/UAE/data/arrangement_merged/chr_01/183214.2~A30.K_1L.png,/data5/chensx/MyProject/UAE/data/arrangement_merged/chr_01/183214.2~A30.K_1R.png,0,0.314137376919915,,0.0015655755996704,-2.4699193464154945,chromosome
0,0.001980185508728,183214,183214.2~A36.K_1,1,,normal,183214.2~A36.K_1L.png,183214.2~A36.K_1R.png,train,/data5/chensx/MyProject/UAE/data/arrangement_merged/chr_01/183214.2~A36.K_1L.png,/data5/chensx/MyProject/UAE/data/arrangement_merged/chr_01/183214.2~A36.K_1R.png,0,0.8579113192382364,,0.001980185508728,0.2387960757181797,chromosome
0,0.0019125938415527,183214,183214.2~A39.K_1,1,,normal,183214.2~A39.K_1L.png,183214.2~A39.K_1R.png,train,/data5/chensx/MyProject/UAE/data/arrangement_merged/chr_01/183214.2~A39.K_1L.png,/data5/chensx/MyProject/UAE/data/arrangement_merged/chr_01/183214.2~A39.K_1R.png,0,0.7692627208211897,,0.0019125938415527,-0.20279151610183738,chromosome
0,0.0018883943557739,183214,183214.2~A45.K_1,1,,normal,183214.2~A45.K_1L.png,183214.2~A45.K_1R.png,train,/data5/chensx/MyProject/UAE/data/arrangement_merged/chr_01/183214.2~A45.K_1L.png,/data5/chensx/MyProject/UAE/data/arrangement_merged/chr_01/183214.2~A45.K_1R.png,0,0.7375243337336052,,0.0018883943557739,-0.360890777370659,chromosome
0,0.0017561912536621,183214,183214.2~A6.K_1,1,,normal,183214.2~A6.K_1L.png,183214.2~A6.K_1R.png,train,/data5/chensx/MyProject/UAE/data/arrangement_merged/chr_01/183214.2~A6.K_1L.png,/data5/chensx/MyProject/UAE/data/arrangement_merged/chr_01/183214.2~A6.K_1R.png,0,0.5641358052600518,,0.0017561912536621,-1.2245956086374774,chromosome
0,0.0019873976707458,183214,183214.3~A12.K_1,1,,normal,183214.3~A12.K_1L.png,183214.3~A12.K_1R.png,train,/data5/chensx/MyProject/UAE/data/arrangement_merged/chr_01/183214.3~A12.K_1L.png,/data5/chensx/MyProject/UAE/data/arrangement_merged/chr_01/183214.3~A12.K_1R.png,0,0.8673702966707431,,0.0019873976707458,0.28591432846073045,chromosome
0,0.0019203424453735,183214,183214.3~A19.K_1,1,,normal,183214.3~A19.K_1L.png,183214.3~A19.K_1R.png,train,/data5/chensx/MyProject/UAE/data/arrangement_merged/chr_01/183214.3~A19.K_1L.png,/data5/chensx/MyProject/UAE/data/arrangement_merged/chr_01/183214.3~A19.K_1R.png,0,0.7794252585585937,,0.0019203424453735,-0.15216859993200377,chromosome
0,0.0019115209579467,183214,183214.3~A28.K_1,1,,normal,183214.3~A28.K_1L.png,183214.3~A28.K_1R.png,train,/data5/chensx/MyProject/UAE/data/arrangement_merged/chr_01/183214.3~A28.K_1L.png,/data5/chensx/MyProject/UAE/data/arrangement_merged/chr_01/183214.3~A28.K_1R.png,0,0.7678556002113953,,0.0019115209579467,-0.20980084295640314,chromosome
0,0.0019959807395935,183214,183214.3~A4.K_1,1,,normal,183214.3~A4.K_1L.png,183214.3~A4.K_1R.png,train,/data5/chensx/MyProject/UAE/data/arrangement_merged/chr_01/183214.3~A4.K_1L.png,/data5/chensx/MyProject/UAE/data/arrangement_merged/chr_01/183214.3~A4.K_1R.png,0,0.8786272615490982,,0.0019959807395935,0.3419889432952957,chromosome
0,0.0021330714225769,183214,183214.3~A42.K_1,1,,normal,183214.3~A42.K_1L.png,183214.3~A42.K_1R.png,train,/data5/chensx/MyProject/UAE/data/arrangement_merged/chr_01/183214.3~A42.K_1L.png,/data5/chensx/MyProject/UAE/data/arrangement_merged/chr_01/183214.3~A42.K_1R.png,0,1.058426006133937,,0.0021330714225769,1.237625152453977,chromosome
0,0.001764953136444,183214,183214.3~A43.K_1,1,,normal,183214.3~A43.K_1L.png,183214.3~A43.K_1R.png,train,/data5/chensx/MyProject/UAE/data/arrangement_merged/chr_01/183214.3~A43.K_1L.png,/data5/chensx/MyProject/UAE/data/arrangement_merged/chr_01/183214.3~A43.K_1R.png,0,0.5756272902400393,,0.001764953136444,-1.1673527726613528,chromosome
0,0.0020919442176818,183214,183214.3~A47.K_1,1,,normal,183214.3~A47.K_1L.png,183214.3~A47.K_1R.png,train,/data5/chensx/MyProject/UAE/data/arrangement_merged/chr_01/183214.3~A47.K_1L.png,/data5/chensx/MyProject/UAE/data/arrangement_merged/chr_01/183214.3~A47.K_1R.png,0,1.0044863827584851,,0.0020919442176818,0.9689342897058519,chromosome
0,0.0020465850830078,183214,183214.4~A22.K_1,1,,normal,183214.4~A22.K_1L.png,183214.4~A22.K_1R.png,train,/data5/chensx/MyProject/UAE/data/arrangement_merged/chr_01/183214.4~A22.K_1L.png,/data5/chensx/MyProject/UAE/data/arrangement_merged/chr_01/183214.4~A22.K_1R.png,0,0.9449964503110668,,0.0020465850830078,0.6725955265890405,chromosome
0,0.001970887184143,183214,183214.4~A24.K_1,1,,normal,183214.4~A24.K_1L.png,183214.4~A24.K_1R.png,train,/data5/chensx/MyProject/UAE/data/arrangement_merged/chr_01/183214.4~A24.K_1L.png,/data5/chensx/MyProject/UAE/data/arrangement_merged/chr_01/183214.4~A24.K_1R.png,0,0.8457162739533516,,0.001970887184143,0.17804857631411927,chromosome
0,0.0019968748092651,183214,183214.4~A26.K_1,1,,normal,183214.4~A26.K_1L.png,183214.4~A26.K_1R.png,train,/data5/chensx/MyProject/UAE/data/arrangement_merged/chr_01/183214.4~A26.K_1L.png,/data5/chensx/MyProject/UAE/data/arrangement_merged/chr_01/183214.4~A26.K_1R.png,0,0.8797998620572602,,0.0019968748092651,0.34783004900699893,chromosome
0,0.0017511844635009,183214,183214.4~A28.K_1,1,,normal,183214.4~A28.K_1L.png,183214.4~A28.K_1R.png,train,/data5/chensx/MyProject/UAE/data/arrangement_merged/chr_01/183214.4~A28.K_1L.png,/data5/chensx/MyProject/UAE/data/arrangement_merged/chr_01/183214.4~A28.K_1R.png,0,0.5575692424143447,,0.0017511844635009,-1.257305800624581,chromosome
0,0.0021558403968811,183214,183214.4~A50.K_1,1,,normal,183214.4~A50.K_1L.png,183214.4~A50.K_1R.png,train,/data5/chensx/MyProject/UAE/data/arrangement_merged/chr_01/183214.4~A50.K_1L.png,/data5/chensx/MyProject/UAE/data/arrangement_merged/chr_01/183214.4~A50.K_1R.png,0,1.0882882324084624,,0.0021558403968811,1.386378644583814,chromosome
0,0.0019329190254211,183214,183214.4~A8.K_1,1,,normal,183214.4~A8.K_1L.png,183214.4~A8.K_1R.png,train,/data5/chensx/MyProject/UAE/data/arrangement_merged/chr_01/183214.4~A8.K_1L.png,/data5/chensx/MyProject/UAE/data/arrangement_merged/chr_01/183214.4~A8.K_1R.png,0,0.7959198390400724,,0.0019329190254211,-0.07000371291793046,chromosome
0,0.0020745396614074,183262,183262.11~A16.K_1,1,,normal,183262.11~A16.K_1L.png,183262.11~A16.K_1R.png,train,/data5/chensx/MyProject/UAE/data/arrangement_merged/chr_01/183262.11~A16.K_1L.png,/data5/chensx/MyProject/UAE/data/arrangement_merged/chr_01/183262.11~A16.K_1R.png,0,0.93386128287483,,0.0020745396614074,0.8552274318475375,chromosome
0,0.0021455287933349,183262,183262.12~A5.K_1,1,,normal,183262.12~A5.K_1L.png,183262.12~A5.K_1R.png,train,/data5/chensx/MyProject/UAE/data/arrangement_merged/chr_01/183262.12~A5.K_1L.png,/data5/chensx/MyProject/UAE/data/arrangement_merged/chr_01/183262.12~A5.K_1R.png,0,1.0236487367495344,,0.0021455287933349,1.3190112253728068,chromosome
0,0.0018531680107116,183262,183262.14~A1.K_1,1,,normal,183262.14~A1.K_1L.png,183262.14~A1.K_1R.png,train,/data5/chensx/MyProject/UAE/data/arrangement_merged/chr_01/183262.14~A1.K_1L.png,/data5/chensx/MyProject/UAE/data/arrangement_merged/chr_01/183262.14~A1.K_1R.png,0,0.6538691723033344,,0.0018531680107116,-0.5910303424199788,chromosome
0,0.0020713806152343,183262,183262.14~A16.K_1,1,,normal,183262.14~A16.K_1L.png,183262.14~A16.K_1R.png,train,/data5/chensx/MyProject/UAE/data/arrangement_merged/chr_01/183262.14~A16.K_1L.png,/data5/chensx/MyProject/UAE/data/arrangement_merged/chr_01/183262.14~A16.K_1R.png,0,0.9298657034832606,,0.0020713806152343,0.8345888583321137,chromosome
0,0.0022459626197814,183262,183262.14~A21.K_1,1,,normal,183262.14~A21.K_1L.png,183262.14~A21.K_1R.png,train,/data5/chensx/MyProject/UAE/data/arrangement_merged/chr_01/183262.14~A21.K_1L.png,/data5/chensx/MyProject/UAE/data/arrangement_merged/chr_01/183262.14~A21.K_1R.png,0,1.1506780060852828,,0.0022459626197814,1.9751621003431823,chromosome
0,0.002001404762268,183262,183262.14~A23.K_1,1,,normal,183262.14~A23.K_1L.png,183262.14~A23.K_1R.png,train,/data5/chensx/MyProject/UAE/data/arrangement_merged/chr_01/183262.14~A23.K_1L.png,/data5/chensx/MyProject/UAE/data/arrangement_merged/chr_01/183262.14~A23.K_1R.png,0,0.8413598505454749,,0.002001404762268,0.37742498461378843,chromosome
0,0.0019627809524536,183262,183262.14~A29.K_1,1,,normal,183262.14~A29.K_1L.png,183262.14~A29.K_1R.png,train,/data5/chensx/MyProject/UAE/data/arrangement_merged/chr_01/183262.14~A29.K_1L.png,/data5/chensx/MyProject/UAE/data/arrangement_merged/chr_01/183262.14~A29.K_1R.png,0,0.7925082383617568,,0.0019627809524536,0.12508921785986532,chromosome
0,0.0017802715301513,183262,183262.14~A33.K_1,1,,normal,183262.14~A33.K_1L.png,183262.14~A33.K_1R.png,train,/data5/chensx/MyProject/UAE/data/arrangement_merged/chr_01/183262.14~A33.K_1L.png,/data5/chensx/MyProject/UAE/data/arrangement_merged/chr_01/183262.14~A33.K_1R.png,0,0.5616692931356071,,0.0017802715301513,-1.067275161463898,chromosome
0,0.001916766166687,183262,183262.14~A38.K_1,1,,normal,183262.14~A38.K_1L.png,183262.14~A38.K_1R.png,train,/data5/chensx/MyProject/UAE/data/arrangement_merged/chr_01/183262.14~A38.K_1L.png,/data5/chensx/MyProject/UAE/data/arrangement_merged/chr_01/183262.14~A38.K_1R.png,0,0.7343084781675739,,0.001916766166687,-0.17553302277946825,chromosome
0,0.001946210861206,183262,183262.14~A45.K_1,1,,normal,183262.14~A45.K_1L.png,183262.14~A45.K_1R.png,train,/data5/chensx/MyProject/UAE/data/arrangement_merged/chr_01/183262.14~A45.K_1L.png,/data5/chensx/MyProject/UAE/data/arrangement_merged/chr_01/183262.14~A45.K_1R.png,0,0.7715502936286184,,0.001946210861206,0.01683405866563516,chromosome
0,0.0017890334129333,183262,183262.14~A8.K_1,1,,normal,183262.14~A8.K_1L.png,183262.14~A8.K_1R.png,train,/data5/chensx/MyProject/UAE/data/arrangement_merged/chr_01/183262.14~A8.K_1L.png,/data5/chensx/MyProject/UAE/data/arrangement_merged/chr_01/183262.14~A8.K_1R.png,0,0.572751371825432,,0.0017890334129333,-1.0100323254871204,chromosome
0,0.0018837451934814,183262,183262.1~A2.K_1,1,,normal,183262.1~A2.K_1L.png,183262.1~A2.K_1R.png,train,/data5/chensx/MyProject/UAE/data/arrangement_merged/chr_01/183262.1~A2.K_1L.png,/data5/chensx/MyProject/UAE/data/arrangement_merged/chr_01/183262.1~A2.K_1R.png,0,0.6925433652821112,,0.0018837451934814,-0.3912645270726892,chromosome
0,0.0017833113670349,183262,183262.1~A24.K_1,1,,normal,183262.1~A24.K_1L.png,183262.1~A24.K_1R.png,train,/data5/chensx/MyProject/UAE/data/arrangement_merged/chr_01/183262.1~A24.K_1L.png,/data5/chensx/MyProject/UAE/data/arrangement_merged/chr_01/183262.1~A24.K_1R.png,0,0.5655140959463627,,0.0017833113670349,-1.0474154020430633,chromosome
0,0.0019013285636901,183262,183262.1~A26.K_1,1,,normal,183262.1~A26.K_1L.png,183262.1~A26.K_1R.png,train,/data5/chensx/MyProject/UAE/data/arrangement_merged/chr_01/183262.1~A26.K_1L.png,/data5/chensx/MyProject/UAE/data/arrangement_merged/chr_01/183262.1~A26.K_1R.png,0,0.7147829109521682,,0.0019013285636901,-0.27638944807216675,chromosome
0,0.0019165277481079,183262,183262.1~A42.K_1,1,,normal,183262.1~A42.K_1L.png,183262.1~A42.K_1R.png,train,/data5/chensx/MyProject/UAE/data/arrangement_merged/chr_01/183262.1~A42.K_1L.png,/data5/chensx/MyProject/UAE/data/arrangement_merged/chr_01/183262.1~A42.K_1R.png,0,0.7340069250059461,,0.0019165277481079,-0.1770906509692995,chromosome
0,0.0018662214279174,183262,183262.1~A9.K_1,1,,normal,183262.1~A9.K_1L.png,183262.1~A9.K_1R.png,train,/data5/chensx/MyProject/UAE/data/arrangement_merged/chr_01/183262.1~A9.K_1L.png,/data5/chensx/MyProject/UAE/data/arrangement_merged/chr_01/183262.1~A9.K_1R.png,0,0.6703792079024613,,0.0018662214279174,-0.5057501990262443,chromosome
0,0.0017644166946411,183262,183262.2~A10.K_1,1,,normal,183262.2~A10.K_1L.png,183262.2~A10.K_1R.png,train,/data5/chensx/MyProject/UAE/data/arrangement_merged/chr_01/183262.2~A10.K_1L.png,/data5/chensx/MyProject/UAE/data/arrangement_merged/chr_01/183262.2~A10.K_1R.png,0,0.5416160078873524,,0.0017644166946411,-1.1708574360879827,chromosome
0,0.0018831491470336,183262,183262.2~A22.K_1,1,,normal,183262.2~A22.K_1L.png,183262.2~A22.K_1R.png,train,/data5/chensx/MyProject/UAE/data/arrangement_merged/chr_01/183262.2~A22.K_1L.png,/data5/chensx/MyProject/UAE/data/arrangement_merged/chr_01/183262.2~A22.K_1R.png,0,0.6917894823780415,,0.0018831491470336,-0.39515859754759386,chromosome
0,0.002293586730957,183262,183262.2~A23.K_1,1,,normal,183262.2~A23.K_1L.png,183262.2~A23.K_1R.png,train,/data5/chensx/MyProject/UAE/data/arrangement_merged/chr_01/183262.2~A23.K_1L.png,/data5/chensx/MyProject/UAE/data/arrangement_merged/chr_01/183262.2~A23.K_1R.png,0,1.2109132501204538,,0.002293586730957,2.2862983312643657,chromosome
0,0.0020990371704101,183262,183262.2~A44.K_1,1,,normal,183262.2~A44.K_1L.png,183262.2~A44.K_1R.png,train,/data5/chensx/MyProject/UAE/data/arrangement_merged/chr_01/183262.2~A44.K_1L.png,/data5/chensx/MyProject/UAE/data/arrangement_merged/chr_01/183262.2~A44.K_1R.png,0,0.9648458702320958,,0.0020990371704101,1.0152737283538107,chromosome
0,0.0019330978393554,183262,183262.2~A45.K_1,1,,normal,183262.2~A45.K_1L.png,183262.2~A45.K_1R.png,train,/data5/chensx/MyProject/UAE/data/arrangement_merged/chr_01/183262.2~A45.K_1L.png,/data5/chensx/MyProject/UAE/data/arrangement_merged/chr_01/183262.2~A45.K_1R.png,0,0.7549648697390844,,0.0019330978393554,-0.06883549177572101,chromosome
0,0.0019026398658752,183262,183262.3~A17.K_1,1,,normal,183262.3~A17.K_1L.png,183262.3~A17.K_1R.png,train,/data5/chensx/MyProject/UAE/data/arrangement_merged/chr_01/183262.3~A17.K_1L.png,/data5/chensx/MyProject/UAE/data/arrangement_merged/chr_01/183262.3~A17.K_1R.png,0,0.7164414533411215,,0.0019026398658752,-0.2678224930277698,chromosome
0,0.0022342205047607,183262,183262.3~A24.K_1,1,,normal,183262.3~A24.K_1L.png,183262.3~A24.K_1R.png,train,/data5/chensx/MyProject/UAE/data/arrangement_merged/chr_01/183262.3~A24.K_1L.png,/data5/chensx/MyProject/UAE/data/arrangement_merged/chr_01/183262.3~A24.K_1R.png,0,1.1358265128751093,,0.0022342205047607,1.8984489119938448,chromosome
0,0.0018849372863769,183262,183262.3~A30.K_1,1,,normal,183262.3~A30.K_1L.png,183262.3~A30.K_1R.png,train,/data5/chensx/MyProject/UAE/data/arrangement_merged/chr_01/183262.3~A30.K_1L.png,/data5/chensx/MyProject/UAE/data/arrangement_merged/chr_01/183262.3~A30.K_1R.png,0,0.6940511310902507,,0.0018849372863769,-0.3834763861235344,chromosome
0,0.0019434094429016,183262,183262.3~A41.K_1,1,,normal,183262.3~A41.K_1L.png,183262.3~A41.K_1R.png,train,/data5/chensx/MyProject/UAE/data/arrangement_merged/chr_01/183262.3~A41.K_1L.png,/data5/chensx/MyProject/UAE/data/arrangement_merged/chr_01/183262.3~A41.K_1R.png,0,0.7680070439794907,,0.0019434094429016,-0.0014680725647152,chromosome
0,0.0018674135208129,183262,183262.4~A14.K_1,1,,normal,183262.4~A14.K_1L.png,183262.4~A14.K_1R.png,train,/data5/chensx/MyProject/UAE/data/arrangement_merged/chr_01/183262.4~A14.K_1L.png,/data5/chensx/MyProject/UAE/data/arrangement_merged/chr_01/183262.4~A14.K_1R.png,0,0.6718869737106008,,0.0018674135208129,-0.49796205807708954,chromosome
0,0.0017178654670715,183262,183262.4~A19.K_1,1,,normal,183262.4~A19.K_1L.png,183262.4~A19.K_1R.png,train,/data5/chensx/MyProject/UAE/data/arrangement_merged/chr_01/183262.4~A19.K_1L.png,/data5/chensx/MyProject/UAE/data/arrangement_merged/chr_01/183262.4~A19.K_1R.png,0,0.4827377530795069,,0.0017178654670715,-1.4749843401546006,chromosome
0,0.002087652683258,183262,183262.4~A24.K_1,1,,normal,183262.4~A24.K_1L.png,183262.4~A24.K_1R.png,train,/data5/chensx/MyProject/UAE/data/arrangement_merged/chr_01/183262.4~A24.K_1L.png,/data5/chensx/MyProject/UAE/data/arrangement_merged/chr_01/183262.4~A24.K_1R.png,0,0.950446706764364,,0.002087652683258,0.9408969822888923,chromosome
0,0.0019765496253967,183262,183262.4~A29.K_1,1,,normal,183262.4~A29.K_1L.png,183262.4~A29.K_1R.png,train,/data5/chensx/MyProject/UAE/data/arrangement_merged/chr_01/183262.4~A29.K_1L.png,/data5/chensx/MyProject/UAE/data/arrangement_merged/chr_01/183262.4~A29.K_1R.png,0,0.8099229334457674,,0.0019765496253967,0.21504224582309342,chromosome
0,0.0017980337142944,183262,183262.4~A31.K_1,1,,normal,183262.4~A31.K_1L.png,183262.4~A31.K_1R.png,train,/data5/chensx/MyProject/UAE/data/arrangement_merged/chr_01/183262.4~A31.K_1L.png,/data5/chensx/MyProject/UAE/data/arrangement_merged/chr_01/183262.4~A31.K_1R.png,0,0.5841350036768849,,0.0017980337142944,-0.9512318613205116,chromosome
0,0.0017575621604919,183262,183262.4~A50.K_1,1,,normal,183262.4~A50.K_1L.png,183262.4~A50.K_1R.png,train,/data5/chensx/MyProject/UAE/data/arrangement_merged/chr_01/183262.4~A50.K_1L.png,/data5/chensx/MyProject/UAE/data/arrangement_merged/chr_01/183262.4~A50.K_1R.png,0,0.5329463544905505,,0.0017575621604919,-1.2156392465461132,chromosome
0,0.0018810033798217,183786,183786.11~A44.K_1,1,,normal,183786.11~A44.K_1L.png,183786.11~A44.K_1R.png,train,/data5/chensx/MyProject/UAE/data/arrangement_merged/chr_01/183786.11~A44.K_1L.png,/data5/chensx/MyProject/UAE/data/arrangement_merged/chr_01/183786.11~A44.K_1R.png,0,0.2419313725336183,,0.0018810033798217,-0.4091772512560723,chromosome
0,0.0020105838775634,183786,183786.12~A1.K_1,1,,normal,183786.12~A1.K_1L.png,183786.12~A1.K_1R.png,train,/data5/chensx/MyProject/UAE/data/arrangement_merged/chr_01/183786.12~A1.K_1L.png,/data5/chensx/MyProject/UAE/data/arrangement_merged/chr_01/183786.12~A1.K_1R.png,0,0.3095079038736206,,0.0020105838775634,0.43739366992260525,chromosome
0,0.0018447637557983,183786,183786.12~A12.K_1,1,,normal,183786.12~A12.K_1L.png,183786.12~A12.K_1R.png,train,/data5/chensx/MyProject/UAE/data/arrangement_merged/chr_01/183786.12~A12.K_1L.png,/data5/chensx/MyProject/UAE/data/arrangement_merged/chr_01/183786.12~A12.K_1R.png,0,0.2230323242103793,,0.0018447637557983,-0.6459367361116843,chromosome
0,0.0019319057464599,183786,183786.12~A15.K_1,1,,normal,183786.12~A15.K_1L.png,183786.12~A15.K_1R.png,train,/data5/chensx/MyProject/UAE/data/arrangement_merged/chr_01/183786.12~A15.K_1L.png,/data5/chensx/MyProject/UAE/data/arrangement_merged/chr_01/183786.12~A15.K_1R.png,0,0.268477075277115,,0.0019319057464599,-0.07662363272487584,chromosome
0,0.0019802451133728,183786,183786.12~A16.K_1,1,,normal,183786.12~A16.K_1L.png,183786.12~A16.K_1R.png,train,/data5/chensx/MyProject/UAE/data/arrangement_merged/chr_01/183786.12~A16.K_1L.png,/data5/chensx/MyProject/UAE/data/arrangement_merged/chr_01/183786.12~A16.K_1R.png,0,0.2936861676951196,,0.0019802451133728,0.23918548276580148,chromosome
0,0.0019489526748657,183786,183786.12~A34.K_1,1,,normal,183786.12~A34.K_1L.png,183786.12~A34.K_1R.png,train,/data5/chensx/MyProject/UAE/data/arrangement_merged/chr_01/183786.12~A34.K_1L.png,/data5/chensx/MyProject/UAE/data/arrangement_merged/chr_01/183786.12~A34.K_1R.png,0,0.2773670881396913,,0.0019489526748657,0.03474678284901823,chromosome
0,0.0020135641098022,183786,183786.12~A41.K_1,1,,normal,183786.12~A41.K_1L.png,183786.12~A41.K_1R.png,train,/data5/chensx/MyProject/UAE/data/arrangement_merged/chr_01/183786.12~A41.K_1L.png,/data5/chensx/MyProject/UAE/data/arrangement_merged/chr_01/183786.12~A41.K_1R.png,0,0.3110621019265186,,0.0020135641098022,0.456864022295821,chromosome
0,0.0019853115081787,183786,183786.12~A47.K_1,1,,normal,183786.12~A47.K_1L.png,183786.12~A47.K_1R.png,train,/data5/chensx/MyProject/UAE/data/arrangement_merged/chr_01/183786.12~A47.K_1L.png,/data5/chensx/MyProject/UAE/data/arrangement_merged/chr_01/183786.12~A47.K_1R.png,0,0.2963283043850461,,0.0019853115081787,0.27228508179987243,chromosome
0,0.0020192265510559,183786,183786.13~A10.K_1,1,,normal,183786.13~A10.K_1L.png,183786.13~A10.K_1R.png,train,/data5/chensx/MyProject/UAE/data/arrangement_merged/chr_01/183786.13~A10.K_1L.png,/data5/chensx/MyProject/UAE/data/arrangement_merged/chr_01/183786.13~A10.K_1R.png,0,0.3140150782270247,,0.0020192265510559,0.49385769180479516,chromosome
0,0.0019760727882385,183786,183786.13~A12.K_1,1,,normal,183786.13~A12.K_1L.png,183786.13~A12.K_1R.png,train,/data5/chensx/MyProject/UAE/data/arrangement_merged/chr_01/183786.13~A12.K_1L.png,/data5/chensx/MyProject/UAE/data/arrangement_merged/chr_01/183786.13~A12.K_1R.png,0,0.2915102904210625,,0.0019760727882385,0.21192698944343094,chromosome
0,0.0018073320388793,183786,183786.13~A29.K_1,1,,normal,183786.13~A29.K_1L.png,183786.13~A29.K_1R.png,train,/data5/chensx/MyProject/UAE/data/arrangement_merged/chr_01/183786.13~A29.K_1L.png,/data5/chensx/MyProject/UAE/data/arrangement_merged/chr_01/183786.13~A29.K_1R.png,0,0.2035115966659812,,0.0018073320388793,-0.8904843619171042,chromosome
0,0.0021033287048339,183786,183786.13~A34.K_1,1,,normal,183786.13~A34.K_1L.png,183786.13~A34.K_1R.png,train,/data5/chensx/MyProject/UAE/data/arrangement_merged/chr_01/183786.13~A34.K_1L.png,/data5/chensx/MyProject/UAE/data/arrangement_merged/chr_01/183786.13~A34.K_1R.png,0,0.3578745472798045,,0.0021033287048339,1.0433110357707676,chromosome
0,0.0023373365402221,183786,183786.13~A43.K_1,1,,normal,183786.13~A43.K_1L.png,183786.13~A43.K_1R.png,train,/data5/chensx/MyProject/UAE/data/arrangement_merged/chr_01/183786.13~A43.K_1L.png,/data5/chensx/MyProject/UAE/data/arrangement_merged/chr_01/183786.13~A43.K_1R.png,0,0.4799101783933506,,0.0023373365402221,2.572123104099979,chromosome
0,0.00164794921875,183786,183786.14~A17.K_1,1,,normal,183786.14~A17.K_1L.png,183786.14~A17.K_1R.png,train,/data5/chensx/MyProject/UAE/data/arrangement_merged/chr_01/183786.14~A17.K_1L.png,/data5/chensx/MyProject/UAE/data/arrangement_merged/chr_01/183786.14~A17.K_1R.png,0,0.1203930847969995,,0.00164794921875,-1.9317588068253055,chromosome
0,0.002133309841156,183786,183786.14~A24.K_1,1,,normal,183786.14~A24.K_1L.png,183786.14~A24.K_1R.png,train,/data5/chensx/MyProject/UAE/data/arrangement_merged/chr_01/183786.14~A24.K_1L.png,/data5/chensx/MyProject/UAE/data/arrangement_merged/chr_01/183786.14~A24.K_1R.png,0,0.3735097796919577,,0.002133309841156,1.239182780643807,chromosome
0,0.0019072890281677,183786,183786.14~A38.K_1,1,,normal,183786.14~A38.K_1L.png,183786.14~A38.K_1R.png,train,/data5/chensx/MyProject/UAE/data/arrangement_merged/chr_01/183786.14~A38.K_1L.png,/data5/chensx/MyProject/UAE/data/arrangement_merged/chr_01/183786.14~A38.K_1R.png,0,0.2556393993601781,,0.0019072890281677,-0.23744874332573815,chromosome
0,0.0019209384918212,183786,183786.14~A39.K_1,1,,normal,183786.14~A39.K_1L.png,183786.14~A39.K_1R.png,train,/data5/chensx/MyProject/UAE/data/arrangement_merged/chr_01/183786.14~A39.K_1L.png,/data5/chensx/MyProject/UAE/data/arrangement_merged/chr_01/183786.14~A39.K_1R.png,0,0.2627576264424506,,0.0019209384918212,-0.1482745294577536,chromosome
0,0.0020826458930969,183786,183786.1~A44.K_1,1,,normal,183786.1~A44.K_1L.png,183786.1~A44.K_1R.png,train,/data5/chensx/MyProject/UAE/data/arrangement_merged/chr_01/183786.1~A44.K_1L.png,/data5/chensx/MyProject/UAE/data/arrangement_merged/chr_01/183786.1~A44.K_1R.png,0,0.3470884127926928,,0.0020826458930969,0.9081867903024431,chromosome
0,0.0019702911376953,183786,183786.2~A14.K_1,1,,normal,183786.2~A14.K_1L.png,183786.2~A14.K_1R.png,train,/data5/chensx/MyProject/UAE/data/arrangement_merged/chr_01/183786.2~A14.K_1L.png,/data5/chensx/MyProject/UAE/data/arrangement_merged/chr_01/183786.2~A14.K_1R.png,0,0.2884951461984405,,0.0019702911376953,0.1741545058398677,chromosome
0,0.0019171237945556,183786,183786.2~A4.K_1,1,,normal,183786.2~A4.K_1L.png,183786.2~A4.K_1R.png,train,/data5/chensx/MyProject/UAE/data/arrangement_merged/chr_01/183786.2~A4.K_1L.png,/data5/chensx/MyProject/UAE/data/arrangement_merged/chr_01/183786.2~A4.K_1R.png,0,0.2607682529347413,,0.0019171237945556,-0.1731965804950479,chromosome
0,0.0020643472671508,183786,183786.2~A49.K_1,1,,normal,183786.2~A49.K_1L.png,183786.2~A49.K_1R.png,train,/data5/chensx/MyProject/UAE/data/arrangement_merged/chr_01/183786.2~A49.K_1L.png,/data5/chensx/MyProject/UAE/data/arrangement_merged/chr_01/183786.2~A49.K_1R.png,0,0.3375456367478994,,0.0020643472671508,0.7886388267317739,chromosome
0,0.0016828179359436,183786,183786.3~A1.K_1,1,,normal,183786.3~A1.K_1L.png,183786.3~A1.K_1R.png,train,/data5/chensx/MyProject/UAE/data/arrangement_merged/chr_01/183786.3~A1.K_1L.png,/data5/chensx/MyProject/UAE/data/arrangement_merged/chr_01/183786.3~A1.K_1R.png,0,0.1385772020159054,,0.0016828179359436,-1.7039556840610577,chromosome
0,0.0017573237419128,183786,183786.3~A25.K_1,1,,normal,183786.3~A25.K_1L.png,183786.3~A25.K_1R.png,train,/data5/chensx/MyProject/UAE/data/arrangement_merged/chr_01/183786.3~A25.K_1L.png,/data5/chensx/MyProject/UAE/data/arrangement_merged/chr_01/183786.3~A25.K_1R.png,0,0.1774321533383538,,0.0017573237419128,-1.2171968747359443,chromosome
0,0.0019860863685607,183786,183786.3~A36.K_1,1,,normal,183786.3~A36.K_1L.png,183786.3~A36.K_1R.png,train,/data5/chensx/MyProject/UAE/data/arrangement_merged/chr_01/183786.3~A36.K_1L.png,/data5/chensx/MyProject/UAE/data/arrangement_merged/chr_01/183786.3~A36.K_1R.png,0,0.2967323958787996,,0.0019860863685607,0.27734737341633203,chromosome
0,0.0017562508583068,183786,183786.3~A37.K_1,1,,normal,183786.3~A37.K_1L.png,183786.3~A37.K_1R.png,train,/data5/chensx/MyProject/UAE/data/arrangement_merged/chr_01/183786.3~A37.K_1L.png,/data5/chensx/MyProject/UAE/data/arrangement_merged/chr_01/183786.3~A37.K_1R.png,0,0.1768726420393106,,0.0017562508583068,-1.2242062015905102,chromosome
0,0.0019813776016235,183786,183786.3~A44.K_1,1,,normal,183786.3~A44.K_1L.png,183786.3~A44.K_1R.png,train,/data5/chensx/MyProject/UAE/data/arrangement_merged/chr_01/183786.3~A44.K_1L.png,/data5/chensx/MyProject/UAE/data/arrangement_merged/chr_01/183786.3~A44.K_1R.png,0,0.2942767629552208,,0.0019813776016235,0.24658421666733452,chromosome
0,0.0018637776374816,183786,183786.4~A49.K_1,1,,normal,183786.4~A49.K_1L.png,183786.4~A49.K_1R.png,train,/data5/chensx/MyProject/UAE/data/arrangement_merged/chr_01/183786.4~A49.K_1L.png,/data5/chensx/MyProject/UAE/data/arrangement_merged/chr_01/183786.4~A49.K_1R.png,0,0.2329481077878682,,0.0018637776374816,-0.5217158879721758,chromosome
0,0.0016179680824279,183786,183786.5~A1.K_1,1,,normal,183786.5~A1.K_1L.png,183786.5~A1.K_1R.png,train,/data5/chensx/MyProject/UAE/data/arrangement_merged/chr_01/183786.5~A1.K_1L.png,/data5/chensx/MyProject/UAE/data/arrangement_merged/chr_01/183786.5~A1.K_1R.png,0,0.1047578523848462,,0.0016179680824279,-2.1276305516983447,chromosome
0,0.002021312713623,183786,183786.5~A31.K_1,1,,normal,183786.5~A31.K_1L.png,183786.5~A31.K_1R.png,train,/data5/chensx/MyProject/UAE/data/arrangement_merged/chr_01/183786.5~A31.K_1L.png,/data5/chensx/MyProject/UAE/data/arrangement_merged/chr_01/183786.5~A31.K_1R.png,0,0.3151030168640532,,0.002021312713623,0.5074869384656532,chromosome
0,0.002034842967987,183786,183786.5~A33.K_1,1,,normal,183786.5~A33.K_1L.png,183786.5~A33.K_1R.png,train,/data5/chensx/MyProject/UAE/data/arrangement_merged/chr_01/183786.5~A33.K_1L.png,/data5/chensx/MyProject/UAE/data/arrangement_merged/chr_01/183786.5~A33.K_1R.png,0,0.3221590760242099,,0.002034842967987,0.5958823382390487,chromosome
0,0.0019319653511047,183786,183786.5~A42.K_1,1,,normal,183786.5~A42.K_1L.png,183786.5~A42.K_1R.png,train,/data5/chensx/MyProject/UAE/data/arrangement_merged/chr_01/183786.5~A42.K_1L.png,/data5/chensx/MyProject/UAE/data/arrangement_merged/chr_01/183786.5~A42.K_1R.png,0,0.268508159238173,,0.0019319653511047,-0.07623422567725546,chromosome
0,0.001459002494812,183786,183786.5~A44.K_1,1,,normal,183786.5~A44.K_1L.png,183786.5~A44.K_1R.png,train,/data5/chensx/MyProject/UAE/data/arrangement_merged/chr_01/183786.5~A44.K_1L.png,/data5/chensx/MyProject/UAE/data/arrangement_merged/chr_01/183786.5~A44.K_1R.png,0,0.0218569282432702,,0.001459002494812,-3.1661791472745056,chromosome
0,0.0019305944442749,183786,183786.5~A6.K_1,1,,normal,183786.5~A6.K_1L.png,183786.5~A6.K_1R.png,train,/data5/chensx/MyProject/UAE/data/arrangement_merged/chr_01/183786.5~A6.K_1L.png,/data5/chensx/MyProject/UAE/data/arrangement_merged/chr_01/183786.5~A6.K_1R.png,0,0.26779322813384,,0.0019305944442749,-0.08519058776861975,chromosome
0,0.0019828677177429,183786,183786.5~A8.K_1,1,,normal,183786.5~A8.K_1L.png,183786.5~A8.K_1R.png,train,/data5/chensx/MyProject/UAE/data/arrangement_merged/chr_01/183786.5~A8.K_1L.png,/data5/chensx/MyProject/UAE/data/arrangement_merged/chr_01/183786.5~A8.K_1R.png,0,0.2950538619816698,,0.0019828677177429,0.25631939285394095,chromosome
0,0.0017766952514648,184752,184752.11~A43.K_1,1,,normal,184752.11~A43.K_1L.png,184752.11~A43.K_1R.png,train,/data5/chensx/MyProject/UAE/data/arrangement_merged/chr_01/184752.11~A43.K_1L.png,/data5/chensx/MyProject/UAE/data/arrangement_merged/chr_01/184752.11~A43.K_1R.png,0,0.9494776693982884,,0.0017766952514648,-1.0906395843113625,chromosome
0,0.0017139911651611,184752,184752.13~A19.K_1,1,,normal,184752.13~A19.K_1L.png,184752.13~A19.K_1R.png,train,/data5/chensx/MyProject/UAE/data/arrangement_merged/chr_01/184752.13~A19.K_1L.png,/data5/chensx/MyProject/UAE/data/arrangement_merged/chr_01/184752.13~A19.K_1R.png,0,0.8500091805520898,,0.0017139911651611,-1.5002957982395166,chromosome
0,0.0020298957824707,184752,184752.13~A20.K_1,1,,normal,184752.13~A20.K_1L.png,184752.13~A20.K_1R.png,train,/data5/chensx/MyProject/UAE/data/arrangement_merged/chr_01/184752.13~A20.K_1L.png,/data5/chensx/MyProject/UAE/data/arrangement_merged/chr_01/184752.13~A20.K_1R.png,0,1.3511336966023295,,0.0020298957824707,0.5635615533002213,chromosome
0,0.0019623637199401,184752,184752.14~A10.K_1,1,,normal,184752.14~A10.K_1L.png,184752.14~A10.K_1R.png,train,/data5/chensx/MyProject/UAE/data/arrangement_merged/chr_01/184752.14~A10.K_1L.png,/data5/chensx/MyProject/UAE/data/arrangement_merged/chr_01/184752.14~A10.K_1R.png,0,1.2440065123221558,,0.0019623637199401,0.12236336852717294,chromosome
0,0.0021911859512329,184752,184752.14~A14.K_1,1,,normal,184752.14~A14.K_1L.png,184752.14~A14.K_1R.png,train,/data5/chensx/MyProject/UAE/data/arrangement_merged/chr_01/184752.14~A14.K_1L.png,/data5/chensx/MyProject/UAE/data/arrangement_merged/chr_01/184752.14~A14.K_1R.png,0,1.6069908551743957,,0.0021911859512329,1.6172970237277242,chromosome
0,0.0020575523376464,184752,184752.14~A43.K_1,1,,normal,184752.14~A43.K_1L.png,184752.14~A43.K_1R.png,train,/data5/chensx/MyProject/UAE/data/arrangement_merged/chr_01/184752.14~A43.K_1L.png,/data5/chensx/MyProject/UAE/data/arrangement_merged/chr_01/184752.14~A43.K_1R.png,0,1.395005729705596,,0.0020575523376464,0.7442464233212638,chromosome
0,0.0018743276596069,184752,184752.2~A30.K_1,1,,normal,184752.2~A30.K_1L.png,184752.2~A30.K_1R.png,train,/data5/chensx/MyProject/UAE/data/arrangement_merged/chr_01/184752.2~A30.K_1L.png,/data5/chensx/MyProject/UAE/data/arrangement_merged/chr_01/184752.2~A30.K_1R.png,0,1.1043535103964568,,0.0018743276596069,-0.4527908405713387,chromosome
0,0.00173020362854,184752,184752.2~A50.K_1,1,,normal,184752.2~A50.K_1L.png,184752.2~A50.K_1R.png,train,/data5/chensx/MyProject/UAE/data/arrangement_merged/chr_01/184752.2~A50.K_1L.png,/data5/chensx/MyProject/UAE/data/arrangement_merged/chr_01/184752.2~A50.K_1R.png,0,0.87572726892297,,0.00173020362854,-1.3943770813303584,chromosome
0,0.0021194815635681,184752,184752.3~A13.K_1,1,,normal,184752.3~A13.K_1L.png,184752.3~A13.K_1R.png,train,/data5/chensx/MyProject/UAE/data/arrangement_merged/chr_01/184752.3~A13.K_1L.png,/data5/chensx/MyProject/UAE/data/arrangement_merged/chr_01/184752.3~A13.K_1R.png,0,1.4932450452105397,,0.0021194815635681,1.14884034563296,chromosome
0,0.0021364092826843,184752,184752.3~A16.K_1,1,,normal,184752.3~A16.K_1L.png,184752.3~A16.K_1R.png,train,/data5/chensx/MyProject/UAE/data/arrangement_merged/chr_01/184752.3~A16.K_1L.png,/data5/chensx/MyProject/UAE/data/arrangement_merged/chr_01/184752.3~A16.K_1R.png,0,1.5200977551271937,,0.0021364092826843,1.2594319471116118,chromosome
0,0.0020370483398437,184752,184752.4~A27.K_1,1,,normal,184752.4~A27.K_1L.png,184752.4~A27.K_1R.png,train,/data5/chensx/MyProject/UAE/data/arrangement_merged/chr_01/184752.4~A27.K_1L.png,/data5/chensx/MyProject/UAE/data/arrangement_merged/chr_01/184752.4~A27.K_1R.png,0,1.362479912060071,,0.0020370483398437,0.6102903989951503,chromosome
0,0.0021232366561889,184793,184793.11~A18.K_1,1,,normal,184793.11~A18.K_1L.png,184793.11~A18.K_1R.png,train,/data5/chensx/MyProject/UAE/data/arrangement_merged/chr_01/184793.11~A18.K_1L.png,/data5/chensx/MyProject/UAE/data/arrangement_merged/chr_01/184793.11~A18.K_1R.png,0,1.0128216712494682,,0.0021232366561889,1.1733729896226324,chromosome
0,0.0018779635429382,184793,184793.12~A12.K_1,1,,normal,184793.12~A12.K_1L.png,184793.12~A12.K_1R.png,train,/data5/chensx/MyProject/UAE/data/arrangement_merged/chr_01/184793.12~A12.K_1L.png,/data5/chensx/MyProject/UAE/data/arrangement_merged/chr_01/184793.12~A12.K_1R.png,0,0.7012218306394784,,0.0018779635429382,-0.4290370106762539,chromosome
0,0.0020330548286437,184793,184793.12~A27.K_1,1,,normal,184793.12~A27.K_1L.png,184793.12~A27.K_1R.png,train,/data5/chensx/MyProject/UAE/data/arrangement_merged/chr_01/184793.12~A27.K_1L.png,/data5/chensx/MyProject/UAE/data/arrangement_merged/chr_01/184793.12~A27.K_1R.png,0,0.8982528841673504,,0.0020330548286437,0.5842001268149906,chromosome
0,0.0018210411071777,184793,184793.12~A32.K_1,1,,normal,184793.12~A32.K_1L.png,184793.12~A32.K_1R.png,train,/data5/chensx/MyProject/UAE/data/arrangement_merged/chr_01/184793.12~A32.K_1L.png,/data5/chensx/MyProject/UAE/data/arrangement_merged/chr_01/184793.12~A32.K_1R.png,0,0.6289064362816315,,0.0018210411071777,-0.8009207410008449,chromosome
0,0.0021683573722839,184793,184793.12~A38.K_1,1,,normal,184793.12~A38.K_1L.png,184793.12~A38.K_1R.png,train,/data5/chensx/MyProject/UAE/data/arrangement_merged/chr_01/184793.12~A38.K_1L.png,/data5/chensx/MyProject/UAE/data/arrangement_merged/chr_01/184793.12~A38.K_1R.png,0,1.0701439262535417,,0.0021683573722839,1.4681541245502656,chromosome
0,0.0019055604934692,184793,184793.12~A42.K_1,1,,normal,184793.12~A42.K_1L.png,184793.12~A42.K_1R.png,train,/data5/chensx/MyProject/UAE/data/arrangement_merged/chr_01/184793.12~A42.K_1L.png,/data5/chensx/MyProject/UAE/data/arrangement_merged/chr_01/184793.12~A42.K_1R.png,0,0.7362815453909791,,0.0019055604934692,-0.24874154770217727,chromosome
0,0.0019817352294921,184793,184793.13~A10.K_1,1,,normal,184793.13~A10.K_1L.png,184793.13~A10.K_1R.png,train,/data5/chensx/MyProject/UAE/data/arrangement_merged/chr_01/184793.13~A10.K_1L.png,/data5/chensx/MyProject/UAE/data/arrangement_merged/chr_01/184793.13~A10.K_1R.png,0,0.8330554448562444,,0.0019817352294921,0.24892065895175344,chromosome
0,0.0019353628158569,184793,184793.13~A16.K_1,1,,normal,184793.13~A16.K_1L.png,184793.13~A16.K_1R.png,train,/data5/chensx/MyProject/UAE/data/arrangement_merged/chr_01/184793.13~A16.K_1L.png,/data5/chensx/MyProject/UAE/data/arrangement_merged/chr_01/184793.13~A16.K_1R.png,0,0.7741430084055586,,0.0019353628158569,-0.05403802397200044,chromosome
0,0.0022439360618591,184793,184793.13~A43.K_1,1,,normal,184793.13~A43.K_1L.png,184793.13~A43.K_1R.png,train,/data5/chensx/MyProject/UAE/data/arrangement_merged/chr_01/184793.13~A43.K_1L.png,/data5/chensx/MyProject/UAE/data/arrangement_merged/chr_01/184793.13~A43.K_1R.png,0,1.166160596458515,,0.0022439360618591,1.961922260729946,chromosome
0,0.0019381046295166,184793,184793.14~A14.K_1,1,,normal,184793.14~A14.K_1L.png,184793.14~A14.K_1R.png,train,/data5/chensx/MyProject/UAE/data/arrangement_merged/chr_01/184793.14~A14.K_1L.png,/data5/chensx/MyProject/UAE/data/arrangement_merged/chr_01/184793.14~A14.K_1R.png,0,0.7776262630028999,,0.0019381046295166,-0.03612529978861738,chromosome
0,0.0022370815277099,184793,184793.14~A26.K_1,1,,normal,184793.14~A26.K_1L.png,184793.14~A26.K_1R.png,train,/data5/chensx/MyProject/UAE/data/arrangement_merged/chr_01/184793.14~A26.K_1L.png,/data5/chensx/MyProject/UAE/data/arrangement_merged/chr_01/184793.14~A26.K_1R.png,0,1.157452459965162,,0.0022370815277099,1.9171404502718141,chromosome
0,0.0018680095672607,184793,184793.14~A27.K_1,1,,normal,184793.14~A27.K_1L.png,184793.14~A27.K_1R.png,train,/data5/chensx/MyProject/UAE/data/arrangement_merged/chr_01/184793.14~A27.K_1L.png,/data5/chensx/MyProject/UAE/data/arrangement_merged/chr_01/184793.14~A27.K_1R.png,0,0.6885761019926089,,0.0018680095672607,-0.4940679876021863,chromosome
0,0.0020456910133361,184793,184793.14~A3.K_1,1,,normal,184793.14~A3.K_1L.png,184793.14~A3.K_1R.png,train,/data5/chensx/MyProject/UAE/data/arrangement_merged/chr_01/184793.14~A3.K_1L.png,/data5/chensx/MyProject/UAE/data/arrangement_merged/chr_01/184793.14~A3.K_1R.png,0,0.9143061444855322,,0.0020456910133361,0.6667544208766857,chromosome
0,0.0016077756881713,184793,184793.14~A30.K_1,1,,normal,184793.14~A30.K_1L.png,184793.14~A30.K_1R.png,train,/data5/chensx/MyProject/UAE/data/arrangement_merged/chr_01/184793.14~A30.K_1L.png,/data5/chensx/MyProject/UAE/data/arrangement_merged/chr_01/184793.14~A30.K_1R.png,0,0.3579698069493002,,0.0016077756881713,-2.1942191568141087,chromosome
0,0.0020512342453002,184793,184793.14~A32.K_1,1,,normal,184793.14~A32.K_1L.png,184793.14~A32.K_1R.png,train,/data5/chensx/MyProject/UAE/data/arrangement_merged/chr_01/184793.14~A32.K_1L.png,/data5/chensx/MyProject/UAE/data/arrangement_merged/chr_01/184793.14~A32.K_1R.png,0,0.921348376606244,,0.0020512342453002,0.702969276290419,chromosome
0,0.0020406246185302,184793,184793.14~A33.K_1,1,,normal,184793.14~A33.K_1L.png,184793.14~A33.K_1R.png,train,/data5/chensx/MyProject/UAE/data/arrangement_merged/chr_01/184793.14~A33.K_1L.png,/data5/chensx/MyProject/UAE/data/arrangement_merged/chr_01/184793.14~A33.K_1R.png,0,0.9078696957730537,,0.0020406246185302,0.6336548218426148,chromosome
0,0.0019301176071166,184793,184793.14~A4.K_1,1,,normal,184793.14~A4.K_1L.png,184793.14~A4.K_1R.png,train,/data5/chensx/MyProject/UAE/data/arrangement_merged/chr_01/184793.14~A4.K_1L.png,/data5/chensx/MyProject/UAE/data/arrangement_merged/chr_01/184793.14~A4.K_1R.png,0,0.7674793909149926,,0.0019301176071166,-0.08830584414893532,chromosome
0,0.0025185942649841,184793,184793.14~A9.K_1,1,,normal,184793.14~A9.K_1L.png,184793.14~A9.K_1R.png,train,/data5/chensx/MyProject/UAE/data/arrangement_merged/chr_01/184793.14~A9.K_1L.png,/data5/chensx/MyProject/UAE/data/arrangement_merged/chr_01/184793.14~A9.K_1R.png,0,1.5150918396008806,,0.0025185942649841,3.7563099354269682,chromosome
0,0.0017814636230468,184793,184793.1~A26.K_1,1,,normal,184793.1~A26.K_1L.png,184793.1~A26.K_1R.png,train,/data5/chensx/MyProject/UAE/data/arrangement_merged/chr_01/184793.1~A26.K_1L.png,/data5/chensx/MyProject/UAE/data/arrangement_merged/chr_01/184793.1~A26.K_1R.png,0,0.5786264133982698,,0.0017814636230468,-1.059487020514743,chromosome
0,0.0022825002670288,184793,184793.2~A4.K_1,1,,normal,184793.2~A4.K_1L.png,184793.2~A4.K_1R.png,train,/data5/chensx/MyProject/UAE/data/arrangement_merged/chr_01/184793.2~A4.K_1L.png,/data5/chensx/MyProject/UAE/data/arrangement_merged/chr_01/184793.2~A4.K_1R.png,0,1.2151533295993813,,0.0022825002670288,2.213868620436899,chromosome
0,0.0018514394760131,184793,184793.3~A8.K_1,1,,normal,184793.3~A8.K_1L.png,184793.3~A8.K_1R.png,train,/data5/chensx/MyProject/UAE/data/arrangement_merged/chr_01/184793.3~A8.K_1L.png,/data5/chensx/MyProject/UAE/data/arrangement_merged/chr_01/184793.3~A8.K_1R.png,0,0.6675251285565026,,0.0018514394760131,-0.6023231467964179,chromosome
0,0.0019034147262573,185824,185824.11~A10.K_1,1,,normal,185824.11~A10.K_1L.png,185824.11~A10.K_1R.png,train,/data5/chensx/MyProject/UAE/data/arrangement_merged/chr_01/185824.11~A10.K_1L.png,/data5/chensx/MyProject/UAE/data/arrangement_merged/chr_01/185824.11~A10.K_1R.png,0,0.8119529955425769,,0.0019034147262573,-0.26276020141065565,chromosome
0,0.0018960833549499,185824,185824.11~A15.K_1,1,,normal,185824.11~A15.K_1L.png,185824.11~A15.K_1R.png,train,/data5/chensx/MyProject/UAE/data/arrangement_merged/chr_01/185824.11~A15.K_1L.png,/data5/chensx/MyProject/UAE/data/arrangement_merged/chr_01/185824.11~A15.K_1R.png,0,0.8023990159643812,,0.0018960833549499,-0.31065726824844714,chromosome
0,0.0019574165344238,185824,185824.11~A31.K_1,1,,normal,185824.11~A31.K_1L.png,185824.11~A31.K_1R.png,train,/data5/chensx/MyProject/UAE/data/arrangement_merged/chr_01/185824.11~A31.K_1L.png,/data5/chensx/MyProject/UAE/data/arrangement_merged/chr_01/185824.11~A31.K_1R.png,0,0.8823262109722139,,0.0019574165344238,0.09004258358834276,chromosome
0,0.0018412470817565,185824,185824.12~A12.K_1,1,,normal,185824.12~A12.K_1L.png,185824.12~A12.K_1R.png,train,/data5/chensx/MyProject/UAE/data/arrangement_merged/chr_01/185824.12~A12.K_1L.png,/data5/chensx/MyProject/UAE/data/arrangement_merged/chr_01/185824.12~A12.K_1R.png,0,0.7309383557047057,,0.0018412470817565,-0.6689117519121801,chromosome
0,0.0021632313728332,185824,185824.12~A28.K_1,1,,normal,185824.12~A28.K_1L.png,185824.12~A28.K_1R.png,train,/data5/chensx/MyProject/UAE/data/arrangement_merged/chr_01/185824.12~A28.K_1L.png,/data5/chensx/MyProject/UAE/data/arrangement_merged/chr_01/185824.12~A28.K_1R.png,0,1.150536710838148,,0.0021632313728332,1.4346651184685728,chromosome
0,0.0017454624176025,185824,185824.12~A31.K_1,1,,normal,185824.12~A31.K_1L.png,185824.12~A31.K_1R.png,train,/data5/chensx/MyProject/UAE/data/arrangement_merged/chr_01/185824.12~A31.K_1L.png,/data5/chensx/MyProject/UAE/data/arrangement_merged/chr_01/185824.12~A31.K_1R.png,0,0.6061152241424247,,0.0017454624176025,-1.2946888771805238,chromosome
0,0.0018743872642517,185824,185824.12~A38.K_1,1,,normal,185824.12~A38.K_1L.png,185824.12~A38.K_1R.png,train,/data5/chensx/MyProject/UAE/data/arrangement_merged/chr_01/185824.12~A38.K_1L.png,/data5/chensx/MyProject/UAE/data/arrangement_merged/chr_01/185824.12~A38.K_1R.png,0,0.7741254503833792,,0.0018743872642517,-0.4524014335237169,chromosome
0,0.001876950263977,185824,185824.12~A48.K_1,1,,normal,185824.12~A48.K_1L.png,185824.12~A48.K_1R.png,train,/data5/chensx/MyProject/UAE/data/arrangement_merged/chr_01/185824.12~A48.K_1L.png,/data5/chensx/MyProject/UAE/data/arrangement_merged/chr_01/185824.12~A48.K_1R.png,0,0.7774654595042119,,0.001876950263977,-0.4356569304831978,chromosome
0,0.0019705891609191,185824,185824.12~A7.K_1,1,,normal,185824.12~A7.K_1L.png,185824.12~A7.K_1R.png,train,/data5/chensx/MyProject/UAE/data/arrangement_merged/chr_01/185824.12~A7.K_1L.png,/data5/chensx/MyProject/UAE/data/arrangement_merged/chr_01/185824.12~A7.K_1R.png,0,0.8994923043606794,,0.0019705891609191,0.17610154107666764,chromosome
0,0.0019156336784362,185824,185824.13~A1.K_1,1,,normal,185824.13~A1.K_1L.png,185824.13~A1.K_1R.png,train,/data5/chensx/MyProject/UAE/data/arrangement_merged/chr_01/185824.13~A1.K_1L.png,/data5/chensx/MyProject/UAE/data/arrangement_merged/chr_01/185824.13~A1.K_1R.png,0,0.8278762948395698,,0.0019156336784362,-0.1829317566816558,chromosome
0,0.0020901560783386,185824,185824.13~A14.K_1,1,,normal,185824.13~A14.K_1L.png,185824.13~A14.K_1R.png,train,/data5/chensx/MyProject/UAE/data/arrangement_merged/chr_01/185824.13~A14.K_1L.png,/data5/chensx/MyProject/UAE/data/arrangement_merged/chr_01/185824.13~A14.K_1R.png,0,1.055307613579059,,0.0020901560783386,0.9572520782824455,chromosome
0,0.0019627809524536,185824,185824.13~A5.K_1,1,,normal,185824.13~A5.K_1L.png,185824.13~A5.K_1R.png,train,/data5/chensx/MyProject/UAE/data/arrangement_merged/chr_01/185824.13~A5.K_1L.png,/data5/chensx/MyProject/UAE/data/arrangement_merged/chr_01/185824.13~A5.K_1R.png,0,0.8893169277367473,,0.0019627809524536,0.12508921785986532,chromosome
0,0.0018414258956909,185824,185824.1~A10.K_1,1,,normal,185824.1~A10.K_1L.png,185824.1~A10.K_1R.png,train,/data5/chensx/MyProject/UAE/data/arrangement_merged/chr_01/185824.1~A10.K_1L.png,/data5/chensx/MyProject/UAE/data/arrangement_merged/chr_01/185824.1~A10.K_1R.png,0,0.7311713795968569,,0.0018414258956909,-0.6677435307693176,chromosome
0,0.0017561912536621,185824,185824.1~A11.K_1,1,,normal,185824.1~A11.K_1L.png,185824.1~A11.K_1R.png,train,/data5/chensx/MyProject/UAE/data/arrangement_merged/chr_01/185824.1~A11.K_1L.png,/data5/chensx/MyProject/UAE/data/arrangement_merged/chr_01/185824.1~A11.K_1R.png,0,0.6200966576714917,,0.0017561912536621,-1.2245956086374774,chromosome
0,0.0018311738967895,185824,185824.1~A18.K_1,1,,normal,185824.1~A18.K_1L.png,185824.1~A18.K_1R.png,train,/data5/chensx/MyProject/UAE/data/arrangement_merged/chr_01/185824.1~A18.K_1L.png,/data5/chensx/MyProject/UAE/data/arrangement_merged/chr_01/185824.1~A18.K_1R.png,0,0.7178113431135262,,0.0018311738967895,-0.7347215429327015,chromosome
0,0.0020830035209655,185824,185824.1~A39.K_1,1,,normal,185824.1~A39.K_1L.png,185824.1~A39.K_1R.png,train,/data5/chensx/MyProject/UAE/data/arrangement_merged/chr_01/185824.1~A39.K_1L.png,/data5/chensx/MyProject/UAE/data/arrangement_merged/chr_01/185824.1~A39.K_1R.png,0,1.045986657893014,,0.0020830035209655,0.9105232325868621,chromosome
0,0.0019790530204772,185824,185824.2~A10.K_1,1,,normal,185824.2~A10.K_1L.png,185824.2~A10.K_1R.png,train,/data5/chensx/MyProject/UAE/data/arrangement_merged/chr_01/185824.2~A10.K_1L.png,/data5/chensx/MyProject/UAE/data/arrangement_merged/chr_01/185824.2~A10.K_1R.png,0,0.9105221019224988,,0.0019790530204772,0.23139734181599217,chromosome
0,0.0018958449363708,185824,185824.2~A11.K_1,1,,normal,185824.2~A11.K_1L.png,185824.2~A11.K_1R.png,train,/data5/chensx/MyProject/UAE/data/arrangement_merged/chr_01/185824.2~A11.K_1L.png,/data5/chensx/MyProject/UAE/data/arrangement_merged/chr_01/185824.2~A11.K_1R.png,0,0.8020883174415131,,0.0018958449363708,-0.31221489643827843,chromosome
0,0.0016977190971374,185824,185824.2~A14.K_1,1,,normal,185824.2~A14.K_1L.png,185824.2~A14.K_1R.png,train,/data5/chensx/MyProject/UAE/data/arrangement_merged/chr_01/185824.2~A14.K_1L.png,/data5/chensx/MyProject/UAE/data/arrangement_merged/chr_01/185824.2~A14.K_1R.png,0,0.5438978449380768,,0.0016977190971374,-1.6066039221962967,chromosome
0,0.002354621887207,185824,185824.2~A17.K_1,1,,normal,185824.2~A17.K_1L.png,185824.2~A17.K_1R.png,train,/data5/chensx/MyProject/UAE/data/arrangement_merged/chr_01/185824.2~A17.K_1L.png,/data5/chensx/MyProject/UAE/data/arrangement_merged/chr_01/185824.2~A17.K_1R.png,0,1.3999499500705588,,0.002354621887207,2.685051147863704,chromosome
0,0.001983642578125,185824,185824.2~A2.K_1,1,,normal,185824.2~A2.K_1L.png,185824.2~A2.K_1R.png,train,/data5/chensx/MyProject/UAE/data/arrangement_merged/chr_01/185824.2~A2.K_1L.png,/data5/chensx/MyProject/UAE/data/arrangement_merged/chr_01/185824.2~A2.K_1R.png,0,0.9165030484877108,,0.001983642578125,0.2613816844710551,chromosome
0,0.0016483068466186,185824,185824.2~A25.K_1,1,,normal,185824.2~A25.K_1L.png,185824.2~A25.K_1R.png,train,/data5/chensx/MyProject/UAE/data/arrangement_merged/chr_01/185824.2~A25.K_1L.png,/data5/chensx/MyProject/UAE/data/arrangement_merged/chr_01/185824.2~A25.K_1R.png,0,0.4795055760736519,,0.0016483068466186,-1.9294223645408852,chromosome
0,0.0019285082817077,185824,185824.2~A27.K_1,1,,normal,185824.2~A27.K_1L.png,185824.2~A27.K_1R.png,train,/data5/chensx/MyProject/UAE/data/arrangement_merged/chr_01/185824.2~A27.K_1L.png,/data5/chensx/MyProject/UAE/data/arrangement_merged/chr_01/185824.2~A27.K_1R.png,0,0.8446540150744501,,0.0019285082817077,-0.09881983443013086,chromosome
0,0.0018101334571838,185824,185824.2~A7.K_1,1,,normal,185824.2~A7.K_1L.png,185824.2~A7.K_1R.png,train,/data5/chensx/MyProject/UAE/data/arrangement_merged/chr_01/185824.2~A7.K_1L.png,/data5/chensx/MyProject/UAE/data/arrangement_merged/chr_01/185824.2~A7.K_1R.png,0,0.6903921984704116,,0.0018101334571838,-0.8721822306861008,chromosome
0,0.0019542574882507,185824,185824.2~A8.K_1,1,,normal,185824.2~A8.K_1L.png,185824.2~A8.K_1R.png,train,/data5/chensx/MyProject/UAE/data/arrangement_merged/chr_01/185824.2~A8.K_1L.png,/data5/chensx/MyProject/UAE/data/arrangement_merged/chr_01/185824.2~A8.K_1R.png,0,0.8782094555442108,,0.0019542574882507,0.06940401007291898,chromosome
0,0.0019108653068542,185824,185824.2~A9.K_1,1,,normal,185824.2~A9.K_1L.png,185824.2~A9.K_1R.png,train,/data5/chensx/MyProject/UAE/data/arrangement_merged/chr_01/185824.2~A9.K_1L.png,/data5/chensx/MyProject/UAE/data/arrangement_merged/chr_01/185824.2~A9.K_1R.png,0,0.8216623243822068,,0.0019108653068542,-0.21408432047827508,chromosome
0,0.0018695592880249,185824,185824.3~A18.K_1,1,,normal,185824.3~A18.K_1L.png,185824.3~A18.K_1R.png,train,/data5/chensx/MyProject/UAE/data/arrangement_merged/chr_01/185824.3~A18.K_1L.png,/data5/chensx/MyProject/UAE/data/arrangement_merged/chr_01/185824.3~A18.K_1R.png,0,0.767833805295299,,0.0018695592880249,-0.483943404367958,chromosome
0,0.0019570589065551,185824,185824.3~A2.K_1,1,,normal,185824.3~A2.K_1L.png,185824.3~A2.K_1R.png,train,/data5/chensx/MyProject/UAE/data/arrangement_merged/chr_01/185824.3~A2.K_1L.png,/data5/chensx/MyProject/UAE/data/arrangement_merged/chr_01/185824.3~A2.K_1R.png,0,0.8818601631879116,,0.0019570589065551,0.08770614130326934,chromosome
0,0.0020020008087158,185824,185824.3~A28.K_1,1,,normal,185824.3~A28.K_1L.png,185824.3~A28.K_1R.png,train,/data5/chensx/MyProject/UAE/data/arrangement_merged/chr_01/185824.3~A28.K_1L.png,/data5/chensx/MyProject/UAE/data/arrangement_merged/chr_01/185824.3~A28.K_1R.png,0,0.9404268347485588,,0.0020020008087158,0.3813190550886916,chromosome
0,0.0019905567169189,185824,185824.3~A41.K_1,1,,normal,185824.3~A41.K_1L.png,185824.3~A41.K_1R.png,train,/data5/chensx/MyProject/UAE/data/arrangement_merged/chr_01/185824.3~A41.K_1L.png,/data5/chensx/MyProject/UAE/data/arrangement_merged/chr_01/185824.3~A41.K_1R.png,0,0.9255133056508872,,0.0019905567169189,0.3065529019761542,chromosome
0,0.0019075870513916,185824,185824.3~A43.K_1,1,,normal,185824.3~A43.K_1L.png,185824.3~A43.K_1R.png,train,/data5/chensx/MyProject/UAE/data/arrangement_merged/chr_01/185824.3~A43.K_1L.png,/data5/chensx/MyProject/UAE/data/arrangement_merged/chr_01/185824.3~A43.K_1R.png,0,0.8173902196927696,,0.0019075870513916,-0.23550170808828652,chromosome
0,0.0019193291664123,185824,185824.3~A46.K_1,1,,normal,185824.3~A46.K_1L.png,185824.3~A46.K_1R.png,train,/data5/chensx/MyProject/UAE/data/arrangement_merged/chr_01/185824.3~A46.K_1L.png,/data5/chensx/MyProject/UAE/data/arrangement_merged/chr_01/185824.3~A46.K_1R.png,0,0.8326921219440262,,0.0019193291664123,-0.15878851973894914,chromosome
0,0.0018935203552246,186193,186193.11~A23.K_1,1,,normal,186193.11~A23.K_1L.png,186193.11~A23.K_1R.png,train,/data5/chensx/MyProject/UAE/data/arrangement_merged/chr_01/186193.11~A23.K_1L.png,/data5/chensx/MyProject/UAE/data/arrangement_merged/chr_01/186193.11~A23.K_1R.png,0,0.7027558140870075,,0.0018935203552246,-0.32740177128896625,chromosome
0,0.0020195245742797,186193,186193.12~A4.K_1,1,,normal,186193.12~A4.K_1L.png,186193.12~A4.K_1R.png,train,/data5/chensx/MyProject/UAE/data/arrangement_merged/chr_01/186193.12~A4.K_1L.png,/data5/chensx/MyProject/UAE/data/arrangement_merged/chr_01/186193.12~A4.K_1R.png,0,0.8594498826401183,,0.0020195245742797,0.4958047270415951,chromosome
0,0.001849353313446,186193,186193.13~A11.K_1,1,,normal,186193.13~A11.K_1L.png,186193.13~A11.K_1R.png,train,/data5/chensx/MyProject/UAE/data/arrangement_merged/chr_01/186193.13~A11.K_1L.png,/data5/chensx/MyProject/UAE/data/arrangement_merged/chr_01/186193.13~A11.K_1R.png,0,0.6478313558098764,,0.001849353313446,-0.6159523934572745,chromosome
0,0.002023696899414,186193,186193.13~A22.K_1,1,,normal,186193.13~A22.K_1L.png,186193.13~A22.K_1R.png,train,/data5/chensx/MyProject/UAE/data/arrangement_merged/chr_01/186193.13~A22.K_1L.png,/data5/chensx/MyProject/UAE/data/arrangement_merged/chr_01/186193.13~A22.K_1R.png,0,0.8646384279564465,,0.002023696899414,0.5230632203639628,chromosome
0,0.001991868019104,186193,186193.13~A4.K_1,1,,normal,186193.13~A4.K_1L.png,186193.13~A4.K_1R.png,train,/data5/chensx/MyProject/UAE/data/arrangement_merged/chr_01/186193.13~A4.K_1L.png,/data5/chensx/MyProject/UAE/data/arrangement_merged/chr_01/186193.13~A4.K_1R.png,0,0.8250572394004573,,0.001991868019104,0.3151198570205498,chromosome
0,0.0019810795783996,186193,186193.13~A41.K_1,1,,normal,186193.13~A41.K_1L.png,186193.13~A41.K_1R.png,train,/data5/chensx/MyProject/UAE/data/arrangement_merged/chr_01/186193.13~A41.K_1L.png,/data5/chensx/MyProject/UAE/data/arrangement_merged/chr_01/186193.13~A41.K_1R.png,0,0.8116411436539516,,0.0019810795783996,0.24463718142988292,chromosome
0,0.0020915269851684,186193,186193.13~A5.K_1,1,,normal,186193.13~A5.K_1L.png,186193.13~A5.K_1R.png,train,/data5/chensx/MyProject/UAE/data/arrangement_merged/chr_01/186193.13~A5.K_1L.png,/data5/chensx/MyProject/UAE/data/arrangement_merged/chr_01/186193.13~A5.K_1R.png,0,0.9489893503847532,,0.0020915269851684,0.9662084403738084,chromosome
0,0.0019925832748413,186193,186193.1~A34.K_1,1,,normal,186193.1~A34.K_1L.png,186193.1~A34.K_1R.png,train,/data5/chensx/MyProject/UAE/data/arrangement_merged/chr_01/186193.1~A34.K_1L.png,/data5/chensx/MyProject/UAE/data/arrangement_merged/chr_01/186193.1~A34.K_1R.png,0,0.8259467043118278,,0.0019925832748413,0.3197927415900421,chromosome
0,0.002061903476715,186193,186193.1~A38.K_1,1,,normal,186193.1~A38.K_1L.png,186193.1~A38.K_1R.png,train,/data5/chensx/MyProject/UAE/data/arrangement_merged/chr_01/186193.1~A38.K_1L.png,/data5/chensx/MyProject/UAE/data/arrangement_merged/chr_01/186193.1~A38.K_1R.png,0,0.912150678638823,,0.002061903476715,0.7726731377858425,chromosome
0,0.0019062757492065,186193,186193.1~A44.K_1,1,,normal,186193.1~A44.K_1L.png,186193.1~A44.K_1R.png,train,/data5/chensx/MyProject/UAE/data/arrangement_merged/chr_01/186193.1~A44.K_1L.png,/data5/chensx/MyProject/UAE/data/arrangement_merged/chr_01/186193.1~A44.K_1R.png,0,0.7186179383397822,,0.0019062757492065,-0.24406866313268352,chromosome
0,0.0018227100372314,186193,186193.1~A8.K_1,1,,normal,186193.1~A8.K_1L.png,186193.1~A8.K_1R.png,train,/data5/chensx/MyProject/UAE/data/arrangement_merged/chr_01/186193.1~A8.K_1L.png,/data5/chensx/MyProject/UAE/data/arrangement_merged/chr_01/186193.1~A8.K_1R.png,0,0.6146987878613236,,0.0018227100372314,-0.7900173436720275,chromosome
0,0.0020483136177062,186193,186193.2~A1.K_1,1,,normal,186193.2~A1.K_1L.png,186193.2~A1.K_1R.png,train,/data5/chensx/MyProject/UAE/data/arrangement_merged/chr_01/186193.2~A1.K_1L.png,/data5/chensx/MyProject/UAE/data/arrangement_merged/chr_01/186193.2~A1.K_1R.png,0,0.8952508453227827,,0.0020483136177062,0.6838883309648252,chromosome
0,0.0017551183700561,186193,186193.2~A12.K_1,1,,normal,186193.2~A12.K_1L.png,186193.2~A12.K_1R.png,train,/data5/chensx/MyProject/UAE/data/arrangement_merged/chr_01/186193.2~A12.K_1L.png,/data5/chensx/MyProject/UAE/data/arrangement_merged/chr_01/186193.2~A12.K_1R.png,0,0.5306443537368072,,0.0017551183700561,-1.231604935492043,chromosome
0,0.0021106600761413,186193,186193.2~A14.K_1,1,,normal,186193.2~A14.K_1L.png,186193.2~A14.K_1R.png,train,/data5/chensx/MyProject/UAE/data/arrangement_merged/chr_01/186193.2~A14.K_1L.png,/data5/chensx/MyProject/UAE/data/arrangement_merged/chr_01/186193.2~A14.K_1R.png,0,0.9727825367639152,,0.0021106600761413,1.0912081026085618,chromosome
0,0.0022151470184326,186193,186193.2~A15.K_1,1,,normal,186193.2~A15.K_1L.png,186193.2~A15.K_1R.png,train,/data5/chensx/MyProject/UAE/data/arrangement_merged/chr_01/186193.2~A15.K_1L.png,/data5/chensx/MyProject/UAE/data/arrangement_merged/chr_01/186193.2~A15.K_1R.png,0,1.102718535899962,,0.0022151470184326,1.7738386568067133,chromosome
0,0.0018714070320129,186193,186193.2~A24.K_1,1,,normal,186193.2~A24.K_1L.png,186193.2~A24.K_1R.png,train,/data5/chensx/MyProject/UAE/data/arrangement_merged/chr_01/186193.2~A24.K_1L.png,/data5/chensx/MyProject/UAE/data/arrangement_merged/chr_01/186193.2~A24.K_1R.png,0,0.6752565239104682,,0.0018714070320129,-0.47187178589693124,chromosome
0,0.0020687580108642,186193,186193.2~A3.K_1,1,,normal,186193.2~A3.K_1L.png,186193.2~A3.K_1R.png,train,/data5/chensx/MyProject/UAE/data/arrangement_merged/chr_01/186193.2~A3.K_1L.png,/data5/chensx/MyProject/UAE/data/arrangement_merged/chr_01/186193.2~A3.K_1R.png,0,0.9206747173727908,,0.0020687580108642,0.8174549482439742,chromosome
0,0.0019543170928955,186193,186193.2~A37.K_1,1,,normal,186193.2~A37.K_1L.png,186193.2~A37.K_1R.png,train,/data5/chensx/MyProject/UAE/data/arrangement_merged/chr_01/186193.2~A37.K_1L.png,/data5/chensx/MyProject/UAE/data/arrangement_merged/chr_01/186193.2~A37.K_1R.png,0,0.7783603315535037,,0.0019543170928955,0.06979341712054077,chromosome
0,0.0019524097442626,186193,186193.2~A4.K_1,1,,normal,186193.2~A4.K_1L.png,186193.2~A4.K_1R.png,train,/data5/chensx/MyProject/UAE/data/arrangement_merged/chr_01/186193.2~A4.K_1L.png,/data5/chensx/MyProject/UAE/data/arrangement_merged/chr_01/186193.2~A4.K_1R.png,0,0.7759884251231822,,0.0019524097442626,0.057332391601239124,chromosome
0,0.0020852088928222,186193,186193.2~A42.K_1,1,,normal,186193.2~A42.K_1L.png,186193.2~A42.K_1R.png,train,/data5/chensx/MyProject/UAE/data/arrangement_merged/chr_01/186193.2~A42.K_1L.png,/data5/chensx/MyProject/UAE/data/arrangement_merged/chr_01/186193.2~A42.K_1R.png,0,0.9411324103343132,,0.0020852088928222,0.9249312933429636,chromosome
0,0.001918077468872,186193,186193.2~A44.K_1,1,,normal,186193.2~A44.K_1L.png,186193.2~A44.K_1R.png,train,/data5/chensx/MyProject/UAE/data/arrangement_merged/chr_01/186193.2~A44.K_1L.png,/data5/chensx/MyProject/UAE/data/arrangement_merged/chr_01/186193.2~A44.K_1R.png,0,0.7332941093773961,,0.001918077468872,-0.16696606773572434,chromosome
0,0.0018336176872253,186193,186193.2~A46.K_1,1,,normal,186193.2~A46.K_1L.png,186193.2~A46.K_1R.png,train,/data5/chensx/MyProject/UAE/data/arrangement_merged/chr_01/186193.2~A46.K_1L.png,/data5/chensx/MyProject/UAE/data/arrangement_merged/chr_01/186193.2~A46.K_1R.png,0,0.6282631277597244,,0.0018336176872253,-0.7187558539867716,chromosome
0,0.0019320249557495,186193,186193.2~A48.K_1,1,,normal,186193.2~A48.K_1L.png,186193.2~A48.K_1R.png,train,/data5/chensx/MyProject/UAE/data/arrangement_merged/chr_01/186193.2~A48.K_1L.png,/data5/chensx/MyProject/UAE/data/arrangement_merged/chr_01/186193.2~A48.K_1R.png,0,0.7506386751491217,,0.0019320249557495,-0.07584481862963367,chromosome
0,0.0020887851715087,186193,186193.2~A5.K_1,1,,normal,186193.2~A5.K_1L.png,186193.2~A5.K_1R.png,train,/data5/chensx/MyProject/UAE/data/arrangement_merged/chr_01/186193.2~A5.K_1L.png,/data5/chensx/MyProject/UAE/data/arrangement_merged/chr_01/186193.2~A5.K_1R.png,0,0.945579734891166,,0.0020887851715087,0.9482957161904281,chromosome
0,0.0020580887794494,186193,186193.2~A50.K_1,1,,normal,186193.2~A50.K_1L.png,186193.2~A50.K_1R.png,train,/data5/chensx/MyProject/UAE/data/arrangement_merged/chr_01/186193.2~A50.K_1L.png,/data5/chensx/MyProject/UAE/data/arrangement_merged/chr_01/186193.2~A50.K_1R.png,0,0.90740686577818,,0.0020580887794494,0.7477510867485481,chromosome
0,0.0018646717071533,186193,186193.2~A7.K_1,1,,normal,186193.2~A7.K_1L.png,186193.2~A7.K_1R.png,train,/data5/chensx/MyProject/UAE/data/arrangement_merged/chr_01/186193.2~A7.K_1L.png,/data5/chensx/MyProject/UAE/data/arrangement_merged/chr_01/186193.2~A7.K_1R.png,0,0.6668807293283955,,0.0018646717071533,-0.5158747822598195,chromosome
0,0.0018720626831054,186193,186193.3~A15.K_1,1,,normal,186193.3~A15.K_1L.png,186193.3~A15.K_1R.png,train,/data5/chensx/MyProject/UAE/data/arrangement_merged/chr_01/186193.3~A15.K_1L.png,/data5/chensx/MyProject/UAE/data/arrangement_merged/chr_01/186193.3~A15.K_1R.png,0,0.6760718667458911,,0.0018720626831054,-0.4675883083750593,chromosome
0,0.0019071102142333,186193,186193.3~A6.K_1,1,,normal,186193.3~A6.K_1L.png,186193.3~A6.K_1R.png,train,/data5/chensx/MyProject/UAE/data/arrangement_merged/chr_01/186193.3~A6.K_1L.png,/data5/chensx/MyProject/UAE/data/arrangement_merged/chr_01/186193.3~A6.K_1R.png,0,0.7196556474030478,,0.0019071102142333,-0.2386169644686021,chromosome
0,0.001855194568634,Q242362,Q242362.11~A39.K_1,1,,normal,Q242362.11~A39.K_1L.png,Q242362.11~A39.K_1R.png,train,/data5/chensx/MyProject/UAE/data/arrangement_merged/chr_01/Q242362.11~A39.K_1L.png,/data5/chensx/MyProject/UAE/data/arrangement_merged/chr_01/Q242362.11~A39.K_1R.png,0,0.705329629407685,,0.001855194568634,-0.5777905028060895,chromosome
0,0.002082347869873,Q242362,Q242362.12~A25.K_1,1,,normal,Q242362.12~A25.K_1L.png,Q242362.12~A25.K_1R.png,train,/data5/chensx/MyProject/UAE/data/arrangement_merged/chr_01/Q242362.12~A25.K_1L.png,/data5/chensx/MyProject/UAE/data/arrangement_merged/chr_01/Q242362.12~A25.K_1R.png,0,1.0036599477901316,,0.002082347869873,0.9062397550649915,chromosome
0,0.0017252564430236,Q242362,Q242362.12~A30.K_1,1,,normal,Q242362.12~A30.K_1L.png,Q242362.12~A30.K_1R.png,train,/data5/chensx/MyProject/UAE/data/arrangement_merged/chr_01/Q242362.12~A30.K_1L.png,/data5/chensx/MyProject/UAE/data/arrangement_merged/chr_01/Q242362.12~A30.K_1R.png,0,0.534676232904475,,0.0017252564430236,-1.4266978662698417,chromosome
0,0.0019528269767761,Q242362,Q242362.12~A6.K_1,1,,normal,Q242362.12~A6.K_1L.png,Q242362.12~A6.K_1R.png,train,/data5/chensx/MyProject/UAE/data/arrangement_merged/chr_01/Q242362.12~A6.K_1L.png,/data5/chensx/MyProject/UAE/data/arrangement_merged/chr_01/Q242362.12~A6.K_1R.png,0,0.8335545209087208,,0.0019528269767761,0.060058240933934325,chromosome
0,0.0020018219947814,Q242362,Q242362.13~A12.K_1,1,,normal,Q242362.13~A12.K_1L.png,Q242362.13~A12.K_1R.png,train,/data5/chensx/MyProject/UAE/data/arrangement_merged/chr_01/Q242362.13~A12.K_1L.png,/data5/chensx/MyProject/UAE/data/arrangement_merged/chr_01/Q242362.13~A12.K_1R.png,0,0.897901810782867,,0.0020018219947814,0.3801508339458291,chromosome
0,0.0020870566368103,Q242362,Q242362.13~A3.K_1,1,,normal,Q242362.13~A3.K_1L.png,Q242362.13~A3.K_1R.png,train,/data5/chensx/MyProject/UAE/data/arrangement_merged/chr_01/Q242362.13~A3.K_1L.png,/data5/chensx/MyProject/UAE/data/arrangement_merged/chr_01/Q242362.13~A3.K_1R.png,0,1.0098441763790094,,0.0020870566368103,0.9370029118146435,chromosome
0,0.001858651638031,Q242362,Q242362.13~A33.K_1,1,,normal,Q242362.13~A33.K_1L.png,Q242362.13~A33.K_1R.png,train,/data5/chensx/MyProject/UAE/data/arrangement_merged/chr_01/Q242362.13~A33.K_1L.png,/data5/chensx/MyProject/UAE/data/arrangement_merged/chr_01/Q242362.13~A33.K_1R.png,0,0.7098699491311649,,0.001858651638031,-0.555204894053214,chromosome
0,0.0021345615386962,Q242362,Q242362.13~A6.K_1,1,,normal,Q242362.13~A6.K_1L.png,Q242362.13~A6.K_1R.png,train,/data5/chensx/MyProject/UAE/data/arrangement_merged/chr_01/Q242362.13~A6.K_1L.png,/data5/chensx/MyProject/UAE/data/arrangement_merged/chr_01/Q242362.13~A6.K_1R.png,0,1.072234431889587,,0.0021345615386962,1.2473603286399317,chromosome
0,0.0021415948867797,Q242362,Q242362.14~A13.K_1,1,,normal,Q242362.14~A13.K_1L.png,Q242362.14~A13.K_1R.png,train,/data5/chensx/MyProject/UAE/data/arrangement_merged/chr_01/Q242362.14~A13.K_1L.png,/data5/chensx/MyProject/UAE/data/arrangement_merged/chr_01/Q242362.14~A13.K_1R.png,0,1.0814716340856318,,0.0021415948867797,1.2933103602402718,chromosome
0,0.0019407868385314,Q242362,Q242362.14~A25.K_1,1,,normal,Q242362.14~A25.K_1L.png,Q242362.14~A25.K_1R.png,train,/data5/chensx/MyProject/UAE/data/arrangement_merged/chr_01/Q242362.14~A25.K_1L.png,/data5/chensx/MyProject/UAE/data/arrangement_merged/chr_01/Q242362.14~A25.K_1R.png,0,0.8177416832510839,,0.0019407868385314,-0.01860198265350918,chromosome
0,0.0018937587738037,Q242362,Q242362.14~A29.K_1,1,,normal,Q242362.14~A29.K_1L.png,Q242362.14~A29.K_1R.png,train,/data5/chensx/MyProject/UAE/data/arrangement_merged/chr_01/Q242362.14~A29.K_1L.png,/data5/chensx/MyProject/UAE/data/arrangement_merged/chr_01/Q242362.14~A29.K_1R.png,0,0.7559776787368487,,0.0018937587738037,-0.325844143099135,chromosome
0,0.0019090175628662,Q242362,Q242362.14~A36.K_1,1,,normal,Q242362.14~A36.K_1L.png,Q242362.14~A36.K_1R.png,train,/data5/chensx/MyProject/UAE/data/arrangement_merged/chr_01/Q242362.14~A36.K_1L.png,/data5/chensx/MyProject/UAE/data/arrangement_merged/chr_01/Q242362.14~A36.K_1R.png,0,0.7760177106197945,,0.0019090175628662,-0.22615593894930044,chromosome
0,0.0019940137863159,Q242362,Q242362.14~A48.K_1,1,,normal,Q242362.14~A48.K_1L.png,Q242362.14~A48.K_1R.png,train,/data5/chensx/MyProject/UAE/data/arrangement_merged/chr_01/Q242362.14~A48.K_1L.png,/data5/chensx/MyProject/UAE/data/arrangement_merged/chr_01/Q242362.14~A48.K_1R.png,0,0.8876469507177658,,0.0019940137863159,0.3291385107290296,chromosome
0,0.0022648572921752,Q242362,Q242362.1~A28.K_1,1,,normal,Q242362.1~A28.K_1L.png,Q242362.1~A28.K_1R.png,train,/data5/chensx/MyProject/UAE/data/arrangement_merged/chr_01/Q242362.1~A28.K_1L.png,/data5/chensx/MyProject/UAE/data/arrangement_merged/chr_01/Q242362.1~A28.K_1R.png,0,1.2433575166400532,,0.0022648572921752,2.0986041343881032,chromosome
0,0.0020713806152343,Q242362,Q242362.1~A32.K_1,1,,normal,Q242362.1~A32.K_1L.png,Q242362.1~A32.K_1R.png,train,/data5/chensx/MyProject/UAE/data/arrangement_merged/chr_01/Q242362.1~A32.K_1L.png,/data5/chensx/MyProject/UAE/data/arrangement_merged/chr_01/Q242362.1~A32.K_1R.png,0,0.9892561748742644,,0.0020713806152343,0.8345888583321137,chromosome
0,0.0019981861114501,Q242362,Q242362.1~A4.K_1,1,,normal,Q242362.1~A4.K_1L.png,Q242362.1~A4.K_1R.png,train,/data5/chensx/MyProject/UAE/data/arrangement_merged/chr_01/Q242362.1~A4.K_1L.png,/data5/chensx/MyProject/UAE/data/arrangement_merged/chr_01/Q242362.1~A4.K_1R.png,0,0.8931266469357588,,0.0019981861114501,0.35639700405074287,chromosome
0,0.0022634863853454,Q242362,Q242362.1~A9.K_1,1,,normal,Q242362.1~A9.K_1L.png,Q242362.1~A9.K_1R.png,train,/data5/chensx/MyProject/UAE/data/arrangement_merged/chr_01/Q242362.1~A9.K_1L.png,/data5/chensx/MyProject/UAE/data/arrangement_merged/chr_01/Q242362.1~A9.K_1R.png,0,1.2415570450255695,,0.0022634863853454,2.0896477722967375,chromosome
0,0.0020458698272705,Q242362,Q242362.2~A14.K_1,1,,normal,Q242362.2~A14.K_1L.png,Q242362.2~A14.K_1R.png,train,/data5/chensx/MyProject/UAE/data/arrangement_merged/chr_01/Q242362.2~A14.K_1L.png,/data5/chensx/MyProject/UAE/data/arrangement_merged/chr_01/Q242362.2~A14.K_1R.png,0,0.9557517465699644,,0.0020458698272705,0.6679226420195482,chromosome
0,0.0021764039993286,Q242362,Q242362.2~A2.K_1,1,,normal,Q242362.2~A2.K_1L.png,Q242362.2~A2.K_1R.png,train,/data5/chensx/MyProject/UAE/data/arrangement_merged/chr_01/Q242362.2~A2.K_1L.png,/data5/chensx/MyProject/UAE/data/arrangement_merged/chr_01/Q242362.2~A2.K_1R.png,0,1.127187956818602,,0.0021764039993286,1.5207240759575493,chromosome
0,0.0017952919006347,Q242362,Q242362.2~A7.K_1,1,,normal,Q242362.2~A7.K_1L.png,Q242362.2~A7.K_1R.png,train,/data5/chensx/MyProject/UAE/data/arrangement_merged/chr_01/Q242362.2~A7.K_1L.png,/data5/chensx/MyProject/UAE/data/arrangement_merged/chr_01/Q242362.2~A7.K_1R.png,0,0.6266568479922143,,0.0017952919006347,-0.9691445855038947,chromosome
0,0.0017064809799194,Q242362,Q242362.2~A9.K_1,1,,normal,Q242362.2~A9.K_1L.png,Q242362.2~A9.K_1R.png,train,/data5/chensx/MyProject/UAE/data/arrangement_merged/chr_01/Q242362.2~A9.K_1L.png,/data5/chensx/MyProject/UAE/data/arrangement_merged/chr_01/Q242362.2~A9.K_1R.png,0,0.5100175999235066,,0.0017064809799194,-1.549361086219519,chromosome
0,0.0016745924949645,Q242362,Q242362.3~A15.K_1,1,,normal,Q242362.3~A15.K_1L.png,Q242362.3~A15.K_1R.png,train,/data5/chensx/MyProject/UAE/data/arrangement_merged/chr_01/Q242362.3~A15.K_1L.png,/data5/chensx/MyProject/UAE/data/arrangement_merged/chr_01/Q242362.3~A15.K_1R.png,0,0.4681370645431316,,0.0016745924949645,-1.7576938566112055,chromosome
0,0.0019746422767639,Q242362,Q242362.4~A30.K_1,1,,normal,Q242362.4~A30.K_1L.png,Q242362.4~A30.K_1R.png,train,/data5/chensx/MyProject/UAE/data/arrangement_merged/chr_01/Q242362.4~A30.K_1L.png,/data5/chensx/MyProject/UAE/data/arrangement_merged/chr_01/Q242362.4~A30.K_1R.png,0,0.8622055039913699,,0.0019746422767639,0.20258122030444628,chromosome
0,0.0019878149032592,Q242362,Q242362.4~A42.K_1,1,,normal,Q242362.4~A42.K_1L.png,Q242362.4~A42.K_1R.png,train,/data5/chensx/MyProject/UAE/data/arrangement_merged/chr_01/Q242362.4~A42.K_1L.png,/data5/chensx/MyProject/UAE/data/arrangement_merged/chr_01/Q242362.4~A42.K_1R.png,0,0.8795056877653191,,0.0019878149032592,0.2886401777927712,chromosome
0,0.002061128616333,Q242664,Q242664.11~A21.K_1,1,,normal,Q242664.11~A21.K_1L.png,Q242664.11~A21.K_1R.png,train,/data5/chensx/MyProject/UAE/data/arrangement_merged/chr_01/Q242664.11~A21.K_1L.png,/data5/chensx/MyProject/UAE/data/arrangement_merged/chr_01/Q242664.11~A21.K_1R.png,0,1.0736256865391938,,0.002061128616333,0.7676108461693828,chromosome
0,0.0016142129898071,Q242664,Q242664.12~A1.K_1,1,,normal,Q242664.12~A1.K_1L.png,Q242664.12~A1.K_1R.png,train,/data5/chensx/MyProject/UAE/data/arrangement_merged/chr_01/Q242664.12~A1.K_1L.png,/data5/chensx/MyProject/UAE/data/arrangement_merged/chr_01/Q242664.12~A1.K_1R.png,0,0.4687151021686102,,0.0016142129898071,-2.152163195688019,chromosome
0,0.0018551349639892,Q242664,Q242664.12~A16.K_1,1,,normal,Q242664.12~A16.K_1L.png,Q242664.12~A16.K_1R.png,train,/data5/chensx/MyProject/UAE/data/arrangement_merged/chr_01/Q242664.12~A16.K_1L.png,/data5/chensx/MyProject/UAE/data/arrangement_merged/chr_01/Q242664.12~A16.K_1R.png,0,0.7948085380216242,,0.0018551349639892,-0.5781799098537111,chromosome
0,0.0020437836647033,Q242664,Q242664.12~A19.K_1,1,,normal,Q242664.12~A19.K_1L.png,Q242664.12~A19.K_1R.png,train,/data5/chensx/MyProject/UAE/data/arrangement_merged/chr_01/Q242664.12~A19.K_1L.png,/data5/chensx/MyProject/UAE/data/arrangement_merged/chr_01/Q242664.12~A19.K_1R.png,0,1.050148895387975,,0.0020437836647033,0.6542933953580385,chromosome
0,0.0016909837722778,Q242664,Q242664.12~A22.K_1,1,,normal,Q242664.12~A22.K_1L.png,Q242664.12~A22.K_1R.png,train,/data5/chensx/MyProject/UAE/data/arrangement_merged/chr_01/Q242664.12~A22.K_1L.png,/data5/chensx/MyProject/UAE/data/arrangement_merged/chr_01/Q242664.12~A22.K_1R.png,0,0.5726261227966859,,0.0016909837722778,-1.650606918559185,chromosome
0,0.002009630203247,Q242664,Q242664.12~A24.K_1,1,,normal,Q242664.12~A24.K_1L.png,Q242664.12~A24.K_1R.png,train,/data5/chensx/MyProject/UAE/data/arrangement_merged/chr_01/Q242664.12~A24.K_1L.png,/data5/chensx/MyProject/UAE/data/arrangement_merged/chr_01/Q242664.12~A24.K_1R.png,0,1.0039213994098015,,0.002009630203247,0.43116315716328313,chromosome
0,0.0020501613616943,Q242664,Q242664.12~A29.K_1,1,,normal,Q242664.12~A29.K_1L.png,Q242664.12~A29.K_1R.png,train,/data5/chensx/MyProject/UAE/data/arrangement_merged/chr_01/Q242664.12~A29.K_1L.png,/data5/chensx/MyProject/UAE/data/arrangement_merged/chr_01/Q242664.12~A29.K_1R.png,0,1.0587812550208973,,0.0020501613616943,0.6959599494365051,chromosome
0,0.0019726753234863,Q242664,Q242664.12~A34.K_1,1,,normal,Q242664.12~A34.K_1L.png,Q242664.12~A34.K_1R.png,train,/data5/chensx/MyProject/UAE/data/arrangement_merged/chr_01/Q242664.12~A34.K_1L.png,/data5/chensx/MyProject/UAE/data/arrangement_merged/chr_01/Q242664.12~A34.K_1R.png,0,0.9539021192938024,,0.0019726753234863,0.18973078773817734,chromosome
0,0.0019911527633666,Q242664,Q242664.12~A37.K_1,1,,normal,Q242664.12~A37.K_1L.png,Q242664.12~A37.K_1R.png,train,/data5/chensx/MyProject/UAE/data/arrangement_merged/chr_01/Q242664.12~A37.K_1L.png,/data5/chensx/MyProject/UAE/data/arrangement_merged/chr_01/Q242664.12~A37.K_1R.png,0,0.978911759351802,,0.0019911527633666,0.310446972450403,chromosome
0,0.0019983053207397,Q242664,Q242664.12~A8.K_1,1,,normal,Q242664.12~A8.K_1L.png,Q242664.12~A8.K_1R.png,train,/data5/chensx/MyProject/UAE/data/arrangement_merged/chr_01/Q242664.12~A8.K_1L.png,/data5/chensx/MyProject/UAE/data/arrangement_merged/chr_01/Q242664.12~A8.K_1R.png,0,0.9885929103419951,,0.0019983053207397,0.3571758181459864,chromosome
0,0.0017743706703186,Q242664,Q242664.13~A20.K_1,1,,normal,Q242664.13~A20.K_1L.png,Q242664.13~A20.K_1R.png,train,/data5/chensx/MyProject/UAE/data/arrangement_merged/chr_01/Q242664.13~A20.K_1L.png,/data5/chensx/MyProject/UAE/data/arrangement_merged/chr_01/Q242664.13~A20.K_1R.png,0,0.6854922080906906,,0.0017743706703186,-1.1058264591620504,chromosome
0,0.0017968416213989,Q242664,Q242664.13~A32.K_1,1,,normal,Q242664.13~A32.K_1L.png,Q242664.13~A32.K_1R.png,train,/data5/chensx/MyProject/UAE/data/arrangement_merged/chr_01/Q242664.13~A32.K_1L.png,/data5/chensx/MyProject/UAE/data/arrangement_merged/chr_01/Q242664.13~A32.K_1R.png,0,0.7159071574515481,,0.0017968416213989,-0.9590200022696664,chromosome
0,0.0018508434295654,Q242664,Q242664.13~A33.K_1,1,,normal,Q242664.13~A33.K_1L.png,Q242664.13~A33.K_1R.png,train,/data5/chensx/MyProject/UAE/data/arrangement_merged/chr_01/Q242664.13~A33.K_1L.png,/data5/chensx/MyProject/UAE/data/arrangement_merged/chr_01/Q242664.13~A33.K_1R.png,0,0.7889998474275082,,0.0018508434295654,-0.606217217270668,chromosome
0,0.0019689202308654,Q242664,Q242664.13~A42.K_1,1,,normal,Q242664.13~A42.K_1L.png,Q242664.13~A42.K_1R.png,train,/data5/chensx/MyProject/UAE/data/arrangement_merged/chr_01/Q242664.13~A42.K_1L.png,/data5/chensx/MyProject/UAE/data/arrangement_merged/chr_01/Q242664.13~A42.K_1R.png,0,0.9488195150239508,,0.0019689202308654,0.1651981437478503,chromosome
0,0.0021275877952575,Q242664,Q242664.13~A50.K_1,1,,normal,Q242664.13~A50.K_1L.png,Q242664.13~A50.K_1R.png,train,/data5/chensx/MyProject/UAE/data/arrangement_merged/chr_01/Q242664.13~A50.K_1L.png,/data5/chensx/MyProject/UAE/data/arrangement_merged/chr_01/Q242664.13~A50.K_1R.png,0,1.1635797144897408,,0.0021275877952575,1.2017997040872108,chromosome
0,0.0019938945770263,Q242664,Q242664.14~A47.K_1,1,,normal,Q242664.14~A47.K_1L.png,Q242664.14~A47.K_1R.png,train,/data5/chensx/MyProject/UAE/data/arrangement_merged/chr_01/Q242664.14~A47.K_1L.png,/data5/chensx/MyProject/UAE/data/arrangement_merged/chr_01/Q242664.14~A47.K_1R.png,0,0.982622867231376,,0.0019938945770263,0.32835969663378606,chromosome
0,0.0017051696777343,Q242664,Q242664.1~A14.K_1,1,,normal,Q242664.1~A14.K_1L.png,Q242664.1~A14.K_1R.png,train,/data5/chensx/MyProject/UAE/data/arrangement_merged/chr_01/Q242664.1~A14.K_1L.png,/data5/chensx/MyProject/UAE/data/arrangement_merged/chr_01/Q242664.1~A14.K_1R.png,0,0.5918270722605694,,0.0017051696777343,-1.557928041263916,chromosome
0,0.0019832849502563,Q242664,Q242664.2~A1.K_1,1,,normal,Q242664.2~A1.K_1L.png,Q242664.2~A1.K_1R.png,train,/data5/chensx/MyProject/UAE/data/arrangement_merged/chr_01/Q242664.2~A1.K_1L.png,/data5/chensx/MyProject/UAE/data/arrangement_merged/chr_01/Q242664.2~A1.K_1R.png,0,0.9682624932625892,,0.0019832849502563,0.2590452421859817,chromosome
0,0.0019169449806213,Q242664,Q242664.2~A10.K_1,1,,normal,Q242664.2~A10.K_1L.png,Q242664.2~A10.K_1R.png,train,/data5/chensx/MyProject/UAE/data/arrangement_merged/chr_01/Q242664.2~A10.K_1L.png,/data5/chensx/MyProject/UAE/data/arrangement_merged/chr_01/Q242664.2~A10.K_1R.png,0,0.8784698178285454,,0.0019169449806213,-0.1743648016372588,chromosome
0,0.0017433166503906,Q242664,Q242664.2~A30.K_1,1,,normal,Q242664.2~A30.K_1L.png,Q242664.2~A30.K_1R.png,train,/data5/chensx/MyProject/UAE/data/arrangement_merged/chr_01/Q242664.2~A30.K_1L.png,/data5/chensx/MyProject/UAE/data/arrangement_merged/chr_01/Q242664.2~A30.K_1R.png,0,0.6434598775416008,,0.0017433166503906,-1.3087075308890024,chromosome
0,0.0019501447677612,Q242664,Q242664.2~A32.K_1,1,,normal,Q242664.2~A32.K_1L.png,Q242664.2~A32.K_1R.png,train,/data5/chensx/MyProject/UAE/data/arrangement_merged/chr_01/Q242664.2~A32.K_1L.png,/data5/chensx/MyProject/UAE/data/arrangement_merged/chr_01/Q242664.2~A32.K_1R.png,0,0.9234064936746932,,0.0019501447677612,0.042534923798171635,chromosome
0,0.0019153356552124,Q242664,Q242664.2~A6.K_1,1,,normal,Q242664.2~A6.K_1L.png,Q242664.2~A6.K_1R.png,train,/data5/chensx/MyProject/UAE/data/arrangement_merged/chr_01/Q242664.2~A6.K_1L.png,/data5/chensx/MyProject/UAE/data/arrangement_merged/chr_01/Q242664.2~A6.K_1R.png,0,0.8762915588557519,,0.0019153356552124,-0.18487879191845433,chromosome
0,0.0020022392272949,Q242664,Q242664.3~A19.K_1,1,,normal,Q242664.3~A19.K_1L.png,Q242664.3~A19.K_1R.png,train,/data5/chensx/MyProject/UAE/data/arrangement_merged/chr_01/Q242664.3~A19.K_1L.png,/data5/chensx/MyProject/UAE/data/arrangement_merged/chr_01/Q242664.3~A19.K_1R.png,0,0.9939175433866017,,0.0020022392272949,0.3828766832785243,chromosome
0,0.0020513534545898,Q242664,Q242664.3~A29.K_1,1,,normal,Q242664.3~A29.K_1L.png,Q242664.3~A29.K_1R.png,train,/data5/chensx/MyProject/UAE/data/arrangement_merged/chr_01/Q242664.3~A29.K_1L.png,/data5/chensx/MyProject/UAE/data/arrangement_merged/chr_01/Q242664.3~A29.K_1R.png,0,1.0603947801859297,,0.0020513534545898,0.7037480903856599,chromosome
0,0.001856505870819,Q242664,Q242664.3~A44.K_1,1,,normal,Q242664.3~A44.K_1L.png,Q242664.3~A44.K_1R.png,train,/data5/chensx/MyProject/UAE/data/arrangement_merged/chr_01/Q242664.3~A44.K_1L.png,/data5/chensx/MyProject/UAE/data/arrangement_merged/chr_01/Q242664.3~A44.K_1R.png,0,0.7966640919614113,,0.001856505870819,-0.5692235477623455,chromosome
0,0.0021092891693115,Q242664,Q242664.3~A48.K_1,1,,normal,Q242664.3~A48.K_1L.png,Q242664.3~A48.K_1R.png,train,/data5/chensx/MyProject/UAE/data/arrangement_merged/chr_01/Q242664.3~A48.K_1L.png,/data5/chensx/MyProject/UAE/data/arrangement_merged/chr_01/Q242664.3~A48.K_1R.png,0,1.138812103206496,,0.0021092891693115,1.082251740517196,chromosome
0,0.0020238757133483,Q242664,Q242664.4~A14.K_1,1,,normal,Q242664.4~A14.K_1L.png,Q242664.4~A14.K_1R.png,train,/data5/chensx/MyProject/UAE/data/arrangement_merged/chr_01/Q242664.4~A14.K_1L.png,/data5/chensx/MyProject/UAE/data/arrangement_merged/chr_01/Q242664.4~A14.K_1R.png,0,1.0232030251319366,,0.0020238757133483,0.5242314415061737,chromosome
0,0.0019734501838684,Q242664,Q242664.4~A34.K_1,1,,normal,Q242664.4~A34.K_1L.png,Q242664.4~A34.K_1R.png,train,/data5/chensx/MyProject/UAE/data/arrangement_merged/chr_01/Q242664.4~A34.K_1L.png,/data5/chensx/MyProject/UAE/data/arrangement_merged/chr_01/Q242664.4~A34.K_1R.png,0,0.9549509106510732,,0.0019734501838684,0.19479307935529144,chromosome
0,0.0021443367004394,Q242664,Q242664.4~A41.K_1,1,,normal,Q242664.4~A41.K_1L.png,Q242664.4~A41.K_1R.png,train,/data5/chensx/MyProject/UAE/data/arrangement_merged/chr_01/Q242664.4~A41.K_1L.png,/data5/chensx/MyProject/UAE/data/arrangement_merged/chr_01/Q242664.4~A41.K_1R.png,0,1.1862497430584436,,0.0021443367004394,1.3112230844236548,chromosome
0,0.0019237995147705,Q242664,Q242664.4~A49.K_1,1,,normal,Q242664.4~A49.K_1L.png,Q242664.4~A49.K_1R.png,train,/data5/chensx/MyProject/UAE/data/arrangement_merged/chr_01/Q242664.4~A49.K_1L.png,/data5/chensx/MyProject/UAE/data/arrangement_merged/chr_01/Q242664.4~A49.K_1R.png,0,0.8877475875274807,,0.0019237995147705,-0.12958299117912836,chromosome
0,0.0021132230758666,Q250230,Q250230.11~A30.K_1,1,,normal,Q250230.11~A30.K_1L.png,Q250230.11~A30.K_1R.png,train,/data5/chensx/MyProject/UAE/data/arrangement_merged/chr_01/Q250230.11~A30.K_1L.png,/data5/chensx/MyProject/UAE/data/arrangement_merged/chr_01/Q250230.11~A30.K_1R.png,0,0.9839453451115912,,0.0021132230758666,1.1079526056490796,chromosome
0,0.0019320249557495,Q250230,Q250230.12~A40.K_1,1,,normal,Q250230.12~A40.K_1L.png,Q250230.12~A40.K_1R.png,train,/data5/chensx/MyProject/UAE/data/arrangement_merged/chr_01/Q250230.12~A40.K_1L.png,/data5/chensx/MyProject/UAE/data/arrangement_merged/chr_01/Q250230.12~A40.K_1R.png,0,0.757206334403885,,0.0019320249557495,-0.07584481862963367,chromosome
0,0.0019517540931701,Q250230,Q250230.13~A45.K_1,1,,normal,Q250230.13~A45.K_1L.png,Q250230.13~A45.K_1R.png,train,/data5/chensx/MyProject/UAE/data/arrangement_merged/chr_01/Q250230.13~A45.K_1L.png,/data5/chensx/MyProject/UAE/data/arrangement_merged/chr_01/Q250230.13~A45.K_1R.png,0,0.7818940358987043,,0.0019517540931701,0.053048914079368584,chromosome
0,0.0020201802253723,Q250230,Q250230.14~A21.K_1,1,,normal,Q250230.14~A21.K_1L.png,Q250230.14~A21.K_1R.png,train,/data5/chensx/MyProject/UAE/data/arrangement_merged/chr_01/Q250230.14~A21.K_1L.png,/data5/chensx/MyProject/UAE/data/arrangement_merged/chr_01/Q250230.14~A21.K_1R.png,0,0.8675178465212197,,0.0020201802253723,0.5000882045641202,chromosome
0,0.0023155212402343,Q250230,Q250230.14~A43.K_1,1,,normal,Q250230.14~A43.K_1L.png,Q250230.14~A43.K_1R.png,train,/data5/chensx/MyProject/UAE/data/arrangement_merged/chr_01/Q250230.14~A43.K_1L.png,/data5/chensx/MyProject/UAE/data/arrangement_merged/chr_01/Q250230.14~A43.K_1R.png,0,1.2370875169346027,,0.0023155212402343,2.429600124729467,chromosome
0,0.0019730925559997,Q250230,Q250230.15~A8.K_1,1,,normal,Q250230.15~A8.K_1L.png,Q250230.15~A8.K_1R.png,train,/data5/chensx/MyProject/UAE/data/arrangement_merged/chr_01/Q250230.15~A8.K_1L.png,/data5/chensx/MyProject/UAE/data/arrangement_merged/chr_01/Q250230.15~A8.K_1R.png,0,0.8085955378175723,,0.0019730925559997,0.19245663707021804,chromosome
0,0.0020712614059448,Q250230,Q250230.1~A20.K_1,1,,normal,Q250230.1~A20.K_1L.png,Q250230.1~A20.K_1R.png,train,/data5/chensx/MyProject/UAE/data/arrangement_merged/chr_01/Q250230.1~A20.K_1L.png,/data5/chensx/MyProject/UAE/data/arrangement_merged/chr_01/Q250230.1~A20.K_1R.png,0,0.9314373636845434,,0.0020712614059448,0.8338100442375247,chromosome
0,0.0019307136535644,Q250230,Q250230.2~A24.K_1,1,,normal,Q250230.2~A24.K_1L.png,Q250230.2~A24.K_1R.png,train,/data5/chensx/MyProject/UAE/data/arrangement_merged/chr_01/Q250230.2~A24.K_1L.png,/data5/chensx/MyProject/UAE/data/arrangement_merged/chr_01/Q250230.2~A24.K_1R.png,0,0.7555654599842897,,0.0019307136535644,-0.08441177367403066,chromosome
0,0.0017615556716918,Q250230,Q250230.2~A27.K_1,1,,normal,Q250230.2~A27.K_1L.png,Q250230.2~A27.K_1R.png,train,/data5/chensx/MyProject/UAE/data/arrangement_merged/chr_01/Q250230.2~A27.K_1L.png,/data5/chensx/MyProject/UAE/data/arrangement_merged/chr_01/Q250230.2~A27.K_1R.png,0,0.5438926598565035,,0.0017615556716918,-1.189548974366608,chromosome
0,0.0018192529678344,Q250230,Q250230.2~A38.K_1,1,,normal,Q250230.2~A38.K_1L.png,Q250230.2~A38.K_1R.png,train,/data5/chensx/MyProject/UAE/data/arrangement_merged/chr_01/Q250230.2~A38.K_1L.png,/data5/chensx/MyProject/UAE/data/arrangement_merged/chr_01/Q250230.2~A38.K_1R.png,0,0.6160911343186941,,0.0018192529678344,-0.8126029524249029,chromosome
0,0.0018803477287292,Q250230,Q250230.4~A35.K_1,1,,normal,Q250230.4~A35.K_1L.png,Q250230.4~A35.K_1R.png,train,/data5/chensx/MyProject/UAE/data/arrangement_merged/chr_01/Q250230.4~A35.K_1L.png,/data5/chensx/MyProject/UAE/data/arrangement_merged/chr_01/Q250230.4~A35.K_1R.png,0,0.6925409652316543,,0.0018803477287292,-0.4134607287779442,chromosome
0,0.0019701123237609,Q250230,Q250230.5~A21.K_1,1,,normal,Q250230.5~A21.K_1L.png,Q250230.5~A21.K_1R.png,train,/data5/chensx/MyProject/UAE/data/arrangement_merged/chr_01/Q250230.5~A21.K_1L.png,/data5/chensx/MyProject/UAE/data/arrangement_merged/chr_01/Q250230.5~A21.K_1R.png,0,0.8048662777730378,,0.0019701123237609,0.17298628469700514,chromosome
0,0.0019258856773376,Q250230,Q250230.5~A42.K_1,1,,normal,Q250230.5~A42.K_1L.png,Q250230.5~A42.K_1R.png,train,/data5/chensx/MyProject/UAE/data/arrangement_merged/chr_01/Q250230.5~A42.K_1L.png,/data5/chensx/MyProject/UAE/data/arrangement_merged/chr_01/Q250230.5~A42.K_1R.png,0,0.7495240587121437,,0.0019258856773376,-0.11595374451827034,chromosome
0,0.0019457340240478,Q250230,Q250230.5~A46.K_1,1,,normal,Q250230.5~A46.K_1L.png,Q250230.5~A46.K_1R.png,train,/data5/chensx/MyProject/UAE/data/arrangement_merged/chr_01/Q250230.5~A46.K_1L.png,/data5/chensx/MyProject/UAE/data/arrangement_merged/chr_01/Q250230.5~A46.K_1R.png,0,0.7743609306087443,,0.0019457340240478,0.013718802285972663,chromosome
0,0.0019649267196655,Q250230,Q250230.5~A5.K_1,1,,normal,Q250230.5~A5.K_1L.png,Q250230.5~A5.K_1R.png,train,/data5/chensx/MyProject/UAE/data/arrangement_merged/chr_01/Q250230.5~A5.K_1L.png,/data5/chensx/MyProject/UAE/data/arrangement_merged/chr_01/Q250230.5~A5.K_1R.png,0,0.7983773652955475,,0.0019649267196655,0.13910787156834512,chromosome
0,0.0021748542785644,Q250230,Q250230.5~A6.K_1,1,,normal,Q250230.5~A6.K_1L.png,Q250230.5~A6.K_1R.png,train,/data5/chensx/MyProject/UAE/data/arrangement_merged/chr_01/Q250230.5~A6.K_1L.png,/data5/chensx/MyProject/UAE/data/arrangement_merged/chr_01/Q250230.5~A6.K_1R.png,0,1.0610664428325676,,0.0021748542785644,1.510599492723324,chromosome
0,0.0020219683647155,Q251136,Q251136.12~A20.K_1,1,,normal,Q251136.12~A20.K_1L.png,Q251136.12~A20.K_1R.png,train,/data5/chensx/MyProject/UAE/data/arrangement_merged/chr_01/Q251136.12~A20.K_1L.png,/data5/chensx/MyProject/UAE/data/arrangement_merged/chr_01/Q251136.12~A20.K_1R.png,0,0.6781086955644547,,0.0020219683647155,0.5117704159875237,chromosome
0,0.0019553303718566,Q251136,Q251136.12~A23.K_1,1,,normal,Q251136.12~A23.K_1L.png,Q251136.12~A23.K_1R.png,train,/data5/chensx/MyProject/UAE/data/arrangement_merged/chr_01/Q251136.12~A23.K_1L.png,/data5/chensx/MyProject/UAE/data/arrangement_merged/chr_01/Q251136.12~A23.K_1R.png,0,0.6125375190587492,,0.0019553303718566,0.07641333692683307,chromosome
0,0.0018979310989379,Q251136,Q251136.14~A16.K_1,1,,normal,Q251136.14~A16.K_1L.png,Q251136.14~A16.K_1R.png,train,/data5/chensx/MyProject/UAE/data/arrangement_merged/chr_01/Q251136.14~A16.K_1L.png,/data5/chensx/MyProject/UAE/data/arrangement_merged/chr_01/Q251136.14~A16.K_1R.png,0,0.5560571586159994,,0.0018979310989379,-0.29858564977742036,chromosome
0,0.0018323063850402,Q251136,Q251136.14~A17.K_1,1,,normal,Q251136.14~A17.K_1L.png,Q251136.14~A17.K_1R.png,train,/data5/chensx/MyProject/UAE/data/arrangement_merged/chr_01/Q251136.14~A17.K_1L.png,/data5/chensx/MyProject/UAE/data/arrangement_merged/chr_01/Q251136.14~A17.K_1R.png,0,0.4914830393559083,,0.0018323063850402,-0.7273228090311685,chromosome
0,0.0020887851715087,Q251136,Q251136.14~A18.K_1,1,,normal,Q251136.14~A18.K_1L.png,Q251136.14~A18.K_1R.png,train,/data5/chensx/MyProject/UAE/data/arrangement_merged/chr_01/Q251136.14~A18.K_1L.png,/data5/chensx/MyProject/UAE/data/arrangement_merged/chr_01/Q251136.14~A18.K_1R.png,0,0.7438558233487981,,0.0020887851715087,0.9482957161904281,chromosome
0,0.0014979839324951,Q251136,Q251136.14~A2.K_1,1,,normal,Q251136.14~A2.K_1L.png,Q251136.14~A2.K_1R.png,train,/data5/chensx/MyProject/UAE/data/arrangement_merged/chr_01/Q251136.14~A2.K_1L.png,/data5/chensx/MyProject/UAE/data/arrangement_merged/chr_01/Q251136.14~A2.K_1R.png,0,0.1625127987293413,,0.0014979839324951,-2.9115069382355103,chromosome
0,0.0017949342727661,Q251136,Q251136.14~A31.K_1,1,,normal,Q251136.14~A31.K_1L.png,Q251136.14~A31.K_1R.png,train,/data5/chensx/MyProject/UAE/data/arrangement_merged/chr_01/Q251136.14~A31.K_1L.png,/data5/chensx/MyProject/UAE/data/arrangement_merged/chr_01/Q251136.14~A31.K_1R.png,0,0.4547092221205977,,0.0017949342727661,-0.9714810277883136,chromosome
0,0.0021183490753173,Q251136,Q251136.14~A39.K_1,1,,normal,Q251136.14~A39.K_1L.png,Q251136.14~A39.K_1R.png,train,/data5/chensx/MyProject/UAE/data/arrangement_merged/chr_01/Q251136.14~A39.K_1L.png,/data5/chensx/MyProject/UAE/data/arrangement_merged/chr_01/Q251136.14~A39.K_1R.png,0,0.7729464347502559,,0.0021183490753173,1.1414416117307722,chromosome
0,0.0018975138664245,Q251136,Q251136.1~A12.K_1,1,,normal,Q251136.1~A12.K_1L.png,Q251136.1~A12.K_1R.png,train,/data5/chensx/MyProject/UAE/data/arrangement_merged/chr_01/Q251136.1~A12.K_1L.png,/data5/chensx/MyProject/UAE/data/arrangement_merged/chr_01/Q251136.1~A12.K_1R.png,0,0.555646605632511,,0.0018975138664245,-0.3013114991094611,chromosome
0,0.002008318901062,Q251136,Q251136.1~A38.K_1,1,,normal,Q251136.1~A38.K_1L.png,Q251136.1~A38.K_1R.png,train,/data5/chensx/MyProject/UAE/data/arrangement_merged/chr_01/Q251136.1~A38.K_1L.png,/data5/chensx/MyProject/UAE/data/arrangement_merged/chr_01/Q251136.1~A38.K_1R.png,0,0.6646777479617655,,0.002008318901062,0.4225962021195392,chromosome
0,0.0018635988235473,Q251136,Q251136.2~A15.K_1,1,,normal,Q251136.2~A15.K_1L.png,Q251136.2~A15.K_1R.png,train,/data5/chensx/MyProject/UAE/data/arrangement_merged/chr_01/Q251136.2~A15.K_1L.png,/data5/chensx/MyProject/UAE/data/arrangement_merged/chr_01/Q251136.2~A15.K_1R.png,0,0.5222745131175321,,0.0018635988235473,-0.5228841091143852,chromosome
0,0.0019745826721191,Q251136,Q251136.2~A2.K_1,1,,normal,Q251136.2~A2.K_1L.png,Q251136.2~A2.K_1R.png,train,/data5/chensx/MyProject/UAE/data/arrangement_merged/chr_01/Q251136.2~A2.K_1L.png,/data5/chensx/MyProject/UAE/data/arrangement_merged/chr_01/Q251136.2~A2.K_1R.png,0,0.6314816067254244,,0.0019745826721191,0.20219181325682448,chromosome
0,0.0018561482429504,Q251136,Q251136.2~A20.K_1,1,,normal,Q251136.2~A20.K_1L.png,Q251136.2~A20.K_1R.png,train,/data5/chensx/MyProject/UAE/data/arrangement_merged/chr_01/Q251136.2~A20.K_1L.png,/data5/chensx/MyProject/UAE/data/arrangement_merged/chr_01/Q251136.2~A20.K_1R.png,0,0.5149432098409551,,0.0018561482429504,-0.5715599900467658,chromosome
0,0.0017967820167541,Q251136,Q251136.2~A25.K_1,1,,normal,Q251136.2~A25.K_1L.png,Q251136.2~A25.K_1R.png,train,/data5/chensx/MyProject/UAE/data/arrangement_merged/chr_01/Q251136.2~A25.K_1L.png,/data5/chensx/MyProject/UAE/data/arrangement_merged/chr_01/Q251136.2~A25.K_1R.png,0,0.4565273853331888,,0.0017967820167541,-0.9594094093172868,chromosome
0,0.0016447305679321,Q251136,Q251136.2~A36.K_1,1,,normal,Q251136.2~A36.K_1L.png,Q251136.2~A36.K_1R.png,train,/data5/chensx/MyProject/UAE/data/arrangement_merged/chr_01/Q251136.2~A36.K_1L.png,/data5/chensx/MyProject/UAE/data/arrangement_merged/chr_01/Q251136.2~A36.K_1R.png,0,0.3069101480648036,,0.0016447305679321,-1.9527867873883498,chromosome
0,0.0019546747207641,Q251136,Q251136.2~A5.K_1,1,,normal,Q251136.2~A5.K_1L.png,Q251136.2~A5.K_1R.png,train,/data5/chensx/MyProject/UAE/data/arrangement_merged/chr_01/Q251136.2~A5.K_1L.png,/data5/chensx/MyProject/UAE/data/arrangement_merged/chr_01/Q251136.2~A5.K_1R.png,0,0.6118923643704105,,0.0019546747207641,0.0721298594049597,chromosome
0,0.0018919706344604,Q251136,Q251136.2~A7.K_1,1,,normal,Q251136.2~A7.K_1L.png,Q251136.2~A7.K_1R.png,train,/data5/chensx/MyProject/UAE/data/arrangement_merged/chr_01/Q251136.2~A7.K_1L.png,/data5/chensx/MyProject/UAE/data/arrangement_merged/chr_01/Q251136.2~A7.K_1R.png,0,0.5501921159947377,,0.0018919706344604,-0.3375263545231945,chromosome
0,0.0019314289093017,Q251136,Q251136.3~A16.K_1,1,,normal,Q251136.3~A16.K_1L.png,Q251136.3~A16.K_1R.png,train,/data5/chensx/MyProject/UAE/data/arrangement_merged/chr_01/Q251136.3~A16.K_1L.png,/data5/chensx/MyProject/UAE/data/arrangement_merged/chr_01/Q251136.3~A16.K_1R.png,0,0.58901869814749,,0.0019314289093017,-0.07973888910453833,chromosome
0,0.0018427371978759,Q251136,Q251136.3~A21.K_1,1,,normal,Q251136.3~A21.K_1L.png,Q251136.3~A21.K_1R.png,train,/data5/chensx/MyProject/UAE/data/arrangement_merged/chr_01/Q251136.3~A21.K_1L.png,/data5/chensx/MyProject/UAE/data/arrangement_merged/chr_01/Q251136.3~A21.K_1R.png,0,0.5017468639431163,,0.0018427371978759,-0.6591765757255736,chromosome
0,0.0019947290420532,Q251136,Q251136.3~A23.K_1,1,,normal,Q251136.3~A23.K_1L.png,Q251136.3~A23.K_1R.png,train,/data5/chensx/MyProject/UAE/data/arrangement_merged/chr_01/Q251136.3~A23.K_1L.png,/data5/chensx/MyProject/UAE/data/arrangement_merged/chr_01/Q251136.3~A23.K_1R.png,0,0.6513054507852889,,0.0019947290420532,0.33381139529852194,chromosome
0,0.0018793940544128,Q251136,Q251136.3~A26.K_1,1,,normal,Q251136.3~A26.K_1L.png,Q251136.3~A26.K_1R.png,train,/data5/chensx/MyProject/UAE/data/arrangement_merged/chr_01/Q251136.3~A26.K_1L.png,/data5/chensx/MyProject/UAE/data/arrangement_merged/chr_01/Q251136.3~A26.K_1R.png,0,0.5378168760638755,,0.0018793940544128,-0.4196912415372678,chromosome
0,0.0018658638000488,Q251136,Q251136.3~A32.K_1,1,,normal,Q251136.3~A32.K_1L.png,Q251136.3~A32.K_1R.png,train,/data5/chensx/MyProject/UAE/data/arrangement_merged/chr_01/Q251136.3~A32.K_1L.png,/data5/chensx/MyProject/UAE/data/arrangement_merged/chr_01/Q251136.3~A32.K_1R.png,0,0.5245032293136116,,0.0018658638000488,-0.5080866413106647,chromosome
0,0.0020779371261596,Q251136,Q251136.3~A36.K_1,1,,normal,Q251136.3~A36.K_1L.png,Q251136.3~A36.K_1R.png,train,/data5/chensx/MyProject/UAE/data/arrangement_merged/chr_01/Q251136.3~A36.K_1L.png,/data5/chensx/MyProject/UAE/data/arrangement_merged/chr_01/Q251136.3~A36.K_1R.png,0,0.7331814457781017,,0.0020779371261596,0.8774236335527911,chromosome
0,0.0018274784088134,Q251136,Q251136.3~A40.K_1,1,,normal,Q251136.3~A40.K_1L.png,Q251136.3~A40.K_1R.png,train,/data5/chensx/MyProject/UAE/data/arrangement_merged/chr_01/Q251136.3~A40.K_1L.png,/data5/chensx/MyProject/UAE/data/arrangement_merged/chr_01/Q251136.3~A40.K_1R.png,0,0.4867323548326864,,0.0018274784088134,-0.7588647798754082,chromosome
0,0.002113938331604,Q251136,Q251136.3~A41.K_1,1,,normal,Q251136.3~A41.K_1L.png,Q251136.3~A41.K_1R.png,train,/data5/chensx/MyProject/UAE/data/arrangement_merged/chr_01/Q251136.3~A41.K_1L.png,/data5/chensx/MyProject/UAE/data/arrangement_merged/chr_01/Q251136.3~A41.K_1R.png,0,0.7686063032105223,,0.002113938331604,1.1126254902192263,chromosome
0,0.0021929740905761,Q251136,Q251136.4~A12.K_1,1,,normal,Q251136.4~A12.K_1L.png,Q251136.4~A12.K_1R.png,train,/data5/chensx/MyProject/UAE/data/arrangement_merged/chr_01/Q251136.4~A12.K_1L.png,/data5/chensx/MyProject/UAE/data/arrangement_merged/chr_01/Q251136.4~A12.K_1R.png,0,0.846376768368452,,0.0021929740905761,1.6289792351511279,chromosome
0,0.0020738840103149,Q251136,Q251136.4~A13.K_1,1,,normal,Q251136.4~A13.K_1L.png,Q251136.4~A13.K_1R.png,train,/data5/chensx/MyProject/UAE/data/arrangement_merged/chr_01/Q251136.4~A13.K_1L.png,/data5/chensx/MyProject/UAE/data/arrangement_merged/chr_01/Q251136.4~A13.K_1R.png,0,0.7291932167956439,,0.0020738840103149,0.8509439543256669,chromosome
0,0.0017321705818176,Q251136,Q251136.4~A15.K_1,1,,normal,Q251136.4~A15.K_1L.png,Q251136.4~A15.K_1R.png,train,/data5/chensx/MyProject/UAE/data/arrangement_merged/chr_01/Q251136.4~A15.K_1L.png,/data5/chensx/MyProject/UAE/data/arrangement_merged/chr_01/Q251136.4~A15.K_1R.png,0,0.3929503233187123,,0.0017321705818176,-1.3815266487640896,chromosome
0,0.0019398927688598,Q251136,Q251136.4~A16.K_1,1,,normal,Q251136.4~A16.K_1L.png,Q251136.4~A16.K_1R.png,train,/data5/chensx/MyProject/UAE/data/arrangement_merged/chr_01/Q251136.4~A16.K_1L.png,/data5/chensx/MyProject/UAE/data/arrangement_merged/chr_01/Q251136.4~A16.K_1R.png,0,0.5973470586696815,,0.0019398927688598,-0.024443088365212383,chromosome
0,0.0020296573638916,Q251136,Q251136.4~A19.K_1,1,,normal,Q251136.4~A19.K_1L.png,Q251136.4~A19.K_1R.png,train,/data5/chensx/MyProject/UAE/data/arrangement_merged/chr_01/Q251136.4~A19.K_1L.png,/data5/chensx/MyProject/UAE/data/arrangement_merged/chr_01/Q251136.4~A19.K_1R.png,0,0.6856746005458823,,0.0020296573638916,0.5620039251103887,chromosome
0,0.0017746686935424,Q251136,Q251136.4~A2.K_1,1,,normal,Q251136.4~A2.K_1L.png,Q251136.4~A2.K_1R.png,train,/data5/chensx/MyProject/UAE/data/arrangement_merged/chr_01/Q251136.4~A2.K_1L.png,/data5/chensx/MyProject/UAE/data/arrangement_merged/chr_01/Q251136.4~A2.K_1R.png,0,0.434768077208308,,0.0017746686935424,-1.1038794239252518,chromosome
0,0.0019106864929199,Q251136,Q251136.4~A36.K_1,1,,normal,Q251136.4~A36.K_1L.png,Q251136.4~A36.K_1R.png,train,/data5/chensx/MyProject/UAE/data/arrangement_merged/chr_01/Q251136.4~A36.K_1L.png,/data5/chensx/MyProject/UAE/data/arrangement_merged/chr_01/Q251136.4~A36.K_1R.png,0,0.5686083498254993,,0.0019106864929199,-0.21525254162048454,chromosome
0,0.0020016431808471,Q251136,Q251136.4~A5.K_1,1,,normal,Q251136.4~A5.K_1L.png,Q251136.4~A5.K_1R.png,train,/data5/chensx/MyProject/UAE/data/arrangement_merged/chr_01/Q251136.4~A5.K_1L.png,/data5/chensx/MyProject/UAE/data/arrangement_merged/chr_01/Q251136.4~A5.K_1R.png,0,0.6581089002259524,,0.0020016431808471,0.3789826128036182,chromosome
0,0.0011907219886779,165070,165070.11~A20.K_10,10,,normal,165070.11~A20.K_10L.png,165070.11~A20.K_10R.png,train,/data5/chensx/MyProject/UAE/data/arrangement_merged/chr_10/165070.11~A20.K_10L.png,/data5/chensx/MyProject/UAE/data/arrangement_merged/chr_10/165070.11~A20.K_10R.png,0,-0.1040573083531953,,0.0011907219886779,1.2252988610285032,chromosome
0,0.001083493232727,165070,165070.11~A21.K_10,10,,normal,165070.11~A21.K_10L.png,165070.11~A21.K_10R.png,train,/data5/chensx/MyProject/UAE/data/arrangement_merged/chr_10/165070.11~A21.K_10L.png,/data5/chensx/MyProject/UAE/data/arrangement_merged/chr_10/165070.11~A21.K_10R.png,0,-0.2551184589970265,,0.001083493232727,0.6963261100484259,chromosome
0,0.001095175743103,165070,165070.11~A30.K_10,10,,normal,165070.11~A30.K_10L.png,165070.11~A30.K_10R.png,train,/data5/chensx/MyProject/UAE/data/arrangement_merged/chr_10/165070.11~A30.K_10L.png,/data5/chensx/MyProject/UAE/data/arrangement_merged/chr_10/165070.11~A30.K_10R.png,0,-0.2386604348023679,,0.001095175743103,0.753957382528876,chromosome
0,0.0006269216537475,165070,165070.12~A1.K_10,10,,normal,165070.12~A1.K_10L.png,165070.12~A1.K_10R.png,train,/data5/chensx/MyProject/UAE/data/arrangement_merged/chr_10/165070.12~A1.K_10L.png,/data5/chensx/MyProject/UAE/data/arrangement_merged/chr_10/165070.12~A1.K_10R.png,0,-0.8983249147678697,,0.0006269216537475,-1.555998110356527,chromosome
0,0.0009852051734924,165070,165070.12~A21.K_10,10,,normal,165070.12~A21.K_10L.png,165070.12~A21.K_10R.png,train,/data5/chensx/MyProject/UAE/data/arrangement_merged/chr_10/165070.12~A21.K_10L.png,/data5/chensx/MyProject/UAE/data/arrangement_merged/chr_10/165070.12~A21.K_10R.png,0,-0.393584182961272,,0.0009852051734924,0.21145892474203126,chromosome
0,0.0009260773658752,165070,165070.12~A41.K_10,10,,normal,165070.12~A41.K_10L.png,165070.12~A41.K_10R.png,train,/data5/chensx/MyProject/UAE/data/arrangement_merged/chr_10/165070.12~A41.K_10L.png,/data5/chensx/MyProject/UAE/data/arrangement_merged/chr_10/165070.12~A41.K_10R.png,0,-0.4768819380689321,,0.0009260773658752,-0.08022588291360143,chromosome
0,0.0009676814079284,165070,165070.12~A5.K_10,10,,normal,165070.12~A5.K_10L.png,165070.12~A5.K_10R.png,train,/data5/chensx/MyProject/UAE/data/arrangement_merged/chr_10/165070.12~A5.K_10L.png,/data5/chensx/MyProject/UAE/data/arrangement_merged/chr_10/165070.12~A5.K_10R.png,0,-0.41827121925326,,0.0009676814079284,0.12501201602135603,chromosome
0,0.0008745789527893,165070,165070.12~A9.K_10,10,,normal,165070.12~A9.K_10L.png,165070.12~A9.K_10R.png,train,/data5/chensx/MyProject/UAE/data/arrangement_merged/chr_10/165070.12~A9.K_10L.png,/data5/chensx/MyProject/UAE/data/arrangement_merged/chr_10/165070.12~A9.K_10R.png,0,-0.5494315957433458,,0.0008745789527893,-0.3342739411940751,chromosome
0,0.0007454752922058,165070,165070.13~A24.K_10,10,,normal,165070.13~A24.K_10L.png,165070.13~A24.K_10R.png,train,/data5/chensx/MyProject/UAE/data/arrangement_merged/chr_10/165070.13~A24.K_10L.png,/data5/chensx/MyProject/UAE/data/arrangement_merged/chr_10/165070.13~A24.K_10R.png,0,-0.7313095569965633,,0.0007454752922058,-0.9711583095226903,chromosome
0,0.0008425712585449,165070,165070.13~A25.K_10,10,,normal,165070.13~A25.K_10L.png,165070.13~A25.K_10R.png,train,/data5/chensx/MyProject/UAE/data/arrangement_merged/chr_10/165070.13~A25.K_10L.png,/data5/chensx/MyProject/UAE/data/arrangement_merged/chr_10/165070.13~A25.K_10R.png,0,-0.5945232232562626,,0.0008425712585449,-0.4921718663060878,chromosome
0,0.0006696581840515,165070,165070.13~A26.K_10,10,,normal,165070.13~A26.K_10L.png,165070.13~A26.K_10R.png,train,/data5/chensx/MyProject/UAE/data/arrangement_merged/chr_10/165070.13~A26.K_10L.png,/data5/chensx/MyProject/UAE/data/arrangement_merged/chr_10/165070.13~A26.K_10R.png,0,-0.8381187752394501,,0.0006696581840515,-1.3451735064358978,chromosome
0,0.0013507604598999,165070,165070.13~A27.K_10,10,,normal,165070.13~A27.K_10L.png,165070.13~A27.K_10R.png,train,/data5/chensx/MyProject/UAE/data/arrangement_merged/chr_10/165070.13~A27.K_10L.png,/data5/chensx/MyProject/UAE/data/arrangement_merged/chr_10/165070.13~A27.K_10R.png,0,0.1214008292113886,,0.0013507604598999,2.014788486588565,chromosome
0,0.0009591579437255,165070,165070.13~A28.K_10,10,,normal,165070.13~A28.K_10L.png,165070.13~A28.K_10R.png,train,/data5/chensx/MyProject/UAE/data/arrangement_merged/chr_10/165070.13~A28.K_10L.png,/data5/chensx/MyProject/UAE/data/arrangement_merged/chr_10/165070.13~A28.K_10R.png,0,-0.4302788593544651,,0.0009591579437255,0.08296471007897639,chromosome
0,0.0009517669677734,165070,165070.13~A3.K_10,10,,normal,165070.13~A3.K_10L.png,165070.13~A3.K_10R.png,train,/data5/chensx/MyProject/UAE/data/arrangement_merged/chr_10/165070.13~A3.K_10L.png,/data5/chensx/MyProject/UAE/data/arrangement_merged/chr_10/165070.13~A3.K_10R.png,0,-0.4406910787429225,,0.0009517669677734,0.04650410912226908,chromosome
0,0.00068199634552,165070,165070.13~A36.K_10,10,,normal,165070.13~A36.K_10L.png,165070.13~A36.K_10R.png,train,/data5/chensx/MyProject/UAE/data/arrangement_merged/chr_10/165070.13~A36.K_10L.png,/data5/chensx/MyProject/UAE/data/arrangement_merged/chr_10/165070.13~A36.K_10R.png,0,-0.8207370864216218,,0.00068199634552,-1.2843078258061855,chromosome
0,0.0011839270591735,165070,165070.13~A40.K_10,10,,normal,165070.13~A40.K_10L.png,165070.13~A40.K_10R.png,train,/data5/chensx/MyProject/UAE/data/arrangement_merged/chr_10/165070.13~A40.K_10L.png,/data5/chensx/MyProject/UAE/data/arrangement_merged/chr_10/165070.13~A40.K_10R.png,0,-0.1136298326296805,,0.0011839270591735,1.191778631116445,chromosome
0,0.0008102655410766,165070,165070.13~A9.K_10,10,,normal,165070.13~A9.K_10L.png,165070.13~A9.K_10R.png,train,/data5/chensx/MyProject/UAE/data/arrangement_merged/chr_10/165070.13~A9.K_10L.png,/data5/chensx/MyProject/UAE/data/arrangement_merged/chr_10/165070.13~A9.K_10R.png,0,-0.6400346983251656,,0.0008102655410766,-0.6515399769406713,chromosome
0,0.0008394718170166,165070,165070.1~A9.K_10,10,,normal,165070.1~A9.K_10L.png,165070.1~A9.K_10R.png,train,/data5/chensx/MyProject/UAE/data/arrangement_merged/chr_10/165070.1~A9.K_10L.png,/data5/chensx/MyProject/UAE/data/arrangement_merged/chr_10/165070.1~A9.K_10R.png,0,-0.598889637838519,,0.0008394718170166,-0.5074617957395454,chromosome
0,0.0015546083450317,165070,165070.2~A31.K_10,10,,normal,165070.2~A31.K_10L.png,165070.2~A31.K_10R.png,train,/data5/chensx/MyProject/UAE/data/arrangement_merged/chr_10/165070.2~A31.K_10L.png,/data5/chensx/MyProject/UAE/data/arrangement_merged/chr_10/165070.2~A31.K_10R.png,0,0.4085765575059426,,0.0015546083450317,3.020395383949328,chromosome
0,0.0007480978965759,165070,165070.3~A15.K_10,10,,normal,165070.3~A15.K_10L.png,165070.3~A15.K_10R.png,train,/data5/chensx/MyProject/UAE/data/arrangement_merged/chr_10/165070.3~A15.K_10L.png,/data5/chensx/MyProject/UAE/data/arrangement_merged/chr_10/165070.3~A15.K_10R.png,0,-0.7276148985038848,,0.0007480978965759,-0.9582206769251492,chromosome
0,0.0007405281066894,165070,165070.3~A2.K_10,10,,normal,165070.3~A2.K_10L.png,165070.3~A2.K_10R.png,train,/data5/chensx/MyProject/UAE/data/arrangement_merged/chr_10/165070.3~A2.K_10L.png,/data5/chensx/MyProject/UAE/data/arrangement_merged/chr_10/165070.3~A2.K_10R.png,0,-0.7382790264259341,,0.0007405281066894,-0.9955633891956952,chromosome
0,0.0009760856628417,165070,165070.3~A30.K_10,10,,normal,165070.3~A30.K_10L.png,165070.3~A30.K_10R.png,train,/data5/chensx/MyProject/UAE/data/arrangement_merged/chr_10/165070.3~A30.K_10L.png,/data5/chensx/MyProject/UAE/data/arrangement_merged/chr_10/165070.3~A30.K_10R.png,0,-0.4064315181744494,,0.0009760856628417,0.16647124775450928,chromosome
0,0.0005769729614257,165070,165070.3~A35.K_10,10,,normal,165070.3~A35.K_10L.png,165070.3~A35.K_10R.png,train,/data5/chensx/MyProject/UAE/data/arrangement_merged/chr_10/165070.3~A35.K_10L.png,/data5/chensx/MyProject/UAE/data/arrangement_merged/chr_10/165070.3~A35.K_10R.png,0,-0.9686913651511552,,0.0005769729614257,-1.8024012039205186,chromosome
0,0.0009956359863281,165070,165070.3~A43.K_10,10,,normal,165070.3~A43.K_10L.png,165070.3~A43.K_10R.png,train,/data5/chensx/MyProject/UAE/data/arrangement_merged/chr_10/165070.3~A43.K_10L.png,/data5/chensx/MyProject/UAE/data/arrangement_merged/chr_10/165070.3~A43.K_10R.png,0,-0.3788895185017554,,0.0009956359863281,0.2629154180280775,chromosome
0,0.0012341737747192,170215,170215.12~A1.K_10,10,,normal,170215.12~A1.K_10L.png,170215.12~A1.K_10R.png,train,/data5/chensx/MyProject/UAE/data/arrangement_merged/chr_10/170215.12~A1.K_10L.png,/data5/chensx/MyProject/UAE/data/arrangement_merged/chr_10/170215.12~A1.K_10R.png,0,-0.1260691053874951,,0.0012341737747192,1.439651910203007,chromosome
0,0.0009447932243347,170215,170215.12~A24.K_10,10,,normal,170215.12~A24.K_10L.png,170215.12~A24.K_10R.png,train,/data5/chensx/MyProject/UAE/data/arrangement_merged/chr_10/170215.12~A24.K_10L.png,/data5/chensx/MyProject/UAE/data/arrangement_merged/chr_10/170215.12~A24.K_10R.png,0,-0.5059253580987298,,0.0009447932243347,0.01210176789686536,chromosome
0,0.0008312463760375,170215,170215.12~A31.K_10,10,,normal,170215.12~A31.K_10L.png,170215.12~A31.K_10R.png,train,/data5/chensx/MyProject/UAE/data/arrangement_merged/chr_10/170215.12~A31.K_10L.png,/data5/chensx/MyProject/UAE/data/arrangement_merged/chr_10/170215.12~A31.K_10R.png,0,-0.6549729711605017,,0.0008312463760375,-0.5480389161598472,chromosome
0,0.0012667179107666,170215,170215.12~A33.K_10,10,,normal,170215.12~A33.K_10L.png,170215.12~A33.K_10R.png,train,/data5/chensx/MyProject/UAE/data/arrangement_merged/chr_10/170215.12~A33.K_10L.png,/data5/chensx/MyProject/UAE/data/arrangement_merged/chr_10/170215.12~A33.K_10R.png,0,-0.0833499469981368,,0.0012667179107666,1.6001961692555495,chromosome
0,0.0008929967880249,170215,170215.12~A44.K_10,10,,normal,170215.12~A44.K_10L.png,170215.12~A44.K_10R.png,train,/data5/chensx/MyProject/UAE/data/arrangement_merged/chr_10/170215.12~A44.K_10L.png,/data5/chensx/MyProject/UAE/data/arrangement_merged/chr_10/170215.12~A44.K_10R.png,0,-0.5739161065242835,,0.0008929967880249,-0.2434164759061798,chromosome
0,0.0007749795913696,170215,170215.12~A47.K_10,10,,normal,170215.12~A47.K_10L.png,170215.12~A47.K_10R.png,train,/data5/chensx/MyProject/UAE/data/arrangement_merged/chr_10/170215.12~A47.K_10L.png,/data5/chensx/MyProject/UAE/data/arrangement_merged/chr_10/170215.12~A47.K_10R.png,0,-0.7288317358483298,,0.0007749795913696,-0.8256099427994872,chromosome
0,0.0006284713745117,170215,170215.12~A48.K_10,10,,normal,170215.12~A48.K_10L.png,170215.12~A48.K_10R.png,train,/data5/chensx/MyProject/UAE/data/arrangement_merged/chr_10/170215.12~A48.K_10L.png,/data5/chensx/MyProject/UAE/data/arrangement_merged/chr_10/170215.12~A48.K_10R.png,0,-0.9211461888172722,,0.0006284713745117,-1.5483531456395516,chromosome
0,0.0009690523147583,170215,170215.12~A49.K_10,10,,normal,170215.12~A49.K_10L.png,170215.12~A49.K_10R.png,train,/data5/chensx/MyProject/UAE/data/arrangement_merged/chr_10/170215.12~A49.K_10L.png,/data5/chensx/MyProject/UAE/data/arrangement_merged/chr_10/170215.12~A49.K_10R.png,0,-0.474081589848787,,0.0009690523147583,0.1317748694249863,chromosome
0,0.0008408427238464,170215,170215.12~A6.K_10,10,,normal,170215.12~A6.K_10L.png,170215.12~A6.K_10R.png,train,/data5/chensx/MyProject/UAE/data/arrangement_merged/chr_10/170215.12~A6.K_10L.png,/data5/chensx/MyProject/UAE/data/arrangement_merged/chr_10/170215.12~A6.K_10R.png,0,-0.6423762962508192,,0.0008408427238464,-0.5006989423364088,chromosome
0,0.0006327629089355,170215,170215.12~A7.K_10,10,,normal,170215.12~A7.K_10L.png,170215.12~A7.K_10R.png,train,/data5/chensx/MyProject/UAE/data/arrangement_merged/chr_10/170215.12~A7.K_10L.png,/data5/chensx/MyProject/UAE/data/arrangement_merged/chr_10/170215.12~A7.K_10R.png,0,-0.9155128932054888,,0.0006327629089355,-1.527182474116302,chromosome
0,0.001092791557312,170215,170215.13~A21.K_10,10,,normal,170215.13~A21.K_10L.png,170215.13~A21.K_10R.png,train,/data5/chensx/MyProject/UAE/data/arrangement_merged/chr_10/170215.13~A21.K_10L.png,/data5/chensx/MyProject/UAE/data/arrangement_merged/chr_10/170215.13~A21.K_10R.png,0,-0.3116548997090294,,0.001092791557312,0.7421958983492929,chromosome
0,0.0010911226272583,170215,170215.13~A36.K_10,10,,normal,170215.13~A36.K_10L.png,170215.13~A36.K_10R.png,train,/data5/chensx/MyProject/UAE/data/arrangement_merged/chr_10/170215.13~A36.K_10L.png,/data5/chensx/MyProject/UAE/data/arrangement_merged/chr_10/170215.13~A36.K_10R.png,0,-0.3138456257802785,,0.0010911226272583,0.7339628594235843,chromosome
0,0.000906229019165,170215,170215.13~A44.K_10,10,,normal,170215.13~A44.K_10L.png,170215.13~A44.K_10R.png,train,/data5/chensx/MyProject/UAE/data/arrangement_merged/chr_10/170215.13~A44.K_10L.png,/data5/chensx/MyProject/UAE/data/arrangement_merged/chr_10/170215.13~A44.K_10R.png,0,-0.5565467783879511,,0.000906229019165,-0.17814023870924686,chromosome
0,0.0007857680320739,170215,170215.13~A47.K_10,10,,normal,170215.13~A47.K_10L.png,170215.13~A47.K_10R.png,train,/data5/chensx/MyProject/UAE/data/arrangement_merged/chr_10/170215.13~A47.K_10L.png,/data5/chensx/MyProject/UAE/data/arrangement_merged/chr_10/170215.13~A47.K_10R.png,0,-0.7146702566020408,,0.0007857680320739,-0.7723892268867503,chromosome
0,0.0009546875953674,170215,170215.13~A5.K_10,10,,normal,170215.13~A5.K_10L.png,170215.13~A5.K_10R.png,train,/data5/chensx/MyProject/UAE/data/arrangement_merged/chr_10/170215.13~A5.K_10L.png,/data5/chensx/MyProject/UAE/data/arrangement_merged/chr_10/170215.13~A5.K_10R.png,0,-0.4929374821048957,,0.0009546875953674,0.06091192724238161,chromosome
0,0.000743806362152,170215,170215.1~A9.K_10,10,,normal,170215.1~A9.K_10L.png,170215.1~A9.K_10R.png,train,/data5/chensx/MyProject/UAE/data/arrangement_merged/chr_10/170215.1~A9.K_10L.png,/data5/chensx/MyProject/UAE/data/arrangement_merged/chr_10/170215.1~A9.K_10R.png,0,-0.7697513692505906,,0.000743806362152,-0.9793913484488921,chromosome
0,0.0007063746452331,170215,170215.2~A19.K_10,10,,normal,170215.2~A19.K_10L.png,170215.2~A19.K_10R.png,train,/data5/chensx/MyProject/UAE/data/arrangement_merged/chr_10/170215.2~A19.K_10L.png,/data5/chensx/MyProject/UAE/data/arrangement_merged/chr_10/170215.2~A19.K_10R.png,0,-0.8188862254200355,,0.0007063746452331,-1.1640466500693325,chromosome
0,0.0011067986488342,170215,170215.2~A2.K_10,10,,normal,170215.2~A2.K_10L.png,170215.2~A2.K_10R.png,train,/data5/chensx/MyProject/UAE/data/arrangement_merged/chr_10/170215.2~A2.K_10L.png,/data5/chensx/MyProject/UAE/data/arrangement_merged/chr_10/170215.2~A2.K_10R.png,0,-0.2932684487539027,,0.0011067986488342,0.8112946179047127,chromosome
0,0.0006804466247558,170215,170215.2~A23.K_10,10,,normal,170215.2~A23.K_10L.png,170215.2~A23.K_10R.png,train,/data5/chensx/MyProject/UAE/data/arrangement_merged/chr_10/170215.2~A23.K_10L.png,/data5/chensx/MyProject/UAE/data/arrangement_merged/chr_10/170215.2~A23.K_10R.png,0,-0.8529207197412275,,0.0006804466247558,-1.2919527905231616,chromosome
0,0.0011017322540283,170215,170215.2~A33.K_10,10,,normal,170215.2~A33.K_10L.png,170215.2~A33.K_10R.png,train,/data5/chensx/MyProject/UAE/data/arrangement_merged/chr_10/170215.2~A33.K_10L.png,/data5/chensx/MyProject/UAE/data/arrangement_merged/chr_10/170215.2~A33.K_10R.png,0,-0.2999188671844804,,0.0011017322540283,0.7863014640229756,chromosome
0,0.0011704564094543,170215,170215.2~A4.K_10,10,,normal,170215.2~A4.K_10L.png,170215.2~A4.K_10R.png,train,/data5/chensx/MyProject/UAE/data/arrangement_merged/chr_10/170215.2~A4.K_10L.png,/data5/chensx/MyProject/UAE/data/arrangement_merged/chr_10/170215.2~A4.K_10R.png,0,-0.209707897179114,,0.0011704564094543,1.1253262455015536,chromosome
0,0.0007436871528625,170215,170215.3~A32.K_10,10,,normal,170215.3~A32.K_10L.png,170215.3~A32.K_10R.png,train,/data5/chensx/MyProject/UAE/data/arrangement_merged/chr_10/170215.3~A32.K_10L.png,/data5/chensx/MyProject/UAE/data/arrangement_merged/chr_10/170215.3~A32.K_10R.png,0,-0.7699078496842512,,0.0007436871528625,-0.9799794226576242,chromosome
0,0.0008643269538879,170215,170215.3~A33.K_10,10,,normal,170215.3~A33.K_10L.png,170215.3~A33.K_10R.png,train,/data5/chensx/MyProject/UAE/data/arrangement_merged/chr_10/170215.3~A33.K_10L.png,/data5/chensx/MyProject/UAE/data/arrangement_merged/chr_10/170215.3~A33.K_10R.png,0,-0.6115496508196705,,0.0008643269538879,-0.38484832316677575,chromosome
0,0.0010130405426025,170215,170215.3~A38.K_10,10,,normal,170215.3~A38.K_10L.png,170215.3~A38.K_10R.png,train,/data5/chensx/MyProject/UAE/data/arrangement_merged/chr_10/170215.3~A38.K_10L.png,/data5/chensx/MyProject/UAE/data/arrangement_merged/chr_10/170215.3~A38.K_10R.png,0,-0.4163403098280061,,0.0010130405426025,0.3487742525395269,chromosome
0,0.0007292628288269,170215,170215.3~A41.K_10,10,,normal,170215.3~A41.K_10L.png,170215.3~A41.K_10R.png,train,/data5/chensx/MyProject/UAE/data/arrangement_merged/chr_10/170215.3~A41.K_10L.png,/data5/chensx/MyProject/UAE/data/arrangement_merged/chr_10/170215.3~A41.K_10R.png,0,-0.7888419821571903,,0.0007292628288269,-1.0511364019443488,chromosome
0,0.0009312033653259,170215,170215.3~A47.K_10,10,,normal,170215.3~A47.K_10L.png,170215.3~A47.K_10R.png,train,/data5/chensx/MyProject/UAE/data/arrangement_merged/chr_10/170215.3~A47.K_10L.png,/data5/chensx/MyProject/UAE/data/arrangement_merged/chr_10/170215.3~A47.K_10R.png,0,-0.5237641275360443,,0.0009312033653259,-0.054938691927251385,chromosome
0,0.0008672475814819,179083,179083.12~A20.K_10,10,,normal,179083.12~A20.K_10L.png,179083.12~A20.K_10R.png,train,/data5/chensx/MyProject/UAE/data/arrangement_merged/chr_10/179083.12~A20.K_10L.png,/data5/chensx/MyProject/UAE/data/arrangement_merged/chr_10/179083.12~A20.K_10R.png,0,-0.4893201151213349,,0.0008672475814819,-0.3704405050466632,chromosome
0,0.0008398294448852,179083,179083.12~A37.K_10,10,,normal,179083.12~A37.K_10L.png,179083.12~A37.K_10R.png,train,/data5/chensx/MyProject/UAE/data/arrangement_merged/chr_10/179083.12~A37.K_10L.png,/data5/chensx/MyProject/UAE/data/arrangement_merged/chr_10/179083.12~A37.K_10R.png,0,-0.530550310488963,,0.0008398294448852,-0.5056975731128547,chromosome
0,0.0010485649108886,179083,179083.12~A39.K_10,10,,normal,179083.12~A39.K_10L.png,179083.12~A39.K_10R.png,train,/data5/chensx/MyProject/UAE/data/arrangement_merged/chr_10/179083.12~A39.K_10L.png,/data5/chensx/MyProject/UAE/data/arrangement_merged/chr_10/179083.12~A39.K_10R.png,0,-0.2166630405380212,,0.0010485649108886,0.5240203668163013,chromosome
0,0.0011854767799377,179083,179083.12~A47.K_10,10,,normal,179083.12~A47.K_10L.png,179083.12~A47.K_10R.png,train,/data5/chensx/MyProject/UAE/data/arrangement_merged/chr_10/179083.12~A47.K_10L.png,/data5/chensx/MyProject/UAE/data/arrangement_merged/chr_10/179083.12~A47.K_10R.png,0,-0.0107809562783658,,0.0011854767799377,1.1994235958334198,chromosome
0,0.0011332631111145,179083,179083.12~A9.K_10,10,,normal,179083.12~A9.K_10L.png,179083.12~A9.K_10R.png,train,/data5/chensx/MyProject/UAE/data/arrangement_merged/chr_10/179083.12~A9.K_10L.png,/data5/chensx/MyProject/UAE/data/arrangement_merged/chr_10/179083.12~A9.K_10R.png,0,-0.0892975891958486,,0.0011332631111145,0.9418470922990717,chromosome
0,0.0006811618804931,179083,179083.13~A11.K_10,10,,normal,179083.13~A11.K_10L.png,179083.13~A11.K_10R.png,train,/data5/chensx/MyProject/UAE/data/arrangement_merged/chr_10/179083.13~A11.K_10L.png,/data5/chensx/MyProject/UAE/data/arrangement_merged/chr_10/179083.13~A11.K_10R.png,0,-0.7691476584642362,,0.0006811618804931,-1.2884243452692865,chromosome
0,0.0009185671806335,179083,179083.13~A13.K_10,10,,normal,179083.13~A13.K_10L.png,179083.13~A13.K_10R.png,train,/data5/chensx/MyProject/UAE/data/arrangement_merged/chr_10/179083.13~A13.K_10L.png,/data5/chensx/MyProject/UAE/data/arrangement_merged/chr_10/179083.13~A13.K_10R.png,0,-0.4121479450962748,,0.0009185671806335,-0.11727455807953457,chromosome
0,0.001116394996643,179083,179083.13~A14.K_10,10,,normal,179083.13~A14.K_10L.png,179083.13~A14.K_10R.png,train,/data5/chensx/MyProject/UAE/data/arrangement_merged/chr_10/179083.13~A14.K_10L.png,/data5/chensx/MyProject/UAE/data/arrangement_merged/chr_10/179083.13~A14.K_10R.png,0,-0.1146631224328893,,0.001116394996643,0.8586345917276587,chromosome
0,0.0009188652038574,179083,179083.13~A2.K_10,10,,normal,179083.13~A2.K_10L.png,179083.13~A2.K_10R.png,train,/data5/chensx/MyProject/UAE/data/arrangement_merged/chr_10/179083.13~A2.K_10L.png,/data5/chensx/MyProject/UAE/data/arrangement_merged/chr_10/179083.13~A2.K_10R.png,0,-0.4116997907988005,,0.0009188652038574,-0.11580437255696367,chromosome
0,0.0009092092514038,179083,179083.13~A22.K_10,10,,normal,179083.13~A22.K_10L.png,179083.13~A22.K_10R.png,train,/data5/chensx/MyProject/UAE/data/arrangement_merged/chr_10/179083.13~A22.K_10L.png,/data5/chensx/MyProject/UAE/data/arrangement_merged/chr_10/179083.13~A22.K_10R.png,0,-0.4262199900369652,,0.0009092092514038,-0.1634383834845214,chromosome
0,0.0008442401885986,179083,179083.13~A26.K_10,10,,normal,179083.13~A26.K_10L.png,179083.13~A26.K_10R.png,train,/data5/chensx/MyProject/UAE/data/arrangement_merged/chr_10/179083.13~A26.K_10L.png,/data5/chensx/MyProject/UAE/data/arrangement_merged/chr_10/179083.13~A26.K_10R.png,0,-0.5239176268863446,,0.0008442401885986,-0.4839388273803797,chromosome
0,0.0009555220603942,179083,179083.13~A34.K_10,10,,normal,179083.13~A34.K_10L.png,179083.13~A34.K_10R.png,train,/data5/chensx/MyProject/UAE/data/arrangement_merged/chr_10/179083.13~A34.K_10L.png,/data5/chensx/MyProject/UAE/data/arrangement_merged/chr_10/179083.13~A34.K_10R.png,0,-0.3565768122094718,,0.0009555220603942,0.06502844670498935,chromosome
0,0.0010032653808593,179083,179083.13~A39.K_10,10,,normal,179083.13~A39.K_10L.png,179083.13~A39.K_10R.png,train,/data5/chensx/MyProject/UAE/data/arrangement_merged/chr_10/179083.13~A39.K_10L.png,/data5/chensx/MyProject/UAE/data/arrangement_merged/chr_10/179083.13~A39.K_10R.png,0,-0.2847824937541022,,0.0010032653808593,0.30055216740274276,chromosome
0,0.0008972287178039,179083,179083.14~A14.K_10,10,,normal,179083.14~A14.K_10L.png,179083.14~A14.K_10R.png,train,/data5/chensx/MyProject/UAE/data/arrangement_merged/chr_10/179083.14~A14.K_10L.png,/data5/chensx/MyProject/UAE/data/arrangement_merged/chr_10/179083.14~A14.K_10R.png,0,-0.4442357927954287,,0.0008972287178039,-0.222539841487543,chromosome
0,0.0008440017700195,179083,179083.14~A18.K_10,10,,normal,179083.14~A18.K_10L.png,179083.14~A18.K_10R.png,train,/data5/chensx/MyProject/UAE/data/arrangement_merged/chr_10/179083.14~A18.K_10L.png,/data5/chensx/MyProject/UAE/data/arrangement_merged/chr_10/179083.14~A18.K_10R.png,0,-0.524276150324324,,0.0008440017700195,-0.4851149757983377,chromosome
0,0.0007247924804687,179083,179083.14~A2.K_10,10,,normal,179083.14~A2.K_10L.png,179083.14~A2.K_10R.png,train,/data5/chensx/MyProject/UAE/data/arrangement_merged/chr_10/179083.14~A2.K_10L.png,/data5/chensx/MyProject/UAE/data/arrangement_merged/chr_10/179083.14~A2.K_10R.png,0,-0.7035378693140107,,0.0007247924804687,-1.0731891847814365,chromosome
0,0.0006424188613891,179083,179083.14~A27.K_10,10,,normal,179083.14~A27.K_10L.png,179083.14~A27.K_10R.png,train,/data5/chensx/MyProject/UAE/data/arrangement_merged/chr_10/179083.14~A27.K_10L.png,/data5/chensx/MyProject/UAE/data/arrangement_merged/chr_10/179083.14~A27.K_10R.png,0,-0.8274077171358845,,0.0006424188613891,-1.4795484631887443,chromosome
0,0.0009593963623046,179083,179083.14~A28.K_10,10,,normal,179083.14~A28.K_10L.png,179083.14~A28.K_10R.png,train,/data5/chensx/MyProject/UAE/data/arrangement_merged/chr_10/179083.14~A28.K_10L.png,/data5/chensx/MyProject/UAE/data/arrangement_merged/chr_10/179083.14~A28.K_10R.png,0,-0.350750806342307,,0.0009593963623046,0.08414085849693492,chromosome
0,0.0005844831466674,179083,179083.14~A39.K_10,10,,normal,179083.14~A39.K_10L.png,179083.14~A39.K_10R.png,train,/data5/chensx/MyProject/UAE/data/arrangement_merged/chr_10/179083.14~A39.K_10L.png,/data5/chensx/MyProject/UAE/data/arrangement_merged/chr_10/179083.14~A39.K_10R.png,0,-0.9145289125648722,,0.0005844831466674,-1.7653525287545855,chromosome
0,0.0009634494781494,179083,179083.14~A44.K_10,10,,normal,179083.14~A44.K_10L.png,179083.14~A44.K_10R.png,train,/data5/chensx/MyProject/UAE/data/arrangement_merged/chr_10/179083.14~A44.K_10L.png,/data5/chensx/MyProject/UAE/data/arrangement_merged/chr_10/179083.14~A44.K_10R.png,0,-0.3446559078966576,,0.0009634494781494,0.10413538160271923,chromosome
0,0.0011636018753051,179083,179083.14~A7.K_10,10,,normal,179083.14~A7.K_10L.png,179083.14~A7.K_10R.png,train,/data5/chensx/MyProject/UAE/data/arrangement_merged/chr_10/179083.14~A7.K_10L.png,/data5/chensx/MyProject/UAE/data/arrangement_merged/chr_10/179083.14~A7.K_10R.png,0,-0.0436754817129733,,0.0011636018753051,1.0915119784848832,chromosome
0,0.0009312629699707,179083,179083.1~A24.K_10,10,,normal,179083.1~A24.K_10L.png,179083.1~A24.K_10R.png,train,/data5/chensx/MyProject/UAE/data/arrangement_merged/chr_10/179083.1~A24.K_10L.png,/data5/chensx/MyProject/UAE/data/arrangement_merged/chr_10/179083.1~A24.K_10R.png,0,-0.3930565720238731,,0.0009312629699707,-0.05464465482263847,chromosome
0,0.0007866024971008,179083,179083.2~A1.K_10,10,,normal,179083.2~A1.K_10L.png,179083.2~A1.K_10R.png,train,/data5/chensx/MyProject/UAE/data/arrangement_merged/chr_10/179083.2~A1.K_10L.png,/data5/chensx/MyProject/UAE/data/arrangement_merged/chr_10/179083.2~A1.K_10R.png,0,-0.6105906680178581,,0.0007866024971008,-0.7682727074236494,chromosome
0,0.0010544657707214,179083,179083.2~A12.K_10,10,,normal,179083.2~A12.K_10L.png,179083.2~A12.K_10R.png,train,/data5/chensx/MyProject/UAE/data/arrangement_merged/chr_10/179083.2~A12.K_10L.png,/data5/chensx/MyProject/UAE/data/arrangement_merged/chr_10/179083.2~A12.K_10R.png,0,-0.2077895854480317,,0.0010544657707214,0.5531300401611388,chromosome
0,0.0008378028869628,179083,179083.2~A14.K_10,10,,normal,179083.2~A14.K_10L.png,179083.2~A14.K_10R.png,train,/data5/chensx/MyProject/UAE/data/arrangement_merged/chr_10/179083.2~A14.K_10L.png,/data5/chensx/MyProject/UAE/data/arrangement_merged/chr_10/179083.2~A14.K_10R.png,0,-0.5335977597117876,,0.0008378028869628,-0.5156948346657471,chromosome
0,0.0010014176368713,179083,179083.2~A18.K_10,10,,normal,179083.2~A18.K_10L.png,179083.2~A18.K_10R.png,train,/data5/chensx/MyProject/UAE/data/arrangement_merged/chr_10/179083.2~A18.K_10L.png,/data5/chensx/MyProject/UAE/data/arrangement_merged/chr_10/179083.2~A18.K_10R.png,0,-0.2875610503984424,,0.0010014176368713,0.2914370171636891,chromosome
0,0.0007814764976501,179083,179083.2~A20.K_10,10,,normal,179083.2~A20.K_10L.png,179083.2~A20.K_10R.png,train,/data5/chensx/MyProject/UAE/data/arrangement_merged/chr_10/179083.2~A20.K_10L.png,/data5/chensx/MyProject/UAE/data/arrangement_merged/chr_10/179083.2~A20.K_10R.png,0,-0.6182989219344147,,0.0007814764976501,-0.79355989841,chromosome
0,0.0010063648223876,179083,179083.2~A26.K_10,10,,normal,179083.2~A26.K_10L.png,179083.2~A26.K_10R.png,train,/data5/chensx/MyProject/UAE/data/arrangement_merged/chr_10/179083.2~A26.K_10L.png,/data5/chensx/MyProject/UAE/data/arrangement_merged/chr_10/179083.2~A26.K_10R.png,0,-0.2801216890603704,,0.0010063648223876,0.3158420968362004,chromosome
0,0.0006837844848632,179083,179083.2~A3.K_10,10,,normal,179083.2~A3.K_10L.png,179083.2~A3.K_10R.png,train,/data5/chensx/MyProject/UAE/data/arrangement_merged/chr_10/179083.2~A3.K_10L.png,/data5/chensx/MyProject/UAE/data/arrangement_merged/chr_10/179083.2~A3.K_10R.png,0,-0.765203900646463,,0.0006837844848632,-1.2754867126717448,chromosome
0,0.0010397434234619,179083,179083.2~A31.K_10,10,,normal,179083.2~A31.K_10L.png,179083.2~A31.K_10R.png,train,/data5/chensx/MyProject/UAE/data/arrangement_merged/chr_10/179083.2~A31.K_10L.png,/data5/chensx/MyProject/UAE/data/arrangement_merged/chr_10/179083.2~A31.K_10R.png,0,-0.229928407743258,,0.0010397434234619,0.48050287535184333,chromosome
0,0.000716209411621,179083,179083.2~A35.K_10,10,,normal,179083.2~A35.K_10L.png,179083.2~A35.K_10R.png,train,/data5/chensx/MyProject/UAE/data/arrangement_merged/chr_10/179083.2~A35.K_10L.png,/data5/chensx/MyProject/UAE/data/arrangement_merged/chr_10/179083.2~A35.K_10R.png,0,-0.7164447130812682,,0.000716209411621,-1.115530527828429,chromosome
0,0.0010234713554382,179083,179083.2~A38.K_10,10,,normal,179083.2~A38.K_10L.png,179083.2~A38.K_10R.png,train,/data5/chensx/MyProject/UAE/data/arrangement_merged/chr_10/179083.2~A38.K_10L.png,/data5/chensx/MyProject/UAE/data/arrangement_merged/chr_10/179083.2~A38.K_10R.png,0,-0.2543976323853503,,0.0010234713554382,0.400230745825572,chromosome
0,0.0011436939239501,179083,179083.3~A1.K_10,10,,normal,179083.3~A1.K_10L.png,179083.3~A1.K_10R.png,train,/data5/chensx/MyProject/UAE/data/arrangement_merged/chr_10/179083.3~A1.K_10L.png,/data5/chensx/MyProject/UAE/data/arrangement_merged/chr_10/179083.3~A1.K_10R.png,0,-0.073612188784251,,0.0011436939239501,0.9933035855846237,chromosome
0,0.0006188154220581,179083,179083.3~A24.K_10,10,,normal,179083.3~A24.K_10L.png,179083.3~A24.K_10R.png,train,/data5/chensx/MyProject/UAE/data/arrangement_merged/chr_10/179083.3~A24.K_10L.png,/data5/chensx/MyProject/UAE/data/arrangement_merged/chr_10/179083.3~A24.K_10R.png,0,-0.8629015374958424,,0.0006188154220581,-1.5959871565671095,chromosome
0,0.00098717212677,179083,179083.3~A27.K_10,10,,normal,179083.3~A27.K_10L.png,179083.3~A27.K_10R.png,train,/data5/chensx/MyProject/UAE/data/arrangement_merged/chr_10/179083.3~A27.K_10L.png,/data5/chensx/MyProject/UAE/data/arrangement_merged/chr_10/179083.3~A27.K_10R.png,0,-0.3089828258177099,,0.00098717212677,0.22116214919031077,chromosome
0,0.0007532238960266,179083,179083.4~A34.K_10,10,,normal,179083.4~A34.K_10L.png,179083.4~A34.K_10R.png,train,/data5/chensx/MyProject/UAE/data/arrangement_merged/chr_10/179083.4~A34.K_10L.png,/data5/chensx/MyProject/UAE/data/arrangement_merged/chr_10/179083.4~A34.K_10R.png,0,-0.6607839493349704,,0.0007532238960266,-0.9329334859387987,chromosome
0,0.0012625455856323,180371,180371.11~A18.K_10,10,,normal,180371.11~A18.K_10L.png,180371.11~A18.K_10R.png,train,/data5/chensx/MyProject/UAE/data/arrangement_merged/chr_10/180371.11~A18.K_10L.png,/data5/chensx/MyProject/UAE/data/arrangement_merged/chr_10/180371.11~A18.K_10R.png,0,0.0240439734427845,,0.0012625455856323,1.579613571941032,chromosome
0,0.0008134841918945,180371,180371.11~A42.K_10,10,,normal,180371.11~A42.K_10L.png,180371.11~A42.K_10R.png,train,/data5/chensx/MyProject/UAE/data/arrangement_merged/chr_10/180371.11~A42.K_10L.png,/data5/chensx/MyProject/UAE/data/arrangement_merged/chr_10/180371.11~A42.K_10R.png,0,-0.6201280071642377,,0.0008134841918945,-0.6356619732979873,chromosome
0,0.0009337663650512,180371,180371.11~A50.K_10,10,,normal,180371.11~A50.K_10L.png,180371.11~A50.K_10R.png,train,/data5/chensx/MyProject/UAE/data/arrangement_merged/chr_10/180371.11~A50.K_10L.png,/data5/chensx/MyProject/UAE/data/arrangement_merged/chr_10/180371.11~A50.K_10R.png,0,-0.4475849945726567,,0.0009337663650512,-0.042295096434322665,chromosome
0,0.0009816884994506,180371,180371.13~A44.K_10,10,,normal,180371.13~A44.K_10L.png,180371.13~A44.K_10R.png,train,/data5/chensx/MyProject/UAE/data/arrangement_merged/chr_10/180371.13~A44.K_10L.png,/data5/chensx/MyProject/UAE/data/arrangement_merged/chr_10/180371.13~A44.K_10R.png,0,-0.3788413958989049,,0.0009816884994506,0.19411073557677583,chromosome
0,0.0011252164840698,180371,180371.14~A1.K_10,10,,normal,180371.14~A1.K_10L.png,180371.14~A1.K_10R.png,train,/data5/chensx/MyProject/UAE/data/arrangement_merged/chr_10/180371.14~A1.K_10L.png,/data5/chensx/MyProject/UAE/data/arrangement_merged/chr_10/180371.14~A1.K_10R.png,0,-0.1729526078312503,,0.0011252164840698,0.9021520831926086,chromosome
0,0.001527190208435,180371,180371.1~A15.K_10,10,,normal,180371.1~A15.K_10L.png,180371.1~A15.K_10R.png,train,/data5/chensx/MyProject/UAE/data/arrangement_merged/chr_10/180371.1~A15.K_10L.png,/data5/chensx/MyProject/UAE/data/arrangement_merged/chr_10/180371.1~A15.K_10R.png,0,0.4036728019396227,,0.001527190208435,2.885138315883137,chromosome
0,0.0009785294532775,180371,180371.1~A25.K_10,10,,normal,180371.1~A25.K_10L.png,180371.1~A25.K_10R.png,train,/data5/chensx/MyProject/UAE/data/arrangement_merged/chr_10/180371.1~A25.K_10L.png,/data5/chensx/MyProject/UAE/data/arrangement_merged/chr_10/180371.1~A25.K_10R.png,0,-0.3833730012841149,,0.0009785294532775,0.17852676903870585,chromosome
0,0.0009440183639526,180371,180371.1~A33.K_10,10,,normal,180371.1~A33.K_10L.png,180371.1~A33.K_10R.png,train,/data5/chensx/MyProject/UAE/data/arrangement_merged/chr_10/180371.1~A33.K_10L.png,/data5/chensx/MyProject/UAE/data/arrangement_merged/chr_10/180371.1~A33.K_10R.png,0,-0.4328786525678242,,0.0009440183639526,0.008279285538377406,chromosome
0,0.0010650753974914,180371,180371.1~A35.K_10,10,,normal,180371.1~A35.K_10L.png,180371.1~A35.K_10R.png,train,/data5/chensx/MyProject/UAE/data/arrangement_merged/chr_10/180371.1~A35.K_10L.png,/data5/chensx/MyProject/UAE/data/arrangement_merged/chr_10/180371.1~A35.K_10R.png,0,-0.2592241141270408,,0.0010650753974914,0.60546864476053,chromosome
0,0.0008503794670104,180371,180371.2~A15.K_10,10,,normal,180371.2~A15.K_10L.png,180371.2~A15.K_10R.png,train,/data5/chensx/MyProject/UAE/data/arrangement_merged/chr_10/180371.2~A15.K_10L.png,/data5/chensx/MyProject/UAE/data/arrangement_merged/chr_10/180371.2~A15.K_10R.png,0,-0.5672022763445208,,0.0008503794670104,-0.4536530056180763,chromosome
0,0.0008573532104492,180371,180371.2~A16.K_10,10,,normal,180371.2~A16.K_10L.png,180371.2~A16.K_10R.png,train,/data5/chensx/MyProject/UAE/data/arrangement_merged/chr_10/180371.2~A16.K_10L.png,/data5/chensx/MyProject/UAE/data/arrangement_merged/chr_10/180371.2~A16.K_10R.png,0,-0.5571985437016987,,0.0008573532104492,-0.41925066439217945,chromosome
0,0.0009084343910217,180371,180371.2~A21.K_10,10,,normal,180371.2~A21.K_10L.png,180371.2~A21.K_10R.png,train,/data5/chensx/MyProject/UAE/data/arrangement_merged/chr_10/180371.2~A21.K_10L.png,/data5/chensx/MyProject/UAE/data/arrangement_merged/chr_10/180371.2~A21.K_10R.png,0,-0.4839233396427369,,0.0009084343910217,-0.16726086584300937,chromosome
0,0.0011116862297058,180371,180371.2~A41.K_10,10,,normal,180371.2~A41.K_10L.png,180371.2~A41.K_10R.png,train,/data5/chensx/MyProject/UAE/data/arrangement_merged/chr_10/180371.2~A41.K_10L.png,/data5/chensx/MyProject/UAE/data/arrangement_merged/chr_10/180371.2~A41.K_10R.png,0,-0.1923615591980932,,0.0011116862297058,0.8354056604731048,chromosome
0,0.001198410987854,180371,180371.2~A49.K_10,10,,normal,180371.2~A49.K_10L.png,180371.2~A49.K_10R.png,train,/data5/chensx/MyProject/UAE/data/arrangement_merged/chr_10/180371.2~A49.K_10L.png,/data5/chensx/MyProject/UAE/data/arrangement_merged/chr_10/180371.2~A49.K_10R.png,0,-0.0679561660758185,,0.001198410987854,1.2632296475082752,chromosome
0,0.0005731582641601,180371,180371.3~A2.K_10,10,,normal,180371.3~A2.K_10L.png,180371.3~A2.K_10R.png,train,/data5/chensx/MyProject/UAE/data/arrangement_merged/chr_10/180371.3~A2.K_10L.png,/data5/chensx/MyProject/UAE/data/arrangement_merged/chr_10/180371.3~A2.K_10R.png,0,-0.9648720243937988,,0.0005731582641601,-1.8212195786078518,chromosome
0,0.0009074211120605,180371,180371.3~A25.K_10,10,,normal,180371.3~A25.K_10L.png,180371.3~A25.K_10R.png,train,/data5/chensx/MyProject/UAE/data/arrangement_merged/chr_10/180371.3~A25.K_10L.png,/data5/chensx/MyProject/UAE/data/arrangement_merged/chr_10/180371.3~A25.K_10R.png,0,-0.4853768734455401,,0.0009074211120605,-0.1722594966194553,chromosome
0,0.001162827014923,180371,180371.3~A45.K_10,10,,normal,180371.3~A45.K_10L.png,180371.3~A45.K_10R.png,train,/data5/chensx/MyProject/UAE/data/arrangement_merged/chr_10/180371.3~A45.K_10L.png,/data5/chensx/MyProject/UAE/data/arrangement_merged/chr_10/180371.3~A45.K_10R.png,0,-0.1190008531507312,,0.001162827014923,1.0876894961263952,chromosome
0,0.0010909438133239,180371,180371.3~A9.K_10,10,,normal,180371.3~A9.K_10L.png,180371.3~A9.K_10R.png,train,/data5/chensx/MyProject/UAE/data/arrangement_merged/chr_10/180371.3~A9.K_10L.png,/data5/chensx/MyProject/UAE/data/arrangement_merged/chr_10/180371.3~A9.K_10R.png,0,-0.2221162511613589,,0.0010909438133239,0.7330807481097461,chromosome
0,0.0009220838546752,180371,180371.4~A19.K_10,10,,normal,180371.4~A19.K_10L.png,180371.4~A19.K_10R.png,train,/data5/chensx/MyProject/UAE/data/arrangement_merged/chr_10/180371.4~A19.K_10L.png,/data5/chensx/MyProject/UAE/data/arrangement_merged/chr_10/180371.4~A19.K_10R.png,0,-0.4643433842990937,,0.0009220838546752,-0.09992636891477283,chromosome
0,0.0008035898208618,180371,180371.4~A20.K_10,10,,normal,180371.4~A20.K_10L.png,180371.4~A20.K_10R.png,train,/data5/chensx/MyProject/UAE/data/arrangement_merged/chr_10/180371.4~A20.K_10L.png,/data5/chensx/MyProject/UAE/data/arrangement_merged/chr_10/180371.4~A20.K_10R.png,0,-0.634321337238669,,0.0008035898208618,-0.6844721326435036,chromosome
0,0.0008844137191772,180371,180371.4~A23.K_10,10,,normal,180371.4~A23.K_10L.png,180371.4~A23.K_10R.png,train,/data5/chensx/MyProject/UAE/data/arrangement_merged/chr_10/180371.4~A23.K_10L.png,/data5/chensx/MyProject/UAE/data/arrangement_merged/chr_10/180371.4~A23.K_10R.png,0,-0.5183806409680131,,0.0008844137191772,-0.28575781895317176,chromosome
0,0.0008887648582458,180371,180371.4~A27.K_10,10,,normal,180371.4~A27.K_10L.png,180371.4~A27.K_10R.png,train,/data5/chensx/MyProject/UAE/data/arrangement_merged/chr_10/180371.4~A27.K_10L.png,/data5/chensx/MyProject/UAE/data/arrangement_merged/chr_10/180371.4~A27.K_10R.png,0,-0.5121389958147993,,0.0008887648582458,-0.2642931103253097,chromosome
0,0.0010098218917846,180371,180371.4~A35.K_10,10,,normal,180371.4~A35.K_10L.png,180371.4~A35.K_10R.png,train,/data5/chensx/MyProject/UAE/data/arrangement_merged/chr_10/180371.4~A35.K_10L.png,/data5/chensx/MyProject/UAE/data/arrangement_merged/chr_10/180371.4~A35.K_10R.png,0,-0.3384844573740158,,0.0010098218917846,0.33289624889684344,chromosome
0,0.0011601448059082,180371,180371.4~A39.K_10,10,,normal,180371.4~A39.K_10L.png,180371.4~A39.K_10R.png,train,/data5/chensx/MyProject/UAE/data/arrangement_merged/chr_10/180371.4~A39.K_10L.png,/data5/chensx/MyProject/UAE/data/arrangement_merged/chr_10/180371.4~A39.K_10R.png,0,-0.1228484426287397,,0.0011601448059082,1.0744578264247344,chromosome
0,0.0006543397903442,180371,180371.4~A44.K_10,10,,normal,180371.4~A44.K_10L.png,180371.4~A44.K_10R.png,train,/data5/chensx/MyProject/UAE/data/arrangement_merged/chr_10/180371.4~A44.K_10L.png,/data5/chensx/MyProject/UAE/data/arrangement_merged/chr_10/180371.4~A44.K_10R.png,0,-0.8484183161927417,,0.0006543397903442,-1.4207410422903357,chromosome
0,0.0010507702827453,182418,182418.13~A1.K_10,10,,normal,182418.13~A1.K_10L.png,182418.13~A1.K_10R.png,train,/data5/chensx/MyProject/UAE/data/arrangement_merged/chr_10/182418.13~A1.K_10L.png,/data5/chensx/MyProject/UAE/data/arrangement_merged/chr_10/182418.13~A1.K_10R.png,0,-0.3727444457221376,,0.0010507702827453,0.5348997396825382,chromosome
0,0.0008979439735412,182418,182418.13~A27.K_10,10,,normal,182418.13~A27.K_10L.png,182418.13~A27.K_10R.png,train,/data5/chensx/MyProject/UAE/data/arrangement_merged/chr_10/182418.13~A27.K_10L.png,/data5/chensx/MyProject/UAE/data/arrangement_merged/chr_10/182418.13~A27.K_10R.png,0,-0.5800557211628795,,0.0008979439735412,-0.21901139623366794,chromosome
0,0.0009438395500183,182418,182418.13~A6.K_10,10,,normal,182418.13~A6.K_10L.png,182418.13~A6.K_10R.png,train,/data5/chensx/MyProject/UAE/data/arrangement_merged/chr_10/182418.13~A6.K_10L.png,/data5/chensx/MyProject/UAE/data/arrangement_merged/chr_10/182418.13~A6.K_10R.png,0,-0.5177976548253712,,0.0009438395500183,0.00739717422503233,chromosome
0,0.0007612109184265,182418,182418.14~A44.K_10,10,,normal,182418.14~A44.K_10L.png,182418.14~A44.K_10R.png,train,/data5/chensx/MyProject/UAE/data/arrangement_merged/chr_10/182418.14~A44.K_10L.png,/data5/chensx/MyProject/UAE/data/arrangement_merged/chr_10/182418.14~A44.K_10R.png,0,-0.7655362460696898,,0.0007612109184265,-0.893532513936949,chromosome
0,0.0006237626075744,182418,182418.1~A24.K_10,10,,normal,182418.1~A24.K_10L.png,182418.1~A24.K_10R.png,train,/data5/chensx/MyProject/UAE/data/arrangement_merged/chr_10/182418.1~A24.K_10L.png,/data5/chensx/MyProject/UAE/data/arrangement_merged/chr_10/182418.1~A24.K_10R.png,0,-0.951987026555786,,0.0006237626075744,-1.571582076894598,chromosome
0,0.0009868144989013,182418,182418.2~A16.K_10,10,,normal,182418.2~A16.K_10L.png,182418.2~A16.K_10R.png,train,/data5/chensx/MyProject/UAE/data/arrangement_merged/chr_10/182418.2~A16.K_10L.png,/data5/chensx/MyProject/UAE/data/arrangement_merged/chr_10/182418.2~A16.K_10R.png,0,-0.4595014654366134,,0.0009868144989013,0.2193979265631264,chromosome
0,0.0009267926216125,182418,182418.2~A2.K_10,10,,normal,182418.2~A2.K_10L.png,182418.2~A2.K_10R.png,train,/data5/chensx/MyProject/UAE/data/arrangement_merged/chr_10/182418.2~A2.K_10L.png,/data5/chensx/MyProject/UAE/data/arrangement_merged/chr_10/182418.2~A2.K_10R.png,0,-0.5409220794650171,,0.0009267926216125,-0.07669743765972639,chromosome
0,0.0008306503295898,182418,182418.2~A3.K_10,10,,normal,182418.2~A3.K_10L.png,182418.2~A3.K_10R.png,train,/data5/chensx/MyProject/UAE/data/arrangement_merged/chr_10/182418.2~A3.K_10L.png,/data5/chensx/MyProject/UAE/data/arrangement_merged/chr_10/182418.2~A3.K_10R.png,0,-0.6713406002473559,,0.0008306503295898,-0.5509792872044964,chromosome
0,0.0011382699012756,182418,182418.2~A33.K_10,10,,normal,182418.2~A33.K_10L.png,182418.2~A33.K_10R.png,train,/data5/chensx/MyProject/UAE/data/arrangement_merged/chr_10/182418.2~A33.K_10L.png,/data5/chensx/MyProject/UAE/data/arrangement_merged/chr_10/182418.2~A33.K_10R.png,0,-0.2540498465228362,,0.0011382699012756,0.9665462090761965,chromosome
0,0.0012774467468261,182418,182418.2~A38.K_10,10,,normal,182418.2~A38.K_10L.png,182418.2~A38.K_10R.png,train,/data5/chensx/MyProject/UAE/data/arrangement_merged/chr_10/182418.2~A38.K_10L.png,/data5/chensx/MyProject/UAE/data/arrangement_merged/chr_10/182418.2~A38.K_10R.png,0,-0.0652542817201325,,0.0012774467468261,1.6531228480636735,chromosome
0,0.0010619759559631,182418,182418.3~A15.K_10,10,,normal,182418.3~A15.K_10L.png,182418.3~A15.K_10R.png,train,/data5/chensx/MyProject/UAE/data/arrangement_merged/chr_10/182418.3~A15.K_10L.png,/data5/chensx/MyProject/UAE/data/arrangement_merged/chr_10/182418.3~A15.K_10R.png,0,-0.3575437749799928,,0.0010619759559631,0.5901787153270723,chromosome
0,0.0010658502578735,182418,182418.3~A25.K_10,10,,normal,182418.3~A25.K_10L.png,182418.3~A25.K_10R.png,train,/data5/chensx/MyProject/UAE/data/arrangement_merged/chr_10/182418.3~A25.K_10L.png,/data5/chensx/MyProject/UAE/data/arrangement_merged/chr_10/182418.3~A25.K_10R.png,0,-0.3522882239255278,,0.0010658502578735,0.609291127119018,chromosome
0,0.0013229846954345,182418,182418.3~A49.K_10,10,,normal,182418.3~A49.K_10L.png,182418.3~A49.K_10R.png,train,/data5/chensx/MyProject/UAE/data/arrangement_merged/chr_10/182418.3~A49.K_10L.png,/data5/chensx/MyProject/UAE/data/arrangement_merged/chr_10/182418.3~A49.K_10R.png,0,-0.0034813431722672,,0.0013229846954345,1.8777671958951894,chromosome
0,0.001702606678009,182418,182418.4~A15.K_10,10,,normal,182418.4~A15.K_10L.png,182418.4~A15.K_10R.png,train,/data5/chensx/MyProject/UAE/data/arrangement_merged/chr_10/182418.4~A15.K_10L.png,/data5/chensx/MyProject/UAE/data/arrangement_merged/chr_10/182418.4~A15.K_10R.png,0,0.5114818055336939,,0.001702606678009,3.7504895144017563,chromosome
0,0.000815987586975,182418,182418.4~A6.K_10,10,,normal,182418.4~A6.K_10L.png,182418.4~A6.K_10R.png,train,/data5/chensx/MyProject/UAE/data/arrangement_merged/chr_10/182418.4~A6.K_10L.png,/data5/chensx/MyProject/UAE/data/arrangement_merged/chr_10/182418.4~A6.K_10R.png,0,-0.6912308396227157,,0.000815987586975,-0.623312414909672,chromosome
0,0.0009723901748657,182418,182418.5~A16.K_10,10,,normal,182418.5~A16.K_10L.png,182418.5~A16.K_10R.png,train,/data5/chensx/MyProject/UAE/data/arrangement_merged/chr_10/182418.5~A16.K_10L.png,/data5/chensx/MyProject/UAE/data/arrangement_merged/chr_10/182418.5~A16.K_10R.png,0,-0.4790682862855446,,0.0009723901748657,0.14824094727640247,chromosome
0,0.0006718635559082,182418,182418.5~A17.K_10,10,,normal,182418.5~A17.K_10L.png,182418.5~A17.K_10R.png,train,/data5/chensx/MyProject/UAE/data/arrangement_merged/chr_10/182418.5~A17.K_10L.png,/data5/chensx/MyProject/UAE/data/arrangement_merged/chr_10/182418.5~A17.K_10R.png,0,-0.886737338848813,,0.0006718635559082,-1.3342941335696603,chromosome
0,0.0006639957427978,182418,182418.5~A3.K_10,10,,normal,182418.5~A3.K_10L.png,182418.5~A3.K_10R.png,train,/data5/chensx/MyProject/UAE/data/arrangement_merged/chr_10/182418.5~A3.K_10L.png,/data5/chensx/MyProject/UAE/data/arrangement_merged/chr_10/182418.5~A3.K_10R.png,0,-0.8974101502209574,,0.0006639957427978,-1.3731070313627778,chromosome
0,0.0010817646980285,182418,182418.5~A30.K_10,10,,normal,182418.5~A30.K_10L.png,182418.5~A30.K_10R.png,train,/data5/chensx/MyProject/UAE/data/arrangement_merged/chr_10/182418.5~A30.K_10L.png,/data5/chensx/MyProject/UAE/data/arrangement_merged/chr_10/182418.5~A30.K_10R.png,0,-0.3307000372864178,,0.0010817646980285,0.6877990340181049,chromosome
0,0.0012462735176086,182418,182418.5~A5.K_10,10,,normal,182418.5~A5.K_10L.png,182418.5~A5.K_10R.png,train,/data5/chensx/MyProject/UAE/data/arrangement_merged/chr_10/182418.5~A5.K_10L.png,/data5/chensx/MyProject/UAE/data/arrangement_merged/chr_10/182418.5~A5.K_10R.png,0,-0.1075412540506739,,0.0012462735176086,1.4993414424147617,chromosome
0,0.001236081123352,182747,182747.11~A42.K_10,10,,normal,182747.11~A42.K_10L.png,182747.11~A42.K_10R.png,train,/data5/chensx/MyProject/UAE/data/arrangement_merged/chr_10/182747.11~A42.K_10L.png,/data5/chensx/MyProject/UAE/data/arrangement_merged/chr_10/182747.11~A42.K_10R.png,0,-0.0963745761862023,,0.001236081123352,1.449061097546674,chromosome
0,0.0007856488227844,182747,182747.12~A10.K_10,10,,normal,182747.12~A10.K_10L.png,182747.12~A10.K_10R.png,train,/data5/chensx/MyProject/UAE/data/arrangement_merged/chr_10/182747.12~A10.K_10L.png,/data5/chensx/MyProject/UAE/data/arrangement_merged/chr_10/182747.12~A10.K_10R.png,0,-0.697523548424013,,0.0007856488227844,-0.7729773010954829,chromosome
0,0.0010616183280944,182747,182747.12~A14.K_10,10,,normal,182747.12~A14.K_10L.png,182747.12~A14.K_10R.png,train,/data5/chensx/MyProject/UAE/data/arrangement_merged/chr_10/182747.12~A14.K_10L.png,/data5/chensx/MyProject/UAE/data/arrangement_merged/chr_10/182747.12~A14.K_10R.png,0,-0.3292134066400956,,0.0010616183280944,0.588414492699888,chromosome
0,0.0013419389724731,182747,182747.12~A18.K_10,10,,normal,182747.12~A18.K_10L.png,182747.12~A18.K_10R.png,train,/data5/chensx/MyProject/UAE/data/arrangement_merged/chr_10/182747.12~A18.K_10L.png,/data5/chensx/MyProject/UAE/data/arrangement_merged/chr_10/182747.12~A18.K_10R.png,0,0.0449037848954903,,0.0013419389724731,1.9712709951236147,chromosome
0,0.0008786916732788,182747,182747.12~A26.K_10,10,,normal,182747.12~A26.K_10L.png,182747.12~A26.K_10R.png,train,/data5/chensx/MyProject/UAE/data/arrangement_merged/chr_10/182747.12~A26.K_10L.png,/data5/chensx/MyProject/UAE/data/arrangement_merged/chr_10/182747.12~A26.K_10R.png,0,-0.5733481420903855,,0.0008786916732788,-0.31398538098417106,chromosome
0,0.0012316703796386,182747,182747.12~A28.K_10,10,,normal,182747.12~A28.K_10L.png,182747.12~A28.K_10R.png,train,/data5/chensx/MyProject/UAE/data/arrangement_merged/chr_10/182747.12~A28.K_10L.png,/data5/chensx/MyProject/UAE/data/arrangement_merged/chr_10/182747.12~A28.K_10R.png,0,-0.1022611745646062,,0.0012316703796386,1.427302351814199,chromosome
0,0.0011136531829833,182747,182747.12~A4.K_10,10,,normal,182747.12~A4.K_10L.png,182747.12~A4.K_10R.png,train,/data5/chensx/MyProject/UAE/data/arrangement_merged/chr_10/182747.12~A4.K_10L.png,/data5/chensx/MyProject/UAE/data/arrangement_merged/chr_10/182747.12~A4.K_10R.png,0,-0.2597674555002771,,0.0011136531829833,0.8451088849208912,chromosome
0,0.0008538365364074,182747,182747.13~A33.K_10,10,,normal,182747.13~A33.K_10L.png,182747.13~A33.K_10R.png,train,/data5/chensx/MyProject/UAE/data/arrangement_merged/chr_10/182747.13~A33.K_10L.png,/data5/chensx/MyProject/UAE/data/arrangement_merged/chr_10/182747.13~A33.K_10R.png,0,-0.6065199194389587,,0.0008538365364074,-0.43659885355743433,chromosome
0,0.0011614561080932,182747,182747.13~A45.K_10,10,,normal,182747.13~A45.K_10L.png,182747.13~A45.K_10R.png,train,/data5/chensx/MyProject/UAE/data/arrangement_merged/chr_10/182747.13~A45.K_10L.png,/data5/chensx/MyProject/UAE/data/arrangement_merged/chr_10/182747.13~A45.K_10R.png,0,-0.1959694568586568,,0.0011614561080932,1.0809266427232576,chromosome
0,0.0009278655052185,182747,182747.13~A5.K_10,10,,normal,182747.13~A5.K_10L.png,182747.13~A5.K_10R.png,train,/data5/chensx/MyProject/UAE/data/arrangement_merged/chr_10/182747.13~A5.K_10L.png,/data5/chensx/MyProject/UAE/data/arrangement_merged/chr_10/182747.13~A5.K_10R.png,0,-0.507720525033856,,0.0009278655052185,-0.07140476977866753,chromosome
0,0.0009424090385437,182747,182747.1~A15.K_10,10,,normal,182747.1~A15.K_10L.png,182747.1~A15.K_10R.png,train,/data5/chensx/MyProject/UAE/data/arrangement_merged/chr_10/182747.1~A15.K_10L.png,/data5/chensx/MyProject/UAE/data/arrangement_merged/chr_10/182747.1~A15.K_10R.png,0,-0.4883106601104702,,0.0009424090385437,0.00034028371728225056,chromosome
0,0.0010797977447509,182747,182747.1~A42.K_10,10,,normal,182747.1~A42.K_10L.png,182747.1~A42.K_10R.png,train,/data5/chensx/MyProject/UAE/data/arrangement_merged/chr_10/182747.1~A42.K_10L.png,/data5/chensx/MyProject/UAE/data/arrangement_merged/chr_10/182747.1~A42.K_10R.png,0,-0.3049510754858635,,0.0010797977447509,0.6780958095698254,chromosome
0,0.0007252097129821,182747,182747.2~A13.K_10,10,,normal,182747.2~A13.K_10L.png,182747.2~A13.K_10R.png,train,/data5/chensx/MyProject/UAE/data/arrangement_merged/chr_10/182747.2~A13.K_10L.png,/data5/chensx/MyProject/UAE/data/arrangement_merged/chr_10/182747.2~A13.K_10R.png,0,-0.7781858559334929,,0.0007252097129821,-1.071130925050133,chromosome
0,0.0010246038436889,182747,182747.3~A20.K_10,10,,normal,182747.3~A20.K_10L.png,182747.3~A20.K_10R.png,train,/data5/chensx/MyProject/UAE/data/arrangement_merged/chr_10/182747.3~A20.K_10L.png,/data5/chensx/MyProject/UAE/data/arrangement_merged/chr_10/182747.3~A20.K_10R.png,0,-0.3786131038426469,,0.0010246038436889,0.4058174508107512,chromosome
0,0.0011582970619201,182747,182747.3~A24.K_10,10,,normal,182747.3~A24.K_10L.png,182747.3~A24.K_10R.png,train,/data5/chensx/MyProject/UAE/data/arrangement_merged/chr_10/182747.3~A24.K_10L.png,/data5/chensx/MyProject/UAE/data/arrangement_merged/chr_10/182747.3~A24.K_10R.png,0,-0.2001855340756217,,0.0011582970619201,1.0653426761851874,chromosome
0,0.0007727146148681,182747,182747.3~A35.K_10,10,,normal,182747.3~A35.K_10L.png,182747.3~A35.K_10R.png,train,/data5/chensx/MyProject/UAE/data/arrangement_merged/chr_10/182747.3~A35.K_10L.png,/data5/chensx/MyProject/UAE/data/arrangement_merged/chr_10/182747.3~A35.K_10R.png,0,-0.7147856004255486,,0.0007727146148681,-0.8367833527703376,chromosome
0,0.0007316470146179,182747,182747.4~A1.K_10,10,,normal,182747.4~A1.K_10L.png,182747.4~A1.K_10R.png,train,/data5/chensx/MyProject/UAE/data/arrangement_merged/chr_10/182747.4~A1.K_10L.png,/data5/chensx/MyProject/UAE/data/arrangement_merged/chr_10/182747.4~A1.K_10R.png,0,-0.7695946042460926,,0.0007316470146179,-1.0393749177647655,chromosome
0,0.0011197924613952,182747,182747.4~A32.K_10,10,,normal,182747.4~A32.K_10L.png,182747.4~A32.K_10R.png,train,/data5/chensx/MyProject/UAE/data/arrangement_merged/chr_10/182747.4~A32.K_10L.png,/data5/chensx/MyProject/UAE/data/arrangement_merged/chr_10/182747.4~A32.K_10R.png,0,-0.2515739469465528,,0.0011197924613952,0.8753947066836871,chromosome
0,0.0013894438743591,182747,182747.4~A33.K_10,10,,normal,182747.4~A33.K_10L.png,182747.4~A33.K_10R.png,train,/data5/chensx/MyProject/UAE/data/arrangement_merged/chr_10/182747.4~A33.K_10L.png,/data5/chensx/MyProject/UAE/data/arrangement_merged/chr_10/182747.4~A33.K_10R.png,0,0.1083040404034346,,0.0013894438743591,2.2056185674034103,chromosome
0,0.0011277198791503,182747,182747.4~A35.K_10,10,,normal,182747.4~A35.K_10L.png,182747.4~A35.K_10R.png,train,/data5/chensx/MyProject/UAE/data/arrangement_merged/chr_10/182747.4~A35.K_10L.png,/data5/chensx/MyProject/UAE/data/arrangement_merged/chr_10/182747.4~A35.K_10R.png,0,-0.2409939795907729,,0.0011277198791503,0.9145016415809244,chromosome
0,0.001362144947052,182747,182747.4~A41.K_10,10,,normal,182747.4~A41.K_10L.png,182747.4~A41.K_10R.png,train,/data5/chensx/MyProject/UAE/data/arrangement_merged/chr_10/182747.4~A41.K_10L.png,/data5/chensx/MyProject/UAE/data/arrangement_merged/chr_10/182747.4~A41.K_10R.png,0,0.0718707693587188,,0.001362144947052,2.070949573546444,chromosome
0,0.0025027394294738,182747,182747.4~A43.K_10,10,,normal,182747.4~A43.K_10L.png,182747.4~A43.K_10R.png,train,/data5/chensx/MyProject/UAE/data/arrangement_merged/chr_10/182747.4~A43.K_10L.png,/data5/chensx/MyProject/UAE/data/arrangement_merged/chr_10/182747.4~A43.K_10R.png,0,1.5941132905632636,,0.0025027394294738,7.69764360509548,chromosome
0,0.0007877349853515,182747,182747.4~A9.K_10,10,,normal,182747.4~A9.K_10L.png,182747.4~A9.K_10R.png,train,/data5/chensx/MyProject/UAE/data/arrangement_merged/chr_10/182747.4~A9.K_10L.png,/data5/chensx/MyProject/UAE/data/arrangement_merged/chr_10/182747.4~A9.K_10R.png,0,-0.6947393464882814,,0.0007877349853515,-0.7626860024384707,chromosome
0,0.000786006450653,183038,183038.11~A13.K_10,10,,normal,183038.11~A13.K_10L.png,183038.11~A13.K_10R.png,train,/data5/chensx/MyProject/UAE/data/arrangement_merged/chr_10/183038.11~A13.K_10L.png,/data5/chensx/MyProject/UAE/data/arrangement_merged/chr_10/183038.11~A13.K_10R.png,0,-0.6993718532223606,,0.000786006450653,-0.7712130784687923,chromosome
0,0.0009950399398803,183038,183038.11~A39.K_10,10,,normal,183038.11~A39.K_10L.png,183038.11~A39.K_10R.png,train,/data5/chensx/MyProject/UAE/data/arrangement_merged/chr_10/183038.11~A39.K_10L.png,/data5/chensx/MyProject/UAE/data/arrangement_merged/chr_10/183038.11~A39.K_10R.png,0,-0.429733496060151,,0.0009950399398803,0.2599750469829346,chromosome
0,0.0009137988090515,183038,183038.12~A11.K_10,10,,normal,183038.12~A11.K_10L.png,183038.12~A11.K_10R.png,train,/data5/chensx/MyProject/UAE/data/arrangement_merged/chr_10/183038.12~A11.K_10L.png,/data5/chensx/MyProject/UAE/data/arrangement_merged/chr_10/183038.12~A11.K_10R.png,0,-0.5345287857128718,,0.0009137988090515,-0.14079752643870078,chromosome
0,0.0009368658065795,183038,183038.12~A45.K_10,10,,normal,183038.12~A45.K_10L.png,183038.12~A45.K_10R.png,train,/data5/chensx/MyProject/UAE/data/arrangement_merged/chr_10/183038.12~A45.K_10L.png,/data5/chensx/MyProject/UAE/data/arrangement_merged/chr_10/183038.12~A45.K_10R.png,0,-0.5047739969413363,,0.0009368658065795,-0.027005167000865055,chromosome
0,0.0009504556655883,183038,183038.13~A11.K_10,10,,normal,183038.13~A11.K_10L.png,183038.13~A11.K_10R.png,train,/data5/chensx/MyProject/UAE/data/arrangement_merged/chr_10/183038.13~A11.K_10L.png,/data5/chensx/MyProject/UAE/data/arrangement_merged/chr_10/183038.13~A11.K_10R.png,0,-0.4872440438666331,,0.0009504556655883,0.040035292823251696,chromosome
0,0.0011842846870422,183038,183038.13~A29.K_10,10,,normal,183038.13~A29.K_10L.png,183038.13~A29.K_10R.png,train,/data5/chensx/MyProject/UAE/data/arrangement_merged/chr_10/183038.13~A29.K_10L.png,/data5/chensx/MyProject/UAE/data/arrangement_merged/chr_10/183038.13~A29.K_10R.png,0,-0.1856212109190003,,0.0011842846870422,1.1935428537436283,chromosome
0,0.0008590221405029,183038,183038.13~A39.K_10,10,,normal,183038.13~A39.K_10L.png,183038.13~A39.K_10R.png,train,/data5/chensx/MyProject/UAE/data/arrangement_merged/chr_10/183038.13~A39.K_10L.png,/data5/chensx/MyProject/UAE/data/arrangement_merged/chr_10/183038.13~A39.K_10R.png,0,-0.6051867983253812,,0.0008590221405029,-0.41101762546647136,chromosome
0,0.0011724829673767,183038,183038.13~A47.K_10,10,,normal,183038.13~A47.K_10L.png,183038.13~A47.K_10R.png,train,/data5/chensx/MyProject/UAE/data/arrangement_merged/chr_10/183038.13~A47.K_10L.png,/data5/chensx/MyProject/UAE/data/arrangement_merged/chr_10/183038.13~A47.K_10R.png,0,-0.2008445912207161,,0.0011724829673767,1.1353235070544465,chromosome
0,0.000998318195343,183038,183038.14~A2.K_10,10,,normal,183038.14~A2.K_10L.png,183038.14~A2.K_10R.png,train,/data5/chensx/MyProject/UAE/data/arrangement_merged/chr_10/183038.14~A2.K_10L.png,/data5/chensx/MyProject/UAE/data/arrangement_merged/chr_10/183038.14~A2.K_10R.png,0,-0.4255047793096744,,0.000998318195343,0.2761470877302315,chromosome
0,0.000943899154663,183038,183038.14~A3.K_10,10,,normal,183038.14~A3.K_10L.png,183038.14~A3.K_10R.png,train,/data5/chensx/MyProject/UAE/data/arrangement_merged/chr_10/183038.14~A3.K_10L.png,/data5/chensx/MyProject/UAE/data/arrangement_merged/chr_10/183038.14~A3.K_10R.png,0,-0.4957014773675864,,0.000943899154663,0.007691211329151577,chromosome
0,0.0007157921791076,183038,183038.14~A30.K_10,10,,normal,183038.14~A30.K_10L.png,183038.14~A30.K_10R.png,train,/data5/chensx/MyProject/UAE/data/arrangement_merged/chr_10/183038.14~A30.K_10L.png,/data5/chensx/MyProject/UAE/data/arrangement_merged/chr_10/183038.14~A30.K_10R.png,0,-0.78994327744166,,0.0007157921791076,-1.1175887875597328,chromosome
0,0.000827133655548,183038,183038.14~A34.K_10,10,,normal,183038.14~A34.K_10L.png,183038.14~A34.K_10R.png,train,/data5/chensx/MyProject/UAE/data/arrangement_merged/chr_10/183038.14~A34.K_10L.png,/data5/chensx/MyProject/UAE/data/arrangement_merged/chr_10/183038.14~A34.K_10R.png,0,-0.6463206794436539,,0.000827133655548,-0.5683274763697513,chromosome
0,0.0008872747421264,183038,183038.14~A48.K_10,10,,normal,183038.14~A48.K_10L.png,183038.14~A48.K_10R.png,train,/data5/chensx/MyProject/UAE/data/arrangement_merged/chr_10/183038.14~A48.K_10L.png,/data5/chensx/MyProject/UAE/data/arrangement_merged/chr_10/183038.14~A48.K_10R.png,0,-0.5687429485121827,,0.0008872747421264,-0.27164403793767217,chromosome
0,0.0006711483001708,183038,183038.14~A9.K_10,10,,normal,183038.14~A9.K_10L.png,183038.14~A9.K_10R.png,train,/data5/chensx/MyProject/UAE/data/arrangement_merged/chr_10/183038.14~A9.K_10L.png,/data5/chensx/MyProject/UAE/data/arrangement_merged/chr_10/183038.14~A9.K_10R.png,0,-0.8475307110072416,,0.0006711483001708,-1.3378225788240286,chromosome
0,0.0007895231246948,183038,183038.1~A28.K_10,10,,normal,183038.1~A28.K_10L.png,183038.1~A28.K_10R.png,train,/data5/chensx/MyProject/UAE/data/arrangement_merged/chr_10/183038.1~A28.K_10L.png,/data5/chensx/MyProject/UAE/data/arrangement_merged/chr_10/183038.1~A28.K_10R.png,0,-0.6948355934354857,,0.0007895231246948,-0.7538648893035368,chromosome
0,0.0009633302688598,183038,183038.2~A12.K_10,10,,normal,183038.2~A12.K_10L.png,183038.2~A12.K_10R.png,train,/data5/chensx/MyProject/UAE/data/arrangement_merged/chr_10/183038.2~A12.K_10L.png,/data5/chensx/MyProject/UAE/data/arrangement_merged/chr_10/183038.2~A12.K_10R.png,0,-0.4706367199011249,,0.0009633302688598,0.1035473073934934,chromosome
0,0.0008939504623413,183038,183038.2~A13.K_10,10,,normal,183038.2~A13.K_10L.png,183038.2~A13.K_10R.png,train,/data5/chensx/MyProject/UAE/data/arrangement_merged/chr_10/183038.2~A13.K_10L.png,/data5/chensx/MyProject/UAE/data/arrangement_merged/chr_10/183038.2~A13.K_10R.png,0,-0.5601317434930303,,0.0008939504623413,-0.23871188223434622,chromosome
0,0.0008906722068786,183038,183038.2~A15.K_10,10,,normal,183038.2~A15.K_10L.png,183038.2~A15.K_10R.png,train,/data5/chensx/MyProject/UAE/data/arrangement_merged/chr_10/183038.2~A15.K_10L.png,/data5/chensx/MyProject/UAE/data/arrangement_merged/chr_10/183038.2~A15.K_10R.png,0,-0.5643604602435068,,0.0008906722068786,-0.2548839229816431,chromosome
0,0.0009063482284545,183038,183038.2~A21.K_10,10,,normal,183038.2~A21.K_10L.png,183038.2~A21.K_10R.png,train,/data5/chensx/MyProject/UAE/data/arrangement_merged/chr_10/183038.2~A21.K_10L.png,/data5/chensx/MyProject/UAE/data/arrangement_merged/chr_10/183038.2~A21.K_10R.png,0,-0.5441395056003187,,0.0009063482284545,-0.1775521645005147,chromosome
0,0.001271367073059,183038,183038.2~A43.K_10,10,,normal,183038.2~A43.K_10L.png,183038.2~A43.K_10R.png,train,/data5/chensx/MyProject/UAE/data/arrangement_merged/chr_10/183038.2~A43.K_10L.png,/data5/chensx/MyProject/UAE/data/arrangement_merged/chr_10/183038.2~A43.K_10R.png,0,-0.0732911168745212,,0.001271367073059,1.6231310634054898,chromosome
0,0.001075267791748,183038,183038.2~A46.K_10,10,,normal,183038.2~A46.K_10L.png,183038.2~A46.K_10R.png,train,/data5/chensx/MyProject/UAE/data/arrangement_merged/chr_10/183038.2~A46.K_10L.png,/data5/chensx/MyProject/UAE/data/arrangement_merged/chr_10/183038.2~A46.K_10R.png,0,-0.326245264312123,,0.001075267791748,0.6557489896286177,chromosome
0,0.0008227825164794,183038,183038.2~A47.K_10,10,,normal,183038.2~A47.K_10L.png,183038.2~A47.K_10R.png,train,/data5/chensx/MyProject/UAE/data/arrangement_merged/chr_10/183038.2~A47.K_10L.png,/data5/chensx/MyProject/UAE/data/arrangement_merged/chr_10/183038.2~A47.K_10R.png,0,-0.6519333398579228,,0.0008227825164794,-0.5897921849976134,chromosome
0,0.0009666681289672,183038,183038.3~A12.K_10,10,,normal,183038.3~A12.K_10L.png,183038.3~A12.K_10R.png,train,/data5/chensx/MyProject/UAE/data/arrangement_merged/chr_10/183038.3~A12.K_10L.png,/data5/chensx/MyProject/UAE/data/arrangement_merged/chr_10/183038.3~A12.K_10R.png,0,-0.4663311173915487,,0.0009666681289672,0.12001338524491008,chromosome
0,0.0006974935531616,183038,183038.3~A19.K_10,10,,normal,183038.3~A19.K_10L.png,183038.3~A19.K_10R.png,train,/data5/chensx/MyProject/UAE/data/arrangement_merged/chr_10/183038.3~A19.K_10L.png,/data5/chensx/MyProject/UAE/data/arrangement_merged/chr_10/183038.3~A19.K_10R.png,0,-0.8135472054852295,,0.0006974935531616,-1.2078581786384028,chromosome
0,0.000887393951416,183038,183038.3~A30.K_10,10,,normal,183038.3~A30.K_10L.png,183038.3~A30.K_10R.png,train,/data5/chensx/MyProject/UAE/data/arrangement_merged/chr_10/183038.3~A30.K_10L.png,/data5/chensx/MyProject/UAE/data/arrangement_merged/chr_10/183038.3~A30.K_10R.png,0,-0.5685891769939835,,0.000887393951416,-0.2710559637284463,chromosome
0,0.0010030269622802,183038,183038.3~A36.K_10,10,,normal,183038.3~A36.K_10L.png,183038.3~A36.K_10R.png,train,/data5/chensx/MyProject/UAE/data/arrangement_merged/chr_10/183038.3~A36.K_10L.png,/data5/chensx/MyProject/UAE/data/arrangement_merged/chr_10/183038.3~A36.K_10R.png,0,-0.419430804340808,,0.0010030269622802,0.2993760189847843,chromosome
0,0.0006196498870849,183038,183038.4~A15.K_10,10,,normal,183038.4~A15.K_10L.png,183038.4~A15.K_10R.png,train,/data5/chensx/MyProject/UAE/data/arrangement_merged/chr_10/183038.4~A15.K_10L.png,/data5/chensx/MyProject/UAE/data/arrangement_merged/chr_10/183038.4~A15.K_10R.png,0,-0.9139600068692744,,0.0006196498870849,-1.5918706371045022,chromosome
0,0.000866413116455,183038,183038.4~A24.K_10,10,,normal,183038.4~A24.K_10L.png,183038.4~A24.K_10R.png,train,/data5/chensx/MyProject/UAE/data/arrangement_merged/chr_10/183038.4~A24.K_10L.png,/data5/chensx/MyProject/UAE/data/arrangement_merged/chr_10/183038.4~A24.K_10R.png,0,-0.595652964197034,,0.000866413116455,-0.3745570245097641,chromosome
0,0.0009251236915588,183038,183038.4~A36.K_10,10,,normal,183038.4~A36.K_10L.png,183038.4~A36.K_10R.png,train,/data5/chensx/MyProject/UAE/data/arrangement_merged/chr_10/183038.4~A36.K_10L.png,/data5/chensx/MyProject/UAE/data/arrangement_merged/chr_10/183038.4~A36.K_10R.png,0,-0.5199204914839525,,0.0009251236915588,-0.08493047658543446,chromosome
0,0.0009431838989257,183038,183038.4~A39.K_10,10,,normal,183038.4~A39.K_10L.png,183038.4~A39.K_10R.png,train,/data5/chensx/MyProject/UAE/data/arrangement_merged/chr_10/183038.4~A39.K_10L.png,/data5/chensx/MyProject/UAE/data/arrangement_merged/chr_10/183038.4~A39.K_10R.png,0,-0.4966241064767813,,0.0009431838989257,0.004162766075277073,chromosome
0,0.0009676218032836,183214,183214.11~A34.K_10,10,,normal,183214.11~A34.K_10L.png,183214.11~A34.K_10R.png,train,/data5/chensx/MyProject/UAE/data/arrangement_merged/chr_10/183214.11~A34.K_10L.png,/data5/chensx/MyProject/UAE/data/arrangement_merged/chr_10/183214.11~A34.K_10R.png,0,-0.4700978429388254,,0.0009676218032836,0.1247179789167431,chromosome
0,0.001296043395996,183214,183214.11~A9.K_10,10,,normal,183214.11~A9.K_10L.png,183214.11~A9.K_10R.png,train,/data5/chensx/MyProject/UAE/data/arrangement_merged/chr_10/183214.11~A9.K_10L.png,/data5/chensx/MyProject/UAE/data/arrangement_merged/chr_10/183214.11~A9.K_10R.png,0,-0.0393625896073202,,0.001296043395996,1.7448624246649145,chromosome
0,0.0011659264564514,183214,183214.12~A1.K_10,10,,normal,183214.12~A1.K_10L.png,183214.12~A1.K_10R.png,train,/data5/chensx/MyProject/UAE/data/arrangement_merged/chr_10/183214.12~A1.K_10L.png,/data5/chensx/MyProject/UAE/data/arrangement_merged/chr_10/183214.12~A1.K_10R.png,0,-0.2100150502284955,,0.0011659264564514,1.102979425560346,chromosome
0,0.00077885389328,183214,183214.12~A24.K_10,10,,normal,183214.12~A24.K_10L.png,183214.12~A24.K_10R.png,train,/data5/chensx/MyProject/UAE/data/arrangement_merged/chr_10/183214.12~A24.K_10L.png,/data5/chensx/MyProject/UAE/data/arrangement_merged/chr_10/183214.12~A24.K_10R.png,0,-0.7176728968954275,,0.00077885389328,-0.8064975310075411,chromosome
0,0.0006987452507019,183214,183214.12~A8.K_10,10,,normal,183214.12~A8.K_10L.png,183214.12~A8.K_10R.png,train,/data5/chensx/MyProject/UAE/data/arrangement_merged/chr_10/183214.12~A8.K_10L.png,/data5/chensx/MyProject/UAE/data/arrangement_merged/chr_10/183214.12~A8.K_10R.png,0,-0.8227379024267419,,0.0006987452507019,-1.2016833994439984,chromosome
0,0.0011652112007141,183214,183214.13~A21.K_10,10,,normal,183214.13~A21.K_10L.png,183214.13~A21.K_10R.png,train,/data5/chensx/MyProject/UAE/data/arrangement_merged/chr_10/183214.13~A21.K_10L.png,/data5/chensx/MyProject/UAE/data/arrangement_merged/chr_10/183214.13~A21.K_10R.png,0,-0.2109531306350251,,0.0011652112007141,1.0994509803064714,chromosome
0,0.0011504292488098,183214,183214.13~A34.K_10,10,,normal,183214.13~A34.K_10L.png,183214.13~A34.K_10R.png,train,/data5/chensx/MyProject/UAE/data/arrangement_merged/chr_10/183214.13~A34.K_10L.png,/data5/chensx/MyProject/UAE/data/arrangement_merged/chr_10/183214.13~A34.K_10R.png,0,-0.2303401257033034,,0.0011504292488098,1.0265297783925627,chromosome
0,0.0009050369262695,183214,183214.13~A49.K_10,10,,normal,183214.13~A49.K_10L.png,183214.13~A49.K_10R.png,train,/data5/chensx/MyProject/UAE/data/arrangement_merged/chr_10/183214.13~A49.K_10L.png,/data5/chensx/MyProject/UAE/data/arrangement_merged/chr_10/183214.13~A49.K_10R.png,0,-0.5521798785101649,,0.0009050369262695,-0.1840209807990384,chromosome
0,0.0011555552482604,183214,183214.13~A6.K_10,10,,normal,183214.13~A6.K_10L.png,183214.13~A6.K_10R.png,train,/data5/chensx/MyProject/UAE/data/arrangement_merged/chr_10/183214.13~A6.K_10L.png,/data5/chensx/MyProject/UAE/data/arrangement_merged/chr_10/183214.13~A6.K_10R.png,0,-0.2236172161231746,,0.0011555552482604,1.05181696937842,chromosome
0,0.0007266998291015,183214,183214.14~A11.K_10,10,,normal,183214.14~A11.K_10L.png,183214.14~A11.K_10R.png,train,/data5/chensx/MyProject/UAE/data/arrangement_merged/chr_10/183214.14~A11.K_10L.png,/data5/chensx/MyProject/UAE/data/arrangement_merged/chr_10/183214.14~A11.K_10R.png,0,-0.786074593204877,,0.0007266998291015,-1.06377999743777,chromosome
0,0.0008321404457092,183214,183214.14~A17.K_10,10,,normal,183214.14~A17.K_10L.png,183214.14~A17.K_10R.png,train,/data5/chensx/MyProject/UAE/data/arrangement_merged/chr_10/183214.14~A17.K_10L.png,/data5/chensx/MyProject/UAE/data/arrangement_merged/chr_10/183214.14~A17.K_10R.png,0,-0.6477859066089727,,0.0008321404457092,-0.5436283595921334,chromosome
0,0.0009761452674865,183214,183214.14~A19.K_10,10,,normal,183214.14~A19.K_10L.png,183214.14~A19.K_10R.png,train,/data5/chensx/MyProject/UAE/data/arrangement_merged/chr_10/183214.14~A19.K_10L.png,/data5/chensx/MyProject/UAE/data/arrangement_merged/chr_10/183214.14~A19.K_10R.png,0,-0.4589190514276811,,0.0009761452674865,0.1667652848591222,chromosome
0,0.00102299451828,183214,183214.14~A21.K_10,10,,normal,183214.14~A21.K_10L.png,183214.14~A21.K_10R.png,train,/data5/chensx/MyProject/UAE/data/arrangement_merged/chr_10/183214.14~A21.K_10L.png,/data5/chensx/MyProject/UAE/data/arrangement_merged/chr_10/183214.14~A21.K_10R.png,0,-0.3974747847999927,,0.00102299451828,0.397878448989656,chromosome
0,0.0008456110954284,183214,183214.14~A6.K_10,10,,normal,183214.14~A6.K_10L.png,183214.14~A6.K_10R.png,train,/data5/chensx/MyProject/UAE/data/arrangement_merged/chr_10/183214.14~A6.K_10L.png,/data5/chensx/MyProject/UAE/data/arrangement_merged/chr_10/183214.14~A6.K_10R.png,0,-0.630118725619332,,0.0008456110954284,-0.47717597397724254,chromosome
0,0.0007662773132324,183214,183214.2~A19.K_10,10,,normal,183214.2~A19.K_10L.png,183214.2~A19.K_10R.png,train,/data5/chensx/MyProject/UAE/data/arrangement_merged/chr_10/183214.2~A19.K_10L.png,/data5/chensx/MyProject/UAE/data/arrangement_merged/chr_10/183214.2~A19.K_10R.png,0,-0.7341674773769061,,0.0007662773132324,-0.8685393600552118,chromosome
0,0.0008518695831298,183214,183214.2~A25.K_10,10,,normal,183214.2~A25.K_10L.png,183214.2~A25.K_10R.png,train,/data5/chensx/MyProject/UAE/data/arrangement_merged/chr_10/183214.2~A25.K_10L.png,/data5/chensx/MyProject/UAE/data/arrangement_merged/chr_10/183214.2~A25.K_10R.png,0,-0.6219105220621981,,0.0008518695831298,-0.44630207800571386,chromosome
0,0.0011519193649291,183214,183214.2~A30.K_10,10,,normal,183214.2~A30.K_10L.png,183214.2~A30.K_10R.png,train,/data5/chensx/MyProject/UAE/data/arrangement_merged/chr_10/183214.2~A30.K_10L.png,/data5/chensx/MyProject/UAE/data/arrangement_merged/chr_10/183214.2~A30.K_10R.png,0,-0.2283857915230334,,0.0011519193649291,1.033880706004432,chromosome
0,0.00111585855484,183214,183214.2~A36.K_10,10,,normal,183214.2~A36.K_10L.png,183214.2~A36.K_10R.png,train,/data5/chensx/MyProject/UAE/data/arrangement_merged/chr_10/183214.2~A36.K_10L.png,/data5/chensx/MyProject/UAE/data/arrangement_merged/chr_10/183214.2~A36.K_10R.png,0,-0.2756806786855671,,0.00111585855484,0.8559882577871292,chromosome
0,0.0008842945098876,183214,183214.2~A39.K_10,10,,normal,183214.2~A39.K_10L.png,183214.2~A39.K_10R.png,train,/data5/chensx/MyProject/UAE/data/arrangement_merged/chr_10/183214.2~A39.K_10L.png,/data5/chensx/MyProject/UAE/data/arrangement_merged/chr_10/183214.2~A39.K_10R.png,0,-0.5793842102995231,,0.0008842945098876,-0.2863458931623976,chromosome
0,0.0008401870727539,183214,183214.2~A45.K_10,10,,normal,183214.2~A45.K_10L.png,183214.2~A45.K_10R.png,train,/data5/chensx/MyProject/UAE/data/arrangement_merged/chr_10/183214.2~A45.K_10L.png,/data5/chensx/MyProject/UAE/data/arrangement_merged/chr_10/183214.2~A45.K_10R.png,0,-0.6372325020355147,,0.0008401870727539,-0.5039333504856709,chromosome
0,0.0006088018417358,183214,183214.2~A6.K_10,10,,normal,183214.2~A6.K_10L.png,183214.2~A6.K_10R.png,train,/data5/chensx/MyProject/UAE/data/arrangement_merged/chr_10/183214.2~A6.K_10L.png,/data5/chensx/MyProject/UAE/data/arrangement_merged/chr_10/183214.2~A6.K_10R.png,0,-0.9407015135478384,,0.0006088018417358,-1.6453853901218516,chromosome
0,0.0011446475982666,183214,183214.3~A12.K_10,10,,normal,183214.3~A12.K_10L.png,183214.3~A12.K_10R.png,train,/data5/chensx/MyProject/UAE/data/arrangement_merged/chr_10/183214.3~A12.K_10L.png,/data5/chensx/MyProject/UAE/data/arrangement_merged/chr_10/183214.3~A12.K_10R.png,0,-0.2379229423227509,,0.0011446475982666,0.998008179256951,chromosome
0,0.0006732940673828,183214,183214.3~A19.K_10,10,,normal,183214.3~A19.K_10L.png,183214.3~A19.K_10R.png,train,/data5/chensx/MyProject/UAE/data/arrangement_merged/chr_10/183214.3~A19.K_10L.png,/data5/chensx/MyProject/UAE/data/arrangement_merged/chr_10/183214.3~A19.K_10R.png,0,-0.8561179302257533,,0.0006732940673828,-1.3272372430619104,chromosome
0,0.000899314880371,183214,183214.3~A28.K_10,10,,normal,183214.3~A28.K_10L.png,183214.3~A28.K_10R.png,train,/data5/chensx/MyProject/UAE/data/arrangement_merged/chr_10/183214.3~A28.K_10L.png,/data5/chensx/MyProject/UAE/data/arrangement_merged/chr_10/183214.3~A28.K_10R.png,0,-0.5596845217624017,,0.000899314880371,-0.21224854283053132,chromosome
0,0.0007761716842651,183214,183214.3~A4.K_10,10,,normal,183214.3~A4.K_10L.png,183214.3~A4.K_10R.png,train,/data5/chensx/MyProject/UAE/data/arrangement_merged/chr_10/183214.3~A4.K_10L.png,/data5/chensx/MyProject/UAE/data/arrangement_merged/chr_10/183214.3~A4.K_10R.png,0,-0.7211906984199135,,0.0007761716842651,-0.8197292007096956,chromosome
0,0.0010842084884643,183214,183214.3~A42.K_10,10,,normal,183214.3~A42.K_10L.png,183214.3~A42.K_10R.png,train,/data5/chensx/MyProject/UAE/data/arrangement_merged/chr_10/183214.3~A42.K_10L.png,/data5/chensx/MyProject/UAE/data/arrangement_merged/chr_10/183214.3~A42.K_10R.png,0,-0.3171907366745016,,0.0010842084884643,0.6998545553023003,chromosome
0,0.0011852979660034,183214,183214.3~A43.K_10,10,,normal,183214.3~A43.K_10L.png,183214.3~A43.K_10R.png,train,/data5/chensx/MyProject/UAE/data/arrangement_merged/chr_10/183214.3~A43.K_10L.png,/data5/chensx/MyProject/UAE/data/arrangement_merged/chr_10/183214.3~A43.K_10R.png,0,-0.1846087058849857,,0.0011852979660034,1.1985414845200748,chromosome
0,0.0007025003433227,183214,183214.3~A47.K_10,10,,normal,183214.3~A47.K_10L.png,183214.3~A47.K_10R.png,train,/data5/chensx/MyProject/UAE/data/arrangement_merged/chr_10/183214.3~A47.K_10L.png,/data5/chensx/MyProject/UAE/data/arrangement_merged/chr_10/183214.3~A47.K_10R.png,0,-0.8178129802924616,,0.0007025003433227,-1.183159061861278,chromosome
0,0.0009313225746154,183214,183214.4~A22.K_10,10,,normal,183214.4~A22.K_10L.png,183214.4~A22.K_10R.png,train,/data5/chensx/MyProject/UAE/data/arrangement_merged/chr_10/183214.4~A22.K_10L.png,/data5/chensx/MyProject/UAE/data/arrangement_merged/chr_10/183214.4~A22.K_10R.png,0,-0.5177054235702023,,0.0009313225746154,-0.05435061771851869,chromosome
0,0.0009657740592956,183214,183214.4~A24.K_10,10,,normal,183214.4~A24.K_10L.png,183214.4~A24.K_10R.png,train,/data5/chensx/MyProject/UAE/data/arrangement_merged/chr_10/183214.4~A24.K_10L.png,/data5/chensx/MyProject/UAE/data/arrangement_merged/chr_10/183214.4~A24.K_10R.png,0,-0.4725212173223602,,0.0009657740592956,0.11560282867768942,chromosome
0,0.0007609128952026,183214,183214.4~A26.K_10,10,,normal,183214.4~A26.K_10L.png,183214.4~A26.K_10R.png,train,/data5/chensx/MyProject/UAE/data/arrangement_merged/chr_10/183214.4~A26.K_10L.png,/data5/chensx/MyProject/UAE/data/arrangement_merged/chr_10/183214.4~A26.K_10R.png,0,-0.7412030804258781,,0.0007609128952026,-0.8950026994595204,chromosome
0,0.0007436275482177,183214,183214.4~A28.K_10,10,,normal,183214.4~A28.K_10L.png,183214.4~A28.K_10R.png,train,/data5/chensx/MyProject/UAE/data/arrangement_merged/chr_10/183214.4~A28.K_10L.png,/data5/chensx/MyProject/UAE/data/arrangement_merged/chr_10/183214.4~A28.K_10R.png,0,-0.76387335691701,,0.0007436275482177,-0.9802734597622371,chromosome
0,0.000885009765625,183214,183214.4~A50.K_10,10,,normal,183214.4~A50.K_10L.png,183214.4~A50.K_10R.png,train,/data5/chensx/MyProject/UAE/data/arrangement_merged/chr_10/183214.4~A50.K_10L.png,/data5/chensx/MyProject/UAE/data/arrangement_merged/chr_10/183214.4~A50.K_10R.png,0,-0.5784461298929936,,0.000885009765625,-0.28281744790802943,chromosome
0,0.0010305643081665,183214,183214.4~A8.K_10,10,,normal,183214.4~A8.K_10L.png,183214.4~A8.K_10R.png,train,/data5/chensx/MyProject/UAE/data/arrangement_merged/chr_10/183214.4~A8.K_10L.png,/data5/chensx/MyProject/UAE/data/arrangement_merged/chr_10/183214.4~A8.K_10R.png,0,-0.3875467671642212,,0.0010305643081665,0.4352211612602021,chromosome
0,0.0007446408271789,183262,183262.11~A16.K_10,10,,normal,183262.11~A16.K_10L.png,183262.11~A16.K_10R.png,train,/data5/chensx/MyProject/UAE/data/arrangement_merged/chr_10/183262.11~A16.K_10L.png,/data5/chensx/MyProject/UAE/data/arrangement_merged/chr_10/183262.11~A16.K_10R.png,0,-0.7482022526855394,,0.0007446408271789,-0.9752748289857912,chromosome
0,0.0008186697959899,183262,183262.12~A5.K_10,10,,normal,183262.12~A5.K_10L.png,183262.12~A5.K_10R.png,train,/data5/chensx/MyProject/UAE/data/arrangement_merged/chr_10/183262.12~A5.K_10L.png,/data5/chensx/MyProject/UAE/data/arrangement_merged/chr_10/183262.12~A5.K_10R.png,0,-0.6545699960000796,,0.0008186697959899,-0.6100807452075175,chromosome
0,0.0009869933128356,183262,183262.14~A1.K_10,10,,normal,183262.14~A1.K_10L.png,183262.14~A1.K_10R.png,train,/data5/chensx/MyProject/UAE/data/arrangement_merged/chr_10/183262.14~A1.K_10L.png,/data5/chensx/MyProject/UAE/data/arrangement_merged/chr_10/183262.14~A1.K_10R.png,0,-0.4416734638907894,,0.0009869933128356,0.2202800378764715,chromosome
0,0.0007688999176025,183262,183262.14~A16.K_10,10,,normal,183262.14~A16.K_10L.png,183262.14~A16.K_10R.png,train,/data5/chensx/MyProject/UAE/data/arrangement_merged/chr_10/183262.14~A16.K_10L.png,/data5/chensx/MyProject/UAE/data/arrangement_merged/chr_10/183262.14~A16.K_10R.png,0,-0.7175192184899016,,0.0007688999176025,-0.8556017274576702,chromosome
0,0.0009790658950805,183262,183262.14~A21.K_10,10,,normal,183262.14~A21.K_10L.png,183262.14~A21.K_10R.png,train,/data5/chensx/MyProject/UAE/data/arrangement_merged/chr_10/183262.14~A21.K_10L.png,/data5/chensx/MyProject/UAE/data/arrangement_merged/chr_10/183262.14~A21.K_10R.png,0,-0.4517001065149167,,0.0009790658950805,0.18117310297923528,chromosome
0,0.0008556842803955,183262,183262.14~A23.K_10,10,,normal,183262.14~A23.K_10L.png,183262.14~A23.K_10R.png,train,/data5/chensx/MyProject/UAE/data/arrangement_merged/chr_10/183262.14~A23.K_10L.png,/data5/chensx/MyProject/UAE/data/arrangement_merged/chr_10/183262.14~A23.K_10R.png,0,-0.6077538676573497,,0.0008556842803955,-0.42748370331788754,chromosome
0,0.0009063482284545,183262,183262.14~A29.K_10,10,,normal,183262.14~A29.K_10L.png,183262.14~A29.K_10R.png,train,/data5/chensx/MyProject/UAE/data/arrangement_merged/chr_10/183262.14~A29.K_10L.png,/data5/chensx/MyProject/UAE/data/arrangement_merged/chr_10/183262.14~A29.K_10R.png,0,-0.5436738208114231,,0.0009063482284545,-0.1775521645005147,chromosome
0,0.0007541179656982,183262,183262.14~A33.K_10,10,,normal,183262.14~A33.K_10L.png,183262.14~A33.K_10R.png,train,/data5/chensx/MyProject/UAE/data/arrangement_merged/chr_10/183262.14~A33.K_10L.png,/data5/chensx/MyProject/UAE/data/arrangement_merged/chr_10/183262.14~A33.K_10R.png,0,-0.7362155145108308,,0.0007541179656982,-0.9285229293715785,chromosome
0,0.0010613203048706,183262,183262.14~A38.K_10,10,,normal,183262.14~A38.K_10L.png,183262.14~A38.K_10R.png,train,/data5/chensx/MyProject/UAE/data/arrangement_merged/chr_10/183262.14~A38.K_10L.png,/data5/chensx/MyProject/UAE/data/arrangement_merged/chr_10/183262.14~A38.K_10R.png,0,-0.3476642657532947,,0.0010613203048706,0.5869443071778102,chromosome
0,0.0008354187011718,183262,183262.14~A45.K_10,10,,normal,183262.14~A45.K_10L.png,183262.14~A45.K_10R.png,train,/data5/chensx/MyProject/UAE/data/arrangement_merged/chr_10/183262.14~A45.K_10L.png,/data5/chensx/MyProject/UAE/data/arrangement_merged/chr_10/183262.14~A45.K_10R.png,0,-0.6333858863957204,,0.0008354187011718,-0.5274563188453302,chromosome
0,0.0009757280349731,183262,183262.14~A8.K_10,10,,normal,183262.14~A8.K_10L.png,183262.14~A8.K_10R.png,train,/data5/chensx/MyProject/UAE/data/arrangement_merged/chr_10/183262.14~A8.K_10L.png,/data5/chensx/MyProject/UAE/data/arrangement_merged/chr_10/183262.14~A8.K_10R.png,0,-0.4559218507777072,,0.0009757280349731,0.1647070251278186,chromosome
0,0.0011502504348754,183262,183262.1~A2.K_10,10,,normal,183262.1~A2.K_10L.png,183262.1~A2.K_10R.png,train,/data5/chensx/MyProject/UAE/data/arrangement_merged/chr_10/183262.1~A2.K_10L.png,/data5/chensx/MyProject/UAE/data/arrangement_merged/chr_10/183262.1~A2.K_10R.png,0,-0.2351849364660918,,0.0011502504348754,1.0256476670787245,chromosome
0,0.0008056759834289,183262,183262.1~A24.K_10,10,,normal,183262.1~A24.K_10L.png,183262.1~A24.K_10R.png,train,/data5/chensx/MyProject/UAE/data/arrangement_merged/chr_10/183262.1~A24.K_10L.png,/data5/chensx/MyProject/UAE/data/arrangement_merged/chr_10/183262.1~A24.K_10R.png,0,-0.6710046433087996,,0.0008056759834289,-0.6741808339864919,chromosome
0,0.00099778175354,183262,183262.1~A26.K_10,10,,normal,183262.1~A26.K_10L.png,183262.1~A26.K_10R.png,train,/data5/chensx/MyProject/UAE/data/arrangement_merged/chr_10/183262.1~A26.K_10L.png,/data5/chensx/MyProject/UAE/data/arrangement_merged/chr_10/183262.1~A26.K_10R.png,0,-0.4280281833271273,,0.00099778175354,0.27350075378970207,chromosome
0,0.000806450843811,183262,183262.1~A42.K_10,10,,normal,183262.1~A42.K_10L.png,183262.1~A42.K_10R.png,train,/data5/chensx/MyProject/UAE/data/arrangement_merged/chr_10/183262.1~A42.K_10L.png,/data5/chensx/MyProject/UAE/data/arrangement_merged/chr_10/183262.1~A42.K_10R.png,0,-0.6700245955335089,,0.000806450843811,-0.670358351628004,chromosome
0,0.0009552240371704,183262,183262.1~A9.K_10,10,,normal,183262.1~A9.K_10L.png,183262.1~A9.K_10R.png,train,/data5/chensx/MyProject/UAE/data/arrangement_merged/chr_10/183262.1~A9.K_10L.png,/data5/chensx/MyProject/UAE/data/arrangement_merged/chr_10/183262.1~A9.K_10R.png,0,-0.4818554226777057,,0.0009552240371704,0.06355826118291104,chromosome
0,0.0009906888008117,183262,183262.2~A10.K_10,10,,normal,183262.2~A10.K_10L.png,183262.2~A10.K_10R.png,train,/data5/chensx/MyProject/UAE/data/arrangement_merged/chr_10/183262.2~A10.K_10L.png,/data5/chensx/MyProject/UAE/data/arrangement_merged/chr_10/183262.2~A10.K_10R.png,0,-0.4369993898855571,,0.0009906888008117,0.23851033835507196,chromosome
0,0.0009217262268066,183262,183262.2~A22.K_10,10,,normal,183262.2~A22.K_10L.png,183262.2~A22.K_10R.png,train,/data5/chensx/MyProject/UAE/data/arrangement_merged/chr_10/183262.2~A22.K_10L.png,/data5/chensx/MyProject/UAE/data/arrangement_merged/chr_10/183262.2~A22.K_10R.png,0,-0.5242236418864242,,0.0009217262268066,-0.10169059154146404,chromosome
0,0.0007917881011962,183262,183262.2~A23.K_10,10,,normal,183262.2~A23.K_10L.png,183262.2~A23.K_10R.png,train,/data5/chensx/MyProject/UAE/data/arrangement_merged/chr_10/183262.2~A23.K_10L.png,/data5/chensx/MyProject/UAE/data/arrangement_merged/chr_10/183262.2~A23.K_10R.png,0,-0.6885701149736242,,0.0007917881011962,-0.7426914793331796,chromosome
0,0.0007097721099853,183262,183262.2~A44.K_10,10,,normal,183262.2~A44.K_10L.png,183262.2~A44.K_10R.png,train,/data5/chensx/MyProject/UAE/data/arrangement_merged/chr_10/183262.2~A44.K_10L.png,/data5/chensx/MyProject/UAE/data/arrangement_merged/chr_10/183262.2~A44.K_10R.png,0,-0.7923044025736182,,0.0007097721099853,-1.1472865351133035,chromosome
0,0.000921607017517,183262,183262.2~A45.K_10,10,,normal,183262.2~A45.K_10L.png,183262.2~A45.K_10R.png,train,/data5/chensx/MyProject/UAE/data/arrangement_merged/chr_10/183262.2~A45.K_10L.png,/data5/chensx/MyProject/UAE/data/arrangement_merged/chr_10/183262.2~A45.K_10R.png,0,-0.5243744184672382,,0.000921607017517,-0.10227866575068988,chromosome
0,0.0009598731994628,183262,183262.3~A17.K_10,10,,normal,183262.3~A17.K_10L.png,183262.3~A17.K_10R.png,train,/data5/chensx/MyProject/UAE/data/arrangement_merged/chr_10/183262.3~A17.K_10L.png,/data5/chensx/MyProject/UAE/data/arrangement_merged/chr_10/183262.3~A17.K_10R.png,0,-0.4759751360259618,,0.0009598731994628,0.08649315533285143,chromosome
0,0.0007562637329101,183262,183262.3~A24.K_10,10,,normal,183262.3~A24.K_10L.png,183262.3~A24.K_10R.png,train,/data5/chensx/MyProject/UAE/data/arrangement_merged/chr_10/183262.3~A24.K_10L.png,/data5/chensx/MyProject/UAE/data/arrangement_merged/chr_10/183262.3~A24.K_10R.png,0,-0.7335015360561797,,0.0007562637329101,-0.917937593609954,chromosome
0,0.0008702278137207,183262,183262.3~A30.K_10,10,,normal,183262.3~A30.K_10L.png,183262.3~A30.K_10R.png,train,/data5/chensx/MyProject/UAE/data/arrangement_merged/chr_10/183262.3~A30.K_10L.png,/data5/chensx/MyProject/UAE/data/arrangement_merged/chr_10/183262.3~A30.K_10R.png,0,-0.5893591247980484,,0.0008702278137207,-0.35573864982193776,chromosome
0,0.0007898807525634,183262,183262.3~A41.K_10,10,,normal,183262.3~A41.K_10L.png,183262.3~A41.K_10R.png,train,/data5/chensx/MyProject/UAE/data/arrangement_merged/chr_10/183262.3~A41.K_10L.png,/data5/chensx/MyProject/UAE/data/arrangement_merged/chr_10/183262.3~A41.K_10R.png,0,-0.6909825402666473,,0.0007898807525634,-0.7521006666768462,chromosome
0,0.0008312463760375,183262,183262.4~A14.K_10,10,,normal,183262.4~A14.K_10L.png,183262.4~A14.K_10R.png,train,/data5/chensx/MyProject/UAE/data/arrangement_merged/chr_10/183262.4~A14.K_10L.png,/data5/chensx/MyProject/UAE/data/arrangement_merged/chr_10/183262.4~A14.K_10R.png,0,-0.6386630667242084,,0.0008312463760375,-0.5480389161598472,chromosome
0,0.000605285167694,183262,183262.4~A19.K_10,10,,normal,183262.4~A19.K_10L.png,183262.4~A19.K_10R.png,train,/data5/chensx/MyProject/UAE/data/arrangement_merged/chr_10/183262.4~A19.K_10L.png,/data5/chensx/MyProject/UAE/data/arrangement_merged/chr_10/183262.4~A19.K_10R.png,0,-0.924460075657041,,0.000605285167694,-1.662733579287107,chromosome
0,0.0012018680572509,183262,183262.4~A24.K_10,10,,normal,183262.4~A24.K_10L.png,183262.4~A24.K_10R.png,train,/data5/chensx/MyProject/UAE/data/arrangement_merged/chr_10/183262.4~A24.K_10L.png,/data5/chensx/MyProject/UAE/data/arrangement_merged/chr_10/183262.4~A24.K_10R.png,0,-0.1698986769736536,,0.0012018680572509,1.280283799568424,chromosome
0,0.0008337497711181,183262,183262.4~A29.K_10,10,,normal,183262.4~A29.K_10L.png,183262.4~A29.K_10R.png,train,/data5/chensx/MyProject/UAE/data/arrangement_merged/chr_10/183262.4~A29.K_10L.png,/data5/chensx/MyProject/UAE/data/arrangement_merged/chr_10/183262.4~A29.K_10R.png,0,-0.6354967585271155,,0.0008337497711181,-0.5356893577710383,chromosome
0,0.0009834766387939,183262,183262.4~A31.K_10,10,,normal,183262.4~A31.K_10L.png,183262.4~A31.K_10R.png,train,/data5/chensx/MyProject/UAE/data/arrangement_merged/chr_10/183262.4~A31.K_10L.png,/data5/chensx/MyProject/UAE/data/arrangement_merged/chr_10/183262.4~A31.K_10R.png,0,-0.4461213730248007,,0.0009834766387939,0.20293184871171027,chromosome
0,0.0008735060691833,183262,183262.4~A50.K_10,10,,normal,183262.4~A50.K_10L.png,183262.4~A50.K_10R.png,train,/data5/chensx/MyProject/UAE/data/arrangement_merged/chr_10/183262.4~A50.K_10L.png,/data5/chensx/MyProject/UAE/data/arrangement_merged/chr_10/183262.4~A50.K_10R.png,0,-0.585212768825665,,0.0008735060691833,-0.33956660907513453,chromosome
0,0.000759482383728,183786,183786.11~A44.K_10,10,,normal,183786.11~A44.K_10L.png,183786.11~A44.K_10R.png,train,/data5/chensx/MyProject/UAE/data/arrangement_merged/chr_10/183786.11~A44.K_10L.png,/data5/chensx/MyProject/UAE/data/arrangement_merged/chr_10/183786.11~A44.K_10R.png,0,-0.3429444387329339,,0.000759482383728,-0.90205958996727,chromosome
0,0.0006623268127441,183786,183786.12~A1.K_10,10,,normal,183786.12~A1.K_10L.png,183786.12~A1.K_10R.png,train,/data5/chensx/MyProject/UAE/data/arrangement_merged/chr_10/183786.12~A1.K_10L.png,/data5/chensx/MyProject/UAE/data/arrangement_merged/chr_10/183786.12~A1.K_10R.png,0,-0.3936112952574067,,0.0006623268127441,-1.381340070288486,chromosome
0,0.0007202625274658,183786,183786.12~A12.K_10,10,,normal,183786.12~A12.K_10L.png,183786.12~A12.K_10R.png,train,/data5/chensx/MyProject/UAE/data/arrangement_merged/chr_10/183786.12~A12.K_10L.png,/data5/chensx/MyProject/UAE/data/arrangement_merged/chr_10/183786.12~A12.K_10R.png,0,-0.3633976851090708,,0.0007202625274658,-1.0955360047226443,chromosome
0,0.0008735656738281,183786,183786.12~A15.K_10,10,,normal,183786.12~A15.K_10L.png,183786.12~A15.K_10R.png,train,/data5/chensx/MyProject/UAE/data/arrangement_merged/chr_10/183786.12~A15.K_10L.png,/data5/chensx/MyProject/UAE/data/arrangement_merged/chr_10/183786.12~A15.K_10R.png,0,-0.2834497372680008,,0.0008735656738281,-0.33927257197052163,chromosome
0,0.0008197426795959,183786,183786.12~A16.K_10,10,,normal,183786.12~A16.K_10L.png,183786.12~A16.K_10R.png,train,/data5/chensx/MyProject/UAE/data/arrangement_merged/chr_10/183786.12~A16.K_10L.png,/data5/chensx/MyProject/UAE/data/arrangement_merged/chr_10/183786.12~A16.K_10R.png,0,-0.3115185541033376,,0.0008197426795959,-0.6047880773264587,chromosome
0,0.0010758638381958,183786,183786.12~A34.K_10,10,,normal,183786.12~A34.K_10L.png,183786.12~A34.K_10R.png,train,/data5/chensx/MyProject/UAE/data/arrangement_merged/chr_10/183786.12~A34.K_10L.png,/data5/chensx/MyProject/UAE/data/arrangement_merged/chr_10/183786.12~A34.K_10R.png,0,-0.1779507734372887,,0.0010758638381958,0.6586893606737595,chromosome
0,0.0012732148170471,183786,183786.12~A41.K_10,10,,normal,183786.12~A41.K_10L.png,183786.12~A41.K_10R.png,train,/data5/chensx/MyProject/UAE/data/arrangement_merged/chr_10/183786.12~A41.K_10L.png,/data5/chensx/MyProject/UAE/data/arrangement_merged/chr_10/183786.12~A41.K_10R.png,0,-0.0750317783743872,,0.0012732148170471,1.6322462136450366,chromosome
0,0.0007330179214477,183786,183786.12~A47.K_10,10,,normal,183786.12~A47.K_10L.png,183786.12~A47.K_10R.png,train,/data5/chensx/MyProject/UAE/data/arrangement_merged/chr_10/183786.12~A47.K_10L.png,/data5/chensx/MyProject/UAE/data/arrangement_merged/chr_10/183786.12~A47.K_10R.png,0,-0.3567457174426676,,0.0007330179214477,-1.0326120643616283,chromosome
0,0.0008339285850524,183786,183786.13~A10.K_10,10,,normal,183786.13~A10.K_10L.png,183786.13~A10.K_10R.png,train,/data5/chensx/MyProject/UAE/data/arrangement_merged/chr_10/183786.13~A10.K_10L.png,/data5/chensx/MyProject/UAE/data/arrangement_merged/chr_10/183786.13~A10.K_10R.png,0,-0.3041205713715434,,0.0008339285850524,-0.5348072464576926,chromosome
0,0.0010145902633666,183786,183786.13~A12.K_10,10,,normal,183786.13~A12.K_10L.png,183786.13~A12.K_10R.png,train,/data5/chensx/MyProject/UAE/data/arrangement_merged/chr_10/183786.13~A12.K_10L.png,/data5/chensx/MyProject/UAE/data/arrangement_merged/chr_10/183786.13~A12.K_10R.png,0,-0.2099050854048703,,0.0010145902633666,0.35641921725600856,chromosome
0,0.0008573532104492,183786,183786.13~A29.K_10,10,,normal,183786.13~A29.K_10L.png,183786.13~A29.K_10R.png,train,/data5/chensx/MyProject/UAE/data/arrangement_merged/chr_10/183786.13~A29.K_10L.png,/data5/chensx/MyProject/UAE/data/arrangement_merged/chr_10/183786.13~A29.K_10R.png,0,-0.2919045746757656,,0.0008573532104492,-0.41925066439217945,chromosome
0,0.0012667179107666,183786,183786.13~A34.K_10,10,,normal,183786.13~A34.K_10L.png,183786.13~A34.K_10R.png,train,/data5/chensx/MyProject/UAE/data/arrangement_merged/chr_10/183786.13~A34.K_10L.png,/data5/chensx/MyProject/UAE/data/arrangement_merged/chr_10/183786.13~A34.K_10R.png,0,-0.0784199301297047,,0.0012667179107666,1.6001961692555495,chromosome
0,0.0009756684303283,183786,183786.13~A43.K_10,10,,normal,183786.13~A43.K_10L.png,183786.13~A43.K_10R.png,train,/data5/chensx/MyProject/UAE/data/arrangement_merged/chr_10/183786.13~A43.K_10L.png,/data5/chensx/MyProject/UAE/data/arrangement_merged/chr_10/183786.13~A43.K_10R.png,0,-0.2302029119757174,,0.0009756684303283,0.16441298802320567,chromosome
0,0.0006990432739257,183786,183786.14~A17.K_10,10,,normal,183786.14~A17.K_10L.png,183786.14~A17.K_10R.png,train,/data5/chensx/MyProject/UAE/data/arrangement_merged/chr_10/183786.14~A17.K_10L.png,/data5/chensx/MyProject/UAE/data/arrangement_merged/chr_10/183786.14~A17.K_10R.png,0,-0.3744635752457041,,0.0006990432739257,-1.20021321392192,chromosome
0,0.0004728436470031,183786,183786.14~A24.K_10,10,,normal,183786.14~A24.K_10L.png,183786.14~A24.K_10R.png,train,/data5/chensx/MyProject/UAE/data/arrangement_merged/chr_10/183786.14~A24.K_10L.png,/data5/chensx/MyProject/UAE/data/arrangement_merged/chr_10/183786.14~A24.K_10R.png,0,-0.4924272074606576,,0.0004728436470031,-2.316084025467138,chromosome
0,0.0011729598045349,183786,183786.14~A38.K_10,10,,normal,183786.14~A38.K_10L.png,183786.14~A38.K_10R.png,train,/data5/chensx/MyProject/UAE/data/arrangement_merged/chr_10/183786.14~A38.K_10L.png,/data5/chensx/MyProject/UAE/data/arrangement_merged/chr_10/183786.14~A38.K_10R.png,0,-0.1273150008738739,,0.0011729598045349,1.1376758038903625,chromosome
0,0.0008238554000854,183786,183786.14~A39.K_10,10,,normal,183786.14~A39.K_10L.png,183786.14~A39.K_10R.png,train,/data5/chensx/MyProject/UAE/data/arrangement_merged/chr_10/183786.14~A39.K_10L.png,/data5/chensx/MyProject/UAE/data/arrangement_merged/chr_10/183786.14~A39.K_10R.png,0,-0.3093737607903384,,0.0008238554000854,-0.5844995171165546,chromosome
0,0.0009750127792358,183786,183786.1~A44.K_10,10,,normal,183786.1~A44.K_10L.png,183786.1~A44.K_10R.png,train,/data5/chensx/MyProject/UAE/data/arrangement_merged/chr_10/183786.1~A44.K_10L.png,/data5/chensx/MyProject/UAE/data/arrangement_merged/chr_10/183786.1~A44.K_10R.png,0,-0.230544835547355,,0.0009750127792358,0.1611785798739441,chromosome
0,0.0010002851486206,183786,183786.2~A14.K_10,10,,normal,183786.2~A14.K_10L.png,183786.2~A14.K_10R.png,train,/data5/chensx/MyProject/UAE/data/arrangement_merged/chr_10/183786.2~A14.K_10L.png,/data5/chensx/MyProject/UAE/data/arrangement_merged/chr_10/183786.2~A14.K_10R.png,0,-0.2173652360587804,,0.0010002851486206,0.285850312178511,chromosome
0,0.0011069774627685,183786,183786.2~A4.K_10,10,,normal,183786.2~A4.K_10L.png,183786.2~A4.K_10R.png,train,/data5/chensx/MyProject/UAE/data/arrangement_merged/chr_10/183786.2~A4.K_10L.png,/data5/chensx/MyProject/UAE/data/arrangement_merged/chr_10/183786.2~A4.K_10R.png,0,-0.1617249457650343,,0.0011069774627685,0.8121767292180588,chromosome
0,0.0008913278579711,183786,183786.2~A49.K_10,10,,normal,183786.2~A49.K_10L.png,183786.2~A49.K_10R.png,train,/data5/chensx/MyProject/UAE/data/arrangement_merged/chr_10/183786.2~A49.K_10L.png,/data5/chensx/MyProject/UAE/data/arrangement_merged/chr_10/183786.2~A49.K_10R.png,0,-0.2741867168727291,,0.0008913278579711,-0.25164951483238096,chromosome
0,0.0008848905563354,183786,183786.3~A1.K_10,10,,normal,183786.3~A1.K_10L.png,183786.3~A1.K_10R.png,train,/data5/chensx/MyProject/UAE/data/arrangement_merged/chr_10/183786.3~A1.K_10L.png,/data5/chensx/MyProject/UAE/data/arrangement_merged/chr_10/183786.3~A1.K_10R.png,0,-0.2775437846669886,,0.0008848905563354,-0.2834055221172553,chromosome
0,0.0007557272911071,183786,183786.3~A25.K_10,10,,normal,183786.3~A25.K_10L.png,183786.3~A25.K_10R.png,train,/data5/chensx/MyProject/UAE/data/arrangement_merged/chr_10/183786.3~A25.K_10L.png,/data5/chensx/MyProject/UAE/data/arrangement_merged/chr_10/183786.3~A25.K_10R.png,0,-0.3449027282795853,,0.0007557272911071,-0.9205839275504833,chromosome
0,0.001165747642517,183786,183786.3~A36.K_10,10,,normal,183786.3~A36.K_10L.png,183786.3~A36.K_10R.png,train,/data5/chensx/MyProject/UAE/data/arrangement_merged/chr_10/183786.3~A36.K_10L.png,/data5/chensx/MyProject/UAE/data/arrangement_merged/chr_10/183786.3~A36.K_10R.png,0,-0.1310761601618869,,0.001165747642517,1.1020973142465078,chromosome
0,0.0009725093841552,183786,183786.3~A37.K_10,10,,normal,183786.3~A37.K_10L.png,183786.3~A37.K_10R.png,train,/data5/chensx/MyProject/UAE/data/arrangement_merged/chr_10/183786.3~A37.K_10L.png,/data5/chensx/MyProject/UAE/data/arrangement_merged/chr_10/183786.3~A37.K_10R.png,0,-0.2318503619117892,,0.0009725093841552,0.14882902148513516,chromosome
0,0.0009235739707946,183786,183786.3~A44.K_10,10,,normal,183786.3~A44.K_10L.png,183786.3~A44.K_10R.png,train,/data5/chensx/MyProject/UAE/data/arrangement_merged/chr_10/183786.3~A44.K_10L.png,/data5/chensx/MyProject/UAE/data/arrangement_merged/chr_10/183786.3~A44.K_10R.png,0,-0.2573702939403734,,0.0009235739707946,-0.09257544130241037,chromosome
0,0.0007340312004089,183786,183786.4~A49.K_10,10,,normal,183786.4~A49.K_10L.png,183786.4~A49.K_10R.png,train,/data5/chensx/MyProject/UAE/data/arrangement_merged/chr_10/183786.4~A49.K_10L.png,/data5/chensx/MyProject/UAE/data/arrangement_merged/chr_10/183786.4~A49.K_10R.png,0,-0.3562172901046823,,0.0007340312004089,-1.0276134335851825,chromosome
0,0.0007828474044799,183786,183786.5~A1.K_10,10,,normal,183786.5~A1.K_10L.png,183786.5~A1.K_10R.png,train,/data5/chensx/MyProject/UAE/data/arrangement_merged/chr_10/183786.5~A1.K_10L.png,/data5/chensx/MyProject/UAE/data/arrangement_merged/chr_10/183786.5~A1.K_10R.png,0,-0.330759525998214,,0.0007828474044799,-0.7867970450068628,chromosome
0,0.0008786916732788,183786,183786.5~A31.K_10,10,,normal,183786.5~A31.K_10L.png,183786.5~A31.K_10R.png,train,/data5/chensx/MyProject/UAE/data/arrangement_merged/chr_10/183786.5~A31.K_10L.png,/data5/chensx/MyProject/UAE/data/arrangement_merged/chr_10/183786.5~A31.K_10R.png,0,-0.2807765166170163,,0.0008786916732788,-0.31398538098417106,chromosome
0,0.0006581544876098,183786,183786.5~A33.K_10,10,,normal,183786.5~A33.K_10L.png,183786.5~A33.K_10R.png,train,/data5/chensx/MyProject/UAE/data/arrangement_merged/chr_10/183786.5~A33.K_10L.png,/data5/chensx/MyProject/UAE/data/arrangement_merged/chr_10/183786.5~A33.K_10R.png,0,-0.3957871725314638,,0.0006581544876098,-1.401922667603003,chromosome
0,0.0008819103240966,183786,183786.5~A42.K_10,10,,normal,183786.5~A42.K_10L.png,183786.5~A42.K_10R.png,train,/data5/chensx/MyProject/UAE/data/arrangement_merged/chr_10/183786.5~A42.K_10L.png,/data5/chensx/MyProject/UAE/data/arrangement_merged/chr_10/183786.5~A42.K_10R.png,0,-0.2790979827198866,,0.0008819103240966,-0.29810737734198073,chromosome
0,0.0009146928787231,183786,183786.5~A44.K_10,10,,normal,183786.5~A44.K_10L.png,183786.5~A44.K_10R.png,train,/data5/chensx/MyProject/UAE/data/arrangement_merged/chr_10/183786.5~A44.K_10L.png,/data5/chensx/MyProject/UAE/data/arrangement_merged/chr_10/183786.5~A44.K_10R.png,0,-0.2620018041380093,,0.0009146928787231,-0.13638696987148066,chromosome
0,0.0011846423149108,183786,183786.5~A6.K_10,10,,normal,183786.5~A6.K_10L.png,183786.5~A6.K_10R.png,train,/data5/chensx/MyProject/UAE/data/arrangement_merged/chr_10/183786.5~A6.K_10L.png,/data5/chensx/MyProject/UAE/data/arrangement_merged/chr_10/183786.5~A6.K_10R.png,0,-0.121222544506514,,0.0011846423149108,1.1953070763703195,chromosome
0,0.0011742115020751,183786,183786.5~A8.K_10,10,,normal,183786.5~A8.K_10L.png,183786.5~A8.K_10R.png,train,/data5/chensx/MyProject/UAE/data/arrangement_merged/chr_10/183786.5~A8.K_10L.png,/data5/chensx/MyProject/UAE/data/arrangement_merged/chr_10/183786.5~A8.K_10R.png,0,-0.1266622376916568,,0.0011742115020751,1.1438505830842733,chromosome
0,0.0011451244354248,184752,184752.11~A43.K_10,10,,normal,184752.11~A43.K_10L.png,184752.11~A43.K_10R.png,train,/data5/chensx/MyProject/UAE/data/arrangement_merged/chr_10/184752.11~A43.K_10L.png,/data5/chensx/MyProject/UAE/data/arrangement_merged/chr_10/184752.11~A43.K_10R.png,0,-0.0523931555202669,,0.0011451244354248,1.000360476092867,chromosome
0,0.0011137723922729,184752,184752.13~A19.K_10,10,,normal,184752.13~A19.K_10L.png,184752.13~A19.K_10R.png,train,/data5/chensx/MyProject/UAE/data/arrangement_merged/chr_10/184752.13~A19.K_10L.png,/data5/chensx/MyProject/UAE/data/arrangement_merged/chr_10/184752.13~A19.K_10R.png,0,-0.1021273999433662,,0.0011137723922729,0.845696959130117,chromosome
0,0.0008094906806945,184752,184752.13~A20.K_10,10,,normal,184752.13~A20.K_10L.png,184752.13~A20.K_10R.png,train,/data5/chensx/MyProject/UAE/data/arrangement_merged/chr_10/184752.13~A20.K_10L.png,/data5/chensx/MyProject/UAE/data/arrangement_merged/chr_10/184752.13~A20.K_10R.png,0,-0.5848143158747766,,0.0008094906806945,-0.6553624592991593,chromosome
0,0.0007603764533996,184752,184752.14~A10.K_10,10,,normal,184752.14~A10.K_10L.png,184752.14~A10.K_10R.png,train,/data5/chensx/MyProject/UAE/data/arrangement_merged/chr_10/184752.14~A10.K_10L.png,/data5/chensx/MyProject/UAE/data/arrangement_merged/chr_10/184752.14~A10.K_10R.png,0,-0.6627249953512668,,0.0007603764533996,-0.8976490334000499,chromosome
0,0.0010849237442016,184752,184752.14~A14.K_10,10,,normal,184752.14~A14.K_10L.png,184752.14~A14.K_10R.png,train,/data5/chensx/MyProject/UAE/data/arrangement_merged/chr_10/184752.14~A14.K_10L.png,/data5/chensx/MyProject/UAE/data/arrangement_merged/chr_10/184752.14~A14.K_10R.png,0,-0.147890468956256,,0.0010849237442016,0.703383000556176,chromosome
0,0.0009592771530151,184752,184752.14~A43.K_10,10,,normal,184752.14~A43.K_10L.png,184752.14~A43.K_10R.png,train,/data5/chensx/MyProject/UAE/data/arrangement_merged/chr_10/184752.14~A43.K_10L.png,/data5/chensx/MyProject/UAE/data/arrangement_merged/chr_10/184752.14~A43.K_10R.png,0,-0.3472056538305779,,0.0009592771530151,0.08355278428820222,chromosome
0,0.0011114478111267,184752,184752.2~A30.K_10,10,,normal,184752.2~A30.K_10L.png,184752.2~A30.K_10R.png,train,/data5/chensx/MyProject/UAE/data/arrangement_merged/chr_10/184752.2~A30.K_10L.png,/data5/chensx/MyProject/UAE/data/arrangement_merged/chr_10/184752.2~A30.K_10R.png,0,-0.1058149199671321,,0.0011114478111267,0.8342295120551473,chromosome
0,0.0005970001220703,184752,184752.2~A50.K_10,10,,normal,184752.2~A50.K_10L.png,184752.2~A50.K_10R.png,train,/data5/chensx/MyProject/UAE/data/arrangement_merged/chr_10/184752.2~A50.K_10L.png,/data5/chensx/MyProject/UAE/data/arrangement_merged/chr_10/184752.2~A50.K_10R.png,0,-0.921891466765174,,0.0005970001220703,-1.7036047368110343,chromosome
0,0.0012550354003906,184752,184752.3~A13.K_10,10,,normal,184752.3~A13.K_10L.png,184752.3~A13.K_10R.png,train,/data5/chensx/MyProject/UAE/data/arrangement_merged/chr_10/184752.3~A13.K_10L.png,/data5/chensx/MyProject/UAE/data/arrangement_merged/chr_10/184752.3~A13.K_10R.png,0,0.1219603553470241,,0.0012550354003906,1.5425648967750993,chromosome
0,0.0011284947395324,184752,184752.3~A16.K_10,10,,normal,184752.3~A16.K_10L.png,184752.3~A16.K_10R.png,train,/data5/chensx/MyProject/UAE/data/arrangement_merged/chr_10/184752.3~A16.K_10L.png,/data5/chensx/MyProject/UAE/data/arrangement_merged/chr_10/184752.3~A16.K_10R.png,0,-0.0787731064595154,,0.0011284947395324,0.9183241239394124,chromosome
0,0.0010865330696105,184752,184752.4~A27.K_10,10,,normal,184752.4~A27.K_10L.png,184752.4~A27.K_10R.png,train,/data5/chensx/MyProject/UAE/data/arrangement_merged/chr_10/184752.4~A27.K_10L.png,/data5/chensx/MyProject/UAE/data/arrangement_merged/chr_10/184752.4~A27.K_10R.png,0,-0.1453375704782643,,0.0010865330696105,0.7113220023772712,chromosome
0,0.0009958744049072,184793,184793.11~A18.K_10,10,,normal,184793.11~A18.K_10L.png,184793.11~A18.K_10R.png,train,/data5/chensx/MyProject/UAE/data/arrangement_merged/chr_10/184793.11~A18.K_10L.png,/data5/chensx/MyProject/UAE/data/arrangement_merged/chr_10/184793.11~A18.K_10R.png,0,-0.4194017516660471,,0.0009958744049072,0.264091566446036,chromosome
0,0.0012776255607604,184793,184793.12~A12.K_10,10,,normal,184793.12~A12.K_10L.png,184793.12~A12.K_10R.png,train,/data5/chensx/MyProject/UAE/data/arrangement_merged/chr_10/184793.12~A12.K_10L.png,/data5/chensx/MyProject/UAE/data/arrangement_merged/chr_10/184793.12~A12.K_10R.png,0,-0.061459480326212,,0.0012776255607604,1.6540049593770185,chromosome
0,0.0007632970809936,184793,184793.12~A27.K_10,10,,normal,184793.12~A27.K_10L.png,184793.12~A27.K_10R.png,train,/data5/chensx/MyProject/UAE/data/arrangement_merged/chr_10/184793.12~A27.K_10L.png,/data5/chensx/MyProject/UAE/data/arrangement_merged/chr_10/184793.12~A27.K_10R.png,0,-0.7148726090318259,,0.0007632970809936,-0.8832412152799373,chromosome
0,0.0008549690246582,184793,184793.12~A32.K_10,10,,normal,184793.12~A32.K_10L.png,184793.12~A32.K_10R.png,train,/data5/chensx/MyProject/UAE/data/arrangement_merged/chr_10/184793.12~A32.K_10L.png,/data5/chensx/MyProject/UAE/data/arrangement_merged/chr_10/184793.12~A32.K_10R.png,0,-0.5984107487989793,,0.0008549690246582,-0.43101214857176257,chromosome
0,0.0008032917976379,184793,184793.12~A38.K_10,10,,normal,184793.12~A38.K_10L.png,184793.12~A38.K_10R.png,train,/data5/chensx/MyProject/UAE/data/arrangement_merged/chr_10/184793.12~A38.K_10L.png,/data5/chensx/MyProject/UAE/data/arrangement_merged/chr_10/184793.12~A38.K_10R.png,0,-0.6640625256662602,,0.0008032917976379,-0.685942318166075,chromosome
0,0.0009654760360717,184793,184793.12~A42.K_10,10,,normal,184793.12~A42.K_10L.png,184793.12~A42.K_10R.png,train,/data5/chensx/MyProject/UAE/data/arrangement_merged/chr_10/184793.12~A42.K_10L.png,/data5/chensx/MyProject/UAE/data/arrangement_merged/chr_10/184793.12~A42.K_10R.png,0,-0.4580204439409183,,0.0009654760360717,0.11413264315511852,chromosome
0,0.0007601380348205,184793,184793.13~A10.K_10,10,,normal,184793.13~A10.K_10L.png,184793.13~A10.K_10R.png,train,/data5/chensx/MyProject/UAE/data/arrangement_merged/chr_10/184793.13~A10.K_10L.png,/data5/chensx/MyProject/UAE/data/arrangement_merged/chr_10/184793.13~A10.K_10R.png,0,-0.7188859241113714,,0.0007601380348205,-0.8988251818180079,chromosome
0,0.0011102557182312,184793,184793.13~A16.K_10,10,,normal,184793.13~A16.K_10L.png,184793.13~A16.K_10R.png,train,/data5/chensx/MyProject/UAE/data/arrangement_merged/chr_10/184793.13~A16.K_10L.png,/data5/chensx/MyProject/UAE/data/arrangement_merged/chr_10/184793.13~A16.K_10R.png,0,-0.2740894566160908,,0.0011102557182312,0.8283487699653558,chromosome
0,0.0013774037361145,184793,184793.13~A43.K_10,10,,normal,184793.13~A43.K_10L.png,184793.13~A43.K_10R.png,train,/data5/chensx/MyProject/UAE/data/arrangement_merged/chr_10/184793.13~A43.K_10L.png,/data5/chensx/MyProject/UAE/data/arrangement_merged/chr_10/184793.13~A43.K_10R.png,0,0.0653006978466002,,0.0013774037361145,2.146223072296269,chromosome
0,0.0012410879135131,184793,184793.14~A14.K_10,10,,normal,184793.14~A14.K_10L.png,184793.14~A14.K_10R.png,train,/data5/chensx/MyProject/UAE/data/arrangement_merged/chr_10/184793.14~A14.K_10L.png,/data5/chensx/MyProject/UAE/data/arrangement_merged/chr_10/184793.14~A14.K_10R.png,0,-0.1078776339820866,,0.0012410879135131,1.4737602143237978,chromosome
0,0.0008929967880249,184793,184793.14~A26.K_10,10,,normal,184793.14~A26.K_10L.png,184793.14~A26.K_10R.png,train,/data5/chensx/MyProject/UAE/data/arrangement_merged/chr_10/184793.14~A26.K_10L.png,/data5/chensx/MyProject/UAE/data/arrangement_merged/chr_10/184793.14~A26.K_10R.png,0,-0.5500995219923758,,0.0008929967880249,-0.2434164759061798,chromosome
0,0.0006063580513,184793,184793.14~A27.K_10,10,,normal,184793.14~A27.K_10L.png,184793.14~A27.K_10R.png,train,/data5/chensx/MyProject/UAE/data/arrangement_merged/chr_10/184793.14~A27.K_10L.png,/data5/chensx/MyProject/UAE/data/arrangement_merged/chr_10/184793.14~A27.K_10R.png,0,-0.914251073266602,,0.0006063580513,-1.6574409114060475,chromosome
0,0.0011354088783264,184793,184793.14~A3.K_10,10,,normal,184793.14~A3.K_10L.png,184793.14~A3.K_10R.png,train,/data5/chensx/MyProject/UAE/data/arrangement_merged/chr_10/184793.14~A3.K_10L.png,/data5/chensx/MyProject/UAE/data/arrangement_merged/chr_10/184793.14~A3.K_10R.png,0,-0.2421343818317856,,0.0011354088783264,0.9524324280606963,chromosome
0,0.0011829137802124,184793,184793.14~A30.K_10,10,,normal,184793.14~A30.K_10L.png,184793.14~A30.K_10R.png,train,/data5/chensx/MyProject/UAE/data/arrangement_merged/chr_10/184793.14~A30.K_10L.png,/data5/chensx/MyProject/UAE/data/arrangement_merged/chr_10/184793.14~A30.K_10R.png,0,-0.1817832097865458,,0.0011829137802124,1.1867800003404918,chromosome
0,0.0006959438323974,184793,184793.14~A32.K_10,10,,normal,184793.14~A32.K_10L.png,184793.14~A32.K_10R.png,train,/data5/chensx/MyProject/UAE/data/arrangement_merged/chr_10/184793.14~A32.K_10L.png,/data5/chensx/MyProject/UAE/data/arrangement_merged/chr_10/184793.14~A32.K_10R.png,0,-0.8004395154447758,,0.0006959438323974,-1.2155031433553782,chromosome
0,0.0011950135231018,184793,184793.14~A33.K_10,10,,normal,184793.14~A33.K_10L.png,184793.14~A33.K_10R.png,train,/data5/chensx/MyProject/UAE/data/arrangement_merged/chr_10/184793.14~A33.K_10L.png,/data5/chensx/MyProject/UAE/data/arrangement_merged/chr_10/184793.14~A33.K_10R.png,0,-0.1664114558026266,,0.0011950135231018,1.2464695325522455,chromosome
0,0.0008583068847656,184793,184793.14~A4.K_10,10,,normal,184793.14~A4.K_10L.png,184793.14~A4.K_10R.png,train,/data5/chensx/MyProject/UAE/data/arrangement_merged/chr_10/184793.14~A4.K_10L.png,/data5/chensx/MyProject/UAE/data/arrangement_merged/chr_10/184793.14~A4.K_10R.png,0,-0.5941702649413464,,0.0008583068847656,-0.41454607072034644,chromosome
0,0.0006987452507019,184793,184793.14~A9.K_10,10,,normal,184793.14~A9.K_10L.png,184793.14~A9.K_10R.png,train,/data5/chensx/MyProject/UAE/data/arrangement_merged/chr_10/184793.14~A9.K_10L.png,/data5/chensx/MyProject/UAE/data/arrangement_merged/chr_10/184793.14~A9.K_10R.png,0,-0.7968805379214052,,0.0006987452507019,-1.2016833994439984,chromosome
0,0.0012785792350769,184793,184793.1~A26.K_10,10,,normal,184793.1~A26.K_10L.png,184793.1~A26.K_10R.png,train,/data5/chensx/MyProject/UAE/data/arrangement_merged/chr_10/184793.1~A26.K_10L.png,/data5/chensx/MyProject/UAE/data/arrangement_merged/chr_10/184793.1~A26.K_10R.png,0,-0.0602479135097455,,0.0012785792350769,1.6587095530493448,chromosome
0,0.0005745291709899,184793,184793.2~A4.K_10,10,,normal,184793.2~A4.K_10L.png,184793.2~A4.K_10R.png,train,/data5/chensx/MyProject/UAE/data/arrangement_merged/chr_10/184793.2~A4.K_10L.png,/data5/chensx/MyProject/UAE/data/arrangement_merged/chr_10/184793.2~A4.K_10R.png,0,-0.9546871157661728,,0.0005745291709899,-1.8144567252047146,chromosome
0,0.0009363889694213,184793,184793.3~A8.K_10,10,,normal,184793.3~A8.K_10L.png,184793.3~A8.K_10R.png,train,/data5/chensx/MyProject/UAE/data/arrangement_merged/chr_10/184793.3~A8.K_10L.png,/data5/chensx/MyProject/UAE/data/arrangement_merged/chr_10/184793.3~A8.K_10R.png,0,-0.4949732318431479,,0.0009363889694213,-0.029357463836781568,chromosome
0,0.0008256435394287,185290,185290.11~A25.K_10,10,,normal,185290.11~A25.K_10L.png,185290.11~A25.K_10R.png,train,/data5/chensx/MyProject/UAE/data/arrangement_merged/chr_10/185290.11~A25.K_10L.png,/data5/chensx/MyProject/UAE/data/arrangement_merged/chr_10/185290.11~A25.K_10R.png,0,-0.6352819895865194,,0.0008256435394287,-0.5756784039816206,chromosome
0,0.0006843209266662,185290,185290.11~A27.K_10,10,,normal,185290.11~A27.K_10L.png,185290.11~A27.K_10R.png,train,/data5/chensx/MyProject/UAE/data/arrangement_merged/chr_10/185290.11~A27.K_10L.png,/data5/chensx/MyProject/UAE/data/arrangement_merged/chr_10/185290.11~A27.K_10R.png,0,-0.8239638849410467,,0.0006843209266662,-1.2728403787312155,chromosome
0,0.0009586811065673,185290,185290.11~A38.K_10,10,,normal,185290.11~A38.K_10L.png,185290.11~A38.K_10R.png,train,/data5/chensx/MyProject/UAE/data/arrangement_merged/chr_10/185290.11~A38.K_10L.png,/data5/chensx/MyProject/UAE/data/arrangement_merged/chr_10/185290.11~A38.K_10R.png,0,-0.4576615802945308,,0.0009586811065673,0.08061241324305989,chromosome
0,0.0006616115570068,185290,185290.12~A12.K_10,10,,normal,185290.12~A12.K_10L.png,185290.12~A12.K_10R.png,train,/data5/chensx/MyProject/UAE/data/arrangement_merged/chr_10/185290.12~A12.K_10L.png,/data5/chensx/MyProject/UAE/data/arrangement_merged/chr_10/185290.12~A12.K_10R.png,0,-0.8542834978175017,,0.0006616115570068,-1.3848685155423603,chromosome
0,0.000877559185028,185290,185290.12~A33.K_10,10,,normal,185290.12~A33.K_10L.png,185290.12~A33.K_10R.png,train,/data5/chensx/MyProject/UAE/data/arrangement_merged/chr_10/185290.12~A33.K_10L.png,/data5/chensx/MyProject/UAE/data/arrangement_merged/chr_10/185290.12~A33.K_10R.png,0,-0.5659686488637049,,0.000877559185028,-0.3195720859698433,chromosome
0,0.001138150691986,185290,185290.12~A35.K_10,10,,normal,185290.12~A35.K_10L.png,185290.12~A35.K_10R.png,train,/data5/chensx/MyProject/UAE/data/arrangement_merged/chr_10/185290.12~A35.K_10L.png,/data5/chensx/MyProject/UAE/data/arrangement_merged/chr_10/185290.12~A35.K_10R.png,0,-0.2180491016304728,,0.001138150691986,0.9659581348669707,chromosome
0,0.0009598135948181,185290,185290.12~A49.K_10,10,,normal,185290.12~A49.K_10L.png,185290.12~A49.K_10R.png,train,/data5/chensx/MyProject/UAE/data/arrangement_merged/chr_10/185290.12~A49.K_10L.png,/data5/chensx/MyProject/UAE/data/arrangement_merged/chr_10/185290.12~A49.K_10R.png,0,-0.4561495786025291,,0.0009598135948181,0.08619911822873165,chromosome
0,0.0011528730392456,185290,185290.12~A5.K_10,10,,normal,185290.12~A5.K_10L.png,185290.12~A5.K_10R.png,train,/data5/chensx/MyProject/UAE/data/arrangement_merged/chr_10/185290.12~A5.K_10L.png,/data5/chensx/MyProject/UAE/data/arrangement_merged/chr_10/185290.12~A5.K_10R.png,0,-0.1983930796344508,,0.0011528730392456,1.038585299676759,chromosome
0,0.0010939836502075,185290,185290.12~A50.K_10,10,,normal,185290.12~A50.K_10L.png,185290.12~A50.K_10R.png,train,/data5/chensx/MyProject/UAE/data/arrangement_merged/chr_10/185290.12~A50.K_10L.png,/data5/chensx/MyProject/UAE/data/arrangement_merged/chr_10/185290.12~A50.K_10R.png,0,-0.2770171676185389,,0.0010939836502075,0.7480766404390845,chromosome
0,0.0006147623062133,185290,185290.12~A7.K_10,10,,normal,185290.12~A7.K_10L.png,185290.12~A7.K_10R.png,train,/data5/chensx/MyProject/UAE/data/arrangement_merged/chr_10/185290.12~A7.K_10L.png,/data5/chensx/MyProject/UAE/data/arrangement_merged/chr_10/185290.12~A7.K_10R.png,0,-0.9168326204445192,,0.0006147623062133,-1.6159816796728943,chromosome
0,0.0012941360473632,185290,185290.12~A8.K_10,10,,normal,185290.12~A8.K_10L.png,185290.12~A8.K_10R.png,train,/data5/chensx/MyProject/UAE/data/arrangement_merged/chr_10/185290.12~A8.K_10L.png,/data5/chensx/MyProject/UAE/data/arrangement_merged/chr_10/185290.12~A8.K_10R.png,0,-0.0097907633163447,,0.0012941360473632,1.7354532373212472,chromosome
0,0.0013564825057983,185290,185290.13~A13.K_10,10,,normal,185290.13~A13.K_10L.png,185290.13~A13.K_10R.png,train,/data5/chensx/MyProject/UAE/data/arrangement_merged/chr_10/185290.13~A13.K_10L.png,/data5/chensx/MyProject/UAE/data/arrangement_merged/chr_10/185290.13~A13.K_10R.png,0,0.0734489087801696,,0.0013564825057983,2.043016048619564,chromosome
0,0.0010557174682617,185290,185290.13~A26.K_10,10,,normal,185290.13~A26.K_10L.png,185290.13~A26.K_10R.png,train,/data5/chensx/MyProject/UAE/data/arrangement_merged/chr_10/185290.13~A26.K_10L.png,/data5/chensx/MyProject/UAE/data/arrangement_merged/chr_10/185290.13~A26.K_10R.png,0,-0.328106909000912,,0.0010557174682617,0.5593048193555437,chromosome
0,0.0009446144104003,185290,185290.13~A28.K_10,10,,normal,185290.13~A28.K_10L.png,185290.13~A28.K_10R.png,train,/data5/chensx/MyProject/UAE/data/arrangement_merged/chr_10/185290.13~A28.K_10L.png,/data5/chensx/MyProject/UAE/data/arrangement_merged/chr_10/185290.13~A28.K_10R.png,0,-0.4764422328899203,,0.0009446144104003,0.011219656583026616,chromosome
0,0.0008918642997741,185290,185290.13~A30.K_10,10,,normal,185290.13~A30.K_10L.png,185290.13~A30.K_10R.png,train,/data5/chensx/MyProject/UAE/data/arrangement_merged/chr_10/185290.13~A30.K_10L.png,/data5/chensx/MyProject/UAE/data/arrangement_merged/chr_10/185290.13~A30.K_10R.png,0,-0.5468696801226308,,0.0008918642997741,-0.24900318089185156,chromosome
0,0.000931978225708,185290,185290.13~A35.K_10,10,,normal,185290.13~A35.K_10L.png,185290.13~A35.K_10R.png,train,/data5/chensx/MyProject/UAE/data/arrangement_merged/chr_10/185290.13~A35.K_10L.png,/data5/chensx/MyProject/UAE/data/arrangement_merged/chr_10/185290.13~A35.K_10R.png,0,-0.4933129886112024,,0.000931978225708,-0.051116209568763435,chromosome
0,0.0009372234344482,185290,185290.13~A36.K_10,10,,normal,185290.13~A36.K_10L.png,185290.13~A36.K_10R.png,train,/data5/chensx/MyProject/UAE/data/arrangement_merged/chr_10/185290.13~A36.K_10L.png,/data5/chensx/MyProject/UAE/data/arrangement_merged/chr_10/185290.13~A36.K_10R.png,0,-0.4863100334061419,,0.0009372234344482,-0.025240944373680702,chromosome
0,0.000734806060791,185290,185290.13~A46.K_10,10,,normal,185290.13~A46.K_10L.png,185290.13~A46.K_10R.png,train,/data5/chensx/MyProject/UAE/data/arrangement_merged/chr_10/185290.13~A46.K_10L.png,/data5/chensx/MyProject/UAE/data/arrangement_merged/chr_10/185290.13~A46.K_10R.png,0,-0.7565604410923396,,0.000734806060791,-1.0237909512266945,chromosome
0,0.0010492801666259,185290,185290.13~A6.K_10,10,,normal,185290.13~A6.K_10L.png,185290.13~A6.K_10R.png,train,/data5/chensx/MyProject/UAE/data/arrangement_merged/chr_10/185290.13~A6.K_10L.png,/data5/chensx/MyProject/UAE/data/arrangement_merged/chr_10/185290.13~A6.K_10R.png,0,-0.3367014449343953,,0.0010492801666259,0.5275488120701758,chromosome
0,0.0005847215652465,185290,185290.13~A7.K_10,10,,normal,185290.13~A7.K_10L.png,185290.13~A7.K_10R.png,train,/data5/chensx/MyProject/UAE/data/arrangement_merged/chr_10/185290.13~A7.K_10L.png,/data5/chensx/MyProject/UAE/data/arrangement_merged/chr_10/185290.13~A7.K_10R.png,0,-0.9569404548007746,,0.0005847215652465,-1.7641763803366275,chromosome
0,0.0011937618255615,185290,185290.14~A27.K_10,10,,normal,185290.14~A27.K_10L.png,185290.14~A27.K_10R.png,train,/data5/chensx/MyProject/UAE/data/arrangement_merged/chr_10/185290.14~A27.K_10L.png,/data5/chensx/MyProject/UAE/data/arrangement_merged/chr_10/185290.14~A27.K_10R.png,0,-0.1438018606495475,,0.0011937618255615,1.2402947533578417,chromosome
0,0.0011260509490966,185290,185290.14~A31.K_10,10,,normal,185290.14~A31.K_10L.png,185290.14~A31.K_10R.png,train,/data5/chensx/MyProject/UAE/data/arrangement_merged/chr_10/185290.14~A31.K_10L.png,/data5/chensx/MyProject/UAE/data/arrangement_merged/chr_10/185290.14~A31.K_10R.png,0,-0.2342036460239646,,0.0011260509490966,0.9062686026552169,chromosome
0,0.0010594129562377,185290,185290.14~A44.K_10,10,,normal,185290.14~A44.K_10L.png,185290.14~A44.K_10R.png,train,/data5/chensx/MyProject/UAE/data/arrangement_merged/chr_10/185290.14~A44.K_10L.png,/data5/chensx/MyProject/UAE/data/arrangement_merged/chr_10/185290.14~A44.K_10R.png,0,-0.3231730087428012,,0.0010594129562377,0.57753511983365,chromosome
0,0.0014843940734863,185290,185290.14~A47.K_10,10,,normal,185290.14~A47.K_10L.png,185290.14~A47.K_10R.png,train,/data5/chensx/MyProject/UAE/data/arrangement_merged/chr_10/185290.14~A47.K_10L.png,/data5/chensx/MyProject/UAE/data/arrangement_merged/chr_10/185290.14~A47.K_10R.png,0,0.2442255209399399,,0.0014843940734863,2.6740196748583878,chromosome
0,0.0008474588394165,185290,185290.1~A31.K_10,10,,normal,185290.1~A31.K_10L.png,185290.1~A31.K_10R.png,train,/data5/chensx/MyProject/UAE/data/arrangement_merged/chr_10/185290.1~A31.K_10L.png,/data5/chensx/MyProject/UAE/data/arrangement_merged/chr_10/185290.1~A31.K_10R.png,0,-0.6061560622563815,,0.0008474588394165,-0.4680608237376957,chromosome
0,0.000938594341278,185290,185290.1~A32.K_10,10,,normal,185290.1~A32.K_10L.png,185290.1~A32.K_10R.png,train,/data5/chensx/MyProject/UAE/data/arrangement_merged/chr_10/185290.1~A32.K_10L.png,/data5/chensx/MyProject/UAE/data/arrangement_merged/chr_10/185290.1~A32.K_10R.png,0,-0.4844797155684556,,0.000938594341278,-0.01847809097054407,chromosome
0,0.001041293144226,185290,185290.1~A35.K_10,10,,normal,185290.1~A35.K_10L.png,185290.1~A35.K_10R.png,train,/data5/chensx/MyProject/UAE/data/arrangement_merged/chr_10/185290.1~A35.K_10L.png,/data5/chensx/MyProject/UAE/data/arrangement_merged/chr_10/185290.1~A35.K_10R.png,0,-0.3473650358148283,,0.001041293144226,0.48814784006832607,chromosome
0,0.0009763836860656,185290,185290.2~A19.K_10,10,,normal,185290.2~A19.K_10L.png,185290.2~A19.K_10R.png,train,/data5/chensx/MyProject/UAE/data/arrangement_merged/chr_10/185290.2~A19.K_10L.png,/data5/chensx/MyProject/UAE/data/arrangement_merged/chr_10/185290.2~A19.K_10R.png,0,-0.4340266064774517,,0.0009763836860656,0.16794143327708072,chromosome
0,0.0013989210128784,185290,185290.3~A26.K_10,10,,normal,185290.3~A26.K_10L.png,185290.3~A26.K_10R.png,train,/data5/chensx/MyProject/UAE/data/arrangement_merged/chr_10/185290.3~A26.K_10L.png,/data5/chensx/MyProject/UAE/data/arrangement_merged/chr_10/185290.3~A26.K_10R.png,0,0.1301091827120225,,0.0013989210128784,2.2523704670176223,chromosome
0,0.0011180639266967,185290,185290.3~A32.K_10,10,,normal,185290.3~A32.K_10L.png,185290.3~A32.K_10R.png,train,/data5/chensx/MyProject/UAE/data/arrangement_merged/chr_10/185290.3~A32.K_10L.png,/data5/chensx/MyProject/UAE/data/arrangement_merged/chr_10/185290.3~A32.K_10R.png,0,-0.2448672369043976,,0.0011180639266967,0.8668676306533661,chromosome
0,0.0011549592018127,185290,185290.4~A11.K_10,10,,normal,185290.4~A11.K_10L.png,185290.4~A11.K_10R.png,train,/data5/chensx/MyProject/UAE/data/arrangement_merged/chr_10/185290.4~A11.K_10L.png,/data5/chensx/MyProject/UAE/data/arrangement_merged/chr_10/185290.4~A11.K_10R.png,0,-0.1956078133597108,,0.0011549592018127,1.0488765983337702,chromosome
0,0.0010350346565246,185290,185290.4~A15.K_10,10,,normal,185290.4~A15.K_10L.png,185290.4~A15.K_10R.png,train,/data5/chensx/MyProject/UAE/data/arrangement_merged/chr_10/185290.4~A15.K_10L.png,/data5/chensx/MyProject/UAE/data/arrangement_merged/chr_10/185290.4~A15.K_10R.png,0,-0.3557208346390482,,0.0010350346565246,0.4572739440967974,chromosome
0,0.0007938146591186,185290,185290.4~A18.K_10,10,,normal,185290.4~A18.K_10L.png,185290.4~A18.K_10R.png,train,/data5/chensx/MyProject/UAE/data/arrangement_merged/chr_10/185290.4~A18.K_10L.png,/data5/chensx/MyProject/UAE/data/arrangement_merged/chr_10/185290.4~A18.K_10R.png,0,-0.6777771950354091,,0.0007938146591186,-0.7326942177802876,chromosome
0,0.000844657421112,185290,185290.4~A28.K_10,10,,normal,185290.4~A28.K_10L.png,185290.4~A28.K_10R.png,train,/data5/chensx/MyProject/UAE/data/arrangement_merged/chr_10/185290.4~A28.K_10L.png,/data5/chensx/MyProject/UAE/data/arrangement_merged/chr_10/185290.4~A28.K_10R.png,0,-0.6098962769681752,,0.000844657421112,-0.48188056764907555,chromosome
0,0.0009496808052062,185290,185290.4~A29.K_10,10,,normal,185290.4~A29.K_10L.png,185290.4~A29.K_10R.png,train,/data5/chensx/MyProject/UAE/data/arrangement_merged/chr_10/185290.4~A29.K_10L.png,/data5/chensx/MyProject/UAE/data/arrangement_merged/chr_10/185290.4~A29.K_10R.png,0,-0.4696780147941233,,0.0009496808052062,0.03621281046476374,chromosome
0,0.0010349750518798,185290,185290.4~A37.K_10,10,,normal,185290.4~A37.K_10L.png,185290.4~A37.K_10R.png,train,/data5/chensx/MyProject/UAE/data/arrangement_merged/chr_10/185290.4~A37.K_10L.png,/data5/chensx/MyProject/UAE/data/arrangement_merged/chr_10/185290.4~A37.K_10R.png,0,-0.3558004136754693,,0.0010349750518798,0.456979906992184,chromosome
0,0.0008973479270935,185290,185290.4~A9.K_10,10,,normal,185290.4~A9.K_10L.png,185290.4~A9.K_10R.png,train,/data5/chensx/MyProject/UAE/data/arrangement_merged/chr_10/185290.4~A9.K_10L.png,/data5/chensx/MyProject/UAE/data/arrangement_merged/chr_10/185290.4~A9.K_10R.png,0,-0.5395484087718858,,0.0008973479270935,-0.22195176727831717,chromosome
0,0.0008192658424377,185824,185824.11~A10.K_10,10,,normal,185824.11~A10.K_10L.png,185824.11~A10.K_10R.png,train,/data5/chensx/MyProject/UAE/data/arrangement_merged/chr_10/185824.11~A10.K_10L.png,/data5/chensx/MyProject/UAE/data/arrangement_merged/chr_10/185824.11~A10.K_10R.png,0,-0.6008708625696375,,0.0008192658424377,-0.6071403741623751,chromosome
0,0.0008950233459472,185824,185824.11~A15.K_10,10,,normal,185824.11~A15.K_10L.png,185824.11~A15.K_10R.png,train,/data5/chensx/MyProject/UAE/data/arrangement_merged/chr_10/185824.11~A15.K_10L.png,/data5/chensx/MyProject/UAE/data/arrangement_merged/chr_10/185824.11~A15.K_10R.png,0,-0.5021464069282815,,0.0008950233459472,-0.2334192143537805,chromosome
0,0.0007134675979614,185824,185824.11~A31.K_10,10,,normal,185824.11~A31.K_10L.png,185824.11~A31.K_10R.png,train,/data5/chensx/MyProject/UAE/data/arrangement_merged/chr_10/185824.11~A31.K_10L.png,/data5/chensx/MyProject/UAE/data/arrangement_merged/chr_10/185824.11~A31.K_10R.png,0,-0.738743332092381,,0.0007134675979614,-1.1290562346347028,chromosome
0,0.0012111663818359,185824,185824.12~A12.K_10,10,,normal,185824.12~A12.K_10L.png,185824.12~A12.K_10R.png,train,/data5/chensx/MyProject/UAE/data/arrangement_merged/chr_10/185824.12~A12.K_10L.png,/data5/chensx/MyProject/UAE/data/arrangement_merged/chr_10/185824.12~A12.K_10R.png,0,-0.0901601656051089,,0.0012111663818359,1.326153587869291,chromosome
0,0.0011770725250244,185824,185824.12~A28.K_10,10,,normal,185824.12~A28.K_10L.png,185824.12~A28.K_10R.png,train,/data5/chensx/MyProject/UAE/data/arrangement_merged/chr_10/185824.12~A28.K_10L.png,/data5/chensx/MyProject/UAE/data/arrangement_merged/chr_10/185824.12~A28.K_10R.png,0,-0.134590054375255,,0.0011770725250244,1.1579643641002666,chromosome
0,0.0007874965667724,185824,185824.12~A31.K_10,10,,normal,185824.12~A31.K_10L.png,185824.12~A31.K_10R.png,train,/data5/chensx/MyProject/UAE/data/arrangement_merged/chr_10/185824.12~A31.K_10L.png,/data5/chensx/MyProject/UAE/data/arrangement_merged/chr_10/185824.12~A31.K_10R.png,0,-0.6422714407418191,,0.0007874965667724,-0.7638621508564293,chromosome
0,0.0014343857765197,185824,185824.12~A38.K_10,10,,normal,185824.12~A38.K_10L.png,185824.12~A38.K_10R.png,train,/data5/chensx/MyProject/UAE/data/arrangement_merged/chr_10/185824.12~A38.K_10L.png,/data5/chensx/MyProject/UAE/data/arrangement_merged/chr_10/185824.12~A38.K_10R.png,0,0.2007313264302004,,0.0014343857765197,2.427322544189783,chromosome
0,0.0009025335311889,185824,185824.12~A48.K_10,10,,normal,185824.12~A48.K_10L.png,185824.12~A48.K_10R.png,train,/data5/chensx/MyProject/UAE/data/arrangement_merged/chr_10/185824.12~A48.K_10L.png,/data5/chensx/MyProject/UAE/data/arrangement_merged/chr_10/185824.12~A48.K_10R.png,0,-0.4923594034579346,,0.0009025335311889,-0.19637053918784733,chromosome
0,0.0011293292045593,185824,185824.12~A7.K_10,10,,normal,185824.12~A7.K_10L.png,185824.12~A7.K_10R.png,train,/data5/chensx/MyProject/UAE/data/arrangement_merged/chr_10/185824.12~A7.K_10L.png,/data5/chensx/MyProject/UAE/data/arrangement_merged/chr_10/185824.12~A7.K_10R.png,0,-0.1968074335796029,,0.0011293292045593,0.9224406434025127,chromosome
0,0.0007422566413879,185824,185824.13~A1.K_10,10,,normal,185824.13~A1.K_10L.png,185824.13~A1.K_10R.png,train,/data5/chensx/MyProject/UAE/data/arrangement_merged/chr_10/185824.13~A1.K_10L.png,/data5/chensx/MyProject/UAE/data/arrangement_merged/chr_10/185824.13~A1.K_10R.png,0,-0.7012264854560514,,0.0007422566413879,-0.9870363131653743,chromosome
0,0.0006757378578186,185824,185824.13~A14.K_10,10,,normal,185824.13~A14.K_10L.png,185824.13~A14.K_10R.png,train,/data5/chensx/MyProject/UAE/data/arrangement_merged/chr_10/185824.13~A14.K_10L.png,/data5/chensx/MyProject/UAE/data/arrangement_merged/chr_10/185824.13~A14.K_10R.png,0,-0.7879113733362664,,0.0006757378578186,-1.3151817217777142,chromosome
0,0.0007969737052917,185824,185824.13~A5.K_10,10,,normal,185824.13~A5.K_10L.png,185824.13~A5.K_10R.png,train,/data5/chensx/MyProject/UAE/data/arrangement_merged/chr_10/185824.13~A5.K_10L.png,/data5/chensx/MyProject/UAE/data/arrangement_merged/chr_10/185824.13~A5.K_10R.png,0,-0.6299211744578099,,0.0007969737052917,-0.7171102512422166,chromosome
0,0.0007999539375305,185824,185824.1~A10.K_10,10,,normal,185824.1~A10.K_10L.png,185824.1~A10.K_10R.png,train,/data5/chensx/MyProject/UAE/data/arrangement_merged/chr_10/185824.1~A10.K_10L.png,/data5/chensx/MyProject/UAE/data/arrangement_merged/chr_10/185824.1~A10.K_10R.png,0,-0.6260374429219581,,0.0007999539375305,-0.7024083960174912,chromosome
0,0.0009965896606445,185824,185824.1~A11.K_10,10,,normal,185824.1~A11.K_10L.png,185824.1~A11.K_10R.png,train,/data5/chensx/MyProject/UAE/data/arrangement_merged/chr_10/185824.1~A11.K_10L.png,/data5/chensx/MyProject/UAE/data/arrangement_merged/chr_10/185824.1~A11.K_10R.png,0,-0.3697888361864478,,0.0009965896606445,0.2676200116999105,chromosome
0,0.0008262991905212,185824,185824.1~A18.K_10,10,,normal,185824.1~A18.K_10L.png,185824.1~A18.K_10R.png,train,/data5/chensx/MyProject/UAE/data/arrangement_merged/chr_10/185824.1~A18.K_10L.png,/data5/chensx/MyProject/UAE/data/arrangement_merged/chr_10/185824.1~A18.K_10R.png,0,-0.591705256145027,,0.0008262991905212,-0.5724439958323585,chromosome
0,0.0010971426963806,185824,185824.1~A39.K_10,10,,normal,185824.1~A39.K_10L.png,185824.1~A39.K_10R.png,train,/data5/chensx/MyProject/UAE/data/arrangement_merged/chr_10/185824.1~A39.K_10L.png,/data5/chensx/MyProject/UAE/data/arrangement_merged/chr_10/185824.1~A39.K_10R.png,0,-0.2387517341668037,,0.0010971426963806,0.7636606069771555,chromosome
0,0.0008517503738403,185824,185824.2~A10.K_10,10,,normal,185824.2~A10.K_10L.png,185824.2~A10.K_10R.png,train,/data5/chensx/MyProject/UAE/data/arrangement_merged/chr_10/185824.2~A10.K_10L.png,/data5/chensx/MyProject/UAE/data/arrangement_merged/chr_10/185824.2~A10.K_10R.png,0,-0.5585381888288515,,0.0008517503738403,-0.446890152214446,chromosome
0,0.001051127910614,185824,185824.2~A11.K_10,10,,normal,185824.2~A11.K_10L.png,185824.2~A11.K_10R.png,train,/data5/chensx/MyProject/UAE/data/arrangement_merged/chr_10/185824.2~A11.K_10L.png,/data5/chensx/MyProject/UAE/data/arrangement_merged/chr_10/185824.2~A11.K_10R.png,0,-0.2987165490803575,,0.001051127910614,0.5366639623097226,chromosome
0,0.0008362531661987,185824,185824.2~A14.K_10,10,,normal,185824.2~A14.K_10L.png,185824.2~A14.K_10R.png,train,/data5/chensx/MyProject/UAE/data/arrangement_merged/chr_10/185824.2~A14.K_10L.png,/data5/chensx/MyProject/UAE/data/arrangement_merged/chr_10/185824.2~A14.K_10R.png,0,-0.5787335928152816,,0.0008362531661987,-0.5233397993822293,chromosome
0,0.0010095834732055,185824,185824.2~A17.K_10,10,,normal,185824.2~A17.K_10L.png,185824.2~A17.K_10R.png,train,/data5/chensx/MyProject/UAE/data/arrangement_merged/chr_10/185824.2~A17.K_10L.png,/data5/chensx/MyProject/UAE/data/arrangement_merged/chr_10/185824.2~A17.K_10R.png,0,-0.3528557666901334,,0.0010095834732055,0.3317201004788849,chromosome
0,0.0008900165557861,185824,185824.2~A2.K_10,10,,normal,185824.2~A2.K_10L.png,185824.2~A2.K_10R.png,train,/data5/chensx/MyProject/UAE/data/arrangement_merged/chr_10/185824.2~A2.K_10L.png,/data5/chensx/MyProject/UAE/data/arrangement_merged/chr_10/185824.2~A2.K_10R.png,0,-0.5086710759085128,,0.0008900165557861,-0.2581183311309052,chromosome
0,0.0007781386375427,185824,185824.2~A25.K_10,10,,normal,185824.2~A25.K_10L.png,185824.2~A25.K_10R.png,train,/data5/chensx/MyProject/UAE/data/arrangement_merged/chr_10/185824.2~A25.K_10L.png,/data5/chensx/MyProject/UAE/data/arrangement_merged/chr_10/185824.2~A25.K_10R.png,0,-0.6544663577643941,,0.0007781386375427,-0.810025976261416,chromosome
0,0.0009225606918334,185824,185824.2~A27.K_10,10,,normal,185824.2~A27.K_10L.png,185824.2~A27.K_10R.png,train,/data5/chensx/MyProject/UAE/data/arrangement_merged/chr_10/185824.2~A27.K_10L.png,/data5/chensx/MyProject/UAE/data/arrangement_merged/chr_10/185824.2~A27.K_10R.png,0,-0.4662607275370097,,0.0009225606918334,-0.09757407207885631,chromosome
0,0.0014622807502746,185824,185824.2~A7.K_10,10,,normal,185824.2~A7.K_10L.png,185824.2~A7.K_10R.png,train,/data5/chensx/MyProject/UAE/data/arrangement_merged/chr_10/185824.2~A7.K_10L.png,/data5/chensx/MyProject/UAE/data/arrangement_merged/chr_10/185824.2~A7.K_10R.png,0,0.2370830536057745,,0.0014622807502746,2.5649319090918925,chromosome
0,0.0008853673934936,185824,185824.2~A8.K_10,10,,normal,185824.2~A8.K_10L.png,185824.2~A8.K_10R.png,train,/data5/chensx/MyProject/UAE/data/arrangement_merged/chr_10/185824.2~A8.K_10L.png,/data5/chensx/MyProject/UAE/data/arrangement_merged/chr_10/185824.2~A8.K_10R.png,0,-0.5147296971044417,,0.0008853673934936,-0.28105322528133875,chromosome
0,0.0009074807167053,185824,185824.2~A9.K_10,10,,normal,185824.2~A9.K_10L.png,185824.2~A9.K_10R.png,train,/data5/chensx/MyProject/UAE/data/arrangement_merged/chr_10/185824.2~A9.K_10L.png,/data5/chensx/MyProject/UAE/data/arrangement_merged/chr_10/185824.2~A9.K_10R.png,0,-0.4859124091084204,,0.0009074807167053,-0.17196545951484238,chromosome
0,0.0010427236557006,185824,185824.3~A18.K_10,10,,normal,185824.3~A18.K_10L.png,185824.3~A18.K_10R.png,train,/data5/chensx/MyProject/UAE/data/arrangement_merged/chr_10/185824.3~A18.K_10L.png,/data5/chensx/MyProject/UAE/data/arrangement_merged/chr_10/185824.3~A18.K_10R.png,0,-0.3096686720114599,,0.0010427236557006,0.4952047305760751,chromosome
0,0.0010240077972412,185824,185824.3~A2.K_10,10,,normal,185824.3~A2.K_10L.png,185824.3~A2.K_10R.png,train,/data5/chensx/MyProject/UAE/data/arrangement_merged/chr_10/185824.3~A2.K_10L.png,/data5/chensx/MyProject/UAE/data/arrangement_merged/chr_10/185824.3~A2.K_10R.png,0,-0.33405850605661,,0.0010240077972412,0.40287707976610254,chromosome
0,0.0006262063980102,185824,185824.3~A28.K_10,10,,normal,185824.3~A28.K_10L.png,185824.3~A28.K_10R.png,train,/data5/chensx/MyProject/UAE/data/arrangement_merged/chr_10/185824.3~A28.K_10L.png,/data5/chensx/MyProject/UAE/data/arrangement_merged/chr_10/185824.3~A28.K_10R.png,0,-0.8524589914621254,,0.0006262063980102,-1.559526555610402,chromosome
0,0.0008622407913208,185824,185824.3~A41.K_10,10,,normal,185824.3~A41.K_10L.png,185824.3~A41.K_10R.png,train,/data5/chensx/MyProject/UAE/data/arrangement_merged/chr_10/185824.3~A41.K_10L.png,/data5/chensx/MyProject/UAE/data/arrangement_merged/chr_10/185824.3~A41.K_10R.png,0,-0.5448674538226527,,0.0008622407913208,-0.3951396218237874,chromosome
0,0.0010162591934204,185824,185824.3~A43.K_10,10,,normal,185824.3~A43.K_10L.png,185824.3~A43.K_10R.png,train,/data5/chensx/MyProject/UAE/data/arrangement_merged/chr_10/185824.3~A43.K_10L.png,/data5/chensx/MyProject/UAE/data/arrangement_merged/chr_10/185824.3~A43.K_10R.png,0,-0.344156208049825,,0.0010162591934204,0.3646522561822103,chromosome
0,0.0008807182312011,185824,185824.3~A46.K_10,10,,normal,185824.3~A46.K_10L.png,185824.3~A46.K_10R.png,train,/data5/chensx/MyProject/UAE/data/arrangement_merged/chr_10/185824.3~A46.K_10L.png,/data5/chensx/MyProject/UAE/data/arrangement_merged/chr_10/185824.3~A46.K_10R.png,0,-0.5207883183003708,,0.0008807182312011,-0.3039881194317723,chromosome
0,0.0013872981071472,186193,186193.11~A23.K_10,10,,normal,186193.11~A23.K_10L.png,186193.11~A23.K_10R.png,train,/data5/chensx/MyProject/UAE/data/arrangement_merged/chr_10/186193.11~A23.K_10L.png,/data5/chensx/MyProject/UAE/data/arrangement_merged/chr_10/186193.11~A23.K_10R.png,0,0.0732370230645049,,0.0013872981071472,2.1950332316417858,chromosome
0,0.0011664628982543,186193,186193.12~A4.K_10,10,,normal,186193.12~A4.K_10L.png,186193.12~A4.K_10R.png,train,/data5/chensx/MyProject/UAE/data/arrangement_merged/chr_10/186193.12~A4.K_10L.png,/data5/chensx/MyProject/UAE/data/arrangement_merged/chr_10/186193.12~A4.K_10R.png,0,-0.2013852683211505,,0.0011664628982543,1.1056257595003822,chromosome
0,0.0010398030281066,186193,186193.13~A11.K_10,10,,normal,186193.13~A11.K_10L.png,186193.13~A11.K_10R.png,train,/data5/chensx/MyProject/UAE/data/arrangement_merged/chr_10/186193.13~A11.K_10L.png,/data5/chensx/MyProject/UAE/data/arrangement_merged/chr_10/186193.13~A11.K_10R.png,0,-0.3588946797096843,,0.0010398030281066,0.48079691245596257,chromosome
0,0.0008832216262817,186193,186193.13~A22.K_10,10,,normal,186193.13~A22.K_10L.png,186193.13~A22.K_10R.png,train,/data5/chensx/MyProject/UAE/data/arrangement_merged/chr_10/186193.13~A22.K_10L.png,/data5/chensx/MyProject/UAE/data/arrangement_merged/chr_10/186193.13~A22.K_10R.png,0,-0.5536133732238859,,0.0008832216262817,-0.2916385610429633,chromosome
0,0.0009360909461975,186193,186193.13~A4.K_10,10,,normal,186193.13~A4.K_10L.png,186193.13~A4.K_10R.png,train,/data5/chensx/MyProject/UAE/data/arrangement_merged/chr_10/186193.13~A4.K_10L.png,/data5/chensx/MyProject/UAE/data/arrangement_merged/chr_10/186193.13~A4.K_10R.png,0,-0.4878670918584132,,0.0009360909461975,-0.03082764935885934,chromosome
0,0.0008153319358825,186193,186193.13~A41.K_10,10,,normal,186193.13~A41.K_10L.png,186193.13~A41.K_10R.png,train,/data5/chensx/MyProject/UAE/data/arrangement_merged/chr_10/186193.13~A41.K_10L.png,/data5/chensx/MyProject/UAE/data/arrangement_merged/chr_10/186193.13~A41.K_10R.png,0,-0.6380384177281401,,0.0008153319358825,-0.6265468230589342,chromosome
0,0.0007286071777343,186193,186193.13~A5.K_10,10,,normal,186193.13~A5.K_10L.png,186193.13~A5.K_10R.png,train,/data5/chensx/MyProject/UAE/data/arrangement_merged/chr_10/186193.13~A5.K_10L.png,/data5/chensx/MyProject/UAE/data/arrangement_merged/chr_10/186193.13~A5.K_10R.png,0,-0.7458860382318185,,0.0007286071777343,-1.0543708100941038,chromosome
0,0.0010963082313537,186193,186193.1~A34.K_10,10,,normal,186193.1~A34.K_10L.png,186193.1~A34.K_10R.png,train,/data5/chensx/MyProject/UAE/data/arrangement_merged/chr_10/186193.1~A34.K_10L.png,/data5/chensx/MyProject/UAE/data/arrangement_merged/chr_10/186193.1~A34.K_10R.png,0,-0.2886269517114114,,0.0010963082313537,0.7595440875140541,chromosome
0,0.000800609588623,186193,186193.1~A38.K_10,10,,normal,186193.1~A38.K_10L.png,186193.1~A38.K_10R.png,train,/data5/chensx/MyProject/UAE/data/arrangement_merged/chr_10/186193.1~A38.K_10L.png,/data5/chensx/MyProject/UAE/data/arrangement_merged/chr_10/186193.1~A38.K_10R.png,0,-0.6563465704871838,,0.000800609588623,-0.699173987868229,chromosome
0,0.0011877417564392,186193,186193.1~A44.K_10,10,,normal,186193.1~A44.K_10L.png,186193.1~A44.K_10R.png,train,/data5/chensx/MyProject/UAE/data/arrangement_merged/chr_10/186193.1~A44.K_10L.png,/data5/chensx/MyProject/UAE/data/arrangement_merged/chr_10/186193.1~A44.K_10R.png,0,-0.1749236872078768,,0.0011877417564392,1.2105970058042714,chromosome
0,0.0007762312889099,186193,186193.1~A8.K_10,10,,normal,186193.1~A8.K_10L.png,186193.1~A8.K_10R.png,train,/data5/chensx/MyProject/UAE/data/arrangement_merged/chr_10/186193.1~A8.K_10L.png,/data5/chensx/MyProject/UAE/data/arrangement_merged/chr_10/186193.1~A8.K_10R.png,0,-0.6866624995497298,,0.0007762312889099,-0.8194351636050826,chromosome
0,0.0006675124168395,186193,186193.2~A1.K_10,10,,normal,186193.2~A1.K_10L.png,186193.2~A1.K_10R.png,train,/data5/chensx/MyProject/UAE/data/arrangement_merged/chr_10/186193.2~A1.K_10L.png,/data5/chensx/MyProject/UAE/data/arrangement_merged/chr_10/186193.2~A1.K_10R.png,0,-0.8218611660780525,,0.0006675124168395,-1.355758842198016,chromosome
0,0.0008453130722045,186193,186193.2~A12.K_10,10,,normal,186193.2~A12.K_10L.png,186193.2~A12.K_10R.png,train,/data5/chensx/MyProject/UAE/data/arrangement_merged/chr_10/186193.2~A12.K_10L.png,/data5/chensx/MyProject/UAE/data/arrangement_merged/chr_10/186193.2~A12.K_10R.png,0,-0.6007550135265248,,0.0008453130722045,-0.478646159499814,chromosome
0,0.0007432699203491,186193,186193.2~A14.K_10,10,,normal,186193.2~A14.K_10L.png,186193.2~A14.K_10R.png,train,/data5/chensx/MyProject/UAE/data/arrangement_merged/chr_10/186193.2~A14.K_10L.png,/data5/chensx/MyProject/UAE/data/arrangement_merged/chr_10/186193.2~A14.K_10R.png,0,-0.7276520075487224,,0.0007432699203491,-0.9820376823889283,chromosome
0,0.0010310411453247,186193,186193.2~A15.K_10,10,,normal,186193.2~A15.K_10L.png,186193.2~A15.K_10R.png,train,/data5/chensx/MyProject/UAE/data/arrangement_merged/chr_10/186193.2~A15.K_10L.png,/data5/chensx/MyProject/UAE/data/arrangement_merged/chr_10/186193.2~A15.K_10R.png,0,-0.3697906248739735,,0.0010310411453247,0.43757345809611914,chromosome
0,0.000831663608551,186193,186193.2~A24.K_10,10,,normal,186193.2~A24.K_10L.png,186193.2~A24.K_10R.png,train,/data5/chensx/MyProject/UAE/data/arrangement_merged/chr_10/186193.2~A24.K_10L.png,/data5/chensx/MyProject/UAE/data/arrangement_merged/chr_10/186193.2~A24.K_10R.png,0,-0.6177289689185127,,0.000831663608551,-0.5459806564280499,chromosome
0,0.0014206767082214,186193,186193.2~A3.K_10,10,,normal,186193.2~A3.K_10L.png,186193.2~A3.K_10R.png,train,/data5/chensx/MyProject/UAE/data/arrangement_merged/chr_10/186193.2~A3.K_10L.png,/data5/chensx/MyProject/UAE/data/arrangement_merged/chr_10/186193.2~A3.K_10R.png,0,0.1147453855951303,,0.0014206767082214,2.359694010156934,chromosome
0,0.0007507801055908,186193,186193.2~A37.K_10,10,,normal,186193.2~A37.K_10L.png,186193.2~A37.K_10R.png,train,/data5/chensx/MyProject/UAE/data/arrangement_merged/chr_10/186193.2~A37.K_10L.png,/data5/chensx/MyProject/UAE/data/arrangement_merged/chr_10/186193.2~A37.K_10R.png,0,-0.7183126259793317,,0.0007507801055908,-0.9449890072229946,chromosome
0,0.0010720491409301,186193,186193.2~A4.K_10,10,,normal,186193.2~A4.K_10L.png,186193.2~A4.K_10R.png,train,/data5/chensx/MyProject/UAE/data/arrangement_merged/chr_10/186193.2~A4.K_10L.png,/data5/chensx/MyProject/UAE/data/arrangement_merged/chr_10/186193.2~A4.K_10R.png,0,-0.3187946366220623,,0.0010720491409301,0.6398709859859343,chromosome
0,0.0007135868072509,186193,186193.2~A42.K_10,10,,normal,186193.2~A42.K_10L.png,186193.2~A42.K_10R.png,train,/data5/chensx/MyProject/UAE/data/arrangement_merged/chr_10/186193.2~A42.K_10L.png,/data5/chensx/MyProject/UAE/data/arrangement_merged/chr_10/186193.2~A42.K_10R.png,0,-0.7645648013706,,0.0007135868072509,-1.1284681604259703,chromosome
0,0.000708520412445,186193,186193.2~A44.K_10,10,,normal,186193.2~A44.K_10L.png,186193.2~A44.K_10R.png,train,/data5/chensx/MyProject/UAE/data/arrangement_merged/chr_10/186193.2~A44.K_10L.png,/data5/chensx/MyProject/UAE/data/arrangement_merged/chr_10/186193.2~A44.K_10R.png,0,-0.7708651778261414,,0.000708520412445,-1.153461314307708,chromosome
0,0.0007672309875488,186193,186193.2~A46.K_10,10,,normal,186193.2~A46.K_10L.png,186193.2~A46.K_10R.png,train,/data5/chensx/MyProject/UAE/data/arrangement_merged/chr_10/186193.2~A46.K_10L.png,/data5/chensx/MyProject/UAE/data/arrangement_merged/chr_10/186193.2~A46.K_10R.png,0,-0.6978549330178092,,0.0007672309875488,-0.8638347663833783,chromosome
0,0.0009228587150573,186193,186193.2~A48.K_10,10,,normal,186193.2~A48.K_10L.png,186193.2~A48.K_10R.png,train,/data5/chensx/MyProject/UAE/data/arrangement_merged/chr_10/186193.2~A48.K_10L.png,/data5/chensx/MyProject/UAE/data/arrangement_merged/chr_10/186193.2~A48.K_10R.png,0,-0.5043221927187683,,0.0009228587150573,-0.0961038865562854,chromosome
0,0.0007129907608032,186193,186193.2~A5.K_10,10,,normal,186193.2~A5.K_10L.png,186193.2~A5.K_10R.png,train,/data5/chensx/MyProject/UAE/data/arrangement_merged/chr_10/186193.2~A5.K_10L.png,/data5/chensx/MyProject/UAE/data/arrangement_merged/chr_10/186193.2~A5.K_10R.png,0,-0.7653060221300755,,0.0007129907608032,-1.1314085314706195,chromosome
0,0.0010430216789245,186193,186193.2~A50.K_10,10,,normal,186193.2~A50.K_10L.png,186193.2~A50.K_10R.png,train,/data5/chensx/MyProject/UAE/data/arrangement_merged/chr_10/186193.2~A50.K_10L.png,/data5/chensx/MyProject/UAE/data/arrangement_merged/chr_10/186193.2~A50.K_10R.png,0,-0.3548920876085169,,0.0010430216789245,0.49667491609864706,chromosome
0,0.0008412599563598,186193,186193.2~A7.K_10,10,,normal,186193.2~A7.K_10L.png,186193.2~A7.K_10R.png,train,/data5/chensx/MyProject/UAE/data/arrangement_merged/chr_10/186193.2~A7.K_10L.png,/data5/chensx/MyProject/UAE/data/arrangement_merged/chr_10/186193.2~A7.K_10R.png,0,-0.6057953146909578,,0.0008412599563598,-0.49864068260510513,chromosome
0,0.0010281205177307,186193,186193.3~A15.K_10,10,,normal,186193.3~A15.K_10L.png,186193.3~A15.K_10R.png,train,/data5/chensx/MyProject/UAE/data/arrangement_merged/chr_10/186193.3~A15.K_10L.png,/data5/chensx/MyProject/UAE/data/arrangement_merged/chr_10/186193.3~A15.K_10R.png,0,-0.3734226065954033,,0.0010281205177307,0.4231656399760066,chromosome
0,0.0007374882698059,186193,186193.3~A6.K_10,10,,normal,186193.3~A6.K_10L.png,186193.3~A6.K_10R.png,train,/data5/chensx/MyProject/UAE/data/arrangement_merged/chr_10/186193.3~A6.K_10L.png,/data5/chensx/MyProject/UAE/data/arrangement_merged/chr_10/186193.3~A6.K_10R.png,0,-0.7348418489156343,,0.0007374882698059,-1.0105592815245406,chromosome
0,0.0008976459503173,Q242362,Q242362.11~A39.K_10,10,,normal,Q242362.11~A39.K_10L.png,Q242362.11~A39.K_10R.png,train,/data5/chensx/MyProject/UAE/data/arrangement_merged/chr_10/Q242362.11~A39.K_10L.png,/data5/chensx/MyProject/UAE/data/arrangement_merged/chr_10/Q242362.11~A39.K_10R.png,0,-0.5522606526217047,,0.0008976459503173,-0.2204815817562394,chromosome
0,0.0010820627212524,Q242362,Q242362.12~A25.K_10,10,,normal,Q242362.12~A25.K_10L.png,Q242362.12~A25.K_10R.png,train,/data5/chensx/MyProject/UAE/data/arrangement_merged/chr_10/Q242362.12~A25.K_10L.png,/data5/chensx/MyProject/UAE/data/arrangement_merged/chr_10/Q242362.12~A25.K_10R.png,0,-0.3100580797864147,,0.0010820627212524,0.6892692195406758,chromosome
0,0.0009573698043823,Q242362,Q242362.12~A30.K_10,10,,normal,Q242362.12~A30.K_10L.png,Q242362.12~A30.K_10R.png,train,/data5/chensx/MyProject/UAE/data/arrangement_merged/chr_10/Q242362.12~A30.K_10L.png,/data5/chensx/MyProject/UAE/data/arrangement_merged/chr_10/Q242362.12~A30.K_10R.png,0,-0.4738227153298622,,0.0009573698043823,0.07414359694453616,chromosome
0,0.0006928443908691,Q242362,Q242362.12~A6.K_10,10,,normal,Q242362.12~A6.K_10L.png,Q242362.12~A6.K_10R.png,train,/data5/chensx/MyProject/UAE/data/arrangement_merged/chr_10/Q242362.12~A6.K_10L.png,/data5/chensx/MyProject/UAE/data/arrangement_merged/chr_10/Q242362.12~A6.K_10R.png,0,-0.8212354555506174,,0.0006928443908691,-1.2307930727888363,chromosome
0,0.0008788108825683,Q242362,Q242362.13~A12.K_10,10,,normal,Q242362.13~A12.K_10L.png,Q242362.13~A12.K_10R.png,train,/data5/chensx/MyProject/UAE/data/arrangement_merged/chr_10/Q242362.13~A12.K_10L.png,/data5/chensx/MyProject/UAE/data/arrangement_merged/chr_10/Q242362.13~A12.K_10R.png,0,-0.5769975669772158,,0.0008788108825683,-0.31339730677543887,chromosome
0,0.0008672475814819,Q242362,Q242362.13~A3.K_10,10,,normal,Q242362.13~A3.K_10L.png,Q242362.13~A3.K_10R.png,train,/data5/chensx/MyProject/UAE/data/arrangement_merged/chr_10/Q242362.13~A3.K_10L.png,/data5/chensx/MyProject/UAE/data/arrangement_merged/chr_10/Q242362.13~A3.K_10R.png,0,-0.5921841536385106,,0.0008672475814819,-0.3704405050466632,chromosome
0,0.0011665821075439,Q242362,Q242362.13~A33.K_10,10,,normal,Q242362.13~A33.K_10L.png,Q242362.13~A33.K_10R.png,train,/data5/chensx/MyProject/UAE/data/arrangement_merged/chr_10/Q242362.13~A33.K_10L.png,/data5/chensx/MyProject/UAE/data/arrangement_merged/chr_10/Q242362.13~A33.K_10R.png,0,-0.1990550906847854,,0.0011665821075439,1.1062138337096081,chromosome
0,0.000999629497528,Q242362,Q242362.13~A6.K_10,10,,normal,Q242362.13~A6.K_10L.png,Q242362.13~A6.K_10R.png,train,/data5/chensx/MyProject/UAE/data/arrangement_merged/chr_10/Q242362.13~A6.K_10L.png,/data5/chensx/MyProject/UAE/data/arrangement_merged/chr_10/Q242362.13~A6.K_10R.png,0,-0.4183212207790475,,0.000999629497528,0.28261590402875575,chromosome
0,0.0012372732162475,Q242362,Q242362.14~A13.K_10,10,,normal,Q242362.14~A13.K_10L.png,Q242362.14~A13.K_10R.png,train,/data5/chensx/MyProject/UAE/data/arrangement_merged/chr_10/Q242362.14~A13.K_10L.png,/data5/chensx/MyProject/UAE/data/arrangement_merged/chr_10/Q242362.14~A13.K_10R.png,0,-0.1062133804770757,,0.0012372732162475,1.4549418396364655,chromosome
0,0.0009522438049316,Q242362,Q242362.14~A25.K_10,10,,normal,Q242362.14~A25.K_10L.png,Q242362.14~A25.K_10R.png,train,/data5/chensx/MyProject/UAE/data/arrangement_merged/chr_10/Q242362.14~A25.K_10L.png,/data5/chensx/MyProject/UAE/data/arrangement_merged/chr_10/Q242362.14~A25.K_10R.png,0,-0.4805549135405393,,0.0009522438049316,0.04885640595818559,chromosome
0,0.0008856058120727,Q242362,Q242362.14~A29.K_10,10,,normal,Q242362.14~A29.K_10L.png,Q242362.14~A29.K_10R.png,train,/data5/chensx/MyProject/UAE/data/arrangement_merged/chr_10/Q242362.14~A29.K_10L.png,/data5/chensx/MyProject/UAE/data/arrangement_merged/chr_10/Q242362.14~A29.K_10R.png,0,-0.5680734902793415,,0.0008856058120727,-0.2798770768633802,chromosome
0,0.0006393194198608,Q242362,Q242362.14~A36.K_10,10,,normal,Q242362.14~A36.K_10L.png,Q242362.14~A36.K_10R.png,train,/data5/chensx/MyProject/UAE/data/arrangement_merged/chr_10/Q242362.14~A36.K_10L.png,/data5/chensx/MyProject/UAE/data/arrangement_merged/chr_10/Q242362.14~A36.K_10R.png,0,-0.8915321298900131,,0.0006393194198608,-1.494838392622202,chromosome
0,0.0008683800697326,Q242362,Q242362.14~A48.K_10,10,,normal,Q242362.14~A48.K_10L.png,Q242362.14~A48.K_10R.png,train,/data5/chensx/MyProject/UAE/data/arrangement_merged/chr_10/Q242362.14~A48.K_10L.png,/data5/chensx/MyProject/UAE/data/arrangement_merged/chr_10/Q242362.14~A48.K_10R.png,0,-0.5906968075221982,,0.0008683800697326,-0.36485380006148455,chromosome
0,0.0008270144462585,Q242362,Q242362.1~A28.K_10,10,,normal,Q242362.1~A28.K_10L.png,Q242362.1~A28.K_10R.png,train,/data5/chensx/MyProject/UAE/data/arrangement_merged/chr_10/Q242362.1~A28.K_10L.png,/data5/chensx/MyProject/UAE/data/arrangement_merged/chr_10/Q242362.1~A28.K_10R.png,0,-0.6450240814548716,,0.0008270144462585,-0.5689155505784835,chromosome
0,0.000918686389923,Q242362,Q242362.1~A32.K_10,10,,normal,Q242362.1~A32.K_10L.png,Q242362.1~A32.K_10R.png,train,/data5/chensx/MyProject/UAE/data/arrangement_merged/chr_10/Q242362.1~A32.K_10L.png,/data5/chensx/MyProject/UAE/data/arrangement_merged/chr_10/Q242362.1~A32.K_10R.png,0,-0.5246273274081115,,0.000918686389923,-0.11668648387080241,chromosome
0,0.001365840435028,Q242362,Q242362.1~A4.K_10,10,,normal,Q242362.1~A4.K_10L.png,Q242362.1~A4.K_10R.png,train,/data5/chensx/MyProject/UAE/data/arrangement_merged/chr_10/Q242362.1~A4.K_10L.png,/data5/chensx/MyProject/UAE/data/arrangement_merged/chr_10/Q242362.1~A4.K_10R.png,0,0.0626395444116508,,0.001365840435028,2.0891798740245515,chromosome
0,0.0012368559837341,Q242362,Q242362.1~A9.K_10,10,,normal,Q242362.1~A9.K_10L.png,Q242362.1~A9.K_10R.png,train,/data5/chensx/MyProject/UAE/data/arrangement_merged/chr_10/Q242362.1~A9.K_10L.png,/data5/chensx/MyProject/UAE/data/arrangement_merged/chr_10/Q242362.1~A9.K_10R.png,0,-0.1067613500988751,,0.0012368559837341,1.452883579905162,chromosome
0,0.0008195042610168,Q242362,Q242362.2~A14.K_10,10,,normal,Q242362.2~A14.K_10L.png,Q242362.2~A14.K_10R.png,train,/data5/chensx/MyProject/UAE/data/arrangement_merged/chr_10/Q242362.2~A14.K_10L.png,/data5/chensx/MyProject/UAE/data/arrangement_merged/chr_10/Q242362.2~A14.K_10R.png,0,-0.6548875346472589,,0.0008195042610168,-0.6059642257444171,chromosome
0,0.000780701637268,Q242362,Q242362.2~A2.K_10,10,,normal,Q242362.2~A2.K_10L.png,Q242362.2~A2.K_10R.png,train,/data5/chensx/MyProject/UAE/data/arrangement_merged/chr_10/Q242362.2~A2.K_10L.png,/data5/chensx/MyProject/UAE/data/arrangement_merged/chr_10/Q242362.2~A2.K_10R.png,0,-0.7058487094745937,,0.000780701637268,-0.7973823807684873,chromosome
0,0.0011180639266967,Q242362,Q242362.2~A7.K_10,10,,normal,Q242362.2~A7.K_10L.png,Q242362.2~A7.K_10R.png,train,/data5/chensx/MyProject/UAE/data/arrangement_merged/chr_10/Q242362.2~A7.K_10L.png,/data5/chensx/MyProject/UAE/data/arrangement_merged/chr_10/Q242362.2~A7.K_10R.png,0,-0.2627761295625896,,0.0011180639266967,0.8668676306533661,chromosome
0,0.0007243156433105,Q242362,Q242362.2~A9.K_10,10,,normal,Q242362.2~A9.K_10L.png,Q242362.2~A9.K_10R.png,train,/data5/chensx/MyProject/UAE/data/arrangement_merged/chr_10/Q242362.2~A9.K_10L.png,/data5/chensx/MyProject/UAE/data/arrangement_merged/chr_10/Q242362.2~A9.K_10R.png,0,-0.7799028897920417,,0.0007243156433105,-1.0755414816173532,chromosome
0,0.0010016560554504,Q242362,Q242362.3~A15.K_10,10,,normal,Q242362.3~A15.K_10L.png,Q242362.3~A15.K_10R.png,train,/data5/chensx/MyProject/UAE/data/arrangement_merged/chr_10/Q242362.3~A15.K_10L.png,/data5/chensx/MyProject/UAE/data/arrangement_merged/chr_10/Q242362.3~A15.K_10R.png,0,-0.4156596540445938,,0.0010016560554504,0.2926131655816476,chromosome
0,0.0010622143745422,Q242362,Q242362.4~A30.K_10,10,,normal,Q242362.4~A30.K_10L.png,Q242362.4~A30.K_10R.png,train,/data5/chensx/MyProject/UAE/data/arrangement_merged/chr_10/Q242362.4~A30.K_10L.png,/data5/chensx/MyProject/UAE/data/arrangement_merged/chr_10/Q242362.4~A30.K_10R.png,0,-0.3361257775091528,,0.0010622143745422,0.5913548637450299,chromosome
0,0.0011875629425048,Q242362,Q242362.4~A42.K_10,10,,normal,Q242362.4~A42.K_10L.png,Q242362.4~A42.K_10R.png,train,/data5/chensx/MyProject/UAE/data/arrangement_merged/chr_10/Q242362.4~A42.K_10L.png,/data5/chensx/MyProject/UAE/data/arrangement_merged/chr_10/Q242362.4~A42.K_10R.png,0,-0.171500046845735,,0.0011875629425048,1.2097148944904321,chromosome
0,0.0009417533874511,Q242664,Q242664.11~A21.K_10,10,,normal,Q242664.11~A21.K_10L.png,Q242664.11~A21.K_10R.png,train,/data5/chensx/MyProject/UAE/data/arrangement_merged/chr_10/Q242664.11~A21.K_10L.png,/data5/chensx/MyProject/UAE/data/arrangement_merged/chr_10/Q242664.11~A21.K_10R.png,0,-0.4414744434260718,,0.0009417533874511,-0.002894124432473007,chromosome
0,0.0007907152175903,Q242664,Q242664.12~A1.K_10,10,,normal,Q242664.12~A1.K_10L.png,Q242664.12~A1.K_10R.png,train,/data5/chensx/MyProject/UAE/data/arrangement_merged/chr_10/Q242664.12~A1.K_10L.png,/data5/chensx/MyProject/UAE/data/arrangement_merged/chr_10/Q242664.12~A1.K_10R.png,0,-0.6459080818356555,,0.0007907152175903,-0.7479841472137453,chromosome
0,0.0011149048805236,Q242664,Q242664.12~A16.K_10,10,,normal,Q242664.12~A16.K_10L.png,Q242664.12~A16.K_10R.png,train,/data5/chensx/MyProject/UAE/data/arrangement_merged/chr_10/Q242664.12~A16.K_10L.png,/data5/chensx/MyProject/UAE/data/arrangement_merged/chr_10/Q242664.12~A16.K_10R.png,0,-0.2071099132051401,,0.0011149048805236,0.8512836641152951,chromosome
0,0.0008932948112487,Q242664,Q242664.12~A19.K_10,10,,normal,Q242664.12~A19.K_10L.png,Q242664.12~A19.K_10R.png,train,/data5/chensx/MyProject/UAE/data/arrangement_merged/chr_10/Q242664.12~A19.K_10L.png,/data5/chensx/MyProject/UAE/data/arrangement_merged/chr_10/Q242664.12~A19.K_10R.png,0,-0.507064241384632,,0.0008932948112487,-0.24194629038410148,chromosome
0,0.0006740093231201,Q242664,Q242664.12~A22.K_10,10,,normal,Q242664.12~A22.K_10L.png,Q242664.12~A22.K_10R.png,train,/data5/chensx/MyProject/UAE/data/arrangement_merged/chr_10/Q242664.12~A22.K_10L.png,/data5/chensx/MyProject/UAE/data/arrangement_merged/chr_10/Q242664.12~A22.K_10R.png,0,-0.803872195492311,,0.0006740093231201,-1.3237087978080357,chromosome
0,0.0008629560470581,Q242664,Q242664.12~A24.K_10,10,,normal,Q242664.12~A24.K_10L.png,Q242664.12~A24.K_10R.png,train,/data5/chensx/MyProject/UAE/data/arrangement_merged/chr_10/Q242664.12~A24.K_10L.png,/data5/chensx/MyProject/UAE/data/arrangement_merged/chr_10/Q242664.12~A24.K_10R.png,0,-0.5481284568347022,,0.0008629560470581,-0.39161117656991234,chromosome
0,0.0007990002632141,Q242664,Q242664.12~A29.K_10,10,,normal,Q242664.12~A29.K_10L.png,Q242664.12~A29.K_10R.png,train,/data5/chensx/MyProject/UAE/data/arrangement_merged/chr_10/Q242664.12~A29.K_10L.png,/data5/chensx/MyProject/UAE/data/arrangement_merged/chr_10/Q242664.12~A29.K_10R.png,0,-0.6346940819386815,,0.0007990002632141,-0.7071129896893241,chromosome
0,0.0007247924804687,Q242664,Q242664.12~A34.K_10,10,,normal,Q242664.12~A34.K_10L.png,Q242664.12~A34.K_10R.png,train,/data5/chensx/MyProject/UAE/data/arrangement_merged/chr_10/Q242664.12~A34.K_10L.png,/data5/chensx/MyProject/UAE/data/arrangement_merged/chr_10/Q242664.12~A34.K_10R.png,0,-0.735136023461938,,0.0007247924804687,-1.0731891847814365,chromosome
0,0.000783085823059,Q242664,Q242664.12~A37.K_10,10,,normal,Q242664.12~A37.K_10L.png,Q242664.12~A37.K_10R.png,train,/data5/chensx/MyProject/UAE/data/arrangement_merged/chr_10/Q242664.12~A37.K_10L.png,/data5/chensx/MyProject/UAE/data/arrangement_merged/chr_10/Q242664.12~A37.K_10R.png,0,-0.6562346428918618,,0.000783085823059,-0.7856208965889048,chromosome
0,0.0009475350379943,Q242664,Q242664.12~A8.K_10,10,,normal,Q242664.12~A8.K_10L.png,Q242664.12~A8.K_10R.png,train,/data5/chensx/MyProject/UAE/data/arrangement_merged/chr_10/Q242664.12~A8.K_10L.png,/data5/chensx/MyProject/UAE/data/arrangement_merged/chr_10/Q242664.12~A8.K_10R.png,0,-0.4336488463756654,,0.0009475350379943,0.025627474703139155,chromosome
0,0.0007886886596679,Q242664,Q242664.13~A20.K_10,10,,normal,Q242664.13~A20.K_10L.png,Q242664.13~A20.K_10R.png,train,/data5/chensx/MyProject/UAE/data/arrangement_merged/chr_10/Q242664.13~A20.K_10L.png,/data5/chensx/MyProject/UAE/data/arrangement_merged/chr_10/Q242664.13~A20.K_10R.png,0,-0.6486510746162103,,0.0007886886596679,-0.7579814087666377,chromosome
0,0.0008670687675476,Q242664,Q242664.13~A32.K_10,10,,normal,Q242664.13~A32.K_10L.png,Q242664.13~A32.K_10R.png,train,/data5/chensx/MyProject/UAE/data/arrangement_merged/chr_10/Q242664.13~A32.K_10L.png,/data5/chensx/MyProject/UAE/data/arrangement_merged/chr_10/Q242664.13~A32.K_10R.png,0,-0.5425617950153411,,0.0008670687675476,-0.3713226163600083,chromosome
0,0.0007374286651611,Q242664,Q242664.13~A33.K_10,10,,normal,Q242664.13~A33.K_10L.png,Q242664.13~A33.K_10R.png,train,/data5/chensx/MyProject/UAE/data/arrangement_merged/chr_10/Q242664.13~A33.K_10L.png,/data5/chensx/MyProject/UAE/data/arrangement_merged/chr_10/Q242664.13~A33.K_10R.png,0,-0.7180326567125963,,0.0007374286651611,-1.0108533186291535,chromosome
0,0.0006383657455444,Q242664,Q242664.13~A42.K_10,10,,normal,Q242664.13~A42.K_10L.png,Q242664.13~A42.K_10R.png,train,/data5/chensx/MyProject/UAE/data/arrangement_merged/chr_10/Q242664.13~A42.K_10L.png,/data5/chensx/MyProject/UAE/data/arrangement_merged/chr_10/Q242664.13~A42.K_10R.png,0,-0.8521165979267747,,0.0006383657455444,-1.4995429862940355,chromosome
0,0.0009403228759765,Q242664,Q242664.13~A50.K_10,10,,normal,Q242664.13~A50.K_10L.png,Q242664.13~A50.K_10R.png,train,/data5/chensx/MyProject/UAE/data/arrangement_merged/chr_10/Q242664.13~A50.K_10L.png,/data5/chensx/MyProject/UAE/data/arrangement_merged/chr_10/Q242664.13~A50.K_10R.png,0,-0.4434106736241104,,0.0009403228759765,-0.009951014940222552,chromosome
0,0.0006777644157409,Q242664,Q242664.14~A47.K_10,10,,normal,Q242664.14~A47.K_10L.png,Q242664.14~A47.K_10R.png,train,/data5/chensx/MyProject/UAE/data/arrangement_merged/chr_10/Q242664.14~A47.K_10L.png,/data5/chensx/MyProject/UAE/data/arrangement_merged/chr_10/Q242664.14~A47.K_10R.png,0,-0.7987895912224595,,0.0006777644157409,-1.3051844602253155,chromosome
0,0.0005972981452941,Q242664,Q242664.1~A14.K_10,10,,normal,Q242664.1~A14.K_10L.png,Q242664.1~A14.K_10R.png,train,/data5/chensx/MyProject/UAE/data/arrangement_merged/chr_10/Q242664.1~A14.K_10L.png,/data5/chensx/MyProject/UAE/data/arrangement_merged/chr_10/Q242664.1~A14.K_10R.png,0,-0.9077025398621352,,0.0005972981452941,-1.7021345512889565,chromosome
0,0.0009751319885253,Q242664,Q242664.2~A1.K_10,10,,normal,Q242664.2~A1.K_10L.png,Q242664.2~A1.K_10R.png,train,/data5/chensx/MyProject/UAE/data/arrangement_merged/chr_10/Q242664.2~A1.K_10L.png,/data5/chensx/MyProject/UAE/data/arrangement_merged/chr_10/Q242664.2~A1.K_10R.png,0,-0.3962957388051693,,0.0009751319885253,0.16176665408267626,chromosome
0,0.0010748505592346,Q242664,Q242664.2~A10.K_10,10,,normal,Q242664.2~A10.K_10L.png,Q242664.2~A10.K_10R.png,train,/data5/chensx/MyProject/UAE/data/arrangement_merged/chr_10/Q242664.2~A10.K_10L.png,/data5/chensx/MyProject/UAE/data/arrangement_merged/chr_10/Q242664.2~A10.K_10R.png,0,-0.2613243587502231,,0.0010748505592346,0.6536907298973141,chromosome
0,0.0006336569786071,Q242664,Q242664.2~A30.K_10,10,,normal,Q242664.2~A30.K_10L.png,Q242664.2~A30.K_10R.png,train,/data5/chensx/MyProject/UAE/data/arrangement_merged/chr_10/Q242664.2~A30.K_10L.png,/data5/chensx/MyProject/UAE/data/arrangement_merged/chr_10/Q242664.2~A30.K_10R.png,0,-0.858490022328652,,0.0006336569786071,-1.522771917549082,chromosome
0,0.0008636713027954,Q242664,Q242664.2~A32.K_10,10,,normal,Q242664.2~A32.K_10L.png,Q242664.2~A32.K_10R.png,train,/data5/chensx/MyProject/UAE/data/arrangement_merged/chr_10/Q242664.2~A32.K_10L.png,/data5/chensx/MyProject/UAE/data/arrangement_merged/chr_10/Q242664.2~A32.K_10R.png,0,-0.547160341735683,,0.0008636713027954,-0.3880827313160379,chromosome
0,0.0010103583335876,Q242664,Q242664.2~A6.K_10,10,,normal,Q242664.2~A6.K_10L.png,Q242664.2~A6.K_10R.png,train,/data5/chensx/MyProject/UAE/data/arrangement_merged/chr_10/Q242664.2~A6.K_10L.png,/data5/chensx/MyProject/UAE/data/arrangement_merged/chr_10/Q242664.2~A6.K_10R.png,0,-0.3486160701784668,,0.0010103583335876,0.33554258283737287,chromosome
0,0.0007237792015075,Q242664,Q242664.3~A19.K_10,10,,normal,Q242664.3~A19.K_10L.png,Q242664.3~A19.K_10R.png,train,/data5/chensx/MyProject/UAE/data/arrangement_merged/chr_10/Q242664.3~A19.K_10L.png,/data5/chensx/MyProject/UAE/data/arrangement_merged/chr_10/Q242664.3~A19.K_10R.png,0,-0.7365075198522153,,0.0007237792015075,-1.078187815557883,chromosome
0,0.0007488131523132,Q242664,Q242664.3~A29.K_10,10,,normal,Q242664.3~A29.K_10L.png,Q242664.3~A29.K_10R.png,train,/data5/chensx/MyProject/UAE/data/arrangement_merged/chr_10/Q242664.3~A29.K_10L.png,/data5/chensx/MyProject/UAE/data/arrangement_merged/chr_10/Q242664.3~A29.K_10R.png,0,-0.7026234913865385,,0.0007488131523132,-0.9546922316712741,chromosome
0,0.0012129545211791,Q242664,Q242664.3~A44.K_10,10,,normal,Q242664.3~A44.K_10L.png,Q242664.3~A44.K_10R.png,train,/data5/chensx/MyProject/UAE/data/arrangement_merged/chr_10/Q242664.3~A44.K_10L.png,/data5/chensx/MyProject/UAE/data/arrangement_merged/chr_10/Q242664.3~A44.K_10R.png,0,-0.074397468381239,,0.0012129545211791,1.3349747010037312,chromosome
0,0.0007511973381042,Q242664,Q242664.3~A48.K_10,10,,normal,Q242664.3~A48.K_10L.png,Q242664.3~A48.K_10R.png,train,/data5/chensx/MyProject/UAE/data/arrangement_merged/chr_10/Q242664.3~A48.K_10L.png,/data5/chensx/MyProject/UAE/data/arrangement_merged/chr_10/Q242664.3~A48.K_10R.png,0,-0.699396441056474,,0.0007511973381042,-0.942930747491691,chromosome
0,0.0010753870010375,Q242664,Q242664.4~A14.K_10,10,,normal,Q242664.4~A14.K_10L.png,Q242664.4~A14.K_10R.png,train,/data5/chensx/MyProject/UAE/data/arrangement_merged/chr_10/Q242664.4~A14.K_10L.png,/data5/chensx/MyProject/UAE/data/arrangement_merged/chr_10/Q242664.4~A14.K_10R.png,0,-0.2605982724259585,,0.0010753870010375,0.6563370638373504,chromosome
0,0.0013351440429687,Q242664,Q242664.4~A34.K_10,10,,normal,Q242664.4~A34.K_10L.png,Q242664.4~A34.K_10R.png,train,/data5/chensx/MyProject/UAE/data/arrangement_merged/chr_10/Q242664.4~A34.K_10L.png,/data5/chensx/MyProject/UAE/data/arrangement_merged/chr_10/Q242664.4~A34.K_10R.png,0,0.0909888610345647,,0.0013351440429687,1.9377507652115555,chromosome
0,0.0006844997406005,Q242664,Q242664.4~A41.K_10,10,,normal,Q242664.4~A41.K_10L.png,Q242664.4~A41.K_10R.png,train,/data5/chensx/MyProject/UAE/data/arrangement_merged/chr_10/Q242664.4~A41.K_10L.png,/data5/chensx/MyProject/UAE/data/arrangement_merged/chr_10/Q242664.4~A41.K_10R.png,0,-0.7896731740400273,,0.0006844997406005,-1.2719582674178702,chromosome
0,0.0008515119552612,Q242664,Q242664.4~A49.K_10,10,,normal,Q242664.4~A49.K_10L.png,Q242664.4~A49.K_10R.png,train,/data5/chensx/MyProject/UAE/data/arrangement_merged/chr_10/Q242664.4~A49.K_10L.png,/data5/chensx/MyProject/UAE/data/arrangement_merged/chr_10/Q242664.4~A49.K_10R.png,0,-0.5636182984190117,,0.0008515119552612,-0.44806630063240455,chromosome
0,0.001136839389801,Q250230,Q250230.11~A30.K_10,10,,normal,Q250230.11~A30.K_10L.png,Q250230.11~A30.K_10R.png,train,/data5/chensx/MyProject/UAE/data/arrangement_merged/chr_10/Q250230.11~A30.K_10L.png,/data5/chensx/MyProject/UAE/data/arrangement_merged/chr_10/Q250230.11~A30.K_10R.png,0,-0.2378348306788482,,0.001136839389801,0.9594893185684464,chromosome
0,0.0010082721710205,Q250230,Q250230.12~A40.K_10,10,,normal,Q250230.12~A40.K_10L.png,Q250230.12~A40.K_10R.png,train,/data5/chensx/MyProject/UAE/data/arrangement_merged/chr_10/Q250230.12~A40.K_10L.png,/data5/chensx/MyProject/UAE/data/arrangement_merged/chr_10/Q250230.12~A40.K_10R.png,0,-0.3987151090000727,,0.0010082721710205,0.32525128418036064,chromosome
0,0.0008833408355712,Q250230,Q250230.13~A45.K_10,10,,normal,Q250230.13~A45.K_10L.png,Q250230.13~A45.K_10R.png,train,/data5/chensx/MyProject/UAE/data/arrangement_merged/chr_10/Q250230.13~A45.K_10L.png,/data5/chensx/MyProject/UAE/data/arrangement_merged/chr_10/Q250230.13~A45.K_10R.png,0,-0.5550456900669649,,0.0008833408355712,-0.2910504868342306,chromosome
0,0.0010209679603576,Q250230,Q250230.14~A21.K_10,10,,normal,Q250230.14~A21.K_10L.png,Q250230.14~A21.K_10R.png,train,/data5/chensx/MyProject/UAE/data/arrangement_merged/chr_10/Q250230.14~A21.K_10L.png,/data5/chensx/MyProject/UAE/data/arrangement_merged/chr_10/Q250230.14~A21.K_10R.png,0,-0.3828284612103551,,0.0010209679603576,0.38788118743676414,chromosome
0,0.0009454488754272,Q250230,Q250230.14~A43.K_10,10,,normal,Q250230.14~A43.K_10L.png,Q250230.14~A43.K_10R.png,train,/data5/chensx/MyProject/UAE/data/arrangement_merged/chr_10/Q250230.14~A43.K_10L.png,/data5/chensx/MyProject/UAE/data/arrangement_merged/chr_10/Q250230.14~A43.K_10R.png,0,-0.477327910738863,,0.0009454488754272,0.015336176046127485,chromosome
0,0.0008949637413024,Q250230,Q250230.15~A8.K_10,10,,normal,Q250230.15~A8.K_10L.png,Q250230.15~A8.K_10R.png,train,/data5/chensx/MyProject/UAE/data/arrangement_merged/chr_10/Q250230.15~A8.K_10L.png,/data5/chensx/MyProject/UAE/data/arrangement_merged/chr_10/Q250230.15~A8.K_10R.png,0,-0.5405015758932799,,0.0008949637413024,-0.2337132514583934,chromosome
0,0.0009308457374572,Q250230,Q250230.1~A20.K_10,10,,normal,Q250230.1~A20.K_10L.png,Q250230.1~A20.K_10R.png,train,/data5/chensx/MyProject/UAE/data/arrangement_merged/chr_10/Q250230.1~A20.K_10L.png,/data5/chensx/MyProject/UAE/data/arrangement_merged/chr_10/Q250230.1~A20.K_10R.png,0,-0.4956012849570827,,0.0009308457374572,-0.056702914554435206,chromosome
0,0.0008065104484558,Q250230,Q250230.2~A24.K_10,10,,normal,Q250230.2~A24.K_10L.png,Q250230.2~A24.K_10R.png,train,/data5/chensx/MyProject/UAE/data/arrangement_merged/chr_10/Q250230.2~A24.K_10L.png,/data5/chensx/MyProject/UAE/data/arrangement_merged/chr_10/Q250230.2~A24.K_10R.png,0,-0.651186014015068,,0.0008065104484558,-0.670064314523391,chromosome
0,0.0008063316345214,Q250230,Q250230.2~A27.K_10,10,,normal,Q250230.2~A27.K_10L.png,Q250230.2~A27.K_10R.png,train,/data5/chensx/MyProject/UAE/data/arrangement_merged/chr_10/Q250230.2~A27.K_10L.png,/data5/chensx/MyProject/UAE/data/arrangement_merged/chr_10/Q250230.2~A27.K_10R.png,0,-0.6514097696177401,,0.0008063316345214,-0.6709464258372297,chromosome
0,0.0008071064949035,Q250230,Q250230.2~A38.K_10,10,,normal,Q250230.2~A38.K_10L.png,Q250230.2~A38.K_10R.png,train,/data5/chensx/MyProject/UAE/data/arrangement_merged/chr_10/Q250230.2~A38.K_10L.png,/data5/chensx/MyProject/UAE/data/arrangement_merged/chr_10/Q250230.2~A38.K_10R.png,0,-0.6504401620061611,,0.0008071064949035,-0.6671239434787418,chromosome
0,0.0008569955825805,Q250230,Q250230.4~A35.K_10,10,,normal,Q250230.4~A35.K_10L.png,Q250230.4~A35.K_10R.png,train,/data5/chensx/MyProject/UAE/data/arrangement_merged/chr_10/Q250230.4~A35.K_10L.png,/data5/chensx/MyProject/UAE/data/arrangement_merged/chr_10/Q250230.4~A35.K_10R.png,0,-0.5880123488606511,,0.0008569955825805,-0.4210148870193633,chromosome
0,0.0009293556213378,Q250230,Q250230.5~A21.K_10,10,,normal,Q250230.5~A21.K_10L.png,Q250230.5~A21.K_10R.png,train,/data5/chensx/MyProject/UAE/data/arrangement_merged/chr_10/Q250230.5~A21.K_10L.png,/data5/chensx/MyProject/UAE/data/arrangement_merged/chr_10/Q250230.5~A21.K_10R.png,0,-0.49746591497935,,0.0009293556213378,-0.0640538421667982,chromosome
0,0.0012399554252624,Q250230,Q250230.5~A42.K_10,10,,normal,Q250230.5~A42.K_10L.png,Q250230.5~A42.K_10R.png,train,/data5/chensx/MyProject/UAE/data/arrangement_merged/chr_10/Q250230.5~A42.K_10L.png,/data5/chensx/MyProject/UAE/data/arrangement_merged/chr_10/Q250230.5~A42.K_10R.png,0,-0.1088024331379496,,0.0012399554252624,1.4681735093386197,chromosome
0,0.000990867614746,Q250230,Q250230.5~A46.K_10,10,,normal,Q250230.5~A46.K_10L.png,Q250230.5~A46.K_10R.png,train,/data5/chensx/MyProject/UAE/data/arrangement_merged/chr_10/Q250230.5~A46.K_10L.png,/data5/chensx/MyProject/UAE/data/arrangement_merged/chr_10/Q250230.5~A46.K_10R.png,0,-0.420493987660155,,0.000990867614746,0.2393924496684181,chromosome
0,0.001163363456726,Q250230,Q250230.5~A5.K_10,10,,normal,Q250230.5~A5.K_10L.png,Q250230.5~A5.K_10R.png,train,/data5/chensx/MyProject/UAE/data/arrangement_merged/chr_10/Q250230.5~A5.K_10L.png,/data5/chensx/MyProject/UAE/data/arrangement_merged/chr_10/Q250230.5~A5.K_10R.png,0,-0.2046444162824899,,0.001163363456726,1.0903358300669246,chromosome
0,0.0013965368270874,Q250230,Q250230.5~A6.K_10,10,,normal,Q250230.5~A6.K_10L.png,Q250230.5~A6.K_10R.png,train,/data5/chensx/MyProject/UAE/data/arrangement_merged/chr_10/Q250230.5~A6.K_10L.png,/data5/chensx/MyProject/UAE/data/arrangement_merged/chr_10/Q250230.5~A6.K_10R.png,0,0.0871328896019004,,0.0013965368270874,2.2406089828380393,chromosome
0,0.0009986162185668,Q251136,Q251136.12~A20.K_10,10,,normal,Q251136.12~A20.K_10L.png,Q251136.12~A20.K_10R.png,train,/data5/chensx/MyProject/UAE/data/arrangement_merged/chr_10/Q251136.12~A20.K_10L.png,/data5/chensx/MyProject/UAE/data/arrangement_merged/chr_10/Q251136.12~A20.K_10R.png,0,-0.3288604720799613,,0.0009986162185668,0.2776172732523093,chromosome
0,0.0009081363677978,Q251136,Q251136.12~A23.K_10,10,,normal,Q251136.12~A23.K_10L.png,Q251136.12~A23.K_10R.png,train,/data5/chensx/MyProject/UAE/data/arrangement_merged/chr_10/Q251136.12~A23.K_10L.png,/data5/chensx/MyProject/UAE/data/arrangement_merged/chr_10/Q251136.12~A23.K_10R.png,0,-0.4178918190707135,,0.0009081363677978,-0.16873105136558078,chromosome
0,0.0008012056350708,Q251136,Q251136.14~A16.K_10,10,,normal,Q251136.14~A16.K_10L.png,Q251136.14~A16.K_10R.png,train,/data5/chensx/MyProject/UAE/data/arrangement_merged/chr_10/Q251136.14~A16.K_10L.png,/data5/chensx/MyProject/UAE/data/arrangement_merged/chr_10/Q251136.14~A16.K_10R.png,0,-0.5231106836961479,,0.0008012056350708,-0.6962336168230867,chromosome
0,0.0008734464645385,Q251136,Q251136.14~A17.K_10,10,,normal,Q251136.14~A17.K_10L.png,Q251136.14~A17.K_10R.png,train,/data5/chensx/MyProject/UAE/data/arrangement_merged/chr_10/Q251136.14~A17.K_10L.png,/data5/chensx/MyProject/UAE/data/arrangement_merged/chr_10/Q251136.14~A17.K_10R.png,0,-0.4520263671264564,,0.0008734464645385,-0.3398606461797474,chromosome
0,0.0007129907608032,Q251136,Q251136.14~A18.K_10,10,,normal,Q251136.14~A18.K_10L.png,Q251136.14~A18.K_10R.png,train,/data5/chensx/MyProject/UAE/data/arrangement_merged/chr_10/Q251136.14~A18.K_10L.png,/data5/chensx/MyProject/UAE/data/arrangement_merged/chr_10/Q251136.14~A18.K_10R.png,0,-0.6099133144908205,,0.0007129907608032,-1.1314085314706195,chromosome
0,0.0007504224777221,Q251136,Q251136.14~A2.K_10,10,,normal,Q251136.14~A2.K_10L.png,Q251136.14~A2.K_10R.png,train,/data5/chensx/MyProject/UAE/data/arrangement_merged/chr_10/Q251136.14~A2.K_10L.png,/data5/chensx/MyProject/UAE/data/arrangement_merged/chr_10/Q251136.14~A2.K_10R.png,0,-0.5730808468292973,,0.0007504224777221,-0.946753229850179,chromosome
0,0.000853955745697,Q251136,Q251136.14~A31.K_10,10,,normal,Q251136.14~A31.K_10L.png,Q251136.14~A31.K_10R.png,train,/data5/chensx/MyProject/UAE/data/arrangement_merged/chr_10/Q251136.14~A31.K_10L.png,/data5/chensx/MyProject/UAE/data/arrangement_merged/chr_10/Q251136.14~A31.K_10R.png,0,-0.471205056497982,,0.000853955745697,-0.4360107793482085,chromosome
0,0.0011173486709594,Q251136,Q251136.14~A39.K_10,10,,normal,Q251136.14~A39.K_10L.png,Q251136.14~A39.K_10R.png,train,/data5/chensx/MyProject/UAE/data/arrangement_merged/chr_10/Q251136.14~A39.K_10L.png,/data5/chensx/MyProject/UAE/data/arrangement_merged/chr_10/Q251136.14~A39.K_10R.png,0,-0.2120288230644288,,0.0011173486709594,0.8633391853994916,chromosome
0,0.0013027787208557,Q251136,Q251136.1~A12.K_10,10,,normal,Q251136.1~A12.K_10L.png,Q251136.1~A12.K_10R.png,train,/data5/chensx/MyProject/UAE/data/arrangement_merged/chr_10/Q251136.1~A12.K_10L.png,/data5/chensx/MyProject/UAE/data/arrangement_merged/chr_10/Q251136.1~A12.K_10R.png,0,-0.0295673471169783,,0.0013027787208557,1.7780886174728534,chromosome
0,0.0010977387428283,Q251136,Q251136.1~A38.K_10,10,,normal,Q251136.1~A38.K_10L.png,Q251136.1~A38.K_10R.png,train,/data5/chensx/MyProject/UAE/data/arrangement_merged/chr_10/Q251136.1~A38.K_10L.png,/data5/chensx/MyProject/UAE/data/arrangement_merged/chr_10/Q251136.1~A38.K_10R.png,0,-0.2313248132883797,,0.0010977387428283,0.7666009780218043,chromosome
0,0.000963807106018,Q251136,Q251136.2~A15.K_10,10,,normal,Q251136.2~A15.K_10L.png,Q251136.2~A15.K_10R.png,train,/data5/chensx/MyProject/UAE/data/arrangement_merged/chr_10/Q251136.2~A15.K_10L.png,/data5/chensx/MyProject/UAE/data/arrangement_merged/chr_10/Q251136.2~A15.K_10R.png,0,-0.3631123209881295,,0.000963807106018,0.10589960422941046,chromosome
0,0.0008324384689331,Q251136,Q251136.2~A2.K_10,10,,normal,Q251136.2~A2.K_10L.png,Q251136.2~A2.K_10R.png,train,/data5/chensx/MyProject/UAE/data/arrangement_merged/chr_10/Q251136.2~A2.K_10L.png,/data5/chensx/MyProject/UAE/data/arrangement_merged/chr_10/Q251136.2~A2.K_10R.png,0,-0.4923778603607367,,0.0008324384689331,-0.542158174069562,chromosome
0,0.000938057899475,Q251136,Q251136.2~A20.K_10,10,,normal,Q251136.2~A20.K_10L.png,Q251136.2~A20.K_10R.png,train,/data5/chensx/MyProject/UAE/data/arrangement_merged/chr_10/Q251136.2~A20.K_10L.png,/data5/chensx/MyProject/UAE/data/arrangement_merged/chr_10/Q251136.2~A20.K_10R.png,0,-0.3884493051119799,,0.000938057899475,-0.0211244249110735,chromosome
0,0.0006890892982482,Q251136,Q251136.2~A25.K_10,10,,normal,Q251136.2~A25.K_10L.png,Q251136.2~A25.K_10R.png,train,/data5/chensx/MyProject/UAE/data/arrangement_merged/chr_10/Q251136.2~A25.K_10L.png,/data5/chensx/MyProject/UAE/data/arrangement_merged/chr_10/Q251136.2~A25.K_10R.png,0,-0.6334321354020799,,0.0006890892982482,-1.2493174103720492,chromosome
0,0.0011432766914367,Q251136,Q251136.2~A36.K_10,10,,normal,Q251136.2~A36.K_10L.png,Q251136.2~A36.K_10R.png,train,/data5/chensx/MyProject/UAE/data/arrangement_merged/chr_10/Q251136.2~A36.K_10L.png,/data5/chensx/MyProject/UAE/data/arrangement_merged/chr_10/Q251136.2~A36.K_10R.png,0,-0.1865158876619406,,0.0011432766914367,0.9912453258533201,chromosome
0,0.0011077523231506,Q251136,Q251136.2~A5.K_10,10,,normal,Q251136.2~A5.K_10L.png,Q251136.2~A5.K_10R.png,train,/data5/chensx/MyProject/UAE/data/arrangement_merged/chr_10/Q251136.2~A5.K_10L.png,/data5/chensx/MyProject/UAE/data/arrangement_merged/chr_10/Q251136.2~A5.K_10R.png,0,-0.2214715416846601,,0.0011077523231506,0.8159992115765469,chromosome
0,0.0009015798568725,Q251136,Q251136.2~A7.K_10,10,,normal,Q251136.2~A7.K_10L.png,Q251136.2~A7.K_10R.png,train,/data5/chensx/MyProject/UAE/data/arrangement_merged/chr_10/Q251136.2~A7.K_10L.png,/data5/chensx/MyProject/UAE/data/arrangement_merged/chr_10/Q251136.2~A7.K_10R.png,0,-0.4243433659541013,,0.0009015798568725,-0.20107513285968037,chromosome
0,0.0010690093040466,Q251136,Q251136.3~A16.K_10,10,,normal,Q251136.3~A16.K_10L.png,Q251136.3~A16.K_10R.png,train,/data5/chensx/MyProject/UAE/data/arrangement_merged/chr_10/Q251136.3~A16.K_10L.png,/data5/chensx/MyProject/UAE/data/arrangement_merged/chr_10/Q251136.3~A16.K_10R.png,0,-0.259594318722861,,0.0010690093040466,0.624875093657089,chromosome
0,0.0010364055633544,Q251136,Q251136.3~A21.K_10,10,,normal,Q251136.3~A21.K_10L.png,Q251136.3~A21.K_10R.png,train,/data5/chensx/MyProject/UAE/data/arrangement_merged/chr_10/Q251136.3~A21.K_10L.png,/data5/chensx/MyProject/UAE/data/arrangement_merged/chr_10/Q251136.3~A21.K_10R.png,0,-0.2916761018611624,,0.0010364055633544,0.46403679749993404,chromosome
0,0.0008836984634399,Q251136,Q251136.3~A23.K_10,10,,normal,Q251136.3~A23.K_10L.png,Q251136.3~A23.K_10R.png,train,/data5/chensx/MyProject/UAE/data/arrangement_merged/chr_10/Q251136.3~A23.K_10L.png,/data5/chensx/MyProject/UAE/data/arrangement_merged/chr_10/Q251136.3~A23.K_10R.png,0,-0.4419384938178863,,0.0008836984634399,-0.28928626420704684,chromosome
0,0.0008569359779357,Q251136,Q251136.3~A26.K_10,10,,normal,Q251136.3~A26.K_10L.png,Q251136.3~A26.K_10R.png,train,/data5/chensx/MyProject/UAE/data/arrangement_merged/chr_10/Q251136.3~A26.K_10L.png,/data5/chensx/MyProject/UAE/data/arrangement_merged/chr_10/Q251136.3~A26.K_10R.png,0,-0.4682725351873512,,0.0008569359779357,-0.4213089241239762,chromosome
0,0.0008801817893981,Q251136,Q251136.3~A32.K_10,10,,normal,Q251136.3~A32.K_10L.png,Q251136.3~A32.K_10R.png,train,/data5/chensx/MyProject/UAE/data/arrangement_merged/chr_10/Q251136.3~A32.K_10L.png,/data5/chensx/MyProject/UAE/data/arrangement_merged/chr_10/Q251136.3~A32.K_10R.png,0,-0.4453988689644307,,0.0008801817893981,-0.3066344533723017,chromosome
0,0.0007940530776977,Q251136,Q251136.3~A36.K_10,10,,normal,Q251136.3~A36.K_10L.png,Q251136.3~A36.K_10R.png,train,/data5/chensx/MyProject/UAE/data/arrangement_merged/chr_10/Q251136.3~A36.K_10L.png,/data5/chensx/MyProject/UAE/data/arrangement_merged/chr_10/Q251136.3~A36.K_10R.png,0,-0.5301487348416618,,0.0007940530776977,-0.7315180693623291,chromosome
0,0.0010746717453002,Q251136,Q251136.3~A40.K_10,10,,normal,Q251136.3~A40.K_10L.png,Q251136.3~A40.K_10R.png,train,/data5/chensx/MyProject/UAE/data/arrangement_merged/chr_10/Q251136.3~A40.K_10L.png,/data5/chensx/MyProject/UAE/data/arrangement_merged/chr_10/Q251136.3~A40.K_10R.png,0,-0.2540225282326624,,0.0010746717453002,0.6528086185834748,chromosome
0,0.0011056065559387,Q251136,Q251136.3~A41.K_10,10,,normal,Q251136.3~A41.K_10L.png,Q251136.3~A41.K_10R.png,train,/data5/chensx/MyProject/UAE/data/arrangement_merged/chr_10/Q251136.3~A41.K_10L.png,/data5/chensx/MyProject/UAE/data/arrangement_merged/chr_10/Q251136.3~A41.K_10R.png,0,-0.2235829570283143,,0.0011056065559387,0.8054138758149223,chromosome
0,0.000814139842987,Q251136,Q251136.4~A12.K_10,10,,normal,Q251136.4~A12.K_10L.png,Q251136.4~A12.K_10R.png,train,/data5/chensx/MyProject/UAE/data/arrangement_merged/chr_10/Q251136.4~A12.K_10L.png,/data5/chensx/MyProject/UAE/data/arrangement_merged/chr_10/Q251136.4~A12.K_10R.png,0,-0.51038354120801,,0.000814139842987,-0.6324275651487252,chromosome
0,0.0010490417480468,Q251136,Q251136.4~A13.K_10,10,,normal,Q251136.4~A13.K_10L.png,Q251136.4~A13.K_10R.png,train,/data5/chensx/MyProject/UAE/data/arrangement_merged/chr_10/Q251136.4~A13.K_10L.png,/data5/chensx/MyProject/UAE/data/arrangement_merged/chr_10/Q251136.4~A13.K_10R.png,0,-0.2792422115040876,,0.0010490417480468,0.5263726636522172,chromosome
0,0.0009286403656005,Q251136,Q251136.4~A15.K_10,10,,normal,Q251136.4~A15.K_10L.png,Q251136.4~A15.K_10R.png,train,/data5/chensx/MyProject/UAE/data/arrangement_merged/chr_10/Q251136.4~A15.K_10L.png,/data5/chensx/MyProject/UAE/data/arrangement_merged/chr_10/Q251136.4~A15.K_10R.png,0,-0.3977160724535734,,0.0009286403656005,-0.06758228742067324,chromosome
0,0.0010168552398681,Q251136,Q251136.4~A16.K_10,10,,normal,Q251136.4~A16.K_10L.png,Q251136.4~A16.K_10R.png,train,/data5/chensx/MyProject/UAE/data/arrangement_merged/chr_10/Q251136.4~A16.K_10L.png,/data5/chensx/MyProject/UAE/data/arrangement_merged/chr_10/Q251136.4~A16.K_10R.png,0,-0.3109134416589006,,0.0010168552398681,0.36759262722686004,chromosome
0,0.0009697675704956,Q251136,Q251136.4~A19.K_10,10,,normal,Q251136.4~A19.K_10L.png,Q251136.4~A19.K_10R.png,train,/data5/chensx/MyProject/UAE/data/arrangement_merged/chr_10/Q251136.4~A19.K_10L.png,/data5/chensx/MyProject/UAE/data/arrangement_merged/chr_10/Q251136.4~A19.K_10R.png,0,-0.3572472783668678,,0.0009697675704956,0.13530331467886136,chromosome
0,0.0007438659667968,Q251136,Q251136.4~A2.K_10,10,,normal,Q251136.4~A2.K_10L.png,Q251136.4~A2.K_10R.png,train,/data5/chensx/MyProject/UAE/data/arrangement_merged/chr_10/Q251136.4~A2.K_10L.png,/data5/chensx/MyProject/UAE/data/arrangement_merged/chr_10/Q251136.4~A2.K_10R.png,0,-0.5795323937126852,,0.0007438659667968,-0.9790973113442791,chromosome
0,0.0007518529891967,Q251136,Q251136.4~A36.K_10,10,,normal,Q251136.4~A36.K_10L.png,Q251136.4~A36.K_10R.png,train,/data5/chensx/MyProject/UAE/data/arrangement_merged/chr_10/Q251136.4~A36.K_10L.png,/data5/chensx/MyProject/UAE/data/arrangement_merged/chr_10/Q251136.4~A36.K_10R.png,0,-0.5716732366001945,,0.0007518529891967,-0.9396963393424289,chromosome
0,0.0010553002357482,Q251136,Q251136.4~A5.K_10,10,,normal,Q251136.4~A5.K_10L.png,Q251136.4~A5.K_10R.png,train,/data5/chensx/MyProject/UAE/data/arrangement_merged/chr_10/Q251136.4~A5.K_10L.png,/data5/chensx/MyProject/UAE/data/arrangement_merged/chr_10/Q251136.4~A5.K_10R.png,0,-0.2730839167517628,,0.0010553002357482,0.5572465596237459,chromosome
0,0.0011819601058959,165070,165070.11~A20.K_11,11,,normal,165070.11~A20.K_11L.png,165070.11~A20.K_11R.png,train,/data5/chensx/MyProject/UAE/data/arrangement_merged/chr_11/165070.11~A20.K_11L.png,/data5/chensx/MyProject/UAE/data/arrangement_merged/chr_11/165070.11~A20.K_11R.png,0,-0.1164008264991893,,0.0011819601058959,-0.7130925855925564,chromosome
0,0.0011630058288574,165070,165070.11~A21.K_11,11,,normal,165070.11~A21.K_11L.png,165070.11~A21.K_11R.png,train,/data5/chensx/MyProject/UAE/data/arrangement_merged/chr_11/165070.11~A21.K_11L.png,/data5/chensx/MyProject/UAE/data/arrangement_merged/chr_11/165070.11~A21.K_11R.png,0,-0.143103131059911,,0.0011630058288574,-0.8299750101030295,chromosome
0,0.0013012886047363,165070,165070.11~A30.K_11,11,,normal,165070.11~A30.K_11L.png,165070.11~A30.K_11R.png,train,/data5/chensx/MyProject/UAE/data/arrangement_merged/chr_11/165070.11~A30.K_11L.png,/data5/chensx/MyProject/UAE/data/arrangement_merged/chr_11/165070.11~A30.K_11R.png,0,0.0517061349176811,,0.0013012886047363,0.022752112115040267,chromosome
0,0.001255452632904,165070,165070.12~A1.K_11,11,,normal,165070.12~A1.K_11L.png,165070.12~A1.K_11R.png,train,/data5/chensx/MyProject/UAE/data/arrangement_merged/chr_11/165070.12~A1.K_11L.png,/data5/chensx/MyProject/UAE/data/arrangement_merged/chr_11/165070.12~A1.K_11R.png,0,-0.0128664191929949,,0.001255452632904,-0.2598975245168891,chromosome
0,0.001188039779663,165070,165070.12~A21.K_11,11,,normal,165070.12~A21.K_11L.png,165070.12~A21.K_11R.png,train,/data5/chensx/MyProject/UAE/data/arrangement_merged/chr_11/165070.12~A21.K_11L.png,/data5/chensx/MyProject/UAE/data/arrangement_merged/chr_11/165070.12~A21.K_11R.png,0,-0.1078359363570711,,0.001188039779663,-0.6756019965984216,chromosome
0,0.0012115836143493,165070,165070.12~A41.K_11,11,,normal,165070.12~A41.K_11L.png,165070.12~A41.K_11R.png,train,/data5/chensx/MyProject/UAE/data/arrangement_merged/chr_11/165070.12~A41.K_11L.png,/data5/chensx/MyProject/UAE/data/arrangement_merged/chr_11/165070.12~A41.K_11R.png,0,-0.074667979434162,,0.0012115836143493,-0.5304178529447804,chromosome
0,0.001311182975769,165070,165070.12~A5.K_11,11,,normal,165070.12~A5.K_11L.png,165070.12~A5.K_11R.png,train,/data5/chensx/MyProject/UAE/data/arrangement_merged/chr_11/165070.12~A5.K_11L.png,/data5/chensx/MyProject/UAE/data/arrangement_merged/chr_11/165070.12~A5.K_11R.png,0,0.0656450737764226,,0.001311182975769,0.08376620792883124,chromosome
0,0.0012767910957336,165070,165070.12~A9.K_11,11,,normal,165070.12~A9.K_11L.png,165070.12~A9.K_11R.png,train,/data5/chensx/MyProject/UAE/data/arrangement_merged/chr_11/165070.12~A9.K_11L.png,/data5/chensx/MyProject/UAE/data/arrangement_merged/chr_11/165070.12~A9.K_11R.png,0,0.0171946658156162,,0.0012767910957336,-0.12831290824351463,chromosome
0,0.0010415315628051,165070,165070.13~A24.K_11,11,,normal,165070.13~A24.K_11L.png,165070.13~A24.K_11R.png,train,/data5/chensx/MyProject/UAE/data/arrangement_merged/chr_11/165070.13~A24.K_11L.png,/data5/chensx/MyProject/UAE/data/arrangement_merged/chr_11/165070.13~A24.K_11R.png,0,-0.3142329948798821,,0.0010415315628051,-1.5790516803966823,chromosome
0,0.0010629892349243,165070,165070.13~A25.K_11,11,,normal,165070.13~A25.K_11L.png,165070.13~A25.K_11R.png,train,/data5/chensx/MyProject/UAE/data/arrangement_merged/chr_11/165070.13~A25.K_11L.png,/data5/chensx/MyProject/UAE/data/arrangement_merged/chr_11/165070.13~A25.K_11R.png,0,-0.2840039708488764,,0.0010629892349243,-1.4467319545348867,chromosome
0,0.0011075139045715,165070,165070.13~A26.K_11,11,,normal,165070.13~A26.K_11L.png,165070.13~A26.K_11R.png,train,/data5/chensx/MyProject/UAE/data/arrangement_merged/chr_11/165070.13~A26.K_11L.png,/data5/chensx/MyProject/UAE/data/arrangement_merged/chr_11/165070.13~A26.K_11R.png,0,-0.2212787459845396,,0.0011075139045715,-1.172168523372521,chromosome
0,0.0013135075569152,165070,165070.13~A27.K_11,11,,normal,165070.13~A27.K_11L.png,165070.13~A27.K_11R.png,train,/data5/chensx/MyProject/UAE/data/arrangement_merged/chr_11/165070.13~A27.K_11L.png,/data5/chensx/MyProject/UAE/data/arrangement_merged/chr_11/165070.13~A27.K_11R.png,0,0.0689198847131149,,0.0013135075569152,0.09810084489690418,chromosome
0,0.0009766817092895,165070,165070.13~A28.K_11,11,,normal,165070.13~A28.K_11L.png,165070.13~A28.K_11R.png,train,/data5/chensx/MyProject/UAE/data/arrangement_merged/chr_11/165070.13~A28.K_11L.png,/data5/chensx/MyProject/UAE/data/arrangement_merged/chr_11/165070.13~A28.K_11R.png,0,-0.4055918230624771,,0.0009766817092895,-1.9789512963332967,chromosome
0,0.0009996891021728,165070,165070.13~A3.K_11,11,,normal,165070.13~A3.K_11L.png,165070.13~A3.K_11R.png,train,/data5/chensx/MyProject/UAE/data/arrangement_merged/chr_11/165070.13~A3.K_11L.png,/data5/chensx/MyProject/UAE/data/arrangement_merged/chr_11/165070.13~A3.K_11R.png,0,-0.3731795917403432,,0.0009996891021728,-1.8370751458263237,chromosome
0,0.0011259317398071,165070,165070.13~A36.K_11,11,,normal,165070.13~A36.K_11L.png,165070.13~A36.K_11R.png,train,/data5/chensx/MyProject/UAE/data/arrangement_merged/chr_11/165070.13~A36.K_11L.png,/data5/chensx/MyProject/UAE/data/arrangement_merged/chr_11/165070.13~A36.K_11R.png,0,-0.1953321670245931,,0.0011259317398071,-1.0585940920080996,chromosome
0,0.0012128353118896,165070,165070.13~A40.K_11,11,,normal,165070.13~A40.K_11L.png,165070.13~A40.K_11R.png,train,/data5/chensx/MyProject/UAE/data/arrangement_merged/chr_11/165070.13~A40.K_11L.png,/data5/chensx/MyProject/UAE/data/arrangement_merged/chr_11/165070.13~A40.K_11R.png,0,-0.0729046196990201,,0.0012128353118896,-0.5226992022694259,chromosome
0,0.0013796687126159,165070,165070.13~A9.K_11,11,,normal,165070.13~A9.K_11L.png,165070.13~A9.K_11R.png,train,/data5/chensx/MyProject/UAE/data/arrangement_merged/chr_11/165070.13~A9.K_11L.png,/data5/chensx/MyProject/UAE/data/arrangement_merged/chr_11/165070.13~A9.K_11R.png,0,0.1621260421420491,,0.0013796687126159,0.5060866663030836,chromosome
0,0.0012049674987792,165070,165070.1~A9.K_11,11,,normal,165070.1~A9.K_11L.png,165070.1~A9.K_11R.png,train,/data5/chensx/MyProject/UAE/data/arrangement_merged/chr_11/165070.1~A9.K_11L.png,/data5/chensx/MyProject/UAE/data/arrangement_merged/chr_11/165070.1~A9.K_11R.png,0,-0.0839885951770555,,0.0012049674987792,-0.5712164350855834,chromosome
0,0.0011061429977416,165070,165070.2~A31.K_11,11,,normal,165070.2~A31.K_11L.png,165070.2~A31.K_11R.png,train,/data5/chensx/MyProject/UAE/data/arrangement_merged/chr_11/165070.2~A31.K_11L.png,/data5/chensx/MyProject/UAE/data/arrangement_merged/chr_11/165070.2~A31.K_11R.png,0,-0.2232100447420761,,0.0011061429977416,-1.180622283636298,chromosome
0,0.0011033415794372,165070,165070.3~A15.K_11,11,,normal,165070.3~A15.K_11L.png,165070.3~A15.K_11R.png,train,/data5/chensx/MyProject/UAE/data/arrangement_merged/chr_11/165070.3~A15.K_11L.png,/data5/chensx/MyProject/UAE/data/arrangement_merged/chr_11/165070.3~A15.K_11R.png,0,-0.2271566117683463,,0.0011033415794372,-1.1978973589568285,chromosome
0,0.0013935565948486,165070,165070.3~A2.K_11,11,,normal,165070.3~A2.K_11L.png,165070.3~A2.K_11R.png,train,/data5/chensx/MyProject/UAE/data/arrangement_merged/chr_11/165070.3~A2.K_11L.png,/data5/chensx/MyProject/UAE/data/arrangement_merged/chr_11/165070.3~A2.K_11R.png,0,0.1816909382510055,,0.0013935565948486,0.5917269333191639,chromosome
0,0.0013176202774047,165070,165070.3~A30.K_11,11,,normal,165070.3~A30.K_11L.png,165070.3~A30.K_11R.png,train,/data5/chensx/MyProject/UAE/data/arrangement_merged/chr_11/165070.3~A30.K_11L.png,/data5/chensx/MyProject/UAE/data/arrangement_merged/chr_11/165070.3~A30.K_11R.png,0,0.0747137809857243,,0.0013176202774047,0.1234621256869997,chromosome
0,0.0010307431221008,165070,165070.3~A35.K_11,11,,normal,165070.3~A35.K_11L.png,165070.3~A35.K_11R.png,train,/data5/chensx/MyProject/UAE/data/arrangement_merged/chr_11/165070.3~A35.K_11L.png,/data5/chensx/MyProject/UAE/data/arrangement_merged/chr_11/165070.3~A35.K_11R.png,0,-0.3294314764065822,,0.0010307431221008,-1.6455790981211764,chromosome
0,0.0013836622238159,165070,165070.3~A43.K_11,11,,normal,165070.3~A43.K_11L.png,165070.3~A43.K_11R.png,train,/data5/chensx/MyProject/UAE/data/arrangement_merged/chr_11/165070.3~A43.K_11L.png,/data5/chensx/MyProject/UAE/data/arrangement_merged/chr_11/165070.3~A43.K_11R.png,0,0.167751999392264,,0.0013836622238159,0.530712837505373,chromosome
0,0.0013453364372253,170215,170215.12~A1.K_11,11,,normal,170215.12~A1.K_11L.png,170215.12~A1.K_11R.png,train,/data5/chensx/MyProject/UAE/data/arrangement_merged/chr_11/170215.12~A1.K_11L.png,/data5/chensx/MyProject/UAE/data/arrangement_merged/chr_11/170215.12~A1.K_11R.png,0,0.0198488990010636,,0.0013453364372253,0.2943751049249484,chromosome
0,0.0015312433242797,170215,170215.12~A24.K_11,11,,normal,170215.12~A24.K_11L.png,170215.12~A24.K_11R.png,train,/data5/chensx/MyProject/UAE/data/arrangement_merged/chr_11/170215.12~A24.K_11L.png,/data5/chensx/MyProject/UAE/data/arrangement_merged/chr_11/170215.12~A24.K_11R.png,0,0.2638801352948517,,0.0015312433242797,1.4407785075963537,chromosome
0,0.0013664960861206,170215,170215.12~A31.K_11,11,,normal,170215.12~A31.K_11L.png,170215.12~A31.K_11R.png,train,/data5/chensx/MyProject/UAE/data/arrangement_merged/chr_11/170215.12~A31.K_11L.png,/data5/chensx/MyProject/UAE/data/arrangement_merged/chr_11/170215.12~A31.K_11R.png,0,0.0476241759758295,,0.0013664960861206,0.424857056816306,chromosome
0,0.0014092922210693,170215,170215.12~A33.K_11,11,,normal,170215.12~A33.K_11L.png,170215.12~A33.K_11R.png,train,/data5/chensx/MyProject/UAE/data/arrangement_merged/chr_11/170215.12~A33.K_11L.png,/data5/chensx/MyProject/UAE/data/arrangement_merged/chr_11/170215.12~A33.K_11R.png,0,0.1038006516600039,,0.0014092922210693,0.6887613989508596,chromosome
0,0.0014179944992065,170215,170215.12~A44.K_11,11,,normal,170215.12~A44.K_11L.png,170215.12~A44.K_11R.png,train,/data5/chensx/MyProject/UAE/data/arrangement_merged/chr_11/170215.12~A44.K_11L.png,/data5/chensx/MyProject/UAE/data/arrangement_merged/chr_11/170215.12~A44.K_11R.png,0,0.1152237233172315,,0.0014179944992065,0.7424243988835082,chromosome
0,0.0015895366668701,170215,170215.12~A47.K_11,11,,normal,170215.12~A47.K_11L.png,170215.12~A47.K_11R.png,train,/data5/chensx/MyProject/UAE/data/arrangement_merged/chr_11/170215.12~A47.K_11L.png,/data5/chensx/MyProject/UAE/data/arrangement_merged/chr_11/170215.12~A47.K_11R.png,0,0.340399067354911,,0.0015895366668701,1.8002470961869934,chromosome
0,0.0014052391052246,170215,170215.12~A48.K_11,11,,normal,170215.12~A48.K_11L.png,170215.12~A48.K_11R.png,train,/data5/chensx/MyProject/UAE/data/arrangement_merged/chr_11/170215.12~A48.K_11L.png,/data5/chensx/MyProject/UAE/data/arrangement_merged/chr_11/170215.12~A48.K_11R.png,0,0.0984803169155417,,0.0014052391052246,0.6637676729549762,chromosome
0,0.0015492439270019,170215,170215.12~A49.K_11,11,,normal,170215.12~A49.K_11L.png,170215.12~A49.K_11R.png,train,/data5/chensx/MyProject/UAE/data/arrangement_merged/chr_11/170215.12~A49.K_11L.png,/data5/chensx/MyProject/UAE/data/arrangement_merged/chr_11/170215.12~A49.K_11R.png,0,0.2875086807776104,,0.0015492439270019,1.5517800554025294,chromosome
0,0.0016224980354309,170215,170215.12~A6.K_11,11,,normal,170215.12~A6.K_11L.png,170215.12~A6.K_11R.png,train,/data5/chensx/MyProject/UAE/data/arrangement_merged/chr_11/170215.12~A6.K_11L.png,/data5/chensx/MyProject/UAE/data/arrangement_merged/chr_11/170215.12~A6.K_11R.png,0,0.3836659072620815,,0.0016224980354309,2.0035048973019682,chromosome
0,0.0016735792160034,170215,170215.12~A7.K_11,11,,normal,170215.12~A7.K_11L.png,170215.12~A7.K_11R.png,train,/data5/chensx/MyProject/UAE/data/arrangement_merged/chr_11/170215.12~A7.K_11L.png,/data5/chensx/MyProject/UAE/data/arrangement_merged/chr_11/170215.12~A7.K_11R.png,0,0.4507177730856713,,0.0016735792160034,2.318499355810925,chromosome
0,0.0014548897743225,170215,170215.13~A21.K_11,11,,normal,170215.13~A21.K_11L.png,170215.13~A21.K_11R.png,train,/data5/chensx/MyProject/UAE/data/arrangement_merged/chr_11/170215.13~A21.K_11L.png,/data5/chensx/MyProject/UAE/data/arrangement_merged/chr_11/170215.13~A21.K_11R.png,0,0.1636544175352036,,0.0014548897743225,0.9699408164065616,chromosome
0,0.0019339323043823,170215,170215.13~A36.K_11,11,,normal,170215.13~A36.K_11L.png,170215.13~A36.K_11R.png,train,/data5/chensx/MyProject/UAE/data/arrangement_merged/chr_11/170215.13~A36.K_11L.png,/data5/chensx/MyProject/UAE/data/arrangement_merged/chr_11/170215.13~A36.K_11R.png,0,0.792471040200537,,0.0019339323043823,3.923978696262911,chromosome
0,0.0017145872116088,170215,170215.13~A44.K_11,11,,normal,170215.13~A44.K_11L.png,170215.13~A44.K_11R.png,train,/data5/chensx/MyProject/UAE/data/arrangement_merged/chr_11/170215.13~A44.K_11L.png,/data5/chensx/MyProject/UAE/data/arrangement_merged/chr_11/170215.13~A44.K_11R.png,0,0.5045470422649359,,0.0017145872116088,2.5713770541234573,chromosome
0,0.0015980005264282,170215,170215.13~A47.K_11,11,,normal,170215.13~A47.K_11L.png,170215.13~A47.K_11R.png,train,/data5/chensx/MyProject/UAE/data/arrangement_merged/chr_11/170215.13~A47.K_11L.png,/data5/chensx/MyProject/UAE/data/arrangement_merged/chr_11/170215.13~A47.K_11R.png,0,0.3515091781448173,,0.0015980005264282,1.8524398769434132,chromosome
0,0.0012223720550537,170215,170215.13~A5.K_11,11,,normal,170215.13~A5.K_11L.png,170215.13~A5.K_11R.png,train,/data5/chensx/MyProject/UAE/data/arrangement_merged/chr_11/170215.13~A5.K_11L.png,/data5/chensx/MyProject/UAE/data/arrangement_merged/chr_11/170215.13~A5.K_11R.png,0,-0.1415606683198997,,0.0012223720550537,-0.4638904352196699,chromosome
0,0.0011655092239379,170215,170215.1~A9.K_11,11,,normal,170215.1~A9.K_11L.png,170215.1~A9.K_11R.png,train,/data5/chensx/MyProject/UAE/data/arrangement_merged/chr_11/170215.1~A9.K_11L.png,/data5/chensx/MyProject/UAE/data/arrangement_merged/chr_11/170215.1~A9.K_11R.png,0,-0.2162018351760311,,0.0011655092239379,-0.8145377087529384,chromosome
0,0.0013320446014404,170215,170215.2~A19.K_11,11,,normal,170215.2~A19.K_11L.png,170215.2~A19.K_11R.png,train,/data5/chensx/MyProject/UAE/data/arrangement_merged/chr_11/170215.2~A19.K_11L.png,/data5/chensx/MyProject/UAE/data/arrangement_merged/chr_11/170215.2~A19.K_11R.png,0,0.0024013306479008,,0.0013320446014404,0.21241038584974817,chromosome
0,0.0015059113502502,170215,170215.2~A2.K_11,11,,normal,170215.2~A2.K_11L.png,170215.2~A2.K_11R.png,train,/data5/chensx/MyProject/UAE/data/arrangement_merged/chr_11/170215.2~A2.K_11L.png,/data5/chensx/MyProject/UAE/data/arrangement_merged/chr_11/170215.2~A2.K_11R.png,0,0.230628043141963,,0.0015059113502502,1.2845677201213064,chromosome
0,0.0010892152786254,170215,170215.2~A23.K_11,11,,normal,170215.2~A23.K_11L.png,170215.2~A23.K_11R.png,train,/data5/chensx/MyProject/UAE/data/arrangement_merged/chr_11/170215.2~A23.K_11L.png,/data5/chensx/MyProject/UAE/data/arrangement_merged/chr_11/170215.2~A23.K_11R.png,0,-0.316349312718849,,0.0010892152786254,-1.2850078451491362,chromosome
0,0.0014079809188842,170215,170215.2~A33.K_11,11,,normal,170215.2~A33.K_11L.png,170215.2~A33.K_11R.png,train,/data5/chensx/MyProject/UAE/data/arrangement_merged/chr_11/170215.2~A33.K_11L.png,/data5/chensx/MyProject/UAE/data/arrangement_merged/chr_11/170215.2~A33.K_11R.png,0,0.1020793668897367,,0.0014079809188842,0.6806751934812947,chromosome
0,0.0012727975845336,170215,170215.2~A4.K_11,11,,normal,170215.2~A4.K_11L.png,170215.2~A4.K_11R.png,train,/data5/chensx/MyProject/UAE/data/arrangement_merged/chr_11/170215.2~A4.K_11L.png,/data5/chensx/MyProject/UAE/data/arrangement_merged/chr_11/170215.2~A4.K_11R.png,0,-0.0753694448814435,,0.0012727975845336,-0.15293907944580531,chromosome
0,0.0013626217842102,170215,170215.3~A32.K_11,11,,normal,170215.3~A32.K_11L.png,170215.3~A32.K_11R.png,train,/data5/chensx/MyProject/UAE/data/arrangement_merged/chr_11/170215.3~A32.K_11L.png,/data5/chensx/MyProject/UAE/data/arrangement_merged/chr_11/170215.3~A32.K_11R.png,0,0.0425385618818583,,0.0013626217842102,0.40096599520243925,chromosome
0,0.0011807680130004,170215,170215.3~A33.K_11,11,,normal,170215.3~A33.K_11L.png,170215.3~A33.K_11R.png,train,/data5/chensx/MyProject/UAE/data/arrangement_merged/chr_11/170215.3~A33.K_11L.png,/data5/chensx/MyProject/UAE/data/arrangement_merged/chr_11/170215.3~A33.K_11R.png,0,-0.1961723396674675,,0.0011807680130004,-0.7204436814736989,chromosome
0,0.0012152194976806,170215,170215.3~A38.K_11,11,,normal,170215.3~A38.K_11L.png,170215.3~A38.K_11R.png,train,/data5/chensx/MyProject/UAE/data/arrangement_merged/chr_11/170215.3~A38.K_11L.png,/data5/chensx/MyProject/UAE/data/arrangement_merged/chr_11/170215.3~A38.K_11R.png,0,-0.1509494943395389,,0.0012152194976806,-0.5079970105071411,chromosome
0,0.0012670755386352,170215,170215.3~A41.K_11,11,,normal,170215.3~A41.K_11L.png,170215.3~A41.K_11R.png,train,/data5/chensx/MyProject/UAE/data/arrangement_merged/chr_11/170215.3~A41.K_11L.png,/data5/chensx/MyProject/UAE/data/arrangement_merged/chr_11/170215.3~A41.K_11R.png,0,-0.0828805056971549,,0.0012670755386352,-0.18822433967528882,chromosome
0,0.0013605952262878,170215,170215.3~A47.K_11,11,,normal,170215.3~A47.K_11L.png,170215.3~A47.K_11R.png,train,/data5/chensx/MyProject/UAE/data/arrangement_merged/chr_11/170215.3~A47.K_11L.png,/data5/chensx/MyProject/UAE/data/arrangement_merged/chr_11/170215.3~A47.K_11R.png,0,0.0398783945096272,,0.0013605952262878,0.38846913220418794,chromosome
0,0.0015389323234558,179083,179083.12~A20.K_11,11,,normal,179083.12~A20.K_11L.png,179083.12~A20.K_11R.png,train,/data5/chensx/MyProject/UAE/data/arrangement_merged/chr_11/179083.12~A20.K_11L.png,/data5/chensx/MyProject/UAE/data/arrangement_merged/chr_11/179083.12~A20.K_11R.png,0,0.5207300405260558,,0.0015389323234558,1.488193076030493,chromosome
0,0.0010826587677001,179083,179083.12~A37.K_11,11,,normal,179083.12~A37.K_11L.png,179083.12~A37.K_11R.png,train,/data5/chensx/MyProject/UAE/data/arrangement_merged/chr_11/179083.12~A37.K_11L.png,/data5/chensx/MyProject/UAE/data/arrangement_merged/chr_11/179083.12~A37.K_11R.png,0,-0.1653941889069707,,0.0010826587677001,-1.3254388724957287,chromosome
0,0.0010381937026977,179083,179083.12~A39.K_11,11,,normal,179083.12~A39.K_11L.png,179083.12~A39.K_11R.png,train,/data5/chensx/MyProject/UAE/data/arrangement_merged/chr_11/179083.12~A39.K_11L.png,/data5/chensx/MyProject/UAE/data/arrangement_merged/chr_11/179083.12~A39.K_11R.png,0,-0.2322588100901239,,0.0010381937026977,-1.5996347488638822,chromosome
0,0.0014801025390625,179083,179083.12~A47.K_11,11,,normal,179083.12~A47.K_11L.png,179083.12~A47.K_11R.png,train,/data5/chensx/MyProject/UAE/data/arrangement_merged/chr_11/179083.12~A47.K_11L.png,/data5/chensx/MyProject/UAE/data/arrangement_merged/chr_11/179083.12~A47.K_11R.png,0,0.4322643822046453,,0.0014801025390625,1.1254164942938027,chromosome
0,0.0011841654777526,179083,179083.12~A9.K_11,11,,normal,179083.12~A9.K_11L.png,179083.12~A9.K_11R.png,train,/data5/chensx/MyProject/UAE/data/arrangement_merged/chr_11/179083.12~A9.K_11L.png,/data5/chensx/MyProject/UAE/data/arrangement_merged/chr_11/179083.12~A9.K_11R.png,0,-0.0127528351872523,,0.0011841654777526,-0.6994930582122897,chromosome
0,0.0012476444244384,179083,179083.13~A11.K_11,11,,normal,179083.13~A11.K_11L.png,179083.13~A11.K_11R.png,train,/data5/chensx/MyProject/UAE/data/arrangement_merged/chr_11/179083.13~A11.K_11L.png,/data5/chensx/MyProject/UAE/data/arrangement_merged/chr_11/179083.13~A11.K_11R.png,0,0.0827040301747558,,0.0012476444244384,-0.3080472025388345,chromosome
0,0.0010762214660644,179083,179083.13~A13.K_11,11,,normal,179083.13~A13.K_11L.png,179083.13~A13.K_11R.png,train,/data5/chensx/MyProject/UAE/data/arrangement_merged/chr_11/179083.13~A13.K_11L.png,/data5/chensx/MyProject/UAE/data/arrangement_merged/chr_11/179083.13~A13.K_11R.png,0,-0.1750743217324138,,0.0010762214660644,-1.365134790253897,chromosome
0,0.0012945532798767,179083,179083.13~A14.K_11,11,,normal,179083.13~A14.K_11L.png,179083.13~A14.K_11R.png,train,/data5/chensx/MyProject/UAE/data/arrangement_merged/chr_11/179083.13~A14.K_11L.png,/data5/chensx/MyProject/UAE/data/arrangement_merged/chr_11/179083.13~A14.K_11R.png,0,0.1532435165971976,,0.0012945532798767,-0.018781579613567568,chromosome
0,0.0011713504791259,179083,179083.13~A2.K_11,11,,normal,179083.13~A2.K_11L.png,179083.13~A2.K_11R.png,train,/data5/chensx/MyProject/UAE/data/arrangement_merged/chr_11/179083.13~A2.K_11L.png,/data5/chensx/MyProject/UAE/data/arrangement_merged/chr_11/179083.13~A2.K_11R.png,0,-0.0320234699786437,,0.0011713504791259,-0.7785173389350324,chromosome
0,0.0014083385467529,179083,179083.13~A22.K_11,11,,normal,179083.13~A22.K_11L.png,179083.13~A22.K_11R.png,train,/data5/chensx/MyProject/UAE/data/arrangement_merged/chr_11/179083.13~A22.K_11L.png,/data5/chensx/MyProject/UAE/data/arrangement_merged/chr_11/179083.13~A22.K_11R.png,0,0.3243488273728538,,0.0014083385467529,0.682880522245946,chromosome
0,0.0013016462326049,179083,179083.13~A26.K_11,11,,normal,179083.13~A26.K_11L.png,179083.13~A26.K_11R.png,train,/data5/chensx/MyProject/UAE/data/arrangement_merged/chr_11/179083.13~A26.K_11L.png,/data5/chensx/MyProject/UAE/data/arrangement_merged/chr_11/179083.13~A26.K_11R.png,0,0.163909588877084,,0.0013016462326049,0.02495744087907519,chromosome
0,0.001491367816925,179083,179083.13~A34.K_11,11,,normal,179083.13~A34.K_11L.png,179083.13~A34.K_11R.png,train,/data5/chensx/MyProject/UAE/data/arrangement_merged/chr_11/179083.13~A34.K_11L.png,/data5/chensx/MyProject/UAE/data/arrangement_merged/chr_11/179083.13~A34.K_11R.png,0,0.4492046146491707,,0.001491367816925,1.194884350370753,chromosome
0,0.0013281106948852,179083,179083.13~A39.K_11,11,,normal,179083.13~A39.K_11L.png,179083.13~A39.K_11R.png,train,/data5/chensx/MyProject/UAE/data/arrangement_merged/chr_11/179083.13~A39.K_11L.png,/data5/chensx/MyProject/UAE/data/arrangement_merged/chr_11/179083.13~A39.K_11R.png,0,0.2037056904927945,,0.0013281106948852,0.18815176944166945,chromosome
0,0.0012608170509338,179083,179083.14~A14.K_11,11,,normal,179083.14~A14.K_11L.png,179083.14~A14.K_11R.png,train,/data5/chensx/MyProject/UAE/data/arrangement_merged/chr_11/179083.14~A14.K_11L.png,/data5/chensx/MyProject/UAE/data/arrangement_merged/chr_11/179083.14~A14.K_11R.png,0,0.1025124501231162,,0.0012608170509338,-0.22681759305144047,chromosome
0,0.0015619993209838,179083,179083.14~A18.K_11,11,,normal,179083.14~A18.K_11L.png,179083.14~A18.K_11R.png,train,/data5/chensx/MyProject/UAE/data/arrangement_merged/chr_11/179083.14~A18.K_11L.png,/data5/chensx/MyProject/UAE/data/arrangement_merged/chr_11/179083.14~A18.K_11R.png,0,0.5554171831505602,,0.0015619993209838,1.6304367813310616,chromosome
0,0.0014221668243408,179083,179083.14~A2.K_11,11,,normal,179083.14~A2.K_11L.png,179083.14~A2.K_11R.png,train,/data5/chensx/MyProject/UAE/data/arrangement_merged/chr_11/179083.14~A2.K_11L.png,/data5/chensx/MyProject/UAE/data/arrangement_merged/chr_11/179083.14~A2.K_11R.png,0,0.3451431867756575,,0.0014221668243408,0.7681532344678144,chromosome
0,0.0011085867881774,179083,179083.14~A27.K_11,11,,normal,179083.14~A27.K_11L.png,179083.14~A27.K_11R.png,train,/data5/chensx/MyProject/UAE/data/arrangement_merged/chr_11/179083.14~A27.K_11L.png,/data5/chensx/MyProject/UAE/data/arrangement_merged/chr_11/179083.14~A27.K_11R.png,0,-0.1264047650267138,,0.0011085867881774,-1.1655525370798012,chromosome
0,0.0014097690582275,179083,179083.14~A28.K_11,11,,normal,179083.14~A28.K_11L.png,179083.14~A28.K_11R.png,train,/data5/chensx/MyProject/UAE/data/arrangement_merged/chr_11/179083.14~A28.K_11L.png,/data5/chensx/MyProject/UAE/data/arrangement_merged/chr_11/179083.14~A28.K_11R.png,0,0.32649996800073,,0.0014097690582275,0.6917018373033172,chromosome
0,0.0013168454170227,179083,179083.14~A39.K_11,11,,normal,179083.14~A39.K_11L.png,179083.14~A39.K_11R.png,train,/data5/chensx/MyProject/UAE/data/arrangement_merged/chr_11/179083.14~A39.K_11L.png,/data5/chensx/MyProject/UAE/data/arrangement_merged/chr_11/179083.14~A39.K_11R.png,0,0.1867654580482691,,0.0013168454170227,0.11868391336472056,chromosome
0,0.0011543035507202,179083,179083.14~A44.K_11,11,,normal,179083.14~A44.K_11L.png,179083.14~A44.K_11R.png,train,/data5/chensx/MyProject/UAE/data/arrangement_merged/chr_11/179083.14~A44.K_11L.png,/data5/chensx/MyProject/UAE/data/arrangement_merged/chr_11/179083.14~A44.K_11R.png,0,-0.0576578957941689,,0.0011543035507202,-0.8836380100356768,chromosome
0,0.0013446807861328,179083,179083.14~A7.K_11,11,,normal,179083.14~A7.K_11L.png,179083.14~A7.K_11R.png,train,/data5/chensx/MyProject/UAE/data/arrangement_merged/chr_11/179083.14~A7.K_11L.png,/data5/chensx/MyProject/UAE/data/arrangement_merged/chr_11/179083.14~A7.K_11R.png,0,0.228623069432361,,0.0013446807861328,0.29033200219047406,chromosome
0,0.0010368824005126,179083,179083.1~A24.K_11,11,,normal,179083.1~A24.K_11L.png,179083.1~A24.K_11R.png,train,/data5/chensx/MyProject/UAE/data/arrangement_merged/chr_11/179083.1~A24.K_11L.png,/data5/chensx/MyProject/UAE/data/arrangement_merged/chr_11/179083.1~A24.K_11R.png,0,-0.2342306889990105,,0.0010368824005126,-1.6077209543334474,chromosome
0,0.0013272762298583,179083,179083.2~A1.K_11,11,,normal,179083.2~A1.K_11L.png,179083.2~A1.K_11R.png,train,/data5/chensx/MyProject/UAE/data/arrangement_merged/chr_11/179083.2~A1.K_11L.png,/data5/chensx/MyProject/UAE/data/arrangement_merged/chr_11/179083.2~A1.K_11R.png,0,0.2024508584598667,,0.0013272762298583,0.1830060023245619,chromosome
0,0.0012884140014648,179083,179083.2~A12.K_11,11,,normal,179083.2~A12.K_11L.png,179083.2~A12.K_11R.png,train,/data5/chensx/MyProject/UAE/data/arrangement_merged/chr_11/179083.2~A12.K_11L.png,/data5/chensx/MyProject/UAE/data/arrangement_merged/chr_11/179083.2~A12.K_11R.png,0,0.1440115380692287,,0.0012884140014648,-0.056639723401914394,chromosome
0,0.0010580420494079,179083,179083.2~A14.K_11,11,,normal,179083.2~A14.K_11L.png,179083.2~A14.K_11R.png,train,/data5/chensx/MyProject/UAE/data/arrangement_merged/chr_11/179083.2~A14.K_11L.png,/data5/chensx/MyProject/UAE/data/arrangement_merged/chr_11/179083.2~A14.K_11R.png,0,-0.2024117338783411,,0.0010580420494079,-1.4772390024420898,chromosome
0,0.0011571645736694,179083,179083.2~A18.K_11,11,,normal,179083.2~A18.K_11L.png,179083.2~A18.K_11R.png,train,/data5/chensx/MyProject/UAE/data/arrangement_merged/chr_11/179083.2~A18.K_11L.png,/data5/chensx/MyProject/UAE/data/arrangement_merged/chr_11/179083.2~A18.K_11R.png,0,-0.0533556145384164,,0.0011571645736694,-0.8659953799209357,chromosome
0,0.0013275146484375,179083,179083.2~A20.K_11,11,,normal,179083.2~A20.K_11L.png,179083.2~A20.K_11R.png,train,/data5/chensx/MyProject/UAE/data/arrangement_merged/chr_11/179083.2~A20.K_11L.png,/data5/chensx/MyProject/UAE/data/arrangement_merged/chr_11/179083.2~A20.K_11R.png,0,0.202809381897846,,0.0013275146484375,0.1844762215014071,chromosome
0,0.0012152194976806,179083,179083.2~A26.K_11,11,,normal,179083.2~A26.K_11L.png,179083.2~A26.K_11R.png,train,/data5/chensx/MyProject/UAE/data/arrangement_merged/chr_11/179083.2~A26.K_11L.png,/data5/chensx/MyProject/UAE/data/arrangement_merged/chr_11/179083.2~A26.K_11R.png,0,0.033944842609561,,0.0012152194976806,-0.5079970105071411,chromosome
0,0.0011948347091674,179083,179083.2~A3.K_11,11,,normal,179083.2~A3.K_11L.png,179083.2~A3.K_11R.png,train,/data5/chensx/MyProject/UAE/data/arrangement_merged/chr_11/179083.2~A3.K_11L.png,/data5/chensx/MyProject/UAE/data/arrangement_merged/chr_11/179083.2~A3.K_11R.png,0,0.0032910886623245,,0.0011948347091674,-0.6337007500756018,chromosome
0,0.00107342004776,179083,179083.2~A31.K_11,11,,normal,179083.2~A31.K_11L.png,179083.2~A31.K_11R.png,train,/data5/chensx/MyProject/UAE/data/arrangement_merged/chr_11/179083.2~A31.K_11L.png,/data5/chensx/MyProject/UAE/data/arrangement_merged/chr_11/179083.2~A31.K_11R.png,0,-0.1792869721286715,,0.00107342004776,-1.3824098655744275,chromosome
0,0.0014097690582275,179083,179083.2~A35.K_11,11,,normal,179083.2~A35.K_11L.png,179083.2~A35.K_11R.png,train,/data5/chensx/MyProject/UAE/data/arrangement_merged/chr_11/179083.2~A35.K_11L.png,/data5/chensx/MyProject/UAE/data/arrangement_merged/chr_11/179083.2~A35.K_11R.png,0,0.32649996800073,,0.0014097690582275,0.6917018373033172,chromosome
0,0.0012612342834472,179083,179083.2~A38.K_11,11,,normal,179083.2~A38.K_11L.png,179083.2~A38.K_11R.png,train,/data5/chensx/MyProject/UAE/data/arrangement_merged/chr_11/179083.2~A38.K_11L.png,/data5/chensx/MyProject/UAE/data/arrangement_merged/chr_11/179083.2~A38.K_11R.png,0,0.1031398661395801,,0.0012612342834472,-0.22424470949319492,chromosome
0,0.0011683106422424,179083,179083.3~A1.K_11,11,,normal,179083.3~A1.K_11L.png,179083.3~A1.K_11R.png,train,/data5/chensx/MyProject/UAE/data/arrangement_merged/chr_11/179083.3~A1.K_11L.png,/data5/chensx/MyProject/UAE/data/arrangement_merged/chr_11/179083.3~A1.K_11R.png,0,-0.0365946438128807,,0.0011683106422424,-0.7972626334317916,chromosome
0,0.0012410879135131,179083,179083.3~A24.K_11,11,,normal,179083.3~A24.K_11L.png,179083.3~A24.K_11R.png,train,/data5/chensx/MyProject/UAE/data/arrangement_merged/chr_11/179083.3~A24.K_11L.png,/data5/chensx/MyProject/UAE/data/arrangement_merged/chr_11/179083.3~A24.K_11R.png,0,0.0728446356303231,,0.0012410879135131,-0.3484782298854269,chromosome
0,0.0013325214385986,179083,179083.3~A27.K_11,11,,normal,179083.3~A27.K_11L.png,179083.3~A27.K_11R.png,train,/data5/chensx/MyProject/UAE/data/arrangement_merged/chr_11/179083.3~A27.K_11L.png,/data5/chensx/MyProject/UAE/data/arrangement_merged/chr_11/179083.3~A27.K_11R.png,0,0.2103383740954129,,0.0013325214385986,0.21535082420220567,chromosome
0,0.001315414905548,179083,179083.4~A34.K_11,11,,normal,179083.4~A34.K_11L.png,179083.4~A34.K_11R.png,train,/data5/chensx/MyProject/UAE/data/arrangement_merged/chr_11/179083.4~A34.K_11L.png,/data5/chensx/MyProject/UAE/data/arrangement_merged/chr_11/179083.4~A34.K_11R.png,0,0.1846143174203928,,0.001315414905548,0.10986259830673291,chromosome
0,0.0012629032135009,180371,180371.11~A18.K_11,11,,normal,180371.11~A18.K_11L.png,180371.11~A18.K_11R.png,train,/data5/chensx/MyProject/UAE/data/arrangement_merged/chr_11/180371.11~A18.K_11L.png,/data5/chensx/MyProject/UAE/data/arrangement_merged/chr_11/180371.11~A18.K_11R.png,0,0.0245569853731856,,0.0012629032135009,-0.21395317525959495,chromosome
0,0.0013405084609985,180371,180371.11~A42.K_11,11,,normal,180371.11~A42.K_11L.png,180371.11~A42.K_11R.png,train,/data5/chensx/MyProject/UAE/data/arrangement_merged/chr_11/180371.11~A42.K_11L.png,/data5/chensx/MyProject/UAE/data/arrangement_merged/chr_11/180371.11~A42.K_11R.png,0,0.1358805742702314,,0.0013405084609985,0.26460316660616795,chromosome
0,0.0016309022903442,180371,180371.11~A50.K_11,11,,normal,180371.11~A50.K_11L.png,180371.11~A50.K_11R.png,train,/data5/chensx/MyProject/UAE/data/arrangement_merged/chr_11/180371.11~A50.K_11L.png,/data5/chensx/MyProject/UAE/data/arrangement_merged/chr_11/180371.11~A50.K_11R.png,0,0.5524462617559511,,0.0016309022903442,2.055330123264176,chromosome
0,0.001483678817749,180371,180371.13~A44.K_11,11,,normal,180371.13~A44.K_11L.png,180371.13~A44.K_11R.png,train,/data5/chensx/MyProject/UAE/data/arrangement_merged/chr_11/180371.13~A44.K_11L.png,/data5/chensx/MyProject/UAE/data/arrangement_merged/chr_11/180371.13~A44.K_11R.png,0,0.3412563504074849,,0.001483678817749,1.1474697819372301,chromosome
0,0.001208484172821,180371,180371.14~A1.K_11,11,,normal,180371.14~A1.K_11L.png,180371.14~A1.K_11R.png,train,/data5/chensx/MyProject/UAE/data/arrangement_merged/chr_11/180371.14~A1.K_11L.png,/data5/chensx/MyProject/UAE/data/arrangement_merged/chr_11/180371.14~A1.K_11R.png,0,-0.0535063300361866,,0.001208484172821,-0.5495307022357502,chromosome
0,0.0014761686325073,180371,180371.1~A15.K_11,11,,normal,180371.1~A15.K_11L.png,180371.1~A15.K_11R.png,train,/data5/chensx/MyProject/UAE/data/arrangement_merged/chr_11/180371.1~A15.K_11L.png,/data5/chensx/MyProject/UAE/data/arrangement_merged/chr_11/180371.1~A15.K_11R.png,0,0.3304830998690611,,0.0014761686325073,1.101157877885724,chromosome
0,0.0013427734375,180371,180371.1~A25.K_11,11,,normal,180371.1~A25.K_11L.png,180371.1~A25.K_11R.png,train,/data5/chensx/MyProject/UAE/data/arrangement_merged/chr_11/180371.1~A25.K_11L.png,/data5/chensx/MyProject/UAE/data/arrangement_merged/chr_11/180371.1~A25.K_11R.png,0,0.1391296498294386,,0.0013427734375,0.2785702487806467,chromosome
0,0.0014158487319946,180371,180371.1~A33.K_11,11,,normal,180371.1~A33.K_11L.png,180371.1~A33.K_11R.png,train,/data5/chensx/MyProject/UAE/data/arrangement_merged/chr_11/180371.1~A33.K_11L.png,/data5/chensx/MyProject/UAE/data/arrangement_merged/chr_11/180371.1~A33.K_11R.png,0,0.24395508760807,,0.0014158487319946,0.7291924262974521,chromosome
0,0.0011793375015258,180371,180371.1~A35.K_11,11,,normal,180371.1~A35.K_11L.png,180371.1~A35.K_11R.png,train,/data5/chensx/MyProject/UAE/data/arrangement_merged/chr_11/180371.1~A35.K_11L.png,/data5/chensx/MyProject/UAE/data/arrangement_merged/chr_11/180371.1~A35.K_11R.png,0,-0.0953168023638789,,0.0011793375015258,-0.7292649965310701,chromosome
0,0.0011236667633056,180371,180371.2~A15.K_11,11,,normal,180371.2~A15.K_11L.png,180371.2~A15.K_11R.png,train,/data5/chensx/MyProject/UAE/data/arrangement_merged/chr_11/180371.2~A15.K_11L.png,/data5/chensx/MyProject/UAE/data/arrangement_merged/chr_11/180371.2~A15.K_11R.png,0,-0.1751756595296552,,0.0011236667633056,-1.0725611741825785,chromosome
0,0.0013840198516845,180371,180371.2~A16.K_11,11,,normal,180371.2~A16.K_11L.png,180371.2~A16.K_11R.png,train,/data5/chensx/MyProject/UAE/data/arrangement_merged/chr_11/180371.2~A16.K_11L.png,/data5/chensx/MyProject/UAE/data/arrangement_merged/chr_11/180371.2~A16.K_11R.png,0,0.1982970258023692,,0.0013840198516845,0.5329181662694079,chromosome
0,0.0018317103385925,180371,180371.2~A21.K_11,11,,normal,180371.2~A21.K_11L.png,180371.2~A21.K_11R.png,train,/data5/chensx/MyProject/UAE/data/arrangement_merged/chr_11/180371.2~A21.K_11L.png,/data5/chensx/MyProject/UAE/data/arrangement_merged/chr_11/180371.2~A21.K_11R.png,0,0.8405024606761872,,0.0018317103385925,3.293622224450787,chromosome
0,0.0013642907142639,180371,180371.2~A41.K_11,11,,normal,180371.2~A41.K_11L.png,180371.2~A41.K_11R.png,train,/data5/chensx/MyProject/UAE/data/arrangement_merged/chr_11/180371.2~A41.K_11L.png,/data5/chensx/MyProject/UAE/data/arrangement_merged/chr_11/180371.2~A41.K_11R.png,0,0.1699958676419068,,0.0013642907142639,0.4112575294360379,chromosome
0,0.0010241270065307,180371,180371.2~A49.K_11,11,,normal,180371.2~A49.K_11L.png,180371.2~A49.K_11R.png,train,/data5/chensx/MyProject/UAE/data/arrangement_merged/chr_11/180371.2~A49.K_11L.png,/data5/chensx/MyProject/UAE/data/arrangement_merged/chr_11/180371.2~A49.K_11R.png,0,-0.3179639801579705,,0.0010241270065307,-1.6863776802619794,chromosome
0,0.0015397071838378,180371,180371.3~A2.K_11,11,,normal,180371.3~A2.K_11L.png,180371.3~A2.K_11R.png,train,/data5/chensx/MyProject/UAE/data/arrangement_merged/chr_11/180371.3~A2.K_11L.png,/data5/chensx/MyProject/UAE/data/arrangement_merged/chr_11/180371.3~A2.K_11R.png,0,0.4216282195036623,,0.0015397071838378,1.4929712883527735,chromosome
0,0.0010656118392944,180371,180371.3~A25.K_11,11,,normal,180371.3~A25.K_11L.png,180371.3~A25.K_11R.png,train,/data5/chensx/MyProject/UAE/data/arrangement_merged/chr_11/180371.3~A25.K_11L.png,/data5/chensx/MyProject/UAE/data/arrangement_merged/chr_11/180371.3~A25.K_11R.png,0,-0.2584545962314391,,0.0010656118392944,-1.430559543596373,chromosome
0,0.0017423033714294,180371,180371.3~A45.K_11,11,,normal,180371.3~A45.K_11L.png,180371.3~A45.K_11R.png,train,/data5/chensx/MyProject/UAE/data/arrangement_merged/chr_11/180371.3~A45.K_11L.png,/data5/chensx/MyProject/UAE/data/arrangement_merged/chr_11/180371.3~A45.K_11R.png,0,0.712249478075904,,0.0017423033714294,2.7422900333614058,chromosome
0,0.0013353824615478,180371,180371.3~A9.K_11,11,,normal,180371.3~A9.K_11L.png,180371.3~A9.K_11R.png,train,/data5/chensx/MyProject/UAE/data/arrangement_merged/chr_11/180371.3~A9.K_11L.png,/data5/chensx/MyProject/UAE/data/arrangement_merged/chr_11/180371.3~A9.K_11R.png,0,0.1285274032678152,,0.0013353824615478,0.23299345431694676,chromosome
0,0.0011730194091796,180371,180371.4~A19.K_11,11,,normal,180371.4~A19.K_11L.png,180371.4~A19.K_11R.png,train,/data5/chensx/MyProject/UAE/data/arrangement_merged/chr_11/180371.4~A19.K_11L.png,/data5/chensx/MyProject/UAE/data/arrangement_merged/chr_11/180371.4~A19.K_11R.png,0,-0.1043800131342989,,0.0011730194091796,-0.7682258047014338,chromosome
0,0.0014395713806152,180371,180371.4~A20.K_11,11,,normal,180371.4~A20.K_11L.png,180371.4~A20.K_11R.png,train,/data5/chensx/MyProject/UAE/data/arrangement_merged/chr_11/180371.4~A20.K_11L.png,/data5/chensx/MyProject/UAE/data/arrangement_merged/chr_11/180371.4~A20.K_11R.png,0,0.2779848789913452,,0.0014395713806152,0.87547923433311,chromosome
0,0.0013438463211059,180371,180371.4~A23.K_11,11,,normal,180371.4~A23.K_11L.png,180371.4~A23.K_11R.png,train,/data5/chensx/MyProject/UAE/data/arrangement_merged/chr_11/180371.4~A23.K_11L.png,/data5/chensx/MyProject/UAE/data/arrangement_merged/chr_11/180371.4~A23.K_11R.png,0,0.140668685620642,,0.0013438463211059,0.28518623507336655,chromosome
0,0.001366913318634,180371,180371.4~A27.K_11,11,,normal,180371.4~A27.K_11L.png,180371.4~A27.K_11R.png,train,/data5/chensx/MyProject/UAE/data/arrangement_merged/chr_11/180371.4~A27.K_11L.png,/data5/chensx/MyProject/UAE/data/arrangement_merged/chr_11/180371.4~A27.K_11R.png,0,0.1737579551315151,,0.001366913318634,0.42742994037455156,chromosome
0,0.0012677907943725,180371,180371.4~A35.K_11,11,,normal,180371.4~A35.K_11L.png,180371.4~A35.K_11R.png,train,/data5/chensx/MyProject/UAE/data/arrangement_merged/chr_11/180371.4~A35.K_11L.png,/data5/chensx/MyProject/UAE/data/arrangement_merged/chr_11/180371.4~A35.K_11R.png,0,0.0315681484220011,,0.0012677907943725,-0.18381368214660254,chromosome
0,0.0012688040733337,180371,180371.4~A39.K_11,11,,normal,180371.4~A39.K_11L.png,180371.4~A39.K_11R.png,train,/data5/chensx/MyProject/UAE/data/arrangement_merged/chr_11/180371.4~A39.K_11L.png,/data5/chensx/MyProject/UAE/data/arrangement_merged/chr_11/180371.4~A39.K_11R.png,0,0.0330216822248043,,0.0012688040733337,-0.17756525064747822,chromosome
0,0.0011415481567382,180371,180371.4~A44.K_11,11,,normal,180371.4~A44.K_11L.png,180371.4~A44.K_11R.png,train,/data5/chensx/MyProject/UAE/data/arrangement_merged/chr_11/180371.4~A44.K_11L.png,/data5/chensx/MyProject/UAE/data/arrangement_merged/chr_11/180371.4~A44.K_11R.png,0,-0.1495250630095986,,0.0011415481567382,-0.9622947359648265,chromosome
0,0.0011242628097534,182418,182418.13~A1.K_11,11,,normal,182418.13~A1.K_11L.png,182418.13~A1.K_11R.png,train,/data5/chensx/MyProject/UAE/data/arrangement_merged/chr_11/182418.13~A1.K_11L.png,/data5/chensx/MyProject/UAE/data/arrangement_merged/chr_11/182418.13~A1.K_11R.png,0,-0.2730506849505173,,0.0011242628097534,-1.0688856262416997,chromosome
0,0.0010912418365478,182418,182418.13~A27.K_11,11,,normal,182418.13~A27.K_11L.png,182418.13~A27.K_11R.png,train,/data5/chensx/MyProject/UAE/data/arrangement_merged/chr_11/182418.13~A27.K_11L.png,/data5/chensx/MyProject/UAE/data/arrangement_merged/chr_11/182418.13~A27.K_11R.png,0,-0.3178441508608804,,0.0010912418365478,-1.2725109821508862,chromosome
0,0.0011969804763793,182418,182418.13~A6.K_11,11,,normal,182418.13~A6.K_11L.png,182418.13~A6.K_11R.png,train,/data5/chensx/MyProject/UAE/data/arrangement_merged/chr_11/182418.13~A6.K_11L.png,/data5/chensx/MyProject/UAE/data/arrangement_merged/chr_11/182418.13~A6.K_11R.png,0,-0.1744080343897899,,0.0011969804763793,-0.6204687774895457,chromosome
0,0.0015147924423217,182418,182418.14~A44.K_11,11,,normal,182418.14~A44.K_11L.png,182418.14~A44.K_11R.png,train,/data5/chensx/MyProject/UAE/data/arrangement_merged/chr_11/182418.14~A44.K_11L.png,/data5/chensx/MyProject/UAE/data/arrangement_merged/chr_11/182418.14~A44.K_11R.png,0,0.256708861339553,,0.0015147924423217,1.3393333844359716,chromosome
0,0.0012353658676147,182418,182418.1~A24.K_11,11,,normal,182418.1~A24.K_11L.png,182418.1~A24.K_11R.png,train,/data5/chensx/MyProject/UAE/data/arrangement_merged/chr_11/182418.1~A24.K_11L.png,/data5/chensx/MyProject/UAE/data/arrangement_merged/chr_11/182418.1~A24.K_11R.png,0,-0.122337651634783,,0.0012353658676147,-0.3837634901149104,chromosome
0,0.001116394996643,182418,182418.2~A16.K_11,11,,normal,182418.2~A16.K_11L.png,182418.2~A16.K_11R.png,train,/data5/chensx/MyProject/UAE/data/arrangement_merged/chr_11/182418.2~A16.K_11L.png,/data5/chensx/MyProject/UAE/data/arrangement_merged/chr_11/182418.2~A16.K_11R.png,0,-0.2837234963226616,,0.001116394996643,-1.1174028590578557,chromosome
0,0.0012990236282348,182418,182418.2~A2.K_11,11,,normal,182418.2~A2.K_11L.png,182418.2~A2.K_11R.png,train,/data5/chensx/MyProject/UAE/data/arrangement_merged/chr_11/182418.2~A2.K_11L.png,/data5/chensx/MyProject/UAE/data/arrangement_merged/chr_11/182418.2~A2.K_11R.png,0,-0.0359849050783429,,0.0012990236282348,0.008785029940561524,chromosome
0,0.0014107823371887,182418,182418.2~A3.K_11,11,,normal,182418.2~A3.K_11L.png,182418.2~A3.K_11R.png,train,/data5/chensx/MyProject/UAE/data/arrangement_merged/chr_11/182418.2~A3.K_11L.png,/data5/chensx/MyProject/UAE/data/arrangement_merged/chr_11/182418.2~A3.K_11R.png,0,0.11561752918507,,0.0014107823371887,0.6979502688024428,chromosome
0,0.001357078552246,182418,182418.2~A33.K_11,11,,normal,182418.2~A33.K_11L.png,182418.2~A33.K_11R.png,train,/data5/chensx/MyProject/UAE/data/arrangement_merged/chr_11/182418.2~A33.K_11L.png,/data5/chensx/MyProject/UAE/data/arrangement_merged/chr_11/182418.2~A33.K_11R.png,0,0.0427675061070246,,0.001357078552246,0.3667833993543561,chromosome
0,0.0020030736923217,182418,182418.2~A38.K_11,11,,normal,182418.2~A38.K_11L.png,182418.2~A38.K_11R.png,train,/data5/chensx/MyProject/UAE/data/arrangement_merged/chr_11/182418.2~A38.K_11L.png,/data5/chensx/MyProject/UAE/data/arrangement_merged/chr_11/182418.2~A38.K_11R.png,0,0.9190700034653552,,0.0020030736923217,4.350342257371639,chromosome
0,0.0016130208969116,182418,182418.3~A15.K_11,11,,normal,182418.3~A15.K_11L.png,182418.3~A15.K_11R.png,train,/data5/chensx/MyProject/UAE/data/arrangement_merged/chr_11/182418.3~A15.K_11L.png,/data5/chensx/MyProject/UAE/data/arrangement_merged/chr_11/182418.3~A15.K_11R.png,0,0.3899572942281421,,0.0016130208969116,1.945063685046424,chromosome
0,0.0008852481842041,182418,182418.3~A25.K_11,11,,normal,182418.3~A25.K_11L.png,182418.3~A25.K_11R.png,train,/data5/chensx/MyProject/UAE/data/arrangement_merged/chr_11/182418.3~A25.K_11L.png,/data5/chensx/MyProject/UAE/data/arrangement_merged/chr_11/182418.3~A25.K_11R.png,0,-0.5972777576952032,,0.0008852481842041,-2.5427803504203115,chromosome
0,0.0013498663902282,182418,182418.3~A49.K_11,11,,normal,182418.3~A49.K_11L.png,182418.3~A49.K_11R.png,train,/data5/chensx/MyProject/UAE/data/arrangement_merged/chr_11/182418.3~A49.K_11L.png,/data5/chensx/MyProject/UAE/data/arrangement_merged/chr_11/182418.3~A49.K_11R.png,0,0.032984095682559,,0.0013498663902282,0.3223092692732894,chromosome
0,0.0011999607086181,182418,182418.4~A15.K_11,11,,normal,182418.4~A15.K_11L.png,182418.4~A15.K_11R.png,train,/data5/chensx/MyProject/UAE/data/arrangement_merged/chr_11/182418.4~A15.K_11L.png,/data5/chensx/MyProject/UAE/data/arrangement_merged/chr_11/182418.4~A15.K_11R.png,0,-0.1703653028094322,,0.0011999607086181,-0.6020910377863806,chromosome
0,0.0016072392463684,182418,182418.4~A6.K_11,11,,normal,182418.4~A6.K_11L.png,182418.4~A6.K_11R.png,train,/data5/chensx/MyProject/UAE/data/arrangement_merged/chr_11/182418.4~A6.K_11L.png,/data5/chensx/MyProject/UAE/data/arrangement_merged/chr_11/182418.4~A6.K_11R.png,0,0.3821143949622482,,0.0016072392463684,1.9094108700227286,chromosome
0,0.0012857913970947,182418,182418.5~A16.K_11,11,,normal,182418.5~A16.K_11L.png,182418.5~A16.K_11R.png,train,/data5/chensx/MyProject/UAE/data/arrangement_merged/chr_11/182418.5~A16.K_11L.png,/data5/chensx/MyProject/UAE/data/arrangement_merged/chr_11/182418.5~A16.K_11R.png,0,-0.053934633295131,,0.0012857913970947,-0.07281213434042672,chromosome
0,0.0013837814331054,182418,182418.5~A17.K_11,11,,normal,182418.5~A17.K_11L.png,182418.5~A17.K_11R.png,train,/data5/chensx/MyProject/UAE/data/arrangement_merged/chr_11/182418.5~A17.K_11L.png,/data5/chensx/MyProject/UAE/data/arrangement_merged/chr_11/182418.5~A17.K_11R.png,0,0.0789903810670294,,0.0013837814331054,0.5314479470931791,chromosome
0,0.0009880065917968,182418,182418.5~A3.K_11,11,,normal,182418.5~A3.K_11L.png,182418.5~A3.K_11R.png,train,/data5/chensx/MyProject/UAE/data/arrangement_merged/chr_11/182418.5~A3.K_11L.png,/data5/chensx/MyProject/UAE/data/arrangement_merged/chr_11/182418.5~A3.K_11R.png,0,-0.4578843728044704,,0.0009880065917968,-1.909115885462136,chromosome
0,0.0014293789863586,182418,182418.5~A30.K_11,11,,normal,182418.5~A30.K_11L.png,182418.5~A30.K_11R.png,train,/data5/chensx/MyProject/UAE/data/arrangement_merged/chr_11/182418.5~A30.K_11L.png,/data5/chensx/MyProject/UAE/data/arrangement_merged/chr_11/182418.5~A30.K_11R.png,0,0.1408441742465019,,0.0014293789863586,0.8126273645488811,chromosome
0,0.0014349222183227,182418,182418.5~A5.K_11,11,,normal,182418.5~A5.K_11L.png,182418.5~A5.K_11R.png,train,/data5/chensx/MyProject/UAE/data/arrangement_merged/chr_11/182418.5~A5.K_11L.png,/data5/chensx/MyProject/UAE/data/arrangement_merged/chr_11/182418.5~A5.K_11R.png,0,0.1483636549859672,,0.0014349222183227,0.8468099603963464,chromosome
0,0.0016025304794311,182747,182747.11~A42.K_11,11,,normal,182747.11~A42.K_11L.png,182747.11~A42.K_11R.png,train,/data5/chensx/MyProject/UAE/data/arrangement_merged/chr_11/182747.11~A42.K_11L.png,/data5/chensx/MyProject/UAE/data/arrangement_merged/chr_11/182747.11~A42.K_11R.png,0,0.3926903809817293,,0.0016025304794311,1.8803740412917542,chromosome
0,0.0013452768325805,182747,182747.12~A10.K_11,11,,normal,182747.12~A10.K_11L.png,182747.12~A10.K_11R.png,train,/data5/chensx/MyProject/UAE/data/arrangement_merged/chr_11/182747.12~A10.K_11L.png,/data5/chensx/MyProject/UAE/data/arrangement_merged/chr_11/182747.12~A10.K_11R.png,0,0.0493585079926608,,0.0013452768325805,0.29400755013073776,chromosome
0,0.0012946128845214,182747,182747.12~A14.K_11,11,,normal,182747.12~A14.K_11L.png,182747.12~A14.K_11R.png,train,/data5/chensx/MyProject/UAE/data/arrangement_merged/chr_11/182747.12~A14.K_11L.png,/data5/chensx/MyProject/UAE/data/arrangement_merged/chr_11/182747.12~A14.K_11R.png,0,-0.0182578247322483,,0.0012946128845214,-0.018414024819973368,chromosome
0,0.0014705061912536,182747,182747.12~A18.K_11,11,,normal,182747.12~A18.K_11L.png,182747.12~A18.K_11R.png,train,/data5/chensx/MyProject/UAE/data/arrangement_merged/chr_11/182747.12~A18.K_11L.png,/data5/chensx/MyProject/UAE/data/arrangement_merged/chr_11/182747.12~A18.K_11R.png,0,0.2164901727632894,,0.0014705061912536,1.066240172449836,chromosome
0,0.001309335231781,182747,182747.12~A26.K_11,11,,normal,182747.12~A26.K_11L.png,182747.12~A26.K_11R.png,train,/data5/chensx/MyProject/UAE/data/arrangement_merged/chr_11/182747.12~A26.K_11L.png,/data5/chensx/MyProject/UAE/data/arrangement_merged/chr_11/182747.12~A26.K_11R.png,0,0.0013906860713428,,0.001309335231781,0.07237200931321448,chromosome
0,0.0014983415603637,182747,182747.12~A28.K_11,11,,normal,182747.12~A28.K_11L.png,182747.12~A28.K_11R.png,train,/data5/chensx/MyProject/UAE/data/arrangement_merged/chr_11/182747.12~A28.K_11L.png,/data5/chensx/MyProject/UAE/data/arrangement_merged/chr_11/182747.12~A28.K_11R.png,0,0.2536393814486218,,0.0014983415603637,1.2378882612755895,chromosome
0,0.0012253522872924,182747,182747.12~A4.K_11,11,,normal,182747.12~A4.K_11L.png,182747.12~A4.K_11R.png,train,/data5/chensx/MyProject/UAE/data/arrangement_merged/chr_11/182747.12~A4.K_11L.png,/data5/chensx/MyProject/UAE/data/arrangement_merged/chr_11/182747.12~A4.K_11R.png,0,-0.110693328998536,,0.0012253522872924,-0.44551269551712264,chromosome
0,0.0014011263847351,182747,182747.13~A33.K_11,11,,normal,182747.13~A33.K_11L.png,182747.13~A33.K_11R.png,train,/data5/chensx/MyProject/UAE/data/arrangement_merged/chr_11/182747.13~A33.K_11L.png,/data5/chensx/MyProject/UAE/data/arrangement_merged/chr_11/182747.13~A33.K_11R.png,0,0.1238955712435313,,0.0014011263847351,0.6384063921648806,chromosome
0,0.0010606050491333,182747,182747.13~A45.K_11,11,,normal,182747.13~A45.K_11L.png,182747.13~A45.K_11R.png,train,/data5/chensx/MyProject/UAE/data/arrangement_merged/chr_11/182747.13~A45.K_11L.png,/data5/chensx/MyProject/UAE/data/arrangement_merged/chr_11/182747.13~A45.K_11R.png,0,-0.3305657332945938,,0.0010606050491333,-1.4614341462971716,chromosome
0,0.0014159679412841,182747,182747.13~A5.K_11,11,,normal,182747.13~A5.K_11L.png,182747.13~A5.K_11R.png,train,/data5/chensx/MyProject/UAE/data/arrangement_merged/chr_11/182747.13~A5.K_11L.png,/data5/chensx/MyProject/UAE/data/arrangement_merged/chr_11/182747.13~A5.K_11R.png,0,0.143703179300593,,0.0014159679412841,0.7299275358852583,chromosome
0,0.0012643337249755,182747,182747.1~A15.K_11,11,,normal,182747.1~A15.K_11L.png,182747.1~A15.K_11R.png,train,/data5/chensx/MyProject/UAE/data/arrangement_merged/chr_11/182747.1~A15.K_11L.png,/data5/chensx/MyProject/UAE/data/arrangement_merged/chr_11/182747.1~A15.K_11R.png,0,-0.0586685271137235,,0.0012643337249755,-0.20513186020222374,chromosome
0,0.0014486908912658,182747,182747.1~A42.K_11,11,,normal,182747.1~A42.K_11L.png,182747.1~A42.K_11R.png,train,/data5/chensx/MyProject/UAE/data/arrangement_merged/chr_11/182747.1~A42.K_11L.png,/data5/chensx/MyProject/UAE/data/arrangement_merged/chr_11/182747.1~A42.K_11R.png,0,0.1873753753782108,,0.0014486908912658,0.9317151178240042,chromosome
0,0.0016003847122192,182747,182747.2~A13.K_11,11,,normal,182747.2~A13.K_11L.png,182747.2~A13.K_11R.png,train,/data5/chensx/MyProject/UAE/data/arrangement_merged/chr_11/182747.2~A13.K_11L.png,/data5/chensx/MyProject/UAE/data/arrangement_merged/chr_11/182747.2~A13.K_11R.png,0,0.3898266304192626,,0.0016003847122192,1.8671420687056968,chromosome
0,0.0012537837028503,182747,182747.3~A20.K_11,11,,normal,182747.3~A20.K_11L.png,182747.3~A20.K_11R.png,train,/data5/chensx/MyProject/UAE/data/arrangement_merged/chr_11/182747.3~A20.K_11L.png,/data5/chensx/MyProject/UAE/data/arrangement_merged/chr_11/182747.3~A20.K_11R.png,0,-0.0727486340458517,,0.0012537837028503,-0.27018905875048904,chromosome
0,0.00122731924057,182747,182747.3~A24.K_11,11,,normal,182747.3~A24.K_11L.png,182747.3~A24.K_11R.png,train,/data5/chensx/MyProject/UAE/data/arrangement_merged/chr_11/182747.3~A24.K_11L.png,/data5/chensx/MyProject/UAE/data/arrangement_merged/chr_11/182747.3~A24.K_11R.png,0,-0.1080682243162748,,0.00122731924057,-0.4333833873130833,chromosome
0,0.0012495517730712,182747,182747.3~A35.K_11,11,,normal,182747.3~A35.K_11L.png,182747.3~A35.K_11R.png,train,/data5/chensx/MyProject/UAE/data/arrangement_merged/chr_11/182747.3~A35.K_11L.png,/data5/chensx/MyProject/UAE/data/arrangement_merged/chr_11/182747.3~A35.K_11R.png,0,-0.07839658654405,,0.0012495517730712,-0.2962854491290071,chromosome
0,0.0011004209518432,182747,182747.4~A1.K_11,11,,normal,182747.4~A1.K_11L.png,182747.4~A1.K_11R.png,train,/data5/chensx/MyProject/UAE/data/arrangement_merged/chr_11/182747.4~A1.K_11L.png,/data5/chensx/MyProject/UAE/data/arrangement_merged/chr_11/182747.4~A1.K_11R.png,0,-0.2774272506354887,,0.0011004209518432,-1.2159075438657816,chromosome
0,0.0012750625610351,182747,182747.4~A32.K_11,11,,normal,182747.4~A32.K_11L.png,182747.4~A32.K_11R.png,train,/data5/chensx/MyProject/UAE/data/arrangement_merged/chr_11/182747.4~A32.K_11L.png,/data5/chensx/MyProject/UAE/data/arrangement_merged/chr_11/182747.4~A32.K_11R.png,0,-0.0443497743013898,,0.0012750625610351,-0.13897199727132523,chromosome
0,0.0013938546180725,182747,182747.4~A33.K_11,11,,normal,182747.4~A33.K_11L.png,182747.4~A33.K_11R.png,train,/data5/chensx/MyProject/UAE/data/arrangement_merged/chr_11/182747.4~A33.K_11L.png,/data5/chensx/MyProject/UAE/data/arrangement_merged/chr_11/182747.4~A33.K_11R.png,0,0.1141906387818385,,0.0013938546180725,0.5935647072896033,chromosome
0,0.0012938380241394,182747,182747.4~A35.K_11,11,,normal,182747.4~A35.K_11L.png,182747.4~A35.K_11R.png,train,/data5/chensx/MyProject/UAE/data/arrangement_merged/chr_11/182747.4~A35.K_11L.png,/data5/chensx/MyProject/UAE/data/arrangement_merged/chr_11/182747.4~A35.K_11R.png,0,-0.0192919568798058,,0.0012938380241394,-0.02319223714225384,chromosome
0,0.001717984676361,182747,182747.4~A41.K_11,11,,normal,182747.4~A41.K_11L.png,182747.4~A41.K_11R.png,train,/data5/chensx/MyProject/UAE/data/arrangement_merged/chr_11/182747.4~A41.K_11L.png,/data5/chensx/MyProject/UAE/data/arrangement_merged/chr_11/182747.4~A41.K_11R.png,0,0.5467760709677871,,0.001717984676361,2.592327677384868,chromosome
0,0.0013495683670043,182747,182747.4~A43.K_11,11,,normal,182747.4~A43.K_11L.png,182747.4~A43.K_11R.png,train,/data5/chensx/MyProject/UAE/data/arrangement_merged/chr_11/182747.4~A43.K_11L.png,/data5/chensx/MyProject/UAE/data/arrangement_merged/chr_11/182747.4~A43.K_11R.png,0,0.0550860091175943,,0.0013495683670043,0.32047149530285,chromosome
0,0.0012369155883789,182747,182747.4~A9.K_11,11,,normal,182747.4~A9.K_11L.png,182747.4~A9.K_11R.png,train,/data5/chensx/MyProject/UAE/data/arrangement_merged/chr_11/182747.4~A9.K_11L.png,/data5/chensx/MyProject/UAE/data/arrangement_merged/chr_11/182747.4~A9.K_11R.png,0,-0.0952608954119097,,0.0012369155883789,-0.3742070654691166,chromosome
0,0.0013781785964965,183038,183038.11~A13.K_11,11,,normal,183038.11~A13.K_11L.png,183038.11~A13.K_11R.png,train,/data5/chensx/MyProject/UAE/data/arrangement_merged/chr_11/183038.11~A13.K_11L.png,/data5/chensx/MyProject/UAE/data/arrangement_merged/chr_11/183038.11~A13.K_11R.png,0,0.0644881634319172,,0.0013781785964965,0.4968977964515018,chromosome
0,0.0014237165451049,183038,183038.11~A39.K_11,11,,normal,183038.11~A39.K_11L.png,183038.11~A39.K_11R.png,train,/data5/chensx/MyProject/UAE/data/arrangement_merged/chr_11/183038.11~A39.K_11L.png,/data5/chensx/MyProject/UAE/data/arrangement_merged/chr_11/183038.11~A39.K_11R.png,0,0.1232288833839925,,0.0014237165451049,0.7777096591129917,chromosome
0,0.0011555552482604,183038,183038.12~A11.K_11,11,,normal,183038.12~A11.K_11L.png,183038.12~A11.K_11R.png,train,/data5/chensx/MyProject/UAE/data/arrangement_merged/chr_11/183038.12~A11.K_11L.png,/data5/chensx/MyProject/UAE/data/arrangement_merged/chr_11/183038.12~A11.K_11R.png,0,-0.2226801468049954,,0.0011555552482604,-0.8759193593609401,chromosome
0,0.0010924339294433,183038,183038.12~A45.K_11,11,,normal,183038.12~A45.K_11L.png,183038.12~A45.K_11R.png,train,/data5/chensx/MyProject/UAE/data/arrangement_merged/chr_11/183038.12~A45.K_11L.png,/data5/chensx/MyProject/UAE/data/arrangement_merged/chr_11/183038.12~A45.K_11R.png,0,-0.3041021656914454,,0.0010924339294433,-1.265159886269744,chromosome
0,0.0014594793319702,183038,183038.13~A11.K_11,11,,normal,183038.13~A11.K_11L.png,183038.13~A11.K_11R.png,train,/data5/chensx/MyProject/UAE/data/arrangement_merged/chr_11/183038.13~A11.K_11L.png,/data5/chensx/MyProject/UAE/data/arrangement_merged/chr_11/183038.13~A11.K_11R.png,0,0.1693603388437375,,0.0014594793319702,0.9982425355491146,chromosome
0,0.0012539029121398,183038,183038.13~A29.K_11,11,,normal,183038.13~A29.K_11L.png,183038.13~A29.K_11R.png,train,/data5/chensx/MyProject/UAE/data/arrangement_merged/chr_11/183038.13~A29.K_11L.png,/data5/chensx/MyProject/UAE/data/arrangement_merged/chr_11/183038.13~A29.K_11R.png,0,-0.0958186442906967,,0.0012539029121398,-0.2694539491626829,chromosome
0,0.0010814666748046,183038,183038.13~A39.K_11,11,,normal,183038.13~A39.K_11L.png,183038.13~A39.K_11R.png,train,/data5/chensx/MyProject/UAE/data/arrangement_merged/chr_11/183038.13~A39.K_11L.png,/data5/chensx/MyProject/UAE/data/arrangement_merged/chr_11/183038.13~A39.K_11R.png,0,-0.3182491453657672,,0.0010814666748046,-1.3327899683768711,chromosome
0,0.0012849569320678,183038,183038.13~A47.K_11,11,,normal,183038.13~A47.K_11L.png,183038.13~A47.K_11R.png,train,/data5/chensx/MyProject/UAE/data/arrangement_merged/chr_11/183038.13~A47.K_11L.png,/data5/chensx/MyProject/UAE/data/arrangement_merged/chr_11/183038.13~A47.K_11R.png,0,-0.0557611637998181,,0.0012849569320678,-0.07795790145753559,chromosome
0,0.0010856389999389,183038,183038.14~A2.K_11,11,,normal,183038.14~A2.K_11L.png,183038.14~A2.K_11R.png,train,/data5/chensx/MyProject/UAE/data/arrangement_merged/chr_11/183038.14~A2.K_11L.png,/data5/chensx/MyProject/UAE/data/arrangement_merged/chr_11/183038.14~A2.K_11R.png,0,-0.3128671422287969,,0.0010856389999389,-1.3070611327925636,chromosome
0,0.0013332366943359,183038,183038.14~A3.K_11,11,,normal,183038.14~A3.K_11L.png,183038.14~A3.K_11R.png,train,/data5/chensx/MyProject/UAE/data/arrangement_merged/chr_11/183038.14~A3.K_11L.png,/data5/chensx/MyProject/UAE/data/arrangement_merged/chr_11/183038.14~A3.K_11R.png,0,0.0065163010708376,,0.0013332366943359,0.2197614817308906,chromosome
0,0.0015643239021301,183038,183038.14~A30.K_11,11,,normal,183038.14~A30.K_11L.png,183038.14~A30.K_11R.png,train,/data5/chensx/MyProject/UAE/data/arrangement_merged/chr_11/183038.14~A30.K_11L.png,/data5/chensx/MyProject/UAE/data/arrangement_merged/chr_11/183038.14~A30.K_11R.png,0,0.30460238909989,,0.0015643239021301,1.6447714182997522,chromosome
0,0.001564621925354,183038,183038.14~A34.K_11,11,,normal,183038.14~A34.K_11L.png,183038.14~A34.K_11R.png,train,/data5/chensx/MyProject/UAE/data/arrangement_merged/chr_11/183038.14~A34.K_11L.png,/data5/chensx/MyProject/UAE/data/arrangement_merged/chr_11/183038.14~A34.K_11R.png,0,0.3049868178953879,,0.001564621925354,1.6466091922701915,chromosome
0,0.0011016130447387,183038,183038.14~A48.K_11,11,,normal,183038.14~A48.K_11L.png,183038.14~A48.K_11R.png,train,/data5/chensx/MyProject/UAE/data/arrangement_merged/chr_11/183038.14~A48.K_11L.png,/data5/chensx/MyProject/UAE/data/arrangement_merged/chr_11/183038.14~A48.K_11R.png,0,-0.2922617587901108,,0.0011016130447387,-1.2085564479846391,chromosome
0,0.0012966990470886,183038,183038.14~A9.K_11,11,,normal,183038.14~A9.K_11L.png,183038.14~A9.K_11R.png,train,/data5/chensx/MyProject/UAE/data/arrangement_merged/chr_11/183038.14~A9.K_11L.png,/data5/chensx/MyProject/UAE/data/arrangement_merged/chr_11/183038.14~A9.K_11R.png,0,-0.0406146692572018,,0.0012966990470886,-0.005549607027511418,chromosome
0,0.0013977289199829,183038,183038.1~A28.K_11,11,,normal,183038.1~A28.K_11L.png,183038.1~A28.K_11R.png,train,/data5/chensx/MyProject/UAE/data/arrangement_merged/chr_11/183038.1~A28.K_11L.png,/data5/chensx/MyProject/UAE/data/arrangement_merged/chr_11/183038.1~A28.K_11R.png,0,0.0897066924165778,,0.0013977289199829,0.6174557689034701,chromosome
0,0.0012480020523071,183038,183038.2~A12.K_11,11,,normal,183038.2~A12.K_11L.png,183038.2~A12.K_11R.png,train,/data5/chensx/MyProject/UAE/data/arrangement_merged/chr_11/183038.2~A12.K_11L.png,/data5/chensx/MyProject/UAE/data/arrangement_merged/chr_11/183038.2~A12.K_11R.png,0,-0.1034303344415546,,0.0012480020523071,-0.30584187377418315,chromosome
0,0.0012288093566894,183038,183038.2~A13.K_11,11,,normal,183038.2~A13.K_11L.png,183038.2~A13.K_11R.png,train,/data5/chensx/MyProject/UAE/data/arrangement_merged/chr_11/183038.2~A13.K_11L.png,/data5/chensx/MyProject/UAE/data/arrangement_merged/chr_11/183038.2~A13.K_11R.png,0,-0.1281875488716177,,0.0012288093566894,-0.42419451746150144,chromosome
0,0.0011368989944458,183038,183038.2~A15.K_11,11,,normal,183038.2~A15.K_11L.png,183038.2~A15.K_11R.png,train,/data5/chensx/MyProject/UAE/data/arrangement_merged/chr_11/183038.2~A15.K_11L.png,/data5/chensx/MyProject/UAE/data/arrangement_merged/chr_11/183038.2~A15.K_11R.png,0,-0.2467453894031624,,0.0011368989944458,-0.9909640099009738,chromosome
0,0.0012446641921997,183038,183038.2~A21.K_11,11,,normal,183038.2~A21.K_11L.png,183038.2~A21.K_11R.png,train,/data5/chensx/MyProject/UAE/data/arrangement_merged/chr_11/183038.2~A21.K_11L.png,/data5/chensx/MyProject/UAE/data/arrangement_merged/chr_11/183038.2~A21.K_11R.png,0,-0.1077359369511308,,0.0012446641921997,-0.3264249422413818,chromosome
0,0.0012635588645935,183038,183038.2~A43.K_11,11,,normal,183038.2~A43.K_11L.png,183038.2~A43.K_11R.png,train,/data5/chensx/MyProject/UAE/data/arrangement_merged/chr_11/183038.2~A43.K_11L.png,/data5/chensx/MyProject/UAE/data/arrangement_merged/chr_11/183038.2~A43.K_11R.png,0,-0.0833631513165655,,0.0012635588645935,-0.20991007252450422,chromosome
0,0.0013666152954101,183038,183038.2~A46.K_11,11,,normal,183038.2~A46.K_11L.png,183038.2~A46.K_11R.png,train,/data5/chensx/MyProject/UAE/data/arrangement_merged/chr_11/183038.2~A46.K_11L.png,/data5/chensx/MyProject/UAE/data/arrangement_merged/chr_11/183038.2~A46.K_11R.png,0,0.0495723261665996,,0.0013666152954101,0.4255921664041122,chromosome
0,0.0013774633407592,183038,183038.2~A47.K_11,11,,normal,183038.2~A47.K_11L.png,183038.2~A47.K_11R.png,train,/data5/chensx/MyProject/UAE/data/arrangement_merged/chr_11/183038.2~A47.K_11L.png,/data5/chensx/MyProject/UAE/data/arrangement_merged/chr_11/183038.2~A47.K_11R.png,0,0.0635655343227223,,0.0013774633407592,0.4924871389228155,chromosome
0,0.0013336539268493,183038,183038.3~A12.K_11,11,,normal,183038.3~A12.K_11L.png,183038.3~A12.K_11R.png,train,/data5/chensx/MyProject/UAE/data/arrangement_merged/chr_11/183038.3~A12.K_11L.png,/data5/chensx/MyProject/UAE/data/arrangement_merged/chr_11/183038.3~A12.K_11R.png,0,0.0070545013845346,,0.0013336539268493,0.22233436528913617,chromosome
0,0.0012663602828979,183038,183038.3~A19.K_11,11,,normal,183038.3~A19.K_11L.png,183038.3~A19.K_11R.png,train,/data5/chensx/MyProject/UAE/data/arrangement_merged/chr_11/183038.3~A19.K_11L.png,/data5/chensx/MyProject/UAE/data/arrangement_merged/chr_11/183038.3~A19.K_11R.png,0,-0.0797495206388855,,0.0012663602828979,-0.19263499720397376,chromosome
0,0.0013822317123413,183038,183038.3~A30.K_11,11,,normal,183038.3~A30.K_11L.png,183038.3~A30.K_11R.png,train,/data5/chensx/MyProject/UAE/data/arrangement_merged/chr_11/183038.3~A30.K_11L.png,/data5/chensx/MyProject/UAE/data/arrangement_merged/chr_11/183038.3~A30.K_11R.png,0,0.0697163950506883,,0.0013822317123413,0.5218915224480017,chromosome
0,0.0016027092933654,183038,183038.3~A36.K_11,11,,normal,183038.3~A36.K_11L.png,183038.3~A36.K_11R.png,train,/data5/chensx/MyProject/UAE/data/arrangement_merged/chr_11/183038.3~A36.K_11L.png,/data5/chensx/MyProject/UAE/data/arrangement_merged/chr_11/183038.3~A36.K_11R.png,0,0.3541168179600163,,0.0016027092933654,1.8814767056737711,chromosome
0,0.0013624429702758,183038,183038.4~A15.K_11,11,,normal,183038.4~A15.K_11L.png,183038.4~A15.K_11R.png,train,/data5/chensx/MyProject/UAE/data/arrangement_merged/chr_11/183038.4~A15.K_11L.png,/data5/chensx/MyProject/UAE/data/arrangement_merged/chr_11/183038.4~A15.K_11R.png,0,0.0441903230296294,,0.0013624429702758,0.3998633308198047,chromosome
0,0.0015087127685546,183038,183038.4~A24.K_11,11,,normal,183038.4~A24.K_11L.png,183038.4~A24.K_11R.png,train,/data5/chensx/MyProject/UAE/data/arrangement_merged/chr_11/183038.4~A24.K_11L.png,/data5/chensx/MyProject/UAE/data/arrangement_merged/chr_11/183038.4~A24.K_11R.png,0,0.2328679758599865,,0.0015087127685546,1.3018427954418368,chromosome
0,0.001413881778717,183038,183038.4~A36.K_11,11,,normal,183038.4~A36.K_11L.png,183038.4~A36.K_11R.png,train,/data5/chensx/MyProject/UAE/data/arrangement_merged/chr_11/183038.4~A36.K_11L.png,/data5/chensx/MyProject/UAE/data/arrangement_merged/chr_11/183038.4~A36.K_11R.png,0,0.1105427331325626,,0.001413881778717,0.7170631180934127,chromosome
0,0.001223087310791,183038,183038.4~A39.K_11,11,,normal,183038.4~A39.K_11L.png,183038.4~A39.K_11R.png,train,/data5/chensx/MyProject/UAE/data/arrangement_merged/chr_11/183038.4~A39.K_11L.png,/data5/chensx/MyProject/UAE/data/arrangement_merged/chr_11/183038.4~A39.K_11R.png,0,-0.1355685817451769,,0.001223087310791,-0.45947977769098497,chromosome
0,0.0014066100120544,183079,183079.11~A27.K_11,11,,normal,183079.11~A27.K_11L.png,183079.11~A27.K_11R.png,train,/data5/chensx/MyProject/UAE/data/arrangement_merged/chr_11/183079.11~A27.K_11L.png,/data5/chensx/MyProject/UAE/data/arrangement_merged/chr_11/183079.11~A27.K_11R.png,0,0.1615115932016829,,0.0014066100120544,0.6722214332181354,chromosome
0,0.0012587308883666,183079,183079.12~A27.K_11,11,,normal,183079.12~A27.K_11L.png,183079.12~A27.K_11R.png,train,/data5/chensx/MyProject/UAE/data/arrangement_merged/chr_11/183079.12~A27.K_11L.png,/data5/chensx/MyProject/UAE/data/arrangement_merged/chr_11/183079.12~A27.K_11R.png,0,-0.0384581797483821,,0.0012587308883666,-0.23968201084390242,chromosome
0,0.0012630224227905,183079,183079.12~A37.K_11,11,,normal,183079.12~A37.K_11L.png,183079.12~A37.K_11R.png,train,/data5/chensx/MyProject/UAE/data/arrangement_merged/chr_11/183079.12~A37.K_11L.png,/data5/chensx/MyProject/UAE/data/arrangement_merged/chr_11/183079.12~A37.K_11R.png,0,-0.0326549457087188,,0.0012630224227905,-0.21321806567117235,chromosome
0,0.0014162063598632,183079,183079.12~A44.K_11,11,,normal,183079.12~A44.K_11L.png,183079.12~A44.K_11R.png,train,/data5/chensx/MyProject/UAE/data/arrangement_merged/chr_11/183079.12~A44.K_11L.png,/data5/chensx/MyProject/UAE/data/arrangement_merged/chr_11/183079.12~A44.K_11R.png,0,0.1744882693181523,,0.0014162063598632,0.7313977550614856,chromosome
0,0.0010636448860168,183079,183079.13~A12.K_11,11,,normal,183079.13~A12.K_11L.png,183079.13~A12.K_11R.png,train,/data5/chensx/MyProject/UAE/data/arrangement_merged/chr_11/183079.13~A12.K_11L.png,/data5/chensx/MyProject/UAE/data/arrangement_merged/chr_11/183079.13~A12.K_11R.png,0,-0.3022635271347437,,0.0010636448860168,-1.4426888518004124,chromosome
0,0.0012286901473999,183079,183079.13~A19.K_11,11,,normal,183079.13~A19.K_11L.png,183079.13~A19.K_11R.png,train,/data5/chensx/MyProject/UAE/data/arrangement_merged/chr_11/183079.13~A19.K_11L.png,/data5/chensx/MyProject/UAE/data/arrangement_merged/chr_11/183079.13~A19.K_11R.png,0,-0.0790808180260253,,0.0012286901473999,-0.4249296270493076,chromosome
0,0.0013777017593383,183079,183079.13~A27.K_11,11,,normal,183079.13~A27.K_11L.png,183079.13~A27.K_11R.png,train,/data5/chensx/MyProject/UAE/data/arrangement_merged/chr_11/183079.13~A27.K_11L.png,/data5/chensx/MyProject/UAE/data/arrangement_merged/chr_11/183079.13~A27.K_11R.png,0,0.1224203639067287,,0.0013777017593383,0.4939573580990443,chromosome
0,0.001237154006958,183079,183079.13~A6.K_11,11,,normal,183079.13~A6.K_11L.png,183079.13~A6.K_11R.png,train,/data5/chensx/MyProject/UAE/data/arrangement_merged/chr_11/183079.13~A6.K_11L.png,/data5/chensx/MyProject/UAE/data/arrangement_merged/chr_11/183079.13~A6.K_11R.png,0,-0.0676355508922448,,0.001237154006958,-0.37273684629288784,chromosome
0,0.001177430152893,183079,183079.13~A9.K_11,11,,normal,183079.13~A9.K_11L.png,183079.13~A9.K_11R.png,train,/data5/chensx/MyProject/UAE/data/arrangement_merged/chr_11/183079.13~A9.K_11L.png,/data5/chensx/MyProject/UAE/data/arrangement_merged/chr_11/183079.13~A9.K_11R.png,0,-0.1483972246108927,,0.001177430152893,-0.7410267499408975,chromosome
0,0.0013309121131896,183079,183079.14~A11.K_11,11,,normal,183079.14~A11.K_11L.png,183079.14~A11.K_11R.png,train,/data5/chensx/MyProject/UAE/data/arrangement_merged/chr_11/183079.14~A11.K_11L.png,/data5/chensx/MyProject/UAE/data/arrangement_merged/chr_11/183079.14~A11.K_11R.png,0,0.0591489927798439,,0.0013309121131896,0.2054268447621999,chromosome
0,0.0012269020080566,183079,183079.14~A13.K_11,11,,normal,183079.14~A13.K_11L.png,183079.14~A13.K_11R.png,train,/data5/chensx/MyProject/UAE/data/arrangement_merged/chr_11/183079.14~A13.K_11L.png,/data5/chensx/MyProject/UAE/data/arrangement_merged/chr_11/183079.14~A13.K_11R.png,0,-0.0814988322092183,,0.0012269020080566,-0.4359562708713288,chromosome
0,0.0012597441673278,183079,183079.14~A23.K_11,11,,normal,183079.14~A23.K_11L.png,183079.14~A23.K_11R.png,train,/data5/chensx/MyProject/UAE/data/arrangement_merged/chr_11/183079.14~A23.K_11L.png,/data5/chensx/MyProject/UAE/data/arrangement_merged/chr_11/183079.14~A23.K_11R.png,0,-0.0370879717112393,,0.0012597441673278,-0.23343357934477676,chromosome
0,0.0015814900398254,183079,183079.14~A24.K_11,11,,normal,183079.14~A24.K_11L.png,183079.14~A24.K_11R.png,train,/data5/chensx/MyProject/UAE/data/arrangement_merged/chr_11/183079.14~A24.K_11L.png,/data5/chensx/MyProject/UAE/data/arrangement_merged/chr_11/183079.14~A24.K_11R.png,0,0.3979933803179631,,0.0015814900398254,1.7506271989888191,chromosome
0,0.0010150074958801,183079,183079.14~A26.K_11,11,,normal,183079.14~A26.K_11L.png,183079.14~A26.K_11R.png,train,/data5/chensx/MyProject/UAE/data/arrangement_merged/chr_11/183079.14~A26.K_11L.png,/data5/chensx/MyProject/UAE/data/arrangement_merged/chr_11/183079.14~A26.K_11R.png,0,-0.3680335129175945,,0.0010150074958801,-1.7426135637528721,chromosome
0,0.0017836093902587,183079,183079.14~A28.K_11,11,,normal,183079.14~A28.K_11L.png,183079.14~A28.K_11R.png,train,/data5/chensx/MyProject/UAE/data/arrangement_merged/chr_11/183079.14~A28.K_11L.png,/data5/chensx/MyProject/UAE/data/arrangement_merged/chr_11/183079.14~A28.K_11R.png,0,0.6713095834915507,,0.0017836093902587,2.9970055056443776,chromosome
0,0.0013365149497985,183079,183079.14~A3.K_11,11,,normal,183079.14~A3.K_11L.png,183079.14~A3.K_11R.png,train,/data5/chensx/MyProject/UAE/data/arrangement_merged/chr_11/183079.14~A3.K_11L.png,/data5/chensx/MyProject/UAE/data/arrangement_merged/chr_11/183079.14~A3.K_11R.png,0,0.0667254372205154,,0.0013365149497985,0.2399769954038786,chromosome
0,0.0012392997741699,183079,183079.14~A34.K_11,11,,normal,183079.14~A34.K_11L.png,183079.14~A34.K_11R.png,train,/data5/chensx/MyProject/UAE/data/arrangement_merged/chr_11/183079.14~A34.K_11L.png,/data5/chensx/MyProject/UAE/data/arrangement_merged/chr_11/183079.14~A34.K_11R.png,0,-0.0647339338724132,,0.0012392997741699,-0.3595048737068317,chromosome
0,0.0012182593345642,183079,183079.14~A38.K_11,11,,normal,183079.14~A38.K_11L.png,183079.14~A38.K_11R.png,train,/data5/chensx/MyProject/UAE/data/arrangement_merged/chr_11/183079.14~A38.K_11L.png,/data5/chensx/MyProject/UAE/data/arrangement_merged/chr_11/183079.14~A38.K_11R.png,0,-0.0931859007613181,,0.0012182593345642,-0.4892517160097654,chromosome
0,0.0013911128044128,183079,183079.14~A6.K_11,11,,normal,183079.14~A6.K_11L.png,183079.14~A6.K_11R.png,train,/data5/chensx/MyProject/UAE/data/arrangement_merged/chr_11/183079.14~A6.K_11L.png,/data5/chensx/MyProject/UAE/data/arrangement_merged/chr_11/183079.14~A6.K_11R.png,0,0.1405554702806765,,0.0013911128044128,0.5766571867626671,chromosome
0,0.0011399984359741,183079,183079.2~A40.K_11,11,,normal,183079.2~A40.K_11L.png,183079.2~A40.K_11R.png,train,/data5/chensx/MyProject/UAE/data/arrangement_merged/chr_11/183079.2~A40.K_11L.png,/data5/chensx/MyProject/UAE/data/arrangement_merged/chr_11/183079.2~A40.K_11R.png,0,-0.1990143215124005,,0.0011399984359741,-0.9718511606100025,chromosome
0,0.0014415979385375,183079,183079.2~A8.K_11,11,,normal,183079.2~A8.K_11L.png,183079.2~A8.K_11R.png,train,/data5/chensx/MyProject/UAE/data/arrangement_merged/chr_11/183079.2~A8.K_11L.png,/data5/chensx/MyProject/UAE/data/arrangement_merged/chr_11/183079.2~A8.K_11R.png,0,0.2088240707194936,,0.0014415979385375,0.887976097330745,chromosome
0,0.0011514425277709,183079,183079.3~A16.K_11,11,,normal,183079.3~A16.K_11L.png,183079.3~A16.K_11R.png,train,/data5/chensx/MyProject/UAE/data/arrangement_merged/chr_11/183079.3~A16.K_11L.png,/data5/chensx/MyProject/UAE/data/arrangement_merged/chr_11/183079.3~A16.K_11R.png,0,-0.183539030739965,,0.0011514425277709,-0.9012806401510356,chromosome
0,0.0012773275375366,183079,183079.3~A22.K_11,11,,normal,183079.3~A22.K_11L.png,183079.3~A22.K_11R.png,train,/data5/chensx/MyProject/UAE/data/arrangement_merged/chr_11/183079.3~A22.K_11L.png,/data5/chensx/MyProject/UAE/data/arrangement_merged/chr_11/183079.3~A22.K_11R.png,0,-0.0133108322431744,,0.0012773275375366,-0.1250049150968465,chromosome
0,0.0012121200561523,183079,183079.3~A5.K_11,11,,normal,183079.3~A5.K_11L.png,183079.3~A5.K_11R.png,train,/data5/chensx/MyProject/UAE/data/arrangement_merged/chr_11/183079.3~A5.K_11L.png,/data5/chensx/MyProject/UAE/data/arrangement_merged/chr_11/183079.3~A5.K_11R.png,0,-0.1014877494569475,,0.0012121200561523,-0.5271098597981122,chromosome
0,0.0014662146568298,183079,183079.3~A7.K_11,11,,normal,183079.3~A7.K_11L.png,183079.3~A7.K_11R.png,train,/data5/chensx/MyProject/UAE/data/arrangement_merged/chr_11/183079.3~A7.K_11L.png,/data5/chensx/MyProject/UAE/data/arrangement_merged/chr_11/183079.3~A7.K_11R.png,0,0.2421120659747845,,0.0014662146568298,1.0397762272777225,chromosome
0,0.0011202692985534,183079,183079.4~A13.K_11,11,,normal,183079.4~A13.K_11L.png,183079.4~A13.K_11R.png,train,/data5/chensx/MyProject/UAE/data/arrangement_merged/chr_11/183079.4~A13.K_11L.png,/data5/chensx/MyProject/UAE/data/arrangement_merged/chr_11/183079.4~A13.K_11R.png,0,-0.2256930780002971,,0.0011202692985534,-1.093511797443989,chromosome
0,0.0014254450798034,183079,183079.4~A17.K_11,11,,normal,183079.4~A17.K_11L.png,183079.4~A17.K_11R.png,train,/data5/chensx/MyProject/UAE/data/arrangement_merged/chr_11/183079.4~A17.K_11L.png,/data5/chensx/MyProject/UAE/data/arrangement_merged/chr_11/183079.4~A17.K_11R.png,0,0.186981342597983,,0.0014254450798034,0.7883687481408023,chromosome
0,0.0010616779327392,183079,183079.4~A18.K_11,11,,normal,183079.4~A18.K_11L.png,183079.4~A18.K_11R.png,train,/data5/chensx/MyProject/UAE/data/arrangement_merged/chr_11/183079.4~A18.K_11L.png,/data5/chensx/MyProject/UAE/data/arrangement_merged/chr_11/183079.4~A18.K_11R.png,0,-0.304923342736256,,0.0010616779327392,-1.4548181600044519,chromosome
0,0.0012548565864562,183079,183079.4~A23.K_11,11,,normal,183079.4~A23.K_11L.png,183079.4~A23.K_11R.png,train,/data5/chensx/MyProject/UAE/data/arrangement_merged/chr_11/183079.4~A23.K_11L.png,/data5/chensx/MyProject/UAE/data/arrangement_merged/chr_11/183079.4~A23.K_11R.png,0,-0.0436972104786337,,0.0012548565864562,-0.2635730724577692,chromosome
0,0.0010727643966674,183079,183079.4~A29.K_11,11,,normal,183079.4~A29.K_11L.png,183079.4~A29.K_11R.png,train,/data5/chensx/MyProject/UAE/data/arrangement_merged/chr_11/183079.4~A29.K_11L.png,/data5/chensx/MyProject/UAE/data/arrangement_merged/chr_11/183079.4~A29.K_11R.png,0,-0.2899316548004591,,0.0010727643966674,-1.3864529683095184,chromosome
0,0.0012682676315307,183079,183079.4~A4.K_11,11,,normal,183079.4~A4.K_11L.png,183079.4~A4.K_11R.png,train,/data5/chensx/MyProject/UAE/data/arrangement_merged/chr_11/183079.4~A4.K_11L.png,/data5/chensx/MyProject/UAE/data/arrangement_merged/chr_11/183079.4~A4.K_11R.png,0,-0.0255621041046858,,0.0012682676315307,-0.18087324379414638,chromosome
0,0.001309335231781,183079,183079.4~A50.K_11,11,,normal,183079.4~A50.K_11L.png,183079.4~A50.K_11R.png,train,/data5/chensx/MyProject/UAE/data/arrangement_merged/chr_11/183079.4~A50.K_11L.png,/data5/chensx/MyProject/UAE/data/arrangement_merged/chr_11/183079.4~A50.K_11R.png,0,0.0299716216359811,,0.001309335231781,0.07237200931321448,chromosome
0,0.0012190341949462,183214,183214.11~A34.K_11,11,,normal,183214.11~A34.K_11L.png,183214.11~A34.K_11R.png,train,/data5/chensx/MyProject/UAE/data/arrangement_merged/chr_11/183214.11~A34.K_11L.png,/data5/chensx/MyProject/UAE/data/arrangement_merged/chr_11/183214.11~A34.K_11R.png,0,-0.1403625800436732,,0.0012190341949462,-0.48447350368748626,chromosome
0,0.0012211799621582,183214,183214.11~A9.K_11,11,,normal,183214.11~A9.K_11L.png,183214.11~A9.K_11R.png,train,/data5/chensx/MyProject/UAE/data/arrangement_merged/chr_11/183214.11~A9.K_11L.png,/data5/chensx/MyProject/UAE/data/arrangement_merged/chr_11/183214.11~A9.K_11R.png,0,-0.1375483388240844,,0.0012211799621582,-0.47124153110081235,chromosome
0,0.0012084245681762,183214,183214.12~A1.K_11,11,,normal,183214.12~A1.K_11L.png,183214.12~A1.K_11R.png,train,/data5/chensx/MyProject/UAE/data/arrangement_merged/chr_11/183214.12~A1.K_11L.png,/data5/chensx/MyProject/UAE/data/arrangement_merged/chr_11/183214.12~A1.K_11R.png,0,-0.1542774394071955,,0.0012084245681762,-0.5498982570299622,chromosome
0,0.0013731718063354,183214,183214.12~A24.K_11,11,,normal,183214.12~A24.K_11L.png,183214.12~A24.K_11R.png,train,/data5/chensx/MyProject/UAE/data/arrangement_merged/chr_11/183214.12~A24.K_11L.png,/data5/chensx/MyProject/UAE/data/arrangement_merged/chr_11/183214.12~A24.K_11R.png,0,0.0617937475634542,,0.0013731718063354,0.4660231937507032,chromosome
0,0.0016301274299621,183214,183214.12~A8.K_11,11,,normal,183214.12~A8.K_11L.png,183214.12~A8.K_11R.png,train,/data5/chensx/MyProject/UAE/data/arrangement_merged/chr_11/183214.12~A8.K_11L.png,/data5/chensx/MyProject/UAE/data/arrangement_merged/chr_11/183214.12~A8.K_11R.png,0,0.3987991336092109,,0.0016301274299621,2.05055191094128,chromosome
0,0.0011295080184936,183214,183214.13~A21.K_11,11,,normal,183214.13~A21.K_11L.png,183214.13~A21.K_11R.png,train,/data5/chensx/MyProject/UAE/data/arrangement_merged/chr_11/183214.13~A21.K_11L.png,/data5/chensx/MyProject/UAE/data/arrangement_merged/chr_11/183214.13~A21.K_11R.png,0,-0.257778977594294,,0.0011295080184936,-1.0365408043646724,chromosome
0,0.0015320777893066,183214,183214.13~A34.K_11,11,,normal,183214.13~A34.K_11L.png,183214.13~A34.K_11R.png,train,/data5/chensx/MyProject/UAE/data/arrangement_merged/chr_11/183214.13~A34.K_11L.png,/data5/chensx/MyProject/UAE/data/arrangement_merged/chr_11/183214.13~A34.K_11R.png,0,0.2702039445474457,,0.0015320777893066,1.4459242747134624,chromosome
0,0.001267671585083,183214,183214.13~A49.K_11,11,,normal,183214.13~A49.K_11L.png,183214.13~A49.K_11R.png,train,/data5/chensx/MyProject/UAE/data/arrangement_merged/chr_11/183214.13~A49.K_11L.png,/data5/chensx/MyProject/UAE/data/arrangement_merged/chr_11/183214.13~A49.K_11R.png,0,-0.0765731123996608,,0.001267671585083,-0.18454879173440872,chromosome
0,0.0013281106948852,183214,183214.13~A6.K_11,11,,normal,183214.13~A6.K_11L.png,183214.13~A6.K_11R.png,train,/data5/chensx/MyProject/UAE/data/arrangement_merged/chr_11/183214.13~A6.K_11L.png,/data5/chensx/MyProject/UAE/data/arrangement_merged/chr_11/183214.13~A6.K_11R.png,0,0.0026946819520898,,0.0013281106948852,0.18815176944166945,chromosome
0,0.0012373328208923,183214,183214.14~A11.K_11,11,,normal,183214.14~A11.K_11L.png,183214.14~A11.K_11R.png,train,/data5/chensx/MyProject/UAE/data/arrangement_merged/chr_11/183214.14~A11.K_11L.png,/data5/chensx/MyProject/UAE/data/arrangement_merged/chr_11/183214.14~A11.K_11R.png,0,-0.1163633563099577,,0.0012373328208923,-0.37163418191087105,chromosome
0,0.001257300376892,183214,183214.14~A17.K_11,11,,normal,183214.14~A17.K_11L.png,183214.14~A17.K_11R.png,train,/data5/chensx/MyProject/UAE/data/arrangement_merged/chr_11/183214.14~A17.K_11L.png,/data5/chensx/MyProject/UAE/data/arrangement_merged/chr_11/183214.14~A17.K_11R.png,0,-0.0901752782943399,,0.001257300376892,-0.2485033259012723,chromosome
0,0.0011904239654541,183214,183214.14~A19.K_11,11,,normal,183214.14~A19.K_11L.png,183214.14~A19.K_11R.png,train,/data5/chensx/MyProject/UAE/data/arrangement_merged/chr_11/183214.14~A19.K_11L.png,/data5/chensx/MyProject/UAE/data/arrangement_merged/chr_11/183214.14~A19.K_11R.png,0,-0.1778857963048569,,0.0011904239654541,-0.6608998048355202,chromosome
0,0.0012351274490356,183214,183214.14~A21.K_11,11,,normal,183214.14~A21.K_11L.png,183214.14~A21.K_11R.png,train,/data5/chensx/MyProject/UAE/data/arrangement_merged/chr_11/183214.14~A21.K_11L.png,/data5/chensx/MyProject/UAE/data/arrangement_merged/chr_11/183214.14~A21.K_11R.png,0,-0.1192557708967573,,0.0012351274490356,-0.3852337092911378,chromosome
0,0.001255989074707,183214,183214.14~A6.K_11,11,,normal,183214.14~A6.K_11L.png,183214.14~A6.K_11R.png,train,/data5/chensx/MyProject/UAE/data/arrangement_merged/chr_11/183214.14~A6.K_11L.png,/data5/chensx/MyProject/UAE/data/arrangement_merged/chr_11/183214.14~A6.K_11R.png,0,-0.0918950923729775,,0.001255989074707,-0.2565895313702209,chromosome
0,0.0014090538024902,183214,183214.2~A19.K_11,11,,normal,183214.2~A19.K_11L.png,183214.2~A19.K_11R.png,train,/data5/chensx/MyProject/UAE/data/arrangement_merged/chr_11/183214.2~A19.K_11L.png,/data5/chensx/MyProject/UAE/data/arrangement_merged/chr_11/183214.2~A19.K_11R.png,0,0.1088541146243556,,0.0014090538024902,0.687291179774631,chromosome
0,0.0013145804405212,183214,183214.2~A25.K_11,11,,normal,183214.2~A25.K_11L.png,183214.2~A25.K_11R.png,train,/data5/chensx/MyProject/UAE/data/arrangement_merged/chr_11/183214.2~A25.K_11L.png,/data5/chensx/MyProject/UAE/data/arrangement_merged/chr_11/183214.2~A25.K_11R.png,0,-0.0150506724047616,,0.0013145804405212,0.10471683119024047,chromosome
0,0.001510202884674,183214,183214.2~A30.K_11,11,,normal,183214.2~A30.K_11L.png,183214.2~A30.K_11R.png,train,/data5/chensx/MyProject/UAE/data/arrangement_merged/chr_11/183214.2~A30.K_11L.png,/data5/chensx/MyProject/UAE/data/arrangement_merged/chr_11/183214.2~A30.K_11R.png,0,0.2415143187810823,,0.001510202884674,1.31103166529342,chromosome
0,0.0012639760971069,183214,183214.2~A36.K_11,11,,normal,183214.2~A36.K_11L.png,183214.2~A36.K_11R.png,train,/data5/chensx/MyProject/UAE/data/arrangement_merged/chr_11/183214.2~A36.K_11L.png,/data5/chensx/MyProject/UAE/data/arrangement_merged/chr_11/183214.2~A36.K_11R.png,0,-0.0814198611667303,,0.0012639760971069,-0.20733718896625866,chromosome
0,0.0011554956436157,183214,183214.2~A39.K_11,11,,normal,183214.2~A39.K_11L.png,183214.2~A39.K_11R.png,train,/data5/chensx/MyProject/UAE/data/arrangement_merged/chr_11/183214.2~A39.K_11L.png,/data5/chensx/MyProject/UAE/data/arrangement_merged/chr_11/183214.2~A39.K_11R.png,0,-0.2236953894903854,,0.0011554956436157,-0.8762869141545343,chromosome
0,0.0014162063598632,183214,183214.2~A45.K_11,11,,normal,183214.2~A45.K_11L.png,183214.2~A45.K_11R.png,train,/data5/chensx/MyProject/UAE/data/arrangement_merged/chr_11/183214.2~A45.K_11L.png,/data5/chensx/MyProject/UAE/data/arrangement_merged/chr_11/183214.2~A45.K_11R.png,0,0.1182349186896515,,0.0014162063598632,0.7313977550614856,chromosome
0,0.0011878013610839,183214,183214.2~A6.K_11,11,,normal,183214.2~A6.K_11L.png,183214.2~A6.K_11R.png,train,/data5/chensx/MyProject/UAE/data/arrangement_merged/chr_11/183214.2~A6.K_11L.png,/data5/chensx/MyProject/UAE/data/arrangement_merged/chr_11/183214.2~A6.K_11R.png,0,-0.1813254244621321,,0.0011878013610839,-0.6770722157746504,chromosome
0,0.0015268325805664,183214,183214.3~A12.K_11,11,,normal,183214.3~A12.K_11L.png,183214.3~A12.K_11R.png,train,/data5/chensx/MyProject/UAE/data/arrangement_merged/chr_11/183214.3~A12.K_11L.png,/data5/chensx/MyProject/UAE/data/arrangement_merged/chr_11/183214.3~A12.K_11R.png,0,0.2633246882328954,,0.0015268325805664,1.4135794528364352,chromosome
0,0.0013594627380371,183214,183214.3~A19.K_11,11,,normal,183214.3~A19.K_11L.png,183214.3~A19.K_11R.png,train,/data5/chensx/MyProject/UAE/data/arrangement_merged/chr_11/183214.3~A19.K_11L.png,/data5/chensx/MyProject/UAE/data/arrangement_merged/chr_11/183214.3~A19.K_11R.png,0,0.0438138731049704,,0.0013594627380371,0.38148559111725744,chromosome
0,0.0011731386184692,183214,183214.3~A28.K_11,11,,normal,183214.3~A28.K_11L.png,183214.3~A28.K_11R.png,train,/data5/chensx/MyProject/UAE/data/arrangement_merged/chr_11/183214.3~A28.K_11L.png,/data5/chensx/MyProject/UAE/data/arrangement_merged/chr_11/183214.3~A28.K_11R.png,0,-0.2005560727959888,,0.0011731386184692,-0.7674906951130112,chromosome
0,0.0013220310211181,183214,183214.3~A4.K_11,11,,normal,183214.3~A4.K_11L.png,183214.3~A4.K_11R.png,train,/data5/chensx/MyProject/UAE/data/arrangement_merged/chr_11/183214.3~A4.K_11L.png,/data5/chensx/MyProject/UAE/data/arrangement_merged/chr_11/183214.3~A4.K_11R.png,0,-0.0052790015034116,,0.0013220310211181,0.15066118044753593,chromosome
0,0.001081109046936,183214,183214.3~A42.K_11,11,,normal,183214.3~A42.K_11L.png,183214.3~A42.K_11R.png,train,/data5/chensx/MyProject/UAE/data/arrangement_merged/chr_11/183214.3~A42.K_11L.png,/data5/chensx/MyProject/UAE/data/arrangement_merged/chr_11/183214.3~A42.K_11R.png,0,-0.3212557517694632,,0.001081109046936,-1.3349952971409047,chromosome
0,0.0014185309410095,183214,183214.3~A43.K_11,11,,normal,183214.3~A43.K_11L.png,183214.3~A43.K_11R.png,train,/data5/chensx/MyProject/UAE/data/arrangement_merged/chr_11/183214.3~A43.K_11L.png,/data5/chensx/MyProject/UAE/data/arrangement_merged/chr_11/183214.3~A43.K_11R.png,0,0.1212836800108727,,0.0014185309410095,0.7457323920301764,chromosome
0,0.0012850761413574,183214,183214.3~A47.K_11,11,,normal,183214.3~A47.K_11L.png,183214.3~A47.K_11R.png,train,/data5/chensx/MyProject/UAE/data/arrangement_merged/chr_11/183214.3~A47.K_11L.png,/data5/chensx/MyProject/UAE/data/arrangement_merged/chr_11/183214.3~A47.K_11R.png,0,-0.0537464891741073,,0.0012850761413574,-0.077222791869113,chromosome
0,0.0012142658233642,183214,183214.4~A22.K_11,11,,normal,183214.4~A22.K_11L.png,183214.4~A22.K_11R.png,train,/data5/chensx/MyProject/UAE/data/arrangement_merged/chr_11/183214.4~A22.K_11L.png,/data5/chensx/MyProject/UAE/data/arrangement_merged/chr_11/183214.4~A22.K_11R.png,0,-0.1466164494205371,,0.0012142658233642,-0.5138778872120561,chromosome
0,0.0014557838439941,183214,183214.4~A24.K_11,11,,normal,183214.4~A24.K_11L.png,183214.4~A24.K_11R.png,train,/data5/chensx/MyProject/UAE/data/arrangement_merged/chr_11/183214.4~A24.K_11L.png,/data5/chensx/MyProject/UAE/data/arrangement_merged/chr_11/183214.4~A24.K_11R.png,0,0.1701420345176224,,0.0014557838439941,0.9754541383172647,chromosome
0,0.0013723373413085,183214,183214.4~A26.K_11,11,,normal,183214.4~A26.K_11L.png,183214.4~A26.K_11R.png,train,/data5/chensx/MyProject/UAE/data/arrangement_merged/chr_11/183214.4~A26.K_11L.png,/data5/chensx/MyProject/UAE/data/arrangement_merged/chr_11/183214.4~A26.K_11R.png,0,0.0606993204225031,,0.0013723373413085,0.46087742663359565,chromosome
0,0.0011334419250488,183214,183214.4~A28.K_11,11,,normal,183214.4~A28.K_11L.png,183214.4~A28.K_11R.png,train,/data5/chensx/MyProject/UAE/data/arrangement_merged/chr_11/183214.4~A28.K_11L.png,/data5/chensx/MyProject/UAE/data/arrangement_merged/chr_11/183214.4~A28.K_11R.png,0,-0.2526195353583813,,0.0011334419250488,-1.0122821879565949,chromosome
0,0.0013649463653564,183214,183214.4~A50.K_11,11,,normal,183214.4~A50.K_11L.png,183214.4~A50.K_11R.png,train,/data5/chensx/MyProject/UAE/data/arrangement_merged/chr_11/183214.4~A50.K_11L.png,/data5/chensx/MyProject/UAE/data/arrangement_merged/chr_11/183214.4~A50.K_11R.png,0,0.0510058228883639,,0.0013649463653564,0.4153006321705122,chromosome
0,0.0010937452316284,183214,183214.4~A8.K_11,11,,normal,183214.4~A8.K_11L.png,183214.4~A8.K_11R.png,train,/data5/chensx/MyProject/UAE/data/arrangement_merged/chr_11/183214.4~A8.K_11L.png,/data5/chensx/MyProject/UAE/data/arrangement_merged/chr_11/183214.4~A8.K_11R.png,0,-0.3046829979207737,,0.0010937452316284,-1.2570736808001788,chromosome
0,0.0014621019363403,183262,183262.11~A16.K_11,11,,normal,183262.11~A16.K_11L.png,183262.11~A16.K_11R.png,train,/data5/chensx/MyProject/UAE/data/arrangement_merged/chr_11/183262.11~A16.K_11L.png,/data5/chensx/MyProject/UAE/data/arrangement_merged/chr_11/183262.11~A16.K_11R.png,0,0.159246598943188,,0.0014621019363403,1.0144149464876269,chromosome
0,0.001138687133789,183262,183262.12~A5.K_11,11,,normal,183262.12~A5.K_11L.png,183262.12~A5.K_11R.png,train,/data5/chensx/MyProject/UAE/data/arrangement_merged/chr_11/183262.12~A5.K_11L.png,/data5/chensx/MyProject/UAE/data/arrangement_merged/chr_11/183262.12~A5.K_11R.png,0,-0.2498102648050444,,0.001138687133789,-0.9799373660795676,chromosome
0,0.0013142824172973,183262,183262.14~A1.K_11,11,,normal,183262.14~A1.K_11L.png,183262.14~A1.K_11R.png,train,/data5/chensx/MyProject/UAE/data/arrangement_merged/chr_11/183262.14~A1.K_11L.png,/data5/chensx/MyProject/UAE/data/arrangement_merged/chr_11/183262.14~A1.K_11R.png,0,-0.0277163612661036,,0.0013142824172973,0.10287905721980109,chromosome
0,0.0012997388839721,183262,183262.14~A16.K_11,11,,normal,183262.14~A16.K_11L.png,183262.14~A16.K_11R.png,train,/data5/chensx/MyProject/UAE/data/arrangement_merged/chr_11/183262.14~A16.K_11L.png,/data5/chensx/MyProject/UAE/data/arrangement_merged/chr_11/183262.14~A16.K_11R.png,0,-0.0461111041254048,,0.0012997388839721,0.013195687469247798,chromosome
0,0.0015695095062255,183262,183262.14~A21.K_11,11,,normal,183262.14~A21.K_11L.png,183262.14~A21.K_11R.png,train,/data5/chensx/MyProject/UAE/data/arrangement_merged/chr_11/183262.14~A21.K_11L.png,/data5/chensx/MyProject/UAE/data/arrangement_merged/chr_11/183262.14~A21.K_11R.png,0,0.2950962982565524,,0.0015695095062255,1.6767486853825675,chromosome
0,0.001192569732666,183262,183262.14~A23.K_11,11,,normal,183262.14~A23.K_11L.png,183262.14~A23.K_11R.png,train,/data5/chensx/MyProject/UAE/data/arrangement_merged/chr_11/183262.14~A23.K_11L.png,/data5/chensx/MyProject/UAE/data/arrangement_merged/chr_11/183262.14~A23.K_11R.png,0,-0.1816592502771413,,0.001192569732666,-0.6476678322494641,chromosome
0,0.0011646747589111,183262,183262.14~A29.K_11,11,,normal,183262.14~A29.K_11L.png,183262.14~A29.K_11R.png,train,/data5/chensx/MyProject/UAE/data/arrangement_merged/chr_11/183262.14~A29.K_11L.png,/data5/chensx/MyProject/UAE/data/arrangement_merged/chr_11/183262.14~A29.K_11R.png,0,-0.2169409701876044,,0.0011646747589111,-0.8196834758694296,chromosome
0,0.0012307167053222,183262,183262.14~A33.K_11,11,,normal,183262.14~A33.K_11L.png,183262.14~A33.K_11R.png,train,/data5/chensx/MyProject/UAE/data/arrangement_merged/chr_11/183262.14~A33.K_11L.png,/data5/chensx/MyProject/UAE/data/arrangement_merged/chr_11/183262.14~A33.K_11R.png,0,-0.133410744416679,,0.0012307167053222,-0.41243276405167406,chromosome
0,0.0010775327682495,183262,183262.14~A38.K_11,11,,normal,183262.14~A38.K_11L.png,183262.14~A38.K_11R.png,train,/data5/chensx/MyProject/UAE/data/arrangement_merged/chr_11/183262.14~A38.K_11L.png,/data5/chensx/MyProject/UAE/data/arrangement_merged/chr_11/183262.14~A38.K_11R.png,0,-0.3271586507625982,,0.0010775327682495,-1.357048584784332,chromosome
0,0.0013256072998046,183262,183262.14~A45.K_11,11,,normal,183262.14~A45.K_11L.png,183262.14~A45.K_11R.png,train,/data5/chensx/MyProject/UAE/data/arrangement_merged/chr_11/183262.14~A45.K_11L.png,/data5/chensx/MyProject/UAE/data/arrangement_merged/chr_11/183262.14~A45.K_11R.png,0,-0.0133925860887788,,0.0013256072998046,0.17271446809096194,chromosome
0,0.0011544227600097,183262,183262.14~A8.K_11,11,,normal,183262.14~A8.K_11L.png,183262.14~A8.K_11R.png,train,/data5/chensx/MyProject/UAE/data/arrangement_merged/chr_11/183262.14~A8.K_11L.png,/data5/chensx/MyProject/UAE/data/arrangement_merged/chr_11/183262.14~A8.K_11R.png,0,-0.2299077561376037,,0.0011544227600097,-0.8829029004478719,chromosome
0,0.0016851425170898,183262,183262.1~A2.K_11,11,,normal,183262.1~A2.K_11L.png,183262.1~A2.K_11R.png,train,/data5/chensx/MyProject/UAE/data/arrangement_merged/chr_11/183262.1~A2.K_11L.png,/data5/chensx/MyProject/UAE/data/arrangement_merged/chr_11/183262.1~A2.K_11R.png,0,0.441349581646079,,0.0016851425170898,2.3898049858583144,chromosome
0,0.0012792348861694,183262,183262.1~A24.K_11,11,,normal,183262.1~A24.K_11L.png,183262.1~A24.K_11R.png,train,/data5/chensx/MyProject/UAE/data/arrangement_merged/chr_11/183262.1~A24.K_11L.png,/data5/chensx/MyProject/UAE/data/arrangement_merged/chr_11/183262.1~A24.K_11R.png,0,-0.0720446760254034,,0.0012792348861694,-0.1132431616870191,chromosome
0,0.0014013051986694,183262,183262.1~A26.K_11,11,,normal,183262.1~A26.K_11L.png,183262.1~A26.K_11R.png,train,/data5/chensx/MyProject/UAE/data/arrangement_merged/chr_11/183262.1~A26.K_11L.png,/data5/chensx/MyProject/UAE/data/arrangement_merged/chr_11/183262.1~A26.K_11R.png,0,0.0823505427280761,,0.0014013051986694,0.6395090565468974,chromosome
0,0.0013505220413208,183262,183262.1~A42.K_11,11,,normal,183262.1~A42.K_11L.png,183262.1~A42.K_11R.png,train,/data5/chensx/MyProject/UAE/data/arrangement_merged/chr_11/183262.1~A42.K_11L.png,/data5/chensx/MyProject/UAE/data/arrangement_merged/chr_11/183262.1~A42.K_11R.png,0,0.0181197193013356,,0.0013505220413208,0.3263523720083802,chromosome
0,0.0013118982315063,183262,183262.1~A9.K_11,11,,normal,183262.1~A9.K_11L.png,183262.1~A9.K_11R.png,train,/data5/chensx/MyProject/UAE/data/arrangement_merged/chr_11/183262.1~A9.K_11L.png,/data5/chensx/MyProject/UAE/data/arrangement_merged/chr_11/183262.1~A9.K_11R.png,0,-0.0307318928823825,,0.0013118982315063,0.08817686545751618,chromosome
0,0.0011046528816223,183262,183262.2~A10.K_11,11,,normal,183262.2~A10.K_11L.png,183262.2~A10.K_11R.png,train,/data5/chensx/MyProject/UAE/data/arrangement_merged/chr_11/183262.2~A10.K_11L.png,/data5/chensx/MyProject/UAE/data/arrangement_merged/chr_11/183262.2~A10.K_11R.png,0,-0.2928569786274257,,0.0011046528816223,-1.1898111534872635,chromosome
0,0.0012533068656921,183262,183262.2~A22.K_11,11,,normal,183262.2~A22.K_11L.png,183262.2~A22.K_11R.png,train,/data5/chensx/MyProject/UAE/data/arrangement_merged/chr_11/183262.2~A22.K_11L.png,/data5/chensx/MyProject/UAE/data/arrangement_merged/chr_11/183262.2~A22.K_11R.png,0,-0.1048385823524364,,0.0012533068656921,-0.2731294971029452,chromosome
0,0.0013022422790527,183262,183262.2~A23.K_11,11,,normal,183262.2~A23.K_11L.png,183262.2~A23.K_11R.png,train,/data5/chensx/MyProject/UAE/data/arrangement_merged/chr_11/183262.2~A23.K_11L.png,/data5/chensx/MyProject/UAE/data/arrangement_merged/chr_11/183262.2~A23.K_11R.png,0,-0.042944795928312,,0.0013022422790527,0.02863298881995396,chromosome
0,0.0012298822402954,183262,183262.2~A44.K_11,11,,normal,183262.2~A44.K_11L.png,183262.2~A44.K_11R.png,train,/data5/chensx/MyProject/UAE/data/arrangement_merged/chr_11/183262.2~A44.K_11L.png,/data5/chensx/MyProject/UAE/data/arrangement_merged/chr_11/183262.2~A44.K_11R.png,0,-0.1344661804823766,,0.0012298822402954,-0.4175785311681652,chromosome
0,0.0013049244880676,183262,183262.2~A45.K_11,11,,normal,183262.2~A45.K_11L.png,183262.2~A45.K_11R.png,train,/data5/chensx/MyProject/UAE/data/arrangement_merged/chr_11/183262.2~A45.K_11L.png,/data5/chensx/MyProject/UAE/data/arrangement_merged/chr_11/183262.2~A45.K_11R.png,0,-0.0395523228599982,,0.0013049244880676,0.04517295455267959,chromosome
0,0.0013878941535949,183262,183262.3~A17.K_11,11,,normal,183262.3~A17.K_11L.png,183262.3~A17.K_11R.png,train,/data5/chensx/MyProject/UAE/data/arrangement_merged/chr_11/183262.3~A17.K_11L.png,/data5/chensx/MyProject/UAE/data/arrangement_merged/chr_11/183262.3~A17.K_11R.png,0,0.0653881773865073,,0.0013878941535949,0.5568092278832746,chromosome
0,0.0011836290359497,183262,183262.3~A24.K_11,11,,normal,183262.3~A24.K_11L.png,183262.3~A24.K_11R.png,train,/data5/chensx/MyProject/UAE/data/arrangement_merged/chr_11/183262.3~A24.K_11L.png,/data5/chensx/MyProject/UAE/data/arrangement_merged/chr_11/183262.3~A24.K_11R.png,0,-0.1929674938381872,,0.0011836290359497,-0.70280105135834,chromosome
0,0.0013039708137512,183262,183262.3~A30.K_11,11,,normal,183262.3~A30.K_11L.png,183262.3~A30.K_11R.png,train,/data5/chensx/MyProject/UAE/data/arrangement_merged/chr_11/183262.3~A30.K_11L.png,/data5/chensx/MyProject/UAE/data/arrangement_merged/chr_11/183262.3~A30.K_11R.png,0,-0.0407585355065098,,0.0013039708137512,0.039292077847765894,chromosome
0,0.0013468265533447,183262,183262.3~A41.K_11,11,,normal,183262.3~A41.K_11L.png,183262.3~A41.K_11R.png,train,/data5/chensx/MyProject/UAE/data/arrangement_merged/chr_11/183262.3~A41.K_11L.png,/data5/chensx/MyProject/UAE/data/arrangement_merged/chr_11/183262.3~A41.K_11R.png,0,0.0134456452961033,,0.0013468265533447,0.3035639747765315,chromosome
0,0.0014712810516357,183262,183262.4~A14.K_11,11,,normal,183262.4~A14.K_11L.png,183262.4~A14.K_11R.png,train,/data5/chensx/MyProject/UAE/data/arrangement_merged/chr_11/183262.4~A14.K_11L.png,/data5/chensx/MyProject/UAE/data/arrangement_merged/chr_11/183262.4~A14.K_11R.png,0,0.1708563956658618,,0.0014712810516357,1.0710183847727317,chromosome
0,0.0012793540954589,183262,183262.4~A19.K_11,11,,normal,183262.4~A19.K_11L.png,183262.4~A19.K_11R.png,train,/data5/chensx/MyProject/UAE/data/arrangement_merged/chr_11/183262.4~A19.K_11L.png,/data5/chensx/MyProject/UAE/data/arrangement_merged/chr_11/183262.4~A19.K_11R.png,0,-0.0718938994445894,,0.0012793540954589,-0.11250805209921294,chromosome
0,0.001371681690216,183262,183262.4~A24.K_11,11,,normal,183262.4~A24.K_11L.png,183262.4~A24.K_11R.png,train,/data5/chensx/MyProject/UAE/data/arrangement_merged/chr_11/183262.4~A24.K_11L.png,/data5/chensx/MyProject/UAE/data/arrangement_merged/chr_11/183262.4~A24.K_11R.png,0,0.0448825623958108,,0.001371681690216,0.4568343238991214,chromosome
0,0.0012010335922241,183262,183262.4~A29.K_11,11,,normal,183262.4~A29.K_11L.png,183262.4~A29.K_11R.png,train,/data5/chensx/MyProject/UAE/data/arrangement_merged/chr_11/183262.4~A29.K_11L.png,/data5/chensx/MyProject/UAE/data/arrangement_merged/chr_11/183262.4~A29.K_11R.png,0,-0.1709541130393513,,0.0012010335922241,-0.5954750514930444,chromosome
0,0.0016539692878723,183262,183262.4~A31.K_11,11,,normal,183262.4~A31.K_11L.png,183262.4~A31.K_11R.png,train,/data5/chensx/MyProject/UAE/data/arrangement_merged/chr_11/183262.4~A31.K_11L.png,/data5/chensx/MyProject/UAE/data/arrangement_merged/chr_11/183262.4~A31.K_11R.png,0,0.4019215057632324,,0.0016539692878723,2.197573828565361,chromosome
0,0.0014612674713134,183262,183262.4~A50.K_11,11,,normal,183262.4~A50.K_11L.png,183262.4~A50.K_11R.png,train,/data5/chensx/MyProject/UAE/data/arrangement_merged/chr_11/183262.4~A50.K_11L.png,/data5/chensx/MyProject/UAE/data/arrangement_merged/chr_11/183262.4~A50.K_11R.png,0,0.1581911628774904,,0.0014612674713134,1.0092691793705195,chromosome
0,0.0013001561164855,183786,183786.11~A44.K_11,11,,normal,183786.11~A44.K_11L.png,183786.11~A44.K_11R.png,train,/data5/chensx/MyProject/UAE/data/arrangement_merged/chr_11/183786.11~A44.K_11L.png,/data5/chensx/MyProject/UAE/data/arrangement_merged/chr_11/183786.11~A44.K_11R.png,0,-0.0609818279761899,,0.0013001561164855,0.01576857102749335,chromosome
0,0.0014982819557189,183786,183786.12~A1.K_11,11,,normal,183786.12~A1.K_11L.png,183786.12~A1.K_11R.png,train,/data5/chensx/MyProject/UAE/data/arrangement_merged/chr_11/183786.12~A1.K_11L.png,/data5/chensx/MyProject/UAE/data/arrangement_merged/chr_11/183786.12~A1.K_11R.png,0,0.042341258580465,,0.0014982819557189,1.237520706481379,chromosome
0,0.0012549757957458,183786,183786.12~A12.K_11,11,,normal,183786.12~A12.K_11L.png,183786.12~A12.K_11R.png,train,/data5/chensx/MyProject/UAE/data/arrangement_merged/chr_11/183786.12~A12.K_11L.png,/data5/chensx/MyProject/UAE/data/arrangement_merged/chr_11/183786.12~A12.K_11R.png,0,-0.0845434704581226,,0.0012549757957458,-0.2628379628693466,chromosome
0,0.00127774477005,183786,183786.12~A15.K_11,11,,normal,183786.12~A15.K_11L.png,183786.12~A15.K_11R.png,train,/data5/chensx/MyProject/UAE/data/arrangement_merged/chr_11/183786.12~A15.K_11L.png,/data5/chensx/MyProject/UAE/data/arrangement_merged/chr_11/183786.12~A15.K_11R.png,0,-0.0726693973339824,,0.00127774477005,-0.12243203153860094,chromosome
0,0.0012303590774536,183786,183786.12~A16.K_11,11,,normal,183786.12~A16.K_11L.png,183786.12~A16.K_11R.png,train,/data5/chensx/MyProject/UAE/data/arrangement_merged/chr_11/183786.12~A16.K_11L.png,/data5/chensx/MyProject/UAE/data/arrangement_merged/chr_11/183786.12~A16.K_11R.png,0,-0.0973811463750596,,0.0012303590774536,-0.4146380928157076,chromosome
0,0.0011483430862426,183786,183786.12~A34.K_11,11,,normal,183786.12~A34.K_11L.png,183786.12~A34.K_11R.png,train,/data5/chensx/MyProject/UAE/data/arrangement_merged/chr_11/183786.12~A34.K_11L.png,/data5/chensx/MyProject/UAE/data/arrangement_merged/chr_11/183786.12~A34.K_11R.png,0,-0.1401526767908109,,0.0011483430862426,-0.9203934894420054,chromosome
0,0.0012458562850952,183786,183786.12~A41.K_11,11,,normal,183786.12~A41.K_11L.png,183786.12~A41.K_11R.png,train,/data5/chensx/MyProject/UAE/data/arrangement_merged/chr_11/183786.12~A41.K_11L.png,/data5/chensx/MyProject/UAE/data/arrangement_merged/chr_11/183786.12~A41.K_11R.png,0,-0.0892993164999903,,0.0012458562850952,-0.31907384636023933,chromosome
0,0.0012896060943603,183786,183786.12~A47.K_11,11,,normal,183786.12~A47.K_11L.png,183786.12~A47.K_11R.png,train,/data5/chensx/MyProject/UAE/data/arrangement_merged/chr_11/183786.12~A47.K_11L.png,/data5/chensx/MyProject/UAE/data/arrangement_merged/chr_11/183786.12~A47.K_11R.png,0,-0.0664836890834486,,0.0012896060943603,-0.04928862752077194,chromosome
0,0.0012951493263244,183786,183786.13~A10.K_11,11,,normal,183786.13~A10.K_11L.png,183786.13~A10.K_11R.png,train,/data5/chensx/MyProject/UAE/data/arrangement_merged/chr_11/183786.13~A10.K_11L.png,/data5/chensx/MyProject/UAE/data/arrangement_merged/chr_11/183786.13~A10.K_11R.png,0,-0.0635928807050584,,0.0012951493263244,-0.015106031673305223,chromosome
0,0.0013899207115173,183786,183786.13~A12.K_11,11,,normal,183786.13~A12.K_11L.png,183786.13~A12.K_11R.png,train,/data5/chensx/MyProject/UAE/data/arrangement_merged/chr_11/183786.13~A12.K_11L.png,/data5/chensx/MyProject/UAE/data/arrangement_merged/chr_11/183786.13~A12.K_11R.png,0,-0.014169382622904,,0.0013899207115173,0.5693060908815246,chromosome
0,0.0011168718338012,183786,183786.13~A29.K_11,11,,normal,183786.13~A29.K_11L.png,183786.13~A29.K_11R.png,train,/data5/chensx/MyProject/UAE/data/arrangement_merged/chr_11/183786.13~A29.K_11L.png,/data5/chensx/MyProject/UAE/data/arrangement_merged/chr_11/183786.13~A29.K_11R.png,0,-0.1565650082294131,,0.0011168718338012,-1.1144624207053997,chromosome
0,0.0014951825141906,183786,183786.13~A34.K_11,11,,normal,183786.13~A34.K_11L.png,183786.13~A34.K_11R.png,train,/data5/chensx/MyProject/UAE/data/arrangement_merged/chr_11/183786.13~A34.K_11L.png,/data5/chensx/MyProject/UAE/data/arrangement_merged/chr_11/183786.13~A34.K_11R.png,0,0.0407248926054511,,0.0014951825141906,1.2184078571904091,chromosome
0,0.0014213323593139,183786,183786.13~A43.K_11,11,,normal,183786.13~A43.K_11L.png,183786.13~A43.K_11R.png,train,/data5/chensx/MyProject/UAE/data/arrangement_merged/chr_11/183786.13~A43.K_11L.png,/data5/chensx/MyProject/UAE/data/arrangement_merged/chr_11/183786.13~A43.K_11R.png,0,0.0022118648546402,,0.0014213323593139,0.7630074673507068,chromosome
0,0.001484990119934,183786,183786.14~A17.K_11,11,,normal,183786.14~A17.K_11L.png,183786.14~A17.K_11R.png,train,/data5/chensx/MyProject/UAE/data/arrangement_merged/chr_11/183786.14~A17.K_11L.png,/data5/chensx/MyProject/UAE/data/arrangement_merged/chr_11/183786.14~A17.K_11R.png,0,0.0354095352645402,,0.001484990119934,1.1555559874061787,chromosome
0,0.001297116279602,183786,183786.14~A24.K_11,11,,normal,183786.14~A24.K_11L.png,183786.14~A24.K_11R.png,train,/data5/chensx/MyProject/UAE/data/arrangement_merged/chr_11/183786.14~A24.K_11L.png,/data5/chensx/MyProject/UAE/data/arrangement_merged/chr_11/183786.14~A24.K_11R.png,0,-0.0625671099901458,,0.001297116279602,-0.002976723469265867,chromosome
0,0.0013259053230285,183786,183786.14~A38.K_11,11,,normal,183786.14~A38.K_11L.png,183786.14~A38.K_11R.png,train,/data5/chensx/MyProject/UAE/data/arrangement_merged/chr_11/183786.14~A38.K_11L.png,/data5/chensx/MyProject/UAE/data/arrangement_merged/chr_11/183786.14~A38.K_11R.png,0,-0.0475535567991517,,0.0013259053230285,0.17455224206140266,chromosome
0,0.0015438795089721,183786,183786.14~A39.K_11,11,,normal,183786.14~A39.K_11L.png,183786.14~A39.K_11R.png,train,/data5/chensx/MyProject/UAE/data/arrangement_merged/chr_11/183786.14~A39.K_11L.png,/data5/chensx/MyProject/UAE/data/arrangement_merged/chr_11/183786.14~A39.K_11R.png,0,0.0661204887898034,,0.0015438795089721,1.5187001239370808,chromosome
0,0.0010831356048583,183786,183786.1~A44.K_11,11,,normal,183786.1~A44.K_11L.png,183786.1~A44.K_11R.png,train,/data5/chensx/MyProject/UAE/data/arrangement_merged/chr_11/183786.1~A44.K_11L.png,/data5/chensx/MyProject/UAE/data/arrangement_merged/chr_11/183786.1~A44.K_11R.png,0,-0.1741585301882177,,0.0010831356048583,-1.322498434143271,chromosome
0,0.0011553764343261,183786,183786.2~A14.K_11,11,,normal,183786.2~A14.K_11L.png,183786.2~A14.K_11R.png,train,/data5/chensx/MyProject/UAE/data/arrangement_merged/chr_11/183786.2~A14.K_11L.png,/data5/chensx/MyProject/UAE/data/arrangement_merged/chr_11/183786.2~A14.K_11R.png,0,-0.1364847693859717,,0.0011553764343261,-0.8770220237429569,chromosome
0,0.0012674331665039,183786,183786.2~A4.K_11,11,,normal,183786.2~A4.K_11L.png,183786.2~A4.K_11R.png,train,/data5/chensx/MyProject/UAE/data/arrangement_merged/chr_11/183786.2~A4.K_11L.png,/data5/chensx/MyProject/UAE/data/arrangement_merged/chr_11/183786.2~A4.K_11R.png,0,-0.0780469225970092,,0.0012674331665039,-0.18601901091063747,chromosome
0,0.0011225938796997,183786,183786.2~A49.K_11,11,,normal,183786.2~A49.K_11L.png,183786.2~A49.K_11R.png,train,/data5/chensx/MyProject/UAE/data/arrangement_merged/chr_11/183786.2~A49.K_11L.png,/data5/chensx/MyProject/UAE/data/arrangement_merged/chr_11/183786.2~A49.K_11R.png,0,-0.153580947967849,,0.0011225938796997,-1.0791771604752982,chromosome
0,0.0012749433517456,183786,183786.3~A1.K_11,11,,normal,183786.3~A1.K_11L.png,183786.3~A1.K_11R.png,train,/data5/chensx/MyProject/UAE/data/arrangement_merged/chr_11/183786.3~A1.K_11L.png,/data5/chensx/MyProject/UAE/data/arrangement_merged/chr_11/183786.3~A1.K_11R.png,0,-0.0741303435037064,,0.0012749433517456,-0.1397071068591314,chromosome
0,0.001314103603363,183786,183786.3~A25.K_11,11,,normal,183786.3~A25.K_11L.png,183786.3~A25.K_11R.png,train,/data5/chensx/MyProject/UAE/data/arrangement_merged/chr_11/183786.3~A25.K_11L.png,/data5/chensx/MyProject/UAE/data/arrangement_merged/chr_11/183786.3~A25.K_11R.png,0,-0.0537081810886275,,0.001314103603363,0.1017763928377843,chromosome
0,0.0013261437416076,183786,183786.3~A36.K_11,11,,normal,183786.3~A36.K_11L.png,183786.3~A36.K_11R.png,train,/data5/chensx/MyProject/UAE/data/arrangement_merged/chr_11/183786.3~A36.K_11L.png,/data5/chensx/MyProject/UAE/data/arrangement_merged/chr_11/183786.3~A36.K_11R.png,0,-0.0474292209549198,,0.0013261437416076,0.17602246123763143,chromosome
0,0.0013477802276611,183786,183786.3~A37.K_11,11,,normal,183786.3~A37.K_11L.png,183786.3~A37.K_11R.png,train,/data5/chensx/MyProject/UAE/data/arrangement_merged/chr_11/183786.3~A37.K_11L.png,/data5/chensx/MyProject/UAE/data/arrangement_merged/chr_11/183786.3~A37.K_11R.png,0,-0.0361457430908808,,0.0013477802276611,0.30944485148144524,chromosome
0,0.0012436509132385,183786,183786.3~A44.K_11,11,,normal,183786.3~A44.K_11L.png,183786.3~A44.K_11R.png,train,/data5/chensx/MyProject/UAE/data/arrangement_merged/chr_11/183786.3~A44.K_11L.png,/data5/chensx/MyProject/UAE/data/arrangement_merged/chr_11/183786.3~A44.K_11R.png,0,-0.0904494230591348,,0.0012436509132385,-0.3326733737405074,chromosome
0,0.0011907219886779,183786,183786.4~A49.K_11,11,,normal,183786.4~A49.K_11L.png,183786.4~A49.K_11R.png,train,/data5/chensx/MyProject/UAE/data/arrangement_merged/chr_11/183786.4~A49.K_11L.png,/data5/chensx/MyProject/UAE/data/arrangement_merged/chr_11/183786.4~A49.K_11R.png,0,-0.1180519804786022,,0.0011907219886779,-0.6590620308656973,chromosome
0,0.0011090040206909,183786,183786.5~A1.K_11,11,,normal,183786.5~A1.K_11L.png,183786.5~A1.K_11R.png,train,/data5/chensx/MyProject/UAE/data/arrangement_merged/chr_11/183786.5~A1.K_11L.png,/data5/chensx/MyProject/UAE/data/arrangement_merged/chr_11/183786.5~A1.K_11R.png,0,-0.1606680910890636,,0.0011090040206909,-1.1629796535209393,chromosome
0,0.0015251636505126,183786,183786.5~A31.K_11,11,,normal,183786.5~A31.K_11L.png,183786.5~A31.K_11R.png,train,/data5/chensx/MyProject/UAE/data/arrangement_merged/chr_11/183786.5~A31.K_11L.png,/data5/chensx/MyProject/UAE/data/arrangement_merged/chr_11/183786.5~A31.K_11R.png,0,0.0563601250176044,,0.0015251636505126,1.4032879186022187,chromosome
0,0.0014119148254394,183786,183786.5~A33.K_11,11,,normal,183786.5~A33.K_11L.png,183786.5~A33.K_11R.png,train,/data5/chensx/MyProject/UAE/data/arrangement_merged/chr_11/183786.5~A33.K_11L.png,/data5/chensx/MyProject/UAE/data/arrangement_merged/chr_11/183786.5~A33.K_11R.png,0,-0.0026994009925172,,0.0014119148254394,0.7049338098893734,chromosome
0,0.0010815262794494,183786,183786.5~A42.K_11,11,,normal,183786.5~A42.K_11L.png,183786.5~A42.K_11R.png,train,/data5/chensx/MyProject/UAE/data/arrangement_merged/chr_11/183786.5~A42.K_11L.png,/data5/chensx/MyProject/UAE/data/arrangement_merged/chr_11/183786.5~A42.K_11R.png,0,-0.1749977971367826,,0.0010815262794494,-1.3324224135826592,chromosome
0,0.0012087821960449,183786,183786.5~A44.K_11,11,,normal,183786.5~A44.K_11L.png,183786.5~A44.K_11R.png,train,/data5/chensx/MyProject/UAE/data/arrangement_merged/chr_11/183786.5~A44.K_11L.png,/data5/chensx/MyProject/UAE/data/arrangement_merged/chr_11/183786.5~A44.K_11R.png,0,-0.1086335402780407,,0.0012087821960449,-0.5476929282653108,chromosome
0,0.0012762546539306,183786,183786.5~A6.K_11,11,,normal,183786.5~A6.K_11L.png,183786.5~A6.K_11R.png,train,/data5/chensx/MyProject/UAE/data/arrangement_merged/chr_11/183786.5~A6.K_11L.png,/data5/chensx/MyProject/UAE/data/arrangement_merged/chr_11/183786.5~A6.K_11R.png,0,-0.0734464963604313,,0.0012762546539306,-0.1316209013901828,chromosome
0,0.0013428926467895,183786,183786.5~A8.K_11,11,,normal,183786.5~A8.K_11L.png,183786.5~A8.K_11R.png,train,/data5/chensx/MyProject/UAE/data/arrangement_merged/chr_11/183786.5~A8.K_11L.png,/data5/chensx/MyProject/UAE/data/arrangement_merged/chr_11/183786.5~A8.K_11R.png,0,-0.0386946278976334,,0.0013428926467895,0.2793053583684528,chromosome
0,0.0014740228652954,184752,184752.11~A43.K_11,11,,normal,184752.11~A43.K_11L.png,184752.11~A43.K_11R.png,train,/data5/chensx/MyProject/UAE/data/arrangement_merged/chr_11/184752.11~A43.K_11L.png,/data5/chensx/MyProject/UAE/data/arrangement_merged/chr_11/184752.11~A43.K_11R.png,0,0.4693436519448697,,0.0014740228652954,1.087925905299668,chromosome
0,0.001369833946228,184752,184752.13~A19.K_11,11,,normal,184752.13~A19.K_11L.png,184752.13~A19.K_11R.png,train,/data5/chensx/MyProject/UAE/data/arrangement_merged/chr_11/184752.13~A19.K_11L.png,/data5/chensx/MyProject/UAE/data/arrangement_merged/chr_11/184752.13~A19.K_11R.png,0,0.3040671134437717,,0.001369833946228,0.44544012528350463,chromosome
0,0.0011367797851562,184752,184752.13~A20.K_11,11,,normal,184752.13~A20.K_11L.png,184752.13~A20.K_11R.png,train,/data5/chensx/MyProject/UAE/data/arrangement_merged/chr_11/184752.13~A20.K_11L.png,/data5/chensx/MyProject/UAE/data/arrangement_merged/chr_11/184752.13~A20.K_11R.png,0,-0.0656304068876317,,0.0011367797851562,-0.9916991194893964,chromosome
0,0.0014997720718383,184752,184752.14~A10.K_11,11,,normal,184752.14~A10.K_11L.png,184752.14~A10.K_11R.png,train,/data5/chensx/MyProject/UAE/data/arrangement_merged/chr_11/184752.14~A10.K_11L.png,/data5/chensx/MyProject/UAE/data/arrangement_merged/chr_11/184752.14~A10.K_11R.png,0,0.5101900275927383,,0.0014997720718383,1.2467095763329608,chromosome
0,0.0011237859725952,184752,184752.14~A14.K_11,11,,normal,184752.14~A14.K_11L.png,184752.14~A14.K_11R.png,train,/data5/chensx/MyProject/UAE/data/arrangement_merged/chr_11/184752.14~A14.K_11L.png,/data5/chensx/MyProject/UAE/data/arrangement_merged/chr_11/184752.14~A14.K_11R.png,0,-0.0862426983025284,,0.0011237859725952,-1.0718260645941557,chromosome
0,0.0016342401504516,184752,184752.14~A43.K_11,11,,normal,184752.14~A43.K_11L.png,184752.14~A43.K_11R.png,train,/data5/chensx/MyProject/UAE/data/arrangement_merged/chr_11/184752.14~A43.K_11L.png,/data5/chensx/MyProject/UAE/data/arrangement_merged/chr_11/184752.14~A43.K_11R.png,0,0.7234988781982745,,0.0016342401504516,2.075913191731376,chromosome
0,0.0012789368629455,184752,184752.2~A30.K_11,11,,normal,184752.2~A30.K_11L.png,184752.2~A30.K_11R.png,train,/data5/chensx/MyProject/UAE/data/arrangement_merged/chr_11/184752.2~A30.K_11L.png,/data5/chensx/MyProject/UAE/data/arrangement_merged/chr_11/184752.2~A30.K_11R.png,0,0.1598756253349762,,0.0012789368629455,-0.11508093565745849,chromosome
0,0.0012887716293334,184752,184752.2~A50.K_11,11,,normal,184752.2~A50.K_11L.png,184752.2~A50.K_11R.png,train,/data5/chensx/MyProject/UAE/data/arrangement_merged/chr_11/184752.2~A50.K_11L.png,/data5/chensx/MyProject/UAE/data/arrangement_merged/chr_11/184752.2~A50.K_11R.png,0,0.1754766715893705,,0.0012887716293334,-0.05443439463787947,chromosome
0,0.001190960407257,184752,184752.3~A13.K_11,11,,normal,184752.3~A13.K_11L.png,184752.3~A13.K_11R.png,train,/data5/chensx/MyProject/UAE/data/arrangement_merged/chr_11/184752.3~A13.K_11L.png,/data5/chensx/MyProject/UAE/data/arrangement_merged/chr_11/184752.3~A13.K_11R.png,0,0.0203171752047584,,0.001190960407257,-0.6575918116894686,chromosome
0,0.001209557056427,184752,184752.3~A16.K_11,11,,normal,184752.3~A16.K_11L.png,184752.3~A16.K_11R.png,train,/data5/chensx/MyProject/UAE/data/arrangement_merged/chr_11/184752.3~A16.K_11L.png,/data5/chensx/MyProject/UAE/data/arrangement_merged/chr_11/184752.3~A16.K_11R.png,0,0.0498173353948857,,0.001209557056427,-0.5429147159424139,chromosome
0,0.0011505484580993,184752,184752.4~A27.K_11,11,,normal,184752.4~A27.K_11L.png,184752.4~A27.K_11R.png,train,/data5/chensx/MyProject/UAE/data/arrangement_merged/chr_11/184752.4~A27.K_11L.png,/data5/chensx/MyProject/UAE/data/arrangement_merged/chr_11/184752.4~A27.K_11R.png,0,-0.0437889421314798,,0.0011505484580993,-0.9067939620617387,chromosome
0,0.0011618137359619,184793,184793.11~A18.K_11,11,,normal,184793.11~A18.K_11L.png,184793.11~A18.K_11R.png,train,/data5/chensx/MyProject/UAE/data/arrangement_merged/chr_11/184793.11~A18.K_11L.png,/data5/chensx/MyProject/UAE/data/arrangement_merged/chr_11/184793.11~A18.K_11R.png,0,-0.2085891256008682,,0.0011618137359619,-0.837326105984172,chromosome
0,0.0013688802719116,184793,184793.12~A12.K_11,11,,normal,184793.12~A12.K_11L.png,184793.12~A12.K_11R.png,train,/data5/chensx/MyProject/UAE/data/arrangement_merged/chr_11/184793.12~A12.K_11L.png,/data5/chensx/MyProject/UAE/data/arrangement_merged/chr_11/184793.12~A12.K_11R.png,0,0.0544723194244305,,0.0013688802719116,0.4395592485785909,chromosome
0,0.0014461874961853,184793,184793.12~A27.K_11,11,,normal,184793.12~A27.K_11L.png,184793.12~A27.K_11R.png,train,/data5/chensx/MyProject/UAE/data/arrangement_merged/chr_11/184793.12~A27.K_11L.png,/data5/chensx/MyProject/UAE/data/arrangement_merged/chr_11/184793.12~A27.K_11R.png,0,0.1526849544842498,,0.0014461874961853,0.916277816473913,chromosome
0,0.0011992454528808,184793,184793.12~A32.K_11,11,,normal,184793.12~A32.K_11L.png,184793.12~A32.K_11R.png,train,/data5/chensx/MyProject/UAE/data/arrangement_merged/chr_11/184793.12~A32.K_11L.png,/data5/chensx/MyProject/UAE/data/arrangement_merged/chr_11/184793.12~A32.K_11R.png,0,-0.1610351280545563,,0.0011992454528808,-0.6065016953150669,chromosome
0,0.0012999773025512,184793,184793.12~A38.K_11,11,,normal,184793.12~A38.K_11L.png,184793.12~A38.K_11R.png,train,/data5/chensx/MyProject/UAE/data/arrangement_merged/chr_11/184793.12~A38.K_11L.png,/data5/chensx/MyProject/UAE/data/arrangement_merged/chr_11/184793.12~A38.K_11R.png,0,-0.0330633830652774,,0.0012999773025512,0.01466590664547522,chromosome
0,0.0008924007415771,184793,184793.12~A42.K_11,11,,normal,184793.12~A42.K_11L.png,184793.12~A42.K_11R.png,train,/data5/chensx/MyProject/UAE/data/arrangement_merged/chr_11/184793.12~A42.K_11L.png,/data5/chensx/MyProject/UAE/data/arrangement_merged/chr_11/184793.12~A42.K_11R.png,0,-0.5508567512526673,,0.0008924007415771,-2.4986737751334576,chromosome
0,0.0011799335479736,184793,184793.13~A10.K_11,11,,normal,184793.13~A10.K_11L.png,184793.13~A10.K_11R.png,train,/data5/chensx/MyProject/UAE/data/arrangement_merged/chr_11/184793.13~A10.K_11L.png,/data5/chensx/MyProject/UAE/data/arrangement_merged/chr_11/184793.13~A10.K_11R.png,0,-0.1855693560880038,,0.0011799335479736,-0.72558944859019,chromosome
0,0.0012232661247253,184793,184793.13~A16.K_11,11,,normal,184793.13~A16.K_11L.png,184793.13~A16.K_11R.png,train,/data5/chensx/MyProject/UAE/data/arrangement_merged/chr_11/184793.13~A16.K_11L.png,/data5/chensx/MyProject/UAE/data/arrangement_merged/chr_11/184793.13~A16.K_11R.png,0,-0.1305187888648051,,0.0012232661247253,-0.4583771133089682,chromosome
0,0.0014189481735229,184793,184793.13~A43.K_11,11,,normal,184793.13~A43.K_11L.png,184793.13~A43.K_11R.png,train,/data5/chensx/MyProject/UAE/data/arrangement_merged/chr_11/184793.13~A43.K_11L.png,/data5/chensx/MyProject/UAE/data/arrangement_merged/chr_11/184793.13~A43.K_11R.png,0,0.1180795772889241,,0.0014189481735229,0.7483052755884219,chromosome
0,0.0013505220413208,184793,184793.14~A14.K_11,11,,normal,184793.14~A14.K_11L.png,184793.14~A14.K_11R.png,train,/data5/chensx/MyProject/UAE/data/arrangement_merged/chr_11/184793.14~A14.K_11L.png,/data5/chensx/MyProject/UAE/data/arrangement_merged/chr_11/184793.14~A14.K_11R.png,0,0.0311496582074495,,0.0013505220413208,0.3263523720083802,chromosome
0,0.0015880465507507,184793,184793.14~A26.K_11,11,,normal,184793.14~A26.K_11L.png,184793.14~A26.K_11R.png,train,/data5/chensx/MyProject/UAE/data/arrangement_merged/chr_11/184793.14~A26.K_11L.png,/data5/chensx/MyProject/UAE/data/arrangement_merged/chr_11/184793.14~A26.K_11R.png,0,0.3329055184336485,,0.0015880465507507,1.7910582263354102,chromosome
0,0.0010560750961303,184793,184793.14~A27.K_11,11,,normal,184793.14~A27.K_11L.png,184793.14~A27.K_11R.png,train,/data5/chensx/MyProject/UAE/data/arrangement_merged/chr_11/184793.14~A27.K_11L.png,/data5/chensx/MyProject/UAE/data/arrangement_merged/chr_11/184793.14~A27.K_11R.png,0,-0.3429215963765964,,0.0010560750961303,-1.489368310646129,chromosome
0,0.0013190507888793,184793,184793.14~A3.K_11,11,,normal,184793.14~A3.K_11L.png,184793.14~A3.K_11R.png,train,/data5/chensx/MyProject/UAE/data/arrangement_merged/chr_11/184793.14~A3.K_11L.png,/data5/chensx/MyProject/UAE/data/arrangement_merged/chr_11/184793.14~A3.K_11R.png,0,-0.0088320467359464,,0.0013190507888793,0.1322834407443709,chromosome
0,0.0012264251708984,184793,184793.14~A30.K_11,11,,normal,184793.14~A30.K_11L.png,184793.14~A30.K_11R.png,train,/data5/chensx/MyProject/UAE/data/arrangement_merged/chr_11/184793.14~A30.K_11L.png,/data5/chensx/MyProject/UAE/data/arrangement_merged/chr_11/184793.14~A30.K_11R.png,0,-0.1265054737852597,,0.0012264251708984,-0.4388967092237864,chromosome
0,0.0012479424476623,184793,184793.14~A32.K_11,11,,normal,184793.14~A32.K_11L.png,184793.14~A32.K_11R.png,train,/data5/chensx/MyProject/UAE/data/arrangement_merged/chr_11/184793.14~A32.K_11L.png,/data5/chensx/MyProject/UAE/data/arrangement_merged/chr_11/184793.14~A32.K_11R.png,0,-0.0991694974887333,,0.0012479424476623,-0.3062094285683951,chromosome
0,0.0011018514633178,184793,184793.14~A33.K_11,11,,normal,184793.14~A33.K_11L.png,184793.14~A33.K_11R.png,train,/data5/chensx/MyProject/UAE/data/arrangement_merged/chr_11/184793.14~A33.K_11L.png,/data5/chensx/MyProject/UAE/data/arrangement_merged/chr_11/184793.14~A33.K_11R.png,0,-0.2847663891862023,,0.0011018514633178,-1.2070862288084103,chromosome
0,0.001246690750122,184793,184793.14~A4.K_11,11,,normal,184793.14~A4.K_11L.png,184793.14~A4.K_11R.png,train,/data5/chensx/MyProject/UAE/data/arrangement_merged/chr_11/184793.14~A4.K_11L.png,/data5/chensx/MyProject/UAE/data/arrangement_merged/chr_11/184793.14~A4.K_11R.png,0,-0.1007596789353456,,0.001246690750122,-0.3139280792437482,chromosome
0,0.0016247630119323,184793,184793.14~A9.K_11,11,,normal,184793.14~A9.K_11L.png,184793.14~A9.K_11R.png,train,/data5/chensx/MyProject/UAE/data/arrangement_merged/chr_11/184793.14~A9.K_11L.png,/data5/chensx/MyProject/UAE/data/arrangement_merged/chr_11/184793.14~A9.K_11R.png,0,0.3795508408676105,,0.0016247630119323,2.0174719794758302,chromosome
0,0.0016216039657592,184793,184793.1~A26.K_11,11,,normal,184793.1~A26.K_11L.png,184793.1~A26.K_11R.png,train,/data5/chensx/MyProject/UAE/data/arrangement_merged/chr_11/184793.1~A26.K_11L.png,/data5/chensx/MyProject/UAE/data/arrangement_merged/chr_11/184793.1~A26.K_11R.png,0,0.3755375257880651,,0.0016216039657592,1.9979915753906485,chromosome
0,0.0013198256492614,184793,184793.2~A4.K_11,11,,normal,184793.2~A4.K_11L.png,184793.2~A4.K_11R.png,train,/data5/chensx/MyProject/UAE/data/arrangement_merged/chr_11/184793.2~A4.K_11L.png,/data5/chensx/MyProject/UAE/data/arrangement_merged/chr_11/184793.2~A4.K_11R.png,0,-0.0078476486975674,,0.0013198256492614,0.1370616530672678,chromosome
0,0.0011886358261108,184793,184793.3~A8.K_11,11,,normal,184793.3~A8.K_11L.png,184793.3~A8.K_11R.png,train,/data5/chensx/MyProject/UAE/data/arrangement_merged/chr_11/184793.3~A8.K_11L.png,/data5/chensx/MyProject/UAE/data/arrangement_merged/chr_11/184793.3~A8.K_11R.png,0,-0.1745138088877466,,0.0011886358261108,-0.6719264486575428,chromosome
0,0.0013315677642822,185290,185290.11~A25.K_11,11,,normal,185290.11~A25.K_11L.png,185290.11~A25.K_11R.png,train,/data5/chensx/MyProject/UAE/data/arrangement_merged/chr_11/185290.11~A25.K_11L.png,/data5/chensx/MyProject/UAE/data/arrangement_merged/chr_11/185290.11~A25.K_11R.png,0,0.0401848715561323,,0.0013315677642822,0.20946994749729198,chromosome
0,0.0013275146484375,185290,185290.11~A27.K_11,11,,normal,185290.11~A27.K_11L.png,185290.11~A27.K_11R.png,train,/data5/chensx/MyProject/UAE/data/arrangement_merged/chr_11/185290.11~A27.K_11L.png,/data5/chensx/MyProject/UAE/data/arrangement_merged/chr_11/185290.11~A27.K_11R.png,0,0.0347734970794946,,0.0013275146484375,0.1844762215014071,chromosome
0,0.0013706088066101,185290,185290.11~A38.K_11,11,,normal,185290.11~A38.K_11L.png,185290.11~A38.K_11R.png,train,/data5/chensx/MyProject/UAE/data/arrangement_merged/chr_11/185290.11~A38.K_11L.png,/data5/chensx/MyProject/UAE/data/arrangement_merged/chr_11/185290.11~A38.K_11R.png,0,0.0923091404119802,,0.0013706088066101,0.4502183376064015,chromosome
0,0.0010944604873657,185290,185290.12~A12.K_11,11,,normal,185290.12~A12.K_11L.png,185290.12~A12.K_11R.png,train,/data5/chensx/MyProject/UAE/data/arrangement_merged/chr_11/185290.12~A12.K_11L.png,/data5/chensx/MyProject/UAE/data/arrangement_merged/chr_11/185290.12~A12.K_11R.png,0,-0.2763805353271698,,0.0010944604873657,-1.2526630232714926,chromosome
0,0.0013371109962463,185290,185290.12~A33.K_11,11,,normal,185290.12~A33.K_11L.png,185290.12~A33.K_11R.png,train,/data5/chensx/MyProject/UAE/data/arrangement_merged/chr_11/185290.12~A33.K_11L.png,/data5/chensx/MyProject/UAE/data/arrangement_merged/chr_11/185290.12~A33.K_11R.png,0,0.0475857219432985,,0.0013371109962463,0.24365254334475736,chromosome
0,0.0013028383255004,185290,185290.12~A35.K_11,11,,normal,185290.12~A35.K_11L.png,185290.12~A35.K_11R.png,train,/data5/chensx/MyProject/UAE/data/arrangement_merged/chr_11/185290.12~A35.K_11L.png,/data5/chensx/MyProject/UAE/data/arrangement_merged/chr_11/185290.12~A35.K_11R.png,0,0.0018277760011419,,0.0013028383255004,0.032308536760217645,chromosome
0,0.001434326171875,185290,185290.12~A49.K_11,11,,normal,185290.12~A49.K_11L.png,185290.12~A49.K_11R.png,train,/data5/chensx/MyProject/UAE/data/arrangement_merged/chr_11/185290.12~A49.K_11L.png,/data5/chensx/MyProject/UAE/data/arrangement_merged/chr_11/185290.12~A49.K_11R.png,0,0.1773791303461808,,0.001434326171875,0.8431344124560841,chromosome
0,0.0011579394340515,185290,185290.12~A5.K_11,11,,normal,185290.12~A5.K_11L.png,185290.12~A5.K_11R.png,train,/data5/chensx/MyProject/UAE/data/arrangement_merged/chr_11/185290.12~A5.K_11L.png,/data5/chensx/MyProject/UAE/data/arrangement_merged/chr_11/185290.12~A5.K_11R.png,0,-0.1916288615386537,,0.0011579394340515,-0.8612171675980387,chromosome
0,0.0014530420303344,185290,185290.12~A50.K_11,11,,normal,185290.12~A50.K_11L.png,185290.12~A50.K_11R.png,train,/data5/chensx/MyProject/UAE/data/arrangement_merged/chr_11/185290.12~A50.K_11L.png,/data5/chensx/MyProject/UAE/data/arrangement_merged/chr_11/185290.12~A50.K_11R.png,0,0.2023669477824193,,0.0014530420303344,0.9585466177903283,chromosome
0,0.0011637806892395,185290,185290.12~A7.K_11,11,,normal,185290.12~A7.K_11L.png,185290.12~A7.K_11R.png,train,/data5/chensx/MyProject/UAE/data/arrangement_merged/chr_11/185290.12~A7.K_11L.png,/data5/chensx/MyProject/UAE/data/arrangement_merged/chr_11/185290.12~A7.K_11R.png,0,-0.1838301159693818,,0.0011637806892395,-0.8251967977801327,chromosome
0,0.0009945631027221,185290,185290.12~A8.K_11,11,,normal,185290.12~A8.K_11L.png,185290.12~A8.K_11R.png,train,/data5/chensx/MyProject/UAE/data/arrangement_merged/chr_11/185290.12~A8.K_11L.png,/data5/chensx/MyProject/UAE/data/arrangement_merged/chr_11/185290.12~A8.K_11R.png,0,-0.4097550003690035,,0.0009945631027221,-1.8686848581155435,chromosome
0,0.0014021396636962,185290,185290.13~A13.K_11,11,,normal,185290.13~A13.K_11L.png,185290.13~A13.K_11R.png,train,/data5/chensx/MyProject/UAE/data/arrangement_merged/chr_11/185290.13~A13.K_11L.png,/data5/chensx/MyProject/UAE/data/arrangement_merged/chr_11/185290.13~A13.K_11R.png,0,0.1344064506787642,,0.0014021396636962,0.6446548236633886,chromosome
0,0.0013492107391357,185290,185290.13~A26.K_11,11,,normal,185290.13~A26.K_11L.png,185290.13~A26.K_11R.png,train,/data5/chensx/MyProject/UAE/data/arrangement_merged/chr_11/185290.13~A26.K_11L.png,/data5/chensx/MyProject/UAE/data/arrangement_merged/chr_11/185290.13~A26.K_11R.png,0,0.0637402663367903,,0.0013492107391357,0.3182661665388151,chromosome
0,0.0012916326522827,185290,185290.13~A28.K_11,11,,normal,185290.13~A28.K_11L.png,185290.13~A28.K_11R.png,train,/data5/chensx/MyProject/UAE/data/arrangement_merged/chr_11/185290.13~A28.K_11L.png,/data5/chensx/MyProject/UAE/data/arrangement_merged/chr_11/185290.13~A28.K_11R.png,0,-0.0131330828460326,,0.0012916326522827,-0.03679176452252062,chromosome
0,0.0011128187179565,185290,185290.13~A30.K_11,11,,normal,185290.13~A30.K_11L.png,185290.13~A30.K_11R.png,train,/data5/chensx/MyProject/UAE/data/arrangement_merged/chr_11/185290.13~A30.K_11L.png,/data5/chensx/MyProject/UAE/data/arrangement_merged/chr_11/185290.13~A30.K_11R.png,0,-0.2518701921094581,,0.0011128187179565,-1.1394561467012831,chromosome
0,0.001319408416748,185290,185290.13~A35.K_11,11,,normal,185290.13~A35.K_11L.png,185290.13~A35.K_11R.png,train,/data5/chensx/MyProject/UAE/data/arrangement_merged/chr_11/185290.13~A35.K_11L.png,/data5/chensx/MyProject/UAE/data/arrangement_merged/chr_11/185290.13~A35.K_11R.png,0,0.0239507481262194,,0.001319408416748,0.13448876950902225,chromosome
0,0.0012905597686767,185290,185290.13~A36.K_11,11,,normal,185290.13~A36.K_11L.png,185290.13~A36.K_11R.png,train,/data5/chensx/MyProject/UAE/data/arrangement_merged/chr_11/185290.13~A36.K_11L.png,/data5/chensx/MyProject/UAE/data/arrangement_merged/chr_11/185290.13~A36.K_11R.png,0,-0.0145655055016132,,0.0012905597686767,-0.043407750815858244,chromosome
0,0.0012808442115783,185290,185290.13~A46.K_11,11,,normal,185290.13~A46.K_11L.png,185290.13~A46.K_11R.png,train,/data5/chensx/MyProject/UAE/data/arrangement_merged/chr_11/185290.13~A46.K_11L.png,/data5/chensx/MyProject/UAE/data/arrangement_merged/chr_11/185290.13~A46.K_11R.png,0,-0.0275368884382593,,0.0012808442115783,-0.10331918224763109,chromosome
0,0.0010706782341003,185290,185290.13~A6.K_11,11,,normal,185290.13~A6.K_11L.png,185290.13~A6.K_11R.png,train,/data5/chensx/MyProject/UAE/data/arrangement_merged/chr_11/185290.13~A6.K_11L.png,/data5/chensx/MyProject/UAE/data/arrangement_merged/chr_11/185290.13~A6.K_11R.png,0,-0.3081325708592053,,0.0010706782341003,-1.399317386101364,chromosome
0,0.0011476278305053,185290,185290.13~A7.K_11,11,,normal,185290.13~A7.K_11L.png,185290.13~A7.K_11R.png,train,/data5/chensx/MyProject/UAE/data/arrangement_merged/chr_11/185290.13~A7.K_11L.png,/data5/chensx/MyProject/UAE/data/arrangement_merged/chr_11/185290.13~A7.K_11R.png,0,-0.2053960348395113,,0.0011476278305053,-0.9248041469706917,chromosome
0,0.0011664628982543,185290,185290.14~A27.K_11,11,,normal,185290.14~A27.K_11L.png,185290.14~A27.K_11R.png,train,/data5/chensx/MyProject/UAE/data/arrangement_merged/chr_11/185290.14~A27.K_11L.png,/data5/chensx/MyProject/UAE/data/arrangement_merged/chr_11/185290.14~A27.K_11R.png,0,-0.1802490593304305,,0.0011664628982543,-0.8086568320480247,chromosome
0,0.0015836954116821,185290,185290.14~A31.K_11,11,,normal,185290.14~A31.K_11L.png,185290.14~A31.K_11R.png,train,/data5/chensx/MyProject/UAE/data/arrangement_merged/chr_11/185290.14~A31.K_11L.png,/data5/chensx/MyProject/UAE/data/arrangement_merged/chr_11/185290.14~A31.K_11R.png,0,0.3768041956175622,,0.0015836954116821,1.7642267263690874,chromosome
0,0.001327633857727,185290,185290.14~A44.K_11,11,,normal,185290.14~A44.K_11L.png,185290.14~A44.K_11R.png,train,/data5/chensx/MyProject/UAE/data/arrangement_merged/chr_11/185290.14~A44.K_11L.png,/data5/chensx/MyProject/UAE/data/arrangement_merged/chr_11/185290.14~A44.K_11R.png,0,0.0349326551523369,,0.001327633857727,0.18521133108921325,chromosome
0,0.0011957287788391,185290,185290.14~A47.K_11,11,,normal,185290.14~A47.K_11L.png,185290.14~A47.K_11R.png,train,/data5/chensx/MyProject/UAE/data/arrangement_merged/chr_11/185290.14~A47.K_11L.png,/data5/chensx/MyProject/UAE/data/arrangement_merged/chr_11/185290.14~A47.K_11R.png,0,-0.1411757524476498,,0.0011957287788391,-0.6281874281642823,chromosome
0,0.0014054179191589,185290,185290.1~A31.K_11,11,,normal,185290.1~A31.K_11L.png,185290.1~A31.K_11R.png,train,/data5/chensx/MyProject/UAE/data/arrangement_merged/chr_11/185290.1~A31.K_11L.png,/data5/chensx/MyProject/UAE/data/arrangement_merged/chr_11/185290.1~A31.K_11R.png,0,0.138783297681927,,0.0014054179191589,0.664870337336993,chromosome
0,0.0013394951820373,185290,185290.1~A32.K_11,11,,normal,185290.1~A32.K_11L.png,185290.1~A32.K_11R.png,train,/data5/chensx/MyProject/UAE/data/arrangement_merged/chr_11/185290.1~A32.K_11L.png,/data5/chensx/MyProject/UAE/data/arrangement_merged/chr_11/185290.1~A32.K_11R.png,0,0.0507688834001441,,0.0013394951820373,0.25835473510704227,chromosome
0,0.0011377334594726,185290,185290.1~A35.K_11,11,,normal,185290.1~A35.K_11L.png,185290.1~A35.K_11R.png,train,/data5/chensx/MyProject/UAE/data/arrangement_merged/chr_11/185290.1~A35.K_11L.png,/data5/chensx/MyProject/UAE/data/arrangement_merged/chr_11/185290.1~A35.K_11R.png,0,-0.2186061548854208,,0.0011377334594726,-0.9858182427844814,chromosome
0,0.001006007194519,185290,185290.2~A19.K_11,11,,normal,185290.2~A19.K_11L.png,185290.2~A19.K_11R.png,train,/data5/chensx/MyProject/UAE/data/arrangement_merged/chr_11/185290.2~A19.K_11L.png,/data5/chensx/MyProject/UAE/data/arrangement_merged/chr_11/185290.2~A19.K_11R.png,0,-0.3944758253761443,,0.001006007194519,-1.79811433765596,chromosome
0,0.0011661648750305,185290,185290.3~A26.K_11,11,,normal,185290.3~A26.K_11L.png,185290.3~A26.K_11R.png,train,/data5/chensx/MyProject/UAE/data/arrangement_merged/chr_11/185290.3~A26.K_11L.png,/data5/chensx/MyProject/UAE/data/arrangement_merged/chr_11/185290.3~A26.K_11R.png,0,-0.1806469545125362,,0.0011661648750305,-0.8104946060178477,chromosome
0,0.0012452602386474,185290,185290.3~A32.K_11,11,,normal,185290.3~A32.K_11L.png,185290.3~A32.K_11R.png,train,/data5/chensx/MyProject/UAE/data/arrangement_merged/chr_11/185290.3~A32.K_11L.png,/data5/chensx/MyProject/UAE/data/arrangement_merged/chr_11/185290.3~A32.K_11R.png,0,-0.075045573181681,,0.0012452602386474,-0.32274939430111943,chromosome
0,0.0011821389198303,185290,185290.4~A11.K_11,11,,normal,185290.4~A11.K_11L.png,185290.4~A11.K_11R.png,train,/data5/chensx/MyProject/UAE/data/arrangement_merged/chr_11/185290.4~A11.K_11L.png,/data5/chensx/MyProject/UAE/data/arrangement_merged/chr_11/185290.4~A11.K_11R.png,0,-0.1593197727516702,,0.0011821389198303,-0.7119899212099232,chromosome
0,0.0013407468795776,185290,185290.4~A15.K_11,11,,normal,185290.4~A15.K_11L.png,185290.4~A15.K_11R.png,train,/data5/chensx/MyProject/UAE/data/arrangement_merged/chr_11/185290.4~A15.K_11L.png,/data5/chensx/MyProject/UAE/data/arrangement_merged/chr_11/185290.4~A15.K_11R.png,0,0.0524400431649881,,0.0013407468795776,0.2660733857823967,chromosome
0,0.0011438131332397,185290,185290.4~A18.K_11,11,,normal,185290.4~A18.K_11L.png,185290.4~A18.K_11R.png,train,/data5/chensx/MyProject/UAE/data/arrangement_merged/chr_11/185290.4~A18.K_11L.png,/data5/chensx/MyProject/UAE/data/arrangement_merged/chr_11/185290.4~A18.K_11R.png,0,-0.2104890931704643,,0.0011438131332397,-0.9483276537903478,chromosome
0,0.0014897584915161,185290,185290.4~A28.K_11,11,,normal,185290.4~A28.K_11L.png,185290.4~A28.K_11R.png,train,/data5/chensx/MyProject/UAE/data/arrangement_merged/chr_11/185290.4~A28.K_11L.png,/data5/chensx/MyProject/UAE/data/arrangement_merged/chr_11/185290.4~A28.K_11R.png,0,0.2513876342178427,,0.0014897584915161,1.184960370931365,chromosome
0,0.0012816190719604,185290,185290.4~A29.K_11,11,,normal,185290.4~A29.K_11L.png,185290.4~A29.K_11R.png,train,/data5/chensx/MyProject/UAE/data/arrangement_merged/chr_11/185290.4~A29.K_11L.png,/data5/chensx/MyProject/UAE/data/arrangement_merged/chr_11/185290.4~A29.K_11R.png,0,-0.0265023609647845,,0.0012816190719604,-0.0985409699247342,chromosome
0,0.0011103153228759,185290,185290.4~A37.K_11,11,,normal,185290.4~A37.K_11L.png,185290.4~A37.K_11R.png,train,/data5/chensx/MyProject/UAE/data/arrangement_merged/chr_11/185290.4~A37.K_11L.png,/data5/chensx/MyProject/UAE/data/arrangement_merged/chr_11/185290.4~A37.K_11R.png,0,-0.2552125116391461,,0.0011103153228759,-1.1548934480519906,chromosome
0,0.0012410879135131,185290,185290.4~A9.K_11,11,,normal,185290.4~A9.K_11L.png,185290.4~A9.K_11R.png,train,/data5/chensx/MyProject/UAE/data/arrangement_merged/chr_11/185290.4~A9.K_11L.png,/data5/chensx/MyProject/UAE/data/arrangement_merged/chr_11/185290.4~A9.K_11R.png,0,-0.0806161057311609,,0.0012410879135131,-0.3484782298854269,chromosome
0,0.0011851787567138,185824,185824.11~A10.K_11,11,,normal,185824.11~A10.K_11L.png,185824.11~A10.K_11R.png,train,/data5/chensx/MyProject/UAE/data/arrangement_merged/chr_11/185824.11~A10.K_11L.png,/data5/chensx/MyProject/UAE/data/arrangement_merged/chr_11/185824.11~A10.K_11R.png,0,-0.1240263045977377,,0.0011851787567138,-0.693244626713164,chromosome
0,0.001457929611206,185824,185824.11~A15.K_11,11,,normal,185824.11~A15.K_11L.png,185824.11~A15.K_11R.png,train,/data5/chensx/MyProject/UAE/data/arrangement_merged/chr_11/185824.11~A15.K_11L.png,/data5/chensx/MyProject/UAE/data/arrangement_merged/chr_11/185824.11~A15.K_11R.png,0,0.2314128055634307,,0.001457929611206,0.9886861109033208,chromosome
0,0.0013014674186706,185824,185824.11~A31.K_11,11,,normal,185824.11~A31.K_11L.png,185824.11~A31.K_11R.png,train,/data5/chensx/MyProject/UAE/data/arrangement_merged/chr_11/185824.11~A31.K_11L.png,/data5/chensx/MyProject/UAE/data/arrangement_merged/chr_11/185824.11~A31.K_11R.png,0,0.0275168999312044,,0.0013014674186706,0.023854776497058396,chromosome
0,0.0012989044189453,185824,185824.12~A12.K_11,11,,normal,185824.12~A12.K_11L.png,185824.12~A12.K_11R.png,train,/data5/chensx/MyProject/UAE/data/arrangement_merged/chr_11/185824.12~A12.K_11L.png,/data5/chensx/MyProject/UAE/data/arrangement_merged/chr_11/185824.12~A12.K_11R.png,0,0.0241768908103718,,0.0012989044189453,0.008049920352755358,chromosome
0,0.0011393427848815,185824,185824.12~A28.K_11,11,,normal,185824.12~A28.K_11L.png,185824.12~A28.K_11R.png,train,/data5/chensx/MyProject/UAE/data/arrangement_merged/chr_11/185824.12~A28.K_11L.png,/data5/chensx/MyProject/UAE/data/arrangement_merged/chr_11/185824.12~A28.K_11R.png,0,-0.1837580956191404,,0.0011393427848815,-0.9758942633450933,chromosome
0,0.001455545425415,185824,185824.12~A31.K_11,11,,normal,185824.12~A31.K_11L.png,185824.12~A31.K_11R.png,train,/data5/chensx/MyProject/UAE/data/arrangement_merged/chr_11/185824.12~A31.K_11L.png,/data5/chensx/MyProject/UAE/data/arrangement_merged/chr_11/185824.12~A31.K_11R.png,0,0.2283058203347491,,0.001455545425415,0.9739839191410359,chromosome
0,0.0011209249496459,185824,185824.12~A38.K_11,11,,normal,185824.12~A38.K_11L.png,185824.12~A38.K_11R.png,train,/data5/chensx/MyProject/UAE/data/arrangement_merged/chr_11/185824.12~A38.K_11L.png,/data5/chensx/MyProject/UAE/data/arrangement_merged/chr_11/185824.12~A38.K_11R.png,0,-0.2077595565107053,,0.0011209249496459,-1.0894686947095147,chromosome
0,0.0013051033020019,185824,185824.12~A48.K_11,11,,normal,185824.12~A48.K_11L.png,185824.12~A48.K_11R.png,train,/data5/chensx/MyProject/UAE/data/arrangement_merged/chr_11/185824.12~A48.K_11L.png,/data5/chensx/MyProject/UAE/data/arrangement_merged/chr_11/185824.12~A48.K_11R.png,0,0.0322550524049438,,0.0013051033020019,0.04627561893469639,chromosome
0,0.00122731924057,185824,185824.12~A7.K_11,11,,normal,185824.12~A7.K_11L.png,185824.12~A7.K_11R.png,train,/data5/chensx/MyProject/UAE/data/arrangement_merged/chr_11/185824.12~A7.K_11L.png,/data5/chensx/MyProject/UAE/data/arrangement_merged/chr_11/185824.12~A7.K_11R.png,0,-0.0691103406807915,,0.00122731924057,-0.4333833873130833,chromosome
0,0.0013904571533203,185824,185824.13~A1.K_11,11,,normal,185824.13~A1.K_11L.png,185824.13~A1.K_11R.png,train,/data5/chensx/MyProject/UAE/data/arrangement_merged/chr_11/185824.13~A1.K_11L.png,/data5/chensx/MyProject/UAE/data/arrangement_merged/chr_11/185824.13~A1.K_11R.png,0,0.143485123591743,,0.0013904571533203,0.5726140840281928,chromosome
0,0.0011887550354003,185824,185824.13~A14.K_11,11,,normal,185824.13~A14.K_11L.png,185824.13~A14.K_11R.png,train,/data5/chensx/MyProject/UAE/data/arrangement_merged/chr_11/185824.13~A14.K_11L.png,/data5/chensx/MyProject/UAE/data/arrangement_merged/chr_11/185824.13~A14.K_11R.png,0,-0.1193658267547154,,0.0011887550354003,-0.6711913390697366,chromosome
0,0.0013079047203063,185824,185824.13~A5.K_11,11,,normal,185824.13~A5.K_11L.png,185824.13~A5.K_11R.png,train,/data5/chensx/MyProject/UAE/data/arrangement_merged/chr_11/185824.13~A5.K_11L.png,/data5/chensx/MyProject/UAE/data/arrangement_merged/chr_11/185824.13~A5.K_11R.png,0,0.0359057600486446,,0.0013079047203063,0.06355069425522684,chromosome
0,0.0012205839157104,185824,185824.1~A10.K_11,11,,normal,185824.1~A10.K_11L.png,185824.1~A10.K_11R.png,train,/data5/chensx/MyProject/UAE/data/arrangement_merged/chr_11/185824.1~A10.K_11L.png,/data5/chensx/MyProject/UAE/data/arrangement_merged/chr_11/185824.1~A10.K_11R.png,0,-0.0778875739518168,,0.0012205839157104,-0.47491707904169245,chromosome
0,0.0014219284057617,185824,185824.1~A11.K_11,11,,normal,185824.1~A11.K_11L.png,185824.1~A11.K_11R.png,train,/data5/chensx/MyProject/UAE/data/arrangement_merged/chr_11/185824.1~A11.K_11L.png,/data5/chensx/MyProject/UAE/data/arrangement_merged/chr_11/185824.1~A11.K_11R.png,0,0.1844973286103394,,0.0014219284057617,0.7666830152915869,chromosome
0,0.0012773871421813,185824,185824.1~A18.K_11,11,,normal,185824.1~A18.K_11L.png,185824.1~A18.K_11R.png,train,/data5/chensx/MyProject/UAE/data/arrangement_merged/chr_11/185824.1~A18.K_11L.png,/data5/chensx/MyProject/UAE/data/arrangement_merged/chr_11/185824.1~A18.K_11R.png,0,-0.0038636508784791,,0.0012773871421813,-0.12463736030325229,chromosome
0,0.001122236251831,185824,185824.1~A39.K_11,11,,normal,185824.1~A39.K_11L.png,185824.1~A39.K_11R.png,train,/data5/chensx/MyProject/UAE/data/arrangement_merged/chr_11/185824.1~A39.K_11L.png,/data5/chensx/MyProject/UAE/data/arrangement_merged/chr_11/185824.1~A39.K_11R.png,0,-0.2060507146349305,,0.001122236251831,-1.0813824892399497,chromosome
0,0.0012438297271728,185824,185824.2~A10.K_11,11,,normal,185824.2~A10.K_11L.png,185824.2~A10.K_11R.png,train,/data5/chensx/MyProject/UAE/data/arrangement_merged/chr_11/185824.2~A10.K_11L.png,/data5/chensx/MyProject/UAE/data/arrangement_merged/chr_11/185824.2~A10.K_11R.png,0,-0.0475944679721718,,0.0012438297271728,-0.33157070935849065,chromosome
0,0.0011212825775146,185824,185824.2~A11.K_11,11,,normal,185824.2~A11.K_11L.png,185824.2~A11.K_11R.png,train,/data5/chensx/MyProject/UAE/data/arrangement_merged/chr_11/185824.2~A11.K_11L.png,/data5/chensx/MyProject/UAE/data/arrangement_merged/chr_11/185824.2~A11.K_11R.png,0,-0.2072935087264031,,0.0011212825775146,-1.0872633659448634,chromosome
0,0.0013832449913024,185824,185824.2~A14.K_11,11,,normal,185824.2~A14.K_11L.png,185824.2~A14.K_11R.png,train,/data5/chensx/MyProject/UAE/data/arrangement_merged/chr_11/185824.2~A14.K_11L.png,/data5/chensx/MyProject/UAE/data/arrangement_merged/chr_11/185824.2~A14.K_11R.png,0,0.1340864932749813,,0.0013832449913024,0.528139953946511,chromosome
0,0.0011432170867919,185824,185824.2~A17.K_11,11,,normal,185824.2~A17.K_11L.png,185824.2~A17.K_11R.png,train,/data5/chensx/MyProject/UAE/data/arrangement_merged/chr_11/185824.2~A17.K_11L.png,/data5/chensx/MyProject/UAE/data/arrangement_merged/chr_11/185824.2~A17.K_11R.png,0,-0.1787092446225329,,0.0011432170867919,-0.9520032017312265,chromosome
0,0.0010970830917358,185824,185824.2~A2.K_11,11,,normal,185824.2~A2.K_11L.png,185824.2~A2.K_11R.png,train,/data5/chensx/MyProject/UAE/data/arrangement_merged/chr_11/185824.2~A2.K_11L.png,/data5/chensx/MyProject/UAE/data/arrangement_merged/chr_11/185824.2~A2.K_11R.png,0,-0.2388294087975207,,0.0010970830917358,-1.2364906123329802,chromosome
0,0.0009071230888366,185824,185824.2~A25.K_11,11,,normal,185824.2~A25.K_11L.png,185824.2~A25.K_11R.png,train,/data5/chensx/MyProject/UAE/data/arrangement_merged/chr_11/185824.2~A25.K_11L.png,/data5/chensx/MyProject/UAE/data/arrangement_merged/chr_11/185824.2~A25.K_11R.png,0,-0.4863784568927227,,0.0009071230888366,-2.407887741000886,chromosome
0,0.0012041330337524,185824,185824.2~A27.K_11,11,,normal,185824.2~A27.K_11L.png,185824.2~A27.K_11R.png,train,/data5/chensx/MyProject/UAE/data/arrangement_merged/chr_11/185824.2~A27.K_11L.png,/data5/chensx/MyProject/UAE/data/arrangement_merged/chr_11/185824.2~A27.K_11R.png,0,-0.0993257720297195,,0.0012041330337524,-0.5763622022020745,chromosome
0,0.0012786388397216,185824,185824.2~A7.K_11,11,,normal,185824.2~A7.K_11L.png,185824.2~A7.K_11R.png,train,/data5/chensx/MyProject/UAE/data/arrangement_merged/chr_11/185824.2~A7.K_11L.png,/data5/chensx/MyProject/UAE/data/arrangement_merged/chr_11/185824.2~A7.K_11R.png,0,-0.0022324836334212,,0.0012786388397216,-0.11691870962789787,chromosome
0,0.0010932087898254,185824,185824.2~A8.K_11,11,,normal,185824.2~A8.K_11L.png,185824.2~A8.K_11R.png,train,/data5/chensx/MyProject/UAE/data/arrangement_merged/chr_11/185824.2~A8.K_11L.png,/data5/chensx/MyProject/UAE/data/arrangement_merged/chr_11/185824.2~A8.K_11R.png,0,-0.2438782597941282,,0.0010932087898254,-1.260381673946847,chromosome
0,0.0012756586074829,185824,185824.2~A9.K_11,11,,normal,185824.2~A9.K_11L.png,185824.2~A9.K_11R.png,train,/data5/chensx/MyProject/UAE/data/arrangement_merged/chr_11/185824.2~A9.K_11L.png,/data5/chensx/MyProject/UAE/data/arrangement_merged/chr_11/185824.2~A9.K_11R.png,0,-0.0061162151692732,,0.0012756586074829,-0.13529644933044646,chromosome
0,0.0013118386268615,185824,185824.3~A18.K_11,11,,normal,185824.3~A18.K_11L.png,185824.3~A18.K_11R.png,train,/data5/chensx/MyProject/UAE/data/arrangement_merged/chr_11/185824.3~A18.K_11L.png,/data5/chensx/MyProject/UAE/data/arrangement_merged/chr_11/185824.3~A18.K_11R.png,0,0.0410322856759691,,0.0013118386268615,0.08780931066330555,chromosome
0,0.0013909935951232,185824,185824.3~A2.K_11,11,,normal,185824.3~A2.K_11L.png,185824.3~A2.K_11R.png,train,/data5/chensx/MyProject/UAE/data/arrangement_merged/chr_11/185824.3~A2.K_11L.png,/data5/chensx/MyProject/UAE/data/arrangement_merged/chr_11/185824.3~A2.K_11R.png,0,0.1441841952681964,,0.0013909935951232,0.5759220771742445,chromosome
0,0.0012842416763305,185824,185824.3~A28.K_11,11,,normal,185824.3~A28.K_11L.png,185824.3~A28.K_11R.png,train,/data5/chensx/MyProject/UAE/data/arrangement_merged/chr_11/185824.3~A28.K_11L.png,/data5/chensx/MyProject/UAE/data/arrangement_merged/chr_11/185824.3~A28.K_11R.png,0,0.0050689316539803,,0.0012842416763305,-0.08236855898622053,chromosome
0,0.0009862184524536,185824,185824.3~A41.K_11,11,,normal,185824.3~A41.K_11L.png,185824.3~A41.K_11R.png,train,/data5/chensx/MyProject/UAE/data/arrangement_merged/chr_11/185824.3~A41.K_11L.png,/data5/chensx/MyProject/UAE/data/arrangement_merged/chr_11/185824.3~A41.K_11R.png,0,-0.3833042219312125,,0.0009862184524536,-1.9201425292835408,chromosome
0,0.0013058185577392,185824,185824.3~A43.K_11,11,,normal,185824.3~A43.K_11L.png,185824.3~A43.K_11R.png,train,/data5/chensx/MyProject/UAE/data/arrangement_merged/chr_11/185824.3~A43.K_11L.png,/data5/chensx/MyProject/UAE/data/arrangement_merged/chr_11/185824.3~A43.K_11R.png,0,0.0331871479735482,,0.0013058185577392,0.05068627646338132,chromosome
0,0.001224935054779,185824,185824.3~A46.K_11,11,,normal,185824.3~A46.K_11L.png,185824.3~A46.K_11R.png,train,/data5/chensx/MyProject/UAE/data/arrangement_merged/chr_11/185824.3~A46.K_11L.png,/data5/chensx/MyProject/UAE/data/arrangement_merged/chr_11/185824.3~A46.K_11R.png,0,-0.072217325909473,,0.001224935054779,-0.4480855790753682,chromosome
0,0.0015226602554321,186193,186193.11~A23.K_11,11,,normal,186193.11~A23.K_11L.png,186193.11~A23.K_11R.png,train,/data5/chensx/MyProject/UAE/data/arrangement_merged/chr_11/186193.11~A23.K_11L.png,/data5/chensx/MyProject/UAE/data/arrangement_merged/chr_11/186193.11~A23.K_11R.png,0,0.2415682575413804,,0.0015226602554321,1.387850617252129,chromosome
0,0.0013309717178344,186193,186193.12~A4.K_11,11,,normal,186193.12~A4.K_11L.png,186193.12~A4.K_11R.png,train,/data5/chensx/MyProject/UAE/data/arrangement_merged/chr_11/186193.12~A4.K_11L.png,/data5/chensx/MyProject/UAE/data/arrangement_merged/chr_11/186193.12~A4.K_11R.png,0,0.0031916612940745,,0.0013309717178344,0.20579439955641188,chromosome
0,0.0014293193817138,186193,186193.13~A11.K_11,11,,normal,186193.13~A11.K_11L.png,186193.13~A11.K_11R.png,train,/data5/chensx/MyProject/UAE/data/arrangement_merged/chr_11/186193.13~A11.K_11L.png,/data5/chensx/MyProject/UAE/data/arrangement_merged/chr_11/186193.13~A11.K_11R.png,0,0.1254930866075244,,0.0014293193817138,0.812259809754669,chromosome
0,0.0012203454971313,186193,186193.13~A22.K_11,11,,normal,186193.13~A22.K_11L.png,186193.13~A22.K_11R.png,train,/data5/chensx/MyProject/UAE/data/arrangement_merged/chr_11/186193.13~A22.K_11L.png,/data5/chensx/MyProject/UAE/data/arrangement_merged/chr_11/186193.13~A22.K_11R.png,0,-0.1343789116645695,,0.0012203454971313,-0.4763872982179212,chromosome
0,0.0013720989227294,186193,186193.13~A4.K_11,11,,normal,186193.13~A4.K_11L.png,186193.13~A4.K_11R.png,train,/data5/chensx/MyProject/UAE/data/arrangement_merged/chr_11/186193.13~A4.K_11L.png,/data5/chensx/MyProject/UAE/data/arrangement_merged/chr_11/186193.13~A4.K_11R.png,0,0.0543358936978808,,0.0013720989227294,0.4594072074573669,chromosome
0,0.0014082789421081,186193,186193.13~A41.K_11,11,,normal,186193.13~A41.K_11L.png,186193.13~A41.K_11R.png,train,/data5/chensx/MyProject/UAE/data/arrangement_merged/chr_11/186193.13~A41.K_11L.png,/data5/chensx/MyProject/UAE/data/arrangement_merged/chr_11/186193.13~A41.K_11R.png,0,0.0993279937980409,,0.0014082789421081,0.6825129674517354,chromosome
0,0.0012033581733703,186193,186193.13~A5.K_11,11,,normal,186193.13~A5.K_11L.png,186193.13~A5.K_11R.png,train,/data5/chensx/MyProject/UAE/data/arrangement_merged/chr_11/186193.13~A5.K_11L.png,/data5/chensx/MyProject/UAE/data/arrangement_merged/chr_11/186193.13~A5.K_11R.png,0,-0.1555037033096199,,0.0012033581733703,-0.5811404145249713,chromosome
0,0.0011582970619201,186193,186193.1~A34.K_11,11,,normal,186193.1~A34.K_11L.png,186193.1~A34.K_11R.png,train,/data5/chensx/MyProject/UAE/data/arrangement_merged/chr_11/186193.1~A34.K_11L.png,/data5/chensx/MyProject/UAE/data/arrangement_merged/chr_11/186193.1~A34.K_11R.png,0,-0.2115399927259642,,0.0011582970619201,-0.8590118388340038,chromosome
0,0.0015669465065002,186193,186193.1~A38.K_11,11,,normal,186193.1~A38.K_11L.png,186193.1~A38.K_11R.png,train,/data5/chensx/MyProject/UAE/data/arrangement_merged/chr_11/186193.1~A38.K_11L.png,/data5/chensx/MyProject/UAE/data/arrangement_merged/chr_11/186193.1~A38.K_11R.png,0,0.2966409599704065,,0.0015669465065002,1.6609438292382646,chromosome
0,0.0012202262878417,186193,186193.1~A44.K_11,11,,normal,186193.1~A44.K_11L.png,186193.1~A44.K_11R.png,train,/data5/chensx/MyProject/UAE/data/arrangement_merged/chr_11/186193.1~A44.K_11L.png,/data5/chensx/MyProject/UAE/data/arrangement_merged/chr_11/186193.1~A44.K_11R.png,0,-0.1345271558164646,,0.0012202262878417,-0.4771224078063438,chromosome
0,0.0011320114135742,186193,186193.1~A8.K_11,11,,normal,186193.1~A8.K_11L.png,186193.1~A8.K_11R.png,train,/data5/chensx/MyProject/UAE/data/arrangement_merged/chr_11/186193.1~A8.K_11L.png,/data5/chensx/MyProject/UAE/data/arrangement_merged/chr_11/186193.1~A8.K_11R.png,0,-0.2442278282188317,,0.0011320114135742,-1.0211035030139648,chromosome
0,0.0013062953948974,186193,186193.2~A1.K_11,11,,normal,186193.2~A1.K_11L.png,186193.2~A1.K_11R.png,train,/data5/chensx/MyProject/UAE/data/arrangement_merged/chr_11/186193.2~A1.K_11L.png,/data5/chensx/MyProject/UAE/data/arrangement_merged/chr_11/186193.2~A1.K_11R.png,0,-0.0274948781482091,,0.0013062953948974,0.05362671481583884,chromosome
0,0.0016955137252807,186193,186193.2~A12.K_11,11,,normal,186193.2~A12.K_11L.png,186193.2~A12.K_11R.png,train,/data5/chensx/MyProject/UAE/data/arrangement_merged/chr_11/186193.2~A12.K_11L.png,/data5/chensx/MyProject/UAE/data/arrangement_merged/chr_11/186193.2~A12.K_11R.png,0,0.4565222777892618,,0.0016955137252807,2.4537595200245614,chromosome
0,0.0013751983642578,186193,186193.2~A14.K_11,11,,normal,186193.2~A14.K_11L.png,186193.2~A14.K_11R.png,train,/data5/chensx/MyProject/UAE/data/arrangement_merged/chr_11/186193.2~A14.K_11L.png,/data5/chensx/MyProject/UAE/data/arrangement_merged/chr_11/186193.2~A14.K_11R.png,0,0.0581902416471532,,0.0013751983642578,0.4785200567489532,chromosome
0,0.0011610984802246,186193,186193.2~A15.K_11,11,,normal,186193.2~A15.K_11L.png,186193.2~A15.K_11R.png,train,/data5/chensx/MyProject/UAE/data/arrangement_merged/chr_11/186193.2~A15.K_11L.png,/data5/chensx/MyProject/UAE/data/arrangement_merged/chr_11/186193.2~A15.K_11R.png,0,-0.2080562551564296,,0.0011610984802246,-0.8417367635128569,chromosome
0,0.0012686848640441,186193,186193.2~A24.K_11,11,,normal,186193.2~A24.K_11L.png,186193.2~A24.K_11R.png,train,/data5/chensx/MyProject/UAE/data/arrangement_merged/chr_11/186193.2~A24.K_11L.png,/data5/chensx/MyProject/UAE/data/arrangement_merged/chr_11/186193.2~A24.K_11R.png,0,-0.0742659080711102,,0.0012686848640441,-0.17830036023590082,chromosome
0,0.0010966062545776,186193,186193.2~A3.K_11,11,,normal,186193.2~A3.K_11L.png,186193.2~A3.K_11R.png,train,/data5/chensx/MyProject/UAE/data/arrangement_merged/chr_11/186193.2~A3.K_11L.png,/data5/chensx/MyProject/UAE/data/arrangement_merged/chr_11/186193.2~A3.K_11R.png,0,-0.2882563413316736,,0.0010966062545776,-1.2394310506854365,chromosome
0,0.0012092590332031,186193,186193.2~A37.K_11,11,,normal,186193.2~A37.K_11L.png,186193.2~A37.K_11R.png,train,/data5/chensx/MyProject/UAE/data/arrangement_merged/chr_11/186193.2~A37.K_11L.png,/data5/chensx/MyProject/UAE/data/arrangement_merged/chr_11/186193.2~A37.K_11R.png,0,-0.1481656177908129,,0.0012092590332031,-0.5447524899128533,chromosome
0,0.0012978911399841,186193,186193.2~A4.K_11,11,,normal,186193.2~A4.K_11L.png,186193.2~A4.K_11R.png,train,/data5/chensx/MyProject/UAE/data/arrangement_merged/chr_11/186193.2~A4.K_11L.png,/data5/chensx/MyProject/UAE/data/arrangement_merged/chr_11/186193.2~A4.K_11R.png,0,-0.037946090856813,,0.0012978911399841,0.0018014888536310354,chromosome
0,0.0015978813171386,186193,186193.2~A42.K_11,11,,normal,186193.2~A42.K_11L.png,186193.2~A42.K_11R.png,train,/data5/chensx/MyProject/UAE/data/arrangement_merged/chr_11/186193.2~A42.K_11L.png,/data5/chensx/MyProject/UAE/data/arrangement_merged/chr_11/186193.2~A42.K_11R.png,0,0.3351103173871826,,0.0015978813171386,1.8517047673549907,chromosome
0,0.0012661814689636,186193,186193.2~A44.K_11,11,,normal,186193.2~A44.K_11L.png,186193.2~A44.K_11R.png,train,/data5/chensx/MyProject/UAE/data/arrangement_merged/chr_11/186193.2~A44.K_11L.png,/data5/chensx/MyProject/UAE/data/arrangement_merged/chr_11/186193.2~A44.K_11R.png,0,-0.0773790352609071,,0.0012661814689636,-0.19373766158599054,chromosome
0,0.0015496611595153,186193,186193.2~A46.K_11,11,,normal,186193.2~A46.K_11L.png,186193.2~A46.K_11R.png,train,/data5/chensx/MyProject/UAE/data/arrangement_merged/chr_11/186193.2~A46.K_11L.png,/data5/chensx/MyProject/UAE/data/arrangement_merged/chr_11/186193.2~A46.K_11R.png,0,0.2751455579456184,,0.0015496611595153,1.554352938960775,chromosome
0,0.001948058605194,186193,186193.2~A48.K_11,11,,normal,186193.2~A48.K_11L.png,186193.2~A48.K_11R.png,train,/data5/chensx/MyProject/UAE/data/arrangement_merged/chr_11/186193.2~A48.K_11L.png,/data5/chensx/MyProject/UAE/data/arrangement_merged/chr_11/186193.2~A48.K_11R.png,0,0.7705775135790115,,0.001948058605194,4.0110891824546036,chromosome
0,0.0013165473937988,186193,186193.2~A5.K_11,11,,normal,186193.2~A5.K_11L.png,186193.2~A5.K_11R.png,train,/data5/chensx/MyProject/UAE/data/arrangement_merged/chr_11/186193.2~A5.K_11L.png,/data5/chensx/MyProject/UAE/data/arrangement_merged/chr_11/186193.2~A5.K_11R.png,0,-0.0147458810852313,,0.0013165473937988,0.11684613939427983,chromosome
0,0.0012329816818237,186193,186193.2~A50.K_11,11,,normal,186193.2~A50.K_11L.png,186193.2~A50.K_11R.png,train,/data5/chensx/MyProject/UAE/data/arrangement_merged/chr_11/186193.2~A50.K_11L.png,/data5/chensx/MyProject/UAE/data/arrangement_merged/chr_11/186193.2~A50.K_11R.png,0,-0.1186650315636899,,0.0012329816818237,-0.39846568187719533,chromosome
0,0.0010868906974792,186193,186193.2~A7.K_11,11,,normal,186193.2~A7.K_11L.png,186193.2~A7.K_11R.png,train,/data5/chensx/MyProject/UAE/data/arrangement_merged/chr_11/186193.2~A7.K_11L.png,/data5/chensx/MyProject/UAE/data/arrangement_merged/chr_11/186193.2~A7.K_11R.png,0,-0.3003382397111235,,0.0010868906974792,-1.2993424821172106,chromosome
0,0.0015223026275634,186193,186193.3~A15.K_11,11,,normal,186193.3~A15.K_11L.png,186193.3~A15.K_11R.png,train,/data5/chensx/MyProject/UAE/data/arrangement_merged/chr_11/186193.3~A15.K_11L.png,/data5/chensx/MyProject/UAE/data/arrangement_merged/chr_11/186193.3~A15.K_11R.png,0,0.2411235250856951,,0.0015223026275634,1.3856452884874777,chromosome
0,0.0016286373138427,186193,186193.3~A6.K_11,11,,normal,186193.3~A6.K_11L.png,186193.3~A6.K_11R.png,train,/data5/chensx/MyProject/UAE/data/arrangement_merged/chr_11/186193.3~A6.K_11L.png,/data5/chensx/MyProject/UAE/data/arrangement_merged/chr_11/186193.3~A6.K_11R.png,0,0.373357308576116,,0.0016286373138427,2.041363041089697,chromosome
0,0.0011414289474487,Q242362,Q242362.11~A39.K_11,11,,normal,Q242362.11~A39.K_11L.png,Q242362.11~A39.K_11R.png,train,/data5/chensx/MyProject/UAE/data/arrangement_merged/chr_11/Q242362.11~A39.K_11L.png,/data5/chensx/MyProject/UAE/data/arrangement_merged/chr_11/Q242362.11~A39.K_11R.png,0,-0.2320898307418289,,0.0011414289474487,-0.9630298455526327,chromosome
0,0.0010771751403808,Q242362,Q242362.12~A25.K_11,11,,normal,Q242362.12~A25.K_11L.png,Q242362.12~A25.K_11R.png,train,/data5/chensx/MyProject/UAE/data/arrangement_merged/chr_11/Q242362.12~A25.K_11L.png,/data5/chensx/MyProject/UAE/data/arrangement_merged/chr_11/Q242362.12~A25.K_11R.png,0,-0.3164771524989208,,0.0010771751403808,-1.3592539135489834,chromosome
0,0.0012171268463134,Q242362,Q242362.12~A30.K_11,11,,normal,Q242362.12~A30.K_11L.png,Q242362.12~A30.K_11R.png,train,/data5/chensx/MyProject/UAE/data/arrangement_merged/chr_11/Q242362.12~A30.K_11L.png,/data5/chensx/MyProject/UAE/data/arrangement_merged/chr_11/Q242362.12~A30.K_11R.png,0,-0.1326724850725276,,0.0012171268463134,-0.49623525709731364,chromosome
0,0.001453161239624,Q242362,Q242362.12~A6.K_11,11,,normal,Q242362.12~A6.K_11L.png,Q242362.12~A6.K_11R.png,train,/data5/chensx/MyProject/UAE/data/arrangement_merged/chr_11/Q242362.12~A6.K_11L.png,/data5/chensx/MyProject/UAE/data/arrangement_merged/chr_11/Q242362.12~A6.K_11R.png,0,0.1773217581167897,,0.001453161239624,0.959281727378751,chromosome
0,0.0009869337081909,Q242362,Q242362.13~A12.K_11,11,,normal,Q242362.13~A12.K_11L.png,Q242362.13~A12.K_11R.png,train,/data5/chensx/MyProject/UAE/data/arrangement_merged/chr_11/Q242362.13~A12.K_11L.png,/data5/chensx/MyProject/UAE/data/arrangement_merged/chr_11/Q242362.13~A12.K_11R.png,0,-0.4349951535566548,,0.0009869337081909,-1.9157318717548557,chromosome
0,0.0011801123619079,Q242362,Q242362.13~A3.K_11,11,,normal,Q242362.13~A3.K_11L.png,Q242362.13~A3.K_11R.png,train,/data5/chensx/MyProject/UAE/data/arrangement_merged/chr_11/Q242362.13~A3.K_11L.png,/data5/chensx/MyProject/UAE/data/arrangement_merged/chr_11/Q242362.13~A3.K_11R.png,0,-0.1812852186635796,,0.0011801123619079,-0.7244867842081733,chromosome
0,0.0013298988342285,Q242362,Q242362.13~A33.K_11,11,,normal,Q242362.13~A33.K_11L.png,Q242362.13~A33.K_11R.png,train,/data5/chensx/MyProject/UAE/data/arrangement_merged/chr_11/Q242362.13~A33.K_11L.png,/data5/chensx/MyProject/UAE/data/arrangement_merged/chr_11/Q242362.13~A33.K_11R.png,0,0.0154358755623684,,0.0013298988342285,0.199178413263692,chromosome
0,0.0013352632522583,Q242362,Q242362.13~A6.K_11,11,,normal,Q242362.13~A6.K_11L.png,Q242362.13~A6.K_11R.png,train,/data5/chensx/MyProject/UAE/data/arrangement_merged/chr_11/Q242362.13~A6.K_11L.png,/data5/chensx/MyProject/UAE/data/arrangement_merged/chr_11/Q242362.13~A6.K_11R.png,0,0.0224811992712165,,0.0013352632522583,0.2322583447291406,chromosome
0,0.0015702247619628,Q242362,Q242362.14~A13.K_11,11,,normal,Q242362.14~A13.K_11L.png,Q242362.14~A13.K_11R.png,train,/data5/chensx/MyProject/UAE/data/arrangement_merged/chr_11/Q242362.14~A13.K_11L.png,/data5/chensx/MyProject/UAE/data/arrangement_merged/chr_11/Q242362.14~A13.K_11R.png,0,0.3310663777187642,,0.0015702247619628,1.6811593429112526,chromosome
0,0.0011239051818847,Q242362,Q242362.14~A25.K_11,11,,normal,Q242362.14~A25.K_11L.png,Q242362.14~A25.K_11R.png,train,/data5/chensx/MyProject/UAE/data/arrangement_merged/chr_11/Q242362.14~A25.K_11L.png,/data5/chensx/MyProject/UAE/data/arrangement_merged/chr_11/Q242362.14~A25.K_11R.png,0,-0.2551045548573994,,0.0011239051818847,-1.071090955006351,chromosome
0,0.0012761354446411,Q242362,Q242362.14~A29.K_11,11,,normal,Q242362.14~A29.K_11L.png,Q242362.14~A29.K_11R.png,train,/data5/chensx/MyProject/UAE/data/arrangement_merged/chr_11/Q242362.14~A29.K_11L.png,/data5/chensx/MyProject/UAE/data/arrangement_merged/chr_11/Q242362.14~A29.K_11R.png,0,-0.0551739242751982,,0.0012761354446411,-0.13235601097798894,chromosome
0,0.0013723373413085,Q242362,Q242362.14~A36.K_11,11,,normal,Q242362.14~A36.K_11L.png,Q242362.14~A36.K_11R.png,train,/data5/chensx/MyProject/UAE/data/arrangement_merged/chr_11/Q242362.14~A36.K_11L.png,/data5/chensx/MyProject/UAE/data/arrangement_merged/chr_11/Q242362.14~A36.K_11R.png,0,0.0711722142368113,,0.0013723373413085,0.46087742663359565,chromosome
0,0.001500129699707,Q242362,Q242362.14~A48.K_11,11,,normal,Q242362.14~A48.K_11L.png,Q242362.14~A48.K_11R.png,train,/data5/chensx/MyProject/UAE/data/arrangement_merged/chr_11/Q242362.14~A48.K_11L.png,/data5/chensx/MyProject/UAE/data/arrangement_merged/chr_11/Q242362.14~A48.K_11R.png,0,0.2390074812564821,,0.001500129699707,1.248914905097612,chromosome
0,0.0011677742004394,Q242362,Q242362.1~A28.K_11,11,,normal,Q242362.1~A28.K_11L.png,Q242362.1~A28.K_11R.png,train,/data5/chensx/MyProject/UAE/data/arrangement_merged/chr_11/Q242362.1~A28.K_11L.png,/data5/chensx/MyProject/UAE/data/arrangement_merged/chr_11/Q242362.1~A28.K_11R.png,0,-0.1974894631939303,,0.0011677742004394,-0.8005706265784597,chromosome
0,0.0012351274490356,Q242362,Q242362.1~A32.K_11,11,,normal,Q242362.1~A32.K_11L.png,Q242362.1~A32.K_11R.png,train,/data5/chensx/MyProject/UAE/data/arrangement_merged/chr_11/Q242362.1~A32.K_11L.png,/data5/chensx/MyProject/UAE/data/arrangement_merged/chr_11/Q242362.1~A32.K_11R.png,0,-0.109031509960615,,0.0012351274490356,-0.3852337092911378,chromosome
0,0.0012852549552917,Q242362,Q242362.1~A4.K_11,11,,normal,Q242362.1~A4.K_11L.png,Q242362.1~A4.K_11R.png,train,/data5/chensx/MyProject/UAE/data/arrangement_merged/chr_11/Q242362.1~A4.K_11L.png,/data5/chensx/MyProject/UAE/data/arrangement_merged/chr_11/Q242362.1~A4.K_11R.png,0,-0.0431968739701564,,0.0012852549552917,-0.0761201274870962,chromosome
0,0.0014749765396118,Q242362,Q242362.1~A9.K_11,11,,normal,Q242362.1~A9.K_11L.png,Q242362.1~A9.K_11R.png,train,/data5/chensx/MyProject/UAE/data/arrangement_merged/chr_11/Q242362.1~A9.K_11L.png,/data5/chensx/MyProject/UAE/data/arrangement_merged/chr_11/Q242362.1~A9.K_11R.png,0,0.2059727411994387,,0.0014749765396118,1.0938067820045816,chromosome
0,0.0013415813446044,Q242362,Q242362.2~A14.K_11,11,,normal,Q242362.2~A14.K_11L.png,Q242362.2~A14.K_11R.png,train,/data5/chensx/MyProject/UAE/data/arrangement_merged/chr_11/Q242362.2~A14.K_11L.png,/data5/chensx/MyProject/UAE/data/arrangement_merged/chr_11/Q242362.2~A14.K_11R.png,0,0.0307790249727487,,0.0013415813446044,0.27121915289888776,chromosome
0,0.0012609958648681,Q242362,Q242362.2~A2.K_11,11,,normal,Q242362.2~A2.K_11L.png,Q242362.2~A2.K_11R.png,train,/data5/chensx/MyProject/UAE/data/arrangement_merged/chr_11/Q242362.2~A2.K_11L.png,/data5/chensx/MyProject/UAE/data/arrangement_merged/chr_11/Q242362.2~A2.K_11R.png,0,-0.0750573934090585,,0.0012609958648681,-0.22571492866942233,chromosome
0,0.001144528388977,Q242362,Q242362.2~A7.K_11,11,,normal,Q242362.2~A7.K_11L.png,Q242362.2~A7.K_11R.png,train,/data5/chensx/MyProject/UAE/data/arrangement_merged/chr_11/Q242362.2~A7.K_11L.png,/data5/chensx/MyProject/UAE/data/arrangement_merged/chr_11/Q242362.2~A7.K_11R.png,0,-0.2280191992656055,,0.001144528388977,-0.9439169962616616,chromosome
0,0.0013039112091064,Q242362,Q242362.2~A9.K_11,11,,normal,Q242362.2~A9.K_11L.png,Q242362.2~A9.K_11R.png,train,/data5/chensx/MyProject/UAE/data/arrangement_merged/chr_11/Q242362.2~A9.K_11L.png,/data5/chensx/MyProject/UAE/data/arrangement_merged/chr_11/Q242362.2~A9.K_11R.png,0,-0.0186948037382735,,0.0013039112091064,0.03892452305355393,chromosome
0,0.0013871192932128,Q242362,Q242362.3~A15.K_11,11,,normal,Q242362.3~A15.K_11L.png,Q242362.3~A15.K_11R.png,train,/data5/chensx/MyProject/UAE/data/arrangement_merged/chr_11/Q242362.3~A15.K_11L.png,/data5/chensx/MyProject/UAE/data/arrangement_merged/chr_11/Q242362.3~A15.K_11R.png,0,0.090585995123415,,0.0013871192932128,0.5520310155603777,chromosome
0,0.0014262199401855,Q242362,Q242362.4~A30.K_11,11,,normal,Q242362.4~A30.K_11L.png,Q242362.4~A30.K_11R.png,train,/data5/chensx/MyProject/UAE/data/arrangement_merged/chr_11/Q242362.4~A30.K_11L.png,/data5/chensx/MyProject/UAE/data/arrangement_merged/chr_11/Q242362.4~A30.K_11R.png,0,0.1419385768234635,,0.0014262199401855,0.7931469604636993,chromosome
0,0.0013161897659301,Q242362,Q242362.4~A42.K_11,11,,normal,Q242362.4~A42.K_11L.png,Q242362.4~A42.K_11R.png,train,/data5/chensx/MyProject/UAE/data/arrangement_merged/chr_11/Q242362.4~A42.K_11L.png,/data5/chensx/MyProject/UAE/data/arrangement_merged/chr_11/Q242362.4~A42.K_11R.png,0,-0.0025688405824656,,0.0013161897659301,0.11464081062962982,chromosome
0,0.0012314319610595,Q242664,Q242664.11~A21.K_11,11,,normal,Q242664.11~A21.K_11L.png,Q242664.11~A21.K_11R.png,train,/data5/chensx/MyProject/UAE/data/arrangement_merged/chr_11/Q242664.11~A21.K_11L.png,/data5/chensx/MyProject/UAE/data/arrangement_merged/chr_11/Q242664.11~A21.K_11R.png,0,-0.0493878283232394,,0.0012314319610595,-0.40802210652298776,chromosome
0,0.0011982321739196,Q242664,Q242664.12~A1.K_11,11,,normal,Q242664.12~A1.K_11L.png,Q242664.12~A1.K_11R.png,train,/data5/chensx/MyProject/UAE/data/arrangement_merged/chr_11/Q242664.12~A1.K_11L.png,/data5/chensx/MyProject/UAE/data/arrangement_merged/chr_11/Q242664.12~A1.K_11R.png,0,-0.094324504169387,,0.0011982321739196,-0.6127501268141912,chromosome
0,0.0013555288314819,Q242664,Q242664.12~A16.K_11,11,,normal,Q242664.12~A16.K_11L.png,Q242664.12~A16.K_11R.png,train,/data5/chensx/MyProject/UAE/data/arrangement_merged/chr_11/Q242664.12~A16.K_11L.png,/data5/chensx/MyProject/UAE/data/arrangement_merged/chr_11/Q242664.12~A16.K_11R.png,0,0.1185801413566158,,0.0013555288314819,0.35722697470917875,chromosome
0,0.0013675689697265,Q242664,Q242664.12~A19.K_11,11,,normal,Q242664.12~A19.K_11L.png,Q242664.12~A19.K_11R.png,train,/data5/chensx/MyProject/UAE/data/arrangement_merged/chr_11/Q242664.12~A19.K_11L.png,/data5/chensx/MyProject/UAE/data/arrangement_merged/chr_11/Q242664.12~A19.K_11R.png,0,0.1348767455234414,,0.0013675689697265,0.43147304310902584,chromosome
0,0.0014780759811401,Q242664,Q242664.12~A22.K_11,11,,normal,Q242664.12~A22.K_11L.png,Q242664.12~A22.K_11R.png,train,/data5/chensx/MyProject/UAE/data/arrangement_merged/chr_11/Q242664.12~A22.K_11L.png,/data5/chensx/MyProject/UAE/data/arrangement_merged/chr_11/Q242664.12~A22.K_11R.png,0,0.2844505283219293,,0.0014780759811401,1.1129196312955527,chromosome
0,0.0011287927627563,Q242664,Q242664.12~A24.K_11,11,,normal,Q242664.12~A24.K_11L.png,Q242664.12~A24.K_11R.png,train,/data5/chensx/MyProject/UAE/data/arrangement_merged/chr_11/Q242664.12~A24.K_11L.png,/data5/chensx/MyProject/UAE/data/arrangement_merged/chr_11/Q242664.12~A24.K_11R.png,0,-0.1883123450325146,,0.0011287927627563,-1.0409514618933586,chromosome
0,0.0009891986846923,Q242664,Q242664.12~A29.K_11,11,,normal,Q242664.12~A29.K_11L.png,Q242664.12~A29.K_11R.png,train,/data5/chensx/MyProject/UAE/data/arrangement_merged/chr_11/Q242664.12~A29.K_11L.png,/data5/chensx/MyProject/UAE/data/arrangement_merged/chr_11/Q242664.12~A29.K_11R.png,0,-0.3772561418577889,,0.0009891986846923,-1.9017647895809935,chromosome
0,0.0013810396194458,Q242664,Q242664.12~A34.K_11,11,,normal,Q242664.12~A34.K_11L.png,Q242664.12~A34.K_11R.png,train,/data5/chensx/MyProject/UAE/data/arrangement_merged/chr_11/Q242664.12~A34.K_11L.png,/data5/chensx/MyProject/UAE/data/arrangement_merged/chr_11/Q242664.12~A34.K_11R.png,0,0.1531095798883056,,0.0013810396194458,0.5145404265668593,chromosome
0,0.0011413097381591,Q242664,Q242664.12~A37.K_11,11,,normal,Q242664.12~A37.K_11L.png,Q242664.12~A37.K_11R.png,train,/data5/chensx/MyProject/UAE/data/arrangement_merged/chr_11/Q242664.12~A37.K_11L.png,/data5/chensx/MyProject/UAE/data/arrangement_merged/chr_11/Q242664.12~A37.K_11R.png,0,-0.1713703307996761,,0.0011413097381591,-0.963764955141054,chromosome
0,0.001183271408081,Q242664,Q242664.12~A8.K_11,11,,normal,Q242664.12~A8.K_11L.png,Q242664.12~A8.K_11R.png,train,/data5/chensx/MyProject/UAE/data/arrangement_merged/chr_11/Q242664.12~A8.K_11L.png,/data5/chensx/MyProject/UAE/data/arrangement_merged/chr_11/Q242664.12~A8.K_11R.png,0,-0.1145742449905416,,0.001183271408081,-0.7050063801229914,chromosome
0,0.0012126564979553,Q242664,Q242664.13~A20.K_11,11,,normal,Q242664.13~A20.K_11L.png,Q242664.13~A20.K_11R.png,train,/data5/chensx/MyProject/UAE/data/arrangement_merged/chr_11/Q242664.13~A20.K_11L.png,/data5/chensx/MyProject/UAE/data/arrangement_merged/chr_11/Q242664.13~A20.K_11R.png,0,-0.074800849672497,,0.0012126564979553,-0.5238018666514441,chromosome
0,0.001221477985382,Q242664,Q242664.13~A32.K_11,11,,normal,Q242664.13~A32.K_11L.png,Q242664.13~A32.K_11R.png,train,/data5/chensx/MyProject/UAE/data/arrangement_merged/chr_11/Q242664.13~A32.K_11L.png,/data5/chensx/MyProject/UAE/data/arrangement_merged/chr_11/Q242664.13~A32.K_11R.png,0,-0.0628607634512585,,0.001221477985382,-0.4694037571309894,chromosome
0,0.0010918974876403,Q242664,Q242664.13~A33.K_11,11,,normal,Q242664.13~A33.K_11L.png,Q242664.13~A33.K_11R.png,train,/data5/chensx/MyProject/UAE/data/arrangement_merged/chr_11/Q242664.13~A33.K_11L.png,/data5/chensx/MyProject/UAE/data/arrangement_merged/chr_11/Q242664.13~A33.K_11R.png,0,-0.2382509488902621,,0.0010918974876403,-1.268467879416412,chromosome
0,0.0012268424034118,Q242664,Q242664.13~A42.K_11,11,,normal,Q242664.13~A42.K_11L.png,Q242664.13~A42.K_11R.png,train,/data5/chensx/MyProject/UAE/data/arrangement_merged/chr_11/Q242664.13~A42.K_11L.png,/data5/chensx/MyProject/UAE/data/arrangement_merged/chr_11/Q242664.13~A42.K_11R.png,0,-0.0555999002086135,,0.0012268424034118,-0.4363238256655408,chromosome
0,0.0013501644134521,Q242664,Q242664.13~A50.K_11,11,,normal,Q242664.13~A50.K_11L.png,Q242664.13~A50.K_11R.png,train,/data5/chensx/MyProject/UAE/data/arrangement_merged/chr_11/Q242664.13~A50.K_11L.png,/data5/chensx/MyProject/UAE/data/arrangement_merged/chr_11/Q242664.13~A50.K_11R.png,0,0.1113192781139708,,0.0013501644134521,0.32414704324373017,chromosome
0,0.0013283491134643,Q242664,Q242664.14~A47.K_11,11,,normal,Q242664.14~A47.K_11L.png,Q242664.14~A47.K_11R.png,train,/data5/chensx/MyProject/UAE/data/arrangement_merged/chr_11/Q242664.14~A47.K_11L.png,/data5/chensx/MyProject/UAE/data/arrangement_merged/chr_11/Q242664.14~A47.K_11R.png,0,0.081791767593881,,0.0013283491134643,0.1896219886178982,chromosome
0,0.0013341903686523,Q242664,Q242664.1~A14.K_11,11,,normal,Q242664.1~A14.K_11L.png,Q242664.1~A14.K_11R.png,train,/data5/chensx/MyProject/UAE/data/arrangement_merged/chr_11/Q242664.1~A14.K_11L.png,/data5/chensx/MyProject/UAE/data/arrangement_merged/chr_11/Q242664.1~A14.K_11R.png,0,0.0896980409025389,,0.0013341903686523,0.2256423584358043,chromosome
0,0.0012186765670776,Q242664,Q242664.2~A1.K_11,11,,normal,Q242664.2~A1.K_11L.png,Q242664.2~A1.K_11R.png,train,/data5/chensx/MyProject/UAE/data/arrangement_merged/chr_11/Q242664.2~A1.K_11L.png,/data5/chensx/MyProject/UAE/data/arrangement_merged/chr_11/Q242664.2~A1.K_11R.png,0,-0.0666525475890843,,0.0012186765670776,-0.4866788324515198,chromosome
0,0.0012921094894409,Q242664,Q242664.2~A10.K_11,11,,normal,Q242664.2~A10.K_11L.png,Q242664.2~A10.K_11R.png,train,/data5/chensx/MyProject/UAE/data/arrangement_merged/chr_11/Q242664.2~A10.K_11L.png,/data5/chensx/MyProject/UAE/data/arrangement_merged/chr_11/Q242664.2~A10.K_11R.png,0,0.0327406025769011,,0.0012921094894409,-0.03385132617006444,chromosome
0,0.0011926889419555,Q242664,Q242664.2~A30.K_11,11,,normal,Q242664.2~A30.K_11L.png,Q242664.2~A30.K_11R.png,train,/data5/chensx/MyProject/UAE/data/arrangement_merged/chr_11/Q242664.2~A30.K_11L.png,/data5/chensx/MyProject/UAE/data/arrangement_merged/chr_11/Q242664.2~A30.K_11R.png,0,-0.1018273961867869,,0.0011926889419555,-0.6469327226616579,chromosome
0,0.001394510269165,Q242664,Q242664.2~A32.K_11,11,,normal,Q242664.2~A32.K_11L.png,Q242664.2~A32.K_11R.png,train,/data5/chensx/MyProject/UAE/data/arrangement_merged/chr_11/Q242664.2~A32.K_11L.png,/data5/chensx/MyProject/UAE/data/arrangement_merged/chr_11/Q242664.2~A32.K_11R.png,0,0.1713424142531698,,0.001394510269165,0.5976078100240776,chromosome
0,0.0011322498321533,Q242664,Q242664.2~A6.K_11,11,,normal,Q242664.2~A6.K_11L.png,Q242664.2~A6.K_11R.png,train,/data5/chensx/MyProject/UAE/data/arrangement_merged/chr_11/Q242664.2~A6.K_11L.png,/data5/chensx/MyProject/UAE/data/arrangement_merged/chr_11/Q242664.2~A6.K_11R.png,0,-0.1836331220539211,,0.0011322498321533,-1.0196332838377373,chromosome
0,0.0012442469596862,Q242664,Q242664.3~A19.K_11,11,,normal,Q242664.3~A19.K_11L.png,Q242664.3~A19.K_11R.png,train,/data5/chensx/MyProject/UAE/data/arrangement_merged/chr_11/Q242664.3~A19.K_11L.png,/data5/chensx/MyProject/UAE/data/arrangement_merged/chr_11/Q242664.3~A19.K_11R.png,0,-0.0320424327991429,,0.0012442469596862,-0.3289978258002451,chromosome
0,0.0012531876564025,Q242664,Q242664.3~A29.K_11,11,,normal,Q242664.3~A29.K_11L.png,Q242664.3~A29.K_11R.png,train,/data5/chensx/MyProject/UAE/data/arrangement_merged/chr_11/Q242664.3~A29.K_11L.png,/data5/chensx/MyProject/UAE/data/arrangement_merged/chr_11/Q242664.3~A29.K_11R.png,0,-0.0199409940614012,,0.0012531876564025,-0.2738646066913678,chromosome
0,0.0014588832855224,Q242664,Q242664.3~A44.K_11,11,,normal,Q242664.3~A44.K_11L.png,Q242664.3~A44.K_11R.png,train,/data5/chensx/MyProject/UAE/data/arrangement_merged/chr_11/Q242664.3~A44.K_11L.png,/data5/chensx/MyProject/UAE/data/arrangement_merged/chr_11/Q242664.3~A44.K_11R.png,0,0.2584727731649104,,0.0014588832855224,0.9945669876082345,chromosome
0,0.0011813640594482,Q242664,Q242664.3~A48.K_11,11,,normal,Q242664.3~A48.K_11L.png,Q242664.3~A48.K_11R.png,train,/data5/chensx/MyProject/UAE/data/arrangement_merged/chr_11/Q242664.3~A48.K_11L.png,/data5/chensx/MyProject/UAE/data/arrangement_merged/chr_11/Q242664.3~A48.K_11R.png,0,-0.1171558852545931,,0.0011813640594482,-0.7167681335328201,chromosome
0,0.0012862086296081,Q242664,Q242664.4~A14.K_11,11,,normal,Q242664.4~A14.K_11L.png,Q242664.4~A14.K_11R.png,train,/data5/chensx/MyProject/UAE/data/arrangement_merged/chr_11/Q242664.4~A14.K_11L.png,/data5/chensx/MyProject/UAE/data/arrangement_merged/chr_11/Q242664.4~A14.K_11R.png,0,0.0247536530099916,,0.0012862086296081,-0.07023925078218117,chromosome
0,0.0013675093650817,Q242664,Q242664.4~A34.K_11,11,,normal,Q242664.4~A34.K_11L.png,Q242664.4~A34.K_11R.png,train,/data5/chensx/MyProject/UAE/data/arrangement_merged/chr_11/Q242664.4~A34.K_11L.png,/data5/chensx/MyProject/UAE/data/arrangement_merged/chr_11/Q242664.4~A34.K_11R.png,0,0.1347960692651898,,0.0013675093650817,0.4311054883148139,chromosome
0,0.0012724995613098,Q242664,Q242664.4~A41.K_11,11,,normal,Q242664.4~A41.K_11L.png,Q242664.4~A41.K_11R.png,train,/data5/chensx/MyProject/UAE/data/arrangement_merged/chr_11/Q242664.4~A41.K_11L.png,/data5/chensx/MyProject/UAE/data/arrangement_merged/chr_11/Q242664.4~A41.K_11R.png,0,0.0061981136121209,,0.0012724995613098,-0.15477685341562827,chromosome
0,0.0013013482093811,Q242664,Q242664.4~A49.K_11,11,,normal,Q242664.4~A49.K_11L.png,Q242664.4~A49.K_11R.png,train,/data5/chensx/MyProject/UAE/data/arrangement_merged/chr_11/Q242664.4~A49.K_11L.png,/data5/chensx/MyProject/UAE/data/arrangement_merged/chr_11/Q242664.4~A49.K_11R.png,0,0.0452454226059009,,0.0013013482093811,0.023119666909252233,chromosome
0,0.001259446144104,Q250230,Q250230.11~A30.K_11,11,,normal,Q250230.11~A30.K_11L.png,Q250230.11~A30.K_11R.png,train,/data5/chensx/MyProject/UAE/data/arrangement_merged/chr_11/Q250230.11~A30.K_11L.png,/data5/chensx/MyProject/UAE/data/arrangement_merged/chr_11/Q250230.11~A30.K_11R.png,0,-0.084413072446693,,0.001259446144104,-0.23527135331459972,chromosome
0,0.0012854933738708,Q250230,Q250230.12~A40.K_11,11,,normal,Q250230.12~A40.K_11L.png,Q250230.12~A40.K_11R.png,train,/data5/chensx/MyProject/UAE/data/arrangement_merged/chr_11/Q250230.12~A40.K_11L.png,/data5/chensx/MyProject/UAE/data/arrangement_merged/chr_11/Q250230.12~A40.K_11R.png,0,-0.0518193396574603,,0.0012854933738708,-0.07464990831086744,chromosome
0,0.0016430616378784,Q250230,Q250230.13~A45.K_11,11,,normal,Q250230.13~A45.K_11L.png,Q250230.13~A45.K_11R.png,train,/data5/chensx/MyProject/UAE/data/arrangement_merged/chr_11/Q250230.13~A45.K_11L.png,/data5/chensx/MyProject/UAE/data/arrangement_merged/chr_11/Q250230.13~A45.K_11R.png,0,0.3956172804858061,,0.0016430616378784,2.1303113012524455,chromosome
0,0.0012410283088684,Q250230,Q250230.14~A21.K_11,11,,normal,Q250230.14~A21.K_11L.png,Q250230.14~A21.K_11R.png,train,/data5/chensx/MyProject/UAE/data/arrangement_merged/chr_11/Q250230.14~A21.K_11L.png,/data5/chensx/MyProject/UAE/data/arrangement_merged/chr_11/Q250230.14~A21.K_11R.png,0,-0.1074598995219171,,0.0012410283088684,-0.3488457846790211,chromosome
0,0.0011011362075805,Q250230,Q250230.14~A43.K_11,11,,normal,Q250230.14~A43.K_11L.png,Q250230.14~A43.K_11R.png,train,/data5/chensx/MyProject/UAE/data/arrangement_merged/chr_11/Q250230.14~A43.K_11L.png,/data5/chensx/MyProject/UAE/data/arrangement_merged/chr_11/Q250230.14~A43.K_11R.png,0,-0.2825113660123732,,0.0011011362075805,-1.2114968863370954,chromosome
0,0.0012586712837219,Q250230,Q250230.15~A8.K_11,11,,normal,Q250230.15~A8.K_11L.png,Q250230.15~A8.K_11R.png,train,/data5/chensx/MyProject/UAE/data/arrangement_merged/chr_11/Q250230.15~A8.K_11L.png,/data5/chensx/MyProject/UAE/data/arrangement_merged/chr_11/Q250230.15~A8.K_11R.png,0,-0.085382680058272,,0.0012586712837219,-0.24004956563749663,chromosome
0,0.0013598799705505,Q250230,Q250230.1~A20.K_11,11,,normal,Q250230.1~A20.K_11L.png,Q250230.1~A20.K_11R.png,train,/data5/chensx/MyProject/UAE/data/arrangement_merged/chr_11/Q250230.1~A20.K_11L.png,/data5/chensx/MyProject/UAE/data/arrangement_merged/chr_11/Q250230.1~A20.K_11R.png,0,0.0412629910541243,,0.0013598799705505,0.38405847467550297,chromosome
0,0.0014190673828125,Q250230,Q250230.2~A24.K_11,11,,normal,Q250230.2~A24.K_11L.png,Q250230.2~A24.K_11R.png,train,/data5/chensx/MyProject/UAE/data/arrangement_merged/chr_11/Q250230.2~A24.K_11L.png,/data5/chensx/MyProject/UAE/data/arrangement_merged/chr_11/Q250230.2~A24.K_11R.png,0,0.1153260955385823,,0.0014190673828125,0.7490403851768445,chromosome
0,0.0013906955718994,Q250230,Q250230.2~A27.K_11,11,,normal,Q250230.2~A27.K_11L.png,Q250230.2~A27.K_11R.png,train,/data5/chensx/MyProject/UAE/data/arrangement_merged/chr_11/Q250230.2~A27.K_11L.png,/data5/chensx/MyProject/UAE/data/arrangement_merged/chr_11/Q250230.2~A27.K_11R.png,0,0.0798235399146125,,0.0013906955718994,0.5740843032044215,chromosome
0,0.0012872219085693,Q250230,Q250230.2~A38.K_11,11,,normal,Q250230.2~A38.K_11L.png,Q250230.2~A38.K_11R.png,train,/data5/chensx/MyProject/UAE/data/arrangement_merged/chr_11/Q250230.2~A38.K_11L.png,/data5/chensx/MyProject/UAE/data/arrangement_merged/chr_11/Q250230.2~A38.K_11R.png,0,-0.0496563688316302,,0.0012872219085693,-0.06399081928305685,chromosome
0,0.0012412071228027,Q250230,Q250230.4~A35.K_11,11,,normal,Q250230.4~A35.K_11L.png,Q250230.4~A35.K_11R.png,train,/data5/chensx/MyProject/UAE/data/arrangement_merged/chr_11/Q250230.4~A35.K_11L.png,/data5/chensx/MyProject/UAE/data/arrangement_merged/chr_11/Q250230.4~A35.K_11R.png,0,-0.107236143919245,,0.0012412071228027,-0.3477431202970043,chromosome
0,0.0013061761856079,Q250230,Q250230.5~A21.K_11,11,,normal,Q250230.5~A21.K_11L.png,Q250230.5~A21.K_11R.png,train,/data5/chensx/MyProject/UAE/data/arrangement_merged/chr_11/Q250230.5~A21.K_11L.png,/data5/chensx/MyProject/UAE/data/arrangement_merged/chr_11/Q250230.5~A21.K_11R.png,0,-0.0259382749483898,,0.0013061761856079,0.05289160522803267,chromosome
0,0.0011976957321166,Q250230,Q250230.5~A42.K_11,11,,normal,Q250230.5~A42.K_11L.png,Q250230.5~A42.K_11R.png,train,/data5/chensx/MyProject/UAE/data/arrangement_merged/chr_11/Q250230.5~A42.K_11L.png,/data5/chensx/MyProject/UAE/data/arrangement_merged/chr_11/Q250230.5~A42.K_11R.png,0,-0.1616833405694508,,0.0011976957321166,-0.6160581199608607,chromosome
0,0.0011935234069824,Q250230,Q250230.5~A46.K_11,11,,normal,Q250230.5~A46.K_11L.png,Q250230.5~A46.K_11R.png,train,/data5/chensx/MyProject/UAE/data/arrangement_merged/chr_11/Q250230.5~A46.K_11L.png,/data5/chensx/MyProject/UAE/data/arrangement_merged/chr_11/Q250230.5~A46.K_11R.png,0,-0.1669043046317993,,0.0011935234069824,-0.6417869555445503,chromosome
0,0.0013483762741088,Q250230,Q250230.5~A5.K_11,11,,normal,Q250230.5~A5.K_11L.png,Q250230.5~A5.K_11R.png,train,/data5/chensx/MyProject/UAE/data/arrangement_merged/chr_11/Q250230.5~A5.K_11L.png,/data5/chensx/MyProject/UAE/data/arrangement_merged/chr_11/Q250230.5~A5.K_11R.png,0,0.0268680472822206,,0.0013483762741088,0.3131203994217076,chromosome
0,0.0013774037361145,Q250230,Q250230.5~A6.K_11,11,,normal,Q250230.5~A6.K_11L.png,Q250230.5~A6.K_11R.png,train,/data5/chensx/MyProject/UAE/data/arrangement_merged/chr_11/Q250230.5~A6.K_11L.png,/data5/chensx/MyProject/UAE/data/arrangement_merged/chr_11/Q250230.5~A6.K_11R.png,0,0.063191040115988,,0.0013774037361145,0.4921195841292213,chromosome
0,0.0015327334403991,Q251136,Q251136.12~A20.K_11,11,,normal,Q251136.12~A20.K_11L.png,Q251136.12~A20.K_11R.png,train,/data5/chensx/MyProject/UAE/data/arrangement_merged/chr_11/Q251136.12~A20.K_11L.png,/data5/chensx/MyProject/UAE/data/arrangement_merged/chr_11/Q251136.12~A20.K_11R.png,0,0.1967059972112968,,0.0015327334403991,1.449967377447937,chromosome
0,0.0014407038688659,Q251136,Q251136.12~A23.K_11,11,,normal,Q251136.12~A23.K_11L.png,Q251136.12~A23.K_11R.png,train,/data5/chensx/MyProject/UAE/data/arrangement_merged/chr_11/Q251136.12~A23.K_11L.png,/data5/chensx/MyProject/UAE/data/arrangement_merged/chr_11/Q251136.12~A23.K_11R.png,0,0.1061497391390166,,0.0014407038688659,0.8824627754200419,chromosome
0,0.001347005367279,Q251136,Q251136.14~A16.K_11,11,,normal,Q251136.14~A16.K_11L.png,Q251136.14~A16.K_11R.png,train,/data5/chensx/MyProject/UAE/data/arrangement_merged/chr_11/Q251136.14~A16.K_11L.png,/data5/chensx/MyProject/UAE/data/arrangement_merged/chr_11/Q251136.14~A16.K_11R.png,0,0.0139512691327832,,0.001347005367279,0.30466663915854836,chromosome
0,0.0014047622680664,Q251136,Q251136.14~A17.K_11,11,,normal,Q251136.14~A17.K_11L.png,Q251136.14~A17.K_11R.png,train,/data5/chensx/MyProject/UAE/data/arrangement_merged/chr_11/Q251136.14~A17.K_11L.png,/data5/chensx/MyProject/UAE/data/arrangement_merged/chr_11/Q251136.14~A17.K_11R.png,0,0.0707835321328088,,0.0014047622680664,0.6608272346025186,chromosome
0,0.0014926791191101,Q251136,Q251136.14~A18.K_11,11,,normal,Q251136.14~A18.K_11L.png,Q251136.14~A18.K_11R.png,train,/data5/chensx/MyProject/UAE/data/arrangement_merged/chr_11/Q251136.14~A18.K_11L.png,/data5/chensx/MyProject/UAE/data/arrangement_merged/chr_11/Q251136.14~A18.K_11R.png,0,0.1572929107964184,,0.0014926791191101,1.202970555840318,chromosome
0,0.0013761520385742,Q251136,Q251136.14~A2.K_11,11,,normal,Q251136.14~A2.K_11L.png,Q251136.14~A2.K_11R.png,train,/data5/chensx/MyProject/UAE/data/arrangement_merged/chr_11/Q251136.14~A2.K_11L.png,/data5/chensx/MyProject/UAE/data/arrangement_merged/chr_11/Q251136.14~A2.K_11R.png,0,0.0426313275507528,,0.0013761520385742,0.4844009334538682,chromosome
0,0.0011892318725585,Q251136,Q251136.14~A31.K_11,11,,normal,Q251136.14~A31.K_11L.png,Q251136.14~A31.K_11R.png,train,/data5/chensx/MyProject/UAE/data/arrangement_merged/chr_11/Q251136.14~A31.K_11L.png,/data5/chensx/MyProject/UAE/data/arrangement_merged/chr_11/Q251136.14~A31.K_11R.png,0,-0.1412964090520131,,0.0011892318725585,-0.6682509007172791,chromosome
0,0.0012481808662414,Q251136,Q251136.14~A39.K_11,11,,normal,Q251136.14~A39.K_11L.png,Q251136.14~A39.K_11R.png,train,/data5/chensx/MyProject/UAE/data/arrangement_merged/chr_11/Q251136.14~A39.K_11L.png,/data5/chensx/MyProject/UAE/data/arrangement_merged/chr_11/Q251136.14~A39.K_11R.png,0,-0.0832911375277352,,0.0012481808662414,-0.30473920939216637,chromosome
0,0.0011817216873168,Q251136,Q251136.1~A12.K_11,11,,normal,Q251136.1~A12.K_11L.png,Q251136.1~A12.K_11R.png,train,/data5/chensx/MyProject/UAE/data/arrangement_merged/chr_11/Q251136.1~A12.K_11L.png,/data5/chensx/MyProject/UAE/data/arrangement_merged/chr_11/Q251136.1~A12.K_11R.png,0,-0.1486863627548028,,0.0011817216873168,-0.7145628047687852,chromosome
0,0.0015976428985595,Q251136,Q251136.1~A38.K_11,11,,normal,Q251136.1~A38.K_11L.png,Q251136.1~A38.K_11R.png,train,/data5/chensx/MyProject/UAE/data/arrangement_merged/chr_11/Q251136.1~A38.K_11L.png,/data5/chensx/MyProject/UAE/data/arrangement_merged/chr_11/Q251136.1~A38.K_11R.png,0,0.2605763113568364,,0.0015976428985595,1.8502345481787619,chromosome
0,0.0009505748748779,Q251136,Q251136.2~A15.K_11,11,,normal,Q251136.2~A15.K_11L.png,Q251136.2~A15.K_11R.png,train,/data5/chensx/MyProject/UAE/data/arrangement_merged/chr_11/Q251136.2~A15.K_11L.png,/data5/chensx/MyProject/UAE/data/arrangement_merged/chr_11/Q251136.2~A15.K_11R.png,0,-0.3761327156073304,,0.0009505748748779,-2.139940296131241,chromosome
0,0.0010830760002136,Q251136,Q251136.2~A2.K_11,11,,normal,Q251136.2~A2.K_11L.png,Q251136.2~A2.K_11R.png,train,/data5/chensx/MyProject/UAE/data/arrangement_merged/chr_11/Q251136.2~A2.K_11L.png,/data5/chensx/MyProject/UAE/data/arrangement_merged/chr_11/Q251136.2~A2.K_11R.png,0,-0.2457528181366835,,0.0010830760002136,-1.3228659889368652,chromosome
0,0.0012573599815368,Q251136,Q251136.2~A20.K_11,11,,normal,Q251136.2~A20.K_11L.png,Q251136.2~A20.K_11R.png,train,/data5/chensx/MyProject/UAE/data/arrangement_merged/chr_11/Q251136.2~A20.K_11L.png,/data5/chensx/MyProject/UAE/data/arrangement_merged/chr_11/Q251136.2~A20.K_11R.png,0,-0.0742589718909922,,0.0012573599815368,-0.24813577110706167,chromosome
0,0.0013350844383239,Q251136,Q251136.2~A25.K_11,11,,normal,Q251136.2~A25.K_11L.png,Q251136.2~A25.K_11R.png,train,/data5/chensx/MyProject/UAE/data/arrangement_merged/chr_11/Q251136.2~A25.K_11L.png,/data5/chensx/MyProject/UAE/data/arrangement_merged/chr_11/Q251136.2~A25.K_11R.png,0,0.0022211838902598,,0.0013350844383239,0.23115568034650738,chromosome
0,0.0012210607528686,Q251136,Q251136.2~A36.K_11,11,,normal,Q251136.2~A36.K_11L.png,Q251136.2~A36.K_11R.png,train,/data5/chensx/MyProject/UAE/data/arrangement_merged/chr_11/Q251136.2~A36.K_11L.png,/data5/chensx/MyProject/UAE/data/arrangement_merged/chr_11/Q251136.2~A36.K_11R.png,0,-0.1099770814544758,,0.0012210607528686,-0.47197664068923495,chromosome
0,0.0012596845626831,Q251136,Q251136.2~A5.K_11,11,,normal,Q251136.2~A5.K_11L.png,Q251136.2~A5.K_11R.png,train,/data5/chensx/MyProject/UAE/data/arrangement_merged/chr_11/Q251136.2~A5.K_11L.png,/data5/chensx/MyProject/UAE/data/arrangement_merged/chr_11/Q251136.2~A5.K_11R.png,0,-0.0719716052687002,,0.0012596845626831,-0.23380113413837098,chromosome
0,0.0011890530586242,Q251136,Q251136.2~A7.K_11,11,,normal,Q251136.2~A7.K_11L.png,Q251136.2~A7.K_11R.png,train,/data5/chensx/MyProject/UAE/data/arrangement_merged/chr_11/Q251136.2~A7.K_11L.png,/data5/chensx/MyProject/UAE/data/arrangement_merged/chr_11/Q251136.2~A7.K_11R.png,0,-0.141472360330651,,0.0011890530586242,-0.6693535650992972,chromosome
0,0.0010076761245727,Q251136,Q251136.3~A16.K_11,11,,normal,Q251136.3~A16.K_11L.png,Q251136.3~A16.K_11R.png,train,/data5/chensx/MyProject/UAE/data/arrangement_merged/chr_11/Q251136.3~A16.K_11L.png,/data5/chensx/MyProject/UAE/data/arrangement_merged/chr_11/Q251136.3~A16.K_11R.png,0,-0.3199456072956436,,0.0010076761245727,-1.7878228034223616,chromosome
0,0.0017217993736267,Q251136,Q251136.3~A21.K_11,11,,normal,Q251136.3~A21.K_11L.png,Q251136.3~A21.K_11R.png,train,/data5/chensx/MyProject/UAE/data/arrangement_merged/chr_11/Q251136.3~A21.K_11L.png,/data5/chensx/MyProject/UAE/data/arrangement_merged/chr_11/Q251136.3~A21.K_11R.png,0,0.382745149157717,,0.0017217993736267,2.61585118420514,chromosome
0,0.0010815858840942,Q251136,Q251136.3~A23.K_11,11,,normal,Q251136.3~A23.K_11L.png,Q251136.3~A23.K_11R.png,train,/data5/chensx/MyProject/UAE/data/arrangement_merged/chr_11/Q251136.3~A23.K_11L.png,/data5/chensx/MyProject/UAE/data/arrangement_merged/chr_11/Q251136.3~A23.K_11R.png,0,-0.2472190787919989,,0.0010815858840942,-1.3320548587884484,chromosome
0,0.001305341720581,Q251136,Q251136.3~A26.K_11,11,,normal,Q251136.3~A26.K_11L.png,Q251136.3~A26.K_11R.png,train,/data5/chensx/MyProject/UAE/data/arrangement_merged/chr_11/Q251136.3~A26.K_11L.png,/data5/chensx/MyProject/UAE/data/arrangement_merged/chr_11/Q251136.3~A26.K_11R.png,0,-0.0270453787898358,,0.001305341720581,0.04774583811092514,chromosome
0,0.001301109790802,Q251136,Q251136.3~A32.K_11,11,,normal,Q251136.3~A32.K_11L.png,Q251136.3~A32.K_11R.png,train,/data5/chensx/MyProject/UAE/data/arrangement_merged/chr_11/Q251136.3~A32.K_11L.png,/data5/chensx/MyProject/UAE/data/arrangement_merged/chr_11/Q251136.3~A32.K_11R.png,0,-0.0312095590509316,,0.001301109790802,0.021649447733023474,chromosome
0,0.0013973116874694,Q251136,Q251136.3~A36.K_11,11,,normal,Q251136.3~A36.K_11L.png,Q251136.3~A36.K_11R.png,train,/data5/chensx/MyProject/UAE/data/arrangement_merged/chr_11/Q251136.3~A36.K_11L.png,/data5/chensx/MyProject/UAE/data/arrangement_merged/chr_11/Q251136.3~A36.K_11R.png,0,0.0634522288562317,,0.0013973116874694,0.6148828853446081,chromosome
0,0.0013502240180969,Q251136,Q251136.3~A40.K_11,11,,normal,Q251136.3~A40.K_11L.png,Q251136.3~A40.K_11R.png,train,/data5/chensx/MyProject/UAE/data/arrangement_merged/chr_11/Q251136.3~A40.K_11L.png,/data5/chensx/MyProject/UAE/data/arrangement_merged/chr_11/Q251136.3~A40.K_11R.png,0,0.0171183921482645,,0.0013502240180969,0.32451459803794075,chromosome
0,0.0012192726135253,Q251136,Q251136.3~A41.K_11,11,,normal,Q251136.3~A41.K_11L.png,Q251136.3~A41.K_11R.png,train,/data5/chensx/MyProject/UAE/data/arrangement_merged/chr_11/Q251136.3~A41.K_11L.png,/data5/chensx/MyProject/UAE/data/arrangement_merged/chr_11/Q251136.3~A41.K_11R.png,0,-0.1117365942408543,,0.0012192726135253,-0.4830032845112575,chromosome
0,0.0012537240982055,Q251136,Q251136.4~A12.K_11,11,,normal,Q251136.4~A12.K_11L.png,Q251136.4~A12.K_11R.png,train,/data5/chensx/MyProject/UAE/data/arrangement_merged/chr_11/Q251136.4~A12.K_11L.png,/data5/chensx/MyProject/UAE/data/arrangement_merged/chr_11/Q251136.4~A12.K_11R.png,0,-0.0778366478899618,,0.0012537240982055,-0.2705566135446997,chromosome
0,0.0011141896247863,Q251136,Q251136.4~A13.K_11,11,,normal,Q251136.4~A13.K_11L.png,Q251136.4~A13.K_11R.png,train,/data5/chensx/MyProject/UAE/data/arrangement_merged/chr_11/Q251136.4~A13.K_11L.png,/data5/chensx/MyProject/UAE/data/arrangement_merged/chr_11/Q251136.4~A13.K_11R.png,0,-0.2151372956536975,,0.0011141896247863,-1.1310023864381238,chromosome
0,0.0011889338493347,Q251136,Q251136.4~A15.K_11,11,,normal,Q251136.4~A15.K_11L.png,Q251136.4~A15.K_11R.png,train,/data5/chensx/MyProject/UAE/data/arrangement_merged/chr_11/Q251136.4~A15.K_11L.png,/data5/chensx/MyProject/UAE/data/arrangement_merged/chr_11/Q251136.4~A15.K_11R.png,0,-0.1415896611830762,,0.0011889338493347,-0.6700886746871021,chromosome
0,0.0013486146926879,Q251136,Q251136.4~A16.K_11,11,,normal,Q251136.4~A16.K_11L.png,Q251136.4~A16.K_11R.png,train,/data5/chensx/MyProject/UAE/data/arrangement_merged/chr_11/Q251136.4~A16.K_11L.png,/data5/chensx/MyProject/UAE/data/arrangement_merged/chr_11/Q251136.4~A16.K_11R.png,0,0.0155348306405238,,0.0013486146926879,0.31459061859793636,chromosome
0,0.0015527009963989,Q251136,Q251136.4~A19.K_11,11,,normal,Q251136.4~A19.K_11L.png,Q251136.4~A19.K_11R.png,train,/data5/chensx/MyProject/UAE/data/arrangement_merged/chr_11/Q251136.4~A19.K_11L.png,/data5/chensx/MyProject/UAE/data/arrangement_merged/chr_11/Q251136.4~A19.K_11R.png,0,0.2163538899925234,,0.0015527009963989,1.5730982334581507,chromosome
0,0.0011419653892517,Q251136,Q251136.4~A2.K_11,11,,normal,Q251136.4~A2.K_11L.png,Q251136.4~A2.K_11R.png,train,/data5/chensx/MyProject/UAE/data/arrangement_merged/chr_11/Q251136.4~A2.K_11L.png,/data5/chensx/MyProject/UAE/data/arrangement_merged/chr_11/Q251136.4~A2.K_11R.png,0,-0.1878061970386182,,0.0011419653892517,-0.9597218524059632,chromosome
0,0.001396894454956,Q251136,Q251136.4~A36.K_11,11,,normal,Q251136.4~A36.K_11L.png,Q251136.4~A36.K_11R.png,train,/data5/chensx/MyProject/UAE/data/arrangement_merged/chr_11/Q251136.4~A36.K_11L.png,/data5/chensx/MyProject/UAE/data/arrangement_merged/chr_11/Q251136.4~A36.K_11R.png,0,0.0630416758727434,,0.001396894454956,0.6123100017863625,chromosome
0,0.0009456276893615,Q251136,Q251136.4~A5.K_11,11,,normal,Q251136.4~A5.K_11L.png,Q251136.4~A5.K_11R.png,train,/data5/chensx/MyProject/UAE/data/arrangement_merged/chr_11/Q251136.4~A5.K_11L.png,/data5/chensx/MyProject/UAE/data/arrangement_merged/chr_11/Q251136.4~A5.K_11R.png,0,-0.3810007009829776,,0.0009456276893615,-2.1704473440384446,chromosome
0,0.0018517971038818,165070,165070.11~A20.K_12,12,,normal,165070.11~A20.K_12L.png,165070.11~A20.K_12R.png,train,/data5/chensx/MyProject/UAE/data/arrangement_merged/chr_12/165070.11~A20.K_12L.png,/data5/chensx/MyProject/UAE/data/arrangement_merged/chr_12/165070.11~A20.K_12R.png,0,0.8272485403353713,,0.0018517971038818,3.936033536659832,chromosome
0,0.0009503364562988,165070,165070.11~A21.K_12,12,,normal,165070.11~A21.K_12L.png,165070.11~A21.K_12R.png,train,/data5/chensx/MyProject/UAE/data/arrangement_merged/chr_12/165070.11~A21.K_12L.png,/data5/chensx/MyProject/UAE/data/arrangement_merged/chr_12/165070.11~A21.K_12R.png,0,-0.4427063470116563,,0.0009503364562988,-0.7201764769746531,chromosome
0,0.0009329319000244,165070,165070.11~A30.K_12,12,,normal,165070.11~A30.K_12L.png,165070.11~A30.K_12R.png,train,/data5/chensx/MyProject/UAE/data/arrangement_merged/chr_12/165070.11~A30.K_12L.png,/data5/chensx/MyProject/UAE/data/arrangement_merged/chr_12/165070.11~A30.K_12R.png,0,-0.4672254442812498,,0.0009329319000244,-0.8100742106416849,chromosome
0,0.0010894536972045,165070,165070.12~A1.K_12,12,,normal,165070.12~A1.K_12L.png,165070.12~A1.K_12R.png,train,/data5/chensx/MyProject/UAE/data/arrangement_merged/chr_12/165070.12~A1.K_12L.png,/data5/chensx/MyProject/UAE/data/arrangement_merged/chr_12/165070.12~A1.K_12R.png,0,-0.2467215078773027,,0.0010894536972045,-0.0016103455399689472,chromosome
0,0.0010059475898742,165070,165070.12~A21.K_12,12,,normal,165070.12~A21.K_12L.png,165070.12~A21.K_12R.png,train,/data5/chensx/MyProject/UAE/data/arrangement_merged/chr_12/165070.12~A21.K_12L.png,/data5/chensx/MyProject/UAE/data/arrangement_merged/chr_12/165070.12~A21.K_12R.png,0,-0.3643627930646332,,0.0010059475898742,-0.4329347457714053,chromosome
0,0.0014137029647827,165070,165070.12~A41.K_12,12,,normal,165070.12~A41.K_12L.png,165070.12~A41.K_12R.png,train,/data5/chensx/MyProject/UAE/data/arrangement_merged/chr_12/165070.12~A41.K_12L.png,/data5/chensx/MyProject/UAE/data/arrangement_merged/chr_12/165070.12~A41.K_12R.png,0,0.210072633035672,,0.0014137029647827,1.6731967474366034,chromosome
0,0.0010045766830444,165070,165070.12~A5.K_12,12,,normal,165070.12~A5.K_12L.png,165070.12~A5.K_12R.png,train,/data5/chensx/MyProject/UAE/data/arrangement_merged/chr_12/165070.12~A5.K_12L.png,/data5/chensx/MyProject/UAE/data/arrangement_merged/chr_12/165070.12~A5.K_12R.png,0,-0.3662940918221697,,0.0010045766830444,-0.4400157316422684,chromosome
0,0.0009353756904602,165070,165070.12~A9.K_12,12,,normal,165070.12~A9.K_12L.png,165070.12~A9.K_12R.png,train,/data5/chensx/MyProject/UAE/data/arrangement_merged/chr_12/165070.12~A9.K_12L.png,/data5/chensx/MyProject/UAE/data/arrangement_merged/chr_12/165070.12~A9.K_12R.png,0,-0.463782694322163,,0.0009353756904602,-0.7974515836541342,chromosome
0,0.0009620785713195,165070,165070.13~A24.K_12,12,,normal,165070.13~A24.K_12L.png,165070.13~A24.K_12R.png,train,/data5/chensx/MyProject/UAE/data/arrangement_merged/chr_12/165070.13~A24.K_12L.png,/data5/chensx/MyProject/UAE/data/arrangement_merged/chr_12/165070.13~A24.K_12R.png,0,-0.4261643533058004,,0.0009620785713195,-0.6595262936447182,chromosome
0,0.0012183785438537,165070,165070.13~A25.K_12,12,,normal,165070.13~A25.K_12L.png,165070.13~A25.K_12R.png,train,/data5/chensx/MyProject/UAE/data/arrangement_merged/chr_12/165070.13~A25.K_12L.png,/data5/chensx/MyProject/UAE/data/arrangement_merged/chr_12/165070.13~A25.K_12R.png,0,-0.0650954551576769,,0.0012183785438537,0.664310195288768,chromosome
0,0.0011215806007385,165070,165070.13~A26.K_12,12,,normal,165070.13~A26.K_12L.png,165070.13~A26.K_12R.png,train,/data5/chensx/MyProject/UAE/data/arrangement_merged/chr_12/165070.13~A26.K_12L.png,/data5/chensx/MyProject/UAE/data/arrangement_merged/chr_12/165070.13~A26.K_12R.png,0,-0.2014619413419914,,0.0011215806007385,0.1643310190034085,chromosome
0,0.0013822317123413,165070,165070.13~A27.K_12,12,,normal,165070.13~A27.K_12L.png,165070.13~A27.K_12R.png,train,/data5/chensx/MyProject/UAE/data/arrangement_merged/chr_12/165070.13~A27.K_12L.png,/data5/chensx/MyProject/UAE/data/arrangement_merged/chr_12/165070.13~A27.K_12R.png,0,0.1657367311235303,,0.0013822317123413,1.5106419413536523,chromosome
0,0.0008106231689453,165070,165070.13~A28.K_12,12,,normal,165070.13~A28.K_12L.png,165070.13~A28.K_12R.png,train,/data5/chensx/MyProject/UAE/data/arrangement_merged/chr_12/165070.13~A28.K_12L.png,/data5/chensx/MyProject/UAE/data/arrangement_merged/chr_12/165070.13~A28.K_12R.png,0,-0.6395308812579822,,0.0008106231689453,-1.4418212979187228,chromosome
0,0.0012571215629577,165070,165070.13~A3.K_12,12,,normal,165070.13~A3.K_12L.png,165070.13~A3.K_12R.png,train,/data5/chensx/MyProject/UAE/data/arrangement_merged/chr_12/165070.13~A3.K_12L.png,/data5/chensx/MyProject/UAE/data/arrangement_merged/chr_12/165070.13~A3.K_12R.png,0,-0.0105152728794722,,0.0012571215629577,0.8644250133833287,chromosome
0,0.0009470582008361,165070,165070.13~A36.K_12,12,,normal,165070.13~A36.K_12L.png,165070.13~A36.K_12R.png,train,/data5/chensx/MyProject/UAE/data/arrangement_merged/chr_12/165070.13~A36.K_12L.png,/data5/chensx/MyProject/UAE/data/arrangement_merged/chr_12/165070.13~A36.K_12R.png,0,-0.4473246701275044,,0.0009470582008361,-0.7371092692752405,chromosome
0,0.0010533332824707,165070,165070.13~A40.K_12,12,,normal,165070.13~A40.K_12L.png,165070.13~A40.K_12R.png,train,/data5/chensx/MyProject/UAE/data/arrangement_merged/chr_12/165070.13~A40.K_12L.png,/data5/chensx/MyProject/UAE/data/arrangement_merged/chr_12/165070.13~A40.K_12R.png,0,-0.297607031662829,,0.0010533332824707,-0.1881789297938533,chromosome
0,0.0011635422706604,165070,165070.13~A9.K_12,12,,normal,165070.13~A9.K_12L.png,165070.13~A9.K_12R.png,train,/data5/chensx/MyProject/UAE/data/arrangement_merged/chr_12/165070.13~A9.K_12L.png,/data5/chensx/MyProject/UAE/data/arrangement_merged/chr_12/165070.13~A9.K_12R.png,0,-0.1423474054591359,,0.0011635422706604,0.38107076044751415,chromosome
0,0.0009175539016723,165070,165070.1~A9.K_12,12,,normal,165070.1~A9.K_12L.png,165070.1~A9.K_12R.png,train,/data5/chensx/MyProject/UAE/data/arrangement_merged/chr_12/165070.1~A9.K_12L.png,/data5/chensx/MyProject/UAE/data/arrangement_merged/chr_12/165070.1~A9.K_12R.png,0,-0.4888895781701372,,0.0009175539016723,-0.8895043999779421,chromosome
0,0.0011411309242248,165070,165070.2~A31.K_12,12,,normal,165070.2~A31.K_12L.png,165070.2~A31.K_12R.png,train,/data5/chensx/MyProject/UAE/data/arrangement_merged/chr_12/165070.2~A31.K_12L.png,/data5/chensx/MyProject/UAE/data/arrangement_merged/chr_12/165070.2~A31.K_12R.png,0,-0.1739199416692974,,0.0011411309242248,0.2653120349032976,chromosome
0,0.0008994340896606,165070,165070.3~A15.K_12,12,,normal,165070.3~A15.K_12L.png,165070.3~A15.K_12R.png,train,/data5/chensx/MyProject/UAE/data/arrangement_merged/chr_12/165070.3~A15.K_12L.png,/data5/chensx/MyProject/UAE/data/arrangement_merged/chr_12/165070.3~A15.K_12R.png,0,-0.5144163095740976,,0.0008994340896606,-0.9830965610559261,chromosome
0,0.0007997751235961,165070,165070.3~A2.K_12,12,,normal,165070.3~A2.K_12L.png,165070.3~A2.K_12R.png,train,/data5/chensx/MyProject/UAE/data/arrangement_merged/chr_12/165070.3~A2.K_12L.png,/data5/chensx/MyProject/UAE/data/arrangement_merged/chr_12/165070.3~A2.K_12R.png,0,-0.6548133322958795,,0.0007997751235961,-1.497853446985613,chromosome
0,0.0010837912559509,165070,165070.3~A30.K_12,12,,normal,165070.3~A30.K_12L.png,165070.3~A30.K_12R.png,train,/data5/chensx/MyProject/UAE/data/arrangement_merged/chr_12/165070.3~A30.K_12L.png,/data5/chensx/MyProject/UAE/data/arrangement_merged/chr_12/165070.3~A30.K_12R.png,0,-0.2546986114410404,,0.0010837912559509,-0.03085789587654891,chromosome
0,0.0009213089942932,165070,165070.3~A35.K_12,12,,normal,165070.3~A35.K_12L.png,165070.3~A35.K_12R.png,train,/data5/chensx/MyProject/UAE/data/arrangement_merged/chr_12/165070.3~A35.K_12L.png,/data5/chensx/MyProject/UAE/data/arrangement_merged/chr_12/165070.3~A35.K_12R.png,0,-0.4835994989647112,,0.0009213089942932,-0.870108656070053,chromosome
0,0.0010634660720825,165070,165070.3~A43.K_12,12,,normal,165070.3~A43.K_12L.png,165070.3~A43.K_12R.png,train,/data5/chensx/MyProject/UAE/data/arrangement_merged/chr_12/165070.3~A43.K_12L.png,/data5/chensx/MyProject/UAE/data/arrangement_merged/chr_12/165070.3~A43.K_12R.png,0,-0.2833322147592985,,0.0010634660720825,-0.13584120813843265,chromosome
0,0.0010972023010253,170215,170215.12~A1.K_12,12,,normal,170215.12~A1.K_12L.png,170215.12~A1.K_12R.png,train,/data5/chensx/MyProject/UAE/data/arrangement_merged/chr_12/170215.12~A1.K_12L.png,/data5/chensx/MyProject/UAE/data/arrangement_merged/chr_12/170215.12~A1.K_12R.png,0,-0.3058651236635852,,0.0010972023010253,0.03841261807894276,chromosome
0,0.0009096264839172,170215,170215.12~A24.K_12,12,,normal,170215.12~A24.K_12L.png,170215.12~A24.K_12R.png,train,/data5/chensx/MyProject/UAE/data/arrangement_merged/chr_12/170215.12~A24.K_12L.png,/data5/chensx/MyProject/UAE/data/arrangement_merged/chr_12/170215.12~A24.K_12R.png,0,-0.5520870860286224,,0.0009096264839172,-0.930450970449463,chromosome
0,0.0023161172866821,170215,170215.12~A31.K_12,12,,normal,170215.12~A31.K_12L.png,170215.12~A31.K_12R.png,train,/data5/chensx/MyProject/UAE/data/arrangement_merged/chr_12/170215.12~A31.K_12L.png,/data5/chensx/MyProject/UAE/data/arrangement_merged/chr_12/170215.12~A31.K_12R.png,0,1.2941473105165902,,0.0023161172866821,6.334332664285691,chromosome
0,0.0015152692794799,170215,170215.12~A33.K_12,12,,normal,170215.12~A33.K_12L.png,170215.12~A33.K_12R.png,train,/data5/chensx/MyProject/UAE/data/arrangement_merged/chr_12/170215.12~A33.K_12L.png,/data5/chensx/MyProject/UAE/data/arrangement_merged/chr_12/170215.12~A33.K_12R.png,0,0.2429117571843243,,0.0015152692794799,2.1978054397949807,chromosome
0,0.0012652277946472,170215,170215.12~A44.K_12,12,,normal,170215.12~A44.K_12L.png,170215.12~A44.K_12R.png,train,/data5/chensx/MyProject/UAE/data/arrangement_merged/chr_12/170215.12~A44.K_12L.png,/data5/chensx/MyProject/UAE/data/arrangement_merged/chr_12/170215.12~A44.K_12R.png,0,-0.085305952418895,,0.0012652277946472,0.9062951907079764,chromosome
0,0.0012094378471374,170215,170215.12~A47.K_12,12,,normal,170215.12~A47.K_12L.png,170215.12~A47.K_12R.png,train,/data5/chensx/MyProject/UAE/data/arrangement_merged/chr_12/170215.12~A47.K_12L.png,/data5/chensx/MyProject/UAE/data/arrangement_merged/chr_12/170215.12~A47.K_12R.png,0,-0.1585387953720805,,0.0012094378471374,0.6181298526516018,chromosome
0,0.000821828842163,170215,170215.12~A48.K_12,12,,normal,170215.12~A48.K_12L.png,170215.12~A48.K_12R.png,train,/data5/chensx/MyProject/UAE/data/arrangement_merged/chr_12/170215.12~A48.K_12L.png,/data5/chensx/MyProject/UAE/data/arrangement_merged/chr_12/170215.12~A48.K_12R.png,0,-0.6673349254196933,,0.000821828842163,-1.3839419351471314,chromosome
0,0.0011202096939086,170215,170215.12~A49.K_12,12,,normal,170215.12~A49.K_12L.png,170215.12~A49.K_12R.png,train,/data5/chensx/MyProject/UAE/data/arrangement_merged/chr_12/170215.12~A49.K_12L.png,/data5/chensx/MyProject/UAE/data/arrangement_merged/chr_12/170215.12~A49.K_12R.png,0,-0.2756643999670792,,0.0011202096939086,0.15725003313202787,chromosome
0,0.0011805295944213,170215,170215.12~A6.K_12,12,,normal,170215.12~A6.K_12L.png,170215.12~A6.K_12R.png,train,/data5/chensx/MyProject/UAE/data/arrangement_merged/chr_12/170215.12~A6.K_12L.png,/data5/chensx/MyProject/UAE/data/arrangement_merged/chr_12/170215.12~A6.K_12R.png,0,-0.1964853005347888,,0.0011805295944213,0.4688134114577693,chromosome
0,0.0009224414825439,170215,170215.12~A7.K_12,12,,normal,170215.12~A7.K_12L.png,170215.12~A7.K_12R.png,train,/data5/chensx/MyProject/UAE/data/arrangement_merged/chr_12/170215.12~A7.K_12L.png,/data5/chensx/MyProject/UAE/data/arrangement_merged/chr_12/170215.12~A7.K_12R.png,0,-0.5352654394101023,,0.0009224414825439,-0.8642591460028405,chromosome
0,0.001205563545227,170215,170215.13~A21.K_12,12,,normal,170215.13~A21.K_12L.png,170215.13~A21.K_12R.png,train,/data5/chensx/MyProject/UAE/data/arrangement_merged/chr_12/170215.13~A21.K_12L.png,/data5/chensx/MyProject/UAE/data/arrangement_merged/chr_12/170215.13~A21.K_12R.png,0,-0.1636244094660517,,0.001205563545227,0.5981183708421459,chromosome
0,0.0011582374572753,170215,170215.13~A36.K_12,12,,normal,170215.13~A36.K_12L.png,170215.13~A36.K_12R.png,train,/data5/chensx/MyProject/UAE/data/arrangement_merged/chr_12/170215.13~A36.K_12L.png,/data5/chensx/MyProject/UAE/data/arrangement_merged/chr_12/170215.13~A36.K_12R.png,0,-0.2257471416293309,,0.0011582374572753,0.3536704238156364,chromosome
0,0.0011156797409057,170215,170215.13~A44.K_12,12,,normal,170215.13~A44.K_12L.png,170215.13~A44.K_12R.png,train,/data5/chensx/MyProject/UAE/data/arrangement_merged/chr_12/170215.13~A44.K_12L.png,/data5/chensx/MyProject/UAE/data/arrangement_merged/chr_12/170215.13~A44.K_12R.png,0,-0.281610656446184,,0.0011156797409057,0.13385199286266108,chromosome
0,0.0009838342666625,170215,170215.13~A47.K_12,12,,normal,170215.13~A47.K_12L.png,170215.13~A47.K_12R.png,train,/data5/chensx/MyProject/UAE/data/arrangement_merged/chr_12/170215.13~A47.K_12L.png,/data5/chensx/MyProject/UAE/data/arrangement_merged/chr_12/170215.13~A47.K_12R.png,0,-0.4546780160748661,,0.0009838342666625,-0.5471541265609283,chromosome
0,0.0013735890388488,170215,170215.13~A5.K_12,12,,normal,170215.13~A5.K_12L.png,170215.13~A5.K_12R.png,train,/data5/chensx/MyProject/UAE/data/arrangement_merged/chr_12/170215.13~A5.K_12L.png,/data5/chensx/MyProject/UAE/data/arrangement_merged/chr_12/170215.13~A5.K_12R.png,0,0.0569347617786384,,0.0013735890388488,1.466000943470662,chromosome
0,0.0012018680572509,170215,170215.1~A9.K_12,12,,normal,170215.1~A9.K_12L.png,170215.1~A9.K_12R.png,train,/data5/chensx/MyProject/UAE/data/arrangement_merged/chr_12/170215.1~A9.K_12L.png,/data5/chensx/MyProject/UAE/data/arrangement_merged/chr_12/170215.1~A9.K_12R.png,0,-0.168475302909532,,0.0012018680572509,0.5790304958852988,chromosome
0,0.0010302066802978,170215,170215.2~A19.K_12,12,,normal,170215.2~A19.K_12L.png,170215.2~A19.K_12R.png,train,/data5/chensx/MyProject/UAE/data/arrangement_merged/chr_12/170215.2~A19.K_12L.png,/data5/chensx/MyProject/UAE/data/arrangement_merged/chr_12/170215.2~A19.K_12R.png,0,-0.3938071273808721,,0.0010302066802978,-0.30763208274902326,chromosome
0,0.0013913512229919,170215,170215.2~A2.K_12,12,,normal,170215.2~A2.K_12L.png,170215.2~A2.K_12R.png,train,/data5/chensx/MyProject/UAE/data/arrangement_merged/chr_12/170215.2~A2.K_12L.png,/data5/chensx/MyProject/UAE/data/arrangement_merged/chr_12/170215.2~A2.K_12R.png,0,0.0802503463940756,,0.0013913512229919,1.557745890843428,chromosome
0,0.0012695789337158,170215,170215.2~A23.K_12,12,,normal,170215.2~A23.K_12L.png,170215.2~A23.K_12R.png,train,/data5/chensx/MyProject/UAE/data/arrangement_merged/chr_12/170215.2~A23.K_12L.png,/data5/chensx/MyProject/UAE/data/arrangement_merged/chr_12/170215.2~A23.K_12R.png,0,-0.0795944165902812,,0.0012695789337158,0.9287696241247333,chromosome
0,0.0009542107582092,170215,170215.2~A33.K_12,12,,normal,170215.2~A33.K_12L.png,170215.2~A33.K_12R.png,train,/data5/chensx/MyProject/UAE/data/arrangement_merged/chr_12/170215.2~A33.K_12L.png,/data5/chensx/MyProject/UAE/data/arrangement_merged/chr_12/170215.2~A33.K_12R.png,0,-0.4935634038395383,,0.0009542107582092,-0.7001649951651973,chromosome
0,0.0012775063514709,170215,170215.2~A4.K_12,12,,normal,170215.2~A4.K_12L.png,170215.2~A4.K_12R.png,train,/data5/chensx/MyProject/UAE/data/arrangement_merged/chr_12/170215.2~A4.K_12L.png,/data5/chensx/MyProject/UAE/data/arrangement_merged/chr_12/170215.2~A4.K_12R.png,0,-0.0691884677518478,,0.0012775063514709,0.9697161945962549,chromosome
0,0.0009308457374572,170215,170215.3~A32.K_12,12,,normal,170215.3~A32.K_12L.png,170215.3~A32.K_12R.png,train,/data5/chensx/MyProject/UAE/data/arrangement_merged/chr_12/170215.3~A32.K_12L.png,/data5/chensx/MyProject/UAE/data/arrangement_merged/chr_12/170215.3~A32.K_12R.png,0,-0.5242335688370262,,0.0009308457374572,-0.8208496239240173,chromosome
0,0.0010753273963928,170215,170215.3~A33.K_12,12,,normal,170215.3~A33.K_12L.png,170215.3~A33.K_12R.png,train,/data5/chensx/MyProject/UAE/data/arrangement_merged/chr_12/170215.3~A33.K_12L.png,/data5/chensx/MyProject/UAE/data/arrangement_merged/chr_12/170215.3~A33.K_12R.png,0,-0.334579283240315,,0.0010753273963928,-0.07457528690641398,chromosome
0,0.0009278655052185,170215,170215.3~A38.K_12,12,,normal,170215.3~A38.K_12L.png,170215.3~A38.K_12R.png,train,/data5/chensx/MyProject/UAE/data/arrangement_merged/chr_12/170215.3~A38.K_12L.png,/data5/chensx/MyProject/UAE/data/arrangement_merged/chr_12/170215.3~A38.K_12R.png,0,-0.5281455796785426,,0.0009278655052185,-0.8362430714693952,chromosome
0,0.0009188652038574,170215,170215.3~A41.K_12,12,,normal,170215.3~A41.K_12L.png,170215.3~A41.K_12R.png,train,/data5/chensx/MyProject/UAE/data/arrangement_merged/chr_12/170215.3~A41.K_12L.png,/data5/chensx/MyProject/UAE/data/arrangement_merged/chr_12/170215.3~A41.K_12R.png,0,-0.5399598524199218,,0.0009188652038574,-0.8827312830576038,chromosome
0,0.0010883212089538,170215,170215.3~A47.K_12,12,,normal,170215.3~A47.K_12L.png,170215.3~A47.K_12R.png,train,/data5/chensx/MyProject/UAE/data/arrangement_merged/chr_12/170215.3~A47.K_12L.png,/data5/chensx/MyProject/UAE/data/arrangement_merged/chr_12/170215.3~A47.K_12R.png,0,-0.3175229159713038,,0.0010883212089538,-0.007459855607182122,chromosome
0,0.0011202096939086,179083,179083.12~A20.K_12,12,,normal,179083.12~A20.K_12L.png,179083.12~A20.K_12R.png,train,/data5/chensx/MyProject/UAE/data/arrangement_merged/chr_12/179083.12~A20.K_12L.png,/data5/chensx/MyProject/UAE/data/arrangement_merged/chr_12/179083.12~A20.K_12R.png,0,-0.1089267474252193,,0.0011202096939086,0.15725003313202787,chromosome
0,0.0010432600975036,179083,179083.12~A37.K_12,12,,normal,179083.12~A37.K_12L.png,179083.12~A37.K_12R.png,train,/data5/chensx/MyProject/UAE/data/arrangement_merged/chr_12/179083.12~A37.K_12L.png,/data5/chensx/MyProject/UAE/data/arrangement_merged/chr_12/179083.12~A37.K_12R.png,0,-0.2246401870330622,,0.0010432600975036,-0.240208782498749,chromosome
0,0.0009686350822448,179083,179083.12~A39.K_12,12,,normal,179083.12~A39.K_12L.png,179083.12~A39.K_12R.png,train,/data5/chensx/MyProject/UAE/data/arrangement_merged/chr_12/179083.12~A39.K_12L.png,/data5/chensx/MyProject/UAE/data/arrangement_merged/chr_12/179083.12~A39.K_12R.png,0,-0.3368580231206062,,0.0009686350822448,-0.6256607090440605,chromosome
0,0.0008938312530517,179083,179083.12~A47.K_12,12,,normal,179083.12~A47.K_12L.png,179083.12~A47.K_12R.png,train,/data5/chensx/MyProject/UAE/data/arrangement_merged/chr_12/179083.12~A47.K_12L.png,/data5/chensx/MyProject/UAE/data/arrangement_merged/chr_12/179083.12~A47.K_12R.png,0,-0.4493447517866348,,0.0008938312530517,-1.01203624244198,chromosome
0,0.0008467435836791,179083,179083.12~A9.K_12,12,,normal,179083.12~A9.K_12L.png,179083.12~A9.K_12R.png,train,/data5/chensx/MyProject/UAE/data/arrangement_merged/chr_12/179083.12~A9.K_12L.png,/data5/chensx/MyProject/UAE/data/arrangement_merged/chr_12/179083.12~A9.K_12R.png,0,-0.5201531307875611,,0.0008467435836791,-1.2552527136648384,chromosome
0,0.0010455250740051,179083,179083.13~A11.K_12,12,,normal,179083.13~A11.K_12L.png,179083.13~A11.K_12R.png,train,/data5/chensx/MyProject/UAE/data/arrangement_merged/chr_12/179083.13~A11.K_12L.png,/data5/chensx/MyProject/UAE/data/arrangement_merged/chr_12/179083.13~A11.K_12R.png,0,-0.2212342143722582,,0.0010455250740051,-0.22850976236380743,chromosome
0,0.0012270808219909,179083,179083.13~A13.K_12,12,,normal,179083.13~A13.K_12L.png,179083.13~A13.K_12R.png,train,/data5/chensx/MyProject/UAE/data/arrangement_merged/chr_12/179083.13~A13.K_12L.png,/data5/chensx/MyProject/UAE/data/arrangement_merged/chr_12/179083.13~A13.K_12R.png,0,0.0517813836490348,,0.0012270808219909,0.7092590621222842,chromosome
0,0.0009897947311401,179083,179083.13~A14.K_12,12,,normal,179083.13~A14.K_12L.png,179083.13~A14.K_12R.png,train,/data5/chensx/MyProject/UAE/data/arrangement_merged/chr_12/179083.13~A14.K_12L.png,/data5/chensx/MyProject/UAE/data/arrangement_merged/chr_12/179083.13~A14.K_12R.png,0,-0.3050390679999368,,0.0009897947311401,-0.5163672314691397,chromosome
0,0.0012709498405456,179083,179083.13~A2.K_12,12,,normal,179083.13~A2.K_12L.png,179083.13~A2.K_12R.png,train,/data5/chensx/MyProject/UAE/data/arrangement_merged/chr_12/179083.13~A2.K_12L.png,/data5/chensx/MyProject/UAE/data/arrangement_merged/chr_12/179083.13~A2.K_12R.png,0,0.1177496962372396,,0.0012709498405456,0.9358506099955977,chromosome
0,0.0010387301445007,179083,179083.13~A22.K_12,12,,normal,179083.13~A22.K_12L.png,179083.13~A22.K_12R.png,train,/data5/chensx/MyProject/UAE/data/arrangement_merged/chr_12/179083.13~A22.K_12L.png,/data5/chensx/MyProject/UAE/data/arrangement_merged/chr_12/179083.13~A22.K_12R.png,0,-0.2314521323546703,,0.0010387301445007,-0.26360682276811687,chromosome
0,0.0012531876564025,179083,179083.13~A26.K_12,12,,normal,179083.13~A26.K_12L.png,179083.13~A26.K_12R.png,train,/data5/chensx/MyProject/UAE/data/arrangement_merged/chr_12/179083.13~A26.K_12L.png,/data5/chensx/MyProject/UAE/data/arrangement_merged/chr_12/179083.13~A26.K_12R.png,0,0.0910397001077763,,0.0012531876564025,0.8441056626228316,chromosome
0,0.0008949041366577,179083,179083.13~A34.K_12,12,,normal,179083.13~A34.K_12L.png,179083.13~A34.K_12R.png,train,/data5/chensx/MyProject/UAE/data/arrangement_merged/chr_12/179083.13~A34.K_12L.png,/data5/chensx/MyProject/UAE/data/arrangement_merged/chr_12/179083.13~A34.K_12R.png,0,-0.4477313963157276,,0.0008949041366577,-1.006494601325293,chromosome
0,0.0010077953338623,179083,179083.13~A39.K_12,12,,normal,179083.13~A39.K_12L.png,179083.13~A39.K_12R.png,train,/data5/chensx/MyProject/UAE/data/arrangement_merged/chr_12/179083.13~A39.K_12L.png,/data5/chensx/MyProject/UAE/data/arrangement_merged/chr_12/179083.13~A39.K_12R.png,0,-0.2779705484324941,,0.0010077953338623,-0.4233908082927235,chromosome
0,0.0010887384414672,179083,179083.14~A14.K_12,12,,normal,179083.14~A14.K_12L.png,179083.14~A14.K_12R.png,train,/data5/chensx/MyProject/UAE/data/arrangement_merged/chr_12/179083.14~A14.K_12L.png,/data5/chensx/MyProject/UAE/data/arrangement_merged/chr_12/179083.14~A14.K_12R.png,0,-0.1562518412384967,,0.0010887384414672,-0.0053047729509223054,chromosome
0,0.0009459257125854,179083,179083.14~A18.K_12,12,,normal,179083.14~A18.K_12L.png,179083.14~A18.K_12R.png,train,/data5/chensx/MyProject/UAE/data/arrangement_merged/chr_12/179083.14~A18.K_12L.png,/data5/chensx/MyProject/UAE/data/arrangement_merged/chr_12/179083.14~A18.K_12R.png,0,-0.3710073805881416,,0.0009459257125854,-0.7429587793424531,chromosome
0,0.0009906291961669,179083,179083.14~A2.K_12,12,,normal,179083.14~A2.K_12L.png,179083.14~A2.K_12R.png,train,/data5/chensx/MyProject/UAE/data/arrangement_merged/chr_12/179083.14~A2.K_12L.png,/data5/chensx/MyProject/UAE/data/arrangement_merged/chr_12/179083.14~A2.K_12R.png,0,-0.303784235967009,,0.0009906291961669,-0.5120570661566199,chromosome
0,0.0009127259254455,179083,179083.14~A27.K_12,12,,normal,179083.14~A27.K_12L.png,179083.14~A27.K_12R.png,train,/data5/chensx/MyProject/UAE/data/arrangement_merged/chr_12/179083.14~A27.K_12L.png,/data5/chensx/MyProject/UAE/data/arrangement_merged/chr_12/179083.14~A27.K_12R.png,0,-0.4209317693267694,,0.0009127259254455,-0.9144417850020012,chromosome
0,0.0009077191352844,179083,179083.14~A28.K_12,12,,normal,179083.14~A28.K_12L.png,179083.14~A28.K_12R.png,train,/data5/chensx/MyProject/UAE/data/arrangement_merged/chr_12/179083.14~A28.K_12L.png,/data5/chensx/MyProject/UAE/data/arrangement_merged/chr_12/179083.14~A28.K_12R.png,0,-0.4284607615243362,,0.0009077191352844,-0.9403027768786704,chromosome
0,0.0010997056961059,179083,179083.14~A39.K_12,12,,normal,179083.14~A39.K_12L.png,179083.14~A39.K_12R.png,train,/data5/chensx/MyProject/UAE/data/arrangement_merged/chr_12/179083.14~A39.K_12L.png,/data5/chensx/MyProject/UAE/data/arrangement_merged/chr_12/179083.14~A39.K_12R.png,0,-0.1397597630914455,,0.0010997056961059,0.051343114017535434,chromosome
0,0.0009843111038208,179083,179083.14~A44.K_12,12,,normal,179083.14~A44.K_12L.png,179083.14~A44.K_12R.png,train,/data5/chensx/MyProject/UAE/data/arrangement_merged/chr_12/179083.14~A44.K_12L.png,/data5/chensx/MyProject/UAE/data/arrangement_merged/chr_12/179083.14~A44.K_12R.png,0,-0.3132851070734624,,0.0009843111038208,-0.5446911749531108,chromosome
0,0.0012145638465881,179083,179083.14~A7.K_12,12,,normal,179083.14~A7.K_12L.png,179083.14~A7.K_12R.png,train,/data5/chensx/MyProject/UAE/data/arrangement_merged/chr_12/179083.14~A7.K_12L.png,/data5/chensx/MyProject/UAE/data/arrangement_merged/chr_12/179083.14~A7.K_12R.png,0,0.0329589031551177,,0.0012145638465881,0.6446065824303545,chromosome
0,0.0012989044189453,179083,179083.1~A24.K_12,12,,normal,179083.1~A24.K_12L.png,179083.1~A24.K_12R.png,train,/data5/chensx/MyProject/UAE/data/arrangement_merged/chr_12/179083.1~A24.K_12L.png,/data5/chensx/MyProject/UAE/data/arrangement_merged/chr_12/179083.1~A24.K_12R.png,0,0.1597865693403212,,0.0012989044189453,1.0802411479748257,chromosome
0,0.0010290145874023,179083,179083.2~A1.K_12,12,,normal,179083.2~A1.K_12L.png,179083.2~A1.K_12R.png,train,/data5/chensx/MyProject/UAE/data/arrangement_merged/chr_12/179083.2~A1.K_12L.png,/data5/chensx/MyProject/UAE/data/arrangement_merged/chr_12/179083.2~A1.K_12R.png,0,-0.2460619624523298,,0.0010290145874023,-0.31378946176727773,chromosome
0,0.001049518585205,179083,179083.2~A12.K_12,12,,normal,179083.2~A12.K_12L.png,179083.2~A12.K_12R.png,train,/data5/chensx/MyProject/UAE/data/arrangement_merged/chr_12/179083.2~A12.K_12L.png,/data5/chensx/MyProject/UAE/data/arrangement_merged/chr_12/179083.2~A12.K_12R.png,0,-0.2152289467861037,,0.001049518585205,-0.2078825426527842,chromosome
0,0.0008751153945922,179083,179083.2~A14.K_12,12,,normal,179083.2~A14.K_12L.png,179083.2~A14.K_12R.png,train,/data5/chensx/MyProject/UAE/data/arrangement_merged/chr_12/179083.2~A14.K_12L.png,/data5/chensx/MyProject/UAE/data/arrangement_merged/chr_12/179083.2~A14.K_12R.png,0,-0.4774888416680156,,0.0008751153945922,-1.1087070930293494,chromosome
0,0.0011148452758789,179083,179083.2~A18.K_12,12,,normal,179083.2~A18.K_12L.png,179083.2~A18.K_12R.png,train,/data5/chensx/MyProject/UAE/data/arrangement_merged/chr_12/179083.2~A18.K_12L.png,/data5/chensx/MyProject/UAE/data/arrangement_merged/chr_12/179083.2~A18.K_12R.png,0,-0.1169935247797553,,0.0011148452758789,0.12954182755014146,chromosome
0,0.0010503530502319,179083,179083.2~A20.K_12,12,,normal,179083.2~A20.K_12L.png,179083.2~A20.K_12R.png,train,/data5/chensx/MyProject/UAE/data/arrangement_merged/chr_12/179083.2~A20.K_12L.png,/data5/chensx/MyProject/UAE/data/arrangement_merged/chr_12/179083.2~A20.K_12R.png,0,-0.2139741147531759,,0.0010503530502319,-0.20357237733974823,chromosome
0,0.0011088252067565,179083,179083.2~A26.K_12,12,,normal,179083.2~A26.K_12L.png,179083.2~A26.K_12R.png,train,/data5/chensx/MyProject/UAE/data/arrangement_merged/chr_12/179083.2~A26.K_12L.png,/data5/chensx/MyProject/UAE/data/arrangement_merged/chr_12/179083.2~A26.K_12R.png,0,-0.1260462415887344,,0.0011088252067565,0.09844706350731143,chromosome
0,0.0010662078857421,179083,179083.2~A3.K_12,12,,normal,179083.2~A3.K_12L.png,179083.2~A3.K_12R.png,train,/data5/chensx/MyProject/UAE/data/arrangement_merged/chr_12/179083.2~A3.K_12L.png,/data5/chensx/MyProject/UAE/data/arrangement_merged/chr_12/179083.2~A3.K_12R.png,0,-0.1901323061275475,,0.0010662078857421,-0.12167923639670629,chromosome
0,0.0014566183090209,179083,179083.2~A31.K_12,12,,normal,179083.2~A31.K_12L.png,179083.2~A31.K_12R.png,train,/data5/chensx/MyProject/UAE/data/arrangement_merged/chr_12/179083.2~A31.K_12L.png,/data5/chensx/MyProject/UAE/data/arrangement_merged/chr_12/179083.2~A31.K_12R.png,0,0.396949823563677,,0.0014566183090209,1.8948623920947962,chromosome
0,0.0008440613746643,179083,179083.2~A35.K_12,12,,normal,179083.2~A35.K_12L.png,179083.2~A35.K_12R.png,train,/data5/chensx/MyProject/UAE/data/arrangement_merged/chr_12/179083.2~A35.K_12L.png,/data5/chensx/MyProject/UAE/data/arrangement_merged/chr_12/179083.2~A35.K_12R.png,0,-0.5241865194648291,,0.0008440613746643,-1.2691068164555235,chromosome
0,0.0009644627571105,179083,179083.2~A38.K_12,12,,normal,179083.2~A38.K_12L.png,179083.2~A38.K_12R.png,train,/data5/chensx/MyProject/UAE/data/arrangement_merged/chr_12/179083.2~A38.K_12L.png,/data5/chensx/MyProject/UAE/data/arrangement_merged/chr_12/179083.2~A38.K_12R.png,0,-0.3431321832852453,,0.0009644627571105,-0.6472115356082092,chromosome
0,0.0009525418281555,179083,179083.3~A1.K_12,12,,normal,179083.3~A1.K_12L.png,179083.3~A1.K_12R.png,train,/data5/chensx/MyProject/UAE/data/arrangement_merged/chr_12/179083.3~A1.K_12L.png,/data5/chensx/MyProject/UAE/data/arrangement_merged/chr_12/179083.3~A1.K_12R.png,0,-0.361058355184214,,0.0009525418281555,-0.7087853257907535,chromosome
0,0.0010775327682495,179083,179083.3~A24.K_12,12,,normal,179083.3~A24.K_12L.png,179083.3~A24.K_12R.png,train,/data5/chensx/MyProject/UAE/data/arrangement_merged/chr_12/179083.3~A24.K_12L.png,/data5/chensx/MyProject/UAE/data/arrangement_merged/chr_12/179083.3~A24.K_12R.png,0,-0.1731024428235273,,0.0010775327682495,-0.06318413572251372,chromosome
0,0.0007435083389282,179083,179083.3~A27.K_12,12,,normal,179083.3~A27.K_12L.png,179083.3~A27.K_12R.png,train,/data5/chensx/MyProject/UAE/data/arrangement_merged/chr_12/179083.3~A27.K_12L.png,/data5/chensx/MyProject/UAE/data/arrangement_merged/chr_12/179083.3~A27.K_12R.png,0,-0.6753937794326299,,0.0007435083389282,-1.7884817366487724,chromosome
0,0.0008072853088378,179083,179083.4~A34.K_12,12,,normal,179083.4~A34.K_12L.png,179083.4~A34.K_12R.png,train,/data5/chensx/MyProject/UAE/data/arrangement_merged/chr_12/179083.4~A34.K_12L.png,/data5/chensx/MyProject/UAE/data/arrangement_merged/chr_12/179083.4~A34.K_12R.png,0,-0.5794887597731475,,0.0008072853088378,-1.459061959170352,chromosome
0,0.0015100240707397,180371,180371.11~A18.K_12,12,,normal,180371.11~A18.K_12L.png,180371.11~A18.K_12R.png,train,/data5/chensx/MyProject/UAE/data/arrangement_merged/chr_12/180371.11~A18.K_12L.png,/data5/chensx/MyProject/UAE/data/arrangement_merged/chr_12/180371.11~A18.K_12R.png,0,0.3790482292803683,,0.0015100240707397,2.1707129721146607,chromosome
0,0.0009881854057312,180371,180371.11~A42.K_12,12,,normal,180371.11~A42.K_12L.png,180371.11~A42.K_12R.png,train,/data5/chensx/MyProject/UAE/data/arrangement_merged/chr_12/180371.11~A42.K_12L.png,/data5/chensx/MyProject/UAE/data/arrangement_merged/chr_12/180371.11~A42.K_12R.png,0,-0.3695216791632844,,0.0009881854057312,-0.5246796931436539,chromosome
0,0.0010714530944824,180371,180371.11~A50.K_12,12,,normal,180371.11~A50.K_12L.png,180371.11~A50.K_12R.png,train,/data5/chensx/MyProject/UAE/data/arrangement_merged/chr_12/180371.11~A50.K_12L.png,/data5/chensx/MyProject/UAE/data/arrangement_merged/chr_12/180371.11~A50.K_12R.png,0,-0.2500754013682206,,0.0010714530944824,-0.09458676871586982,chromosome
0,0.0011571049690246,180371,180371.13~A44.K_12,12,,normal,180371.13~A44.K_12L.png,180371.13~A44.K_12R.png,train,/data5/chensx/MyProject/UAE/data/arrangement_merged/chr_12/180371.13~A44.K_12L.png,/data5/chensx/MyProject/UAE/data/arrangement_merged/chr_12/180371.13~A44.K_12R.png,0,-0.1272090440371494,,0.0011571049690246,0.34782091374842433,chromosome
0,0.0008586645126342,180371,180371.14~A1.K_12,12,,normal,180371.14~A1.K_12L.png,180371.14~A1.K_12R.png,train,/data5/chensx/MyProject/UAE/data/arrangement_merged/chr_12/180371.14~A1.K_12L.png,/data5/chensx/MyProject/UAE/data/arrangement_merged/chr_12/180371.14~A1.K_12R.png,0,-0.5553174999568946,,0.0008586645126342,-1.1936789234817773,chromosome
0,0.00113445520401,180371,180371.1~A15.K_12,12,,normal,180371.1~A15.K_12L.png,180371.1~A15.K_12R.png,train,/data5/chensx/MyProject/UAE/data/arrangement_merged/chr_12/180371.1~A15.K_12L.png,/data5/chensx/MyProject/UAE/data/arrangement_merged/chr_12/180371.1~A15.K_12R.png,0,-0.1596997996292211,,0.00113445520401,0.23083071240107295,chromosome
0,0.0011043548583984,180371,180371.1~A25.K_12,12,,normal,180371.1~A25.K_12L.png,180371.1~A25.K_12R.png,train,/data5/chensx/MyProject/UAE/data/arrangement_merged/chr_12/180371.1~A25.K_12L.png,/data5/chensx/MyProject/UAE/data/arrangement_merged/chr_12/180371.1~A25.K_12R.png,0,-0.2028783037713164,,0.0011043548583984,0.07535689218898595,chromosome
0,0.0009620189666748,180371,180371.1~A33.K_12,12,,normal,180371.1~A33.K_12L.png,180371.1~A33.K_12R.png,train,/data5/chensx/MyProject/UAE/data/arrangement_merged/chr_12/180371.1~A33.K_12L.png,/data5/chensx/MyProject/UAE/data/arrangement_merged/chr_12/180371.1~A33.K_12R.png,0,-0.4070570520709672,,0.0009620189666748,-0.6598341625952432,chromosome
0,0.0013233423233032,180371,180371.1~A35.K_12,12,,normal,180371.1~A35.K_12L.png,180371.1~A35.K_12R.png,train,/data5/chensx/MyProject/UAE/data/arrangement_merged/chr_12/180371.1~A35.K_12L.png,/data5/chensx/MyProject/UAE/data/arrangement_merged/chr_12/180371.1~A35.K_12R.png,0,0.1112560016109771,,0.0013233423233032,1.2064674178498176,chromosome
0,0.0009782314300537,180371,180371.2~A15.K_12,12,,normal,180371.2~A15.K_12L.png,180371.2~A15.K_12R.png,train,/data5/chensx/MyProject/UAE/data/arrangement_merged/chr_12/180371.2~A15.K_12L.png,/data5/chensx/MyProject/UAE/data/arrangement_merged/chr_12/180371.2~A15.K_12R.png,0,-0.3838005112261158,,0.0009782314300537,-0.5760938079464658,chromosome
0,0.0012048482894897,180371,180371.2~A16.K_12,12,,normal,180371.2~A16.K_12L.png,180371.2~A16.K_12R.png,train,/data5/chensx/MyProject/UAE/data/arrangement_merged/chr_12/180371.2~A16.K_12L.png,/data5/chensx/MyProject/UAE/data/arrangement_merged/chr_12/180371.2~A16.K_12R.png,0,-0.0587219513285981,,0.0012048482894897,0.5944239434311925,chromosome
0,0.0011574029922485,180371,180371.2~A21.K_12,12,,normal,180371.2~A21.K_12L.png,180371.2~A21.K_12R.png,train,/data5/chensx/MyProject/UAE/data/arrangement_merged/chr_12/180371.2~A21.K_12L.png,/data5/chensx/MyProject/UAE/data/arrangement_merged/chr_12/180371.2~A21.K_12R.png,0,-0.1267815340951484,,0.0011574029922485,0.34936025850311675,chromosome
0,0.0009084343910217,180371,180371.2~A41.K_12,12,,normal,180371.2~A41.K_12L.png,180371.2~A41.K_12R.png,train,/data5/chensx/MyProject/UAE/data/arrangement_merged/chr_12/180371.2~A41.K_12L.png,/data5/chensx/MyProject/UAE/data/arrangement_merged/chr_12/180371.2~A41.K_12R.png,0,-0.4839233396427369,,0.0009084343910217,-0.9366083494677175,chromosome
0,0.0012260675430297,180371,180371.2~A49.K_12,12,,normal,180371.2~A49.K_12L.png,180371.2~A49.K_12R.png,train,/data5/chensx/MyProject/UAE/data/arrangement_merged/chr_12/180371.2~A49.K_12L.png,/data5/chensx/MyProject/UAE/data/arrangement_merged/chr_12/180371.2~A49.K_12R.png,0,-0.0282832434581309,,0.0012260675430297,0.7040252899566384,chromosome
0,0.0013206005096435,180371,180371.3~A2.K_12,12,,normal,180371.3~A2.K_12L.png,180371.3~A2.K_12R.png,train,/data5/chensx/MyProject/UAE/data/arrangement_merged/chr_12/180371.3~A2.K_12L.png,/data5/chensx/MyProject/UAE/data/arrangement_merged/chr_12/180371.3~A2.K_12R.png,0,0.1073229101445684,,0.0013206005096435,1.1923054461075737,chromosome
0,0.0012019872665405,180371,180371.3~A25.K_12,12,,normal,180371.3~A25.K_12L.png,180371.3~A25.K_12R.png,train,/data5/chensx/MyProject/UAE/data/arrangement_merged/chr_12/180371.3~A25.K_12L.png,/data5/chensx/MyProject/UAE/data/arrangement_merged/chr_12/180371.3~A25.K_12R.png,0,-0.0628260467718072,,0.0012019872665405,0.5796462337873824,chromosome
0,0.0012819766998291,180371,180371.3~A45.K_12,12,,normal,180371.3~A45.K_12L.png,180371.3~A45.K_12R.png,train,/data5/chensx/MyProject/UAE/data/arrangement_merged/chr_12/180371.3~A45.K_12L.png,/data5/chensx/MyProject/UAE/data/arrangement_merged/chr_12/180371.3~A45.K_12R.png,0,0.0519176216612461,,0.0012819766998291,0.9928063659150966,chromosome
0,0.0007729530334472,180371,180371.3~A9.K_12,12,,normal,180371.3~A9.K_12L.png,180371.3~A9.K_12R.png,train,/data5/chensx/MyProject/UAE/data/arrangement_merged/chr_12/180371.3~A9.K_12L.png,/data5/chensx/MyProject/UAE/data/arrangement_merged/chr_12/180371.3~A9.K_12R.png,0,-0.678269359276366,,0.0007729530334472,-1.6363944748971129,chromosome
0,0.0013180375099182,180371,180371.4~A19.K_12,12,,normal,180371.4~A19.K_12L.png,180371.4~A19.K_12R.png,train,/data5/chensx/MyProject/UAE/data/arrangement_merged/chr_12/180371.4~A19.K_12L.png,/data5/chensx/MyProject/UAE/data/arrangement_merged/chr_12/180371.4~A19.K_12R.png,0,0.1036463246433603,,0.0013180375099182,1.179067081218456,chromosome
0,0.0010043382644653,180371,180371.4~A20.K_12,12,,normal,180371.4~A20.K_12L.png,180371.4~A20.K_12R.png,train,/data5/chensx/MyProject/UAE/data/arrangement_merged/chr_12/180371.4~A20.K_12L.png,/data5/chensx/MyProject/UAE/data/arrangement_merged/chr_12/180371.4~A20.K_12R.png,0,-0.3463506403068332,,0.0010043382644653,-0.44124720744591955,chromosome
0,0.0011273622512817,180371,180371.4~A23.K_12,12,,normal,180371.4~A23.K_12L.png,180371.4~A23.K_12R.png,train,/data5/chensx/MyProject/UAE/data/arrangement_merged/chr_12/180371.4~A23.K_12L.png,/data5/chensx/MyProject/UAE/data/arrangement_merged/chr_12/180371.4~A23.K_12R.png,0,-0.1698745362488435,,0.0011273622512817,0.19419430724207107,chromosome
0,0.0011110305786132,180371,180371.4~A27.K_12,12,,normal,180371.4~A27.K_12L.png,180371.4~A27.K_12R.png,train,/data5/chensx/MyProject/UAE/data/arrangement_merged/chr_12/180371.4~A27.K_12L.png,/data5/chensx/MyProject/UAE/data/arrangement_merged/chr_12/180371.4~A27.K_12R.png,0,-0.1933020810704953,,0.0011110305786132,0.10983821469121056,chromosome
0,0.0012897849082946,180371,180371.4~A35.K_12,12,,normal,180371.4~A35.K_12L.png,180371.4~A35.K_12R.png,train,/data5/chensx/MyProject/UAE/data/arrangement_merged/chr_12/180371.4~A35.K_12L.png,/data5/chensx/MyProject/UAE/data/arrangement_merged/chr_12/180371.4~A35.K_12R.png,0,0.0631183821416708,,0.0012897849082946,1.0331371984845346,chromosome
0,0.0012226104736328,180371,180371.4~A39.K_12,12,,normal,180371.4~A39.K_12L.png,180371.4~A39.K_12R.png,train,/data5/chensx/MyProject/UAE/data/arrangement_merged/chr_12/180371.4~A39.K_12L.png,/data5/chensx/MyProject/UAE/data/arrangement_merged/chr_12/180371.4~A39.K_12R.png,0,-0.0332423587853419,,0.0012226104736328,0.6861688908039586,chromosome
0,0.0008944272994995,180371,180371.4~A44.K_12,12,,normal,180371.4~A44.K_12L.png,180371.4~A44.K_12R.png,train,/data5/chensx/MyProject/UAE/data/arrangement_merged/chr_12/180371.4~A44.K_12L.png,/data5/chensx/MyProject/UAE/data/arrangement_merged/chr_12/180371.4~A44.K_12R.png,0,-0.5040163069167813,,0.0008944272994995,-1.0089575529325945,chromosome
0,0.0008541345596313,182418,182418.13~A1.K_12,12,,normal,182418.13~A1.K_12L.png,182418.13~A1.K_12R.png,train,/data5/chensx/MyProject/UAE/data/arrangement_merged/chr_12/182418.13~A1.K_12L.png,/data5/chensx/MyProject/UAE/data/arrangement_merged/chr_12/182418.13~A1.K_12R.png,0,-0.6394838753941374,,0.0008541345596313,-1.2170769637511447,chromosome
0,0.0012614130973815,182418,182418.13~A27.K_12,12,,normal,182418.13~A27.K_12L.png,182418.13~A27.K_12R.png,train,/data5/chensx/MyProject/UAE/data/arrangement_merged/chr_12/182418.13~A27.K_12L.png,/data5/chensx/MyProject/UAE/data/arrangement_merged/chr_12/182418.13~A27.K_12R.png,0,-0.0870041776224569,,0.0012614130973815,0.8865915778490455,chromosome
0,0.0008687376976013,182418,182418.13~A6.K_12,12,,normal,182418.13~A6.K_12L.png,182418.13~A6.K_12R.png,train,/data5/chensx/MyProject/UAE/data/arrangement_merged/chr_12/182418.13~A6.K_12L.png,/data5/chensx/MyProject/UAE/data/arrangement_merged/chr_12/182418.13~A6.K_12R.png,0,-0.6196744906503847,,0.0008687376976013,-1.1416490707768816,chromosome
0,0.0010508894920349,182418,182418.14~A44.K_12,12,,normal,182418.14~A44.K_12L.png,182418.14~A44.K_12R.png,train,/data5/chensx/MyProject/UAE/data/arrangement_merged/chr_12/182418.14~A44.K_12L.png,/data5/chensx/MyProject/UAE/data/arrangement_merged/chr_12/182418.14~A44.K_12R.png,0,-0.3725827364589233,,0.0010508894920349,-0.20080155678140468,chromosome
0,0.0010526776313781,182418,182418.1~A24.K_12,12,,normal,182418.1~A24.K_12L.png,182418.1~A24.K_12R.png,train,/data5/chensx/MyProject/UAE/data/arrangement_merged/chr_12/182418.1~A24.K_12L.png,/data5/chensx/MyProject/UAE/data/arrangement_merged/chr_12/182418.1~A24.K_12R.png,0,-0.3701570975107087,,0.0010526776313781,-0.19156548825428057,chromosome
0,0.0012248158454895,182418,182418.2~A16.K_12,12,,normal,182418.2~A16.K_12L.png,182418.2~A16.K_12R.png,train,/data5/chensx/MyProject/UAE/data/arrangement_merged/chr_12/182418.2~A16.K_12L.png,/data5/chensx/MyProject/UAE/data/arrangement_merged/chr_12/182418.2~A16.K_12R.png,0,-0.1366489214292492,,0.0012248158454895,0.6975600419878589,chromosome
0,0.001136302947998,182418,182418.2~A2.K_12,12,,normal,182418.2~A2.K_12L.png,182418.2~A2.K_12R.png,train,/data5/chensx/MyProject/UAE/data/arrangement_merged/chr_12/182418.2~A2.K_12L.png,/data5/chensx/MyProject/UAE/data/arrangement_merged/chr_12/182418.2~A2.K_12R.png,0,-0.2567180493658723,,0.001136302947998,0.24037464987923834,chromosome
0,0.0010260939598083,182418,182418.2~A3.K_12,12,,normal,182418.2~A3.K_12L.png,182418.2~A3.K_12R.png,train,/data5/chensx/MyProject/UAE/data/arrangement_merged/chr_12/182418.2~A3.K_12L.png,/data5/chensx/MyProject/UAE/data/arrangement_merged/chr_12/182418.2~A3.K_12R.png,0,-0.4062182632074992,,0.0010260939598083,-0.3288750403621302,chromosome
0,0.000923752784729,182418,182418.2~A33.K_12,12,,normal,182418.2~A33.K_12L.png,182418.2~A33.K_12R.png,train,/data5/chensx/MyProject/UAE/data/arrangement_merged/chr_12/182418.2~A33.K_12L.png,/data5/chensx/MyProject/UAE/data/arrangement_merged/chr_12/182418.2~A33.K_12R.png,0,-0.545045665676982,,0.000923752784729,-0.8574860290825023,chromosome
0,0.0010607838630676,182418,182418.2~A38.K_12,12,,normal,182418.2~A38.K_12L.png,182418.2~A38.K_12R.png,train,/data5/chensx/MyProject/UAE/data/arrangement_merged/chr_12/182418.2~A38.K_12L.png,/data5/chensx/MyProject/UAE/data/arrangement_merged/chr_12/182418.2~A38.K_12R.png,0,-0.3591608676121359,,0.0010607838630676,-0.149695310929634,chromosome
0,0.0010439753532409,182418,182418.3~A15.K_12,12,,normal,182418.3~A15.K_12L.png,182418.3~A15.K_12R.png,train,/data5/chensx/MyProject/UAE/data/arrangement_merged/chr_12/182418.3~A15.K_12L.png,/data5/chensx/MyProject/UAE/data/arrangement_merged/chr_12/182418.3~A15.K_12R.png,0,-0.3819618737253532,,0.0010439753532409,-0.23651435508779675,chromosome
0,0.0008472204208374,182418,182418.3~A25.K_12,12,,normal,182418.3~A25.K_12L.png,182418.3~A25.K_12R.png,train,/data5/chensx/MyProject/UAE/data/arrangement_merged/chr_12/182418.3~A25.K_12L.png,/data5/chensx/MyProject/UAE/data/arrangement_merged/chr_12/182418.3~A25.K_12R.png,0,-0.6488630126605672,,0.0008472204208374,-1.2527897620570203,chromosome
0,0.0010946989059448,182418,182418.3~A49.K_12,12,,normal,182418.3~A49.K_12L.png,182418.3~A49.K_12R.png,train,/data5/chensx/MyProject/UAE/data/arrangement_merged/chr_12/182418.3~A49.K_12L.png,/data5/chensx/MyProject/UAE/data/arrangement_merged/chr_12/182418.3~A49.K_12R.png,0,-0.3131545822276655,,0.0010946989059448,0.025482122140866408,chromosome
0,0.0010493993759155,182418,182418.4~A15.K_12,12,,normal,182418.4~A15.K_12L.png,182418.4~A15.K_12R.png,train,/data5/chensx/MyProject/UAE/data/arrangement_merged/chr_12/182418.4~A15.K_12L.png,/data5/chensx/MyProject/UAE/data/arrangement_merged/chr_12/182418.4~A15.K_12R.png,0,-0.3746041022491022,,0.0010493993759155,-0.20849828055435157,chromosome
0,0.0015855431556701,182418,182418.4~A6.K_12,12,,normal,182418.4~A6.K_12L.png,182418.4~A6.K_12R.png,train,/data5/chensx/MyProject/UAE/data/arrangement_merged/chr_12/182418.4~A6.K_12L.png,/data5/chensx/MyProject/UAE/data/arrangement_merged/chr_12/182418.4~A6.K_12R.png,0,0.3526833090572443,,0.0015855431556701,2.560782932923534,chromosome
0,0.0011417269706726,182418,182418.5~A16.K_12,12,,normal,182418.5~A16.K_12L.png,182418.5~A16.K_12R.png,train,/data5/chensx/MyProject/UAE/data/arrangement_merged/chr_12/182418.5~A16.K_12L.png,/data5/chensx/MyProject/UAE/data/arrangement_merged/chr_12/182418.5~A16.K_12R.png,0,-0.2493602778896213,,0.0011417269706726,0.2683907244126835,chromosome
0,0.0012000203132629,182418,182418.5~A17.K_12,12,,normal,182418.5~A17.K_12L.png,182418.5~A17.K_12R.png,train,/data5/chensx/MyProject/UAE/data/arrangement_merged/chr_12/182418.5~A17.K_12L.png,/data5/chensx/MyProject/UAE/data/arrangement_merged/chr_12/182418.5~A17.K_12R.png,0,-0.1702844481778251,,0.0012000203132629,0.5694865584071334,chromosome
0,0.0008489489555358,182418,182418.5~A3.K_12,12,,normal,182418.5~A3.K_12L.png,182418.5~A3.K_12R.png,train,/data5/chensx/MyProject/UAE/data/arrangement_merged/chr_12/182418.5~A3.K_12L.png,/data5/chensx/MyProject/UAE/data/arrangement_merged/chr_12/182418.5~A3.K_12R.png,0,-0.6465182283439598,,0.0008489489555358,-1.2438615624809388,chromosome
0,0.0006738305091857,182418,182418.5~A30.K_12,12,,normal,182418.5~A30.K_12L.png,182418.5~A30.K_12R.png,train,/data5/chensx/MyProject/UAE/data/arrangement_merged/chr_12/182418.5~A30.K_12L.png,/data5/chensx/MyProject/UAE/data/arrangement_merged/chr_12/182418.5~A30.K_12R.png,0,-0.884069136005777,,0.0006738305091857,-2.148380540268456,chromosome
0,0.0010568499565124,182418,182418.5~A5.K_12,12,,normal,182418.5~A5.K_12L.png,182418.5~A5.K_12R.png,train,/data5/chensx/MyProject/UAE/data/arrangement_merged/chr_12/182418.5~A5.K_12L.png,/data5/chensx/MyProject/UAE/data/arrangement_merged/chr_12/182418.5~A5.K_12R.png,0,-0.364497273298208,,0.0010568499565124,-0.1700146616901323,chromosome
0,0.0014131665229797,182747,182747.11~A42.K_12,12,,normal,182747.11~A42.K_12L.png,182747.11~A42.K_12R.png,train,/data5/chensx/MyProject/UAE/data/arrangement_merged/chr_12/182747.11~A42.K_12L.png,/data5/chensx/MyProject/UAE/data/arrangement_merged/chr_12/182747.11~A42.K_12R.png,0,0.1399643938440392,,0.0014131665229797,1.6704259268782589,chromosome
0,0.0008343458175659,182747,182747.12~A10.K_12,12,,normal,182747.12~A10.K_12L.png,182747.12~A10.K_12R.png,train,/data5/chensx/MyProject/UAE/data/arrangement_merged/chr_12/182747.12~A10.K_12L.png,/data5/chensx/MyProject/UAE/data/arrangement_merged/chr_12/182747.12~A10.K_12R.png,0,-0.6325323203813649,,0.0008343458175659,-1.3192894554546848,chromosome
0,0.0012028813362121,182747,182747.12~A14.K_12,12,,normal,182747.12~A14.K_12L.png,182747.12~A14.K_12R.png,train,/data5/chensx/MyProject/UAE/data/arrangement_merged/chr_12/182747.12~A14.K_12L.png,/data5/chensx/MyProject/UAE/data/arrangement_merged/chr_12/182747.12~A14.K_12R.png,0,-0.1406831612777016,,0.0012028813362121,0.5842642680509446,chromosome
0,0.0010427236557006,182747,182747.12~A18.K_12,12,,normal,182747.12~A18.K_12L.png,182747.12~A18.K_12R.png,train,/data5/chensx/MyProject/UAE/data/arrangement_merged/chr_12/182747.12~A18.K_12L.png,/data5/chensx/MyProject/UAE/data/arrangement_merged/chr_12/182747.12~A18.K_12R.png,0,-0.35443032131515,,0.0010427236557006,-0.24297960305709365,chromosome
0,0.0011922121047973,182747,182747.12~A26.K_12,12,,normal,182747.12~A26.K_12L.png,182747.12~A26.K_12R.png,train,/data5/chensx/MyProject/UAE/data/arrangement_merged/chr_12/182747.12~A26.K_12L.png,/data5/chensx/MyProject/UAE/data/arrangement_merged/chr_12/182747.12~A26.K_12R.png,0,-0.1549223654633002,,0.0011922121047973,0.5291557258371792,chromosome
0,0.0010914802551269,182747,182747.12~A28.K_12,12,,normal,182747.12~A28.K_12L.png,182747.12~A28.K_12R.png,train,/data5/chensx/MyProject/UAE/data/arrangement_merged/chr_12/182747.12~A28.K_12L.png,/data5/chensx/MyProject/UAE/data/arrangement_merged/chr_12/182747.12~A28.K_12R.png,0,-0.2893595446457668,,0.0010914802551269,0.008857198791321491,chromosome
0,0.0008316040039062,182747,182747.12~A4.K_12,12,,normal,182747.12~A4.K_12L.png,182747.12~A4.K_12R.png,train,/data5/chensx/MyProject/UAE/data/arrangement_merged/chr_12/182747.12~A4.K_12L.png,/data5/chensx/MyProject/UAE/data/arrangement_merged/chr_12/182747.12~A4.K_12R.png,0,-0.6361915572111835,,0.0008316040039062,-1.333451427196928,chromosome
0,0.0013006925582885,182747,182747.13~A33.K_12,12,,normal,182747.13~A33.K_12L.png,182747.13~A33.K_12R.png,train,/data5/chensx/MyProject/UAE/data/arrangement_merged/chr_12/182747.13~A33.K_12L.png,/data5/chensx/MyProject/UAE/data/arrangement_merged/chr_12/182747.13~A33.K_12R.png,0,-0.0101438648052592,,0.0013006925582885,1.0894772165019497,chromosome
0,0.0008832216262817,182747,182747.13~A45.K_12,12,,normal,182747.13~A45.K_12L.png,182747.13~A45.K_12R.png,train,/data5/chensx/MyProject/UAE/data/arrangement_merged/chr_12/182747.13~A45.K_12L.png,/data5/chensx/MyProject/UAE/data/arrangement_merged/chr_12/182747.13~A45.K_12R.png,0,-0.5673024464585112,,0.0008832216262817,-1.0668369157047028,chromosome
0,0.0010918974876403,182747,182747.13~A5.K_12,12,,normal,182747.13~A5.K_12L.png,182747.13~A5.K_12R.png,train,/data5/chensx/MyProject/UAE/data/arrangement_merged/chr_12/182747.13~A5.K_12L.png,/data5/chensx/MyProject/UAE/data/arrangement_merged/chr_12/182747.13~A5.K_12R.png,0,-0.2888027042586205,,0.0010918974876403,0.011012281447581308,chromosome
0,0.0011502504348754,182747,182747.1~A15.K_12,12,,normal,182747.1~A15.K_12L.png,182747.1~A15.K_12R.png,train,/data5/chensx/MyProject/UAE/data/arrangement_merged/chr_12/182747.1~A15.K_12L.png,/data5/chensx/MyProject/UAE/data/arrangement_merged/chr_12/182747.1~A15.K_12R.png,0,-0.2109245986848721,,0.0011502504348754,0.31241598439307355,chromosome
0,0.001193881034851,182747,182747.1~A42.K_12,12,,normal,182747.1~A42.K_12L.png,182747.1~A42.K_12R.png,train,/data5/chensx/MyProject/UAE/data/arrangement_merged/chr_12/182747.1~A42.K_12L.png,/data5/chensx/MyProject/UAE/data/arrangement_merged/chr_12/182747.1~A42.K_12R.png,0,-0.1526950039147149,,0.001193881034851,0.537776056462736,chromosome
0,0.0007334947586059,182747,182747.2~A13.K_12,12,,normal,182747.2~A13.K_12L.png,182747.2~A13.K_12R.png,train,/data5/chensx/MyProject/UAE/data/arrangement_merged/chr_12/182747.2~A13.K_12L.png,/data5/chensx/MyProject/UAE/data/arrangement_merged/chr_12/182747.2~A13.K_12R.png,0,-0.7671285968173018,,0.0007334947586059,-1.8402037204026263,chromosome
0,0.001169204711914,182747,182747.3~A20.K_12,12,,normal,182747.3~A20.K_12L.png,182747.3~A20.K_12R.png,train,/data5/chensx/MyProject/UAE/data/arrangement_merged/chr_12/182747.3~A20.K_12L.png,/data5/chensx/MyProject/UAE/data/arrangement_merged/chr_12/182747.3~A20.K_12R.png,0,-0.1856281353830825,,0.001169204711914,0.41031831078409414,chromosome
0,0.0009281039237976,182747,182747.3~A24.K_12,12,,normal,182747.3~A24.K_12L.png,182747.3~A24.K_12R.png,train,/data5/chensx/MyProject/UAE/data/arrangement_merged/chr_12/182747.3~A24.K_12L.png,/data5/chensx/MyProject/UAE/data/arrangement_merged/chr_12/182747.3~A24.K_12R.png,0,-0.5074023305269152,,0.0009281039237976,-0.8350115956657441,chromosome
0,0.001386284828186,182747,182747.3~A35.K_12,12,,normal,182747.3~A35.K_12L.png,182747.3~A35.K_12R.png,train,/data5/chensx/MyProject/UAE/data/arrangement_merged/chr_12/182747.3~A35.K_12L.png,/data5/chensx/MyProject/UAE/data/arrangement_merged/chr_12/182747.3~A35.K_12R.png,0,0.1040879631864697,,0.001386284828186,1.5315770300157179,chromosome
0,0.0010397434234619,182747,182747.4~A1.K_12,12,,normal,182747.4~A1.K_12L.png,182747.4~A1.K_12R.png,train,/data5/chensx/MyProject/UAE/data/arrangement_merged/chr_12/182747.4~A1.K_12L.png,/data5/chensx/MyProject/UAE/data/arrangement_merged/chr_12/182747.4~A1.K_12R.png,0,-0.3584077526519094,,0.0010397434234619,-0.2583730506024711,chromosome
0,0.0008510947227478,182747,182747.4~A32.K_12,12,,normal,182747.4~A32.K_12L.png,182747.4~A32.K_12R.png,train,/data5/chensx/MyProject/UAE/data/arrangement_merged/chr_12/182747.4~A32.K_12L.png,/data5/chensx/MyProject/UAE/data/arrangement_merged/chr_12/182747.4~A32.K_12R.png,0,-0.6101791562687773,,0.0008510947227478,-1.232778280247564,chromosome
0,0.0010125637054443,182747,182747.4~A33.K_12,12,,normal,182747.4~A33.K_12L.png,182747.4~A33.K_12R.png,train,/data5/chensx/MyProject/UAE/data/arrangement_merged/chr_12/182747.4~A33.K_12L.png,/data5/chensx/MyProject/UAE/data/arrangement_merged/chr_12/182747.4~A33.K_12R.png,0,-0.3946819264431548,,0.0010125637054443,-0.39876129221970563,chromosome
0,0.0009850263595581,182747,182747.4~A35.K_12,12,,normal,182747.4~A35.K_12L.png,182747.4~A35.K_12R.png,train,/data5/chensx/MyProject/UAE/data/arrangement_merged/chr_12/182747.4~A35.K_12L.png,/data5/chensx/MyProject/UAE/data/arrangement_merged/chr_12/182747.4~A35.K_12R.png,0,-0.4314333919948113,,0.0009850263595581,-0.5409967475421575,chromosome
0,0.0017615556716918,182747,182747.4~A41.K_12,12,,normal,182747.4~A41.K_12L.png,182747.4~A41.K_12R.png,train,/data5/chensx/MyProject/UAE/data/arrangement_merged/chr_12/182747.4~A41.K_12L.png,/data5/chensx/MyProject/UAE/data/arrangement_merged/chr_12/182747.4~A41.K_12R.png,0,0.6049261171112091,,0.0017615556716918,3.469919944974613,chromosome
0,0.0017582178115844,182747,182747.4~A43.K_12,12,,normal,182747.4~A43.K_12L.png,182747.4~A43.K_12R.png,train,/data5/chensx/MyProject/UAE/data/arrangement_merged/chr_12/182747.4~A43.K_12L.png,/data5/chensx/MyProject/UAE/data/arrangement_merged/chr_12/182747.4~A43.K_12R.png,0,0.6004713940140386,,0.0017582178115844,3.452679283723501,chromosome
0,0.0007374286651611,182747,182747.4~A9.K_12,12,,normal,182747.4~A9.K_12L.png,182747.4~A9.K_12R.png,train,/data5/chensx/MyProject/UAE/data/arrangement_merged/chr_12/182747.4~A9.K_12L.png,/data5/chensx/MyProject/UAE/data/arrangement_merged/chr_12/182747.4~A9.K_12R.png,0,-0.7618783874527795,,0.0007374286651611,-1.8198843696421285,chromosome
0,0.0013909935951232,183038,183038.11~A13.K_12,12,,normal,183038.11~A13.K_12L.png,183038.11~A13.K_12R.png,train,/data5/chensx/MyProject/UAE/data/arrangement_merged/chr_12/183038.11~A13.K_12L.png,/data5/chensx/MyProject/UAE/data/arrangement_merged/chr_12/183038.11~A13.K_12R.png,0,0.0810186016383258,,0.0013909935951232,1.5558986771376933,chromosome
0,0.0008657574653625,183038,183038.11~A39.K_12,12,,normal,183038.11~A39.K_12L.png,183038.11~A39.K_12R.png,train,/data5/chensx/MyProject/UAE/data/arrangement_merged/chr_12/183038.11~A39.K_12L.png,/data5/chensx/MyProject/UAE/data/arrangement_merged/chr_12/183038.11~A39.K_12R.png,0,-0.5964987075471292,,0.0008657574653625,-1.157042518322776,chromosome
0,0.0011399388313293,183038,183038.12~A11.K_12,12,,normal,183038.12~A11.K_12L.png,183038.12~A11.K_12R.png,train,/data5/chensx/MyProject/UAE/data/arrangement_merged/chr_12/183038.12~A11.K_12L.png,/data5/chensx/MyProject/UAE/data/arrangement_merged/chr_12/183038.12~A11.K_12R.png,0,-0.2428242156890841,,0.0011399388313293,0.2591546558850431,chromosome
0,0.0008618235588073,183038,183038.12~A45.K_12,12,,normal,183038.12~A45.K_12L.png,183038.12~A45.K_12R.png,train,/data5/chensx/MyProject/UAE/data/arrangement_merged/chr_12/183038.12~A45.K_12L.png,/data5/chensx/MyProject/UAE/data/arrangement_merged/chr_12/183038.12~A45.K_12R.png,0,-0.6015731676477012,,0.0008618235588073,-1.1773618690832743,chromosome
0,0.0011904239654541,183038,183038.13~A11.K_12,12,,normal,183038.13~A11.K_12L.png,183038.13~A11.K_12R.png,train,/data5/chensx/MyProject/UAE/data/arrangement_merged/chr_12/183038.13~A11.K_12L.png,/data5/chensx/MyProject/UAE/data/arrangement_merged/chr_12/183038.13~A11.K_12R.png,0,-0.1777019777317441,,0.0011904239654541,0.5199196573100563,chromosome
0,0.0007680058479309,183038,183038.13~A29.K_12,12,,normal,183038.13~A29.K_12L.png,183038.13~A29.K_12R.png,train,/data5/chensx/MyProject/UAE/data/arrangement_merged/chr_12/183038.13~A29.K_12L.png,/data5/chensx/MyProject/UAE/data/arrangement_merged/chr_12/183038.13~A29.K_12R.png,0,-0.7225913524704323,,0.0007680058479309,-1.66194759782274,chromosome
0,0.0008851289749145,183038,183038.13~A39.K_12,12,,normal,183038.13~A39.K_12L.png,183038.13~A39.K_12R.png,train,/data5/chensx/MyProject/UAE/data/arrangement_merged/chr_12/183038.13~A39.K_12L.png,/data5/chensx/MyProject/UAE/data/arrangement_merged/chr_12/183038.13~A39.K_12R.png,0,-0.5715108358397674,,0.0008851289749145,-1.0569851092754956,chromosome
0,0.0011044740676879,183038,183038.13~A47.K_12,12,,normal,183038.13~A47.K_12L.png,183038.13~A47.K_12R.png,train,/data5/chensx/MyProject/UAE/data/arrangement_merged/chr_12/183038.13~A47.K_12L.png,/data5/chensx/MyProject/UAE/data/arrangement_merged/chr_12/183038.13~A47.K_12R.png,0,-0.2885712423533312,,0.0011044740676879,0.07597263009055334,chromosome
0,0.0011025071144104,183038,183038.14~A2.K_12,12,,normal,183038.14~A2.K_12L.png,183038.14~A2.K_12R.png,train,/data5/chensx/MyProject/UAE/data/arrangement_merged/chr_12/183038.14~A2.K_12L.png,/data5/chensx/MyProject/UAE/data/arrangement_merged/chr_12/183038.14~A2.K_12R.png,0,-0.2911084724036172,,0.0011025071144104,0.06581295471082053,chromosome
0,0.0010628700256347,183038,183038.14~A3.K_12,12,,normal,183038.14~A3.K_12L.png,183038.14~A3.K_12R.png,train,/data5/chensx/MyProject/UAE/data/arrangement_merged/chr_12/183038.14~A3.K_12L.png,/data5/chensx/MyProject/UAE/data/arrangement_merged/chr_12/183038.14~A3.K_12R.png,0,-0.3422375022048346,,0.0010628700256347,-0.13891989764781862,chromosome
0,0.0010598897933959,183038,183038.14~A30.K_12,12,,normal,183038.14~A30.K_12L.png,183038.14~A30.K_12R.png,train,/data5/chensx/MyProject/UAE/data/arrangement_merged/chr_12/183038.14~A30.K_12L.png,/data5/chensx/MyProject/UAE/data/arrangement_merged/chr_12/183038.14~A30.K_12R.png,0,-0.3460817901598134,,0.0010598897933959,-0.1543133451937124,chromosome
0,0.0011197328567504,183038,183038.14~A34.K_12,12,,normal,183038.14~A34.K_12L.png,183038.14~A34.K_12R.png,train,/data5/chensx/MyProject/UAE/data/arrangement_merged/chr_12/183038.14~A34.K_12L.png,/data5/chensx/MyProject/UAE/data/arrangement_merged/chr_12/183038.14~A34.K_12R.png,0,-0.2688884880238401,,0.0011197328567504,0.15478708152472676,chromosome
0,0.0009220838546752,183038,183038.14~A48.K_12,12,,normal,183038.14~A48.K_12L.png,183038.14~A48.K_12R.png,train,/data5/chensx/MyProject/UAE/data/arrangement_merged/chr_12/183038.14~A48.K_12L.png,/data5/chensx/MyProject/UAE/data/arrangement_merged/chr_12/183038.14~A48.K_12R.png,0,-0.5238416651980309,,0.0009220838546752,-0.8661063597085747,chromosome
0,0.0011308193206787,183038,183038.14~A9.K_12,12,,normal,183038.14~A9.K_12L.png,183038.14~A9.K_12R.png,train,/data5/chensx/MyProject/UAE/data/arrangement_merged/chr_12/183038.14~A9.K_12L.png,/data5/chensx/MyProject/UAE/data/arrangement_merged/chr_12/183038.14~A9.K_12R.png,0,-0.2545877368313191,,0.0011308193206787,0.2120507063952682,chromosome
0,0.001251220703125,183038,183038.1~A28.K_12,12,,normal,183038.1~A28.K_12L.png,183038.1~A28.K_12R.png,train,/data5/chensx/MyProject/UAE/data/arrangement_merged/chr_12/183038.1~A28.K_12L.png,/data5/chensx/MyProject/UAE/data/arrangement_merged/chr_12/183038.1~A28.K_12R.png,0,-0.0992785034501775,,0.001251220703125,0.8339459872430988,chromosome
0,0.0010024309158325,183038,183038.2~A12.K_12,12,,normal,183038.2~A12.K_12L.png,183038.2~A12.K_12R.png,train,/data5/chensx/MyProject/UAE/data/arrangement_merged/chr_12/183038.2~A12.K_12L.png,/data5/chensx/MyProject/UAE/data/arrangement_merged/chr_12/183038.2~A12.K_12R.png,0,-0.4201996619318037,,0.0010024309158325,-0.45109901387512624,chromosome
0,0.0012013912200927,183038,183038.2~A13.K_12,12,,normal,183038.2~A13.K_12L.png,183038.2~A13.K_12R.png,train,/data5/chensx/MyProject/UAE/data/arrangement_merged/chr_12/183038.2~A13.K_12L.png,/data5/chensx/MyProject/UAE/data/arrangement_merged/chr_12/183038.2~A13.K_12R.png,0,-0.1635549980574223,,0.0012013912200927,0.5765675442779965,chromosome
0,0.0012235045433044,183038,183038.2~A15.K_12,12,,normal,183038.2~A15.K_12L.png,183038.2~A15.K_12R.png,train,/data5/chensx/MyProject/UAE/data/arrangement_merged/chr_12/183038.2~A15.K_12L.png,/data5/chensx/MyProject/UAE/data/arrangement_merged/chr_12/183038.2~A15.K_12R.png,0,-0.1350303814314799,,0.0012235045433044,0.6907869250675207,chromosome
0,0.0011107921600341,183038,183038.2~A21.K_12,12,,normal,183038.2~A21.K_12L.png,183038.2~A21.K_12R.png,train,/data5/chensx/MyProject/UAE/data/arrangement_merged/chr_12/183038.2~A21.K_12L.png,/data5/chensx/MyProject/UAE/data/arrangement_merged/chr_12/183038.2~A21.K_12R.png,0,-0.2804213518887763,,0.0011107921600341,0.10860673888756056,chromosome
0,0.0012063980102539,183038,183038.2~A43.K_12,12,,normal,183038.2~A43.K_12L.png,183038.2~A43.K_12R.png,train,/data5/chensx/MyProject/UAE/data/arrangement_merged/chr_12/183038.2~A43.K_12L.png,/data5/chensx/MyProject/UAE/data/arrangement_merged/chr_12/183038.2~A43.K_12R.png,0,-0.1570965942930579,,0.0012063980102539,0.6024285361551819,chromosome
0,0.0011047720909118,183038,183038.2~A46.K_12,12,,normal,183038.2~A46.K_12L.png,183038.2~A46.K_12R.png,train,/data5/chensx/MyProject/UAE/data/arrangement_merged/chr_12/183038.2~A46.K_12L.png,/data5/chensx/MyProject/UAE/data/arrangement_merged/chr_12/183038.2~A46.K_12R.png,0,-0.2881868135578334,,0.0011047720909118,0.07751197484524576,chromosome
0,0.001046597957611,183038,183038.2~A47.K_12,12,,normal,183038.2~A47.K_12L.png,183038.2~A47.K_12R.png,train,/data5/chensx/MyProject/UAE/data/arrangement_merged/chr_12/183038.2~A47.K_12L.png,/data5/chensx/MyProject/UAE/data/arrangement_merged/chr_12/183038.2~A47.K_12R.png,0,-0.3632273144390186,,0.001046597957611,-0.22296812124763668,chromosome
0,0.0009906291961669,183038,183038.3~A12.K_12,12,,normal,183038.3~A12.K_12L.png,183038.3~A12.K_12R.png,train,/data5/chensx/MyProject/UAE/data/arrangement_merged/chr_12/183038.3~A12.K_12L.png,/data5/chensx/MyProject/UAE/data/arrangement_merged/chr_12/183038.3~A12.K_12R.png,0,-0.4354230422335196,,0.0009906291961669,-0.5120570661566199,chromosome
0,0.000984787940979,183038,183038.3~A19.K_12,12,,normal,183038.3~A19.K_12L.png,183038.3~A19.K_12R.png,train,/data5/chensx/MyProject/UAE/data/arrangement_merged/chr_12/183038.3~A19.K_12L.png,/data5/chensx/MyProject/UAE/data/arrangement_merged/chr_12/183038.3~A19.K_12R.png,0,-0.4429578466252779,,0.000984787940979,-0.5422282233458087,chromosome
0,0.0015618801116943,183038,183038.3~A30.K_12,12,,normal,183038.3~A30.K_12L.png,183038.3~A30.K_12R.png,train,/data5/chensx/MyProject/UAE/data/arrangement_merged/chr_12/183038.3~A30.K_12L.png,/data5/chensx/MyProject/UAE/data/arrangement_merged/chr_12/183038.3~A30.K_12R.png,0,0.3014500729768074,,0.0015618801116943,2.438558959410537,chromosome
0,0.0009808540344238,183038,183038.3~A36.K_12,12,,normal,183038.3~A36.K_12L.png,183038.3~A36.K_12R.png,train,/data5/chensx/MyProject/UAE/data/arrangement_merged/chr_12/183038.3~A36.K_12L.png,/data5/chensx/MyProject/UAE/data/arrangement_merged/chr_12/183038.3~A36.K_12R.png,0,-0.4480323067258498,,0.0009808540344238,-0.5625475741063068,chromosome
0,0.001014232635498,183038,183038.4~A15.K_12,12,,normal,183038.4~A15.K_12L.png,183038.4~A15.K_12R.png,train,/data5/chensx/MyProject/UAE/data/arrangement_merged/chr_12/183038.4~A15.K_12L.png,/data5/chensx/MyProject/UAE/data/arrangement_merged/chr_12/183038.4~A15.K_12R.png,0,-0.4049762816300878,,0.001014232635498,-0.3901409615941489,chromosome
0,0.0012094378471374,183038,183038.4~A24.K_12,12,,normal,183038.4~A24.K_12L.png,183038.4~A24.K_12R.png,train,/data5/chensx/MyProject/UAE/data/arrangement_merged/chr_12/183038.4~A24.K_12L.png,/data5/chensx/MyProject/UAE/data/arrangement_merged/chr_12/183038.4~A24.K_12R.png,0,-0.1531754205789796,,0.0012094378471374,0.6181298526516018,chromosome
0,0.0009317398071289,183038,183038.4~A36.K_12,12,,normal,183038.4~A36.K_12L.png,183038.4~A36.K_12R.png,train,/data5/chensx/MyProject/UAE/data/arrangement_merged/chr_12/183038.4~A36.K_12L.png,/data5/chensx/MyProject/UAE/data/arrangement_merged/chr_12/183038.4~A36.K_12R.png,0,-0.5113861722238997,,0.0009317398071289,-0.8162315896599395,chromosome
0,0.0011690258979797,183038,183038.4~A39.K_12,12,,normal,183038.4~A39.K_12L.png,183038.4~A39.K_12R.png,train,/data5/chensx/MyProject/UAE/data/arrangement_merged/chr_12/183038.4~A39.K_12L.png,/data5/chensx/MyProject/UAE/data/arrangement_merged/chr_12/183038.4~A39.K_12R.png,0,-0.2053039652484915,,0.0011690258979797,0.4093947039314843,chromosome
0,0.0010033845901489,183079,183079.11~A27.K_12,12,,normal,183079.11~A27.K_12L.png,183079.11~A27.K_12R.png,train,/data5/chensx/MyProject/UAE/data/arrangement_merged/chr_12/183079.11~A27.K_12L.png,/data5/chensx/MyProject/UAE/data/arrangement_merged/chr_12/183079.11~A27.K_12R.png,0,-0.3837506051083494,,0.0010033845901489,-0.4461731106605229,chromosome
0,0.0011554360389709,183079,183079.12~A27.K_12,12,,normal,183079.12~A27.K_12L.png,183079.12~A27.K_12R.png,train,/data5/chensx/MyProject/UAE/data/arrangement_merged/chr_12/183079.12~A27.K_12L.png,/data5/chensx/MyProject/UAE/data/arrangement_merged/chr_12/183079.12~A27.K_12R.png,0,-0.1781387990641672,,0.0011554360389709,0.3392005831228676,chromosome
0,0.0012239813804626,183079,183079.12~A37.K_12,12,,normal,183079.12~A37.K_12L.png,183079.12~A37.K_12R.png,train,/data5/chensx/MyProject/UAE/data/arrangement_merged/chr_12/183079.12~A37.K_12L.png,/data5/chensx/MyProject/UAE/data/arrangement_merged/chr_12/183079.12~A37.K_12R.png,0,-0.0854482553751003,,0.0012239813804626,0.693249876674823,chromosome
0,0.0012602806091308,183079,183079.12~A44.K_12,12,,normal,183079.12~A44.K_12L.png,183079.12~A44.K_12R.png,train,/data5/chensx/MyProject/UAE/data/arrangement_merged/chr_12/183079.12~A44.K_12L.png,/data5/chensx/MyProject/UAE/data/arrangement_merged/chr_12/183079.12~A44.K_12R.png,0,-0.0363625674562814,,0.0012602806091308,0.8807420677818323,chromosome
0,0.0010364651679992,183079,183079.13~A12.K_12,12,,normal,183079.13~A12.K_12L.png,183079.13~A12.K_12R.png,train,/data5/chensx/MyProject/UAE/data/arrangement_merged/chr_12/183079.13~A12.K_12L.png,/data5/chensx/MyProject/UAE/data/arrangement_merged/chr_12/183079.13~A12.K_12R.png,0,-0.339017342719278,,0.0010364651679992,-0.27530584290305843,chromosome
0,0.0013525485992431,183079,183079.13~A19.K_12,12,,normal,183079.13~A19.K_12L.png,183079.13~A19.K_12R.png,train,/data5/chensx/MyProject/UAE/data/arrangement_merged/chr_12/183079.13~A19.K_12L.png,/data5/chensx/MyProject/UAE/data/arrangement_merged/chr_12/183079.13~A19.K_12R.png,0,0.0884069643964798,,0.0013525485992431,1.357323203797826,chromosome
0,0.0012856721878051,183079,183079.13~A27.K_12,12,,normal,183079.13~A27.K_12L.png,183079.13~A27.K_12R.png,train,/data5/chensx/MyProject/UAE/data/arrangement_merged/chr_12/183079.13~A27.K_12L.png,/data5/chensx/MyProject/UAE/data/arrangement_merged/chr_12/183079.13~A27.K_12R.png,0,-0.0020267660549401,,0.0012856721878051,1.0118942408714275,chromosome
0,0.0009577274322509,183079,183079.13~A6.K_12,12,,normal,183079.13~A6.K_12L.png,183079.13~A6.K_12R.png,train,/data5/chensx/MyProject/UAE/data/arrangement_merged/chr_12/183079.13~A6.K_12L.png,/data5/chensx/MyProject/UAE/data/arrangement_merged/chr_12/183079.13~A6.K_12R.png,0,-0.4454905672525452,,0.0009577274322509,-0.6820007270614757,chromosome
0,0.0008322596549987,183079,183079.13~A9.K_12,12,,normal,183079.13~A9.K_12L.png,183079.13~A9.K_12R.png,train,/data5/chensx/MyProject/UAE/data/arrangement_merged/chr_12/183079.13~A9.K_12L.png,/data5/chensx/MyProject/UAE/data/arrangement_merged/chr_12/183079.13~A9.K_12R.png,0,-0.6151545624399242,,0.0008322596549987,-1.3300648687370171,chromosome
0,0.0010747909545898,183079,183079.14~A11.K_12,12,,normal,183079.14~A11.K_12L.png,183079.14~A11.K_12R.png,train,/data5/chensx/MyProject/UAE/data/arrangement_merged/chr_12/183079.14~A11.K_12L.png,/data5/chensx/MyProject/UAE/data/arrangement_merged/chr_12/183079.14~A11.K_12R.png,0,-0.2871912387261737,,0.0010747909545898,-0.07734610746475751,chromosome
0,0.0010827779769897,183079,183079.14~A13.K_12,12,,normal,183079.14~A13.K_12L.png,183079.14~A13.K_12R.png,train,/data5/chensx/MyProject/UAE/data/arrangement_merged/chr_12/183079.14~A13.K_12L.png,/data5/chensx/MyProject/UAE/data/arrangement_merged/chr_12/183079.14~A13.K_12R.png,0,-0.276390775374578,,0.0010827779769897,-0.036091668042194686,chromosome
0,0.0008357167243957,183079,183079.14~A23.K_12,12,,normal,183079.14~A23.K_12L.png,183079.14~A23.K_12R.png,train,/data5/chensx/MyProject/UAE/data/arrangement_merged/chr_12/183079.14~A23.K_12L.png,/data5/chensx/MyProject/UAE/data/arrangement_merged/chr_12/183079.14~A23.K_12R.png,0,-0.6104797350190843,,0.0008357167243957,-1.3122084695838212,chromosome
0,0.001060128211975,183079,183079.14~A24.K_12,12,,normal,183079.14~A24.K_12L.png,183079.14~A24.K_12R.png,train,/data5/chensx/MyProject/UAE/data/arrangement_merged/chr_12/183079.14~A24.K_12L.png,/data5/chensx/MyProject/UAE/data/arrangement_merged/chr_12/183079.14~A24.K_12R.png,0,-0.3070189550283567,,0.001060128211975,-0.15308186939006127,chromosome
0,0.0009748339653015,183079,183079.14~A26.K_12,12,,normal,183079.14~A26.K_12L.png,183079.14~A26.K_12R.png,train,/data5/chensx/MyProject/UAE/data/arrangement_merged/chr_12/183079.14~A26.K_12L.png,/data5/chensx/MyProject/UAE/data/arrangement_merged/chr_12/183079.14~A26.K_12R.png,0,-0.4223582315666651,,0.0009748339653015,-0.5936423381486206,chromosome
0,0.0012882351875305,183079,183079.14~A28.K_12,12,,normal,183079.14~A28.K_12L.png,183079.14~A28.K_12R.png,train,/data5/chensx/MyProject/UAE/data/arrangement_merged/chr_12/183079.14~A28.K_12L.png,/data5/chensx/MyProject/UAE/data/arrangement_merged/chr_12/183079.14~A28.K_12R.png,0,0.0014390542743031,,0.0012882351875305,1.0251326057610615,chromosome
0,0.0013346672058105,183079,183079.14~A3.K_12,12,,normal,183079.14~A3.K_12L.png,183079.14~A3.K_12R.png,train,/data5/chensx/MyProject/UAE/data/arrangement_merged/chr_12/183079.14~A3.K_12L.png,/data5/chensx/MyProject/UAE/data/arrangement_merged/chr_12/183079.14~A3.K_12R.png,0,0.0642268225645493,,0.0013346672058105,1.2649625185234927,chromosome
0,0.0012291669845581,183079,183079.14~A34.K_12,12,,normal,183079.14~A34.K_12L.png,183079.14~A34.K_12R.png,train,/data5/chensx/MyProject/UAE/data/arrangement_merged/chr_12/183079.14~A34.K_12L.png,/data5/chensx/MyProject/UAE/data/arrangement_merged/chr_12/183079.14~A34.K_12R.png,0,-0.0784360142438405,,0.0012291669845581,0.720034475404617,chromosome
0,0.0010195970535278,183079,183079.14~A38.K_12,12,,normal,183079.14~A38.K_12L.png,183079.14~A38.K_12R.png,train,/data5/chensx/MyProject/UAE/data/arrangement_merged/chr_12/183079.14~A38.K_12L.png,/data5/chensx/MyProject/UAE/data/arrangement_merged/chr_12/183079.14~A38.K_12R.png,0,-0.3618272765140657,,0.0010195970535278,-0.3624327560117461,chromosome
0,0.0012788772583007,183079,183079.14~A6.K_12,12,,normal,183079.14~A6.K_12L.png,183079.14~A6.K_12R.png,train,/data5/chensx/MyProject/UAE/data/arrangement_merged/chr_12/183079.14~A6.K_12L.png,/data5/chensx/MyProject/UAE/data/arrangement_merged/chr_12/183079.14~A6.K_12R.png,0,-0.0112152199510737,,0.0012788772583007,0.976797180467118,chromosome
0,0.0008060336112976,183079,183079.2~A40.K_12,12,,normal,183079.2~A40.K_12L.png,183079.2~A40.K_12R.png,train,/data5/chensx/MyProject/UAE/data/arrangement_merged/chr_12/183079.2~A40.K_12L.png,/data5/chensx/MyProject/UAE/data/arrangement_merged/chr_12/183079.2~A40.K_12R.png,0,-0.6506187704600889,,0.0008060336112976,-1.4655272071391314,chromosome
0,0.0011422634124755,183079,183079.2~A8.K_12,12,,normal,183079.2~A8.K_12L.png,183079.2~A8.K_12R.png,train,/data5/chensx/MyProject/UAE/data/arrangement_merged/chr_12/183079.2~A8.K_12L.png,/data5/chensx/MyProject/UAE/data/arrangement_merged/chr_12/183079.2~A8.K_12R.png,0,-0.1959515035470226,,0.0011422634124755,0.27116154497051076,chromosome
0,0.0011311769485473,183079,183079.3~A16.K_12,12,,normal,183079.3~A16.K_12L.png,183079.3~A16.K_12R.png,train,/data5/chensx/MyProject/UAE/data/arrangement_merged/chr_12/183079.3~A16.K_12L.png,/data5/chensx/MyProject/UAE/data/arrangement_merged/chr_12/183079.3~A16.K_12R.png,0,-0.2109431914828195,,0.0011311769485473,0.2138979201004856,chromosome
0,0.0008915662765502,183079,183079.3~A22.K_12,12,,normal,183079.3~A22.K_12L.png,183079.3~A22.K_12R.png,train,/data5/chensx/MyProject/UAE/data/arrangement_merged/chr_12/183079.3~A22.K_12L.png,/data5/chensx/MyProject/UAE/data/arrangement_merged/chr_12/183079.3~A22.K_12R.png,0,-0.534957092030688,,0.0008915662765502,-1.0237352625769216,chromosome
0,0.0007611513137817,183079,183079.3~A5.K_12,12,,normal,183079.3~A5.K_12L.png,183079.3~A5.K_12R.png,train,/data5/chensx/MyProject/UAE/data/arrangement_merged/chr_12/183079.3~A5.K_12L.png,/data5/chensx/MyProject/UAE/data/arrangement_merged/chr_12/183079.3~A5.K_12R.png,0,-0.7113109264582343,,0.0007611513137817,-1.69735252717809,chromosome
0,0.0012093186378479,183079,183079.3~A7.K_12,12,,normal,183079.3~A7.K_12L.png,183079.3~A7.K_12R.png,train,/data5/chensx/MyProject/UAE/data/arrangement_merged/chr_12/183079.3~A7.K_12L.png,/data5/chensx/MyProject/UAE/data/arrangement_merged/chr_12/183079.3~A7.K_12R.png,0,-0.1052759716772833,,0.0012093186378479,0.6175141147500344,chromosome
0,0.0008063912391662,183079,183079.4~A13.K_12,12,,normal,183079.4~A13.K_12L.png,183079.4~A13.K_12R.png,train,/data5/chensx/MyProject/UAE/data/arrangement_merged/chr_12/183079.4~A13.K_12L.png,/data5/chensx/MyProject/UAE/data/arrangement_merged/chr_12/183079.4~A13.K_12R.png,0,-0.6501351676234502,,0.0008063912391662,-1.4636799934339135,chromosome
0,0.0010960698127746,183079,183079.4~A17.K_12,12,,normal,183079.4~A17.K_12L.png,183079.4~A17.K_12R.png,train,/data5/chensx/MyProject/UAE/data/arrangement_merged/chr_12/183079.4~A17.K_12L.png,/data5/chensx/MyProject/UAE/data/arrangement_merged/chr_12/183079.4~A17.K_12R.png,0,-0.2584168699461764,,0.0010960698127746,0.0325631080117307,chromosome
0,0.0008224248886108,183079,183079.4~A18.K_12,12,,normal,183079.4~A18.K_12L.png,183079.4~A18.K_12R.png,train,/data5/chensx/MyProject/UAE/data/arrangement_merged/chr_12/183079.4~A18.K_12L.png,/data5/chensx/MyProject/UAE/data/arrangement_merged/chr_12/183079.4~A18.K_12R.png,0,-0.6284536404474859,,0.0008224248886108,-1.3808632456377454,chromosome
0,0.0010472536087036,183079,183079.4~A23.K_12,12,,normal,183079.4~A23.K_12L.png,183079.4~A23.K_12R.png,train,/data5/chensx/MyProject/UAE/data/arrangement_merged/chr_12/183079.4~A23.K_12L.png,/data5/chensx/MyProject/UAE/data/arrangement_merged/chr_12/183079.4~A23.K_12R.png,0,-0.3244286571473466,,0.0010472536087036,-0.21958156278720942,chromosome
0,0.0010122060775756,183079,183079.4~A29.K_12,12,,normal,183079.4~A29.K_12L.png,183079.4~A29.K_12R.png,train,/data5/chensx/MyProject/UAE/data/arrangement_merged/chr_12/183079.4~A29.K_12L.png,/data5/chensx/MyProject/UAE/data/arrangement_merged/chr_12/183079.4~A29.K_12R.png,0,-0.3718217351379304,,0.0010122060775756,-0.40060850592544045,chromosome
0,0.0009222030639648,183079,183079.4~A4.K_12,12,,normal,183079.4~A4.K_12L.png,183079.4~A4.K_12R.png,train,/data5/chensx/MyProject/UAE/data/arrangement_merged/chr_12/183079.4~A4.K_12L.png,/data5/chensx/MyProject/UAE/data/arrangement_merged/chr_12/183079.4~A4.K_12R.png,0,-0.4935284490253138,,0.0009222030639648,-0.8654906218064916,chromosome
0,0.0013086795806884,183079,183079.4~A50.K_12,12,,normal,183079.4~A50.K_12L.png,183079.4~A50.K_12R.png,train,/data5/chensx/MyProject/UAE/data/arrangement_merged/chr_12/183079.4~A50.K_12L.png,/data5/chensx/MyProject/UAE/data/arrangement_merged/chr_12/183079.4~A50.K_12R.png,0,0.029085016435477,,0.0013086795806884,1.1307316559245126,chromosome
0,0.0009293556213378,183214,183214.11~A34.K_12,12,,normal,183214.11~A34.K_12L.png,183214.11~A34.K_12R.png,train,/data5/chensx/MyProject/UAE/data/arrangement_merged/chr_12/183214.11~A34.K_12L.png,/data5/chensx/MyProject/UAE/data/arrangement_merged/chr_12/183214.11~A34.K_12R.png,0,-0.5202851446881588,,0.0009293556213378,-0.8285463476969647,chromosome
0,0.0011217594146728,183214,183214.11~A9.K_12,12,,normal,183214.11~A9.K_12L.png,183214.11~A9.K_12R.png,train,/data5/chensx/MyProject/UAE/data/arrangement_merged/chr_12/183214.11~A9.K_12L.png,/data5/chensx/MyProject/UAE/data/arrangement_merged/chr_12/183214.11~A9.K_12R.png,0,-0.2679415153316979,,0.0011217594146728,0.1652546258560172,chromosome
0,0.0009928941726684,183214,183214.12~A1.K_12,12,,normal,183214.12~A1.K_12L.png,183214.12~A1.K_12R.png,train,/data5/chensx/MyProject/UAE/data/arrangement_merged/chr_12/183214.12~A1.K_12L.png,/data5/chensx/MyProject/UAE/data/arrangement_merged/chr_12/183214.12~A1.K_12R.png,0,-0.4369523352414465,,0.0009928941726684,-0.5003580460216784,chromosome
0,0.0008894205093383,183214,183214.12~A24.K_12,12,,normal,183214.12~A24.K_12L.png,183214.12~A24.K_12R.png,train,/data5/chensx/MyProject/UAE/data/arrangement_merged/chr_12/183214.12~A24.K_12L.png,/data5/chensx/MyProject/UAE/data/arrangement_merged/chr_12/183214.12~A24.K_12R.png,0,-0.5726613007193944,,0.0008894205093383,-1.03481854480978,chromosome
0,0.0012370347976684,183214,183214.12~A8.K_12,12,,normal,183214.12~A8.K_12L.png,183214.12~A8.K_12R.png,train,/data5/chensx/MyProject/UAE/data/arrangement_merged/chr_12/183214.12~A8.K_12L.png,/data5/chensx/MyProject/UAE/data/arrangement_merged/chr_12/183214.12~A8.K_12R.png,0,-0.1167542231460117,,0.0012370347976684,0.7606731769250961,chromosome
0,0.0011848807334899,183214,183214.13~A21.K_12,12,,normal,183214.13~A21.K_12L.png,183214.13~A21.K_12R.png,train,/data5/chensx/MyProject/UAE/data/arrangement_merged/chr_12/183214.13~A21.K_12L.png,/data5/chensx/MyProject/UAE/data/arrangement_merged/chr_12/183214.13~A21.K_12R.png,0,-0.1851559194554613,,0.0011848807334899,0.49128784487452737,chromosome
0,0.0009217262268066,183214,183214.13~A34.K_12,12,,normal,183214.13~A34.K_12L.png,183214.13~A34.K_12R.png,train,/data5/chensx/MyProject/UAE/data/arrangement_merged/chr_12/183214.13~A34.K_12L.png,/data5/chensx/MyProject/UAE/data/arrangement_merged/chr_12/183214.13~A34.K_12R.png,0,-0.5302913356911411,,0.0009217262268066,-0.8679535734137932,chromosome
0,0.0009494423866271,183214,183214.13~A49.K_12,12,,normal,183214.13~A49.K_12L.png,183214.13~A49.K_12R.png,train,/data5/chensx/MyProject/UAE/data/arrangement_merged/chr_12/183214.13~A49.K_12L.png,/data5/chensx/MyProject/UAE/data/arrangement_merged/chr_12/183214.13~A49.K_12R.png,0,-0.4939407199381193,,0.0009494423866271,-0.7247945112387315,chromosome
0,0.0013514161109924,183214,183214.13~A6.K_12,12,,normal,183214.13~A6.K_12L.png,183214.13~A6.K_12R.png,train,/data5/chensx/MyProject/UAE/data/arrangement_merged/chr_12/183214.13~A6.K_12L.png,/data5/chensx/MyProject/UAE/data/arrangement_merged/chr_12/183214.13~A6.K_12R.png,0,0.0332604685315124,,0.0013514161109924,1.3514736937306129,chromosome
0,0.0010048151016235,183214,183214.14~A11.K_12,12,,normal,183214.14~A11.K_12L.png,183214.14~A11.K_12R.png,train,/data5/chensx/MyProject/UAE/data/arrangement_merged/chr_12/183214.14~A11.K_12L.png,/data5/chensx/MyProject/UAE/data/arrangement_merged/chr_12/183214.14~A11.K_12R.png,0,-0.4213176617992866,,0.0010048151016235,-0.4387842558386173,chromosome
0,0.0013272762298583,183214,183214.14~A17.K_12,12,,normal,183214.14~A17.K_12L.png,183214.14~A17.K_12R.png,train,/data5/chensx/MyProject/UAE/data/arrangement_merged/chr_12/183214.14~A17.K_12L.png,/data5/chensx/MyProject/UAE/data/arrangement_merged/chr_12/183214.14~A17.K_12R.png,0,0.0016002548111386,,0.0013272762298583,1.2267867686097984,chromosome
0,0.0009341239929199,183214,183214.14~A19.K_12,12,,normal,183214.14~A19.K_12L.png,183214.14~A19.K_12R.png,train,/data5/chensx/MyProject/UAE/data/arrangement_merged/chr_12/183214.14~A19.K_12L.png,/data5/chensx/MyProject/UAE/data/arrangement_merged/chr_12/183214.14~A19.K_12R.png,0,-0.5140312753112948,,0.0009341239929199,-0.8039168316234305,chromosome
0,0.0008506178855895,183214,183214.14~A21.K_12,12,,normal,183214.14~A21.K_12L.png,183214.14~A21.K_12R.png,train,/data5/chensx/MyProject/UAE/data/arrangement_merged/chr_12/183214.14~A21.K_12L.png,/data5/chensx/MyProject/UAE/data/arrangement_merged/chr_12/183214.14~A21.K_12R.png,0,-0.6235521627736249,,0.0008506178855895,-1.2352412318553825,chromosome
0,0.0008987784385681,183214,183214.14~A6.K_12,12,,normal,183214.14~A6.K_12L.png,183214.14~A6.K_12R.png,train,/data5/chensx/MyProject/UAE/data/arrangement_merged/chr_12/183214.14~A6.K_12L.png,/data5/chensx/MyProject/UAE/data/arrangement_merged/chr_12/183214.14~A6.K_12R.png,0,-0.5603880820672988,,0.0008987784385681,-0.9864831195158371,chromosome
0,0.001048982143402,183214,183214.2~A19.K_12,12,,normal,183214.2~A19.K_12L.png,183214.2~A19.K_12R.png,train,/data5/chensx/MyProject/UAE/data/arrangement_merged/chr_12/183214.2~A19.K_12L.png,/data5/chensx/MyProject/UAE/data/arrangement_merged/chr_12/183214.2~A19.K_12R.png,0,-0.3633911966960841,,0.001048982143402,-0.2106533632111277,chromosome
0,0.0011690855026245,183214,183214.2~A25.K_12,12,,normal,183214.2~A25.K_12L.png,183214.2~A25.K_12R.png,train,/data5/chensx/MyProject/UAE/data/arrangement_merged/chr_12/183214.2~A25.K_12L.png,/data5/chensx/MyProject/UAE/data/arrangement_merged/chr_12/183214.2~A25.K_12R.png,0,-0.2058718617663231,,0.0011690855026245,0.4097025728825267,chromosome
0,0.0009846687316894,183214,183214.2~A30.K_12,12,,normal,183214.2~A30.K_12L.png,183214.2~A30.K_12R.png,train,/data5/chensx/MyProject/UAE/data/arrangement_merged/chr_12/183214.2~A30.K_12L.png,/data5/chensx/MyProject/UAE/data/arrangement_merged/chr_12/183214.2~A30.K_12R.png,0,-0.4477402599165368,,0.0009846687316894,-0.5428439612478924,chromosome
0,0.0010273456573486,183214,183214.2~A36.K_12,12,,normal,183214.2~A36.K_12L.png,183214.2~A36.K_12R.png,train,/data5/chensx/MyProject/UAE/data/arrangement_merged/chr_12/183214.2~A36.K_12L.png,/data5/chensx/MyProject/UAE/data/arrangement_merged/chr_12/183214.2~A36.K_12R.png,0,-0.3917681289936043,,0.0010273456573486,-0.32240979239283335,chromosome
0,0.0009553432464599,183214,183214.2~A39.K_12,12,,normal,183214.2~A39.K_12L.png,183214.2~A39.K_12R.png,train,/data5/chensx/MyProject/UAE/data/arrangement_merged/chr_12/183214.2~A39.K_12L.png,/data5/chensx/MyProject/UAE/data/arrangement_merged/chr_12/183214.2~A39.K_12R.png,0,-0.4862015565842502,,0.0009553432464599,-0.6943154850979847,chromosome
0,0.0011417865753173,183214,183214.2~A45.K_12,12,,normal,183214.2~A45.K_12L.png,183214.2~A45.K_12R.png,train,/data5/chensx/MyProject/UAE/data/arrangement_merged/chr_12/183214.2~A45.K_12L.png,/data5/chensx/MyProject/UAE/data/arrangement_merged/chr_12/183214.2~A45.K_12R.png,0,-0.2416752639488693,,0.0011417865753173,0.2686985933632085,chromosome
0,0.000655710697174,183214,183214.2~A6.K_12,12,,normal,183214.2~A6.K_12L.png,183214.2~A6.K_12R.png,train,/data5/chensx/MyProject/UAE/data/arrangement_merged/chr_12/183214.2~A6.K_12L.png,/data5/chensx/MyProject/UAE/data/arrangement_merged/chr_12/183214.2~A6.K_12R.png,0,-0.8791790735529392,,0.000655710697174,-2.241972701346441,chromosome
0,0.0011758208274841,183214,183214.3~A12.K_12,12,,normal,183214.3~A12.K_12L.png,183214.3~A12.K_12R.png,train,/data5/chensx/MyProject/UAE/data/arrangement_merged/chr_12/183214.3~A12.K_12L.png,/data5/chensx/MyProject/UAE/data/arrangement_merged/chr_12/183214.3~A12.K_12R.png,0,-0.1970382712715028,,0.0011758208274841,0.4444917643357938,chromosome
0,0.0010676383972167,183214,183214.3~A19.K_12,12,,normal,183214.3~A19.K_12L.png,183214.3~A19.K_12R.png,train,/data5/chensx/MyProject/UAE/data/arrangement_merged/chr_12/183214.3~A19.K_12L.png,/data5/chensx/MyProject/UAE/data/arrangement_merged/chr_12/183214.3~A19.K_12R.png,0,-0.3389229327591039,,0.0010676383972167,-0.1142903815748007,chromosome
0,0.000989019870758,183214,183214.3~A28.K_12,12,,normal,183214.3~A28.K_12L.png,183214.3~A28.K_12R.png,train,/data5/chensx/MyProject/UAE/data/arrangement_merged/chr_12/183214.3~A28.K_12L.png,/data5/chensx/MyProject/UAE/data/arrangement_merged/chr_12/183214.3~A28.K_12R.png,0,-0.4420336041101484,,0.000989019870758,-0.5203695278311342,chromosome
0,0.0010133981704711,183214,183214.3~A4.K_12,12,,normal,183214.3~A4.K_12L.png,183214.3~A4.K_12R.png,train,/data5/chensx/MyProject/UAE/data/arrangement_merged/chr_12/183214.3~A4.K_12L.png,/data5/chensx/MyProject/UAE/data/arrangement_merged/chr_12/183214.3~A4.K_12R.png,0,-0.4100606969209314,,0.0010133981704711,-0.394451126907186,chromosome
0,0.0010184049606323,183214,183214.3~A42.K_12,12,,normal,183214.3~A42.K_12L.png,183214.3~A42.K_12R.png,train,/data5/chensx/MyProject/UAE/data/arrangement_merged/chr_12/183214.3~A42.K_12L.png,/data5/chensx/MyProject/UAE/data/arrangement_merged/chr_12/183214.3~A42.K_12R.png,0,-0.4034941340752243,,0.0010184049606323,-0.3685901350300006,chromosome
0,0.0012077689170837,183214,183214.3~A43.K_12,12,,normal,183214.3~A43.K_12L.png,183214.3~A43.K_12R.png,train,/data5/chensx/MyProject/UAE/data/arrangement_merged/chr_12/183214.3~A43.K_12L.png,/data5/chensx/MyProject/UAE/data/arrangement_merged/chr_12/183214.3~A43.K_12R.png,0,-0.1551373464465143,,0.0012077689170837,0.609509522026045,chromosome
0,0.0011885166168212,183214,183214.3~A47.K_12,12,,normal,183214.3~A47.K_12L.png,183214.3~A47.K_12R.png,train,/data5/chensx/MyProject/UAE/data/arrangement_merged/chr_12/183214.3~A47.K_12L.png,/data5/chensx/MyProject/UAE/data/arrangement_merged/chr_12/183214.3~A47.K_12R.png,0,-0.1803873440556025,,0.0011885166168212,0.5100678508803321,chromosome
0,0.0009405016899108,183214,183214.4~A22.K_12,12,,normal,183214.4~A22.K_12L.png,183214.4~A22.K_12R.png,train,/data5/chensx/MyProject/UAE/data/arrangement_merged/chr_12/183214.4~A22.K_12L.png,/data5/chensx/MyProject/UAE/data/arrangement_merged/chr_12/183214.4~A22.K_12R.png,0,-0.5056667250197392,,0.0009405016899108,-0.7709748538758983,chromosome
0,0.0012974143028259,183214,183214.4~A24.K_12,12,,normal,183214.4~A24.K_12L.png,183214.4~A24.K_12R.png,train,/data5/chensx/MyProject/UAE/data/arrangement_merged/chr_12/183214.4~A24.K_12L.png,/data5/chensx/MyProject/UAE/data/arrangement_merged/chr_12/183214.4~A24.K_12R.png,0,-0.0375646021614718,,0.0012974143028259,1.0725444242018787,chromosome
0,0.0009945631027221,183214,183214.4~A26.K_12,12,,normal,183214.4~A26.K_12L.png,183214.4~A26.K_12R.png,train,/data5/chensx/MyProject/UAE/data/arrangement_merged/chr_12/183214.4~A26.K_12L.png,/data5/chensx/MyProject/UAE/data/arrangement_merged/chr_12/183214.4~A26.K_12R.png,0,-0.4347634809595441,,0.0009945631027221,-0.4917377153961217,chromosome
0,0.0009000301361083,183214,183214.4~A28.K_12,12,,normal,183214.4~A28.K_12L.png,183214.4~A28.K_12R.png,train,/data5/chensx/MyProject/UAE/data/arrangement_merged/chr_12/183214.4~A28.K_12L.png,/data5/chensx/MyProject/UAE/data/arrangement_merged/chr_12/183214.4~A28.K_12R.png,0,-0.558746441355872,,0.0009000301361083,-0.980017871547057,chromosome
0,0.001116394996643,183214,183214.4~A50.K_12,12,,normal,183214.4~A50.K_12L.png,183214.4~A50.K_12R.png,train,/data5/chensx/MyProject/UAE/data/arrangement_merged/chr_12/183214.4~A50.K_12L.png,/data5/chensx/MyProject/UAE/data/arrangement_merged/chr_12/183214.4~A50.K_12R.png,0,-0.2749771183806699,,0.001116394996643,0.13754642027361444,chromosome
0,0.0013530850410461,183214,183214.4~A8.K_12,12,,normal,183214.4~A8.K_12L.png,183214.4~A8.K_12R.png,train,/data5/chensx/MyProject/UAE/data/arrangement_merged/chr_12/183214.4~A8.K_12L.png,/data5/chensx/MyProject/UAE/data/arrangement_merged/chr_12/183214.4~A8.K_12R.png,0,0.0354493228134148,,0.0013530850410461,1.3600940243561697,chromosome
0,0.0009134411811828,183786,183786.11~A44.K_12,12,,normal,183786.11~A44.K_12L.png,183786.11~A44.K_12R.png,train,/data5/chensx/MyProject/UAE/data/arrangement_merged/chr_12/183786.11~A44.K_12L.png,/data5/chensx/MyProject/UAE/data/arrangement_merged/chr_12/183786.11~A44.K_12R.png,0,-0.2626545673202264,,0.0009134411811828,-0.9107473575910491,chromosome
0,0.0010918378829956,183786,183786.12~A1.K_12,12,,normal,183786.12~A1.K_12L.png,183786.12~A1.K_12R.png,train,/data5/chensx/MyProject/UAE/data/arrangement_merged/chr_12/183786.12~A1.K_12L.png,/data5/chensx/MyProject/UAE/data/arrangement_merged/chr_12/183786.12~A1.K_12R.png,0,-0.1696202718737558,,0.0010918378829956,0.010704412497056335,chromosome
0,0.0010237097740173,183786,183786.12~A12.K_12,12,,normal,183786.12~A12.K_12L.png,183786.12~A12.K_12R.png,train,/data5/chensx/MyProject/UAE/data/arrangement_merged/chr_12/183786.12~A12.K_12L.png,/data5/chensx/MyProject/UAE/data/arrangement_merged/chr_12/183786.12~A12.K_12R.png,0,-0.2051492393630027,,0.0010237097740173,-0.34118979839863917,chromosome
0,0.000947892665863,183786,183786.12~A15.K_12,12,,normal,183786.12~A15.K_12L.png,183786.12~A15.K_12R.png,train,/data5/chensx/MyProject/UAE/data/arrangement_merged/chr_12/183786.12~A15.K_12L.png,/data5/chensx/MyProject/UAE/data/arrangement_merged/chr_12/183786.12~A15.K_12R.png,0,-0.2446880378287262,,0.000947892665863,-0.7327991039622039,chromosome
0,0.0008398294448852,183786,183786.12~A16.K_12,12,,normal,183786.12~A16.K_12L.png,183786.12~A16.K_12R.png,train,/data5/chensx/MyProject/UAE/data/arrangement_merged/chr_12/183786.12~A16.K_12L.png,/data5/chensx/MyProject/UAE/data/arrangement_merged/chr_12/183786.12~A16.K_12R.png,0,-0.3010432592268054,,0.0008398294448852,-1.2909655119707142,chromosome
0,0.0009493231773376,183786,183786.12~A34.K_12,12,,normal,183786.12~A34.K_12L.png,183786.12~A34.K_12R.png,train,/data5/chensx/MyProject/UAE/data/arrangement_merged/chr_12/183786.12~A34.K_12L.png,/data5/chensx/MyProject/UAE/data/arrangement_merged/chr_12/183786.12~A34.K_12R.png,0,-0.2439420227633352,,0.0009493231773376,-0.725410249140299,chromosome
0,0.0013003349304199,183786,183786.12~A41.K_12,12,,normal,183786.12~A41.K_12L.png,183786.12~A41.K_12R.png,train,/data5/chensx/MyProject/UAE/data/arrangement_merged/chr_12/183786.12~A41.K_12L.png,/data5/chensx/MyProject/UAE/data/arrangement_merged/chr_12/183786.12~A41.K_12R.png,0,-0.060888576093016,,0.0013003349304199,1.0876300027967312,chromosome
0,0.0012356638908386,183786,183786.12~A47.K_12,12,,normal,183786.12~A47.K_12L.png,183786.12~A47.K_12R.png,train,/data5/chensx/MyProject/UAE/data/arrangement_merged/chr_12/183786.12~A47.K_12L.png,/data5/chensx/MyProject/UAE/data/arrangement_merged/chr_12/183786.12~A47.K_12R.png,0,-0.0946146738409013,,0.0012356638908386,0.7535921910542329,chromosome
0,0.0011404752731323,183786,183786.13~A10.K_12,12,,normal,183786.13~A10.K_12L.png,183786.13~A10.K_12R.png,train,/data5/chensx/MyProject/UAE/data/arrangement_merged/chr_12/183786.13~A10.K_12L.png,/data5/chensx/MyProject/UAE/data/arrangement_merged/chr_12/183786.13~A10.K_12R.png,0,-0.1442557596504614,,0.0011404752731323,0.26192547644338665,chromosome
0,0.0010300278663635,183786,183786.13~A12.K_12,12,,normal,183786.13~A12.K_12L.png,183786.13~A12.K_12R.png,train,/data5/chensx/MyProject/UAE/data/arrangement_merged/chr_12/183786.13~A12.K_12L.png,/data5/chensx/MyProject/UAE/data/arrangement_merged/chr_12/183786.13~A12.K_12R.png,0,-0.201854339490859,,0.0010300278663635,-0.30855568960163193,chromosome
0,0.0010779500007629,183786,183786.13~A29.K_12,12,,normal,183786.13~A29.K_12L.png,183786.13~A29.K_12R.png,train,/data5/chensx/MyProject/UAE/data/arrangement_merged/chr_12/183786.13~A29.K_12L.png,/data5/chensx/MyProject/UAE/data/arrangement_merged/chr_12/183786.13~A29.K_12R.png,0,-0.1768628348002602,,0.0010779500007629,-0.0610290530662539,chromosome
0,0.0009590983390808,183786,183786.13~A34.K_12,12,,normal,183786.13~A34.K_12L.png,183786.13~A34.K_12R.png,train,/data5/chensx/MyProject/UAE/data/arrangement_merged/chr_12/183786.13~A34.K_12L.png,/data5/chensx/MyProject/UAE/data/arrangement_merged/chr_12/183786.13~A34.K_12R.png,0,-0.23884425314983,,0.0009590983390808,-0.6749197411900957,chromosome
0,0.0011205673217773,183786,183786.13~A43.K_12,12,,normal,183786.13~A43.K_12L.png,183786.13~A43.K_12R.png,train,/data5/chensx/MyProject/UAE/data/arrangement_merged/chr_12/183786.13~A43.K_12L.png,/data5/chensx/MyProject/UAE/data/arrangement_merged/chr_12/183786.13~A43.K_12R.png,0,-0.1546378026438196,,0.0011205673217773,0.15909724683776272,chromosome
0,0.0010599493980407,183786,183786.14~A17.K_12,12,,normal,183786.14~A17.K_12L.png,183786.14~A17.K_12R.png,train,/data5/chensx/MyProject/UAE/data/arrangement_merged/chr_12/183786.14~A17.K_12L.png,/data5/chensx/MyProject/UAE/data/arrangement_merged/chr_12/183786.14~A17.K_12R.png,0,-0.1862501910397637,,0.0010599493980407,-0.1540054762426711,chromosome
0,0.0011086463928222,183786,183786.14~A24.K_12,12,,normal,183786.14~A24.K_12L.png,183786.14~A24.K_12R.png,train,/data5/chensx/MyProject/UAE/data/arrangement_merged/chr_12/183786.14~A24.K_12L.png,/data5/chensx/MyProject/UAE/data/arrangement_merged/chr_12/183786.14~A24.K_12R.png,0,-0.1608545948554114,,0.0011086463928222,0.0975234566547016,chromosome
0,0.0010398030281066,183786,183786.14~A38.K_12,12,,normal,183786.14~A38.K_12L.png,183786.14~A38.K_12R.png,train,/data5/chensx/MyProject/UAE/data/arrangement_merged/chr_12/183786.14~A38.K_12L.png,/data5/chensx/MyProject/UAE/data/arrangement_merged/chr_12/183786.14~A38.K_12R.png,0,-0.1967565698773538,,0.0010398030281066,-0.25806518165194614,chromosome
0,0.0010616183280944,183786,183786.14~A39.K_12,12,,normal,183786.14~A39.K_12L.png,183786.14~A39.K_12R.png,train,/data5/chensx/MyProject/UAE/data/arrangement_merged/chr_12/183786.14~A39.K_12L.png,/data5/chensx/MyProject/UAE/data/arrangement_merged/chr_12/183786.14~A39.K_12R.png,0,-0.1853798401301409,,0.0010616183280944,-0.14538514561711438,chromosome
0,0.0010441541671752,183786,183786.1~A44.K_12,12,,normal,183786.1~A44.K_12L.png,183786.1~A44.K_12R.png,train,/data5/chensx/MyProject/UAE/data/arrangement_merged/chr_12/183786.1~A44.K_12L.png,/data5/chensx/MyProject/UAE/data/arrangement_merged/chr_12/183786.1~A44.K_12R.png,0,-0.1944874407201228,,0.0010441541671752,-0.23559074823518805,chromosome
0,0.0007875561714172,183786,183786.2~A14.K_12,12,,normal,183786.2~A14.K_12L.png,183786.2~A14.K_12R.png,train,/data5/chensx/MyProject/UAE/data/arrangement_merged/chr_12/183786.2~A14.K_12L.png,/data5/chensx/MyProject/UAE/data/arrangement_merged/chr_12/183786.2~A14.K_12R.png,0,-0.3283038930746353,,0.0007875561714172,-1.5609665819228502,chromosome
0,0.0010372400283813,183786,183786.2~A4.K_12,12,,normal,183786.2~A4.K_12L.png,183786.2~A4.K_12R.png,train,/data5/chensx/MyProject/UAE/data/arrangement_merged/chr_12/183786.2~A4.K_12L.png,/data5/chensx/MyProject/UAE/data/arrangement_merged/chr_12/183786.2~A4.K_12R.png,0,-0.198093180202846,,0.0010372400283813,-0.2713035465410638,chromosome
0,0.0011553168296813,183786,183786.2~A49.K_12,12,,normal,183786.2~A49.K_12L.png,183786.2~A49.K_12R.png,train,/data5/chensx/MyProject/UAE/data/arrangement_merged/chr_12/183786.2~A49.K_12L.png,/data5/chensx/MyProject/UAE/data/arrangement_merged/chr_12/183786.2~A49.K_12R.png,0,-0.1365158533470297,,0.0011553168296813,0.3385848452207839,chromosome
0,0.0010344386100769,183786,183786.3~A1.K_12,12,,normal,183786.3~A1.K_12L.png,183786.3~A1.K_12R.png,train,/data5/chensx/MyProject/UAE/data/arrangement_merged/chr_12/183786.3~A1.K_12L.png,/data5/chensx/MyProject/UAE/data/arrangement_merged/chr_12/183786.3~A1.K_12R.png,0,-0.1995541263725701,,0.0010344386100769,-0.28577338723383255,chromosome
0,0.000866413116455,183786,183786.3~A25.K_12,12,,normal,183786.3~A25.K_12L.png,183786.3~A25.K_12R.png,train,/data5/chensx/MyProject/UAE/data/arrangement_merged/chr_12/183786.3~A25.K_12L.png,/data5/chensx/MyProject/UAE/data/arrangement_merged/chr_12/183786.3~A25.K_12R.png,0,-0.2871798125949559,,0.000866413116455,-1.1536559598628655,chromosome
0,0.0009225010871887,183786,183786.3~A36.K_12,12,,normal,183786.3~A36.K_12L.png,183786.3~A36.K_12R.png,train,/data5/chensx/MyProject/UAE/data/arrangement_merged/chr_12/183786.3~A36.K_12L.png,/data5/chensx/MyProject/UAE/data/arrangement_merged/chr_12/183786.3~A36.K_12R.png,0,-0.2579298052394166,,0.0009225010871887,-0.8639512770517986,chromosome
0,0.0009669065475463,183786,183786.3~A37.K_12,12,,normal,183786.3~A37.K_12L.png,183786.3~A37.K_12R.png,train,/data5/chensx/MyProject/UAE/data/arrangement_merged/chr_12/183786.3~A37.K_12L.png,/data5/chensx/MyProject/UAE/data/arrangement_merged/chr_12/183786.3~A37.K_12R.png,0,-0.2347722542512373,,0.0009669065475463,-0.6345889086206584,chromosome
0,0.0010911226272583,183786,183786.3~A44.K_12,12,,normal,183786.3~A44.K_12L.png,183786.3~A44.K_12R.png,train,/data5/chensx/MyProject/UAE/data/arrangement_merged/chr_12/183786.3~A44.K_12L.png,/data5/chensx/MyProject/UAE/data/arrangement_merged/chr_12/183786.3~A44.K_12R.png,0,-0.1699932794064513,,0.0010911226272583,0.007009985086102978,chromosome
0,0.001052975654602,183786,183786.4~A49.K_12,12,,normal,183786.4~A49.K_12L.png,183786.4~A49.K_12R.png,train,/data5/chensx/MyProject/UAE/data/arrangement_merged/chr_12/183786.4~A49.K_12L.png,/data5/chensx/MyProject/UAE/data/arrangement_merged/chr_12/183786.4~A49.K_12R.png,0,-0.1898870144835449,,0.001052975654602,-0.19002614349958813,chromosome
0,0.0009377002716064,183786,183786.5~A1.K_12,12,,normal,183786.5~A1.K_12L.png,183786.5~A1.K_12R.png,train,/data5/chensx/MyProject/UAE/data/arrangement_merged/chr_12/183786.5~A1.K_12L.png,/data5/chensx/MyProject/UAE/data/arrangement_merged/chr_12/183786.5~A1.K_12R.png,0,-0.2500033951696372,,0.0009377002716064,-0.7854446945686671,chromosome
0,0.0011727809906005,183786,183786.5~A31.K_12,12,,normal,183786.5~A31.K_12L.png,183786.5~A31.K_12R.png,train,/data5/chensx/MyProject/UAE/data/arrangement_merged/chr_12/183786.5~A31.K_12L.png,/data5/chensx/MyProject/UAE/data/arrangement_merged/chr_12/183786.5~A31.K_12R.png,0,-0.1274082527570478,,0.0011727809906005,0.42879044783885756,chromosome
0,0.0009807348251342,183786,183786.5~A33.K_12,12,,normal,183786.5~A33.K_12L.png,183786.5~A33.K_12R.png,train,/data5/chensx/MyProject/UAE/data/arrangement_merged/chr_12/183786.5~A33.K_12L.png,/data5/chensx/MyProject/UAE/data/arrangement_merged/chr_12/183786.5~A33.K_12R.png,0,-0.2275607752857909,,0.0009807348251342,-0.5631633120083906,chromosome
0,0.0013073682785034,183786,183786.5~A42.K_12,12,,normal,183786.5~A42.K_12L.png,183786.5~A42.K_12R.png,train,/data5/chensx/MyProject/UAE/data/arrangement_merged/chr_12/183786.5~A42.K_12L.png,/data5/chensx/MyProject/UAE/data/arrangement_merged/chr_12/183786.5~A42.K_12R.png,0,-0.0572206686881769,,0.0013073682785034,1.1239585390046907,chromosome
0,0.0010241270065307,183786,183786.5~A44.K_12,12,,normal,183786.5~A44.K_12L.png,183786.5~A44.K_12R.png,train,/data5/chensx/MyProject/UAE/data/arrangement_merged/chr_12/183786.5~A44.K_12L.png,/data5/chensx/MyProject/UAE/data/arrangement_merged/chr_12/183786.5~A44.K_12R.png,0,-0.2049316516355969,,0.0010241270065307,-0.33903471574237937,chromosome
0,0.0010478496551513,183786,183786.5~A6.K_12,12,,normal,183786.5~A6.K_12L.png,183786.5~A6.K_12R.png,train,/data5/chensx/MyProject/UAE/data/arrangement_merged/chr_12/183786.5~A6.K_12L.png,/data5/chensx/MyProject/UAE/data/arrangement_merged/chr_12/183786.5~A6.K_12R.png,0,-0.1925602351345293,,0.0010478496551513,-0.2165028732783409,chromosome
0,0.0008450746536254,183786,183786.5~A8.K_12,12,,normal,183786.5~A8.K_12L.png,183786.5~A8.K_12R.png,train,/data5/chensx/MyProject/UAE/data/arrangement_merged/chr_12/183786.5~A8.K_12L.png,/data5/chensx/MyProject/UAE/data/arrangement_merged/chr_12/183786.5~A8.K_12R.png,0,-0.2983078706537051,,0.0008450746536254,-1.2638730442903945,chromosome
0,0.0008365511894226,184752,184752.11~A43.K_12,12,,normal,184752.11~A43.K_12L.png,184752.11~A43.K_12R.png,train,/data5/chensx/MyProject/UAE/data/arrangement_merged/chr_12/184752.11~A43.K_12L.png,/data5/chensx/MyProject/UAE/data/arrangement_merged/chr_12/184752.11~A43.K_12R.png,0,-0.5418878007263221,,0.0008365511894226,-1.3078983042707846,chromosome
0,0.0008059740066528,184752,184752.13~A19.K_12,12,,normal,184752.13~A19.K_12L.png,184752.13~A19.K_12R.png,train,/data5/chensx/MyProject/UAE/data/arrangement_merged/chr_12/184752.13~A19.K_12L.png,/data5/chensx/MyProject/UAE/data/arrangement_merged/chr_12/184752.13~A19.K_12R.png,0,-0.5903928718081661,,0.0008059740066528,-1.4658350760901733,chromosome
0,0.0008311867713928,184752,184752.13~A20.K_12,12,,normal,184752.13~A20.K_12L.png,184752.13~A20.K_12R.png,train,/data5/chensx/MyProject/UAE/data/arrangement_merged/chr_12/184752.13~A20.K_12L.png,/data5/chensx/MyProject/UAE/data/arrangement_merged/chr_12/184752.13~A20.K_12R.png,0,-0.550397462319628,,0.0008311867713928,-1.335606509853188,chromosome
0,0.0011316537857055,184752,184752.14~A10.K_12,12,,normal,184752.14~A10.K_12L.png,184752.14~A10.K_12R.png,train,/data5/chensx/MyProject/UAE/data/arrangement_merged/chr_12/184752.14~A10.K_12L.png,/data5/chensx/MyProject/UAE/data/arrangement_merged/chr_12/184752.14~A10.K_12R.png,0,-0.073761861299013,,0.0011316537857055,0.21636087170778784,chromosome
0,0.0009542107582092,184752,184752.14~A14.K_12,12,,normal,184752.14~A14.K_12L.png,184752.14~A14.K_12R.png,train,/data5/chensx/MyProject/UAE/data/arrangement_merged/chr_12/184752.14~A14.K_12L.png,/data5/chensx/MyProject/UAE/data/arrangement_merged/chr_12/184752.14~A14.K_12R.png,0,-0.355242556446478,,0.0009542107582092,-0.7001649951651973,chromosome
0,0.0012282133102416,184752,184752.14~A43.K_12,12,,normal,184752.14~A43.K_12L.png,184752.14~A43.K_12R.png,train,/data5/chensx/MyProject/UAE/data/arrangement_merged/chr_12/184752.14~A43.K_12L.png,/data5/chensx/MyProject/UAE/data/arrangement_merged/chr_12/184752.14~A43.K_12R.png,0,0.0794120473804943,,0.0012282133102416,0.7151085721894962,chromosome
0,0.0011698603630065,184752,184752.2~A30.K_12,12,,normal,184752.2~A30.K_12L.png,184752.2~A30.K_12R.png,train,/data5/chensx/MyProject/UAE/data/arrangement_merged/chr_12/184752.2~A30.K_12L.png,/data5/chensx/MyProject/UAE/data/arrangement_merged/chr_12/184752.2~A30.K_12R.png,0,-0.0131541603955783,,0.0011698603630065,0.41370486924400507,chromosome
0,0.0012001991271972,184752,184752.2~A50.K_12,12,,normal,184752.2~A50.K_12L.png,184752.2~A50.K_12R.png,train,/data5/chensx/MyProject/UAE/data/arrangement_merged/chr_12/184752.2~A50.K_12L.png,/data5/chensx/MyProject/UAE/data/arrangement_merged/chr_12/184752.2~A50.K_12R.png,0,0.0349727035043409,,0.0012001991271972,0.5704101652597421,chromosome
0,0.0012228488922119,184752,184752.3~A13.K_12,12,,normal,184752.3~A13.K_12L.png,184752.3~A13.K_12R.png,train,/data5/chensx/MyProject/UAE/data/arrangement_merged/chr_12/184752.3~A13.K_12L.png,/data5/chensx/MyProject/UAE/data/arrangement_merged/chr_12/184752.3~A13.K_12R.png,0,0.0709023857871883,,0.0012228488922119,0.6874003666076097,chromosome
0,0.0012389421463012,184752,184752.3~A16.K_12,12,,normal,184752.3~A16.K_12L.png,184752.3~A16.K_12R.png,train,/data5/chensx/MyProject/UAE/data/arrangement_merged/chr_12/184752.3~A16.K_12L.png,/data5/chensx/MyProject/UAE/data/arrangement_merged/chr_12/184752.3~A16.K_12R.png,0,0.0964313705671062,,0.0012389421463012,0.7705249833543028,chromosome
0,0.0012196898460388,184752,184752.4~A27.K_12,12,,normal,184752.4~A27.K_12L.png,184752.4~A27.K_12R.png,train,/data5/chensx/MyProject/UAE/data/arrangement_merged/chr_12/184752.4~A27.K_12L.png,/data5/chensx/MyProject/UAE/data/arrangement_merged/chr_12/184752.4~A27.K_12R.png,0,0.0658911406266859,,0.0012196898460388,0.6710833122091061,chromosome
0,0.0009223222732543,184793,184793.11~A18.K_12,12,,normal,184793.11~A18.K_12L.png,184793.11~A18.K_12R.png,train,/data5/chensx/MyProject/UAE/data/arrangement_merged/chr_12/184793.11~A18.K_12L.png,/data5/chensx/MyProject/UAE/data/arrangement_merged/chr_12/184793.11~A18.K_12R.png,0,-0.5128438423860295,,0.0009223222732543,-0.8648748839049242,chromosome
0,0.0013959407806396,184793,184793.12~A12.K_12,12,,normal,184793.12~A12.K_12L.png,184793.12~A12.K_12R.png,train,/data5/chensx/MyProject/UAE/data/arrangement_merged/chr_12/184793.12~A12.K_12L.png,/data5/chensx/MyProject/UAE/data/arrangement_merged/chr_12/184793.12~A12.K_12R.png,0,0.0888505278416687,,0.0013959407806396,1.5814518000638373,chromosome
0,0.0012415647506713,184793,184793.12~A27.K_12,12,,normal,184793.12~A27.K_12L.png,184793.12~A27.K_12R.png,train,/data5/chensx/MyProject/UAE/data/arrangement_merged/chr_12/184793.12~A27.K_12L.png,/data5/chensx/MyProject/UAE/data/arrangement_merged/chr_12/184793.12~A27.K_12R.png,0,-0.1072718505738533,,0.0012415647506713,0.7840712171944629,chromosome
0,0.0009533762931823,184793,184793.12~A32.K_12,12,,normal,184793.12~A32.K_12L.png,184793.12~A32.K_12R.png,train,/data5/chensx/MyProject/UAE/data/arrangement_merged/chr_12/184793.12~A32.K_12L.png,/data5/chensx/MyProject/UAE/data/arrangement_merged/chr_12/184793.12~A32.K_12R.png,0,-0.4733921979248376,,0.0009533762931823,-0.7044751604782338,chromosome
0,0.0007089972496032,184793,184793.12~A38.K_12,12,,normal,184793.12~A38.K_12L.png,184793.12~A38.K_12R.png,train,/data5/chensx/MyProject/UAE/data/arrangement_merged/chr_12/184793.12~A38.K_12L.png,/data5/chensx/MyProject/UAE/data/arrangement_merged/chr_12/184793.12~A38.K_12R.png,0,-0.7838561946443899,,0.0007089972496032,-1.9667378592286588,chromosome
0,0.0008929967880249,184793,184793.12~A42.K_12,12,,normal,184793.12~A42.K_12L.png,184793.12~A42.K_12R.png,train,/data5/chensx/MyProject/UAE/data/arrangement_merged/chr_12/184793.12~A42.K_12L.png,/data5/chensx/MyProject/UAE/data/arrangement_merged/chr_12/184793.12~A42.K_12R.png,0,-0.5500995219923758,,0.0008929967880249,-1.0163464077545001,chromosome
0,0.0011395215988159,184793,184793.13~A10.K_12,12,,normal,184793.13~A10.K_12L.png,184793.13~A10.K_12R.png,train,/data5/chensx/MyProject/UAE/data/arrangement_merged/chr_12/184793.13~A10.K_12L.png,/data5/chensx/MyProject/UAE/data/arrangement_merged/chr_12/184793.13~A10.K_12R.png,0,-0.2369094999357737,,0.0011395215988159,0.25699957322878325,chromosome
0,0.0011711120605468,184793,184793.13~A16.K_12,12,,normal,184793.13~A16.K_12L.png,184793.13~A16.K_12R.png,train,/data5/chensx/MyProject/UAE/data/arrangement_merged/chr_12/184793.13~A16.K_12L.png,/data5/chensx/MyProject/UAE/data/arrangement_merged/chr_12/184793.13~A16.K_12R.png,0,-0.1967763491403193,,0.0011711120605468,0.42017011721330083,chromosome
0,0.0011429190635681,184793,184793.13~A43.K_12,12,,normal,184793.13~A43.K_12L.png,184793.13~A43.K_12R.png,train,/data5/chensx/MyProject/UAE/data/arrangement_merged/chr_12/184793.13~A43.K_12L.png,/data5/chensx/MyProject/UAE/data/arrangement_merged/chr_12/184793.13~A43.K_12R.png,0,-0.2325932931521116,,0.0011429190635681,0.274548103430938,chromosome
0,0.0006844997406005,184793,184793.14~A14.K_12,12,,normal,184793.14~A14.K_12L.png,184793.14~A14.K_12R.png,train,/data5/chensx/MyProject/UAE/data/arrangement_merged/chr_12/184793.14~A14.K_12L.png,/data5/chensx/MyProject/UAE/data/arrangement_merged/chr_12/184793.14~A14.K_12R.png,0,-0.8149783172423744,,0.0006844997406005,-2.093271998054692,chromosome
0,0.0009941458702087,184793,184793.14~A26.K_12,12,,normal,184793.14~A26.K_12L.png,184793.14~A26.K_12R.png,train,/data5/chensx/MyProject/UAE/data/arrangement_merged/chr_12/184793.14~A26.K_12L.png,/data5/chensx/MyProject/UAE/data/arrangement_merged/chr_12/184793.14~A26.K_12R.png,0,-0.4215977165208928,,0.0009941458702087,-0.4938927980523826,chromosome
0,0.0009695291519165,184793,184793.14~A27.K_12,12,,normal,184793.14~A27.K_12L.png,184793.14~A27.K_12R.png,train,/data5/chensx/MyProject/UAE/data/arrangement_merged/chr_12/184793.14~A27.K_12L.png,/data5/chensx/MyProject/UAE/data/arrangement_merged/chr_12/184793.14~A27.K_12R.png,0,-0.4528712849709355,,0.0009695291519165,-0.621042674779982,chromosome
0,0.0010534524917602,184793,184793.14~A3.K_12,12,,normal,184793.14~A3.K_12L.png,184793.14~A3.K_12R.png,train,/data5/chensx/MyProject/UAE/data/arrangement_merged/chr_12/184793.14~A3.K_12L.png,/data5/chensx/MyProject/UAE/data/arrangement_merged/chr_12/184793.14~A3.K_12R.png,0,-0.3462534051218794,,0.0010534524917602,-0.187563191892287,chromosome
0,0.0014926791191101,184793,184793.14~A30.K_12,12,,normal,184793.14~A30.K_12L.png,184793.14~A30.K_12R.png,train,/data5/chensx/MyProject/UAE/data/arrangement_merged/chr_12/184793.14~A30.K_12L.png,/data5/chensx/MyProject/UAE/data/arrangement_merged/chr_12/184793.14~A30.K_12R.png,0,0.2117488367869939,,0.0014926791191101,2.081123107398672,chromosome
0,0.0009831190109252,184793,184793.14~A32.K_12,12,,normal,184793.14~A32.K_12L.png,184793.14~A32.K_12R.png,train,/data5/chensx/MyProject/UAE/data/arrangement_merged/chr_12/184793.14~A32.K_12L.png,/data5/chensx/MyProject/UAE/data/arrangement_merged/chr_12/184793.14~A32.K_12R.png,0,-0.4356064578362872,,0.0009831190109252,-0.5508485539718817,chromosome
0,0.0008628964424133,184793,184793.14~A33.K_12,12,,normal,184793.14~A33.K_12L.png,184793.14~A33.K_12R.png,train,/data5/chensx/MyProject/UAE/data/arrangement_merged/chr_12/184793.14~A33.K_12L.png,/data5/chensx/MyProject/UAE/data/arrangement_merged/chr_12/184793.14~A33.K_12R.png,0,-0.5883395996371011,,0.0008628964424133,-1.1718202279665866,chromosome
0,0.0009901523590087,184793,184793.14~A4.K_12,12,,normal,184793.14~A4.K_12L.png,184793.14~A4.K_12R.png,train,/data5/chensx/MyProject/UAE/data/arrangement_merged/chr_12/184793.14~A4.K_12L.png,/data5/chensx/MyProject/UAE/data/arrangement_merged/chr_12/184793.14~A4.K_12R.png,0,-0.4266711525648464,,0.0009901523590087,-0.5145200177639222,chromosome
0,0.0013890266418457,184793,184793.14~A9.K_12,12,,normal,184793.14~A9.K_12L.png,184793.14~A9.K_12R.png,train,/data5/chensx/MyProject/UAE/data/arrangement_merged/chr_12/184793.14~A9.K_12L.png,/data5/chensx/MyProject/UAE/data/arrangement_merged/chr_12/184793.14~A9.K_12R.png,0,0.0800666684222863,,0.0013890266418457,1.5457390017579618,chromosome
0,0.0010968446731567,184793,184793.1~A26.K_12,12,,normal,184793.1~A26.K_12L.png,184793.1~A26.K_12R.png,train,/data5/chensx/MyProject/UAE/data/arrangement_merged/chr_12/184793.1~A26.K_12L.png,/data5/chensx/MyProject/UAE/data/arrangement_merged/chr_12/184793.1~A26.K_12R.png,0,-0.2911271149726516,,0.0010968446731567,0.03656540437372424,chromosome
0,0.0011253356933593,184793,184793.2~A4.K_12,12,,normal,184793.2~A4.K_12L.png,184793.2~A4.K_12R.png,train,/data5/chensx/MyProject/UAE/data/arrangement_merged/chr_12/184793.2~A4.K_12L.png,/data5/chensx/MyProject/UAE/data/arrangement_merged/chr_12/184793.2~A4.K_12R.png,0,-0.2549315563307135,,0.0011253356933593,0.1837267629107806,chromosome
0,0.0008435249328613,184793,184793.3~A8.K_12,12,,normal,184793.3~A8.K_12L.png,184793.3~A8.K_12R.png,train,/data5/chensx/MyProject/UAE/data/arrangement_merged/chr_12/184793.3~A8.K_12L.png,/data5/chensx/MyProject/UAE/data/arrangement_merged/chr_12/184793.3~A8.K_12R.png,0,-0.6129495505965779,,0.0008435249328613,-1.271877637013867,chromosome
0,0.0011084675788879,185290,185290.11~A25.K_12,12,,normal,185290.11~A25.K_12L.png,185290.11~A25.K_12R.png,train,/data5/chensx/MyProject/UAE/data/arrangement_merged/chr_12/185290.11~A25.K_12L.png,/data5/chensx/MyProject/UAE/data/arrangement_merged/chr_12/185290.11~A25.K_12R.png,0,-0.2576794617682015,,0.0011084675788879,0.09659984980209292,chromosome
0,0.0010403990745544,185290,185290.11~A27.K_12,12,,normal,185290.11~A27.K_12L.png,185290.11~A27.K_12R.png,train,/data5/chensx/MyProject/UAE/data/arrangement_merged/chr_12/185290.11~A27.K_12L.png,/data5/chensx/MyProject/UAE/data/arrangement_merged/chr_12/185290.11~A27.K_12R.png,0,-0.3485587213611454,,0.0010403990745544,-0.2549864921425602,chromosome
0,0.0013985633850097,185290,185290.11~A38.K_12,12,,normal,185290.11~A38.K_12L.png,185290.11~A38.K_12R.png,train,/data5/chensx/MyProject/UAE/data/arrangement_merged/chr_12/185290.11~A38.K_12L.png,/data5/chensx/MyProject/UAE/data/arrangement_merged/chr_12/185290.11~A38.K_12R.png,0,0.1296317084934957,,0.0013985633850097,1.5949980339039964,chromosome
0,0.0010506510734558,185290,185290.12~A12.K_12,12,,normal,185290.12~A12.K_12L.png,185290.12~A12.K_12R.png,train,/data5/chensx/MyProject/UAE/data/arrangement_merged/chr_12/185290.12~A12.K_12L.png,/data5/chensx/MyProject/UAE/data/arrangement_merged/chr_12/185290.12~A12.K_12R.png,0,-0.334871127096709,,0.0010506510734558,-0.20203303258505578,chromosome
0,0.0011800527572631,185290,185290.12~A33.K_12,12,,normal,185290.12~A33.K_12L.png,185290.12~A33.K_12R.png,train,/data5/chensx/MyProject/UAE/data/arrangement_merged/chr_12/185290.12~A33.K_12L.png,/data5/chensx/MyProject/UAE/data/arrangement_merged/chr_12/185290.12~A33.K_12R.png,0,-0.1621050390264101,,0.0011800527572631,0.466350459850467,chromosome
0,0.0009777545928955,185290,185290.12~A35.K_12,12,,normal,185290.12~A35.K_12L.png,185290.12~A35.K_12R.png,train,/data5/chensx/MyProject/UAE/data/arrangement_merged/chr_12/185290.12~A35.K_12L.png,/data5/chensx/MyProject/UAE/data/arrangement_merged/chr_12/185290.12~A35.K_12R.png,0,-0.4321962886397655,,0.0009777545928955,-0.5785567595537681,chromosome
0,0.001060664653778,185290,185290.12~A49.K_12,12,,normal,185290.12~A49.K_12L.png,185290.12~A49.K_12R.png,train,/data5/chensx/MyProject/UAE/data/arrangement_merged/chr_12/185290.12~A49.K_12L.png,/data5/chensx/MyProject/UAE/data/arrangement_merged/chr_12/185290.12~A49.K_12R.png,0,-0.3215018489779572,,0.001060664653778,-0.15031104883171775,chromosome
0,0.0011125206947326,185290,185290.12~A5.K_12,12,,normal,185290.12~A5.K_12L.png,185290.12~A5.K_12R.png,train,/data5/chensx/MyProject/UAE/data/arrangement_merged/chr_12/185290.12~A5.K_12L.png,/data5/chensx/MyProject/UAE/data/arrangement_merged/chr_12/185290.12~A5.K_12R.png,0,-0.2522680872915638,,0.0011125206947326,0.11753493846415858,chromosome
0,0.0012391805648803,185290,185290.12~A50.K_12,12,,normal,185290.12~A50.K_12L.png,185290.12~A50.K_12R.png,train,/data5/chensx/MyProject/UAE/data/arrangement_merged/chr_12/185290.12~A50.K_12L.png,/data5/chensx/MyProject/UAE/data/arrangement_merged/chr_12/185290.12~A50.K_12R.png,0,-0.0831626348966374,,0.0012391805648803,0.7717564591579539,chromosome
0,0.0010974407196044,185290,185290.12~A7.K_12,12,,normal,185290.12~A7.K_12L.png,185290.12~A7.K_12R.png,train,/data5/chensx/MyProject/UAE/data/arrangement_merged/chr_12/185290.12~A7.K_12L.png,/data5/chensx/MyProject/UAE/data/arrangement_merged/chr_12/185290.12~A7.K_12R.png,0,-0.2724015835061127,,0.0010974407196044,0.03964409388259388,chromosome
0,0.0019367933273315,185290,185290.12~A8.K_12,12,,normal,185290.12~A8.K_12L.png,185290.12~A8.K_12R.png,train,/data5/chensx/MyProject/UAE/data/arrangement_merged/chr_12/185290.12~A8.K_12L.png,/data5/chensx/MyProject/UAE/data/arrangement_merged/chr_12/185290.12~A8.K_12R.png,0,0.8482304073764063,,0.0019367933273315,4.375054660664215,chromosome
0,0.0011451244354248,185290,185290.13~A13.K_12,12,,normal,185290.13~A13.K_12L.png,185290.13~A13.K_12R.png,train,/data5/chensx/MyProject/UAE/data/arrangement_merged/chr_12/185290.13~A13.K_12L.png,/data5/chensx/MyProject/UAE/data/arrangement_merged/chr_12/185290.13~A13.K_12R.png,0,-0.2087383543691992,,0.0011451244354248,0.28593925461483716,chromosome
0,0.0010362863540649,185290,185290.13~A26.K_12,12,,normal,185290.13~A26.K_12L.png,185290.13~A26.K_12R.png,train,/data5/chensx/MyProject/UAE/data/arrangement_merged/chr_12/185290.13~A26.K_12L.png,/data5/chensx/MyProject/UAE/data/arrangement_merged/chr_12/185290.13~A26.K_12R.png,0,-0.3540496748742042,,0.0010362863540649,-0.27622944975566716,chromosome
0,0.0011922121047973,185290,185290.13~A28.K_12,12,,normal,185290.13~A28.K_12L.png,185290.13~A28.K_12R.png,train,/data5/chensx/MyProject/UAE/data/arrangement_merged/chr_12/185290.13~A28.K_12L.png,/data5/chensx/MyProject/UAE/data/arrangement_merged/chr_12/185290.13~A28.K_12R.png,0,-0.1458709155964972,,0.0011922121047973,0.5291557258371792,chromosome
0,0.0007882118225097,185290,185290.13~A30.K_12,12,,normal,185290.13~A30.K_12L.png,185290.13~A30.K_12R.png,train,/data5/chensx/MyProject/UAE/data/arrangement_merged/chr_12/185290.13~A30.K_12L.png,/data5/chensx/MyProject/UAE/data/arrangement_merged/chr_12/185290.13~A30.K_12R.png,0,-0.6852576244589964,,0.0007882118225097,-1.5575800234629393,chromosome
0,0.0012500882148742,185290,185290.13~A35.K_12,12,,normal,185290.13~A35.K_12L.png,185290.13~A35.K_12R.png,train,/data5/chensx/MyProject/UAE/data/arrangement_merged/chr_12/185290.13~A35.K_12L.png,/data5/chensx/MyProject/UAE/data/arrangement_merged/chr_12/185290.13~A35.K_12R.png,0,-0.0685996712315685,,0.0012500882148742,0.8280964771753693,chromosome
0,0.0011607408523559,185290,185290.13~A36.K_12,12,,normal,185290.13~A36.K_12L.png,185290.13~A36.K_12R.png,train,/data5/chensx/MyProject/UAE/data/arrangement_merged/chr_12/185290.13~A36.K_12L.png,/data5/chensx/MyProject/UAE/data/arrangement_merged/chr_12/185290.13~A36.K_12R.png,0,-0.1878886468268601,,0.0011607408523559,0.36660091975422904,chromosome
0,0.0014054775238037,185290,185290.13~A46.K_12,12,,normal,185290.13~A46.K_12L.png,185290.13~A46.K_12R.png,train,/data5/chensx/MyProject/UAE/data/arrangement_merged/chr_12/185290.13~A46.K_12L.png,/data5/chensx/MyProject/UAE/data/arrangement_merged/chr_12/185290.13~A46.K_12R.png,0,0.1388628767183481,,0.0014054775238037,1.6307108322103896,chromosome
0,0.001007854938507,185290,185290.13~A6.K_12,12,,normal,185290.13~A6.K_12L.png,185290.13~A6.K_12R.png,train,/data5/chensx/MyProject/UAE/data/arrangement_merged/chr_12/185290.13~A6.K_12L.png,/data5/chensx/MyProject/UAE/data/arrangement_merged/chr_12/185290.13~A6.K_12R.png,0,-0.3920088752470889,,0.001007854938507,-0.42308293934219743,chromosome
0,0.0008607506752014,185290,185290.13~A7.K_12,12,,normal,185290.13~A7.K_12L.png,185290.13~A7.K_12R.png,train,/data5/chensx/MyProject/UAE/data/arrangement_merged/chr_12/185290.13~A7.K_12L.png,/data5/chensx/MyProject/UAE/data/arrangement_merged/chr_12/185290.13~A7.K_12R.png,0,-0.5884099371344669,,0.0008607506752014,-1.182903510199445,chromosome
0,0.001067042350769,185290,185290.14~A27.K_12,12,,normal,185290.14~A27.K_12L.png,185290.14~A27.K_12R.png,train,/data5/chensx/MyProject/UAE/data/arrangement_merged/chr_12/185290.14~A27.K_12L.png,/data5/chensx/MyProject/UAE/data/arrangement_merged/chr_12/185290.14~A27.K_12R.png,0,-0.312986892080895,,0.001067042350769,-0.11736907108366922,chromosome
0,0.0011505484580993,185290,185290.14~A31.K_12,12,,normal,185290.14~A31.K_12L.png,185290.14~A31.K_12R.png,train,/data5/chensx/MyProject/UAE/data/arrangement_merged/chr_12/185290.14~A31.K_12L.png,/data5/chensx/MyProject/UAE/data/arrangement_merged/chr_12/185290.14~A31.K_12R.png,0,-0.2014966620548753,,0.0011505484580993,0.31395532914776597,chromosome
0,0.0012152791023254,185290,185290.14~A44.K_12,12,,normal,185290.14~A44.K_12L.png,185290.14~A44.K_12R.png,train,/data5/chensx/MyProject/UAE/data/arrangement_merged/chr_12/185290.14~A44.K_12L.png,/data5/chensx/MyProject/UAE/data/arrangement_merged/chr_12/185290.14~A44.K_12R.png,0,-0.1150738285015153,,0.0012152791023254,0.6483010098413068,chromosome
0,0.0012277364730834,185290,185290.14~A47.K_12,12,,normal,185290.14~A47.K_12L.png,185290.14~A47.K_12R.png,train,/data5/chensx/MyProject/UAE/data/arrangement_merged/chr_12/185290.14~A47.K_12L.png,/data5/chensx/MyProject/UAE/data/arrangement_merged/chr_12/185290.14~A47.K_12R.png,0,-0.0984418098894967,,0.0012277364730834,0.712645620582195,chromosome
0,0.0012041330337524,185290,185290.1~A31.K_12,12,,normal,185290.1~A31.K_12L.png,185290.1~A31.K_12R.png,train,/data5/chensx/MyProject/UAE/data/arrangement_merged/chr_12/185290.1~A31.K_12L.png,/data5/chensx/MyProject/UAE/data/arrangement_merged/chr_12/185290.1~A31.K_12R.png,0,-0.1299551083122688,,0.0012041330337524,0.5907295160202404,chromosome
0,0.0011868476867675,185290,185290.1~A32.K_12,12,,normal,185290.1~A32.K_12L.png,185290.1~A32.K_12R.png,train,/data5/chensx/MyProject/UAE/data/arrangement_merged/chr_12/185290.1~A32.K_12L.png,/data5/chensx/MyProject/UAE/data/arrangement_merged/chr_12/185290.1~A32.K_12R.png,0,-0.1530330288743999,,0.0011868476867675,0.5014475202547765,chromosome
0,0.0011098384857177,185290,185290.1~A35.K_12,12,,normal,185290.1~A35.K_12L.png,185290.1~A35.K_12R.png,train,/data5/chensx/MyProject/UAE/data/arrangement_merged/chr_12/185290.1~A35.K_12L.png,/data5/chensx/MyProject/UAE/data/arrangement_merged/chr_12/185290.1~A35.K_12R.png,0,-0.2558491439305152,,0.0011098384857177,0.10368083567295609,chromosome
0,0.0012100934982299,185290,185290.2~A19.K_12,12,,normal,185290.2~A19.K_12L.png,185290.2~A19.K_12R.png,train,/data5/chensx/MyProject/UAE/data/arrangement_merged/chr_12/185290.2~A19.K_12L.png,/data5/chensx/MyProject/UAE/data/arrangement_merged/chr_12/185290.2~A19.K_12R.png,0,-0.1219972046701546,,0.0012100934982299,0.6215164111115127,chromosome
0,0.0012999773025512,185290,185290.3~A26.K_12,12,,normal,185290.3~A26.K_12L.png,185290.3~A26.K_12R.png,train,/data5/chensx/MyProject/UAE/data/arrangement_merged/chr_12/185290.3~A26.K_12L.png,/data5/chensx/MyProject/UAE/data/arrangement_merged/chr_12/185290.3~A26.K_12R.png,0,-0.0019920177470728,,0.0012999773025512,1.0857827890909963,chromosome
0,0.0010422468185424,185290,185290.3~A32.K_12,12,,normal,185290.3~A32.K_12L.png,185290.3~A32.K_12R.png,train,/data5/chensx/MyProject/UAE/data/arrangement_merged/chr_12/185290.3~A32.K_12L.png,/data5/chensx/MyProject/UAE/data/arrangement_merged/chr_12/185290.3~A32.K_12R.png,0,-0.34609177123209,,0.0010422468185424,-0.24544255466439477,chromosome
0,0.0009647011756896,185290,185290.4~A11.K_12,12,,normal,185290.4~A11.K_12L.png,185290.4~A11.K_12R.png,train,/data5/chensx/MyProject/UAE/data/arrangement_merged/chr_12/185290.4~A11.K_12L.png,/data5/chensx/MyProject/UAE/data/arrangement_merged/chr_12/185290.4~A11.K_12R.png,0,-0.4496240976159955,,0.0009647011756896,-0.6459800598045581,chromosome
0,0.0010879039764404,185290,185290.4~A15.K_12,12,,normal,185290.4~A15.K_12L.png,185290.4~A15.K_12R.png,train,/data5/chensx/MyProject/UAE/data/arrangement_merged/chr_12/185290.4~A15.K_12L.png,/data5/chensx/MyProject/UAE/data/arrangement_merged/chr_12/185290.4~A15.K_12R.png,0,-0.2851342293334954,,0.0010879039764404,-0.009614938263441938,chromosome
0,0.0010178089141845,185290,185290.4~A18.K_12,12,,normal,185290.4~A18.K_12L.png,185290.4~A18.K_12R.png,train,/data5/chensx/MyProject/UAE/data/arrangement_merged/chr_12/185290.4~A18.K_12L.png,/data5/chensx/MyProject/UAE/data/arrangement_merged/chr_12/185290.4~A18.K_12R.png,0,-0.3787191761647582,,0.0010178089141845,-0.3716688245393855,chromosome
0,0.0008462071418762,185290,185290.4~A28.K_12,12,,normal,185290.4~A28.K_12L.png,185290.4~A28.K_12R.png,train,/data5/chensx/MyProject/UAE/data/arrangement_merged/chr_12/185290.4~A28.K_12L.png,/data5/chensx/MyProject/UAE/data/arrangement_merged/chr_12/185290.4~A28.K_12R.png,0,-0.6078272220212254,,0.0008462071418762,-1.2580235342226656,chromosome
0,0.0011583566665649,185290,185290.4~A29.K_12,12,,normal,185290.4~A29.K_12L.png,185290.4~A29.K_12R.png,train,/data5/chensx/MyProject/UAE/data/arrangement_merged/chr_12/185290.4~A29.K_12L.png,/data5/chensx/MyProject/UAE/data/arrangement_merged/chr_12/185290.4~A29.K_12R.png,0,-0.1910718082837058,,0.0011583566665649,0.3542861617177201,chromosome
0,0.0009756088256835,185290,185290.4~A37.K_12,12,,normal,185290.4~A37.K_12L.png,185290.4~A37.K_12R.png,train,/data5/chensx/MyProject/UAE/data/arrangement_merged/chr_12/185290.4~A37.K_12L.png,/data5/chensx/MyProject/UAE/data/arrangement_merged/chr_12/185290.4~A37.K_12R.png,0,-0.4350611339509266,,0.0009756088256835,-0.5896400417871428,chromosome
0,0.0007750391960144,185290,185290.4~A9.K_12,12,,normal,185290.4~A9.K_12L.png,185290.4~A9.K_12R.png,train,/data5/chensx/MyProject/UAE/data/arrangement_merged/chr_12/185290.4~A9.K_12L.png,/data5/chensx/MyProject/UAE/data/arrangement_merged/chr_12/185290.4~A9.K_12R.png,0,-0.7028445915080688,,0.0007750391960144,-1.6256190616147805,chromosome
0,0.0011292695999145,185824,185824.11~A10.K_12,12,,normal,185824.11~A10.K_12L.png,185824.11~A10.K_12R.png,train,/data5/chensx/MyProject/UAE/data/arrangement_merged/chr_12/185824.11~A10.K_12L.png,/data5/chensx/MyProject/UAE/data/arrangement_merged/chr_12/185824.11~A10.K_12R.png,0,-0.1968851082103199,,0.0011292695999145,0.2040461136712789,chromosome
0,0.0014606714248657,185824,185824.11~A15.K_12,12,,normal,185824.11~A15.K_12L.png,185824.11~A15.K_12R.png,train,/data5/chensx/MyProject/UAE/data/arrangement_merged/chr_12/185824.11~A15.K_12L.png,/data5/chensx/MyProject/UAE/data/arrangement_merged/chr_12/185824.11~A15.K_12R.png,0,0.2349858385764144,,0.0014606714248657,1.915797480757378,chromosome
0,0.0011480450630187,185824,185824.11~A31.K_12,12,,normal,185824.11~A31.K_12L.png,185824.11~A31.K_12R.png,train,/data5/chensx/MyProject/UAE/data/arrangement_merged/chr_12/185824.11~A31.K_12L.png,/data5/chensx/MyProject/UAE/data/arrangement_merged/chr_12/185824.11~A31.K_12R.png,0,-0.1724175995344528,,0.0011480450630187,0.3010248332091733,chromosome
0,0.0012750625610351,185824,185824.12~A12.K_12,12,,normal,185824.12~A12.K_12L.png,185824.12~A12.K_12R.png,train,/data5/chensx/MyProject/UAE/data/arrangement_merged/chr_12/185824.12~A12.K_12L.png,/data5/chensx/MyProject/UAE/data/arrangement_merged/chr_12/185824.12~A12.K_12R.png,0,-0.0068929614764436,,0.0012750625610351,0.9570935676087046,chromosome
0,0.0009162425994873,185824,185824.12~A28.K_12,12,,normal,185824.12~A28.K_12L.png,185824.12~A28.K_12R.png,train,/data5/chensx/MyProject/UAE/data/arrangement_merged/chr_12/185824.12~A28.K_12L.png,/data5/chensx/MyProject/UAE/data/arrangement_merged/chr_12/185824.12~A28.K_12R.png,0,-0.4744942383930158,,0.0009162425994873,-0.8962775168977634,chromosome
0,0.0010519623756408,185824,185824.12~A31.K_12,12,,normal,185824.12~A31.K_12L.png,185824.12~A31.K_12R.png,train,/data5/chensx/MyProject/UAE/data/arrangement_merged/chr_12/185824.12~A31.K_12L.png,/data5/chensx/MyProject/UAE/data/arrangement_merged/chr_12/185824.12~A31.K_12R.png,0,-0.2976291042503189,,0.0010519623756408,-0.19525991566523393,chromosome
0,0.0009238123893737,185824,185824.12~A38.K_12,12,,normal,185824.12~A38.K_12L.png,185824.12~A38.K_12R.png,train,/data5/chensx/MyProject/UAE/data/arrangement_merged/chr_12/185824.12~A38.K_12L.png,/data5/chensx/MyProject/UAE/data/arrangement_merged/chr_12/185824.12~A38.K_12R.png,0,-0.4646295602919519,,0.0009238123893737,-0.8571781601319767,chromosome
0,0.0009447932243347,185824,185824.12~A48.K_12,12,,normal,185824.12~A48.K_12L.png,185824.12~A48.K_12R.png,train,/data5/chensx/MyProject/UAE/data/arrangement_merged/chr_12/185824.12~A48.K_12L.png,/data5/chensx/MyProject/UAE/data/arrangement_merged/chr_12/185824.12~A48.K_12R.png,0,-0.4372880902795543,,0.0009447932243347,-0.7488082894096657,chromosome
0,0.0012805461883544,185824,185824.12~A7.K_12,12,,normal,185824.12~A7.K_12L.png,185824.12~A7.K_12R.png,train,/data5/chensx/MyProject/UAE/data/arrangement_merged/chr_12/185824.12~A7.K_12L.png,/data5/chensx/MyProject/UAE/data/arrangement_merged/chr_12/185824.12~A7.K_12R.png,0,0.0002531045495239,,0.0012805461883544,0.9854175110926747,chromosome
0,0.0010165572166442,185824,185824.13~A1.K_12,12,,normal,185824.13~A1.K_12L.png,185824.13~A1.K_12R.png,train,/data5/chensx/MyProject/UAE/data/arrangement_merged/chr_12/185824.13~A1.K_12L.png,/data5/chensx/MyProject/UAE/data/arrangement_merged/chr_12/185824.13~A1.K_12R.png,0,-0.3437678348962398,,0.0010165572166442,-0.37813407250868236,chromosome
0,0.00107342004776,185824,185824.13~A14.K_12,12,,normal,185824.13~A14.K_12L.png,185824.13~A14.K_12R.png,train,/data5/chensx/MyProject/UAE/data/arrangement_merged/chr_12/185824.13~A14.K_12L.png,/data5/chensx/MyProject/UAE/data/arrangement_merged/chr_12/185824.13~A14.K_12R.png,0,-0.2696662371921851,,0.00107342004776,-0.08442709333562068,chromosome
0,0.0010374784469604,185824,185824.13~A5.K_12,12,,normal,185824.13~A5.K_12L.png,185824.13~A5.K_12R.png,train,/data5/chensx/MyProject/UAE/data/arrangement_merged/chr_12/185824.13~A5.K_12L.png,/data5/chensx/MyProject/UAE/data/arrangement_merged/chr_12/185824.13~A5.K_12R.png,0,-0.3165040395145593,,0.0010374784469604,-0.2700720707374127,chromosome
0,0.0009394884109497,185824,185824.1~A10.K_12,12,,normal,185824.1~A10.K_12L.png,185824.1~A10.K_12R.png,train,/data5/chensx/MyProject/UAE/data/arrangement_merged/chr_12/185824.1~A10.K_12L.png,/data5/chensx/MyProject/UAE/data/arrangement_merged/chr_12/185824.1~A10.K_12R.png,0,-0.4442011324133707,,0.0009394884109497,-0.7762086260410271,chromosome
0,0.0013465285301208,185824,185824.1~A11.K_12,12,,normal,185824.1~A11.K_12L.png,185824.1~A11.K_12R.png,train,/data5/chensx/MyProject/UAE/data/arrangement_merged/chr_12/185824.1~A11.K_12L.png,/data5/chensx/MyProject/UAE/data/arrangement_merged/chr_12/185824.1~A11.K_12R.png,0,0.0862389207532856,,0.0013465285301208,1.3262284397555113,chromosome
0,0.0009824633598327,185824,185824.1~A18.K_12,12,,normal,185824.1~A18.K_12L.png,185824.1~A18.K_12R.png,train,/data5/chensx/MyProject/UAE/data/arrangement_merged/chr_12/185824.1~A18.K_12L.png,/data5/chensx/MyProject/UAE/data/arrangement_merged/chr_12/185824.1~A18.K_12R.png,0,-0.3881977236663859,,0.0009824633598327,-0.5542351124317926,chromosome
0,0.0011827945709228,185824,185824.1~A39.K_12,12,,normal,185824.1~A39.K_12L.png,185824.1~A39.K_12R.png,train,/data5/chensx/MyProject/UAE/data/arrangement_merged/chr_12/185824.1~A39.K_12L.png,/data5/chensx/MyProject/UAE/data/arrangement_merged/chr_12/185824.1~A39.K_12R.png,0,-0.1271332898264193,,0.0011827945709228,0.4805124315927108,chromosome
0,0.0008741021156311,185824,185824.2~A10.K_12,12,,normal,185824.2~A10.K_12L.png,185824.2~A10.K_12R.png,train,/data5/chensx/MyProject/UAE/data/arrangement_merged/chr_12/185824.2~A10.K_12L.png,/data5/chensx/MyProject/UAE/data/arrangement_merged/chr_12/185824.2~A10.K_12R.png,0,-0.529410202309962,,0.0008741021156311,-1.1139408651944784,chromosome
0,0.000985562801361,185824,185824.2~A11.K_12,12,,normal,185824.2~A11.K_12L.png,185824.2~A11.K_12R.png,train,/data5/chensx/MyProject/UAE/data/arrangement_merged/chr_12/185824.2~A11.K_12L.png,/data5/chensx/MyProject/UAE/data/arrangement_merged/chr_12/185824.2~A11.K_12R.png,0,-0.3841586428690999,,0.000985562801361,-0.5382259269843302,chromosome
0,0.0009762644767761,185824,185824.2~A14.K_12,12,,normal,185824.2~A14.K_12L.png,185824.2~A14.K_12R.png,train,/data5/chensx/MyProject/UAE/data/arrangement_merged/chr_12/185824.2~A14.K_12L.png,/data5/chensx/MyProject/UAE/data/arrangement_merged/chr_12/185824.2~A14.K_12R.png,0,-0.3962758852609579,,0.0009762644767761,-0.5862534833267156,chromosome
0,0.0008753538131713,185824,185824.2~A17.K_12,12,,normal,185824.2~A17.K_12L.png,185824.2~A17.K_12R.png,train,/data5/chensx/MyProject/UAE/data/arrangement_merged/chr_12/185824.2~A17.K_12L.png,/data5/chensx/MyProject/UAE/data/arrangement_merged/chr_12/185824.2~A17.K_12R.png,0,-0.5277790350649042,,0.0008753538131713,-1.107475617225699,chromosome
0,0.001268982887268,185824,185824.2~A2.K_12,12,,normal,185824.2~A2.K_12L.png,185824.2~A2.K_12R.png,train,/data5/chensx/MyProject/UAE/data/arrangement_merged/chr_12/185824.2~A2.K_12L.png,/data5/chensx/MyProject/UAE/data/arrangement_merged/chr_12/185824.2~A2.K_12R.png,0,-0.0148157738095815,,0.001268982887268,0.9256909346153485,chromosome
0,0.0010845065116882,185824,185824.2~A25.K_12,12,,normal,185824.2~A25.K_12L.png,185824.2~A25.K_12R.png,train,/data5/chensx/MyProject/UAE/data/arrangement_merged/chr_12/185824.2~A25.K_12L.png,/data5/chensx/MyProject/UAE/data/arrangement_merged/chr_12/185824.2~A25.K_12R.png,0,-0.2552187558788159,,0.0010845065116882,-0.027163468465596672,chromosome
0,0.0013595819473266,185824,185824.2~A27.K_12,12,,normal,185824.2~A27.K_12L.png,185824.2~A27.K_12R.png,train,/data5/chensx/MyProject/UAE/data/arrangement_merged/chr_12/185824.2~A27.K_12L.png,/data5/chensx/MyProject/UAE/data/arrangement_merged/chr_12/185824.2~A27.K_12R.png,0,0.103249664880317,,0.0013595819473266,1.3936517400057855,chromosome
0,0.0010002255439758,185824,185824.2~A7.K_12,12,,normal,185824.2~A7.K_12L.png,185824.2~A7.K_12R.png,train,/data5/chensx/MyProject/UAE/data/arrangement_merged/chr_12/185824.2~A7.K_12L.png,/data5/chensx/MyProject/UAE/data/arrangement_merged/chr_12/185824.2~A7.K_12R.png,0,-0.3650506837127084,,0.0010002255439758,-0.4624901650590265,chromosome
0,0.0010102987289428,185824,185824.2~A8.K_12,12,,normal,185824.2~A8.K_12L.png,185824.2~A8.K_12R.png,train,/data5/chensx/MyProject/UAE/data/arrangement_merged/chr_12/185824.2~A8.K_12L.png,/data5/chensx/MyProject/UAE/data/arrangement_merged/chr_12/185824.2~A8.K_12R.png,0,-0.3519236711215289,,0.0010102987289428,-0.4104603123546472,chromosome
0,0.0009301900863647,185824,185824.2~A9.K_12,12,,normal,185824.2~A9.K_12L.png,185824.2~A9.K_12R.png,train,/data5/chensx/MyProject/UAE/data/arrangement_merged/chr_12/185824.2~A9.K_12L.png,/data5/chensx/MyProject/UAE/data/arrangement_merged/chr_12/185824.2~A9.K_12R.png,0,-0.4563183748052287,,0.0009301900863647,-0.8242361823839282,chromosome
0,0.0014168620109558,185824,185824.3~A18.K_12,12,,normal,185824.3~A18.K_12L.png,185824.3~A18.K_12R.png,train,/data5/chensx/MyProject/UAE/data/arrangement_merged/chr_12/185824.3~A18.K_12L.png,/data5/chensx/MyProject/UAE/data/arrangement_merged/chr_12/185824.3~A18.K_12R.png,0,0.1778949849993911,,0.0014168620109558,1.689513801835106,chromosome
0,0.001007080078125,185824,185824.3~A2.K_12,12,,normal,185824.3~A2.K_12L.png,185824.3~A2.K_12R.png,train,/data5/chensx/MyProject/UAE/data/arrangement_merged/chr_12/185824.3~A2.K_12L.png,/data5/chensx/MyProject/UAE/data/arrangement_merged/chr_12/185824.3~A2.K_12R.png,0,-0.356118101180249,,0.001007080078125,-0.42708523570367574,chromosome
0,0.0010410547256469,185824,185824.3~A28.K_12,12,,normal,185824.3~A28.K_12L.png,185824.3~A28.K_12R.png,train,/data5/chensx/MyProject/UAE/data/arrangement_merged/chr_12/185824.3~A28.K_12L.png,/data5/chensx/MyProject/UAE/data/arrangement_merged/chr_12/185824.3~A28.K_12R.png,0,-0.311843561671537,,0.0010410547256469,-0.2515999336826492,chromosome
0,0.0008644461631774,185824,185824.3~A41.K_12,12,,normal,185824.3~A41.K_12L.png,185824.3~A41.K_12R.png,train,/data5/chensx/MyProject/UAE/data/arrangement_merged/chr_12/185824.3~A41.K_12L.png,/data5/chensx/MyProject/UAE/data/arrangement_merged/chr_12/185824.3~A41.K_12R.png,0,-0.5419934924861223,,0.0008644461631774,-1.1638156352431142,chromosome
0,0.0009371042251586,185824,185824.3~A43.K_12,12,,normal,185824.3~A43.K_12L.png,185824.3~A43.K_12R.png,train,/data5/chensx/MyProject/UAE/data/arrangement_merged/chr_12/185824.3~A43.K_12L.png,/data5/chensx/MyProject/UAE/data/arrangement_merged/chr_12/185824.3~A43.K_12R.png,0,-0.4473081176420523,,0.0009371042251586,-0.7885233840780524,chromosome
0,0.0008856654167175,185824,185824.3~A46.K_12,12,,normal,185824.3~A46.K_12L.png,185824.3~A46.K_12R.png,train,/data5/chensx/MyProject/UAE/data/arrangement_merged/chr_12/185824.3~A46.K_12L.png,/data5/chensx/MyProject/UAE/data/arrangement_merged/chr_12/185824.3~A46.K_12R.png,0,-0.5143413239508565,,0.0008856654167175,-1.0542142887171522,chromosome
0,0.0016904473304748,186193,186193.11~A23.K_12,12,,normal,186193.11~A23.K_12L.png,186193.11~A23.K_12R.png,train,/data5/chensx/MyProject/UAE/data/arrangement_merged/chr_12/186193.11~A23.K_12L.png,/data5/chensx/MyProject/UAE/data/arrangement_merged/chr_12/186193.11~A23.K_12R.png,0,0.4502219013337205,,0.0016904473304748,3.1026322865335403,chromosome
0,0.0009827613830566,186193,186193.12~A4.K_12,12,,normal,186193.12~A4.K_12L.png,186193.12~A4.K_12R.png,train,/data5/chensx/MyProject/UAE/data/arrangement_merged/chr_12/186193.12~A4.K_12L.png,/data5/chensx/MyProject/UAE/data/arrangement_merged/chr_12/186193.12~A4.K_12R.png,0,-0.4298295063914852,,0.0009827613830566,-0.552695767677099,chromosome
0,0.0010397434234619,186193,186193.13~A11.K_12,12,,normal,186193.13~A11.K_12L.png,186193.13~A11.K_12R.png,train,/data5/chensx/MyProject/UAE/data/arrangement_merged/chr_12/186193.13~A11.K_12L.png,/data5/chensx/MyProject/UAE/data/arrangement_merged/chr_12/186193.13~A11.K_12R.png,0,-0.3589688017856319,,0.0010397434234619,-0.2583730506024711,chromosome
0,0.0008225440979003,186193,186193.13~A22.K_12,12,,normal,186193.13~A22.K_12L.png,186193.13~A22.K_12R.png,train,/data5/chensx/MyProject/UAE/data/arrangement_merged/chr_12/186193.13~A22.K_12L.png,/data5/chensx/MyProject/UAE/data/arrangement_merged/chr_12/186193.13~A22.K_12R.png,0,-0.6290696465384871,,0.0008225440979003,-1.3802475077361787,chromosome
0,0.0012090802192687,186193,186193.13~A4.K_12,12,,normal,186193.13~A4.K_12L.png,186193.13~A4.K_12R.png,train,/data5/chensx/MyProject/UAE/data/arrangement_merged/chr_12/186193.13~A4.K_12L.png,/data5/chensx/MyProject/UAE/data/arrangement_merged/chr_12/186193.13~A4.K_12R.png,0,-0.1483879840186556,,0.0012090802192687,0.6162826389458669,chromosome
0,0.0008898973464965,186193,186193.13~A41.K_12,12,,normal,186193.13~A41.K_12L.png,186193.13~A41.K_12R.png,train,/data5/chensx/MyProject/UAE/data/arrangement_merged/chr_12/186193.13~A41.K_12L.png,/data5/chensx/MyProject/UAE/data/arrangement_merged/chr_12/186193.13~A41.K_12R.png,0,-0.5453117007177609,,0.0008898973464965,-1.0323555932024782,chromosome
0,0.0009892582893371,186193,186193.13~A5.K_12,12,,normal,186193.13~A5.K_12L.png,186193.13~A5.K_12R.png,train,/data5/chensx/MyProject/UAE/data/arrangement_merged/chr_12/186193.13~A5.K_12L.png,/data5/chensx/MyProject/UAE/data/arrangement_merged/chr_12/186193.13~A5.K_12R.png,0,-0.4217502001132028,,0.0009892582893371,-0.5191380520274832,chromosome
0,0.0009670257568359,186193,186193.1~A34.K_12,12,,normal,186193.1~A34.K_12L.png,186193.1~A34.K_12R.png,train,/data5/chensx/MyProject/UAE/data/arrangement_merged/chr_12/186193.1~A34.K_12L.png,/data5/chensx/MyProject/UAE/data/arrangement_merged/chr_12/186193.1~A34.K_12R.png,0,-0.4493977344416372,,0.0009670257568359,-0.6339731707185747,chromosome
0,0.001484990119934,186193,186193.1~A38.K_12,12,,normal,186193.1~A38.K_12L.png,186193.1~A38.K_12R.png,train,/data5/chensx/MyProject/UAE/data/arrangement_merged/chr_12/186193.1~A38.K_12L.png,/data5/chensx/MyProject/UAE/data/arrangement_merged/chr_12/186193.1~A38.K_12R.png,0,0.1947231055425317,,0.001484990119934,2.041408012730285,chromosome
0,0.0010182261466979,186193,186193.1~A44.K_12,12,,normal,186193.1~A44.K_12L.png,186193.1~A44.K_12R.png,train,/data5/chensx/MyProject/UAE/data/arrangement_merged/chr_12/186193.1~A44.K_12L.png,/data5/chensx/MyProject/UAE/data/arrangement_merged/chr_12/186193.1~A44.K_12R.png,0,-0.3857268712026958,,0.0010182261466979,-0.36951374188312563,chromosome
0,0.0013195276260375,186193,186193.1~A8.K_12,12,,normal,186193.1~A8.K_12L.png,186193.1~A8.K_12R.png,train,/data5/chensx/MyProject/UAE/data/arrangement_merged/chr_12/186193.1~A8.K_12L.png,/data5/chensx/MyProject/UAE/data/arrangement_merged/chr_12/186193.1~A8.K_12R.png,0,-0.0110397772878541,,0.0013195276260375,1.1867638049908866,chromosome
0,0.001071274280548,186193,186193.2~A1.K_12,12,,normal,186193.2~A1.K_12L.png,186193.2~A1.K_12R.png,train,/data5/chensx/MyProject/UAE/data/arrangement_merged/chr_12/186193.2~A1.K_12L.png,/data5/chensx/MyProject/UAE/data/arrangement_merged/chr_12/186193.2~A1.K_12R.png,0,-0.3197582236093804,,0.001071274280548,-0.09551037556899485,chromosome
0,0.0016688108444213,186193,186193.2~A12.K_12,12,,normal,186193.2~A12.K_12L.png,186193.2~A12.K_12R.png,train,/data5/chensx/MyProject/UAE/data/arrangement_merged/chr_12/186193.2~A12.K_12L.png,/data5/chensx/MyProject/UAE/data/arrangement_merged/chr_12/186193.2~A12.K_12R.png,0,0.4233155877647616,,0.0016688108444213,2.9908758573513183,chromosome
0,0.0011804103851318,186193,186193.2~A14.K_12,12,,normal,186193.2~A14.K_12L.png,186193.2~A14.K_12R.png,train,/data5/chensx/MyProject/UAE/data/arrangement_merged/chr_12/186193.2~A14.K_12L.png,/data5/chensx/MyProject/UAE/data/arrangement_merged/chr_12/186193.2~A14.K_12R.png,0,-0.1840407025494249,,0.0011804103851318,0.46819767355620184,chromosome
0,0.0009467005729675,186193,186193.2~A15.K_12,12,,normal,186193.2~A15.K_12L.png,186193.2~A15.K_12R.png,train,/data5/chensx/MyProject/UAE/data/arrangement_merged/chr_12/186193.2~A15.K_12L.png,/data5/chensx/MyProject/UAE/data/arrangement_merged/chr_12/186193.2~A15.K_12R.png,0,-0.4746733623397501,,0.0009467005729675,-0.7389564829804585,chromosome
0,0.0010895133018493,186193,186193.2~A24.K_12,12,,normal,186193.2~A24.K_12L.png,186193.2~A24.K_12R.png,train,/data5/chensx/MyProject/UAE/data/arrangement_merged/chr_12/186193.2~A24.K_12L.png,/data5/chensx/MyProject/UAE/data/arrangement_merged/chr_12/186193.2~A24.K_12R.png,0,-0.2970768683694315,,0.0010895133018493,-0.0013024765889276448,chromosome
0,0.0008019804954528,186193,186193.2~A3.K_12,12,,normal,186193.2~A3.K_12L.png,186193.2~A3.K_12R.png,train,/data5/chensx/MyProject/UAE/data/arrangement_merged/chr_12/186193.2~A3.K_12L.png,/data5/chensx/MyProject/UAE/data/arrangement_merged/chr_12/186193.2~A3.K_12R.png,0,-0.6546417627403902,,0.0008019804954528,-1.4864622958017135,chromosome
0,0.0014669895172119,186193,186193.2~A37.K_12,12,,normal,186193.2~A37.K_12L.png,186193.2~A37.K_12R.png,train,/data5/chensx/MyProject/UAE/data/arrangement_merged/chr_12/186193.2~A37.K_12L.png,/data5/chensx/MyProject/UAE/data/arrangement_merged/chr_12/186193.2~A37.K_12R.png,0,0.172338238606373,,0.0014669895172119,1.9484315895543842,chromosome
0,0.0009953379631042,186193,186193.2~A4.K_12,12,,normal,186193.2~A4.K_12L.png,186193.2~A4.K_12R.png,train,/data5/chensx/MyProject/UAE/data/arrangement_merged/chr_12/186193.2~A4.K_12L.png,/data5/chensx/MyProject/UAE/data/arrangement_merged/chr_12/186193.2~A4.K_12R.png,0,-0.4141897483665532,,0.0009953379631042,-0.48773541903412815,chromosome
0,0.0009310245513916,186193,186193.2~A42.K_12,12,,normal,186193.2~A42.K_12L.png,186193.2~A42.K_12R.png,train,/data5/chensx/MyProject/UAE/data/arrangement_merged/chr_12/186193.2~A42.K_12L.png,/data5/chensx/MyProject/UAE/data/arrangement_merged/chr_12/186193.2~A42.K_12R.png,0,-0.4941674683139546,,0.0009310245513916,-0.8199260170708916,chromosome
0,0.0010870099067687,186193,186193.2~A44.K_12,12,,normal,186193.2~A44.K_12L.png,186193.2~A44.K_12R.png,train,/data5/chensx/MyProject/UAE/data/arrangement_merged/chr_12/186193.2~A44.K_12L.png,/data5/chensx/MyProject/UAE/data/arrangement_merged/chr_12/186193.2~A44.K_12R.png,0,-0.3001899955592285,,0.0010870099067687,-0.014232972527520323,chromosome
0,0.0011853575706481,186193,186193.2~A46.K_12,12,,normal,186193.2~A46.K_12L.png,186193.2~A46.K_12R.png,train,/data5/chensx/MyProject/UAE/data/arrangement_merged/chr_12/186193.2~A46.K_12L.png,/data5/chensx/MyProject/UAE/data/arrangement_merged/chr_12/186193.2~A46.K_12R.png,0,-0.1778885702457786,,0.0011853575706481,0.49375079648182846,chromosome
0,0.0012152194976806,186193,186193.2~A48.K_12,12,,normal,186193.2~A48.K_12L.png,186193.2~A48.K_12R.png,train,/data5/chensx/MyProject/UAE/data/arrangement_merged/chr_12/186193.2~A48.K_12L.png,/data5/chensx/MyProject/UAE/data/arrangement_merged/chr_12/186193.2~A48.K_12R.png,0,-0.1407534101960584,,0.0012152194976806,0.6479931408902655,chromosome
0,0.000935673713684,186193,186193.2~A5.K_12,12,,normal,186193.2~A5.K_12L.png,186193.2~A5.K_12R.png,train,/data5/chensx/MyProject/UAE/data/arrangement_merged/chr_12/186193.2~A5.K_12L.png,/data5/chensx/MyProject/UAE/data/arrangement_merged/chr_12/186193.2~A5.K_12R.png,0,-0.488385946390046,,0.000935673713684,-0.7959122388999581,chromosome
0,0.0010222196578979,186193,186193.2~A50.K_12,12,,normal,186193.2~A50.K_12L.png,186193.2~A50.K_12R.png,train,/data5/chensx/MyProject/UAE/data/arrangement_merged/chr_12/186193.2~A50.K_12L.png,/data5/chensx/MyProject/UAE/data/arrangement_merged/chr_12/186193.2~A50.K_12R.png,0,-0.3807606921142102,,0.0010222196578979,-0.34888652217158606,chromosome
0,0.0010867118835449,186193,186193.2~A7.K_12,12,,normal,186193.2~A7.K_12L.png,186193.2~A7.K_12R.png,train,/data5/chensx/MyProject/UAE/data/arrangement_merged/chr_12/186193.2~A7.K_12L.png,/data5/chensx/MyProject/UAE/data/arrangement_merged/chr_12/186193.2~A7.K_12R.png,0,-0.3005606059389661,,0.0010867118835449,-0.015772317281696414,chromosome
0,0.0010076761245727,186193,186193.3~A15.K_12,12,,normal,186193.3~A15.K_12L.png,186193.3~A15.K_12R.png,train,/data5/chensx/MyProject/UAE/data/arrangement_merged/chr_12/186193.3~A15.K_12L.png,/data5/chensx/MyProject/UAE/data/arrangement_merged/chr_12/186193.3~A15.K_12R.png,0,-0.3988464786454113,,0.0010076761245727,-0.42400654619480727,chromosome
0,0.0010492205619812,186193,186193.3~A6.K_12,12,,normal,186193.3~A6.K_12L.png,186193.3~A6.K_12R.png,train,/data5/chensx/MyProject/UAE/data/arrangement_merged/chr_12/186193.3~A6.K_12L.png,/data5/chensx/MyProject/UAE/data/arrangement_merged/chr_12/186193.3~A6.K_12R.png,0,-0.3471833917099722,,0.0010492205619812,-0.20942188740696027,chromosome
0,0.0011355280876159,Q242362,Q242362.11~A39.K_12,12,,normal,Q242362.11~A39.K_12L.png,Q242362.11~A39.K_12R.png,train,/data5/chensx/MyProject/UAE/data/arrangement_merged/chr_12/Q242362.11~A39.K_12L.png,/data5/chensx/MyProject/UAE/data/arrangement_merged/chr_12/Q242362.11~A39.K_12R.png,0,-0.2398396868215618,,0.0011355280876159,0.2363723535172437,chromosome
0,0.0013682842254638,Q242362,Q242362.12~A25.K_12,12,,normal,Q242362.12~A25.K_12L.png,Q242362.12~A25.K_12R.png,train,/data5/chensx/MyProject/UAE/data/arrangement_merged/chr_12/Q242362.12~A25.K_12L.png,/data5/chensx/MyProject/UAE/data/arrangement_merged/chr_12/Q242362.12~A25.K_12R.png,0,0.0658490807679038,,0.0013682842254638,1.4386006068393007,chromosome
0,0.0012638568878173,Q242362,Q242362.12~A30.K_12,12,,normal,Q242362.12~A30.K_12L.png,Q242362.12~A30.K_12R.png,train,/data5/chensx/MyProject/UAE/data/arrangement_merged/chr_12/Q242362.12~A30.K_12L.png,/data5/chensx/MyProject/UAE/data/arrangement_merged/chr_12/Q242362.12~A30.K_12R.png,0,-0.0712998874310062,,0.0012638568878173,0.8992142048365958,chromosome
0,0.0011838674545288,Q242362,Q242362.12~A6.K_12,12,,normal,Q242362.12~A6.K_12L.png,Q242362.12~A6.K_12R.png,train,/data5/chensx/MyProject/UAE/data/arrangement_merged/chr_12/Q242362.12~A6.K_12L.png,/data5/chensx/MyProject/UAE/data/arrangement_merged/chr_12/Q242362.12~A6.K_12R.png,0,-0.176353492067386,,0.0011838674545288,0.4860540727093979,chromosome
0,0.0011163353919982,Q242362,Q242362.13~A12.K_12,12,,normal,Q242362.13~A12.K_12L.png,Q242362.13~A12.K_12R.png,train,/data5/chensx/MyProject/UAE/data/arrangement_merged/chr_12/Q242362.13~A12.K_12L.png,/data5/chensx/MyProject/UAE/data/arrangement_merged/chr_12/Q242362.13~A12.K_12R.png,0,-0.2650462894243295,,0.0011163353919982,0.137238551322572,chromosome
0,0.0009276270866394,Q242362,Q242362.13~A3.K_12,12,,normal,Q242362.13~A3.K_12L.png,Q242362.13~A3.K_12R.png,train,/data5/chensx/MyProject/UAE/data/arrangement_merged/chr_12/Q242362.13~A3.K_12L.png,/data5/chensx/MyProject/UAE/data/arrangement_merged/chr_12/Q242362.13~A3.K_12R.png,0,-0.5128851212266979,,0.0009276270866394,-0.8374745472730464,chromosome
0,0.0014087557792663,Q242362,Q242362.13~A33.K_12,12,,normal,Q242362.13~A33.K_12L.png,Q242362.13~A33.K_12R.png,train,/data5/chensx/MyProject/UAE/data/arrangement_merged/chr_12/Q242362.13~A33.K_12L.png,/data5/chensx/MyProject/UAE/data/arrangement_merged/chr_12/Q242362.13~A33.K_12R.png,0,0.1190021340824358,,0.0014087557792663,1.6476436245104593,chromosome
0,0.0010122060775756,Q242362,Q242362.13~A6.K_12,12,,normal,Q242362.13~A6.K_12L.png,Q242362.13~A6.K_12R.png,train,/data5/chensx/MyProject/UAE/data/arrangement_merged/chr_12/Q242362.13~A6.K_12L.png,/data5/chensx/MyProject/UAE/data/arrangement_merged/chr_12/Q242362.13~A6.K_12R.png,0,-0.4018038507505259,,0.0010122060775756,-0.40060850592544045,chromosome
0,0.0015797615051269,Q242362,Q242362.14~A13.K_12,12,,normal,Q242362.14~A13.K_12L.png,Q242362.14~A13.K_12R.png,train,/data5/chensx/MyProject/UAE/data/arrangement_merged/chr_12/Q242362.14~A13.K_12L.png,/data5/chensx/MyProject/UAE/data/arrangement_merged/chr_12/Q242362.14~A13.K_12R.png,0,0.3435913976456053,,0.0015797615051269,2.5309196446848703,chromosome
0,0.0012961626052856,Q242362,Q242362.14~A25.K_12,12,,normal,Q242362.14~A25.K_12L.png,Q242362.14~A25.K_12R.png,train,/data5/chensx/MyProject/UAE/data/arrangement_merged/chr_12/Q242362.14~A25.K_12L.png,/data5/chensx/MyProject/UAE/data/arrangement_merged/chr_12/Q242362.14~A25.K_12R.png,0,-0.0288713824288319,,0.0012961626052856,1.066079176232583,chromosome
0,0.0010821819305419,Q242362,Q242362.14~A29.K_12,12,,normal,Q242362.14~A29.K_12L.png,Q242362.14~A29.K_12R.png,train,/data5/chensx/MyProject/UAE/data/arrangement_merged/chr_12/Q242362.14~A29.K_12L.png,/data5/chensx/MyProject/UAE/data/arrangement_merged/chr_12/Q242362.14~A29.K_12R.png,0,-0.3099015170373292,,0.0010821819305419,-0.03917035755157953,chromosome
0,0.0009260177612304,Q242362,Q242362.14~A36.K_12,12,,normal,Q242362.14~A36.K_12L.png,Q242362.14~A36.K_12R.png,train,/data5/chensx/MyProject/UAE/data/arrangement_merged/chr_12/Q242362.14~A36.K_12L.png,/data5/chensx/MyProject/UAE/data/arrangement_merged/chr_12/Q242362.14~A36.K_12R.png,0,-0.5149987183393523,,0.0009260177612304,-0.845787008948077,chromosome
0,0.0012588500976562,Q242362,Q242362.14~A48.K_12,12,,normal,Q242362.14~A48.K_12L.png,Q242362.14~A48.K_12R.png,train,/data5/chensx/MyProject/UAE/data/arrangement_merged/chr_12/Q242362.14~A48.K_12L.png,/data5/chensx/MyProject/UAE/data/arrangement_merged/chr_12/Q242362.14~A48.K_12R.png,0,-0.0778755228925977,,0.0012588500976562,0.8733532129599267,chromosome
0,0.0011945962905883,Q242362,Q242362.1~A28.K_12,12,,normal,Q242362.1~A28.K_12L.png,Q242362.1~A28.K_12R.png,train,/data5/chensx/MyProject/UAE/data/arrangement_merged/chr_12/Q242362.1~A28.K_12L.png,/data5/chensx/MyProject/UAE/data/arrangement_merged/chr_12/Q242362.1~A28.K_12R.png,0,-0.1622628446496897,,0.0011945962905883,0.5414704838736882,chromosome
0,0.0009782910346984,Q242362,Q242362.1~A32.K_12,12,,normal,Q242362.1~A32.K_12L.png,Q242362.1~A32.K_12R.png,train,/data5/chensx/MyProject/UAE/data/arrangement_merged/chr_12/Q242362.1~A32.K_12L.png,/data5/chensx/MyProject/UAE/data/arrangement_merged/chr_12/Q242362.1~A32.K_12R.png,0,-0.4463459528653545,,0.0009782910346984,-0.5757859389959409,chromosome
0,0.0013084411621093,Q242362,Q242362.1~A4.K_12,12,,normal,Q242362.1~A4.K_12L.png,Q242362.1~A4.K_12R.png,train,/data5/chensx/MyProject/UAE/data/arrangement_merged/chr_12/Q242362.1~A4.K_12L.png,/data5/chensx/MyProject/UAE/data/arrangement_merged/chr_12/Q242362.1~A4.K_12R.png,0,-0.012745419273024,,0.0013084411621093,1.1295001801208615,chromosome
0,0.0012891292572021,Q242362,Q242362.1~A9.K_12,12,,normal,Q242362.1~A9.K_12L.png,Q242362.1~A9.K_12R.png,train,/data5/chensx/MyProject/UAE/data/arrangement_merged/chr_12/Q242362.1~A9.K_12L.png,/data5/chensx/MyProject/UAE/data/arrangement_merged/chr_12/Q242362.1~A9.K_12R.png,0,-0.0381085846248772,,0.0012891292572021,1.0297506400246235,chromosome
0,0.0011268854141235,Q242362,Q242362.2~A14.K_12,12,,normal,Q242362.2~A14.K_12L.png,Q242362.2~A14.K_12R.png,train,/data5/chensx/MyProject/UAE/data/arrangement_merged/chr_12/Q242362.2~A14.K_12L.png,/data5/chensx/MyProject/UAE/data/arrangement_merged/chr_12/Q242362.2~A14.K_12R.png,0,-0.2511904861302615,,0.0011268854141235,0.19173135563476992,chromosome
0,0.0012444257736206,Q242362,Q242362.2~A2.K_12,12,,normal,Q242362.2~A2.K_12L.png,Q242362.2~A2.K_12R.png,train,/data5/chensx/MyProject/UAE/data/arrangement_merged/chr_12/Q242362.2~A2.K_12L.png,/data5/chensx/MyProject/UAE/data/arrangement_merged/chr_12/Q242362.2~A2.K_12R.png,0,-0.0968196155319449,,0.0012444257736206,0.7988489268387904,chromosome
0,0.0011819601058959,Q242362,Q242362.2~A7.K_12,12,,normal,Q242362.2~A7.K_12L.png,Q242362.2~A7.K_12R.png,train,/data5/chensx/MyProject/UAE/data/arrangement_merged/chr_12/Q242362.2~A7.K_12L.png,/data5/chensx/MyProject/UAE/data/arrangement_merged/chr_12/Q242362.2~A7.K_12R.png,0,-0.1788584960527542,,0.0011819601058959,0.4762022662796748,chromosome
0,0.0011534690856933,Q242362,Q242362.2~A9.K_12,12,,normal,Q242362.2~A9.K_12L.png,Q242362.2~A9.K_12R.png,train,/data5/chensx/MyProject/UAE/data/arrangement_merged/chr_12/Q242362.2~A9.K_12L.png,/data5/chensx/MyProject/UAE/data/arrangement_merged/chr_12/Q242362.2~A9.K_12R.png,0,-0.216276993084192,,0.0011534690856933,0.32904090774261846,chromosome
0,0.0011751651763916,Q242362,Q242362.3~A15.K_12,12,,normal,Q242362.3~A15.K_12L.png,Q242362.3~A15.K_12R.png,train,/data5/chensx/MyProject/UAE/data/arrangement_merged/chr_12/Q242362.3~A15.K_12L.png,/data5/chensx/MyProject/UAE/data/arrangement_merged/chr_12/Q242362.3~A15.K_12R.png,0,-0.1877825727506284,,0.0011751651763916,0.4411052058758828,chromosome
0,0.0010128021240234,Q242362,Q242362.4~A30.K_12,12,,normal,Q242362.4~A30.K_12L.png,Q242362.4~A30.K_12R.png,train,/data5/chensx/MyProject/UAE/data/arrangement_merged/chr_12/Q242362.4~A30.K_12L.png,/data5/chensx/MyProject/UAE/data/arrangement_merged/chr_12/Q242362.4~A30.K_12R.png,0,-0.4010210370050983,,0.0010128021240234,-0.3975298164160545,chromosome
0,0.0010230541229248,Q242362,Q242362.4~A42.K_12,12,,normal,Q242362.4~A42.K_12L.png,Q242362.4~A42.K_12R.png,train,/data5/chensx/MyProject/UAE/data/arrangement_merged/chr_12/Q242362.4~A42.K_12L.png,/data5/chensx/MyProject/UAE/data/arrangement_merged/chr_12/Q242362.4~A42.K_12R.png,0,-0.3875566405837441,,0.0010230541229248,-0.3445763568585501,chromosome
0,0.0018336176872253,Q242664,Q242664.11~A21.K_12,12,,normal,Q242664.11~A21.K_12L.png,Q242664.11~A21.K_12R.png,train,/data5/chensx/MyProject/UAE/data/arrangement_merged/chr_12/Q242664.11~A21.K_12L.png,/data5/chensx/MyProject/UAE/data/arrangement_merged/chr_12/Q242664.11~A21.K_12R.png,0,0.7656844087927924,,0.0018336176872253,3.8421335066308058,chromosome
0,0.0013037919998168,Q242664,Q242664.12~A1.K_12,12,,normal,Q242664.12~A1.K_12L.png,Q242664.12~A1.K_12R.png,train,/data5/chensx/MyProject/UAE/data/arrangement_merged/chr_12/Q242664.12~A1.K_12L.png,/data5/chensx/MyProject/UAE/data/arrangement_merged/chr_12/Q242664.12~A1.K_12R.png,0,0.048553149194217,,0.0013037919998168,1.105486401949411,chromosome
0,0.0011737346649169,Q242664,Q242664.12~A16.K_12,12,,normal,Q242664.12~A16.K_12L.png,Q242664.12~A16.K_12R.png,train,/data5/chensx/MyProject/UAE/data/arrangement_merged/chr_12/Q242664.12~A16.K_12L.png,/data5/chensx/MyProject/UAE/data/arrangement_merged/chr_12/Q242664.12~A16.K_12R.png,0,-0.1274824463107994,,0.0011737346649169,0.4337163510534609,chromosome
0,0.0008415579795837,Q242664,Q242664.12~A19.K_12,12,,normal,Q242664.12~A19.K_12L.png,Q242664.12~A19.K_12R.png,train,/data5/chensx/MyProject/UAE/data/arrangement_merged/chr_12/Q242664.12~A19.K_12L.png,/data5/chensx/MyProject/UAE/data/arrangement_merged/chr_12/Q242664.12~A19.K_12R.png,0,-0.5770912335470308,,0.0008415579795837,-1.2820373123941162,chromosome
0,0.0009471178054809,Q242664,Q242664.12~A22.K_12,12,,normal,Q242664.12~A22.K_12L.png,Q242664.12~A22.K_12R.png,train,/data5/chensx/MyProject/UAE/data/arrangement_merged/chr_12/Q242664.12~A22.K_12L.png,/data5/chensx/MyProject/UAE/data/arrangement_merged/chr_12/Q242664.12~A22.K_12R.png,0,-0.4342135801834267,,0.0009471178054809,-0.7368014003241986,chromosome
0,0.0010566711425781,Q242664,Q242664.12~A24.K_12,12,,normal,Q242664.12~A24.K_12L.png,Q242664.12~A24.K_12R.png,train,/data5/chensx/MyProject/UAE/data/arrangement_merged/chr_12/Q242664.12~A24.K_12L.png,/data5/chensx/MyProject/UAE/data/arrangement_merged/chr_12/Q242664.12~A24.K_12R.png,0,-0.2859306175169646,,0.0010566711425781,-0.170938268542741,chromosome
0,0.0008102059364318,Q242664,Q242664.12~A29.K_12,12,,normal,Q242664.12~A29.K_12L.png,Q242664.12~A29.K_12R.png,train,/data5/chensx/MyProject/UAE/data/arrangement_merged/chr_12/Q242664.12~A29.K_12L.png,/data5/chensx/MyProject/UAE/data/arrangement_merged/chr_12/Q242664.12~A29.K_12R.png,0,-0.6195269453873785,,0.0008102059364318,-1.4439763805754995,chromosome
0,0.0011406540870666,Q242664,Q242664.12~A34.K_12,12,,normal,Q242664.12~A34.K_12L.png,Q242664.12~A34.K_12R.png,train,/data5/chensx/MyProject/UAE/data/arrangement_merged/chr_12/Q242664.12~A34.K_12L.png,/data5/chensx/MyProject/UAE/data/arrangement_merged/chr_12/Q242664.12~A34.K_12R.png,0,-0.1722577696404439,,0.0011406540870666,0.26284908329599643,chromosome
0,0.0009551048278808,Q242664,Q242664.12~A37.K_12,12,,normal,Q242664.12~A37.K_12L.png,Q242664.12~A37.K_12R.png,train,/data5/chensx/MyProject/UAE/data/arrangement_merged/chr_12/Q242664.12~A37.K_12L.png,/data5/chensx/MyProject/UAE/data/arrangement_merged/chr_12/Q242664.12~A37.K_12R.png,0,-0.4234029615777107,,0.0009551048278808,-0.6955469609016358,chromosome
0,0.0011537671089172,Q242664,Q242664.12~A8.K_12,12,,normal,Q242664.12~A8.K_12L.png,Q242664.12~A8.K_12R.png,train,/data5/chensx/MyProject/UAE/data/arrangement_merged/chr_12/Q242664.12~A8.K_12L.png,/data5/chensx/MyProject/UAE/data/arrangement_merged/chr_12/Q242664.12~A8.K_12R.png,0,-0.1545089928250893,,0.0011537671089172,0.3305802524973109,chromosome
0,0.001150369644165,Q242664,Q242664.13~A20.K_12,12,,normal,Q242664.13~A20.K_12L.png,Q242664.13~A20.K_12R.png,train,/data5/chensx/MyProject/UAE/data/arrangement_merged/chr_12/Q242664.13~A20.K_12L.png,/data5/chensx/MyProject/UAE/data/arrangement_merged/chr_12/Q242664.13~A20.K_12R.png,0,-0.1591075395454312,,0.001150369644165,0.3130317222951573,chromosome
0,0.0014184713363647,Q242664,Q242664.13~A32.K_12,12,,normal,Q242664.13~A32.K_12L.png,Q242664.13~A32.K_12R.png,train,/data5/chensx/MyProject/UAE/data/arrangement_merged/chr_12/Q242664.13~A32.K_12L.png,/data5/chensx/MyProject/UAE/data/arrangement_merged/chr_12/Q242664.13~A32.K_12R.png,0,0.2037742700703177,,0.0014184713363647,1.6978262635096202,chromosome
0,0.0009981393814086,Q242664,Q242664.13~A33.K_12,12,,normal,Q242664.13~A33.K_12L.png,Q242664.13~A33.K_12R.png,train,/data5/chensx/MyProject/UAE/data/arrangement_merged/chr_12/Q242664.13~A33.K_12L.png,/data5/chensx/MyProject/UAE/data/arrangement_merged/chr_12/Q242664.13~A33.K_12R.png,0,-0.3651547031200472,,0.0009981393814086,-0.4732655783413594,chromosome
0,0.0014739036560058,Q242664,Q242664.13~A42.K_12,12,,normal,Q242664.13~A42.K_12L.png,Q242664.13~A42.K_12R.png,train,/data5/chensx/MyProject/UAE/data/arrangement_merged/chr_12/Q242664.13~A42.K_12L.png,/data5/chensx/MyProject/UAE/data/arrangement_merged/chr_12/Q242664.13~A42.K_12R.png,0,0.2788031902443165,,0.0014739036560058,1.98414438786026,chromosome
0,0.0010332465171813,Q242664,Q242664.13~A50.K_12,12,,normal,Q242664.13~A50.K_12L.png,Q242664.13~A50.K_12R.png,train,/data5/chensx/MyProject/UAE/data/arrangement_merged/chr_12/Q242664.13~A50.K_12L.png,/data5/chensx/MyProject/UAE/data/arrangement_merged/chr_12/Q242664.13~A50.K_12R.png,0,-0.317636387009848,,0.0010332465171813,-0.2919307662526034,chromosome
0,0.0008957386016845,Q242664,Q242664.14~A47.K_12,12,,normal,Q242664.14~A47.K_12L.png,Q242664.14~A47.K_12R.png,train,/data5/chensx/MyProject/UAE/data/arrangement_merged/chr_12/Q242664.14~A47.K_12L.png,/data5/chensx/MyProject/UAE/data/arrangement_merged/chr_12/Q242664.14~A47.K_12R.png,0,-0.5037565147963159,,0.0008957386016845,-1.0021844360127732,chromosome
0,0.001284897327423,Q242664,Q242664.1~A14.K_12,12,,normal,Q242664.1~A14.K_12L.png,Q242664.1~A14.K_12R.png,train,/data5/chensx/MyProject/UAE/data/arrangement_merged/chr_12/Q242664.1~A14.K_12L.png,/data5/chensx/MyProject/UAE/data/arrangement_merged/chr_12/Q242664.1~A14.K_12R.png,0,0.0229787753284561,,0.001284897327423,1.0078919445094328,chromosome
0,0.0009716749191284,Q242664,Q242664.2~A1.K_12,12,,normal,Q242664.2~A1.K_12L.png,Q242664.2~A1.K_12R.png,train,/data5/chensx/MyProject/UAE/data/arrangement_merged/chr_12/Q242664.2~A1.K_12L.png,/data5/chensx/MyProject/UAE/data/arrangement_merged/chr_12/Q242664.2~A1.K_12R.png,0,-0.4009749617837627,,0.0009716749191284,-0.6099593925471242,chromosome
0,0.001067578792572,Q242664,Q242664.2~A10.K_12,12,,normal,Q242664.2~A10.K_12L.png,Q242664.2~A10.K_12R.png,train,/data5/chensx/MyProject/UAE/data/arrangement_merged/chr_12/Q242664.2~A10.K_12L.png,/data5/chensx/MyProject/UAE/data/arrangement_merged/chr_12/Q242664.2~A10.K_12R.png,0,-0.2711668622569197,,0.001067578792572,-0.11459825052532567,chromosome
0,0.0009863376617431,Q242664,Q242664.2~A30.K_12,12,,normal,Q242664.2~A30.K_12L.png,Q242664.2~A30.K_12R.png,train,/data5/chensx/MyProject/UAE/data/arrangement_merged/chr_12/Q242664.2~A30.K_12L.png,/data5/chensx/MyProject/UAE/data/arrangement_merged/chr_12/Q242664.2~A30.K_12R.png,0,-0.3811286022538663,,0.0009863376617431,-0.5342236306223357,chromosome
0,0.0014048814773559,Q242664,Q242664.2~A32.K_12,12,,normal,Q242664.2~A32.K_12L.png,Q242664.2~A32.K_12R.png,train,/data5/chensx/MyProject/UAE/data/arrangement_merged/chr_12/Q242664.2~A32.K_12L.png,/data5/chensx/MyProject/UAE/data/arrangement_merged/chr_12/Q242664.2~A32.K_12R.png,0,0.1853800831889502,,0.0014048814773559,1.6276321427010036,chromosome
0,0.0009731650352478,Q242664,Q242664.2~A6.K_12,12,,normal,Q242664.2~A6.K_12L.png,Q242664.2~A6.K_12R.png,train,/data5/chensx/MyProject/UAE/data/arrangement_merged/chr_12/Q242664.2~A6.K_12L.png,/data5/chensx/MyProject/UAE/data/arrangement_merged/chr_12/Q242664.2~A6.K_12R.png,0,-0.3989580553274724,,0.0009731650352478,-0.6022626687741768,chromosome
0,0.0009865760803222,Q242664,Q242664.3~A19.K_12,12,,normal,Q242664.3~A19.K_12L.png,Q242664.3~A19.K_12R.png,train,/data5/chensx/MyProject/UAE/data/arrangement_merged/chr_12/Q242664.3~A19.K_12L.png,/data5/chensx/MyProject/UAE/data/arrangement_merged/chr_12/Q242664.3~A19.K_12R.png,0,-0.3808058972208598,,0.0009865760803222,-0.5329921548186857,chromosome
0,0.000937283039093,Q242664,Q242664.3~A29.K_12,12,,normal,Q242664.3~A29.K_12L.png,Q242664.3~A29.K_12R.png,train,/data5/chensx/MyProject/UAE/data/arrangement_merged/chr_12/Q242664.3~A29.K_12L.png,/data5/chensx/MyProject/UAE/data/arrangement_merged/chr_12/Q242664.3~A29.K_12R.png,0,-0.4475251627949426,,0.000937283039093,-0.7875997772249269,chromosome
0,0.0011724829673767,Q242664,Q242664.3~A44.K_12,12,,normal,Q242664.3~A44.K_12L.png,Q242664.3~A44.K_12R.png,train,/data5/chensx/MyProject/UAE/data/arrangement_merged/chr_12/Q242664.3~A44.K_12L.png,/data5/chensx/MyProject/UAE/data/arrangement_merged/chr_12/Q242664.3~A44.K_12R.png,0,-0.1291766477340833,,0.0011724829673767,0.42725110308468145,chromosome
0,0.0011774897575378,Q242664,Q242664.3~A48.K_12,12,,normal,Q242664.3~A48.K_12L.png,Q242664.3~A48.K_12R.png,train,/data5/chensx/MyProject/UAE/data/arrangement_merged/chr_12/Q242664.3~A48.K_12L.png,/data5/chensx/MyProject/UAE/data/arrangement_merged/chr_12/Q242664.3~A48.K_12R.png,0,-0.1223998420409479,,0.0011774897575378,0.45311209496134935,chromosome
0,0.001220166683197,Q242664,Q242664.4~A14.K_12,12,,normal,Q242664.4~A14.K_12L.png,Q242664.4~A14.K_12R.png,train,/data5/chensx/MyProject/UAE/data/arrangement_merged/chr_12/Q242664.4~A14.K_12L.png,/data5/chensx/MyProject/UAE/data/arrangement_merged/chr_12/Q242664.4~A14.K_12R.png,0,-0.064635641132794,,0.001220166683197,0.6735462638164084,chromosome
0,0.0010753273963928,Q242664,Q242664.4~A34.K_12,12,,normal,Q242664.4~A34.K_12L.png,Q242664.4~A34.K_12R.png,train,/data5/chensx/MyProject/UAE/data/arrangement_merged/chr_12/Q242664.4~A34.K_12L.png,/data5/chensx/MyProject/UAE/data/arrangement_merged/chr_12/Q242664.4~A34.K_12R.png,0,-0.2606789486842102,,0.0010753273963928,-0.07457528690641398,chromosome
0,0.0008889436721801,Q242664,Q242664.4~A41.K_12,12,,normal,Q242664.4~A41.K_12L.png,Q242664.4~A41.K_12R.png,train,/data5/chensx/MyProject/UAE/data/arrangement_merged/chr_12/Q242664.4~A41.K_12L.png,/data5/chensx/MyProject/UAE/data/arrangement_merged/chr_12/Q242664.4~A41.K_12R.png,0,-0.5129536082369996,,0.0008889436721801,-1.0372814964170816,chromosome
0,0.0010840892791748,Q242664,Q242664.4~A49.K_12,12,,normal,Q242664.4~A49.K_12L.png,Q242664.4~A49.K_12R.png,train,/data5/chensx/MyProject/UAE/data/arrangement_merged/chr_12/Q242664.4~A49.K_12L.png,/data5/chensx/MyProject/UAE/data/arrangement_merged/chr_12/Q242664.4~A49.K_12R.png,0,-0.2488195387212232,,0.0010840892791748,-0.02931855112185649,chromosome
0,0.0011602640151977,Q250230,Q250230.11~A30.K_12,12,,normal,Q250230.11~A30.K_12L.png,Q250230.11~A30.K_12R.png,train,/data5/chensx/MyProject/UAE/data/arrangement_merged/chr_12/Q250230.11~A30.K_12L.png,/data5/chensx/MyProject/UAE/data/arrangement_merged/chr_12/Q250230.11~A30.K_12R.png,0,-0.2085228467288059,,0.0011602640151977,0.36413796814692684,chromosome
0,0.0008348226547241,Q250230,Q250230.12~A40.K_12,12,,normal,Q250230.12~A40.K_12L.png,Q250230.12~A40.K_12R.png,train,/data5/chensx/MyProject/UAE/data/arrangement_merged/chr_12/Q250230.12~A40.K_12L.png,/data5/chensx/MyProject/UAE/data/arrangement_merged/chr_12/Q250230.12~A40.K_12R.png,0,-0.6157580435919889,,0.0008348226547241,-1.3168265038473832,chromosome
0,0.0010972023010253,Q250230,Q250230.13~A45.K_12,12,,normal,Q250230.13~A45.K_12L.png,Q250230.13~A45.K_12R.png,train,/data5/chensx/MyProject/UAE/data/arrangement_merged/chr_12/Q250230.13~A45.K_12L.png,/data5/chensx/MyProject/UAE/data/arrangement_merged/chr_12/Q250230.13~A45.K_12R.png,0,-0.287433989271159,,0.0010972023010253,0.03841261807894276,chromosome
0,0.0014122724533081,Q250230,Q250230.14~A21.K_12,12,,normal,Q250230.14~A21.K_12L.png,Q250230.14~A21.K_12R.png,train,/data5/chensx/MyProject/UAE/data/arrangement_merged/chr_12/Q250230.14~A21.K_12L.png,/data5/chensx/MyProject/UAE/data/arrangement_merged/chr_12/Q250230.14~A21.K_12R.png,0,0.1068233826370433,,0.0014122724533081,1.665807892614698,chromosome
0,0.0012969970703125,Q250230,Q250230.14~A43.K_12,12,,normal,Q250230.14~A43.K_12L.png,Q250230.14~A43.K_12R.png,train,/data5/chensx/MyProject/UAE/data/arrangement_merged/chr_12/Q250230.14~A43.K_12L.png,/data5/chensx/MyProject/UAE/data/arrangement_merged/chr_12/Q250230.14~A43.K_12R.png,0,-0.0374243958855565,,0.0012969970703125,1.070389341545619,chromosome
0,0.0009240508079528,Q250230,Q250230.15~A8.K_12,12,,normal,Q250230.15~A8.K_12L.png,Q250230.15~A8.K_12R.png,train,/data5/chensx/MyProject/UAE/data/arrangement_merged/chr_12/Q250230.15~A8.K_12L.png,/data5/chensx/MyProject/UAE/data/arrangement_merged/chr_12/Q250230.15~A8.K_12R.png,0,-0.5041039978586217,,0.0009240508079528,-0.8559466843283262,chromosome
0,0.0009255409240722,Q250230,Q250230.1~A20.K_12,12,,normal,Q250230.1~A20.K_12L.png,Q250230.1~A20.K_12R.png,train,/data5/chensx/MyProject/UAE/data/arrangement_merged/chr_12/Q250230.1~A20.K_12L.png,/data5/chensx/MyProject/UAE/data/arrangement_merged/chr_12/Q250230.1~A20.K_12R.png,0,-0.5022393678363544,,0.0009255409240722,-0.8482499605553787,chromosome
0,0.0011169910430908,Q250230,Q250230.2~A24.K_12,12,,normal,Q250230.2~A24.K_12L.png,Q250230.2~A24.K_12R.png,train,/data5/chensx/MyProject/UAE/data/arrangement_merged/chr_12/Q250230.2~A24.K_12L.png,/data5/chensx/MyProject/UAE/data/arrangement_merged/chr_12/Q250230.2~A24.K_12R.png,0,-0.262671702575449,,0.0011169910430908,0.14062510978299927,chromosome
0,0.0012259483337402,Q250230,Q250230.2~A27.K_12,12,,normal,Q250230.2~A27.K_12L.png,Q250230.2~A27.K_12R.png,train,/data5/chensx/MyProject/UAE/data/arrangement_merged/chr_12/Q250230.2~A27.K_12L.png,/data5/chensx/MyProject/UAE/data/arrangement_merged/chr_12/Q250230.2~A27.K_12R.png,0,-0.1263299553472624,,0.0012259483337402,0.7034095520550709,chromosome
0,0.0010514259338378,Q250230,Q250230.2~A38.K_12,12,,normal,Q250230.2~A38.K_12L.png,Q250230.2~A38.K_12R.png,train,/data5/chensx/MyProject/UAE/data/arrangement_merged/chr_12/Q250230.2~A38.K_12L.png,/data5/chensx/MyProject/UAE/data/arrangement_merged/chr_12/Q250230.2~A38.K_12R.png,0,-0.3447154235552111,,0.0010514259338378,-0.19803073622357747,chromosome
0,0.0010167360305786,Q250230,Q250230.4~A35.K_12,12,,normal,Q250230.4~A35.K_12L.png,Q250230.4~A35.K_12R.png,train,/data5/chensx/MyProject/UAE/data/arrangement_merged/chr_12/Q250230.4~A35.K_12L.png,/data5/chensx/MyProject/UAE/data/arrangement_merged/chr_12/Q250230.4~A35.K_12R.png,0,-0.3881240104735943,,0.0010167360305786,-0.3772104656555562,chromosome
0,0.0012359023094177,Q250230,Q250230.5~A21.K_12,12,,normal,Q250230.5~A21.K_12L.png,Q250230.5~A21.K_12R.png,train,/data5/chensx/MyProject/UAE/data/arrangement_merged/chr_12/Q250230.5~A21.K_12L.png,/data5/chensx/MyProject/UAE/data/arrangement_merged/chr_12/Q250230.5~A21.K_12R.png,0,-0.1138742267985167,,0.0012359023094177,0.754823666857884,chromosome
0,0.0010619163513183,Q250230,Q250230.5~A42.K_12,12,,normal,Q250230.5~A42.K_12L.png,Q250230.5~A42.K_12R.png,train,/data5/chensx/MyProject/UAE/data/arrangement_merged/chr_12/Q250230.5~A42.K_12L.png,/data5/chensx/MyProject/UAE/data/arrangement_merged/chr_12/Q250230.5~A42.K_12R.png,0,-0.3315884281984491,,0.0010619163513183,-0.14384580086242196,chromosome
0,0.0011423826217651,Q250230,Q250230.5~A46.K_12,12,,normal,Q250230.5~A46.K_12L.png,Q250230.5~A46.K_12R.png,train,/data5/chensx/MyProject/UAE/data/arrangement_merged/chr_12/Q250230.5~A46.K_12L.png,/data5/chensx/MyProject/UAE/data/arrangement_merged/chr_12/Q250230.5~A46.K_12R.png,0,-0.2308984069960138,,0.0011423826217651,0.27177728287259445,chromosome
0,0.0010691881179809,Q250230,Q250230.5~A5.K_12,12,,normal,Q250230.5~A5.K_12L.png,Q250230.5~A5.K_12R.png,train,/data5/chensx/MyProject/UAE/data/arrangement_merged/chr_12/Q250230.5~A5.K_12L.png,/data5/chensx/MyProject/UAE/data/arrangement_merged/chr_12/Q250230.5~A5.K_12R.png,0,-0.3224890336897846,,0.0010691881179809,-0.10628578885081139,chromosome
0,0.0008213520050048,Q250230,Q250230.5~A6.K_12,12,,normal,Q250230.5~A6.K_12L.png,Q250230.5~A6.K_12R.png,train,/data5/chensx/MyProject/UAE/data/arrangement_merged/chr_12/Q250230.5~A6.K_12L.png,/data5/chensx/MyProject/UAE/data/arrangement_merged/chr_12/Q250230.5~A6.K_12R.png,0,-0.6326142989932855,,0.0008213520050048,-1.386404886754433,chromosome
0,0.0011525750160217,Q251136,Q251136.12~A20.K_12,12,,normal,Q251136.12~A20.K_12L.png,Q251136.12~A20.K_12R.png,train,/data5/chensx/MyProject/UAE/data/arrangement_merged/chr_12/Q251136.12~A20.K_12L.png,/data5/chensx/MyProject/UAE/data/arrangement_merged/chr_12/Q251136.12~A20.K_12R.png,0,-0.1773664211727724,,0.0011525750160217,0.3244228734790564,chromosome
0,0.0011550784111022,Q251136,Q251136.12~A23.K_12,12,,normal,Q251136.12~A23.K_12L.png,Q251136.12~A23.K_12R.png,train,/data5/chensx/MyProject/UAE/data/arrangement_merged/chr_12/Q251136.12~A23.K_12L.png,/data5/chensx/MyProject/UAE/data/arrangement_merged/chr_12/Q251136.12~A23.K_12R.png,0,-0.1749031032718425,,0.0011550784111022,0.3373533694171328,chromosome
0,0.0013288259506225,Q251136,Q251136.14~A16.K_12,12,,normal,Q251136.14~A16.K_12L.png,Q251136.14~A16.K_12R.png,train,/data5/chensx/MyProject/UAE/data/arrangement_merged/chr_12/Q251136.14~A16.K_12L.png,/data5/chensx/MyProject/UAE/data/arrangement_merged/chr_12/Q251136.14~A16.K_12R.png,0,-0.0039371108620648,,0.0013288259506225,1.2347913613337878,chromosome
0,0.0012167692184448,Q251136,Q251136.14~A17.K_12,12,,normal,Q251136.14~A17.K_12L.png,Q251136.14~A17.K_12R.png,train,/data5/chensx/MyProject/UAE/data/arrangement_merged/chr_12/Q251136.14~A17.K_12L.png,/data5/chensx/MyProject/UAE/data/arrangement_merged/chr_12/Q251136.14~A17.K_12R.png,0,-0.1141999121417842,,0.0012167692184448,0.6559977336142536,chromosome
0,0.0012142658233642,Q251136,Q251136.14~A18.K_12,12,,normal,Q251136.14~A18.K_12L.png,Q251136.14~A18.K_12R.png,train,/data5/chensx/MyProject/UAE/data/arrangement_merged/chr_12/Q251136.14~A18.K_12L.png,/data5/chensx/MyProject/UAE/data/arrangement_merged/chr_12/Q251136.14~A18.K_12R.png,0,-0.1166632300427141,,0.0012142658233642,0.643067237675661,chromosome
0,0.000987946987152,Q251136,Q251136.14~A2.K_12,12,,normal,Q251136.14~A2.K_12L.png,Q251136.14~A2.K_12R.png,train,/data5/chensx/MyProject/UAE/data/arrangement_merged/chr_12/Q251136.14~A2.K_12L.png,/data5/chensx/MyProject/UAE/data/arrangement_merged/chr_12/Q251136.14~A2.K_12R.png,0,-0.3393588983720197,,0.000987946987152,-0.5259111689478213,chromosome
0,0.0010545253753662,Q251136,Q251136.14~A31.K_12,12,,normal,Q251136.14~A31.K_12L.png,Q251136.14~A31.K_12R.png,train,/data5/chensx/MyProject/UAE/data/arrangement_merged/chr_12/Q251136.14~A31.K_12L.png,/data5/chensx/MyProject/UAE/data/arrangement_merged/chr_12/Q251136.14~A31.K_12R.png,0,-0.2738463722925269,,0.0010545253753662,-0.1820215507755988,chromosome
0,0.0009840726852416,Q251136,Q251136.14~A39.K_12,12,,normal,Q251136.14~A39.K_12L.png,Q251136.14~A39.K_12R.png,train,/data5/chensx/MyProject/UAE/data/arrangement_merged/chr_12/Q251136.14~A39.K_12L.png,/data5/chensx/MyProject/UAE/data/arrangement_merged/chr_12/Q251136.14~A39.K_12R.png,0,-0.3431711760758398,,0.0009840726852416,-0.5459226507572783,chromosome
0,0.0013962984085083,Q251136,Q251136.1~A12.K_12,12,,normal,Q251136.1~A12.K_12L.png,Q251136.1~A12.K_12R.png,train,/data5/chensx/MyProject/UAE/data/arrangement_merged/chr_12/Q251136.1~A12.K_12L.png,/data5/chensx/MyProject/UAE/data/arrangement_merged/chr_12/Q251136.1~A12.K_12R.png,0,0.0624551716106172,,0.0013962984085083,1.583299013769571,chromosome
0,0.0008992552757263,Q251136,Q251136.1~A38.K_12,12,,normal,Q251136.1~A38.K_12L.png,Q251136.1~A38.K_12R.png,train,/data5/chensx/MyProject/UAE/data/arrangement_merged/chr_12/Q251136.1~A38.K_12L.png,/data5/chensx/MyProject/UAE/data/arrangement_merged/chr_12/Q251136.1~A38.K_12R.png,0,-0.4266307325763934,,0.0008992552757263,-0.9840201679085349,chromosome
0,0.0009356141090393,Q251136,Q251136.2~A15.K_12,12,,normal,Q251136.2~A15.K_12L.png,Q251136.2~A15.K_12R.png,train,/data5/chensx/MyProject/UAE/data/arrangement_merged/chr_12/Q251136.2~A15.K_12L.png,/data5/chensx/MyProject/UAE/data/arrangement_merged/chr_12/Q251136.2~A15.K_12R.png,0,-0.3908539725866972,,0.0009356141090393,-0.796220107850483,chromosome
0,0.0011519193649291,Q251136,Q251136.2~A2.K_12,12,,normal,Q251136.2~A2.K_12L.png,Q251136.2~A2.K_12R.png,train,/data5/chensx/MyProject/UAE/data/arrangement_merged/chr_12/Q251136.2~A2.K_12L.png,/data5/chensx/MyProject/UAE/data/arrangement_merged/chr_12/Q251136.2~A2.K_12R.png,0,-0.1780115758611112,,0.0011519193649291,0.32103631501862917,chromosome
0,0.0011603832244873,Q251136,Q251136.2~A20.K_12,12,,normal,Q251136.2~A20.K_12L.png,Q251136.2~A20.K_12R.png,train,/data5/chensx/MyProject/UAE/data/arrangement_merged/chr_12/Q251136.2~A20.K_12L.png,/data5/chensx/MyProject/UAE/data/arrangement_merged/chr_12/Q251136.2~A20.K_12R.png,0,-0.1696832153389196,,0.0011603832244873,0.36475370604901053,chromosome
0,0.0009781122207641,Q251136,Q251136.2~A25.K_12,12,,normal,Q251136.2~A25.K_12L.png,Q251136.2~A25.K_12R.png,train,/data5/chensx/MyProject/UAE/data/arrangement_merged/chr_12/Q251136.2~A25.K_12L.png,/data5/chensx/MyProject/UAE/data/arrangement_merged/chr_12/Q251136.2~A25.K_12R.png,0,-0.3490362186971015,,0.0009781122207641,-0.5767095458485496,chromosome
0,0.0010186433792114,Q251136,Q251136.2~A36.K_12,12,,normal,Q251136.2~A36.K_12L.png,Q251136.2~A36.K_12R.png,train,/data5/chensx/MyProject/UAE/data/arrangement_merged/chr_12/Q251136.2~A36.K_12L.png,/data5/chensx/MyProject/UAE/data/arrangement_merged/chr_12/Q251136.2~A36.K_12R.png,0,-0.3091539288725221,,0.0010186433792114,-0.3673586592263495,chromosome
0,0.0009427070617675,Q251136,Q251136.2~A5.K_12,12,,normal,Q251136.2~A5.K_12L.png,Q251136.2~A5.K_12R.png,train,/data5/chensx/MyProject/UAE/data/arrangement_merged/chr_12/Q251136.2~A5.K_12L.png,/data5/chensx/MyProject/UAE/data/arrangement_merged/chr_12/Q251136.2~A5.K_12R.png,0,-0.3838745718673958,,0.0009427070617675,-0.7595837026919986,chromosome
0,0.00093674659729,Q251136,Q251136.2~A7.K_12,12,,normal,Q251136.2~A7.K_12L.png,Q251136.2~A7.K_12R.png,train,/data5/chensx/MyProject/UAE/data/arrangement_merged/chr_12/Q251136.2~A7.K_12L.png,/data5/chensx/MyProject/UAE/data/arrangement_merged/chr_12/Q251136.2~A7.K_12R.png,0,-0.3897396144886575,,0.00093674659729,-0.7903705977832705,chromosome
0,0.0012067556381225,Q251136,Q251136.3~A16.K_12,12,,normal,Q251136.3~A16.K_12L.png,Q251136.3~A16.K_12R.png,train,/data5/chensx/MyProject/UAE/data/arrangement_merged/chr_12/Q251136.3~A16.K_12L.png,/data5/chensx/MyProject/UAE/data/arrangement_merged/chr_12/Q251136.3~A16.K_12R.png,0,-0.1240531837455038,,0.0012067556381225,0.6042757498604004,chromosome
0,0.0012872219085693,Q251136,Q251136.3~A21.K_12,12,,normal,Q251136.3~A21.K_12L.png,Q251136.3~A21.K_12R.png,train,/data5/chensx/MyProject/UAE/data/arrangement_merged/chr_12/Q251136.3~A21.K_12L.png,/data5/chensx/MyProject/UAE/data/arrangement_merged/chr_12/Q251136.3~A21.K_12R.png,0,-0.0448751083584713,,0.0012872219085693,1.0198988335954158,chromosome
0,0.0015379190444946,Q251136,Q251136.3~A23.K_12,12,,normal,Q251136.3~A23.K_12L.png,Q251136.3~A23.K_12R.png,train,/data5/chensx/MyProject/UAE/data/arrangement_merged/chr_12/Q251136.3~A23.K_12L.png,/data5/chensx/MyProject/UAE/data/arrangement_merged/chr_12/Q251136.3~A23.K_12R.png,0,0.2018085842917945,,0.0015379190444946,2.3147956411428487,chromosome
0,0.0009288787841796,Q251136,Q251136.3~A26.K_12,12,,normal,Q251136.3~A26.K_12L.png,Q251136.3~A26.K_12R.png,train,/data5/chensx/MyProject/UAE/data/arrangement_merged/chr_12/Q251136.3~A26.K_12L.png,/data5/chensx/MyProject/UAE/data/arrangement_merged/chr_12/Q251136.3~A26.K_12R.png,0,-0.3974814707487228,,0.0009288787841796,-0.8310092993042664,chromosome
0,0.0010406374931335,Q251136,Q251136.3~A32.K_12,12,,normal,Q251136.3~A32.K_12L.png,Q251136.3~A32.K_12R.png,train,/data5/chensx/MyProject/UAE/data/arrangement_merged/chr_12/Q251136.3~A32.K_12L.png,/data5/chensx/MyProject/UAE/data/arrangement_merged/chr_12/Q251136.3~A32.K_12R.png,0,-0.2875119216000666,,0.0010406374931335,-0.25375501633890907,chromosome
0,0.0012120008468627,Q251136,Q251136.3~A36.K_12,12,,normal,Q251136.3~A36.K_12L.png,Q251136.3~A36.K_12R.png,train,/data5/chensx/MyProject/UAE/data/arrangement_merged/chr_12/Q251136.3~A36.K_12L.png,/data5/chensx/MyProject/UAE/data/arrangement_merged/chr_12/Q251136.3~A36.K_12R.png,0,-0.1188919462387935,,0.0012120008468627,0.6313682175407194,chromosome
0,0.0013842582702636,Q251136,Q251136.3~A40.K_12,12,,normal,Q251136.3~A40.K_12L.png,Q251136.3~A40.K_12R.png,train,/data5/chensx/MyProject/UAE/data/arrangement_merged/chr_12/Q251136.3~A40.K_12L.png,/data5/chensx/MyProject/UAE/data/arrangement_merged/chr_12/Q251136.3~A40.K_12R.png,0,0.0506077855156686,,0.0013842582702636,1.5211094856844274,chromosome
0,0.0011748671531677,Q251136,Q251136.3~A41.K_12,12,,normal,Q251136.3~A41.K_12L.png,Q251136.3~A41.K_12R.png,train,/data5/chensx/MyProject/UAE/data/arrangement_merged/chr_12/Q251136.3~A41.K_12L.png,/data5/chensx/MyProject/UAE/data/arrangement_merged/chr_12/Q251136.3~A41.K_12R.png,0,-0.1554311617692537,,0.0011748671531677,0.4395658611211904,chromosome
0,0.0008282661437988,Q251136,Q251136.4~A12.K_12,12,,normal,Q251136.4~A12.K_12L.png,Q251136.4~A12.K_12R.png,train,/data5/chensx/MyProject/UAE/data/arrangement_merged/chr_12/Q251136.4~A12.K_12L.png,/data5/chensx/MyProject/UAE/data/arrangement_merged/chr_12/Q251136.4~A12.K_12R.png,0,-0.4964833901956199,,0.0008282661437988,-1.3506920884480405,chromosome
0,0.0012024641036987,Q251136,Q251136.4~A13.K_12,12,,normal,Q251136.4~A13.K_12L.png,Q251136.4~A13.K_12R.png,train,/data5/chensx/MyProject/UAE/data/arrangement_merged/chr_12/Q251136.4~A13.K_12L.png,/data5/chensx/MyProject/UAE/data/arrangement_merged/chr_12/Q251136.4~A13.K_12R.png,0,-0.1282760144328122,,0.0012024641036987,0.5821091853946836,chromosome
0,0.0007433891296386,Q251136,Q251136.4~A15.K_12,12,,normal,Q251136.4~A15.K_12L.png,Q251136.4~A15.K_12R.png,train,/data5/chensx/MyProject/UAE/data/arrangement_merged/chr_12/Q251136.4~A15.K_12L.png,/data5/chensx/MyProject/UAE/data/arrangement_merged/chr_12/Q251136.4~A15.K_12R.png,0,-0.5800015971223861,,0.0007433891296386,-1.7890974745508563,chromosome
0,0.0010052919387817,Q251136,Q251136.4~A16.K_12,12,,normal,Q251136.4~A16.K_12L.png,Q251136.4~A16.K_12R.png,train,/data5/chensx/MyProject/UAE/data/arrangement_merged/chr_12/Q251136.4~A16.K_12L.png,/data5/chensx/MyProject/UAE/data/arrangement_merged/chr_12/Q251136.4~A16.K_12R.png,0,-0.3222916243441482,,0.0010052919387817,-0.4363213042313162,chromosome
0,0.0011541843414306,Q251136,Q251136.4~A19.K_12,12,,normal,Q251136.4~A19.K_12L.png,Q251136.4~A19.K_12R.png,train,/data5/chensx/MyProject/UAE/data/arrangement_merged/chr_12/Q251136.4~A19.K_12L.png,/data5/chensx/MyProject/UAE/data/arrangement_merged/chr_12/Q251136.4~A19.K_12R.png,0,-0.1757828596650317,,0.0011541843414306,0.33273533515357184,chromosome
0,0.0009989738464355,Q251136,Q251136.4~A2.K_12,12,,normal,Q251136.4~A2.K_12L.png,Q251136.4~A2.K_12R.png,train,/data5/chensx/MyProject/UAE/data/arrangement_merged/chr_12/Q251136.4~A2.K_12L.png,/data5/chensx/MyProject/UAE/data/arrangement_merged/chr_12/Q251136.4~A2.K_12R.png,0,-0.3285085695226856,,0.0009989738464355,-0.4689554130283223,chromosome
0,0.0010674595832824,Q251136,Q251136.4~A36.K_12,12,,normal,Q251136.4~A36.K_12L.png,Q251136.4~A36.K_12R.png,train,/data5/chensx/MyProject/UAE/data/arrangement_merged/chr_12/Q251136.4~A36.K_12L.png,/data5/chensx/MyProject/UAE/data/arrangement_merged/chr_12/Q251136.4~A36.K_12R.png,0,-0.261119229804389,,0.0010674595832824,-0.1152139884274094,chromosome
0,0.0011675953865051,Q251136,Q251136.4~A5.K_12,12,,normal,Q251136.4~A5.K_12L.png,Q251136.4~A5.K_12R.png,train,/data5/chensx/MyProject/UAE/data/arrangement_merged/chr_12/Q251136.4~A5.K_12L.png,/data5/chensx/MyProject/UAE/data/arrangement_merged/chr_12/Q251136.4~A5.K_12R.png,0,-0.162586513767193,,0.0011675953865051,0.4020058491095798,chromosome
0,0.0007673501968383,165070,165070.11~A20.K_13,13,,normal,165070.11~A20.K_13L.png,165070.11~A20.K_13R.png,train,/data5/chensx/MyProject/UAE/data/arrangement_merged/chr_13/165070.11~A20.K_13L.png,/data5/chensx/MyProject/UAE/data/arrangement_merged/chr_13/165070.11~A20.K_13R.png,0,-0.700492746387177,,0.0007673501968383,-0.289220023476415,chromosome
0,0.0007284879684448,165070,165070.11~A21.K_13,13,,normal,165070.11~A21.K_13L.png,165070.11~A21.K_13R.png,train,/data5/chensx/MyProject/UAE/data/arrangement_merged/chr_13/165070.11~A21.K_13L.png,/data5/chensx/MyProject/UAE/data/arrangement_merged/chr_13/165070.11~A21.K_13R.png,0,-0.7552408676877761,,0.0007284879684448,-0.4686413349588651,chromosome
0,0.0010303258895874,165070,165070.11~A30.K_13,13,,normal,165070.11~A30.K_13L.png,165070.11~A30.K_13R.png,train,/data5/chensx/MyProject/UAE/data/arrangement_merged/chr_13/165070.11~A30.K_13L.png,/data5/chensx/MyProject/UAE/data/arrangement_merged/chr_13/165070.11~A30.K_13R.png,0,-0.3300192629849628,,0.0010303258895874,0.9249008756983021,chromosome
0,0.0008929967880249,165070,165070.12~A1.K_13,13,,normal,165070.12~A1.K_13L.png,165070.12~A1.K_13R.png,train,/data5/chensx/MyProject/UAE/data/arrangement_merged/chr_13/165070.12~A1.K_13L.png,/data5/chensx/MyProject/UAE/data/arrangement_merged/chr_13/165070.12~A1.K_13R.png,0,-0.5234850167833992,,0.0008929967880249,0.2908721921766036,chromosome
0,0.0005547404289245,165070,165070.12~A21.K_13,13,,normal,165070.12~A21.K_13L.png,165070.12~A21.K_13R.png,train,/data5/chensx/MyProject/UAE/data/arrangement_merged/chr_13/165070.12~A21.K_13L.png,/data5/chensx/MyProject/UAE/data/arrangement_merged/chr_13/165070.12~A21.K_13R.png,0,-1.000011992827725,,0.0005547404289245,-1.2708087014806264,chromosome
0,0.0007595419883728,165070,165070.12~A41.K_13,13,,normal,165070.12~A41.K_13L.png,165070.12~A41.K_13R.png,train,/data5/chensx/MyProject/UAE/data/arrangement_merged/chr_13/165070.12~A41.K_13L.png,/data5/chensx/MyProject/UAE/data/arrangement_merged/chr_13/165070.12~A41.K_13R.png,0,-0.7114927523540151,,0.0007595419883728,-0.32526939740893746,chromosome
0,0.0007930994033813,165070,165070.12~A5.K_13,13,,normal,165070.12~A5.K_13L.png,165070.12~A5.K_13R.png,train,/data5/chensx/MyProject/UAE/data/arrangement_merged/chr_13/165070.12~A5.K_13L.png,/data5/chensx/MyProject/UAE/data/arrangement_merged/chr_13/165070.12~A5.K_13R.png,0,-0.6642179175499702,,0.0007930994033813,-0.17033964531595236,chromosome
0,0.0007246732711791,165070,165070.12~A9.K_13,13,,normal,165070.12~A9.K_13L.png,165070.12~A9.K_13R.png,train,/data5/chensx/MyProject/UAE/data/arrangement_merged/chr_13/165070.12~A9.K_13L.png,/data5/chensx/MyProject/UAE/data/arrangement_merged/chr_13/165070.12~A9.K_13R.png,0,-0.7606149164043994,,0.0007246732711791,-0.48625324283481425,chromosome
0,0.0011346340179443,165070,165070.13~A24.K_13,13,,normal,165070.13~A24.K_13L.png,165070.13~A24.K_13R.png,train,/data5/chensx/MyProject/UAE/data/arrangement_merged/chr_13/165070.13~A24.K_13L.png,/data5/chensx/MyProject/UAE/data/arrangement_merged/chr_13/165070.13~A24.K_13R.png,0,-0.1830726183897963,,0.0011346340179443,1.4064764816716593,chromosome
0,0.000779390335083,165070,165070.13~A25.K_13,13,,normal,165070.13~A25.K_13L.png,165070.13~A25.K_13R.png,train,/data5/chensx/MyProject/UAE/data/arrangement_merged/chr_13/165070.13~A25.K_13L.png,/data5/chensx/MyProject/UAE/data/arrangement_merged/chr_13/165070.13~A25.K_13R.png,0,-0.6835309051253349,,0.000779390335083,-0.23363243924371552,chromosome
0,0.0007937550544738,165070,165070.13~A26.K_13,13,,normal,165070.13~A26.K_13L.png,165070.13~A26.K_13R.png,train,/data5/chensx/MyProject/UAE/data/arrangement_merged/chr_13/165070.13~A26.K_13L.png,/data5/chensx/MyProject/UAE/data/arrangement_merged/chr_13/165070.13~A26.K_13R.png,0,-0.6632942529268006,,0.0007937550544738,-0.1673125986499683,chromosome
0,0.0010083317756652,165070,165070.13~A27.K_13,13,,normal,165070.13~A27.K_13L.png,165070.13~A27.K_13R.png,train,/data5/chensx/MyProject/UAE/data/arrangement_merged/chr_13/165070.13~A27.K_13L.png,/data5/chensx/MyProject/UAE/data/arrangement_merged/chr_13/165070.13~A27.K_13R.png,0,-0.3610040126167437,,0.0010083317756652,0.8233572193526567,chromosome
0,0.0006892085075378,165070,165070.13~A28.K_13,13,,normal,165070.13~A28.K_13L.png,165070.13~A28.K_13R.png,train,/data5/chensx/MyProject/UAE/data/arrangement_merged/chr_13/165070.13~A28.K_13L.png,/data5/chensx/MyProject/UAE/data/arrangement_merged/chr_13/165070.13~A28.K_13R.png,0,-0.810576775566756,,0.0006892085075378,-0.6499889488655437,chromosome
0,0.0007275342941284,165070,165070.13~A3.K_13,13,,normal,165070.13~A3.K_13L.png,165070.13~A3.K_13R.png,train,/data5/chensx/MyProject/UAE/data/arrangement_merged/chr_13/165070.13~A3.K_13L.png,/data5/chensx/MyProject/UAE/data/arrangement_merged/chr_13/165070.13~A3.K_13R.png,0,-0.7565843798669319,,0.0007275342941284,-0.47304431192773727,chromosome
0,0.0009273886680603,165070,165070.13~A36.K_13,13,,normal,165070.13~A36.K_13L.png,165070.13~A36.K_13R.png,train,/data5/chensx/MyProject/UAE/data/arrangement_merged/chr_13/165070.13~A36.K_13L.png,/data5/chensx/MyProject/UAE/data/arrangement_merged/chr_13/165070.13~A36.K_13R.png,0,-0.4750346088225929,,0.0009273886680603,0.449654549117583,chromosome
0,0.0007963776588439,165070,165070.13~A40.K_13,13,,normal,165070.13~A40.K_13L.png,165070.13~A40.K_13R.png,train,/data5/chensx/MyProject/UAE/data/arrangement_merged/chr_13/165070.13~A40.K_13L.png,/data5/chensx/MyProject/UAE/data/arrangement_merged/chr_13/165070.13~A40.K_13R.png,0,-0.6595995944341221,,0.0007963776588439,-0.1552044119855705,chromosome
0,0.0009173154830932,165070,165070.13~A9.K_13,13,,normal,165070.13~A9.K_13L.png,165070.13~A9.K_13R.png,train,/data5/chensx/MyProject/UAE/data/arrangement_merged/chr_13/165070.13~A9.K_13L.png,/data5/chensx/MyProject/UAE/data/arrangement_merged/chr_13/165070.13~A9.K_13R.png,0,-0.4892254562149261,,0.0009173154830932,0.4031481048832972,chromosome
0,0.0005922317504882,165070,165070.1~A9.K_13,13,,normal,165070.1~A9.K_13L.png,165070.1~A9.K_13R.png,train,/data5/chensx/MyProject/UAE/data/arrangement_merged/chr_13/165070.1~A9.K_13L.png,/data5/chensx/MyProject/UAE/data/arrangement_merged/chr_13/165070.1~A9.K_13R.png,0,-0.9471951702846624,,0.0005922317504882,-1.0977166693908138,chromosome
0,0.0008046627044677,165070,165070.2~A31.K_13,13,,normal,165070.2~A31.K_13L.png,165070.2~A31.K_13R.png,train,/data5/chensx/MyProject/UAE/data/arrangement_merged/chr_13/165070.2~A31.K_13L.png,/data5/chensx/MyProject/UAE/data/arrangement_merged/chr_13/165070.2~A31.K_13R.png,0,-0.647927832377706,,0.0008046627044677,-0.1169535495681502,chromosome
0,0.0009396076202392,165070,165070.3~A15.K_13,13,,normal,165070.3~A15.K_13L.png,165070.3~A15.K_13R.png,train,/data5/chensx/MyProject/UAE/data/arrangement_merged/chr_13/165070.3~A15.K_13L.png,/data5/chensx/MyProject/UAE/data/arrangement_merged/chr_13/165070.3~A15.K_13R.png,0,-0.4578208590271591,,0.0009396076202392,0.5060676915313688,chromosome
0,0.0008258819580078,165070,165070.3~A2.K_13,13,,normal,165070.3~A2.K_13L.png,165070.3~A2.K_13R.png,train,/data5/chensx/MyProject/UAE/data/arrangement_merged/chr_13/165070.3~A2.K_13L.png,/data5/chensx/MyProject/UAE/data/arrangement_merged/chr_13/165070.3~A2.K_13R.png,0,-0.6180346863914893,,0.0008258819580078,-0.018987312009828654,chromosome
0,0.000909686088562,165070,165070.3~A30.K_13,13,,normal,165070.3~A30.K_13L.png,165070.3~A30.K_13R.png,train,/data5/chensx/MyProject/UAE/data/arrangement_merged/chr_13/165070.3~A30.K_13L.png,/data5/chensx/MyProject/UAE/data/arrangement_merged/chr_13/165070.3~A30.K_13R.png,0,-0.4999735536481726,,0.000909686088562,0.3679242891323225,chromosome
0,0.0010169148445129,165070,165070.3~A35.K_13,13,,normal,165070.3~A35.K_13L.png,165070.3~A35.K_13R.png,train,/data5/chensx/MyProject/UAE/data/arrangement_merged/chr_13/165070.3~A35.K_13L.png,/data5/chensx/MyProject/UAE/data/arrangement_merged/chr_13/165070.3~A35.K_13R.png,0,-0.3489124030043414,,0.0010169148445129,0.8629840120729652,chromosome
0,0.0008541345596313,165070,165070.3~A43.K_13,13,,normal,165070.3~A43.K_13L.png,165070.3~A43.K_13R.png,train,/data5/chensx/MyProject/UAE/data/arrangement_merged/chr_13/165070.3~A43.K_13L.png,/data5/chensx/MyProject/UAE/data/arrangement_merged/chr_13/165070.3~A43.K_13R.png,0,-0.5782331380839985,,0.0008541345596313,0.11145088069369145,chromosome
0,0.0005069971084594,170215,170215.12~A1.K_13,13,,normal,170215.12~A1.K_13L.png,170215.12~A1.K_13R.png,train,/data5/chensx/MyProject/UAE/data/arrangement_merged/chr_13/170215.12~A1.K_13L.png,/data5/chensx/MyProject/UAE/data/arrangement_merged/chr_13/170215.12~A1.K_13R.png,0,-1.0805997507174774,,0.0005069971084594,-1.491232735986273,chromosome
0,0.0004875659942626,170215,170215.12~A24.K_13,13,,normal,170215.12~A24.K_13L.png,170215.12~A24.K_13R.png,train,/data5/chensx/MyProject/UAE/data/arrangement_merged/chr_13/170215.12~A24.K_13L.png,/data5/chensx/MyProject/UAE/data/arrangement_merged/chr_13/170215.12~A24.K_13R.png,0,-1.1061060614041638,,0.0004875659942626,-1.580943391727729,chromosome
0,0.0008614659309387,170215,170215.12~A31.K_13,13,,normal,170215.12~A31.K_13L.png,170215.12~A31.K_13R.png,train,/data5/chensx/MyProject/UAE/data/arrangement_merged/chr_13/170215.12~A31.K_13L.png,/data5/chensx/MyProject/UAE/data/arrangement_merged/chr_13/170215.12~A31.K_13R.png,0,-0.6153051812275262,,0.0008614659309387,0.1452987661422401,chromosome
0,0.0009669065475463,170215,170215.12~A33.K_13,13,,normal,170215.12~A33.K_13L.png,170215.12~A33.K_13R.png,train,/data5/chensx/MyProject/UAE/data/arrangement_merged/chr_13/170215.12~A33.K_13L.png,/data5/chensx/MyProject/UAE/data/arrangement_merged/chr_13/170215.12~A33.K_13R.png,0,-0.4768982376546787,,0.0009669065475463,0.6321029072660173,chromosome
0,0.0007717013359069,170215,170215.12~A44.K_13,13,,normal,170215.12~A44.K_13L.png,170215.12~A44.K_13R.png,train,/data5/chensx/MyProject/UAE/data/arrangement_merged/chr_13/170215.12~A44.K_13L.png,/data5/chensx/MyProject/UAE/data/arrangement_merged/chr_13/170215.12~A44.K_13R.png,0,-0.7331349477739978,,0.0007717013359069,-0.26913144105582165,chromosome
0,0.0013539195060729,170215,170215.12~A47.K_13,13,,normal,170215.12~A47.K_13L.png,170215.12~A47.K_13R.png,train,/data5/chensx/MyProject/UAE/data/arrangement_merged/chr_13/170215.12~A47.K_13L.png,/data5/chensx/MyProject/UAE/data/arrangement_merged/chr_13/170215.12~A47.K_13R.png,0,0.0311154902246306,,0.0013539195060729,2.418885998457974,chromosome
0,0.0008137226104736,170215,170215.12~A48.K_13,13,,normal,170215.12~A48.K_13L.png,170215.12~A48.K_13R.png,train,/data5/chensx/MyProject/UAE/data/arrangement_merged/chr_13/170215.12~A48.K_13L.png,/data5/chensx/MyProject/UAE/data/arrangement_merged/chr_13/170215.12~A48.K_13R.png,0,-0.6779755949086177,,0.0008137226104736,-0.0751252683634065,chromosome
0,0.0007835030555725,170215,170215.12~A49.K_13,13,,normal,170215.12~A49.K_13L.png,170215.12~A49.K_13R.png,train,/data5/chensx/MyProject/UAE/data/arrangement_merged/chr_13/170215.12~A49.K_13L.png,/data5/chensx/MyProject/UAE/data/arrangement_merged/chr_13/170215.12~A49.K_13R.png,0,-0.7176433848415932,,0.0007835030555725,-0.2146446010653403,chromosome
0,0.0008139610290527,170215,170215.12~A6.K_13,13,,normal,170215.12~A6.K_13L.png,170215.12~A6.K_13R.png,train,/data5/chensx/MyProject/UAE/data/arrangement_merged/chr_13/170215.12~A6.K_13L.png,/data5/chensx/MyProject/UAE/data/arrangement_merged/chr_13/170215.12~A6.K_13R.png,0,-0.6776626340412963,,0.0008139610290527,-0.07402452412118833,chromosome
0,0.0010815858840942,170215,170215.12~A7.K_13,13,,normal,170215.12~A7.K_13L.png,170215.12~A7.K_13R.png,train,/data5/chensx/MyProject/UAE/data/arrangement_merged/chr_13/170215.12~A7.K_13L.png,/data5/chensx/MyProject/UAE/data/arrangement_merged/chr_13/170215.12~A7.K_13R.png,0,-0.3263640604731307,,0.0010815858840942,1.1615608877765478,chromosome
0,0.0009081959724426,170215,170215.13~A21.K_13,13,,normal,170215.13~A21.K_13L.png,170215.13~A21.K_13R.png,train,/data5/chensx/MyProject/UAE/data/arrangement_merged/chr_13/170215.13~A21.K_13L.png,/data5/chensx/MyProject/UAE/data/arrangement_merged/chr_13/170215.13~A21.K_13R.png,0,-0.5539648512325503,,0.0009081959724426,0.3610446376183446,chromosome
0,0.0007299780845642,170215,170215.13~A36.K_13,13,,normal,170215.13~A36.K_13L.png,170215.13~A36.K_13R.png,train,/data5/chensx/MyProject/UAE/data/arrangement_merged/chr_13/170215.13~A36.K_13L.png,/data5/chensx/MyProject/UAE/data/arrangement_merged/chr_13/170215.13~A36.K_13R.png,0,-0.7879030995552263,,0.0007299780845642,-0.4617616834448877,chromosome
0,0.0009906888008117,170215,170215.13~A44.K_13,13,,normal,170215.13~A44.K_13L.png,170215.13~A44.K_13R.png,train,/data5/chensx/MyProject/UAE/data/arrangement_merged/chr_13/170215.13~A44.K_13L.png,/data5/chensx/MyProject/UAE/data/arrangement_merged/chr_13/170215.13~A44.K_13R.png,0,-0.4456803911393785,,0.0009906888008117,0.7419021454280661,chromosome
0,0.0006785988807678,170215,170215.13~A47.K_13,13,,normal,170215.13~A47.K_13L.png,170215.13~A47.K_13R.png,train,/data5/chensx/MyProject/UAE/data/arrangement_merged/chr_13/170215.13~A47.K_13L.png,/data5/chensx/MyProject/UAE/data/arrangement_merged/chr_13/170215.13~A47.K_13R.png,0,-0.8553461664629677,,0.0006785988807678,-0.6989720676444732,chromosome
0,0.0008519887924194,170215,170215.13~A5.K_13,13,,normal,170215.13~A5.K_13L.png,170215.13~A5.K_13R.png,train,/data5/chensx/MyProject/UAE/data/arrangement_merged/chr_13/170215.13~A5.K_13L.png,/data5/chensx/MyProject/UAE/data/arrangement_merged/chr_13/170215.13~A5.K_13R.png,0,-0.6277453757035482,,0.0008519887924194,0.10154418251372999,chromosome
0,0.0008139014244079,170215,170215.1~A9.K_13,13,,normal,170215.1~A9.K_13L.png,170215.1~A9.K_13R.png,train,/data5/chensx/MyProject/UAE/data/arrangement_merged/chr_13/170215.1~A9.K_13L.png,/data5/chensx/MyProject/UAE/data/arrangement_merged/chr_13/170215.1~A9.K_13R.png,0,-0.6777408742581267,,0.0008139014244079,-0.07429971018185824,chromosome
0,0.0009040832519531,170215,170215.2~A19.K_13,13,,normal,170215.2~A19.K_13L.png,170215.2~A19.K_13R.png,train,/data5/chensx/MyProject/UAE/data/arrangement_merged/chr_13/170215.2~A19.K_13L.png,/data5/chensx/MyProject/UAE/data/arrangement_merged/chr_13/170215.2~A19.K_13R.png,0,-0.5593634261938428,,0.0009040832519531,0.3420567994399694,chromosome
0,0.0006170868873596,170215,170215.2~A2.K_13,13,,normal,170215.2~A2.K_13L.png,170215.2~A2.K_13R.png,train,/data5/chensx/MyProject/UAE/data/arrangement_merged/chr_13/170215.2~A2.K_13L.png,/data5/chensx/MyProject/UAE/data/arrangement_merged/chr_13/170215.2~A2.K_13R.png,0,-0.9360900702318644,,0.0006170868873596,-0.9829640821385534,chromosome
0,0.0007239580154418,170215,170215.2~A23.K_13,13,,normal,170215.2~A23.K_13L.png,170215.2~A23.K_13R.png,train,/data5/chensx/MyProject/UAE/data/arrangement_merged/chr_13/170215.2~A23.K_13L.png,/data5/chensx/MyProject/UAE/data/arrangement_merged/chr_13/170215.2~A23.K_13R.png,0,-0.7958053614550893,,0.0007239580154418,-0.4895554755614683,chromosome
0,0.0008186101913452,170215,170215.2~A33.K_13,13,,normal,170215.2~A33.K_13L.png,170215.2~A33.K_13R.png,train,/data5/chensx/MyProject/UAE/data/arrangement_merged/chr_13/170215.2~A33.K_13L.png,/data5/chensx/MyProject/UAE/data/arrangement_merged/chr_13/170215.2~A33.K_13R.png,0,-0.6715598971285309,,0.0008186101913452,-0.052560011397707385,chromosome
0,0.0010426044464111,170215,170215.2~A4.K_13,13,,normal,170215.2~A4.K_13L.png,170215.2~A4.K_13R.png,train,/data5/chensx/MyProject/UAE/data/arrangement_merged/chr_13/170215.2~A4.K_13L.png,/data5/chensx/MyProject/UAE/data/arrangement_merged/chr_13/170215.2~A4.K_13R.png,0,-0.3775331622801642,,0.0010426044464111,0.9815892041727583,chromosome
0,0.0008376836776733,170215,170215.3~A32.K_13,13,,normal,170215.3~A32.K_13L.png,170215.3~A32.K_13R.png,train,/data5/chensx/MyProject/UAE/data/arrangement_merged/chr_13/170215.3~A32.K_13L.png,/data5/chensx/MyProject/UAE/data/arrangement_merged/chr_13/170215.3~A32.K_13R.png,0,-0.6465230277428264,,0.0008376836776733,0.03549952798019118,chromosome
0,0.0008317232131958,170215,170215.3~A33.K_13,13,,normal,170215.3~A33.K_13L.png,170215.3~A33.K_13R.png,train,/data5/chensx/MyProject/UAE/data/arrangement_merged/chr_13/170215.3~A33.K_13L.png,/data5/chensx/MyProject/UAE/data/arrangement_merged/chr_13/170215.3~A33.K_13R.png,0,-0.6543470494258591,,0.0008317232131958,0.0079809219247421,chromosome
0,0.0008086562156677,170215,170215.3~A38.K_13,13,,normal,170215.3~A38.K_13L.png,170215.3~A38.K_13R.png,train,/data5/chensx/MyProject/UAE/data/arrangement_merged/chr_13/170215.3~A38.K_13L.png,/data5/chensx/MyProject/UAE/data/arrangement_merged/chr_13/170215.3~A38.K_13R.png,0,-0.6846260133391954,,0.0008086562156677,-0.09851608351065333,chromosome
0,0.0006758570671081,170215,170215.3~A41.K_13,13,,normal,170215.3~A41.K_13L.png,170215.3~A41.K_13R.png,train,/data5/chensx/MyProject/UAE/data/arrangement_merged/chr_13/170215.3~A41.K_13L.png,/data5/chensx/MyProject/UAE/data/arrangement_merged/chr_13/170215.3~A41.K_13R.png,0,-0.8589452164371627,,0.0006758570671081,-0.7116306264302108,chromosome
0,0.0007625818252563,170215,170215.3~A47.K_13,13,,normal,170215.3~A47.K_13L.png,170215.3~A47.K_13R.png,train,/data5/chensx/MyProject/UAE/data/arrangement_merged/chr_13/170215.3~A47.K_13L.png,/data5/chensx/MyProject/UAE/data/arrangement_merged/chr_13/170215.3~A47.K_13R.png,0,-0.7451057009490377,,0.0007625818252563,-0.3112349083207743,chromosome
0,0.0005730390548706,179083,179083.12~A20.K_13,13,,normal,179083.12~A20.K_13L.png,179083.12~A20.K_13R.png,train,/data5/chensx/MyProject/UAE/data/arrangement_merged/chr_13/179083.12~A20.K_13L.png,/data5/chensx/MyProject/UAE/data/arrangement_merged/chr_13/179083.12~A20.K_13R.png,0,-0.9317380375878822,,0.0005730390548706,-1.1863265808895902,chromosome
0,0.0008341073989868,179083,179083.12~A37.K_13,13,,normal,179083.12~A37.K_13L.png,179083.12~A37.K_13R.png,train,/data5/chensx/MyProject/UAE/data/arrangement_merged/chr_13/179083.12~A37.K_13L.png,/data5/chensx/MyProject/UAE/data/arrangement_merged/chr_13/179083.12~A37.K_13R.png,0,-0.5391548730004679,,0.0008341073989868,0.01898836434692173,chromosome
0,0.0007170438766479,179083,179083.12~A39.K_13,13,,normal,179083.12~A39.K_13L.png,179083.12~A39.K_13R.png,train,/data5/chensx/MyProject/UAE/data/arrangement_merged/chr_13/179083.12~A39.K_13L.png,/data5/chensx/MyProject/UAE/data/arrangement_merged/chr_13/179083.12~A39.K_13R.png,0,-0.7151898810483405,,0.0007170438766479,-0.521477058585789,chromosome
0,0.0004732608795166,179083,179083.12~A47.K_13,13,,normal,179083.12~A47.K_13L.png,179083.12~A47.K_13R.png,train,/data5/chensx/MyProject/UAE/data/arrangement_merged/chr_13/179083.12~A47.K_13L.png,/data5/chensx/MyProject/UAE/data/arrangement_merged/chr_13/179083.12~A47.K_13R.png,0,-1.08178009638225,,0.0004732608795166,-1.6469880462608064,chromosome
0,0.0008554458618164,179083,179083.12~A9.K_13,13,,normal,179083.12~A9.K_13L.png,179083.12~A9.K_13R.png,train,/data5/chensx/MyProject/UAE/data/arrangement_merged/chr_13/179083.12~A9.K_13L.png,/data5/chensx/MyProject/UAE/data/arrangement_merged/chr_13/179083.12~A9.K_13R.png,0,-0.507067025301314,,0.0008554458618164,0.1175049740261211,chromosome
0,0.0007499456405639,179083,179083.13~A11.K_13,13,,normal,179083.13~A11.K_13L.png,179083.13~A11.K_13R.png,train,/data5/chensx/MyProject/UAE/data/arrangement_merged/chr_13/179083.13~A11.K_13L.png,/data5/chensx/MyProject/UAE/data/arrangement_merged/chr_13/179083.13~A11.K_13R.png,0,-0.6657136466071868,,0.0007499456405639,-0.36957435315878745,chromosome
0,0.0008083581924438,179083,179083.13~A13.K_13,13,,normal,179083.13~A13.K_13L.png,179083.13~A13.K_13R.png,train,/data5/chensx/MyProject/UAE/data/arrangement_merged/chr_13/179083.13~A13.K_13L.png,/data5/chensx/MyProject/UAE/data/arrangement_merged/chr_13/179083.13~A13.K_13R.png,0,-0.5778754043022403,,0.0008083581924438,-0.09989201381354142,chromosome
0,0.0009377002716064,179083,179083.13~A14.K_13,13,,normal,179083.13~A14.K_13L.png,179083.13~A14.K_13R.png,train,/data5/chensx/MyProject/UAE/data/arrangement_merged/chr_13/179083.13~A14.K_13L.png,/data5/chensx/MyProject/UAE/data/arrangement_merged/chr_13/179083.13~A14.K_13R.png,0,-0.38337643919843,,0.0009377002716064,0.49726173759362496,chromosome
0,0.0006591081619262,179083,179083.13~A2.K_13,13,,normal,179083.13~A2.K_13L.png,179083.13~A2.K_13R.png,train,/data5/chensx/MyProject/UAE/data/arrangement_merged/chr_13/179083.13~A2.K_13L.png,/data5/chensx/MyProject/UAE/data/arrangement_merged/chr_13/179083.13~A2.K_13R.png,0,-0.8023110764773282,,0.0006591081619262,-0.7889579094465992,chromosome
0,0.0006847381591796,179083,179083.13~A22.K_13,13,,normal,179083.13~A22.K_13L.png,179083.13~A22.K_13R.png,train,/data5/chensx/MyProject/UAE/data/arrangement_merged/chr_13/179083.13~A22.K_13L.png,/data5/chensx/MyProject/UAE/data/arrangement_merged/chr_13/179083.13~A22.K_13R.png,0,-0.7637698068945455,,0.0006847381591796,-0.6706279034074764,chromosome
0,0.0006020069122314,179083,179083.13~A26.K_13,13,,normal,179083.13~A26.K_13L.png,179083.13~A26.K_13R.png,train,/data5/chensx/MyProject/UAE/data/arrangement_merged/chr_13/179083.13~A26.K_13L.png,/data5/chensx/MyProject/UAE/data/arrangement_merged/chr_13/179083.13~A26.K_13R.png,0,-0.8881774398733883,,0.0006020069122314,-1.052586155459416,chromosome
0,0.0006840229034423,179083,179083.13~A34.K_13,13,,normal,179083.13~A34.K_13L.png,179083.13~A34.K_13R.png,train,/data5/chensx/MyProject/UAE/data/arrangement_merged/chr_13/179083.13~A34.K_13L.png,/data5/chensx/MyProject/UAE/data/arrangement_merged/chr_13/179083.13~A34.K_13R.png,0,-0.7648453772084837,,0.0006840229034423,-0.6739301361341303,chromosome
0,0.0008012056350708,179083,179083.13~A39.K_13,13,,normal,179083.13~A39.K_13L.png,179083.13~A39.K_13R.png,train,/data5/chensx/MyProject/UAE/data/arrangement_merged/chr_13/179083.13~A39.K_13L.png,/data5/chensx/MyProject/UAE/data/arrangement_merged/chr_13/179083.13~A39.K_13R.png,0,-0.5886311074416215,,0.0008012056350708,-0.1329143410800798,chromosome
0,0.0007138848304748,179083,179083.14~A14.K_13,13,,normal,179083.14~A14.K_13L.png,179083.14~A14.K_13R.png,train,/data5/chensx/MyProject/UAE/data/arrangement_merged/chr_13/179083.14~A14.K_13L.png,/data5/chensx/MyProject/UAE/data/arrangement_merged/chr_13/179083.14~A14.K_13R.png,0,-0.7199403166015671,,0.0007138848304748,-0.5360619197952925,chromosome
0,0.0008317232131958,179083,179083.14~A18.K_13,13,,normal,179083.14~A18.K_13L.png,179083.14~A18.K_13R.png,train,/data5/chensx/MyProject/UAE/data/arrangement_merged/chr_13/179083.14~A18.K_13L.png,/data5/chensx/MyProject/UAE/data/arrangement_merged/chr_13/179083.14~A18.K_13R.png,0,-0.5427401073802617,,0.0008317232131958,0.0079809219247421,chromosome
0,0.0006847977638244,179083,179083.14~A2.K_13,13,,normal,179083.14~A2.K_13L.png,179083.14~A2.K_13R.png,train,/data5/chensx/MyProject/UAE/data/arrangement_merged/chr_13/179083.14~A2.K_13L.png,/data5/chensx/MyProject/UAE/data/arrangement_merged/chr_13/179083.14~A2.K_13R.png,0,-0.7636801760350507,,0.0006847977638244,-0.6703527173468065,chromosome
0,0.0007981061935424,179083,179083.14~A27.K_13,13,,normal,179083.14~A27.K_13L.png,179083.14~A27.K_13R.png,train,/data5/chensx/MyProject/UAE/data/arrangement_merged/chr_13/179083.14~A27.K_13L.png,/data5/chensx/MyProject/UAE/data/arrangement_merged/chr_13/179083.14~A27.K_13R.png,0,-0.5932919121353534,,0.0007981061935424,-0.14722401622937495,chromosome
0,0.0006525516510009,179083,179083.14~A28.K_13,13,,normal,179083.14~A28.K_13L.png,179083.14~A28.K_13R.png,train,/data5/chensx/MyProject/UAE/data/arrangement_merged/chr_13/179083.14~A28.K_13L.png,/data5/chensx/MyProject/UAE/data/arrangement_merged/chr_13/179083.14~A28.K_13R.png,0,-0.812170471021761,,0.0006525516510009,-0.819228376107824,chromosome
0,0.0008988380432128,179083,179083.14~A39.K_13,13,,normal,179083.14~A39.K_13L.png,179083.14~A39.K_13R.png,train,/data5/chensx/MyProject/UAE/data/arrangement_merged/chr_13/179083.14~A39.K_13L.png,/data5/chensx/MyProject/UAE/data/arrangement_merged/chr_13/179083.14~A39.K_13R.png,0,-0.4418157595890679,,0.0008988380432128,0.31784042611071284,chromosome
0,0.0007228255271911,179083,179083.14~A44.K_13,13,,normal,179083.14~A44.K_13L.png,179083.14~A44.K_13R.png,train,/data5/chensx/MyProject/UAE/data/arrangement_merged/chr_13/179083.14~A44.K_13L.png,/data5/chensx/MyProject/UAE/data/arrangement_merged/chr_13/179083.14~A44.K_13R.png,0,-0.7064956876773406,,0.0007228255271911,-0.49478401071188816,chromosome
0,0.0008535385131835,179083,179083.14~A7.K_13,13,,normal,179083.14~A7.K_13L.png,179083.14~A7.K_13R.png,train,/data5/chensx/MyProject/UAE/data/arrangement_merged/chr_13/179083.14~A7.K_13L.png,/data5/chensx/MyProject/UAE/data/arrangement_merged/chr_13/179083.14~A7.K_13R.png,0,-0.509935212805149,,0.0008535385131835,0.10869902008791578,chromosome
0,0.0008832216262817,179083,179083.1~A24.K_13,13,,normal,179083.1~A24.K_13L.png,179083.1~A24.K_13R.png,train,/data5/chensx/MyProject/UAE/data/arrangement_merged/chr_13/179083.1~A24.K_13L.png,/data5/chensx/MyProject/UAE/data/arrangement_merged/chr_13/179083.1~A24.K_13R.png,0,-0.4652990447767169,,0.0008832216262817,0.24574167824520587,chromosome
0,0.0007384419441223,179083,179083.2~A1.K_13,13,,normal,179083.2~A1.K_13L.png,179083.2~A1.K_13R.png,train,/data5/chensx/MyProject/UAE/data/arrangement_merged/chr_13/179083.2~A1.K_13L.png,/data5/chensx/MyProject/UAE/data/arrangement_merged/chr_13/179083.2~A1.K_13R.png,0,-0.6830124024896916,,0.0007384419441223,-0.4226852628459192,chromosome
0,0.0011236667633056,179083,179083.2~A12.K_13,13,,normal,179083.2~A12.K_13L.png,179083.2~A12.K_13R.png,train,/data5/chensx/MyProject/UAE/data/arrangement_merged/chr_13/179083.2~A12.K_13L.png,/data5/chensx/MyProject/UAE/data/arrangement_merged/chr_13/179083.2~A12.K_13R.png,0,-0.1037281575745184,,0.0011236667633056,1.3558422465291724,chromosome
0,0.0008420944213867,179083,179083.2~A14.K_13,13,,normal,179083.2~A14.K_13L.png,179083.2~A14.K_13R.png,train,/data5/chensx/MyProject/UAE/data/arrangement_merged/chr_13/179083.2~A14.K_13L.png,/data5/chensx/MyProject/UAE/data/arrangement_merged/chr_13/179083.2~A14.K_13R.png,0,-0.5271443378281588,,0.0008420944213867,0.05586329646145395,chromosome
0,0.000783085823059,179083,179083.2~A18.K_13,13,,normal,179083.2~A18.K_13L.png,179083.2~A18.K_13R.png,train,/data5/chensx/MyProject/UAE/data/arrangement_merged/chr_13/179083.2~A18.K_13L.png,/data5/chensx/MyProject/UAE/data/arrangement_merged/chr_13/179083.2~A18.K_13R.png,0,-0.6158788887280539,,0.000783085823059,-0.21657090348956823,chromosome
0,0.0007578134536743,179083,179083.2~A20.K_13,13,,normal,179083.2~A20.K_13L.png,179083.2~A20.K_13R.png,train,/data5/chensx/MyProject/UAE/data/arrangement_merged/chr_13/179083.2~A20.K_13L.png,/data5/chensx/MyProject/UAE/data/arrangement_merged/chr_13/179083.2~A20.K_13R.png,0,-0.6538823731538675,,0.0007578134536743,-0.33324979316513303,chromosome
0,0.0008482933044433,179083,179083.2~A26.K_13,13,,normal,179083.2~A26.K_13L.png,179083.2~A26.K_13R.png,train,/data5/chensx/MyProject/UAE/data/arrangement_merged/chr_13/179083.2~A26.K_13L.png,/data5/chensx/MyProject/UAE/data/arrangement_merged/chr_13/179083.2~A26.K_13R.png,0,-0.5178227284406952,,0.0008482933044433,0.08448264675912069,chromosome
0,0.0008707642555236,179083,179083.2~A3.K_13,13,,normal,179083.2~A3.K_13L.png,179083.2~A3.K_13R.png,train,/data5/chensx/MyProject/UAE/data/arrangement_merged/chr_13/179083.2~A3.K_13L.png,/data5/chensx/MyProject/UAE/data/arrangement_merged/chr_13/179083.2~A3.K_13R.png,0,-0.4840318944111392,,0.0008707642555236,0.18822779158874045,chromosome
0,0.0008705258369445,179083,179083.2~A31.K_13,13,,normal,179083.2~A31.K_13L.png,179083.2~A31.K_13R.png,train,/data5/chensx/MyProject/UAE/data/arrangement_merged/chr_13/179083.2~A31.K_13L.png,/data5/chensx/MyProject/UAE/data/arrangement_merged/chr_13/179083.2~A31.K_13R.png,0,-0.4843904178491185,,0.0008705258369445,0.1871270473465223,chromosome
0,0.0008217692375183,179083,179083.2~A35.K_13,13,,normal,179083.2~A35.K_13L.png,179083.2~A35.K_13R.png,train,/data5/chensx/MyProject/UAE/data/arrangement_merged/chr_13/179083.2~A35.K_13L.png,/data5/chensx/MyProject/UAE/data/arrangement_merged/chr_13/179083.2~A35.K_13R.png,0,-0.5577084609159005,,0.0008217692375183,-0.03797515018820385,chromosome
0,0.0009527206420898,179083,179083.2~A38.K_13,13,,normal,179083.2~A38.K_13L.png,179083.2~A38.K_13R.png,train,/data5/chensx/MyProject/UAE/data/arrangement_merged/chr_13/179083.2~A38.K_13L.png,/data5/chensx/MyProject/UAE/data/arrangement_merged/chr_13/179083.2~A38.K_13R.png,0,-0.3607894626057294,,0.0009527206420898,0.5666086248538178,chromosome
0,0.0009906888008117,179083,179083.3~A1.K_13,13,,normal,179083.3~A1.K_13L.png,179083.3~A1.K_13R.png,train,/data5/chensx/MyProject/UAE/data/arrangement_merged/chr_13/179083.3~A1.K_13L.png,/data5/chensx/MyProject/UAE/data/arrangement_merged/chr_13/179083.3~A1.K_13R.png,0,-0.3036946051075141,,0.0009906888008117,0.7419021454280661,chromosome
0,0.0007056593894958,179083,179083.3~A24.K_13,13,,normal,179083.3~A24.K_13L.png,179083.3~A24.K_13R.png,train,/data5/chensx/MyProject/UAE/data/arrangement_merged/chr_13/179083.3~A24.K_13L.png,/data5/chensx/MyProject/UAE/data/arrangement_merged/chr_13/179083.3~A24.K_13R.png,0,-0.7323093752118556,,0.0007056593894958,-0.5740375961520429,chromosome
0,0.0008124113082885,179083,179083.3~A27.K_13,13,,normal,179083.3~A27.K_13L.png,179083.3~A27.K_13R.png,train,/data5/chensx/MyProject/UAE/data/arrangement_merged/chr_13/179083.3~A27.K_13L.png,/data5/chensx/MyProject/UAE/data/arrangement_merged/chr_13/179083.3~A27.K_13R.png,0,-0.5717805058565909,,0.0008124113082885,-0.08117936169583614,chromosome
0,0.0007996559143066,179083,179083.4~A34.K_13,13,,normal,179083.4~A34.K_13L.png,179083.4~A34.K_13R.png,train,/data5/chensx/MyProject/UAE/data/arrangement_merged/chr_13/179083.4~A34.K_13L.png,/data5/chensx/MyProject/UAE/data/arrangement_merged/chr_13/179083.4~A34.K_13R.png,0,-0.5909615097884874,,0.0007996559143066,-0.14006917865472762,chromosome
0,0.0013608336448669,180371,180371.11~A18.K_13,13,,normal,180371.11~A18.K_13L.png,180371.11~A18.K_13R.png,train,/data5/chensx/MyProject/UAE/data/arrangement_merged/chr_13/180371.11~A18.K_13L.png,/data5/chensx/MyProject/UAE/data/arrangement_merged/chr_13/180371.11~A18.K_13R.png,0,0.1650367523146958,,0.0013608336448669,2.4508075814827563,chromosome
0,0.0015628337860107,180371,180371.11~A42.K_13,13,,normal,180371.11~A42.K_13L.png,180371.11~A42.K_13R.png,train,/data5/chensx/MyProject/UAE/data/arrangement_merged/chr_13/180371.11~A42.K_13L.png,/data5/chensx/MyProject/UAE/data/arrangement_merged/chr_13/180371.11~A42.K_13R.png,0,0.4548029910029356,,0.0015628337860107,3.3834131407080377,chromosome
0,0.000586986541748,180371,180371.11~A50.K_13,13,,normal,180371.11~A50.K_13L.png,180371.11~A50.K_13R.png,train,/data5/chensx/MyProject/UAE/data/arrangement_merged/chr_13/180371.11~A50.K_13L.png,/data5/chensx/MyProject/UAE/data/arrangement_merged/chr_13/180371.11~A50.K_13R.png,0,-0.945035563084955,,0.000586986541748,-1.1219330427196088,chromosome
0,0.000840425491333,180371,180371.13~A44.K_13,13,,normal,180371.13~A44.K_13L.png,180371.13~A44.K_13R.png,train,/data5/chensx/MyProject/UAE/data/arrangement_merged/chr_13/180371.13~A44.K_13L.png,/data5/chensx/MyProject/UAE/data/arrangement_merged/chr_13/180371.13~A44.K_13R.png,0,-0.5814811084073523,,0.000840425491333,0.04815808676592831,chromosome
0,0.0010204315185546,180371,180371.14~A1.K_13,13,,normal,180371.14~A1.K_13L.png,180371.14~A1.K_13R.png,train,/data5/chensx/MyProject/UAE/data/arrangement_merged/chr_13/180371.14~A1.K_13L.png,/data5/chensx/MyProject/UAE/data/arrangement_merged/chr_13/180371.14~A1.K_13R.png,0,-0.3232651034387822,,0.0010204315185546,0.8792199896455641,chromosome
0,0.001043677330017,180371,180371.1~A15.K_13,13,,normal,180371.1~A15.K_13L.png,180371.1~A15.K_13R.png,train,/data5/chensx/MyProject/UAE/data/arrangement_merged/chr_13/180371.1~A15.K_13L.png,/data5/chensx/MyProject/UAE/data/arrangement_merged/chr_13/180371.1~A15.K_13R.png,0,-0.2899193279627086,,0.001043677330017,0.9865425532625083,chromosome
0,0.0020145773887634,180371,180371.1~A25.K_13,13,,normal,180371.1~A25.K_13L.png,180371.1~A25.K_13R.png,train,/data5/chensx/MyProject/UAE/data/arrangement_merged/chr_13/180371.1~A25.K_13L.png,/data5/chensx/MyProject/UAE/data/arrangement_merged/chr_13/180371.1~A25.K_13R.png,0,1.1028225610879665,,0.0020145773887634,5.4690482936642475,chromosome
0,0.0007113218307495,180371,180371.1~A33.K_13,13,,normal,180371.1~A33.K_13L.png,180371.1~A33.K_13R.png,train,/data5/chensx/MyProject/UAE/data/arrangement_merged/chr_13/180371.1~A33.K_13L.png,/data5/chensx/MyProject/UAE/data/arrangement_merged/chr_13/180371.1~A33.K_13R.png,0,-0.7666784152821612,,0.0007113218307495,-0.5478949203990199,chromosome
0,0.0006608963012695,180371,180371.1~A35.K_13,13,,normal,180371.1~A35.K_13L.png,180371.1~A35.K_13R.png,train,/data5/chensx/MyProject/UAE/data/arrangement_merged/chr_13/180371.1~A35.K_13L.png,/data5/chensx/MyProject/UAE/data/arrangement_merged/chr_13/180371.1~A35.K_13R.png,0,-0.8390130974687209,,0.0006608963012695,-0.7807023276297337,chromosome
0,0.0008617639541625,180371,180371.2~A15.K_13,13,,normal,180371.2~A15.K_13L.png,180371.2~A15.K_13R.png,train,/data5/chensx/MyProject/UAE/data/arrangement_merged/chr_13/180371.2~A15.K_13L.png,/data5/chensx/MyProject/UAE/data/arrangement_merged/chr_13/180371.2~A15.K_13R.png,0,-0.5508713965600848,,0.0008617639541625,0.14667469644466616,chromosome
0,0.00062096118927,180371,180371.2~A16.K_13,13,,normal,180371.2~A16.K_13L.png,180371.2~A16.K_13R.png,train,/data5/chensx/MyProject/UAE/data/arrangement_merged/chr_13/180371.2~A16.K_13L.png,/data5/chensx/MyProject/UAE/data/arrangement_merged/chr_13/180371.2~A16.K_13R.png,0,-0.8962994296968474,,0.00062096118927,-0.9650769882023958,chromosome
0,0.0008794069290161,180371,180371.2~A21.K_13,13,,normal,180371.2~A21.K_13L.png,180371.2~A21.K_13R.png,train,/data5/chensx/MyProject/UAE/data/arrangement_merged/chr_13/180371.2~A21.K_13L.png,/data5/chensx/MyProject/UAE/data/arrangement_merged/chr_13/180371.2~A21.K_13R.png,0,-0.5255628079936289,,0.0008794069290161,0.22812977036971877,chromosome
0,0.000596284866333,180371,180371.2~A41.K_13,13,,normal,180371.2~A41.K_13L.png,180371.2~A41.K_13R.png,train,/data5/chensx/MyProject/UAE/data/arrangement_merged/chr_13/180371.2~A41.K_13L.png,/data5/chensx/MyProject/UAE/data/arrangement_merged/chr_13/180371.2~A41.K_13R.png,0,-0.9316972528945257,,0.000596284866333,-1.079004017272647,chromosome
0,0.0017746090888977,180371,180371.2~A49.K_13,13,,normal,180371.2~A49.K_13L.png,180371.2~A49.K_13R.png,train,/data5/chensx/MyProject/UAE/data/arrangement_merged/chr_13/180371.2~A49.K_13L.png,/data5/chensx/MyProject/UAE/data/arrangement_merged/chr_13/180371.2~A49.K_13R.png,0,0.7585915557888063,,0.0017746090888977,4.361149213864718,chromosome
0,0.0032171607017517,180371,180371.3~A2.K_13,13,,normal,180371.3~A2.K_13L.png,180371.3~A2.K_13R.png,train,/data5/chensx/MyProject/UAE/data/arrangement_merged/chr_13/180371.3~A2.K_13L.png,/data5/chensx/MyProject/UAE/data/arrangement_merged/chr_13/180371.3~A2.K_13R.png,0,2.827910679050175,,0.0032171607017517,11.021202251448099,chromosome
0,0.0006525516510009,180371,180371.3~A25.K_13,13,,normal,180371.3~A25.K_13L.png,180371.3~A25.K_13R.png,train,/data5/chensx/MyProject/UAE/data/arrangement_merged/chr_13/180371.3~A25.K_13L.png,/data5/chensx/MyProject/UAE/data/arrangement_merged/chr_13/180371.3~A25.K_13R.png,0,-0.8509833758447474,,0.0006525516510009,-0.819228376107824,chromosome
0,0.0010655522346496,180371,180371.3~A45.K_13,13,,normal,180371.3~A45.K_13L.png,180371.3~A45.K_13R.png,train,/data5/chensx/MyProject/UAE/data/arrangement_merged/chr_13/180371.3~A45.K_13L.png,/data5/chensx/MyProject/UAE/data/arrangement_merged/chr_13/180371.3~A45.K_13R.png,0,-0.2585400982198393,,0.0010655522346496,1.0875358374868138,chromosome
0,0.0010671615600585,180371,180371.3~A9.K_13,13,,normal,180371.3~A9.K_13L.png,180371.3~A9.K_13R.png,train,/data5/chensx/MyProject/UAE/data/arrangement_merged/chr_13/180371.3~A9.K_13L.png,/data5/chensx/MyProject/UAE/data/arrangement_merged/chr_13/180371.3~A9.K_13R.png,0,-0.2562315445330342,,0.0010671615600585,1.0949658611216697,chromosome
0,0.0011835098266601,180371,180371.4~A19.K_13,13,,normal,180371.4~A19.K_13L.png,180371.4~A19.K_13R.png,train,/data5/chensx/MyProject/UAE/data/arrangement_merged/chr_13/180371.4~A19.K_13L.png,/data5/chensx/MyProject/UAE/data/arrangement_merged/chr_13/180371.4~A19.K_13R.png,0,-0.0893316631758657,,0.0011835098266601,1.6321290513277265,chromosome
0,0.0008544325828552,180371,180371.4~A20.K_13,13,,normal,180371.4~A20.K_13L.png,180371.4~A20.K_13R.png,train,/data5/chensx/MyProject/UAE/data/arrangement_merged/chr_13/180371.4~A20.K_13L.png,/data5/chensx/MyProject/UAE/data/arrangement_merged/chr_13/180371.4~A20.K_13R.png,0,-0.5613881411333079,,0.0008544325828552,0.11282681099657953,chromosome
0,0.0008240938186645,180371,180371.4~A23.K_13,13,,normal,180371.4~A23.K_13L.png,180371.4~A23.K_13R.png,train,/data5/chensx/MyProject/UAE/data/arrangement_merged/chr_13/180371.4~A23.K_13L.png,/data5/chensx/MyProject/UAE/data/arrangement_merged/chr_13/180371.4~A23.K_13R.png,0,-0.604908653229004,,0.0008240938186645,-0.027242893826694134,chromosome
0,0.0010470747947692,180371,180371.4~A27.K_13,13,,normal,180371.4~A27.K_13L.png,180371.4~A27.K_13R.png,train,/data5/chensx/MyProject/UAE/data/arrangement_merged/chr_13/180371.4~A27.K_13L.png,/data5/chensx/MyProject/UAE/data/arrangement_merged/chr_13/180371.4~A27.K_13R.png,0,-0.2850457146238978,,0.0010470747947692,1.002228158714229,chromosome
0,0.0017799735069274,180371,180371.4~A35.K_13,13,,normal,180371.4~A35.K_13L.png,180371.4~A35.K_13R.png,train,/data5/chensx/MyProject/UAE/data/arrangement_merged/chr_13/180371.4~A35.K_13L.png,/data5/chensx/MyProject/UAE/data/arrangement_merged/chr_13/180371.4~A35.K_13R.png,0,0.7662867347448233,,0.0017799735069274,4.385915959314391,chromosome
0,0.0006896257400512,180371,180371.4~A39.K_13,13,,normal,180371.4~A39.K_13L.png,180371.4~A39.K_13R.png,train,/data5/chensx/MyProject/UAE/data/arrangement_merged/chr_13/180371.4~A39.K_13L.png,/data5/chensx/MyProject/UAE/data/arrangement_merged/chr_13/180371.4~A39.K_13R.png,0,-0.79780113905983,,0.0006896257400512,-0.6480626464417772,chromosome
0,0.0011565089225769,180371,180371.4~A44.K_13,13,,normal,180371.4~A44.K_13L.png,180371.4~A44.K_13R.png,train,/data5/chensx/MyProject/UAE/data/arrangement_merged/chr_13/180371.4~A44.K_13L.png,/data5/chensx/MyProject/UAE/data/arrangement_merged/chr_13/180371.4~A44.K_13R.png,0,-0.1280640639211512,,0.0011565089225769,1.507469765895965,chromosome
0,0.0006468892097473,182418,182418.13~A1.K_13,13,,normal,182418.13~A1.K_13L.png,182418.13~A1.K_13R.png,train,/data5/chensx/MyProject/UAE/data/arrangement_merged/chr_13/182418.13~A1.K_13L.png,/data5/chensx/MyProject/UAE/data/arrangement_merged/chr_13/182418.13~A1.K_13R.png,0,-0.9206154294922104,,0.0006468892097473,-0.845371051860385,chromosome
0,0.0006663799285888,182418,182418.13~A27.K_13,13,,normal,182418.13~A27.K_13L.png,182418.13~A27.K_13R.png,train,/data5/chensx/MyProject/UAE/data/arrangement_merged/chr_13/182418.13~A27.K_13L.png,/data5/chensx/MyProject/UAE/data/arrangement_merged/chr_13/182418.13~A27.K_13R.png,0,-0.8941759649566712,,0.0006663799285888,-0.755385210058721,chromosome
0,0.0007658004760742,182418,182418.13~A6.K_13,13,,normal,182418.13~A6.K_13L.png,182418.13~A6.K_13R.png,train,/data5/chensx/MyProject/UAE/data/arrangement_merged/chr_13/182418.13~A6.K_13L.png,/data5/chensx/MyProject/UAE/data/arrangement_merged/chr_13/182418.13~A6.K_13R.png,0,-0.759310439435939,,0.0007658004760742,-0.29637486105060085,chromosome
0,0.0010430812835693,182418,182418.14~A44.K_13,13,,normal,182418.14~A44.K_13L.png,182418.14~A44.K_13R.png,train,/data5/chensx/MyProject/UAE/data/arrangement_merged/chr_13/182418.14~A44.K_13L.png,/data5/chensx/MyProject/UAE/data/arrangement_merged/chr_13/182418.14~A44.K_13R.png,0,-0.3831746931994605,,0.0010430812835693,0.9837906926571937,chromosome
0,0.0007017850875854,182418,182418.1~A24.K_13,13,,normal,182418.1~A24.K_13L.png,182418.1~A24.K_13R.png,train,/data5/chensx/MyProject/UAE/data/arrangement_merged/chr_13/182418.1~A24.K_13L.png,/data5/chensx/MyProject/UAE/data/arrangement_merged/chr_13/182418.1~A24.K_13R.png,0,-0.8461483137820219,,0.0007017850875854,-0.5919246900881999,chromosome
0,0.0007750988006591,182418,182418.2~A16.K_13,13,,normal,182418.2~A16.K_13L.png,182418.2~A16.K_13R.png,train,/data5/chensx/MyProject/UAE/data/arrangement_merged/chr_13/182418.2~A16.K_13L.png,/data5/chensx/MyProject/UAE/data/arrangement_merged/chr_13/182418.2~A16.K_13R.png,0,-0.746697116905223,,0.0007750988006591,-0.25344583560410044,chromosome
0,0.0008812546730041,182418,182418.2~A2.K_13,13,,normal,182418.2~A2.K_13L.png,182418.2~A2.K_13R.png,train,/data5/chensx/MyProject/UAE/data/arrangement_merged/chr_13/182418.2~A2.K_13L.png,/data5/chensx/MyProject/UAE/data/arrangement_merged/chr_13/182418.2~A2.K_13R.png,0,-0.6026950180128825,,0.0008812546730041,0.23666053824679215,chromosome
0,0.0006616115570068,182418,182418.2~A3.K_13,13,,normal,182418.2~A3.K_13L.png,182418.2~A3.K_13R.png,train,/data5/chensx/MyProject/UAE/data/arrangement_merged/chr_13/182418.2~A3.K_13L.png,/data5/chensx/MyProject/UAE/data/arrangement_merged/chr_13/182418.2~A3.K_13R.png,0,-0.9006443354852435,,0.0006616115570068,-0.7774000949030797,chromosome
0,0.0007123947143554,182418,182418.2~A33.K_13,13,,normal,182418.2~A33.K_13L.png,182418.2~A33.K_13R.png,train,/data5/chensx/MyProject/UAE/data/arrangement_merged/chr_13/182418.2~A33.K_13L.png,/data5/chensx/MyProject/UAE/data/arrangement_merged/chr_13/182418.2~A33.K_13R.png,0,-0.8317561893559486,,0.0007123947143554,-0.5429415713092699,chromosome
0,0.0005183815956115,182418,182418.2~A38.K_13,13,,normal,182418.2~A38.K_13L.png,182418.2~A38.K_13R.png,train,/data5/chensx/MyProject/UAE/data/arrangement_merged/chr_13/182418.2~A38.K_13L.png,/data5/chensx/MyProject/UAE/data/arrangement_merged/chr_13/182418.2~A38.K_13R.png,0,-1.0949380152372334,,0.0005183815956115,-1.4386721984200195,chromosome
0,0.0007112026214599,182418,182418.3~A15.K_13,13,,normal,182418.3~A15.K_13L.png,182418.3~A15.K_13R.png,train,/data5/chensx/MyProject/UAE/data/arrangement_merged/chr_13/182418.3~A15.K_13L.png,/data5/chensx/MyProject/UAE/data/arrangement_merged/chr_13/182418.3~A15.K_13R.png,0,-0.8333732819880917,,0.0007112026214599,-0.5484452925203598,chromosome
0,0.0006081461906433,182418,182418.3~A25.K_13,13,,normal,182418.3~A25.K_13L.png,182418.3~A25.K_13R.png,train,/data5/chensx/MyProject/UAE/data/arrangement_merged/chr_13/182418.3~A25.K_13L.png,/data5/chensx/MyProject/UAE/data/arrangement_merged/chr_13/182418.3~A25.K_13R.png,0,-0.9731709400368602,,0.0006081461906433,-1.0242419912219571,chromosome
0,0.0007924437522888,182418,182418.3~A49.K_13,13,,normal,182418.3~A49.K_13L.png,182418.3~A49.K_13R.png,train,/data5/chensx/MyProject/UAE/data/arrangement_merged/chr_13/182418.3~A49.K_13L.png,/data5/chensx/MyProject/UAE/data/arrangement_merged/chr_13/182418.3~A49.K_13R.png,0,-0.7231684191075414,,0.0007924437522888,-0.17336669198193594,chromosome
0,0.0007737874984741,182418,182418.4~A15.K_13,13,,normal,182418.4~A15.K_13L.png,182418.4~A15.K_13R.png,train,/data5/chensx/MyProject/UAE/data/arrangement_merged/chr_13/182418.4~A15.K_13L.png,/data5/chensx/MyProject/UAE/data/arrangement_merged/chr_13/182418.4~A15.K_13R.png,0,-0.7484759188005804,,0.0007737874984741,-0.2594999289360686,chromosome
0,0.0007312297821044,182418,182418.4~A6.K_13,13,,normal,182418.4~A6.K_13L.png,182418.4~A6.K_13R.png,train,/data5/chensx/MyProject/UAE/data/arrangement_merged/chr_13/182418.4~A6.K_13L.png,/data5/chensx/MyProject/UAE/data/arrangement_merged/chr_13/182418.4~A6.K_13R.png,0,-0.806206125768088,,0.0007312297821044,-0.4559827761735895,chromosome
0,0.0006083250045776,182418,182418.5~A16.K_13,13,,normal,182418.5~A16.K_13L.png,182418.5~A16.K_13R.png,train,/data5/chensx/MyProject/UAE/data/arrangement_merged/chr_13/182418.5~A16.K_13L.png,/data5/chensx/MyProject/UAE/data/arrangement_merged/chr_13/182418.5~A16.K_13R.png,0,-0.9729283761420388,,0.0006083250045776,-1.0234164330404094,chromosome
0,0.0010445117950439,182418,182418.5~A17.K_13,13,,normal,182418.5~A17.K_13L.png,182418.5~A17.K_13R.png,train,/data5/chensx/MyProject/UAE/data/arrangement_merged/chr_13/182418.5~A17.K_13L.png,/data5/chensx/MyProject/UAE/data/arrangement_merged/chr_13/182418.5~A17.K_13R.png,0,-0.3812341820408888,,0.0010445117950439,0.9903951581105016,chromosome
0,0.0008276104927062,182418,182418.5~A3.K_13,13,,normal,182418.5~A3.K_13L.png,182418.5~A3.K_13R.png,train,/data5/chensx/MyProject/UAE/data/arrangement_merged/chr_13/182418.5~A3.K_13L.png,/data5/chensx/MyProject/UAE/data/arrangement_merged/chr_13/182418.5~A3.K_13R.png,0,-0.6754641864593207,,0.0008276104927062,-0.01100691625409511,chromosome
0,0.000667929649353,182418,182418.5~A30.K_13,13,,normal,182418.5~A30.K_13L.png,182418.5~A30.K_13R.png,train,/data5/chensx/MyProject/UAE/data/arrangement_merged/chr_13/182418.5~A30.K_13L.png,/data5/chensx/MyProject/UAE/data/arrangement_merged/chr_13/182418.5~A30.K_13R.png,0,-0.8920737445348852,,0.000667929649353,-0.7482303724840731,chromosome
0,0.0010862350463867,182418,182418.5~A5.K_13,13,,normal,182418.5~A5.K_13L.png,182418.5~A5.K_13R.png,train,/data5/chensx/MyProject/UAE/data/arrangement_merged/chr_13/182418.5~A5.K_13L.png,/data5/chensx/MyProject/UAE/data/arrangement_merged/chr_13/182418.5~A5.K_13R.png,0,-0.3246359399158813,,0.0010862350463867,1.1830254005000298,chromosome
0,0.0010684132575988,182747,182747.11~A42.K_13,13,,normal,182747.11~A42.K_13L.png,182747.11~A42.K_13R.png,train,/data5/chensx/MyProject/UAE/data/arrangement_merged/chr_13/182747.11~A42.K_13L.png,/data5/chensx/MyProject/UAE/data/arrangement_merged/chr_13/182747.11~A42.K_13R.png,0,-0.3201448631922843,,0.0010684132575988,1.1007447683934288,chromosome
0,0.0005412697792053,182747,182747.12~A10.K_13,13,,normal,182747.12~A10.K_13L.png,182747.12~A10.K_13R.png,train,/data5/chensx/MyProject/UAE/data/arrangement_merged/chr_13/182747.12~A10.K_13L.png,/data5/chensx/MyProject/UAE/data/arrangement_merged/chr_13/182747.12~A10.K_13R.png,0,-1.0236729180382809,,0.0005412697792053,-1.333000751166172,chromosome
0,0.0008301138877868,182747,182747.12~A14.K_13,13,,normal,182747.12~A14.K_13L.png,182747.12~A14.K_13R.png,train,/data5/chensx/MyProject/UAE/data/arrangement_merged/chr_13/182747.12~A14.K_13L.png,/data5/chensx/MyProject/UAE/data/arrangement_merged/chr_13/182747.12~A14.K_13R.png,0,-0.6381802728795632,,0.0008301138877868,0.0005508982894243615,chromosome
0,0.0008985996246337,182747,182747.12~A18.K_13,13,,normal,182747.12~A18.K_13L.png,182747.12~A18.K_13R.png,train,/data5/chensx/MyProject/UAE/data/arrangement_merged/chr_13/182747.12~A18.K_13L.png,/data5/chensx/MyProject/UAE/data/arrangement_merged/chr_13/182747.12~A18.K_13R.png,0,-0.5467789007608329,,0.0008985996246337,0.31673968186849516,chromosome
0,0.0008283853530883,182747,182747.12~A26.K_13,13,,normal,182747.12~A26.K_13L.png,182747.12~A26.K_13R.png,train,/data5/chensx/MyProject/UAE/data/arrangement_merged/chr_13/182747.12~A26.K_13L.png,/data5/chensx/MyProject/UAE/data/arrangement_merged/chr_13/182747.12~A26.K_13R.png,0,-0.6404871830548836,,0.0008283853530883,-0.0074294974667712,chromosome
0,0.000769555568695,182747,182747.12~A28.K_13,13,,normal,182747.12~A28.K_13L.png,182747.12~A28.K_13R.png,train,/data5/chensx/MyProject/UAE/data/arrangement_merged/chr_13/182747.12~A28.K_13L.png,/data5/chensx/MyProject/UAE/data/arrangement_merged/chr_13/182747.12~A28.K_13R.png,0,-0.7190016776425135,,0.000769555568695,-0.27903813923578363,chromosome
0,0.0008841156959533,182747,182747.12~A4.K_13,13,,normal,182747.12~A4.K_13L.png,182747.12~A4.K_13R.png,train,/data5/chensx/MyProject/UAE/data/arrangement_merged/chr_13/182747.12~A4.K_13L.png,/data5/chensx/MyProject/UAE/data/arrangement_merged/chr_13/182747.12~A4.K_13R.png,0,-0.5661092170574835,,0.0008841156959533,0.2498694691534076,chromosome
0,0.0007886886596679,182747,182747.13~A33.K_13,13,,normal,182747.13~A33.K_13L.png,182747.13~A33.K_13R.png,train,/data5/chensx/MyProject/UAE/data/arrangement_merged/chr_13/182747.13~A33.K_13L.png,/data5/chensx/MyProject/UAE/data/arrangement_merged/chr_13/182747.13~A33.K_13R.png,0,-0.6934665684605184,,0.0007886886596679,-0.19070341379721514,chromosome
0,0.0007981657981872,182747,182747.13~A45.K_13,13,,normal,182747.13~A45.K_13L.png,182747.13~A45.K_13R.png,train,/data5/chensx/MyProject/UAE/data/arrangement_merged/chr_13/182747.13~A45.K_13L.png,/data5/chensx/MyProject/UAE/data/arrangement_merged/chr_13/182747.13~A45.K_13R.png,0,-0.6808183368096236,,0.0007981657981872,-0.14694883016870502,chromosome
0,0.00082927942276,182747,182747.13~A5.K_13,13,,normal,182747.13~A5.K_13L.png,182747.13~A5.K_13R.png,train,/data5/chensx/MyProject/UAE/data/arrangement_merged/chr_13/182747.13~A5.K_13L.png,/data5/chensx/MyProject/UAE/data/arrangement_merged/chr_13/182747.13~A5.K_13R.png,0,-0.6392939536538558,,0.00082927942276,-0.0033017065581074506,chromosome
0,0.0008268952369689,182747,182747.1~A15.K_13,13,,normal,182747.1~A15.K_13L.png,182747.1~A15.K_13R.png,train,/data5/chensx/MyProject/UAE/data/arrangement_merged/chr_13/182747.1~A15.K_13L.png,/data5/chensx/MyProject/UAE/data/arrangement_merged/chr_13/182747.1~A15.K_13R.png,0,-0.6424758987232633,,0.0008268952369689,-0.014309148980748598,chromosome
0,0.0005446672439575,182747,182747.1~A42.K_13,13,,normal,182747.1~A42.K_13L.png,182747.1~A42.K_13R.png,train,/data5/chensx/MyProject/UAE/data/arrangement_merged/chr_13/182747.1~A42.K_13L.png,/data5/chensx/MyProject/UAE/data/arrangement_merged/chr_13/182747.1~A42.K_13R.png,0,-1.0191386463143752,,0.0005446672439575,-1.3173151457144505,chromosome
0,0.0008770823478698,182747,182747.2~A13.K_13,13,,normal,182747.2~A13.K_13L.png,182747.2~A13.K_13R.png,train,/data5/chensx/MyProject/UAE/data/arrangement_merged/chr_13/182747.2~A13.K_13L.png,/data5/chensx/MyProject/UAE/data/arrangement_merged/chr_13/182747.2~A13.K_13R.png,0,-0.5754959550122356,,0.0008770823478698,0.21739751400774704,chromosome
0,0.0007922649383544,182747,182747.3~A20.K_13,13,,normal,182747.3~A20.K_13L.png,182747.3~A20.K_13R.png,train,/data5/chensx/MyProject/UAE/data/arrangement_merged/chr_13/182747.3~A20.K_13L.png,/data5/chensx/MyProject/UAE/data/arrangement_merged/chr_13/182747.3~A20.K_13R.png,0,-0.6886936508564071,,0.0007922649383544,-0.1741922501639457,chromosome
0,0.0006594061851501,182747,182747.3~A24.K_13,13,,normal,182747.3~A24.K_13L.png,182747.3~A24.K_13R.png,train,/data5/chensx/MyProject/UAE/data/arrangement_merged/chr_13/182747.3~A24.K_13L.png,/data5/chensx/MyProject/UAE/data/arrangement_merged/chr_13/182747.3~A24.K_13R.png,0,-0.8660075398491397,,0.0006594061851501,-0.7875819791437116,chromosome
0,0.000496506690979,182747,182747.3~A35.K_13,13,,normal,182747.3~A35.K_13L.png,182747.3~A35.K_13R.png,train,/data5/chensx/MyProject/UAE/data/arrangement_merged/chr_13/182747.3~A35.K_13L.png,/data5/chensx/MyProject/UAE/data/arrangement_merged/chr_13/182747.3~A35.K_13R.png,0,-1.0834139367164066,,0.000496506690979,-1.5396654826438632,chromosome
0,0.0006452202796936,182747,182747.4~A1.K_13,13,,normal,182747.4~A1.K_13L.png,182747.4~A1.K_13R.png,train,/data5/chensx/MyProject/UAE/data/arrangement_merged/chr_13/182747.4~A1.K_13L.png,/data5/chensx/MyProject/UAE/data/arrangement_merged/chr_13/182747.4~A1.K_13R.png,0,-0.8849401130121143,,0.0006452202796936,-0.8530762615559105,chromosome
0,0.0007122159004211,182747,182747.4~A32.K_13,13,,normal,182747.4~A32.K_13L.png,182747.4~A32.K_13R.png,train,/data5/chensx/MyProject/UAE/data/arrangement_merged/chr_13/182747.4~A32.K_13L.png,/data5/chensx/MyProject/UAE/data/arrangement_merged/chr_13/182747.4~A32.K_13R.png,0,-0.7955274565617637,,0.0007122159004211,-0.5437671294908182,chromosome
0,0.0008776187896728,182747,182747.4~A33.K_13,13,,normal,182747.4~A33.K_13L.png,182747.4~A33.K_13R.png,train,/data5/chensx/MyProject/UAE/data/arrangement_merged/chr_13/182747.4~A33.K_13L.png,/data5/chensx/MyProject/UAE/data/arrangement_merged/chr_13/182747.4~A33.K_13R.png,0,-0.5747800173716189,,0.0008776187896728,0.2198741885528528,chromosome
0,0.0007309317588806,182747,182747.4~A35.K_13,13,,normal,182747.4~A35.K_13L.png,182747.4~A35.K_13R.png,train,/data5/chensx/MyProject/UAE/data/arrangement_merged/chr_13/182747.4~A35.K_13L.png,/data5/chensx/MyProject/UAE/data/arrangement_merged/chr_13/182747.4~A35.K_13R.png,0,-0.770549187766915,,0.0007309317588806,-0.45735870647601606,chromosome
0,0.0007587075233459,182747,182747.4~A41.K_13,13,,normal,182747.4~A41.K_13L.png,182747.4~A41.K_13R.png,train,/data5/chensx/MyProject/UAE/data/arrangement_merged/chr_13/182747.4~A41.K_13L.png,/data5/chensx/MyProject/UAE/data/arrangement_merged/chr_13/182747.4~A41.K_13R.png,0,-0.7334795277083176,,0.0007587075233459,-0.32912200225693133,chromosome
0,0.0007239580154418,182747,182747.4~A43.K_13,13,,normal,182747.4~A43.K_13L.png,182747.4~A43.K_13R.png,train,/data5/chensx/MyProject/UAE/data/arrangement_merged/chr_13/182747.4~A43.K_13L.png,/data5/chensx/MyProject/UAE/data/arrangement_merged/chr_13/182747.4~A43.K_13R.png,0,-0.7798563770949318,,0.0007239580154418,-0.4895554755614683,chromosome
0,0.000860571861267,182747,182747.4~A9.K_13,13,,normal,182747.4~A9.K_13L.png,182747.4~A9.K_13R.png,train,/data5/chensx/MyProject/UAE/data/arrangement_merged/chr_13/182747.4~A9.K_13L.png,/data5/chensx/MyProject/UAE/data/arrangement_merged/chr_13/182747.4~A9.K_13R.png,0,-0.5975309246178825,,0.000860571861267,0.14117097523357636,chromosome
0,0.0007194280624389,183038,183038.11~A13.K_13,13,,normal,183038.11~A13.K_13L.png,183038.11~A13.K_13R.png,train,/data5/chensx/MyProject/UAE/data/arrangement_merged/chr_13/183038.11~A13.K_13L.png,/data5/chensx/MyProject/UAE/data/arrangement_merged/chr_13/183038.11~A13.K_13R.png,0,-0.7852532461365859,,0.0007194280624389,-0.5104696161636093,chromosome
0,0.0009335875511169,183038,183038.11~A39.K_13,13,,normal,183038.11~A39.K_13L.png,183038.11~A39.K_13R.png,train,/data5/chensx/MyProject/UAE/data/arrangement_merged/chr_13/183038.11~A39.K_13L.png,/data5/chensx/MyProject/UAE/data/arrangement_merged/chr_13/183038.11~A39.K_13R.png,0,-0.5090027136918128,,0.0009335875511169,0.4782738994152498,chromosome
0,0.0007563829421997,183038,183038.12~A11.K_13,13,,normal,183038.12~A11.K_13L.png,183038.12~A11.K_13R.png,train,/data5/chensx/MyProject/UAE/data/arrangement_merged/chr_13/183038.12~A11.K_13L.png,/data5/chensx/MyProject/UAE/data/arrangement_merged/chr_13/183038.12~A11.K_13R.png,0,-0.7375840754948494,,0.0007563829421997,-0.33985425861844104,chromosome
0,0.0006489157676696,183038,183038.12~A45.K_13,13,,normal,183038.12~A45.K_13L.png,183038.12~A45.K_13R.png,train,/data5/chensx/MyProject/UAE/data/arrangement_merged/chr_13/183038.12~A45.K_13L.png,/data5/chensx/MyProject/UAE/data/arrangement_merged/chr_13/183038.12~A45.K_13R.png,0,-0.8762090991513831,,0.0006489157676696,-0.8360147258017633,chromosome
0,0.000948429107666,183038,183038.13~A11.K_13,13,,normal,183038.13~A11.K_13L.png,183038.13~A11.K_13R.png,train,/data5/chensx/MyProject/UAE/data/arrangement_merged/chr_13/183038.13~A11.K_13L.png,/data5/chensx/MyProject/UAE/data/arrangement_merged/chr_13/183038.13~A11.K_13R.png,0,-0.4898581596760187,,0.000948429107666,0.5467952284938948,chromosome
0,0.0009940862655639,183038,183038.13~A29.K_13,13,,normal,183038.13~A29.K_13L.png,183038.13~A29.K_13R.png,train,/data5/chensx/MyProject/UAE/data/arrangement_merged/chr_13/183038.13~A29.K_13L.png,/data5/chensx/MyProject/UAE/data/arrangement_merged/chr_13/183038.13~A29.K_13R.png,0,-0.4309636682057442,,0.0009940862655639,0.7575877508797878,chromosome
0,0.0006474256515502,183038,183038.13~A39.K_13,13,,normal,183038.13~A39.K_13L.png,183038.13~A39.K_13R.png,train,/data5/chensx/MyProject/UAE/data/arrangement_merged/chr_13/183038.13~A39.K_13L.png,/data5/chensx/MyProject/UAE/data/arrangement_merged/chr_13/183038.13~A39.K_13R.png,0,-0.8781312431288726,,0.0006474256515502,-0.8428943773157407,chromosome
0,0.0014474987983703,183038,183038.13~A47.K_13,13,,normal,183038.13~A47.K_13L.png,183038.13~A47.K_13R.png,train,/data5/chensx/MyProject/UAE/data/arrangement_merged/chr_13/183038.13~A47.K_13L.png,/data5/chensx/MyProject/UAE/data/arrangement_merged/chr_13/183038.13~A47.K_13R.png,0,0.153906301264723,,0.0014474987983703,2.850928113531523,chromosome
0,0.000812828540802,183038,183038.14~A2.K_13,13,,normal,183038.14~A2.K_13L.png,183038.14~A2.K_13R.png,train,/data5/chensx/MyProject/UAE/data/arrangement_merged/chr_13/183038.14~A2.K_13L.png,/data5/chensx/MyProject/UAE/data/arrangement_merged/chr_13/183038.14~A2.K_13R.png,0,-0.6647732616275519,,0.000812828540802,-0.07925305927160822,chromosome
0,0.0009061694145202,183038,183038.14~A3.K_13,13,,normal,183038.14~A3.K_13L.png,183038.14~A3.K_13R.png,train,/data5/chensx/MyProject/UAE/data/arrangement_merged/chr_13/183038.14~A3.K_13L.png,/data5/chensx/MyProject/UAE/data/arrangement_merged/chr_13/183038.14~A3.K_13R.png,0,-0.5443701628776174,,0.0009061694145202,0.35168831155926145,chromosome
0,0.0012786984443664,183038,183038.14~A30.K_13,13,,normal,183038.14~A30.K_13L.png,183038.14~A30.K_13R.png,train,/data5/chensx/MyProject/UAE/data/arrangement_merged/chr_13/183038.14~A30.K_13L.png,/data5/chensx/MyProject/UAE/data/arrangement_merged/chr_13/183038.14~A30.K_13R.png,0,-0.0638341685052734,,0.0012786984443664,2.071601190036131,chromosome
0,0.0008728504180908,183038,183038.14~A34.K_13,13,,normal,183038.14~A34.K_13L.png,183038.14~A34.K_13R.png,train,/data5/chensx/MyProject/UAE/data/arrangement_merged/chr_13/183038.14~A34.K_13L.png,/data5/chensx/MyProject/UAE/data/arrangement_merged/chr_13/183038.14~A34.K_13R.png,0,-0.5873493022142798,,0.0008728504180908,0.19785930370849403,chromosome
0,0.0008209943771362,183038,183038.14~A48.K_13,13,,normal,183038.14~A48.K_13L.png,183038.14~A48.K_13R.png,train,/data5/chensx/MyProject/UAE/data/arrangement_merged/chr_13/183038.14~A48.K_13L.png,/data5/chensx/MyProject/UAE/data/arrangement_merged/chr_13/183038.14~A48.K_13R.png,0,-0.6542399126309101,,0.0008209943771362,-0.041552568975527754,chromosome
0,0.0009229183197021,183038,183038.14~A9.K_13,13,,normal,183038.14~A9.K_13L.png,183038.14~A9.K_13R.png,train,/data5/chensx/MyProject/UAE/data/arrangement_merged/chr_13/183038.14~A9.K_13L.png,/data5/chensx/MyProject/UAE/data/arrangement_merged/chr_13/183038.14~A9.K_13R.png,0,-0.5227652645706368,,0.0009229183197021,0.4290155945756498,chromosome
0,0.0010788440704345,183038,183038.1~A28.K_13,13,,normal,183038.1~A28.K_13L.png,183038.1~A28.K_13R.png,train,/data5/chensx/MyProject/UAE/data/arrangement_merged/chr_13/183038.1~A28.K_13L.png,/data5/chensx/MyProject/UAE/data/arrangement_merged/chr_13/183038.1~A28.K_13R.png,0,-0.3216321187661485,,0.0010788440704345,1.1489023289908111,chromosome
0,0.000969648361206,183038,183038.2~A12.K_13,13,,normal,183038.2~A12.K_13L.png,183038.2~A12.K_13R.png,train,/data5/chensx/MyProject/UAE/data/arrangement_merged/chr_13/183038.2~A12.K_13L.png,/data5/chensx/MyProject/UAE/data/arrangement_merged/chr_13/183038.2~A12.K_13R.png,0,-0.46248682943657,,0.000969648361206,0.6447614660517549,chromosome
0,0.0008623600006103,183038,183038.2~A13.K_13,13,,normal,183038.2~A13.K_13L.png,183038.2~A13.K_13R.png,train,/data5/chensx/MyProject/UAE/data/arrangement_merged/chr_13/183038.2~A13.K_13L.png,/data5/chensx/MyProject/UAE/data/arrangement_merged/chr_13/183038.2~A13.K_13R.png,0,-0.600881195815805,,0.0008623600006103,0.14942655705044183,chromosome
0,0.0008570551872253,183038,183038.2~A15.K_13,13,,normal,183038.2~A15.K_13L.png,183038.2~A15.K_13R.png,train,/data5/chensx/MyProject/UAE/data/arrangement_merged/chr_13/183038.2~A15.K_13L.png,/data5/chensx/MyProject/UAE/data/arrangement_merged/chr_13/183038.2~A15.K_13R.png,0,-0.6077240283756672,,0.0008570551872253,0.12493499766097682,chromosome
0,0.0008127689361572,183038,183038.2~A21.K_13,13,,normal,183038.2~A21.K_13L.png,183038.2~A21.K_13R.png,train,/data5/chensx/MyProject/UAE/data/arrangement_merged/chr_13/183038.2~A21.K_13L.png,/data5/chensx/MyProject/UAE/data/arrangement_merged/chr_13/183038.2~A21.K_13R.png,0,-0.6648501473866514,,0.0008127689361572,-0.07952824533227815,chromosome
0,0.0006653666496276,183038,183038.2~A43.K_13,13,,normal,183038.2~A43.K_13L.png,183038.2~A43.K_13R.png,train,/data5/chensx/MyProject/UAE/data/arrangement_merged/chr_13/183038.2~A43.K_13L.png,/data5/chensx/MyProject/UAE/data/arrangement_merged/chr_13/183038.2~A43.K_13R.png,0,-0.8549886296399004,,0.0006653666496276,-0.7600633730882626,chromosome
0,0.0008515119552612,183038,183038.2~A46.K_13,13,,normal,183038.2~A46.K_13L.png,183038.2~A46.K_13R.png,train,/data5/chensx/MyProject/UAE/data/arrangement_merged/chr_13/183038.2~A46.K_13L.png,/data5/chensx/MyProject/UAE/data/arrangement_merged/chr_13/183038.2~A46.K_13R.png,0,-0.6148744039719277,,0.0008515119552612,0.09934269402929416,chromosome
0,0.0009948015213012,183038,183038.2~A47.K_13,13,,normal,183038.2~A47.K_13L.png,183038.2~A47.K_13R.png,train,/data5/chensx/MyProject/UAE/data/arrangement_merged/chr_13/183038.2~A47.K_13L.png,/data5/chensx/MyProject/UAE/data/arrangement_merged/chr_13/183038.2~A47.K_13R.png,0,-0.4300410390965493,,0.0009948015213012,0.7608899836064413,chromosome
0,0.000649094581604,183038,183038.3~A12.K_13,13,,normal,183038.3~A12.K_13L.png,183038.3~A12.K_13R.png,train,/data5/chensx/MyProject/UAE/data/arrangement_merged/chr_13/183038.3~A12.K_13L.png,/data5/chensx/MyProject/UAE/data/arrangement_merged/chr_13/183038.3~A12.K_13R.png,0,-0.8759784418740845,,0.000649094581604,-0.8351891676197535,chromosome
0,0.0008469223976135,183038,183038.3~A19.K_13,13,,normal,183038.3~A19.K_13L.png,183038.3~A19.K_13R.png,train,/data5/chensx/MyProject/UAE/data/arrangement_merged/chr_13/183038.3~A19.K_13L.png,/data5/chensx/MyProject/UAE/data/arrangement_merged/chr_13/183038.3~A19.K_13R.png,0,-0.620794607422595,,0.0008469223976135,0.07815336736648314,chromosome
0,0.0011469721794128,183038,183038.3~A30.K_13,13,,normal,183038.3~A30.K_13L.png,183038.3~A30.K_13R.png,train,/data5/chensx/MyProject/UAE/data/arrangement_merged/chr_13/183038.3~A30.K_13L.png,/data5/chensx/MyProject/UAE/data/arrangement_merged/chr_13/183038.3~A30.K_13R.png,0,-0.2337516961153342,,0.0011469721794128,1.463439996206785,chromosome
0,0.0005627274513244,183038,183038.3~A36.K_13,13,,normal,183038.3~A36.K_13L.png,183038.3~A36.K_13R.png,train,/data5/chensx/MyProject/UAE/data/arrangement_merged/chr_13/183038.3~A36.K_13L.png,/data5/chensx/MyProject/UAE/data/arrangement_merged/chr_13/183038.3~A36.K_13R.png,0,-0.9873859068093688,,0.0005627274513244,-1.2339337693660941,chromosome
0,0.0007246732711791,183038,183038.4~A15.K_13,13,,normal,183038.4~A15.K_13L.png,183038.4~A15.K_13R.png,train,/data5/chensx/MyProject/UAE/data/arrangement_merged/chr_13/183038.4~A15.K_13L.png,/data5/chensx/MyProject/UAE/data/arrangement_merged/chr_13/183038.4~A15.K_13R.png,0,-0.7784872993358233,,0.0007246732711791,-0.48625324283481425,chromosome
0,0.0008245706558227,183038,183038.4~A24.K_13,13,,normal,183038.4~A24.K_13L.png,183038.4~A24.K_13R.png,train,/data5/chensx/MyProject/UAE/data/arrangement_merged/chr_13/183038.4~A24.K_13L.png,/data5/chensx/MyProject/UAE/data/arrangement_merged/chr_13/183038.4~A24.K_13R.png,0,-0.6496267670849356,,0.0008245706558227,-0.025041405342258308,chromosome
0,0.0008960962295532,183038,183038.4~A36.K_13,13,,normal,183038.4~A36.K_13L.png,183038.4~A36.K_13R.png,train,/data5/chensx/MyProject/UAE/data/arrangement_merged/chr_13/183038.4~A36.K_13L.png,/data5/chensx/MyProject/UAE/data/arrangement_merged/chr_13/183038.4~A36.K_13R.png,0,-0.5573638561654456,,0.0008960962295532,0.30518186732543723,chromosome
0,0.00071382522583,183038,183038.4~A39.K_13,13,,normal,183038.4~A39.K_13L.png,183038.4~A39.K_13R.png,train,/data5/chensx/MyProject/UAE/data/arrangement_merged/chr_13/183038.4~A39.K_13L.png,/data5/chensx/MyProject/UAE/data/arrangement_merged/chr_13/183038.4~A39.K_13R.png,0,-0.792480507491946,,0.00071382522583,-0.5363371058559624,chromosome
0,0.0019830465316772,183079,183079.11~A27.K_13,13,,normal,183079.11~A27.K_13L.png,183079.11~A27.K_13R.png,train,/data5/chensx/MyProject/UAE/data/arrangement_merged/chr_13/183079.11~A27.K_13L.png,/data5/chensx/MyProject/UAE/data/arrangement_merged/chr_13/183079.11~A27.K_13R.png,0,0.9409987653903488,,0.0019830465316772,5.323474867629885,chromosome
0,0.0007760524749755,183079,183079.12~A27.K_13,13,,normal,183079.12~A27.K_13L.png,183079.12~A27.K_13R.png,train,/data5/chensx/MyProject/UAE/data/arrangement_merged/chr_13/183079.12~A27.K_13L.png,/data5/chensx/MyProject/UAE/data/arrangement_merged/chr_13/183079.12~A27.K_13R.png,0,-0.691160808264959,,0.0007760524749755,-0.24904285863522882,chromosome
0,0.0009974837303161,183079,183079.12~A37.K_13,13,,normal,183079.12~A37.K_13L.png,183079.12~A37.K_13R.png,train,/data5/chensx/MyProject/UAE/data/arrangement_merged/chr_13/183079.12~A37.K_13L.png,/data5/chensx/MyProject/UAE/data/arrangement_merged/chr_13/183079.12~A37.K_13R.png,0,-0.3917300519128864,,0.0009974837303161,0.7732733563315095,chromosome
0,0.0008833408355712,183079,183079.12~A44.K_13,13,,normal,183079.12~A44.K_13L.png,183079.12~A44.K_13R.png,train,/data5/chensx/MyProject/UAE/data/arrangement_merged/chr_13/183079.12~A44.K_13L.png,/data5/chensx/MyProject/UAE/data/arrangement_merged/chr_13/183079.12~A44.K_13R.png,0,-0.546079957273376,,0.0008833408355712,0.2462920503660842,chromosome
0,0.0006967782974243,183079,183079.13~A12.K_13,13,,normal,183079.13~A12.K_13L.png,183079.13~A12.K_13R.png,train,/data5/chensx/MyProject/UAE/data/arrangement_merged/chr_13/183079.13~A12.K_13L.png,/data5/chensx/MyProject/UAE/data/arrangement_merged/chr_13/183079.13~A12.K_13R.png,0,-0.7983594370531841,,0.0006967782974243,-0.6150403191747769,chromosome
0,0.0009266138076782,183079,183079.13~A19.K_13,13,,normal,183079.13~A19.K_13L.png,183079.13~A19.K_13R.png,train,/data5/chensx/MyProject/UAE/data/arrangement_merged/chr_13/183079.13~A19.K_13L.png,/data5/chensx/MyProject/UAE/data/arrangement_merged/chr_13/183079.13~A19.K_13R.png,0,-0.4875640140401043,,0.0009266138076782,0.4460771303302591,chromosome
0,0.000898003578186,183079,183079.13~A27.K_13,13,,normal,183079.13~A27.K_13L.png,183079.13~A27.K_13R.png,train,/data5/chensx/MyProject/UAE/data/arrangement_merged/chr_13/183079.13~A27.K_13L.png,/data5/chensx/MyProject/UAE/data/arrangement_merged/chr_13/183079.13~A27.K_13R.png,0,-0.526252240971193,,0.000898003578186,0.31398782126318103,chromosome
0,0.0008231401443481,183079,183079.13~A6.K_13,13,,normal,183079.13~A6.K_13L.png,183079.13~A6.K_13R.png,train,/data5/chensx/MyProject/UAE/data/arrangement_merged/chr_13/183079.13~A6.K_13L.png,/data5/chensx/MyProject/UAE/data/arrangement_merged/chr_13/183079.13~A6.K_13R.png,0,-0.6274864347742086,,0.0008231401443481,-0.031645870795566286,chromosome
0,0.0007135272026062,183079,183079.13~A9.K_13,13,,normal,183079.13~A9.K_13L.png,183079.13~A9.K_13R.png,train,/data5/chensx/MyProject/UAE/data/arrangement_merged/chr_13/183079.13~A9.K_13L.png,/data5/chensx/MyProject/UAE/data/arrangement_merged/chr_13/183079.13~A9.K_13R.png,0,-0.7757107042039425,,0.0007135272026062,-0.5377130361583885,chromosome
0,0.0008497834205627,183079,183079.14~A11.K_13,13,,normal,183079.14~A11.K_13L.png,183079.14~A11.K_13R.png,train,/data5/chensx/MyProject/UAE/data/arrangement_merged/chr_13/183079.14~A11.K_13L.png,/data5/chensx/MyProject/UAE/data/arrangement_merged/chr_13/183079.14~A11.K_13R.png,0,-0.5914580234446323,,0.0008497834205627,0.0913622982730986,chromosome
0,0.0008985996246337,183079,183079.14~A13.K_13,13,,normal,183079.14~A13.K_13L.png,183079.14~A13.K_13R.png,train,/data5/chensx/MyProject/UAE/data/arrangement_merged/chr_13/183079.14~A13.K_13L.png,/data5/chensx/MyProject/UAE/data/arrangement_merged/chr_13/183079.14~A13.K_13R.png,0,-0.525446236243462,,0.0008985996246337,0.31673968186849516,chromosome
0,0.0006072521209716,183079,183079.14~A23.K_13,13,,normal,183079.14~A23.K_13L.png,183079.14~A23.K_13R.png,train,/data5/chensx/MyProject/UAE/data/arrangement_merged/chr_13/183079.14~A23.K_13L.png,/data5/chensx/MyProject/UAE/data/arrangement_merged/chr_13/183079.14~A23.K_13R.png,0,-0.9194213471583826,,0.0006072521209716,-1.028369782130621,chromosome
0,0.0009282231330871,183079,183079.14~A24.K_13,13,,normal,183079.14~A24.K_13L.png,183079.14~A24.K_13R.png,train,/data5/chensx/MyProject/UAE/data/arrangement_merged/chr_13/183079.14~A24.K_13L.png,/data5/chensx/MyProject/UAE/data/arrangement_merged/chr_13/183079.14~A24.K_13R.png,0,-0.4853878012752305,,0.0009282231330871,0.4535071539651148,chromosome
0,0.0007001161575317,183079,183079.14~A26.K_13,13,,normal,183079.14~A26.K_13L.png,183079.14~A26.K_13R.png,train,/data5/chensx/MyProject/UAE/data/arrangement_merged/chr_13/183079.14~A26.K_13L.png,/data5/chensx/MyProject/UAE/data/arrangement_merged/chr_13/183079.14~A26.K_13R.png,0,-0.7938458105778904,,0.0007001161575317,-0.5996298997837256,chromosome
0,0.0007392764091491,183079,183079.14~A28.K_13,13,,normal,183079.14~A28.K_13L.png,183079.14~A28.K_13R.png,train,/data5/chensx/MyProject/UAE/data/arrangement_merged/chr_13/183079.14~A28.K_13L.png,/data5/chensx/MyProject/UAE/data/arrangement_merged/chr_13/183079.14~A28.K_13R.png,0,-0.7408912999659626,,0.0007392764091491,-0.41883265799838737,chromosome
0,0.0010304450988769,183079,183079.14~A3.K_13,13,,normal,183079.14~A3.K_13L.png,183079.14~A3.K_13R.png,train,/data5/chensx/MyProject/UAE/data/arrangement_merged/chr_13/183079.14~A3.K_13L.png,/data5/chensx/MyProject/UAE/data/arrangement_merged/chr_13/183079.14~A3.K_13R.png,0,-0.3471579904693613,,0.0010304450988769,0.9254512478191805,chromosome
0,0.0008738040924072,183079,183079.14~A34.K_13,13,,normal,183079.14~A34.K_13L.png,183079.14~A34.K_13R.png,train,/data5/chensx/MyProject/UAE/data/arrangement_merged/chr_13/183079.14~A34.K_13L.png,/data5/chensx/MyProject/UAE/data/arrangement_merged/chr_13/183079.14~A34.K_13R.png,0,-0.5589760329170723,,0.0008738040924072,0.20226228067736568,chromosome
0,0.0009659528732299,183079,183079.14~A38.K_13,13,,normal,183079.14~A38.K_13L.png,183079.14~A38.K_13R.png,train,/data5/chensx/MyProject/UAE/data/arrangement_merged/chr_13/183079.14~A38.K_13L.png,/data5/chensx/MyProject/UAE/data/arrangement_merged/chr_13/183079.14~A38.K_13R.png,0,-0.4343677020098572,,0.0009659528732299,0.6276999302971455,chromosome
0,0.0007249116897583,183079,183079.14~A6.K_13,13,,normal,183079.14~A6.K_13L.png,183079.14~A6.K_13R.png,train,/data5/chensx/MyProject/UAE/data/arrangement_merged/chr_13/183079.14~A6.K_13L.png,/data5/chensx/MyProject/UAE/data/arrangement_merged/chr_13/183079.14~A6.K_13R.png,0,-0.7603160139042802,,0.0007249116897583,-0.4851524985921346,chromosome
0,0.0007792711257934,183079,183079.2~A40.K_13,13,,normal,183079.2~A40.K_13L.png,183079.2~A40.K_13R.png,train,/data5/chensx/MyProject/UAE/data/arrangement_merged/chr_13/183079.2~A40.K_13L.png,/data5/chensx/MyProject/UAE/data/arrangement_merged/chr_13/183079.2~A40.K_13R.png,0,-0.6868083827352115,,0.0007792711257934,-0.23418281136505534,chromosome
0,0.0009961724281311,183079,183079.2~A8.K_13,13,,normal,183079.2~A8.K_13L.png,183079.2~A8.K_13R.png,train,/data5/chensx/MyProject/UAE/data/arrangement_merged/chr_13/183079.2~A8.K_13L.png,/data5/chensx/MyProject/UAE/data/arrangement_merged/chr_13/183079.2~A8.K_13R.png,0,-0.3935032623138947,,0.0009961724281311,0.7672192629995414,chromosome
0,0.000817060470581,183079,183079.3~A16.K_13,13,,normal,183079.3~A16.K_13L.png,183079.3~A16.K_13R.png,train,/data5/chensx/MyProject/UAE/data/arrangement_merged/chr_13/183079.3~A16.K_13L.png,/data5/chensx/MyProject/UAE/data/arrangement_merged/chr_13/183079.3~A16.K_13R.png,0,-0.635707682997065,,0.000817060470581,-0.059714848972354705,chromosome
0,0.0005411505699157,183079,183079.3~A22.K_13,13,,normal,183079.3~A22.K_13L.png,183079.3~A22.K_13R.png,train,/data5/chensx/MyProject/UAE/data/arrangement_merged/chr_13/183079.3~A22.K_13L.png,/data5/chensx/MyProject/UAE/data/arrangement_merged/chr_13/183079.3~A22.K_13R.png,0,-1.0088072714637524,,0.0005411505699157,-1.3335511232875117,chromosome
0,0.0005229711532592,183079,183079.3~A5.K_13,13,,normal,183079.3~A5.K_13L.png,183079.3~A5.K_13R.png,train,/data5/chensx/MyProject/UAE/data/arrangement_merged/chr_13/183079.3~A5.K_13L.png,/data5/chensx/MyProject/UAE/data/arrangement_merged/chr_13/183079.3~A5.K_13R.png,0,-1.0333904156595484,,0.0005229711532592,-1.4174828717572079,chromosome
0,0.0009873509407043,183079,183079.3~A7.K_13,13,,normal,183079.3~A7.K_13L.png,183079.3~A7.K_13R.png,train,/data5/chensx/MyProject/UAE/data/arrangement_merged/chr_13/183079.3~A7.K_13L.png,/data5/chensx/MyProject/UAE/data/arrangement_merged/chr_13/183079.3~A7.K_13R.png,0,-0.4054321322843137,,0.0009873509407043,0.7264917260370148,chromosome
0,0.0007494688034057,183079,183079.4~A13.K_13,13,,normal,183079.4~A13.K_13L.png,183079.4~A13.K_13R.png,train,/data5/chensx/MyProject/UAE/data/arrangement_merged/chr_13/183079.4~A13.K_13L.png,/data5/chensx/MyProject/UAE/data/arrangement_merged/chr_13/183079.4~A13.K_13R.png,0,-0.7271086191217623,,0.0007494688034057,-0.37177584164322325,chromosome
0,0.0007395148277282,183079,183079.4~A17.K_13,13,,normal,183079.4~A17.K_13L.png,183079.4~A17.K_13R.png,train,/data5/chensx/MyProject/UAE/data/arrangement_merged/chr_13/183079.4~A17.K_13L.png,/data5/chensx/MyProject/UAE/data/arrangement_merged/chr_13/183079.4~A17.K_13R.png,0,-0.7405688980748703,,0.0007395148277282,-0.4177319137561692,chromosome
0,0.000644564628601,183079,183079.4~A18.K_13,13,,normal,183079.4~A18.K_13L.png,183079.4~A18.K_13R.png,train,/data5/chensx/MyProject/UAE/data/arrangement_merged/chr_13/183079.4~A18.K_13L.png,/data5/chensx/MyProject/UAE/data/arrangement_merged/chr_13/183079.4~A18.K_13R.png,0,-0.8689654512024211,,0.000644564628601,-0.8561033082223567,chromosome
0,0.0007742047309875,183079,183079.4~A23.K_13,13,,normal,183079.4~A23.K_13L.png,183079.4~A23.K_13R.png,train,/data5/chensx/MyProject/UAE/data/arrangement_merged/chr_13/183079.4~A23.K_13L.png,/data5/chensx/MyProject/UAE/data/arrangement_merged/chr_13/183079.4~A23.K_13R.png,0,-0.6936594229209251,,0.0007742047309875,-0.2575736265123022,chromosome
0,0.0006168484687805,183079,183079.4~A29.K_13,13,,normal,183079.4~A29.K_13L.png,183079.4~A29.K_13R.png,train,/data5/chensx/MyProject/UAE/data/arrangement_merged/chr_13/183079.4~A29.K_13L.png,/data5/chensx/MyProject/UAE/data/arrangement_merged/chr_13/183079.4~A29.K_13R.png,0,-0.9064446710419132,,0.0006168484687805,-0.984064826380771,chromosome
0,0.0007736682891845,183079,183079.4~A4.K_13,13,,normal,183079.4~A4.K_13L.png,183079.4~A4.K_13R.png,train,/data5/chensx/MyProject/UAE/data/arrangement_merged/chr_13/183079.4~A4.K_13L.png,/data5/chensx/MyProject/UAE/data/arrangement_merged/chr_13/183079.4~A4.K_13R.png,0,-0.694384827175883,,0.0007736682891845,-0.26005030105740845,chromosome
0,0.0007011294364929,183079,183079.4~A50.K_13,13,,normal,183079.4~A50.K_13L.png,183079.4~A50.K_13R.png,train,/data5/chensx/MyProject/UAE/data/arrangement_merged/chr_13/183079.4~A50.K_13L.png,/data5/chensx/MyProject/UAE/data/arrangement_merged/chr_13/183079.4~A50.K_13R.png,0,-0.7924756025407477,,0.0007011294364929,-0.594951736754184,chromosome
0,0.0008164644241333,183214,183214.11~A34.K_13,13,,normal,183214.11~A34.K_13L.png,183214.11~A34.K_13R.png,train,/data5/chensx/MyProject/UAE/data/arrangement_merged/chr_13/183214.11~A34.K_13L.png,/data5/chensx/MyProject/UAE/data/arrangement_merged/chr_13/183214.11~A34.K_13R.png,0,-0.668345502185413,,0.0008164644241333,-0.06246670957766885,chromosome
0,0.00078547000885,183214,183214.11~A9.K_13,13,,normal,183214.11~A9.K_13L.png,183214.11~A9.K_13R.png,train,/data5/chensx/MyProject/UAE/data/arrangement_merged/chr_13/183214.11~A9.K_13L.png,/data5/chensx/MyProject/UAE/data/arrangement_merged/chr_13/183214.11~A9.K_13R.png,0,-0.7089956531350288,,0.00078547000885,-0.2055634610673886,chromosome
0,0.0009863376617431,183214,183214.12~A1.K_13,13,,normal,183214.12~A1.K_13L.png,183214.12~A1.K_13R.png,train,/data5/chensx/MyProject/UAE/data/arrangement_merged/chr_13/183214.12~A1.K_13L.png,/data5/chensx/MyProject/UAE/data/arrangement_merged/chr_13/183214.12~A1.K_13R.png,0,-0.4455514056346344,,0.0009863376617431,0.7218135630074738,chromosome
0,0.000727891921997,183214,183214.12~A24.K_13,13,,normal,183214.12~A24.K_13L.png,183214.12~A24.K_13R.png,train,/data5/chensx/MyProject/UAE/data/arrangement_merged/chr_13/183214.12~A24.K_13L.png,/data5/chensx/MyProject/UAE/data/arrangement_merged/chr_13/183214.12~A24.K_13R.png,0,-0.7845111258606611,,0.000727891921997,-0.4713931955646413,chromosome
0,0.0006937980651855,183214,183214.12~A8.K_13,13,,normal,183214.12~A8.K_13L.png,183214.12~A8.K_13R.png,train,/data5/chensx/MyProject/UAE/data/arrangement_merged/chr_13/183214.12~A8.K_13L.png,/data5/chensx/MyProject/UAE/data/arrangement_merged/chr_13/183214.12~A8.K_13R.png,0,-0.8292262919052383,,0.0006937980651855,-0.6287996222027321,chromosome
0,0.0009845495223999,183214,183214.13~A21.K_13,13,,normal,183214.13~A21.K_13L.png,183214.13~A21.K_13R.png,train,/data5/chensx/MyProject/UAE/data/arrangement_merged/chr_13/183214.13~A21.K_13L.png,/data5/chensx/MyProject/UAE/data/arrangement_merged/chr_13/183214.13~A21.K_13R.png,0,-0.4478966066509584,,0.0009845495223999,0.7135579811910693,chromosome
0,0.0007287263870239,183214,183214.13~A34.K_13,13,,normal,183214.13~A34.K_13L.png,183214.13~A34.K_13R.png,train,/data5/chensx/MyProject/UAE/data/arrangement_merged/chr_13/183214.13~A34.K_13L.png,/data5/chensx/MyProject/UAE/data/arrangement_merged/chr_13/183214.13~A34.K_13R.png,0,-0.7834166987197099,,0.0007287263870239,-0.4675405907166475,chromosome
0,0.0008321404457092,183214,183214.13~A49.K_13,13,,normal,183214.13~A49.K_13L.png,183214.13~A49.K_13R.png,train,/data5/chensx/MyProject/UAE/data/arrangement_merged/chr_13/183214.13~A49.K_13L.png,/data5/chensx/MyProject/UAE/data/arrangement_merged/chr_13/183214.13~A49.K_13R.png,0,-0.6477859066089727,,0.0008321404457092,0.009907224348508006,chromosome
0,0.0007667541503906,183214,183214.13~A6.K_13,13,,normal,183214.13~A6.K_13L.png,183214.13~A6.K_13R.png,train,/data5/chensx/MyProject/UAE/data/arrangement_merged/chr_13/183214.13~A6.K_13L.png,/data5/chensx/MyProject/UAE/data/arrangement_merged/chr_13/183214.13~A6.K_13R.png,0,-0.7335420904392198,,0.0007667541503906,-0.2919718840817292,chromosome
0,0.0006440877914428,183214,183214.14~A11.K_13,13,,normal,183214.14~A11.K_13L.png,183214.14~A11.K_13R.png,train,/data5/chensx/MyProject/UAE/data/arrangement_merged/chr_13/183214.14~A11.K_13L.png,/data5/chensx/MyProject/UAE/data/arrangement_merged/chr_13/183214.14~A11.K_13R.png,0,-0.8944228801590451,,0.0006440877914428,-0.8583047967067925,chromosome
0,0.0008168220520019,183214,183214.14~A17.K_13,13,,normal,183214.14~A17.K_13L.png,183214.14~A17.K_13R.png,train,/data5/chensx/MyProject/UAE/data/arrangement_merged/chr_13/183214.14~A17.K_13L.png,/data5/chensx/MyProject/UAE/data/arrangement_merged/chr_13/183214.14~A17.K_13R.png,0,-0.6678764619821482,,0.0008168220520019,-0.06081559321457287,chromosome
0,0.0007168650627136,183214,183214.14~A19.K_13,13,,normal,183214.14~A19.K_13L.png,183214.14~A19.K_13R.png,train,/data5/chensx/MyProject/UAE/data/arrangement_merged/chr_13/183214.14~A19.K_13L.png,/data5/chensx/MyProject/UAE/data/arrangement_merged/chr_13/183214.14~A19.K_13R.png,0,-0.7989731987946589,,0.0007168650627136,-0.5223026167673372,chromosome
0,0.0005812048912048,183214,183214.14~A21.K_13,13,,normal,183214.14~A21.K_13L.png,183214.14~A21.K_13R.png,train,/data5/chensx/MyProject/UAE/data/arrangement_merged/chr_13/183214.14~A21.K_13L.png,/data5/chensx/MyProject/UAE/data/arrangement_merged/chr_13/183214.14~A21.K_13R.png,0,-0.9768957825664386,,0.0005812048912048,-1.1486260905935097,chromosome
0,0.0006208419799804,183214,183214.14~A6.K_13,13,,normal,183214.14~A6.K_13L.png,183214.14~A6.K_13R.png,train,/data5/chensx/MyProject/UAE/data/arrangement_merged/chr_13/183214.14~A6.K_13L.png,/data5/chensx/MyProject/UAE/data/arrangement_merged/chr_13/183214.14~A6.K_13R.png,0,-0.924910493371257,,0.0006208419799804,-0.9656273603237356,chromosome
0,0.0006525516510009,183214,183214.2~A19.K_13,13,,normal,183214.2~A19.K_13L.png,183214.2~A19.K_13R.png,train,/data5/chensx/MyProject/UAE/data/arrangement_merged/chr_13/183214.2~A19.K_13L.png,/data5/chensx/MyProject/UAE/data/arrangement_merged/chr_13/183214.2~A19.K_13R.png,0,-0.8833222620151115,,0.0006525516510009,-0.819228376107824,chromosome
0,0.0006957650184631,183214,183214.2~A25.K_13,13,,normal,183214.2~A25.K_13L.png,183214.2~A25.K_13R.png,train,/data5/chensx/MyProject/UAE/data/arrangement_merged/chr_13/183214.2~A25.K_13L.png,/data5/chensx/MyProject/UAE/data/arrangement_merged/chr_13/183214.2~A25.K_13R.png,0,-0.826646570787282,,0.0006957650184631,-0.6197184822043189,chromosome
0,0.0005418062210083,183214,183214.2~A30.K_13,13,,normal,183214.2~A30.K_13L.png,183214.2~A30.K_13R.png,train,/data5/chensx/MyProject/UAE/data/arrangement_merged/chr_13/183214.2~A30.K_13L.png,/data5/chensx/MyProject/UAE/data/arrangement_merged/chr_13/183214.2~A30.K_13R.png,0,-1.028568378292777,,0.0005418062210083,-1.330524076621066,chromosome
0,0.0010361671447753,183214,183214.2~A36.K_13,13,,normal,183214.2~A36.K_13L.png,183214.2~A36.K_13R.png,train,/data5/chensx/MyProject/UAE/data/arrangement_merged/chr_13/183214.2~A36.K_13L.png,/data5/chensx/MyProject/UAE/data/arrangement_merged/chr_13/183214.2~A36.K_13R.png,0,-0.380198470646406,,0.0010361671447753,0.9518691096324114,chromosome
0,0.0007325410842895,183214,183214.2~A39.K_13,13,,normal,183214.2~A39.K_13L.png,183214.2~A39.K_13R.png,train,/data5/chensx/MyProject/UAE/data/arrangement_merged/chr_13/183214.2~A39.K_13L.png,/data5/chensx/MyProject/UAE/data/arrangement_merged/chr_13/183214.2~A39.K_13R.png,0,-0.7784136032182186,,0.0007325410842895,-0.4499286828411599,chromosome
0,0.0010204315185546,183214,183214.2~A45.K_13,13,,normal,183214.2~A45.K_13L.png,183214.2~A45.K_13R.png,train,/data5/chensx/MyProject/UAE/data/arrangement_merged/chr_13/183214.2~A45.K_13L.png,/data5/chensx/MyProject/UAE/data/arrangement_merged/chr_13/183214.2~A45.K_13R.png,0,-0.4008362395900571,,0.0010204315185546,0.8792199896455641,chromosome
0,0.0008935928344726,183214,183214.2~A6.K_13,13,,normal,183214.2~A6.K_13L.png,183214.2~A6.K_13R.png,train,/data5/chensx/MyProject/UAE/data/arrangement_merged/chr_13/183214.2~A6.K_13L.png,/data5/chensx/MyProject/UAE/data/arrangement_merged/chr_13/183214.2~A6.K_13R.png,0,-0.5671891650146385,,0.0008935928344726,0.2936240527819177,chromosome
0,0.0006549358367919,183214,183214.3~A12.K_13,13,,normal,183214.3~A12.K_13L.png,183214.3~A12.K_13R.png,train,/data5/chensx/MyProject/UAE/data/arrangement_merged/chr_13/183214.3~A12.K_13L.png,/data5/chensx/MyProject/UAE/data/arrangement_merged/chr_13/183214.3~A12.K_13R.png,0,-0.8801953273266796,,0.0006549358367919,-0.8082209336856443,chromosome
0,0.000940978527069,183214,183214.3~A19.K_13,13,,normal,183214.3~A19.K_13L.png,183214.3~A19.K_13R.png,train,/data5/chensx/MyProject/UAE/data/arrangement_merged/chr_13/183214.3~A19.K_13L.png,/data5/chensx/MyProject/UAE/data/arrangement_merged/chr_13/183214.3~A19.K_13R.png,0,-0.5050413380820529,,0.000940978527069,0.5123969709240063,chromosome
0,0.0009093284606933,183214,183214.3~A28.K_13,13,,normal,183214.3~A28.K_13L.png,183214.3~A28.K_13R.png,train,/data5/chensx/MyProject/UAE/data/arrangement_merged/chr_13/183214.3~A28.K_13L.png,/data5/chensx/MyProject/UAE/data/arrangement_merged/chr_13/183214.3~A28.K_13R.png,0,-0.5465513960709873,,0.0009093284606933,0.36627317276876453,chromosome
0,0.0007802844047546,183214,183214.3~A4.K_13,13,,normal,183214.3~A4.K_13L.png,183214.3~A4.K_13R.png,train,/data5/chensx/MyProject/UAE/data/arrangement_merged/chr_13/183214.3~A4.K_13L.png,/data5/chensx/MyProject/UAE/data/arrangement_merged/chr_13/183214.3~A4.K_13R.png,0,-0.7157967360823683,,0.0007802844047546,-0.22950464833551376,chromosome
0,0.0008375644683837,183214,183214.3~A42.K_13,13,,normal,183214.3~A42.K_13L.png,183214.3~A42.K_13R.png,train,/data5/chensx/MyProject/UAE/data/arrangement_merged/chr_13/183214.3~A42.K_13L.png,/data5/chensx/MyProject/UAE/data/arrangement_merged/chr_13/183214.3~A42.K_13R.png,0,-0.64067213019279,,0.0008375644683837,0.03494915585885134,chromosome
0,0.0007384419441223,183214,183214.3~A43.K_13,13,,normal,183214.3~A43.K_13L.png,183214.3~A43.K_13R.png,train,/data5/chensx/MyProject/UAE/data/arrangement_merged/chr_13/183214.3~A43.K_13L.png,/data5/chensx/MyProject/UAE/data/arrangement_merged/chr_13/183214.3~A43.K_13R.png,0,-0.7706744398643495,,0.0007384419441223,-0.4226852628459192,chromosome
0,0.0008764863014221,183214,183214.3~A47.K_13,13,,normal,183214.3~A47.K_13L.png,183214.3~A47.K_13R.png,train,/data5/chensx/MyProject/UAE/data/arrangement_merged/chr_13/183214.3~A47.K_13L.png,/data5/chensx/MyProject/UAE/data/arrangement_merged/chr_13/183214.3~A47.K_13R.png,0,-0.5896249214041379,,0.0008764863014221,0.21464565340243288,chromosome
0,0.000651478767395,183214,183214.4~A22.K_13,13,,normal,183214.4~A22.K_13L.png,183214.4~A22.K_13R.png,train,/data5/chensx/MyProject/UAE/data/arrangement_merged/chr_13/183214.4~A22.K_13L.png,/data5/chensx/MyProject/UAE/data/arrangement_merged/chr_13/183214.4~A22.K_13R.png,0,-0.884729382624906,,0.000651478767395,-0.8241817251975739,chromosome
0,0.000765323638916,183214,183214.4~A24.K_13,13,,normal,183214.4~A24.K_13L.png,183214.4~A24.K_13R.png,train,/data5/chensx/MyProject/UAE/data/arrangement_merged/chr_13/183214.4~A24.K_13L.png,/data5/chensx/MyProject/UAE/data/arrangement_merged/chr_13/183214.4~A24.K_13R.png,0,-0.735418251252279,,0.000765323638916,-0.29857634953503664,chromosome
0,0.0009026527404785,183214,183214.4~A26.K_13,13,,normal,183214.4~A26.K_13L.png,183214.4~A26.K_13R.png,train,/data5/chensx/MyProject/UAE/data/arrangement_merged/chr_13/183214.4~A26.K_13L.png,/data5/chensx/MyProject/UAE/data/arrangement_merged/chr_13/183214.4~A26.K_13R.png,0,-0.5553068131985969,,0.0009026527404785,0.33545233398666197,chromosome
0,0.0007942914962768,183214,183214.4~A28.K_13,13,,normal,183214.4~A28.K_13L.png,183214.4~A28.K_13R.png,train,/data5/chensx/MyProject/UAE/data/arrangement_merged/chr_13/183214.4~A28.K_13L.png,/data5/chensx/MyProject/UAE/data/arrangement_merged/chr_13/183214.4~A28.K_13R.png,0,-0.6974259947878304,,0.0007942914962768,-0.16483592410486256,chromosome
0,0.0008884072303771,183214,183214.4~A50.K_13,13,,normal,183214.4~A50.K_13L.png,183214.4~A50.K_13R.png,train,/data5/chensx/MyProject/UAE/data/arrangement_merged/chr_13/183214.4~A50.K_13L.png,/data5/chensx/MyProject/UAE/data/arrangement_merged/chr_13/183214.4~A50.K_13R.png,0,-0.573990247961978,,0.0008884072303771,0.26968286551333104,chromosome
0,0.0009061694145202,183214,183214.4~A8.K_13,13,,normal,183214.4~A8.K_13L.png,183214.4~A8.K_13R.png,train,/data5/chensx/MyProject/UAE/data/arrangement_merged/chr_13/183214.4~A8.K_13L.png,/data5/chensx/MyProject/UAE/data/arrangement_merged/chr_13/183214.4~A8.K_13R.png,0,-0.5506945845331598,,0.0009061694145202,0.35168831155926145,chromosome
0,0.0007112026214599,183262,183262.11~A16.K_13,13,,normal,183262.11~A16.K_13L.png,183262.11~A16.K_13R.png,train,/data5/chensx/MyProject/UAE/data/arrangement_merged/chr_13/183262.11~A16.K_13L.png,/data5/chensx/MyProject/UAE/data/arrangement_merged/chr_13/183262.11~A16.K_13R.png,0,-0.7904950836038509,,0.0007112026214599,-0.5484452925203598,chromosome
0,0.0008648633956909,183262,183262.12~A5.K_13,13,,normal,183262.12~A5.K_13L.png,183262.12~A5.K_13R.png,train,/data5/chensx/MyProject/UAE/data/arrangement_merged/chr_13/183262.12~A5.K_13L.png,/data5/chensx/MyProject/UAE/data/arrangement_merged/chr_13/183262.12~A5.K_13R.png,0,-0.5961440709346759,,0.0008648633956909,0.1609843715939613,chromosome
0,0.0007616281509399,183262,183262.14~A1.K_13,13,,normal,183262.14~A1.K_13L.png,183262.14~A1.K_13R.png,train,/data5/chensx/MyProject/UAE/data/arrangement_merged/chr_13/183262.14~A1.K_13L.png,/data5/chensx/MyProject/UAE/data/arrangement_merged/chr_13/183262.14~A1.K_13R.png,0,-0.7267165899195522,,0.0007616281509399,-0.3156378852896459,chromosome
0,0.00076425075531,183262,183262.14~A16.K_13,13,,normal,183262.14~A16.K_13L.png,183262.14~A16.K_13R.png,train,/data5/chensx/MyProject/UAE/data/arrangement_merged/chr_13/183262.14~A16.K_13L.png,/data5/chensx/MyProject/UAE/data/arrangement_merged/chr_13/183262.14~A16.K_13R.png,0,-0.7233995051416454,,0.00076425075531,-0.30352969862524815,chromosome
0,0.0008677244186401,183262,183262.14~A21.K_13,13,,normal,183262.14~A21.K_13L.png,183262.14~A21.K_13R.png,train,/data5/chensx/MyProject/UAE/data/arrangement_merged/chr_13/183262.14~A21.K_13L.png,/data5/chensx/MyProject/UAE/data/arrangement_merged/chr_13/183262.14~A21.K_13R.png,0,-0.5925254329951413,,0.0008677244186401,0.17419330250057677,chromosome
0,0.0007705688476562,183262,183262.14~A23.K_13,13,,normal,183262.14~A23.K_13L.png,183262.14~A23.K_13R.png,train,/data5/chensx/MyProject/UAE/data/arrangement_merged/chr_13/183262.14~A23.K_13L.png,/data5/chensx/MyProject/UAE/data/arrangement_merged/chr_13/183262.14~A23.K_13R.png,0,-0.7154083463585064,,0.0007705688476562,-0.2743599762062416,chromosome
0,0.0008504390716552,183262,183262.14~A29.K_13,13,,normal,183262.14~A29.K_13L.png,183262.14~A29.K_13R.png,train,/data5/chensx/MyProject/UAE/data/arrangement_merged/chr_13/183262.14~A29.K_13L.png,/data5/chensx/MyProject/UAE/data/arrangement_merged/chr_13/183262.14~A29.K_13R.png,0,-0.6143880372131633,,0.0008504390716552,0.09438934493908266,chromosome
0,0.0006976723670959,183262,183262.14~A33.K_13,13,,normal,183262.14~A33.K_13L.png,183262.14~A33.K_13R.png,train,/data5/chensx/MyProject/UAE/data/arrangement_merged/chr_13/183262.14~A33.K_13L.png,/data5/chensx/MyProject/UAE/data/arrangement_merged/chr_13/183262.14~A33.K_13R.png,0,-0.8076082255262337,,0.0006976723670959,-0.6109125282665752,chromosome
0,0.0009584426879882,183262,183262.14~A38.K_13,13,,normal,183262.14~A38.K_13L.png,183262.14~A38.K_13R.png,train,/data5/chensx/MyProject/UAE/data/arrangement_merged/chr_13/183262.14~A38.K_13L.png,/data5/chensx/MyProject/UAE/data/arrangement_merged/chr_13/183262.14~A38.K_13R.png,0,-0.4777844549957292,,0.0009584426879882,0.5930264866670492,chromosome
0,0.000807762145996,183262,183262.14~A45.K_13,13,,normal,183262.14~A45.K_13L.png,183262.14~A45.K_13R.png,train,/data5/chensx/MyProject/UAE/data/arrangement_merged/chr_13/183262.14~A45.K_13L.png,/data5/chensx/MyProject/UAE/data/arrangement_merged/chr_13/183262.14~A45.K_13R.png,0,-0.6683660531445555,,0.000807762145996,-0.10264387441931708,chromosome
0,0.0009061694145202,183262,183262.14~A8.K_13,13,,normal,183262.14~A8.K_13L.png,183262.14~A8.K_13R.png,train,/data5/chensx/MyProject/UAE/data/arrangement_merged/chr_13/183262.14~A8.K_13L.png,/data5/chensx/MyProject/UAE/data/arrangement_merged/chr_13/183262.14~A8.K_13R.png,0,-0.543899985682644,,0.0009061694145202,0.35168831155926145,chromosome
0,0.0009612441062927,183262,183262.1~A2.K_13,13,,normal,183262.1~A2.K_13L.png,183262.1~A2.K_13R.png,train,/data5/chensx/MyProject/UAE/data/arrangement_merged/chr_13/183262.1~A2.K_13L.png,/data5/chensx/MyProject/UAE/data/arrangement_merged/chr_13/183262.1~A2.K_13R.png,0,-0.4742412053466014,,0.0009612441062927,0.6059602315134562,chromosome
0,0.000652253627777,183262,183262.1~A24.K_13,13,,normal,183262.1~A24.K_13L.png,183262.1~A24.K_13R.png,train,/data5/chensx/MyProject/UAE/data/arrangement_merged/chr_13/183262.1~A24.K_13L.png,/data5/chensx/MyProject/UAE/data/arrangement_merged/chr_13/183262.1~A24.K_13R.png,0,-0.8650541028163466,,0.000652253627777,-0.820604306410712,chromosome
0,0.001027762889862,183262,183262.1~A26.K_13,13,,normal,183262.1~A26.K_13L.png,183262.1~A26.K_13R.png,train,/data5/chensx/MyProject/UAE/data/arrangement_merged/chr_13/183262.1~A26.K_13L.png,/data5/chensx/MyProject/UAE/data/arrangement_merged/chr_13/183262.1~A26.K_13R.png,0,-0.3901078732524202,,0.001027762889862,0.9130678750941132,chromosome
0,0.0008995532989501,183262,183262.1~A42.K_13,13,,normal,183262.1~A42.K_13L.png,183262.1~A42.K_13R.png,train,/data5/chensx/MyProject/UAE/data/arrangement_merged/chr_13/183262.1~A42.K_13L.png,/data5/chensx/MyProject/UAE/data/arrangement_merged/chr_13/183262.1~A42.K_13R.png,0,-0.552268085917818,,0.0008995532989501,0.3211426588373668,chromosome
0,0.0007858276367187,183262,183262.1~A9.K_13,13,,normal,183262.1~A9.K_13L.png,183262.1~A9.K_13R.png,train,/data5/chensx/MyProject/UAE/data/arrangement_merged/chr_13/183262.1~A9.K_13L.png,/data5/chensx/MyProject/UAE/data/arrangement_merged/chr_13/183262.1~A9.K_13R.png,0,-0.6961089440143214,,0.0007858276367187,-0.2039123447038306,chromosome
0,0.0008904933929443,183262,183262.2~A10.K_13,13,,normal,183262.2~A10.K_13L.png,183262.2~A10.K_13R.png,train,/data5/chensx/MyProject/UAE/data/arrangement_merged/chr_13/183262.2~A10.K_13L.png,/data5/chensx/MyProject/UAE/data/arrangement_merged/chr_13/183262.2~A10.K_13R.png,0,-0.5637271060596778,,0.0008904933929443,0.2793143776330846,chromosome
0,0.0006403923034667,183262,183262.2~A22.K_13,13,,normal,183262.2~A22.K_13L.png,183262.2~A22.K_13R.png,train,/data5/chensx/MyProject/UAE/data/arrangement_merged/chr_13/183262.2~A22.K_13L.png,/data5/chensx/MyProject/UAE/data/arrangement_merged/chr_13/183262.2~A22.K_13R.png,0,-0.8800563726073342,,0.0006403923034667,-0.8753663324614017,chromosome
0,0.0005987882614135,183262,183262.2~A23.K_13,13,,normal,183262.2~A23.K_13L.png,183262.2~A23.K_13R.png,train,/data5/chensx/MyProject/UAE/data/arrangement_merged/chr_13/183262.2~A23.K_13L.png,/data5/chensx/MyProject/UAE/data/arrangement_merged/chr_13/183262.2~A23.K_13R.png,0,-0.932677399311401,,0.0005987882614135,-1.0674462027295895,chromosome
0,0.0007754564285278,183262,183262.2~A44.K_13,13,,normal,183262.2~A44.K_13L.png,183262.2~A44.K_13R.png,train,/data5/chensx/MyProject/UAE/data/arrangement_merged/chr_13/183262.2~A44.K_13L.png,/data5/chensx/MyProject/UAE/data/arrangement_merged/chr_13/183262.2~A44.K_13R.png,0,-0.7092265065451346,,0.0007754564285278,-0.2517947192405425,chromosome
0,0.0010606050491333,183262,183262.2~A45.K_13,13,,normal,183262.2~A45.K_13L.png,183262.2~A45.K_13R.png,train,/data5/chensx/MyProject/UAE/data/arrangement_merged/chr_13/183262.2~A45.K_13L.png,/data5/chensx/MyProject/UAE/data/arrangement_merged/chr_13/183262.2~A45.K_13R.png,0,-0.3485689252381784,,0.0010606050491333,1.0646953944609059,chromosome
0,0.000842809677124,183262,183262.3~A17.K_13,13,,normal,183262.3~A17.K_13L.png,183262.3~A17.K_13R.png,train,/data5/chensx/MyProject/UAE/data/arrangement_merged/chr_13/183262.3~A17.K_13L.png,/data5/chensx/MyProject/UAE/data/arrangement_merged/chr_13/183262.3~A17.K_13R.png,0,-0.6240377383852558,,0.000842809677124,0.05916552918810794,chromosome
0,0.00069260597229,183262,183262.3~A24.K_13,13,,normal,183262.3~A24.K_13L.png,183262.3~A24.K_13R.png,train,/data5/chensx/MyProject/UAE/data/arrangement_merged/chr_13/183262.3~A24.K_13L.png,/data5/chensx/MyProject/UAE/data/arrangement_merged/chr_13/183262.3~A24.K_13R.png,0,-0.8140162302108264,,0.00069260597229,-0.634303343413822,chromosome
0,0.0008764863014221,183262,183262.3~A30.K_13,13,,normal,183262.3~A30.K_13L.png,183262.3~A30.K_13R.png,train,/data5/chensx/MyProject/UAE/data/arrangement_merged/chr_13/183262.3~A30.K_13L.png,/data5/chensx/MyProject/UAE/data/arrangement_merged/chr_13/183262.3~A30.K_13R.png,0,-0.5814433543053164,,0.0008764863014221,0.21464565340243288,chromosome
0,0.0009767413139343,183262,183262.3~A41.K_13,13,,normal,183262.3~A41.K_13L.png,183262.3~A41.K_13R.png,train,/data5/chensx/MyProject/UAE/data/arrangement_merged/chr_13/183262.3~A41.K_13L.png,/data5/chensx/MyProject/UAE/data/arrangement_merged/chr_13/183262.3~A41.K_13R.png,0,-0.4546402498407886,,0.0009767413139343,0.6775086072580848,chromosome
0,0.0006753206253051,183262,183262.4~A14.K_13,13,,normal,183262.4~A14.K_13L.png,183262.4~A14.K_13R.png,train,/data5/chensx/MyProject/UAE/data/arrangement_merged/chr_13/183262.4~A14.K_13L.png,/data5/chensx/MyProject/UAE/data/arrangement_merged/chr_13/183262.4~A14.K_13R.png,0,-0.8358788344288484,,0.0006753206253051,-0.7141073009753166,chromosome
0,0.0005772113800048,183262,183262.4~A19.K_13,13,,normal,183262.4~A19.K_13L.png,183262.4~A19.K_13R.png,train,/data5/chensx/MyProject/UAE/data/arrangement_merged/chr_13/183262.4~A19.K_13L.png,/data5/chensx/MyProject/UAE/data/arrangement_merged/chr_13/183262.4~A19.K_13R.png,0,-0.959967960438725,,0.0005772113800048,-1.167063556651007,chromosome
0,0.0008628368377685,183262,183262.4~A24.K_13,13,,normal,183262.4~A24.K_13L.png,183262.4~A24.K_13R.png,train,/data5/chensx/MyProject/UAE/data/arrangement_merged/chr_13/183262.4~A24.K_13L.png,/data5/chensx/MyProject/UAE/data/arrangement_merged/chr_13/183262.4~A24.K_13R.png,0,-0.598707272808513,,0.0008628368377685,0.15162804553487816,chromosome
0,0.0007272958755493,183262,183262.4~A29.K_13,13,,normal,183262.4~A29.K_13L.png,183262.4~A29.K_13R.png,train,/data5/chensx/MyProject/UAE/data/arrangement_merged/chr_13/183262.4~A29.K_13L.png,/data5/chensx/MyProject/UAE/data/arrangement_merged/chr_13/183262.4~A29.K_13R.png,0,-0.7701402451939684,,0.0007272958755493,-0.47414505616995495,chromosome
0,0.0008761286735534,183262,183262.4~A31.K_13,13,,normal,183262.4~A31.K_13L.png,183262.4~A31.K_13R.png,train,/data5/chensx/MyProject/UAE/data/arrangement_merged/chr_13/183262.4~A31.K_13L.png,/data5/chensx/MyProject/UAE/data/arrangement_merged/chr_13/183262.4~A31.K_13R.png,0,-0.5818956840477582,,0.0008761286735534,0.2129945370388754,chromosome
0,0.0007932186126708,183262,183262.4~A50.K_13,13,,normal,183262.4~A50.K_13L.png,183262.4~A50.K_13R.png,train,/data5/chensx/MyProject/UAE/data/arrangement_merged/chr_13/183262.4~A50.K_13L.png,/data5/chensx/MyProject/UAE/data/arrangement_merged/chr_13/183262.4~A50.K_13R.png,0,-0.6867607960038569,,0.0007932186126708,-0.16978927319507406,chromosome
0,0.0010396838188171,183786,183786.11~A44.K_13,13,,normal,183786.11~A44.K_13L.png,183786.11~A44.K_13R.png,train,/data5/chensx/MyProject/UAE/data/arrangement_merged/chr_13/183786.11~A44.K_13L.png,/data5/chensx/MyProject/UAE/data/arrangement_merged/chr_13/183786.11~A44.K_13R.png,0,-0.1968187377994697,,0.0010396838188171,0.968105087205473,chromosome
0,0.0006906390190124,183786,183786.12~A1.K_13,13,,normal,183786.12~A1.K_13L.png,183786.12~A1.K_13R.png,train,/data5/chensx/MyProject/UAE/data/arrangement_merged/chr_13/183786.12~A1.K_13L.png,/data5/chensx/MyProject/UAE/data/arrangement_merged/chr_13/183786.12~A1.K_13R.png,0,-0.3788464137548762,,0.0006906390190124,-0.6433844834122358,chromosome
0,0.0007534027099609,183786,183786.12~A12.K_13,13,,normal,183786.12~A12.K_13L.png,183786.12~A12.K_13R.png,train,/data5/chensx/MyProject/UAE/data/arrangement_merged/chr_13/183786.12~A12.K_13L.png,/data5/chensx/MyProject/UAE/data/arrangement_merged/chr_13/183786.12~A12.K_13R.png,0,-0.3461150027608457,,0.0007534027099609,-0.3536135616463963,chromosome
0,0.0006133317947387,183786,183786.12~A15.K_13,13,,normal,183786.12~A15.K_13L.png,183786.12~A15.K_13R.png,train,/data5/chensx/MyProject/UAE/data/arrangement_merged/chr_13/183786.12~A15.K_13L.png,/data5/chensx/MyProject/UAE/data/arrangement_merged/chr_13/183786.12~A15.K_13R.png,0,-0.4191623112470488,,0.0006133317947387,-1.0003008039538321,chromosome
0,0.0007431507110595,183786,183786.12~A16.K_13,13,,normal,183786.12~A16.K_13L.png,183786.12~A16.K_13R.png,train,/data5/chensx/MyProject/UAE/data/arrangement_merged/chr_13/183786.12~A16.K_13L.png,/data5/chensx/MyProject/UAE/data/arrangement_merged/chr_13/183786.12~A16.K_13R.png,0,-0.3514614440628146,,0.0007431507110595,-0.40094556406223036,chromosome
0,0.0006632208824157,183786,183786.12~A34.K_13,13,,normal,183786.12~A34.K_13L.png,183786.12~A34.K_13R.png,train,/data5/chensx/MyProject/UAE/data/arrangement_merged/chr_13/183786.12~A34.K_13L.png,/data5/chensx/MyProject/UAE/data/arrangement_merged/chr_13/183786.12~A34.K_13R.png,0,-0.3931450358415373,,0.0006632208824157,-0.769970071268224,chromosome
0,0.0008985996246337,183786,183786.12~A41.K_13,13,,normal,183786.12~A41.K_13L.png,183786.12~A41.K_13R.png,train,/data5/chensx/MyProject/UAE/data/arrangement_merged/chr_13/183786.12~A41.K_13L.png,/data5/chensx/MyProject/UAE/data/arrangement_merged/chr_13/183786.12~A41.K_13R.png,0,-0.2703944736236581,,0.0008985996246337,0.31673968186849516,chromosome
0,0.0009999275207519,183786,183786.12~A47.K_13,13,,normal,183786.12~A47.K_13L.png,183786.12~A47.K_13R.png,train,/data5/chensx/MyProject/UAE/data/arrangement_merged/chr_13/183786.12~A47.K_13L.png,/data5/chensx/MyProject/UAE/data/arrangement_merged/chr_13/183786.12~A47.K_13R.png,0,-0.2175517398251282,,0.0009999275207519,0.7845559848143586,chromosome
0,0.0006433129310607,183786,183786.13~A10.K_13,13,,normal,183786.13~A10.K_13L.png,183786.13~A10.K_13R.png,train,/data5/chensx/MyProject/UAE/data/arrangement_merged/chr_13/183786.13~A10.K_13L.png,/data5/chensx/MyProject/UAE/data/arrangement_merged/chr_13/183786.13~A10.K_13R.png,0,-0.4035270788348955,,0.0006433129310607,-0.8618822154941159,chromosome
0,0.0006361603736877,183786,183786.13~A12.K_13,13,,normal,183786.13~A12.K_13L.png,183786.13~A12.K_13R.png,train,/data5/chensx/MyProject/UAE/data/arrangement_merged/chr_13/183786.13~A12.K_13L.png,/data5/chensx/MyProject/UAE/data/arrangement_merged/chr_13/183786.13~A12.K_13R.png,0,-0.4072571541618506,,0.0006361603736877,-0.8949045427606548,chromosome
0,0.0006019473075866,183786,183786.13~A29.K_13,13,,normal,183786.13~A29.K_13L.png,183786.13~A29.K_13R.png,train,/data5/chensx/MyProject/UAE/data/arrangement_merged/chr_13/183786.13~A29.K_13L.png,/data5/chensx/MyProject/UAE/data/arrangement_merged/chr_13/183786.13~A29.K_13R.png,0,-0.4250993478091189,,0.0006019473075866,-1.052861341520086,chromosome
0,0.0007097721099853,183786,183786.13~A34.K_13,13,,normal,183786.13~A34.K_13L.png,183786.13~A34.K_13R.png,train,/data5/chensx/MyProject/UAE/data/arrangement_merged/chr_13/183786.13~A34.K_13L.png,/data5/chensx/MyProject/UAE/data/arrangement_merged/chr_13/183786.13~A34.K_13R.png,0,-0.3688684622552715,,0.0007097721099853,-0.5550497579736677,chromosome
0,0.0007557272911071,183786,183786.13~A43.K_13,13,,normal,183786.13~A43.K_13L.png,183786.13~A43.K_13R.png,train,/data5/chensx/MyProject/UAE/data/arrangement_merged/chr_13/183786.13~A43.K_13L.png,/data5/chensx/MyProject/UAE/data/arrangement_merged/chr_13/183786.13~A43.K_13R.png,0,-0.3449027282795853,,0.0007557272911071,-0.3428813052848866,chromosome
0,0.0010973215103149,183786,183786.14~A17.K_13,13,,normal,183786.14~A17.K_13L.png,183786.14~A17.K_13R.png,train,/data5/chensx/MyProject/UAE/data/arrangement_merged/chr_13/183786.14~A17.K_13L.png,/data5/chensx/MyProject/UAE/data/arrangement_merged/chr_13/183786.14~A17.K_13R.png,0,-0.1667605474564236,,0.0010973215103149,1.234210007763395,chromosome
0,0.0007573366165161,183786,183786.14~A24.K_13,13,,normal,183786.14~A24.K_13L.png,183786.14~A24.K_13R.png,train,/data5/chensx/MyProject/UAE/data/arrangement_merged/chr_13/183786.14~A24.K_13L.png,/data5/chensx/MyProject/UAE/data/arrangement_merged/chr_13/183786.14~A24.K_13R.png,0,-0.3440634613310204,,0.0007573366165161,-0.3354512816495689,chromosome
0,0.0007054805755615,183786,183786.14~A38.K_13,13,,normal,183786.14~A38.K_13L.png,183786.14~A38.K_13R.png,train,/data5/chensx/MyProject/UAE/data/arrangement_merged/chr_13/183786.14~A38.K_13L.png,/data5/chensx/MyProject/UAE/data/arrangement_merged/chr_13/183786.14~A38.K_13R.png,0,-0.3711065074514446,,0.0007054805755615,-0.5748631543335907,chromosome
0,0.0006024837493896,183786,183786.14~A39.K_13,13,,normal,183786.14~A39.K_13L.png,183786.14~A39.K_13R.png,train,/data5/chensx/MyProject/UAE/data/arrangement_merged/chr_13/183786.14~A39.K_13L.png,/data5/chensx/MyProject/UAE/data/arrangement_merged/chr_13/183786.14~A39.K_13R.png,0,-0.4248195921595973,,0.0006024837493896,-1.0503846669749801,chromosome
0,0.0008360147476196,183786,183786.1~A44.K_13,13,,normal,183786.1~A44.K_13L.png,183786.1~A44.K_13R.png,train,/data5/chensx/MyProject/UAE/data/arrangement_merged/chr_13/183786.1~A44.K_13L.png,/data5/chensx/MyProject/UAE/data/arrangement_merged/chr_13/183786.1~A44.K_13R.png,0,-0.3030326327345148,,0.0008360147476196,0.027794318284665036,chromosome
0,0.0007585287094116,183786,183786.2~A14.K_13,13,,normal,183786.2~A14.K_13L.png,183786.2~A14.K_13R.png,train,/data5/chensx/MyProject/UAE/data/arrangement_merged/chr_13/183786.2~A14.K_13L.png,/data5/chensx/MyProject/UAE/data/arrangement_merged/chr_13/183786.2~A14.K_13R.png,0,-0.3434417821098612,,0.0007585287094116,-0.32994756043847956,chromosome
0,0.0008271932601928,183786,183786.2~A4.K_13,13,,normal,183786.2~A4.K_13L.png,183786.2~A4.K_13R.png,train,/data5/chensx/MyProject/UAE/data/arrangement_merged/chr_13/183786.2~A4.K_13L.png,/data5/chensx/MyProject/UAE/data/arrangement_merged/chr_13/183786.2~A4.K_13R.png,0,-0.3076330589710927,,0.0008271932601928,-0.012933218677861015,chromosome
0,0.0008321404457092,183786,183786.2~A49.K_13,13,,normal,183786.2~A49.K_13L.png,183786.2~A49.K_13R.png,train,/data5/chensx/MyProject/UAE/data/arrangement_merged/chr_13/183786.2~A49.K_13L.png,/data5/chensx/MyProject/UAE/data/arrangement_merged/chr_13/183786.2~A49.K_13R.png,0,-0.3050530902032822,,0.0008321404457092,0.009907224348508006,chromosome
0,0.0008170008659362,183786,183786.3~A1.K_13,13,,normal,183786.3~A1.K_13L.png,183786.3~A1.K_13R.png,train,/data5/chensx/MyProject/UAE/data/arrangement_merged/chr_13/183786.3~A1.K_13L.png,/data5/chensx/MyProject/UAE/data/arrangement_merged/chr_13/183786.3~A1.K_13R.png,0,-0.3129484163120037,,0.0008170008659362,-0.05999003503302462,chromosome
0,0.0005662441253662,183786,183786.3~A25.K_13,13,,normal,183786.3~A25.K_13L.png,183786.3~A25.K_13R.png,train,/data5/chensx/MyProject/UAE/data/arrangement_merged/chr_13/183786.3~A25.K_13L.png,/data5/chensx/MyProject/UAE/data/arrangement_merged/chr_13/183786.3~A25.K_13R.png,0,-0.4437186404828362,,0.0005662441253662,-1.217697791793033,chromosome
0,0.0008286237716674,183786,183786.3~A36.K_13,13,,normal,183786.3~A36.K_13L.png,183786.3~A36.K_13R.png,train,/data5/chensx/MyProject/UAE/data/arrangement_merged/chr_13/183786.3~A36.K_13L.png,/data5/chensx/MyProject/UAE/data/arrangement_merged/chr_13/183786.3~A36.K_13R.png,0,-0.3068870439057017,,0.0008286237716674,-0.006328753224553037,chromosome
0,0.0008281469345092,183786,183786.3~A37.K_13,13,,normal,183786.3~A37.K_13L.png,183786.3~A37.K_13R.png,train,/data5/chensx/MyProject/UAE/data/arrangement_merged/chr_13/183786.3~A37.K_13L.png,/data5/chensx/MyProject/UAE/data/arrangement_merged/chr_13/183786.3~A37.K_13R.png,0,-0.3071357155941654,,0.0008281469345092,-0.008530241708988863,chromosome
0,0.0006483197212219,183786,183786.3~A44.K_13,13,,normal,183786.3~A44.K_13L.png,183786.3~A44.K_13R.png,train,/data5/chensx/MyProject/UAE/data/arrangement_merged/chr_13/183786.3~A44.K_13L.png,/data5/chensx/MyProject/UAE/data/arrangement_merged/chr_13/183786.3~A44.K_13R.png,0,-0.400916026106027,,0.0006483197212219,-0.8387665864070775,chromosome
0,0.0007113814353942,183786,183786.4~A49.K_13,13,,normal,183786.4~A49.K_13L.png,183786.4~A49.K_13R.png,train,/data5/chensx/MyProject/UAE/data/arrangement_merged/chr_13/183786.4~A49.K_13L.png,/data5/chensx/MyProject/UAE/data/arrangement_merged/chr_13/183786.4~A49.K_13R.png,0,-0.3680291953067066,,0.0007113814353942,-0.5476197343388115,chromosome
0,0.0008000135421752,183786,183786.5~A1.K_13,13,,normal,183786.5~A1.K_13L.png,183786.5~A1.K_13R.png,train,/data5/chensx/MyProject/UAE/data/arrangement_merged/chr_13/183786.5~A1.K_13L.png,/data5/chensx/MyProject/UAE/data/arrangement_merged/chr_13/183786.5~A1.K_13R.png,0,-0.3218073452135219,,0.0008000135421752,-0.13841806229163114,chromosome
0,0.000777781009674,183786,183786.5~A31.K_13,13,,normal,183786.5~A31.K_13L.png,183786.5~A31.K_13R.png,train,/data5/chensx/MyProject/UAE/data/arrangement_merged/chr_13/183786.5~A31.K_13L.png,/data5/chensx/MyProject/UAE/data/arrangement_merged/chr_13/183786.5~A31.K_13R.png,0,-0.3334016626881406,,0.000777781009674,-0.24106246287903324,chromosome
0,0.000899314880371,183786,183786.5~A33.K_13,13,,normal,183786.5~A33.K_13L.png,183786.5~A33.K_13R.png,train,/data5/chensx/MyProject/UAE/data/arrangement_merged/chr_13/183786.5~A33.K_13L.png,/data5/chensx/MyProject/UAE/data/arrangement_merged/chr_13/183786.5~A33.K_13R.png,0,-0.2700214660909626,,0.000899314880371,0.32004191459514864,chromosome
0,0.0005631446838378,183786,183786.5~A42.K_13,13,,normal,183786.5~A42.K_13L.png,183786.5~A42.K_13R.png,train,/data5/chensx/MyProject/UAE/data/arrangement_merged/chr_13/183786.5~A42.K_13L.png,/data5/chensx/MyProject/UAE/data/arrangement_merged/chr_13/183786.5~A42.K_13R.png,0,-0.44533500645785,,0.0005631446838378,-1.2320074669423282,chromosome
0,0.0007336735725402,183786,183786.5~A44.K_13,13,,normal,183786.5~A44.K_13L.png,183786.5~A44.K_13R.png,train,/data5/chensx/MyProject/UAE/data/arrangement_merged/chr_13/183786.5~A44.K_13L.png,/data5/chensx/MyProject/UAE/data/arrangement_merged/chr_13/183786.5~A44.K_13R.png,0,-0.35640379387103,,0.0007336735725402,-0.44470014769073996,chromosome
0,0.0009605884552001,183786,183786.5~A6.K_13,13,,normal,183786.5~A6.K_13L.png,183786.5~A6.K_13R.png,train,/data5/chensx/MyProject/UAE/data/arrangement_merged/chr_13/183786.5~A6.K_13L.png,/data5/chensx/MyProject/UAE/data/arrangement_merged/chr_13/183786.5~A6.K_13R.png,0,-0.238067154123381,,0.0009605884552001,0.6029331848470106,chromosome
0,0.00092613697052,183786,183786.5~A8.K_13,13,,normal,183786.5~A8.K_13L.png,183786.5~A8.K_13R.png,train,/data5/chensx/MyProject/UAE/data/arrangement_merged/chr_13/183786.5~A8.K_13L.png,/data5/chensx/MyProject/UAE/data/arrangement_merged/chr_13/183786.5~A8.K_13R.png,0,-0.2560336836148812,,0.00092613697052,0.4438756418458233,chromosome
0,0.000865876674652,184752,184752.11~A43.K_13,13,,normal,184752.11~A43.K_13L.png,184752.11~A43.K_13R.png,train,/data5/chensx/MyProject/UAE/data/arrangement_merged/chr_13/184752.11~A43.K_13L.png,/data5/chensx/MyProject/UAE/data/arrangement_merged/chr_13/184752.11~A43.K_13R.png,0,-0.4953683173495828,,0.000865876674652,0.16566253462304137,chromosome
0,0.0006880760192871,184752,184752.13~A19.K_13,13,,normal,184752.13~A19.K_13L.png,184752.13~A19.K_13R.png,train,/data5/chensx/MyProject/UAE/data/arrangement_merged/chr_13/184752.13~A19.K_13L.png,/data5/chensx/MyProject/UAE/data/arrangement_merged/chr_13/184752.13~A19.K_13R.png,0,-0.7774163232699349,,0.0006880760192871,-0.655217484015963,chromosome
0,0.0010414719581604,184752,184752.13~A20.K_13,13,,normal,184752.13~A20.K_13L.png,184752.13~A20.K_13R.png,train,/data5/chensx/MyProject/UAE/data/arrangement_merged/chr_13/184752.13~A20.K_13L.png,/data5/chensx/MyProject/UAE/data/arrangement_merged/chr_13/184752.13~A20.K_13R.png,0,-0.2168187278620343,,0.0010414719581604,0.976360669022338,chromosome
0,0.0007256865501403,184752,184752.14~A10.K_13,13,,normal,184752.14~A10.K_13L.png,184752.14~A10.K_13R.png,train,/data5/chensx/MyProject/UAE/data/arrangement_merged/chr_13/184752.14~A10.K_13L.png,/data5/chensx/MyProject/UAE/data/arrangement_merged/chr_13/184752.14~A10.K_13R.png,0,-0.717754140321312,,0.0007256865501403,-0.4815750798052727,chromosome
0,0.0006973147392272,184752,184752.14~A14.K_13,13,,normal,184752.14~A14.K_13L.png,184752.14~A14.K_13R.png,train,/data5/chensx/MyProject/UAE/data/arrangement_merged/chr_13/184752.14~A14.K_13L.png,/data5/chensx/MyProject/UAE/data/arrangement_merged/chr_13/184752.14~A14.K_13R.png,0,-0.7627607949703524,,0.0006973147392272,-0.6125636446301327,chromosome
0,0.0008628964424133,184752,184752.14~A43.K_13,13,,normal,184752.14~A43.K_13L.png,184752.14~A43.K_13R.png,train,/data5/chensx/MyProject/UAE/data/arrangement_merged/chr_13/184752.14~A43.K_13L.png,/data5/chensx/MyProject/UAE/data/arrangement_merged/chr_13/184752.14~A43.K_13R.png,0,-0.5000959071236417,,0.0008628964424133,0.15190323159554808,chromosome
0,0.0009957551956176,184752,184752.2~A30.K_13,13,,normal,184752.2~A30.K_13L.png,184752.2~A30.K_13R.png,train,/data5/chensx/MyProject/UAE/data/arrangement_merged/chr_13/184752.2~A30.K_13L.png,/data5/chensx/MyProject/UAE/data/arrangement_merged/chr_13/184752.2~A30.K_13R.png,0,-0.2893399549960974,,0.0009957551956176,0.7652929605753139,chromosome
0,0.0006021857261657,184752,184752.2~A50.K_13,13,,normal,184752.2~A50.K_13L.png,184752.2~A50.K_13R.png,train,/data5/chensx/MyProject/UAE/data/arrangement_merged/chr_13/184752.2~A50.K_13L.png,/data5/chensx/MyProject/UAE/data/arrangement_merged/chr_13/184752.2~A50.K_13R.png,0,-0.9136654605583115,,0.0006021857261657,-1.0517605972778679,chromosome
0,0.000733733177185,184752,184752.3~A13.K_13,13,,normal,184752.3~A13.K_13L.png,184752.3~A13.K_13R.png,train,/data5/chensx/MyProject/UAE/data/arrangement_merged/chr_13/184752.3~A13.K_13L.png,/data5/chensx/MyProject/UAE/data/arrangement_merged/chr_13/184752.3~A13.K_13R.png,0,-0.7049896479313531,,0.000733733177185,-0.44442496163007006,chromosome
0,0.0007286667823791,184752,184752.3~A16.K_13,13,,normal,184752.3~A16.K_13L.png,184752.3~A16.K_13R.png,train,/data5/chensx/MyProject/UAE/data/arrangement_merged/chr_13/184752.3~A16.K_13L.png,/data5/chensx/MyProject/UAE/data/arrangement_merged/chr_13/184752.3~A16.K_13R.png,0,-0.7130265505472532,,0.0007286667823791,-0.4678157767773174,chromosome
0,0.0007262229919433,184752,184752.4~A27.K_13,13,,normal,184752.4~A27.K_13L.png,184752.4~A27.K_13R.png,train,/data5/chensx/MyProject/UAE/data/arrangement_merged/chr_13/184752.4~A27.K_13L.png,/data5/chensx/MyProject/UAE/data/arrangement_merged/chr_13/184752.4~A27.K_13R.png,0,-0.7169031741619815,,0.0007262229919433,-0.47909840526016695,chromosome
0,0.0009738802909851,184793,184793.11~A18.K_13,13,,normal,184793.11~A18.K_13L.png,184793.11~A18.K_13R.png,train,/data5/chensx/MyProject/UAE/data/arrangement_merged/chr_13/184793.11~A18.K_13L.png,/data5/chensx/MyProject/UAE/data/arrangement_merged/chr_13/184793.11~A18.K_13R.png,0,-0.4473435113708068,,0.0009738802909851,0.6642996763514699,chromosome
0,0.0010477304458618,184793,184793.12~A12.K_13,13,,normal,184793.12~A12.K_13L.png,184793.12~A12.K_13R.png,train,/data5/chensx/MyProject/UAE/data/arrangement_merged/chr_13/184793.12~A12.K_13L.png,/data5/chensx/MyProject/UAE/data/arrangement_merged/chr_13/184793.12~A12.K_13R.png,0,-0.3535228060206787,,0.0010477304458618,1.0052552053806747,chromosome
0,0.0008952617645263,184793,184793.12~A27.K_13,13,,normal,184793.12~A27.K_13L.png,184793.12~A27.K_13R.png,train,/data5/chensx/MyProject/UAE/data/arrangement_merged/chr_13/184793.12~A27.K_13L.png,/data5/chensx/MyProject/UAE/data/arrangement_merged/chr_13/184793.12~A27.K_13R.png,0,-0.5472220508032677,,0.0008952617645263,0.30132926247744335,chromosome
0,0.0006386637687683,184793,184793.12~A32.K_13,13,,normal,184793.12~A32.K_13L.png,184793.12~A32.K_13R.png,train,/data5/chensx/MyProject/UAE/data/arrangement_merged/chr_13/184793.12~A32.K_13L.png,/data5/chensx/MyProject/UAE/data/arrangement_merged/chr_13/184793.12~A32.K_13R.png,0,-0.8732092473587977,,0.0006386637687683,-0.8833467282171353,chromosome
0,0.0012295246124267,184793,184793.12~A38.K_13,13,,normal,184793.12~A38.K_13L.png,184793.12~A38.K_13R.png,train,/data5/chensx/MyProject/UAE/data/arrangement_merged/chr_13/184793.12~A38.K_13L.png,/data5/chensx/MyProject/UAE/data/arrangement_merged/chr_13/184793.12~A38.K_13R.png,0,-0.1225678816317434,,0.0012295246124267,1.8445726900771764,chromosome
0,0.0008662939071655,184793,184793.12~A42.K_13,13,,normal,184793.12~A42.K_13L.png,184793.12~A42.K_13R.png,train,/data5/chensx/MyProject/UAE/data/arrangement_merged/chr_13/184793.12~A42.K_13L.png,/data5/chensx/MyProject/UAE/data/arrangement_merged/chr_13/184793.12~A42.K_13R.png,0,-0.5840233928534391,,0.0008662939071655,0.1675888370472693,chromosome
0,0.0007979273796081,184793,184793.13~A10.K_13,13,,normal,184793.13~A10.K_13L.png,184793.13~A10.K_13R.png,train,/data5/chensx/MyProject/UAE/data/arrangement_merged/chr_13/184793.13~A10.K_13L.png,/data5/chensx/MyProject/UAE/data/arrangement_merged/chr_13/184793.13~A10.K_13R.png,0,-0.6708775890088845,,0.0007979273796081,-0.1480495744109232,chromosome
0,0.0007511377334594,184793,184793.13~A16.K_13,13,,normal,184793.13~A16.K_13L.png,184793.13~A16.K_13R.png,train,/data5/chensx/MyProject/UAE/data/arrangement_merged/chr_13/184793.13~A16.K_13L.png,/data5/chensx/MyProject/UAE/data/arrangement_merged/chr_13/184793.13~A16.K_13R.png,0,-0.7303200859417744,,0.0007511377334594,-0.3640706319476976,chromosome
0,0.0009174346923828,184793,184793.13~A43.K_13,13,,normal,184793.13~A43.K_13L.png,184793.13~A43.K_13R.png,train,/data5/chensx/MyProject/UAE/data/arrangement_merged/chr_13/184793.13~A43.K_13L.png,/data5/chensx/MyProject/UAE/data/arrangement_merged/chr_13/184793.13~A43.K_13R.png,0,-0.5190531223204206,,0.0009174346923828,0.40369847700463707,chromosome
0,0.0008683204650878,184793,184793.14~A14.K_13,13,,normal,184793.14~A14.K_13L.png,184793.14~A14.K_13R.png,train,/data5/chensx/MyProject/UAE/data/arrangement_merged/chr_13/184793.14~A14.K_13L.png,/data5/chensx/MyProject/UAE/data/arrangement_merged/chr_13/184793.14~A14.K_13R.png,0,-0.5814488133684477,,0.0008683204650878,0.17694516310589092,chromosome
0,0.0006592869758605,184793,184793.14~A26.K_13,13,,normal,184793.14~A26.K_13L.png,184793.14~A26.K_13R.png,train,/data5/chensx/MyProject/UAE/data/arrangement_merged/chr_13/184793.14~A26.K_13L.png,/data5/chensx/MyProject/UAE/data/arrangement_merged/chr_13/184793.14~A26.K_13R.png,0,-0.8470091149527086,,0.0006592869758605,-0.7881323512650514,chromosome
0,0.000540018081665,184793,184793.14~A27.K_13,13,,normal,184793.14~A27.K_13L.png,184793.14~A27.K_13R.png,train,/data5/chensx/MyProject/UAE/data/arrangement_merged/chr_13/184793.14~A27.K_13L.png,/data5/chensx/MyProject/UAE/data/arrangement_merged/chr_13/184793.14~A27.K_13R.png,0,-0.998530689937056,,0.000540018081665,-1.3387796584379315,chromosome
0,0.0007839202880859,184793,184793.14~A3.K_13,13,,normal,184793.14~A3.K_13L.png,184793.14~A3.K_13R.png,train,/data5/chensx/MyProject/UAE/data/arrangement_merged/chr_13/184793.14~A3.K_13L.png,/data5/chensx/MyProject/UAE/data/arrangement_merged/chr_13/184793.14~A3.K_13R.png,0,-0.6886724766257369,,0.0007839202880859,-0.2127182986415744,chromosome
0,0.0010051727294921,184793,184793.14~A30.K_13,13,,normal,184793.14~A30.K_13L.png,184793.14~A30.K_13R.png,train,/data5/chensx/MyProject/UAE/data/arrangement_merged/chr_13/184793.14~A30.K_13L.png,/data5/chensx/MyProject/UAE/data/arrangement_merged/chr_13/184793.14~A30.K_13R.png,0,-0.4075889752054983,,0.0010051727294921,0.8087723581431532,chromosome
0,0.0008003711700439,184793,184793.14~A32.K_13,13,,normal,184793.14~A32.K_13L.png,184793.14~A32.K_13R.png,train,/data5/chensx/MyProject/UAE/data/arrangement_merged/chr_13/184793.14~A32.K_13L.png,/data5/chensx/MyProject/UAE/data/arrangement_merged/chr_13/184793.14~A32.K_13R.png,0,-0.667772949041689,,0.0008003711700439,-0.13676694592807365,chromosome
0,0.0006406903266906,184793,184793.14~A33.K_13,13,,normal,184793.14~A33.K_13L.png,184793.14~A33.K_13R.png,train,/data5/chensx/MyProject/UAE/data/arrangement_merged/chr_13/184793.14~A33.K_13L.png,/data5/chensx/MyProject/UAE/data/arrangement_merged/chr_13/184793.14~A33.K_13R.png,0,-0.8706346678738063,,0.0006406903266906,-0.8739904021585136,chromosome
0,0.0008953809738159,184793,184793.14~A4.K_13,13,,normal,184793.14~A4.K_13L.png,184793.14~A4.K_13R.png,train,/data5/chensx/MyProject/UAE/data/arrangement_merged/chr_13/184793.14~A4.K_13L.png,/data5/chensx/MyProject/UAE/data/arrangement_merged/chr_13/184793.14~A4.K_13R.png,0,-0.5470706049512094,,0.0008953809738159,0.3018796345987832,chromosome
0,0.0007271766662597,184793,184793.14~A9.K_13,13,,normal,184793.14~A9.K_13L.png,184793.14~A9.K_13R.png,train,/data5/chensx/MyProject/UAE/data/arrangement_merged/chr_13/184793.14~A9.K_13L.png,/data5/chensx/MyProject/UAE/data/arrangement_merged/chr_13/184793.14~A9.K_13R.png,0,-0.7607607022054964,,0.0007271766662597,-0.4746954282912948,chromosome
0,0.0011132359504699,184793,184793.1~A26.K_13,13,,normal,184793.1~A26.K_13L.png,184793.1~A26.K_13R.png,train,/data5/chensx/MyProject/UAE/data/arrangement_merged/chr_13/184793.1~A26.K_13L.png,/data5/chensx/MyProject/UAE/data/arrangement_merged/chr_13/184793.1~A26.K_13R.png,0,-0.2703033103146329,,0.0011132359504699,1.30768468593179,chromosome
0,0.0009114742279052,184793,184793.2~A4.K_13,13,,normal,184793.2~A4.K_13L.png,184793.2~A4.K_13R.png,train,/data5/chensx/MyProject/UAE/data/arrangement_merged/chr_13/184793.2~A4.K_13L.png,/data5/chensx/MyProject/UAE/data/arrangement_merged/chr_13/184793.2~A4.K_13R.png,0,-0.5266254149233365,,0.0009114742279052,0.37617987094872646,chromosome
0,0.0007058382034301,184793,184793.3~A8.K_13,13,,normal,184793.3~A8.K_13L.png,184793.3~A8.K_13R.png,train,/data5/chensx/MyProject/UAE/data/arrangement_merged/chr_13/184793.3~A8.K_13L.png,/data5/chensx/MyProject/UAE/data/arrangement_merged/chr_13/184793.3~A8.K_13R.png,0,-0.7878695097239353,,0.0007058382034301,-0.5732120379704947,chromosome
0,0.0006872415542602,185290,185290.11~A25.K_13,13,,normal,185290.11~A25.K_13L.png,185290.11~A25.K_13R.png,train,/data5/chensx/MyProject/UAE/data/arrangement_merged/chr_13/185290.11~A25.K_13L.png,/data5/chensx/MyProject/UAE/data/arrangement_merged/chr_13/185290.11~A25.K_13R.png,0,-0.8200645121564106,,0.0006872415542602,-0.6590700888639569,chromosome
0,0.0006818175315856,185290,185290.11~A27.K_13,13,,normal,185290.11~A27.K_13L.png,185290.11~A27.K_13R.png,train,/data5/chensx/MyProject/UAE/data/arrangement_merged/chr_13/185290.11~A27.K_13L.png,/data5/chensx/MyProject/UAE/data/arrangement_merged/chr_13/185290.11~A27.K_13R.png,0,-0.8273062044707346,,0.0006818175315856,-0.6841120203747617,chromosome
0,0.0010103583335876,185290,185290.11~A38.K_13,13,,normal,185290.11~A38.K_13L.png,185290.11~A38.K_13R.png,train,/data5/chensx/MyProject/UAE/data/arrangement_merged/chr_13/185290.11~A38.K_13L.png,/data5/chensx/MyProject/UAE/data/arrangement_merged/chr_13/185290.11~A38.K_13R.png,0,-0.3886665557174009,,0.0010103583335876,0.8327135454117408,chromosome
0,0.0007902383804321,185290,185290.12~A12.K_13,13,,normal,185290.12~A12.K_13L.png,185290.12~A12.K_13R.png,train,/data5/chensx/MyProject/UAE/data/arrangement_merged/chr_13/185290.12~A12.K_13L.png,/data5/chensx/MyProject/UAE/data/arrangement_merged/chr_13/185290.12~A12.K_13R.png,0,-0.6825519372206776,,0.0007902383804321,-0.18354857622256782,chromosome
0,0.0009621977806091,185290,185290.12~A33.K_13,13,,normal,185290.12~A33.K_13L.png,185290.12~A33.K_13R.png,train,/data5/chensx/MyProject/UAE/data/arrangement_merged/chr_13/185290.12~A33.K_13L.png,/data5/chensx/MyProject/UAE/data/arrangement_merged/chr_13/185290.12~A33.K_13R.png,0,-0.4529664171456835,,0.0009621977806091,0.6103632084823278,chromosome
0,0.0007190704345703,185290,185290.12~A35.K_13,13,,normal,185290.12~A35.K_13L.png,185290.12~A35.K_13R.png,train,/data5/chensx/MyProject/UAE/data/arrangement_merged/chr_13/185290.12~A35.K_13L.png,/data5/chensx/MyProject/UAE/data/arrangement_merged/chr_13/185290.12~A35.K_13R.png,0,-0.777569306707521,,0.0007190704345703,-0.5121207325267053,chromosome
0,0.0005592107772827,185290,185290.12~A49.K_13,13,,normal,185290.12~A49.K_13L.png,185290.12~A49.K_13R.png,train,/data5/chensx/MyProject/UAE/data/arrangement_merged/chr_13/185290.12~A49.K_13L.png,/data5/chensx/MyProject/UAE/data/arrangement_merged/chr_13/185290.12~A49.K_13R.png,0,-0.9910002823890232,,0.0005592107772827,-1.2501697469386936,chromosome
0,0.000991940498352,185290,185290.12~A5.K_13,13,,normal,185290.12~A5.K_13L.png,185290.12~A5.K_13R.png,train,/data5/chensx/MyProject/UAE/data/arrangement_merged/chr_13/185290.12~A5.K_13L.png,/data5/chensx/MyProject/UAE/data/arrangement_merged/chr_13/185290.12~A5.K_13R.png,0,-0.4132564779715337,,0.000991940498352,0.7476810526998263,chromosome
0,0.0010628104209899,185290,185290.12~A50.K_13,13,,normal,185290.12~A50.K_13L.png,185290.12~A50.K_13R.png,train,/data5/chensx/MyProject/UAE/data/arrangement_merged/chr_13/185290.12~A50.K_13L.png,/data5/chensx/MyProject/UAE/data/arrangement_merged/chr_13/185290.12~A50.K_13R.png,0,-0.3186370036667961,,0.0010628104209899,1.0748772787010763,chromosome
0,0.000808835029602,185290,185290.12~A7.K_13,13,,normal,185290.12~A7.K_13L.png,185290.12~A7.K_13R.png,train,/data5/chensx/MyProject/UAE/data/arrangement_merged/chr_13/185290.12~A7.K_13L.png,/data5/chensx/MyProject/UAE/data/arrangement_merged/chr_13/185290.12~A7.K_13R.png,0,-0.6577232778572814,,0.000808835029602,-0.09769052532910509,chromosome
0,0.0008153915405273,185290,185290.12~A8.K_13,13,,normal,185290.12~A8.K_13L.png,185290.12~A8.K_13R.png,train,/data5/chensx/MyProject/UAE/data/arrangement_merged/chr_13/185290.12~A8.K_13L.png,/data5/chensx/MyProject/UAE/data/arrangement_merged/chr_13/185290.12~A8.K_13R.png,0,-0.6489695838509558,,0.0008153915405273,-0.06742005866788085,chromosome
0,0.0006697177886962,185290,185290.13~A13.K_13,13,,normal,185290.13~A13.K_13L.png,185290.13~A13.K_13R.png,train,/data5/chensx/MyProject/UAE/data/arrangement_merged/chr_13/185290.13~A13.K_13L.png,/data5/chensx/MyProject/UAE/data/arrangement_merged/chr_13/185290.13~A13.K_13R.png,0,-0.8434607488642264,,0.0006697177886962,-0.7399747906676691,chromosome
0,0.0010211467742919,185290,185290.13~A26.K_13,13,,normal,185290.13~A26.K_13L.png,185290.13~A26.K_13R.png,train,/data5/chensx/MyProject/UAE/data/arrangement_merged/chr_13/185290.13~A26.K_13L.png,/data5/chensx/MyProject/UAE/data/arrangement_merged/chr_13/185290.13~A26.K_13R.png,0,-0.3742627501251742,,0.0010211467742919,0.8825222223722187,chromosome
0,0.0005225539207458,185290,185290.13~A28.K_13,13,,normal,185290.13~A28.K_13L.png,185290.13~A28.K_13R.png,train,/data5/chensx/MyProject/UAE/data/arrangement_merged/chr_13/185290.13~A28.K_13L.png,/data5/chensx/MyProject/UAE/data/arrangement_merged/chr_13/185290.13~A28.K_13R.png,0,-1.0399413897880254,,0.0005225539207458,-1.4194091741809745,chromosome
0,0.0007571578025817,185290,185290.13~A30.K_13,13,,normal,185290.13~A30.K_13L.png,185290.13~A30.K_13R.png,train,/data5/chensx/MyProject/UAE/data/arrangement_merged/chr_13/185290.13~A30.K_13L.png,/data5/chensx/MyProject/UAE/data/arrangement_merged/chr_13/185290.13~A30.K_13R.png,0,-0.7267183024344114,,0.0007571578025817,-0.33627683983157863,chromosome
0,0.0006564855575561,185290,185290.13~A35.K_13,13,,normal,185290.13~A35.K_13L.png,185290.13~A35.K_13R.png,train,/data5/chensx/MyProject/UAE/data/arrangement_merged/chr_13/185290.13~A35.K_13L.png,/data5/chensx/MyProject/UAE/data/arrangement_merged/chr_13/185290.13~A35.K_13R.png,0,-0.8611272949497198,,0.0006564855575561,-0.801066096110997,chromosome
0,0.0006492137908935,185290,185290.13~A36.K_13,13,,normal,185290.13~A36.K_13L.png,185290.13~A36.K_13R.png,train,/data5/chensx/MyProject/UAE/data/arrangement_merged/chr_13/185290.13~A36.K_13L.png,/data5/chensx/MyProject/UAE/data/arrangement_merged/chr_13/185290.13~A36.K_13R.png,0,-0.8708359373930992,,0.0006492137908935,-0.8346387954988752,chromosome
0,0.0008187294006347,185290,185290.13~A46.K_13,13,,normal,185290.13~A46.K_13L.png,185290.13~A46.K_13R.png,train,/data5/chensx/MyProject/UAE/data/arrangement_merged/chr_13/185290.13~A46.K_13L.png,/data5/chensx/MyProject/UAE/data/arrangement_merged/chr_13/185290.13~A46.K_13R.png,0,-0.6445131578113719,,0.0008187294006347,-0.05200963927682906,chromosome
0,0.0008015632629394,185290,185290.13~A6.K_13,13,,normal,185290.13~A6.K_13L.png,185290.13~A6.K_13R.png,train,/data5/chensx/MyProject/UAE/data/arrangement_merged/chr_13/185290.13~A6.K_13L.png,/data5/chensx/MyProject/UAE/data/arrangement_merged/chr_13/185290.13~A6.K_13R.png,0,-0.6674319203006607,,0.0008015632629394,-0.13126322471698382,chromosome
0,0.000694453716278,185290,185290.13~A7.K_13,13,,normal,185290.13~A7.K_13L.png,185290.13~A7.K_13R.png,train,/data5/chensx/MyProject/UAE/data/arrangement_merged/chr_13/185290.13~A7.K_13L.png,/data5/chensx/MyProject/UAE/data/arrangement_merged/chr_13/185290.13~A7.K_13R.png,0,-0.8104354487494525,,0.000694453716278,-0.6257725755367486,chromosome
0,0.0005360841751098,185290,185290.14~A27.K_13,13,,normal,185290.14~A27.K_13L.png,185290.14~A27.K_13R.png,train,/data5/chensx/MyProject/UAE/data/arrangement_merged/chr_13/185290.14~A27.K_13L.png,/data5/chensx/MyProject/UAE/data/arrangement_merged/chr_13/185290.14~A27.K_13R.png,0,-1.0218769485204264,,0.0005360841751098,-1.356941938434759,chromosome
0,0.0009906888008117,185290,185290.14~A31.K_13,13,,normal,185290.14~A31.K_13L.png,185290.14~A31.K_13R.png,train,/data5/chensx/MyProject/UAE/data/arrangement_merged/chr_13/185290.14~A31.K_13L.png,/data5/chensx/MyProject/UAE/data/arrangement_merged/chr_13/185290.14~A31.K_13R.png,0,-0.4149276377363777,,0.0009906888008117,0.7419021454280661,chromosome
0,0.0006216764450073,185290,185290.14~A44.K_13,13,,normal,185290.14~A44.K_13L.png,185290.14~A44.K_13R.png,train,/data5/chensx/MyProject/UAE/data/arrangement_merged/chr_13/185290.14~A44.K_13L.png,/data5/chensx/MyProject/UAE/data/arrangement_merged/chr_13/185290.14~A44.K_13R.png,0,-0.9076014522196668,,0.0006216764450073,-0.9617747554757419,chromosome
0,0.0008734464645385,185290,185290.14~A47.K_13,13,,normal,185290.14~A47.K_13L.png,185290.14~A47.K_13R.png,train,/data5/chensx/MyProject/UAE/data/arrangement_merged/chr_13/185290.14~A47.K_13L.png,/data5/chensx/MyProject/UAE/data/arrangement_merged/chr_13/185290.14~A47.K_13R.png,0,-0.5714596023767636,,0.0008734464645385,0.20061116431380768,chromosome
0,0.0007048845291137,185290,185290.1~A31.K_13,13,,normal,185290.1~A31.K_13L.png,185290.1~A31.K_13R.png,train,/data5/chensx/MyProject/UAE/data/arrangement_merged/chr_13/185290.1~A31.K_13L.png,/data5/chensx/MyProject/UAE/data/arrangement_merged/chr_13/185290.1~A31.K_13R.png,0,-0.7965091173757527,,0.0007048845291137,-0.5776150149393663,chromosome
0,0.0012218356132507,185290,185290.1~A32.K_13,13,,normal,185290.1~A32.K_13L.png,185290.1~A32.K_13R.png,train,/data5/chensx/MyProject/UAE/data/arrangement_merged/chr_13/185290.1~A32.K_13L.png,/data5/chensx/MyProject/UAE/data/arrangement_merged/chr_13/185290.1~A32.K_13R.png,0,-0.1063201344951897,,0.0012218356132507,1.8090736882655318,chromosome
0,0.0007954835891723,185290,185290.1~A35.K_13,13,,normal,185290.1~A35.K_13L.png,185290.1~A35.K_13R.png,train,/data5/chensx/MyProject/UAE/data/arrangement_merged/chr_13/185290.1~A35.K_13L.png,/data5/chensx/MyProject/UAE/data/arrangement_merged/chr_13/185290.1~A35.K_13R.png,0,-0.6755489820156172,,0.0007954835891723,-0.15933220289377273,chromosome
0,0.0009602904319763,185290,185290.2~A19.K_13,13,,normal,185290.2~A19.K_13L.png,185290.2~A19.K_13R.png,train,/data5/chensx/MyProject/UAE/data/arrangement_merged/chr_13/185290.2~A19.K_13L.png,/data5/chensx/MyProject/UAE/data/arrangement_merged/chr_13/185290.2~A19.K_13R.png,0,-0.45551294631116,,0.0009602904319763,0.6015572545445845,chromosome
0,0.0007920265197753,185290,185290.3~A26.K_13,13,,normal,185290.3~A26.K_13L.png,185290.3~A26.K_13R.png,train,/data5/chensx/MyProject/UAE/data/arrangement_merged/chr_13/185290.3~A26.K_13L.png,/data5/chensx/MyProject/UAE/data/arrangement_merged/chr_13/185290.3~A26.K_13R.png,0,-0.6801645661280433,,0.0007920265197753,-0.17529299440616386,chromosome
0,0.0009391903877258,185290,185290.3~A32.K_13,13,,normal,185290.3~A32.K_13L.png,185290.3~A32.K_13R.png,train,/data5/chensx/MyProject/UAE/data/arrangement_merged/chr_13/185290.3~A32.K_13L.png,/data5/chensx/MyProject/UAE/data/arrangement_merged/chr_13/185290.3~A32.K_13R.png,0,-0.4836839252042442,,0.0009391903877258,0.5041413891076029,chromosome
0,0.0009072422981262,185290,185290.4~A11.K_13,13,,normal,185290.4~A11.K_13L.png,185290.4~A11.K_13R.png,train,/data5/chensx/MyProject/UAE/data/arrangement_merged/chr_13/185290.4~A11.K_13L.png,/data5/chensx/MyProject/UAE/data/arrangement_merged/chr_13/185290.4~A11.K_13R.png,0,-0.5263382887259762,,0.0009072422981262,0.35664166064947295,chromosome
0,0.0008274912834167,185290,185290.4~A15.K_13,13,,normal,185290.4~A15.K_13L.png,185290.4~A15.K_13R.png,train,/data5/chensx/MyProject/UAE/data/arrangement_merged/chr_13/185290.4~A15.K_13L.png,/data5/chensx/MyProject/UAE/data/arrangement_merged/chr_13/185290.4~A15.K_13R.png,0,-0.632815039457464,,0.0008274912834167,-0.011557288374972932,chromosome
0,0.0007354021072387,185290,185290.4~A18.K_13,13,,normal,185290.4~A18.K_13L.png,185290.4~A18.K_13R.png,train,/data5/chensx/MyProject/UAE/data/arrangement_merged/chr_13/185290.4~A18.K_13L.png,/data5/chensx/MyProject/UAE/data/arrangement_merged/chr_13/185290.4~A18.K_13R.png,0,-0.7557646507281282,,0.0007354021072387,-0.43671975193454443,chromosome
0,0.0007174015045166,185290,185290.4~A28.K_13,13,,normal,185290.4~A28.K_13L.png,185290.4~A28.K_13R.png,train,/data5/chensx/MyProject/UAE/data/arrangement_merged/chr_13/185290.4~A28.K_13L.png,/data5/chensx/MyProject/UAE/data/arrangement_merged/chr_13/185290.4~A28.K_13R.png,0,-0.7797975197273129,,0.0007174015045166,-0.519825942222231,chromosome
0,0.0009580850601196,185290,185290.4~A29.K_13,13,,normal,185290.4~A29.K_13L.png,185290.4~A29.K_13R.png,train,/data5/chensx/MyProject/UAE/data/arrangement_merged/chr_13/185290.4~A29.K_13L.png,/data5/chensx/MyProject/UAE/data/arrangement_merged/chr_13/185290.4~A29.K_13R.png,0,-0.4584573706587422,,0.0009580850601196,0.5913753703039527,chromosome
0,0.0006811618804931,185290,185290.4~A37.K_13,13,,normal,185290.4~A37.K_13L.png,185290.4~A37.K_13R.png,train,/data5/chensx/MyProject/UAE/data/arrangement_merged/chr_13/185290.4~A37.K_13L.png,/data5/chensx/MyProject/UAE/data/arrangement_merged/chr_13/185290.4~A37.K_13R.png,0,-0.8281815738713671,,0.0006811618804931,-0.6871390670407458,chromosome
0,0.0006794929504394,185290,185290.4~A9.K_13,13,,normal,185290.4~A9.K_13L.png,185290.4~A9.K_13R.png,train,/data5/chensx/MyProject/UAE/data/arrangement_merged/chr_13/185290.4~A9.K_13L.png,/data5/chensx/MyProject/UAE/data/arrangement_merged/chr_13/185290.4~A9.K_13R.png,0,-0.8304097868911591,,0.0006794929504394,-0.6948442767362715,chromosome
0,0.0010128021240234,185824,185824.11~A10.K_13,13,,normal,185824.11~A10.K_13L.png,185824.11~A10.K_13R.png,train,/data5/chensx/MyProject/UAE/data/arrangement_merged/chr_13/185824.11~A10.K_13L.png,/data5/chensx/MyProject/UAE/data/arrangement_merged/chr_13/185824.11~A10.K_13R.png,0,-0.3486613366314133,,0.0010128021240234,0.8439961738945899,chromosome
0,0.0007640719413757,185824,185824.11~A15.K_13,13,,normal,185824.11~A15.K_13L.png,185824.11~A15.K_13R.png,train,/data5/chensx/MyProject/UAE/data/arrangement_merged/chr_13/185824.11~A15.K_13L.png,/data5/chensx/MyProject/UAE/data/arrangement_merged/chr_13/185824.11~A15.K_13R.png,0,-0.6727975706136152,,0.0007640719413757,-0.30435525680679637,chromosome
0,0.0010087490081787,185824,185824.11~A31.K_13,13,,normal,185824.11~A31.K_13L.png,185824.11~A31.K_13R.png,train,/data5/chensx/MyProject/UAE/data/arrangement_merged/chr_13/185824.11~A31.K_13L.png,/data5/chensx/MyProject/UAE/data/arrangement_merged/chr_13/185824.11~A31.K_13R.png,0,-0.3539432115201719,,0.0010087490081787,0.8252835217768851,chromosome
0,0.0009189844131469,185824,185824.12~A12.K_13,13,,normal,185824.12~A12.K_13L.png,185824.12~A12.K_13R.png,train,/data5/chensx/MyProject/UAE/data/arrangement_merged/chr_13/185824.12~A12.K_13L.png,/data5/chensx/MyProject/UAE/data/arrangement_merged/chr_13/185824.12~A12.K_13R.png,0,-0.470921205380032,,0.0009189844131469,0.41085331457882285,chromosome
0,0.0012986660003662,185824,185824.12~A28.K_13,13,,normal,185824.12~A28.K_13L.png,185824.12~A28.K_13R.png,train,/data5/chensx/MyProject/UAE/data/arrangement_merged/chr_13/185824.12~A28.K_13L.png,/data5/chensx/MyProject/UAE/data/arrangement_merged/chr_13/185824.12~A28.K_13R.png,0,0.0238661922875036,,0.0012986660003662,2.163788520322693,chromosome
0,0.0008174180984497,185824,185824.12~A31.K_13,13,,normal,185824.12~A31.K_13L.png,185824.12~A31.K_13R.png,train,/data5/chensx/MyProject/UAE/data/arrangement_merged/chr_13/185824.12~A31.K_13L.png,/data5/chensx/MyProject/UAE/data/arrangement_merged/chr_13/185824.12~A31.K_13R.png,0,-0.6032787761218658,,0.0008174180984497,-0.0580637326087972,chromosome
0,0.0007942914962768,185824,185824.12~A38.K_13,13,,normal,185824.12~A38.K_13L.png,185824.12~A38.K_13R.png,train,/data5/chensx/MyProject/UAE/data/arrangement_merged/chr_13/185824.12~A38.K_13L.png,/data5/chensx/MyProject/UAE/data/arrangement_merged/chr_13/185824.12~A38.K_13R.png,0,-0.6334165328400767,,0.0007942914962768,-0.16483592410486256,chromosome
0,0.0010182261466979,185824,185824.12~A48.K_13,13,,normal,185824.12~A48.K_13L.png,185824.12~A48.K_13R.png,train,/data5/chensx/MyProject/UAE/data/arrangement_merged/chr_13/185824.12~A48.K_13L.png,/data5/chensx/MyProject/UAE/data/arrangement_merged/chr_13/185824.12~A48.K_13R.png,0,-0.3415929452361628,,0.0010182261466979,0.8690381054049332,chromosome
0,0.0010194182395935,185824,185824.12~A7.K_13,13,,normal,185824.12~A7.K_13L.png,185824.12~A7.K_13R.png,train,/data5/chensx/MyProject/UAE/data/arrangement_merged/chr_13/185824.12~A7.K_13L.png,/data5/chensx/MyProject/UAE/data/arrangement_merged/chr_13/185824.12~A7.K_13R.png,0,-0.340039452621822,,0.0010194182395935,0.8745418266164846,chromosome
0,0.0008075237274169,185824,185824.13~A1.K_13,13,,normal,185824.13~A1.K_13L.png,185824.13~A1.K_13R.png,train,/data5/chensx/MyProject/UAE/data/arrangement_merged/chr_13/185824.13~A1.K_13L.png,/data5/chensx/MyProject/UAE/data/arrangement_merged/chr_13/185824.13~A1.K_13R.png,0,-0.6161727648208941,,0.0008075237274169,-0.10374461866153474,chromosome
0,0.0011493563652038,185824,185824.13~A14.K_13,13,,normal,185824.13~A14.K_13L.png,185824.13~A14.K_13R.png,train,/data5/chensx/MyProject/UAE/data/arrangement_merged/chr_13/185824.13~A14.K_13L.png,/data5/chensx/MyProject/UAE/data/arrangement_merged/chr_13/185824.13~A14.K_13R.png,0,-0.1707087576586779,,0.0011493563652038,1.4744474386289645,chromosome
0,0.0009297728538513,185824,185824.13~A5.K_13,13,,normal,185824.13~A5.K_13L.png,185824.13~A5.K_13R.png,train,/data5/chensx/MyProject/UAE/data/arrangement_merged/chr_13/185824.13~A5.K_13L.png,/data5/chensx/MyProject/UAE/data/arrangement_merged/chr_13/185824.13~A5.K_13R.png,0,-0.456862097220248,,0.0009297728538513,0.46066199153976267,chromosome
0,0.0009177327156066,185824,185824.1~A10.K_13,13,,normal,185824.1~A10.K_13L.png,185824.1~A10.K_13R.png,train,/data5/chensx/MyProject/UAE/data/arrangement_merged/chr_13/185824.1~A10.K_13L.png,/data5/chensx/MyProject/UAE/data/arrangement_merged/chr_13/185824.1~A10.K_13R.png,0,-0.4725523726250898,,0.0009177327156066,0.4050744073070631,chromosome
0,0.0008789300918579,185824,185824.1~A11.K_13,13,,normal,185824.1~A11.K_13L.png,185824.1~A11.K_13R.png,train,/data5/chensx/MyProject/UAE/data/arrangement_merged/chr_13/185824.1~A11.K_13L.png,/data5/chensx/MyProject/UAE/data/arrangement_merged/chr_13/185824.1~A11.K_13R.png,0,-0.5231185572218819,,0.0008789300918579,0.22592828188528244,chromosome
0,0.0008292198181152,185824,185824.1~A18.K_13,13,,normal,185824.1~A18.K_13L.png,185824.1~A18.K_13R.png,train,/data5/chensx/MyProject/UAE/data/arrangement_merged/chr_13/185824.1~A18.K_13L.png,/data5/chensx/MyProject/UAE/data/arrangement_merged/chr_13/185824.1~A18.K_13R.png,0,-0.5878991992398921,,0.0008292198181152,-0.003576892618777371,chromosome
0,0.0009946227073669,185824,185824.1~A39.K_13,13,,normal,185824.1~A39.K_13L.png,185824.1~A39.K_13R.png,train,/data5/chensx/MyProject/UAE/data/arrangement_merged/chr_13/185824.1~A39.K_13L.png,/data5/chensx/MyProject/UAE/data/arrangement_merged/chr_13/185824.1~A39.K_13R.png,0,-0.37235209900011,,0.0009946227073669,0.7600644254248936,chromosome
0,0.0007919669151306,185824,185824.2~A10.K_13,13,,normal,185824.2~A10.K_13L.png,185824.2~A10.K_13R.png,train,/data5/chensx/MyProject/UAE/data/arrangement_merged/chr_13/185824.2~A10.K_13L.png,/data5/chensx/MyProject/UAE/data/arrangement_merged/chr_13/185824.2~A10.K_13R.png,0,-0.6364458434380412,,0.0007919669151306,-0.17556818046637226,chromosome
0,0.0007320642471313,185824,185824.2~A11.K_13,13,,normal,185824.2~A11.K_13L.png,185824.2~A11.K_13R.png,train,/data5/chensx/MyProject/UAE/data/arrangement_merged/chr_13/185824.2~A11.K_13L.png,/data5/chensx/MyProject/UAE/data/arrangement_merged/chr_13/185824.2~A11.K_13R.png,0,-0.7145088473086649,,0.0007320642471313,-0.4521301713255962,chromosome
0,0.0007827877998352,185824,185824.2~A14.K_13,13,,normal,185824.2~A14.K_13L.png,185824.2~A14.K_13R.png,train,/data5/chensx/MyProject/UAE/data/arrangement_merged/chr_13/185824.2~A14.K_13L.png,/data5/chensx/MyProject/UAE/data/arrangement_merged/chr_13/185824.2~A14.K_13R.png,0,-0.6484077365684652,,0.0007827877998352,-0.2179468337919943,chromosome
0,0.0008186101913452,185824,185824.2~A17.K_13,13,,normal,185824.2~A17.K_13L.png,185824.2~A17.K_13R.png,train,/data5/chensx/MyProject/UAE/data/arrangement_merged/chr_13/185824.2~A17.K_13L.png,/data5/chensx/MyProject/UAE/data/arrangement_merged/chr_13/185824.2~A17.K_13R.png,0,-0.601725283507525,,0.0008186101913452,-0.052560011397707385,chromosome
0,0.0012056827545166,185824,185824.2~A2.K_13,13,,normal,185824.2~A2.K_13L.png,185824.2~A2.K_13R.png,train,/data5/chensx/MyProject/UAE/data/arrangement_merged/chr_13/185824.2~A2.K_13L.png,/data5/chensx/MyProject/UAE/data/arrangement_merged/chr_13/185824.2~A2.K_13R.png,0,-0.0973062316310765,,0.0012056827545166,1.7344982658549195,chromosome
0,0.0012668371200561,185824,185824.2~A25.K_13,13,,normal,185824.2~A25.K_13L.png,185824.2~A25.K_13R.png,train,/data5/chensx/MyProject/UAE/data/arrangement_merged/chr_13/185824.2~A25.K_13L.png,/data5/chensx/MyProject/UAE/data/arrangement_merged/chr_13/185824.2~A25.K_13R.png,0,-0.0176120605153949,,0.0012668371200561,2.0168391639854417,chromosome
0,0.0009414553642272,185824,185824.2~A27.K_13,13,,normal,185824.2~A27.K_13L.png,185824.2~A27.K_13R.png,train,/data5/chensx/MyProject/UAE/data/arrangement_merged/chr_13/185824.2~A27.K_13L.png,/data5/chensx/MyProject/UAE/data/arrangement_merged/chr_13/185824.2~A27.K_13R.png,0,-0.4416378695997084,,0.0009414553642272,0.5145984594084426,chromosome
0,0.0006862878799438,185824,185824.2~A7.K_13,13,,normal,185824.2~A7.K_13L.png,185824.2~A7.K_13R.png,train,/data5/chensx/MyProject/UAE/data/arrangement_merged/chr_13/185824.2~A7.K_13L.png,/data5/chensx/MyProject/UAE/data/arrangement_merged/chr_13/185824.2~A7.K_13R.png,0,-0.7741629636993506,,0.0006862878799438,-0.6634730658328291,chromosome
0,0.0010842084884643,185824,185824.2~A8.K_13,13,,normal,185824.2~A8.K_13L.png,185824.2~A8.K_13R.png,train,/data5/chensx/MyProject/UAE/data/arrangement_merged/chr_13/185824.2~A8.K_13L.png,/data5/chensx/MyProject/UAE/data/arrangement_merged/chr_13/185824.2~A8.K_13R.png,0,-0.2556071290324011,,0.0010842084884643,1.1736690744409455,chromosome
0,0.0011090636253356,185824,185824.2~A9.K_13,13,,normal,185824.2~A9.K_13L.png,185824.2~A9.K_13R.png,train,/data5/chensx/MyProject/UAE/data/arrangement_merged/chr_13/185824.2~A9.K_13L.png,/data5/chensx/MyProject/UAE/data/arrangement_merged/chr_13/185824.2~A9.K_13R.png,0,-0.223216808023396,,0.0011090636253356,1.2884216616927444,chromosome
0,0.0008838176727294,185824,185824.3~A18.K_13,13,,normal,185824.3~A18.K_13L.png,185824.3~A18.K_13R.png,train,/data5/chensx/MyProject/UAE/data/arrangement_merged/chr_13/185824.3~A18.K_13L.png,/data5/chensx/MyProject/UAE/data/arrangement_merged/chr_13/185824.3~A18.K_13R.png,0,-0.5167492375030848,,0.0008838176727294,0.24849353885052003,chromosome
0,0.0005556344985961,185824,185824.3~A2.K_13,13,,normal,185824.3~A2.K_13L.png,185824.3~A2.K_13R.png,train,/data5/chensx/MyProject/UAE/data/arrangement_merged/chr_13/185824.3~A2.K_13L.png,/data5/chensx/MyProject/UAE/data/arrangement_merged/chr_13/185824.3~A2.K_13R.png,0,-0.9444257542310992,,0.0005556344985961,-1.2666809105724246,chromosome
0,0.0008964538574218,185824,185824.3~A28.K_13,13,,normal,185824.3~A28.K_13L.png,185824.3~A28.K_13R.png,train,/data5/chensx/MyProject/UAE/data/arrangement_merged/chr_13/185824.3~A28.K_13L.png,/data5/chensx/MyProject/UAE/data/arrangement_merged/chr_13/185824.3~A28.K_13R.png,0,-0.5002822157910726,,0.0008964538574218,0.3068329836885332,chromosome
0,0.0008490681648254,185824,185824.3~A41.K_13,13,,normal,185824.3~A41.K_13L.png,185824.3~A41.K_13R.png,train,/data5/chensx/MyProject/UAE/data/arrangement_merged/chr_13/185824.3~A41.K_13L.png,/data5/chensx/MyProject/UAE/data/arrangement_merged/chr_13/185824.3~A41.K_13R.png,0,-0.5620335472111182,,0.0008490681648254,0.0880600655464446,chromosome
0,0.0008994340896606,185824,185824.3~A43.K_13,13,,normal,185824.3~A43.K_13L.png,185824.3~A43.K_13R.png,train,/data5/chensx/MyProject/UAE/data/arrangement_merged/chr_13/185824.3~A43.K_13L.png,/data5/chensx/MyProject/UAE/data/arrangement_merged/chr_13/185824.3~A43.K_13R.png,0,-0.4963984842552206,,0.0008994340896606,0.3205922867164885,chromosome
0,0.0005882978439331,185824,185824.3~A46.K_13,13,,normal,185824.3~A46.K_13L.png,185824.3~A46.K_13R.png,train,/data5/chensx/MyProject/UAE/data/arrangement_merged/chr_13/185824.3~A46.K_13L.png,/data5/chensx/MyProject/UAE/data/arrangement_merged/chr_13/185824.3~A46.K_13R.png,0,-0.901860056598162,,0.0005882978439331,-1.1158789493871792,chromosome
0,0.0009077787399291,186193,186193.11~A23.K_13,13,,normal,186193.11~A23.K_13L.png,186193.11~A23.K_13R.png,train,/data5/chensx/MyProject/UAE/data/arrangement_merged/chr_13/186193.11~A23.K_13L.png,/data5/chensx/MyProject/UAE/data/arrangement_merged/chr_13/186193.11~A23.K_13R.png,0,-0.5230750779334973,,0.0009077787399291,0.3591183351941172,chromosome
0,0.0009850263595581,186193,186193.12~A4.K_13,13,,normal,186193.12~A4.K_13L.png,186193.12~A4.K_13R.png,train,/data5/chensx/MyProject/UAE/data/arrangement_merged/chr_13/186193.12~A4.K_13L.png,/data5/chensx/MyProject/UAE/data/arrangement_merged/chr_13/186193.12~A4.K_13R.png,0,-0.4270128675054785,,0.0009850263595581,0.7157594696755056,chromosome
0,0.0008818507194519,186193,186193.13~A11.K_13,13,,normal,186193.13~A11.K_13L.png,186193.13~A11.K_13R.png,train,/data5/chensx/MyProject/UAE/data/arrangement_merged/chr_13/186193.13~A11.K_13L.png,/data5/chensx/MyProject/UAE/data/arrangement_merged/chr_13/186193.13~A11.K_13R.png,0,-0.5553181809706795,,0.0008818507194519,0.23941239885256782,chromosome
0,0.000827670097351,186193,186193.13~A22.K_13,13,,normal,186193.13~A22.K_13L.png,186193.13~A22.K_13R.png,train,/data5/chensx/MyProject/UAE/data/arrangement_merged/chr_13/186193.13~A22.K_13L.png,/data5/chensx/MyProject/UAE/data/arrangement_merged/chr_13/186193.13~A22.K_13R.png,0,-0.6226951480069982,,0.000827670097351,-0.01073173019342519,chromosome
0,0.000855803489685,186193,186193.13~A4.K_13,13,,normal,186193.13~A4.K_13L.png,186193.13~A4.K_13R.png,train,/data5/chensx/MyProject/UAE/data/arrangement_merged/chr_13/186193.13~A4.K_13L.png,/data5/chensx/MyProject/UAE/data/arrangement_merged/chr_13/186193.13~A4.K_13R.png,0,-0.5877095281597569,,0.000855803489685,0.1191560903892176,chromosome
0,0.0008313655853271,186193,186193.13~A41.K_13,13,,normal,186193.13~A41.K_13L.png,186193.13~A41.K_13R.png,train,/data5/chensx/MyProject/UAE/data/arrangement_merged/chr_13/186193.13~A41.K_13L.png,/data5/chensx/MyProject/UAE/data/arrangement_merged/chr_13/186193.13~A41.K_13R.png,0,-0.6180995792982504,,0.0008313655853271,0.006329805561184097,chromosome
0,0.0010504722595214,186193,186193.13~A5.K_13,13,,normal,186193.13~A5.K_13L.png,186193.13~A5.K_13R.png,train,/data5/chensx/MyProject/UAE/data/arrangement_merged/chr_13/186193.13~A5.K_13L.png,/data5/chensx/MyProject/UAE/data/arrangement_merged/chr_13/186193.13~A5.K_13R.png,0,-0.3456268281150737,,0.0010504722595214,1.0179137641659508,chromosome
0,0.000571846961975,186193,186193.1~A34.K_13,13,,normal,186193.1~A34.K_13L.png,186193.1~A34.K_13R.png,train,/data5/chensx/MyProject/UAE/data/arrangement_merged/chr_13/186193.1~A34.K_13L.png,/data5/chensx/MyProject/UAE/data/arrangement_merged/chr_13/186193.1~A34.K_13R.png,0,-0.9408270979738628,,0.000571846961975,-1.191830302101142,chromosome
0,0.0007236003875732,186193,186193.1~A38.K_13,13,,normal,186193.1~A38.K_13L.png,186193.1~A38.K_13R.png,train,/data5/chensx/MyProject/UAE/data/arrangement_merged/chr_13/186193.1~A38.K_13L.png,/data5/chensx/MyProject/UAE/data/arrangement_merged/chr_13/186193.1~A38.K_13R.png,0,-0.7521122926114123,,0.0007236003875732,-0.49120659192456423,chromosome
0,0.0007513165473937,186193,186193.1~A44.K_13,13,,normal,186193.1~A44.K_13L.png,186193.1~A44.K_13R.png,train,/data5/chensx/MyProject/UAE/data/arrangement_merged/chr_13/186193.1~A44.K_13L.png,/data5/chensx/MyProject/UAE/data/arrangement_merged/chr_13/186193.1~A44.K_13R.png,0,-0.7176455272958038,,0.0007513165473937,-0.3632450737661499,chromosome
0,0.0008171796798706,186193,186193.1~A8.K_13,13,,normal,186193.1~A8.K_13L.png,186193.1~A8.K_13R.png,train,/data5/chensx/MyProject/UAE/data/arrangement_merged/chr_13/186193.1~A8.K_13L.png,/data5/chensx/MyProject/UAE/data/arrangement_merged/chr_13/186193.1~A8.K_13R.png,0,-0.6357406333737662,,0.0008171796798706,-0.05916447685101486,chromosome
0,0.0011153817176818,186193,186193.2~A1.K_13,13,,normal,186193.2~A1.K_13L.png,186193.2~A1.K_13R.png,train,/data5/chensx/MyProject/UAE/data/arrangement_merged/chr_13/186193.2~A1.K_13L.png,/data5/chensx/MyProject/UAE/data/arrangement_merged/chr_13/186193.2~A1.K_13R.png,0,-0.2649078874081969,,0.0011153817176818,1.3175913841117515,chromosome
0,0.0007077455520629,186193,186193.2~A12.K_13,13,,normal,186193.2~A12.K_13L.png,186193.2~A12.K_13R.png,train,/data5/chensx/MyProject/UAE/data/arrangement_merged/chr_13/186193.2~A12.K_13L.png,/data5/chensx/MyProject/UAE/data/arrangement_merged/chr_13/186193.2~A12.K_13R.png,0,-0.7718287648134594,,0.0007077455520629,-0.5644060840327508,chromosome
0,0.0007084608078002,186193,186193.2~A14.K_13,13,,normal,186193.2~A14.K_13L.png,186193.2~A14.K_13R.png,train,/data5/chensx/MyProject/UAE/data/arrangement_merged/chr_13/186193.2~A14.K_13L.png,/data5/chensx/MyProject/UAE/data/arrangement_merged/chr_13/186193.2~A14.K_13R.png,0,-0.7709392999020889,,0.0007084608078002,-0.5611038513060969,chromosome
0,0.0007916688919067,186193,186193.2~A15.K_13,13,,normal,186193.2~A15.K_13L.png,186193.2~A15.K_13R.png,train,/data5/chensx/MyProject/UAE/data/arrangement_merged/chr_13/186193.2~A15.K_13L.png,/data5/chensx/MyProject/UAE/data/arrangement_merged/chr_13/186193.2~A15.K_13R.png,0,-0.6674648818793156,,0.0007916688919067,-0.17694411076925984,chromosome
0,0.0006748437881469,186193,186193.2~A24.K_13,13,,normal,186193.2~A24.K_13L.png,186193.2~A24.K_13R.png,train,/data5/chensx/MyProject/UAE/data/arrangement_merged/chr_13/186193.2~A24.K_13L.png,/data5/chensx/MyProject/UAE/data/arrangement_merged/chr_13/186193.2~A24.K_13R.png,0,-0.8127441507365044,,0.0006748437881469,-0.7163087894597524,chromosome
0,0.0010960102081298,186193,186193.2~A3.K_13,13,,normal,186193.2~A3.K_13L.png,186193.2~A3.K_13R.png,train,/data5/chensx/MyProject/UAE/data/arrangement_merged/chr_13/186193.2~A3.K_13L.png,/data5/chensx/MyProject/UAE/data/arrangement_merged/chr_13/186193.2~A3.K_13R.png,0,-0.2889975620911491,,0.0010960102081298,1.2281559144309655,chromosome
0,0.0010054111480712,186193,186193.2~A37.K_13,13,,normal,186193.2~A37.K_13L.png,186193.2~A37.K_13R.png,train,/data5/chensx/MyProject/UAE/data/arrangement_merged/chr_13/186193.2~A37.K_13L.png,/data5/chensx/MyProject/UAE/data/arrangement_merged/chr_13/186193.2~A37.K_13R.png,0,-0.401663117531418,,0.0010054111480712,0.8098731023853714,chromosome
0,0.0006169080734252,186193,186193.2~A4.K_13,13,,normal,186193.2~A4.K_13L.png,186193.2~A4.K_13R.png,train,/data5/chensx/MyProject/UAE/data/arrangement_merged/chr_13/186193.2~A4.K_13L.png,/data5/chensx/MyProject/UAE/data/arrangement_merged/chr_13/186193.2~A4.K_13R.png,0,-0.8847908085575185,,0.0006169080734252,-0.9837896403205626,chromosome
0,0.0010274052619934,186193,186193.2~A42.K_13,13,,normal,186193.2~A42.K_13L.png,186193.2~A42.K_13R.png,train,/data5/chensx/MyProject/UAE/data/arrangement_merged/chr_13/186193.2~A42.K_13L.png,/data5/chensx/MyProject/UAE/data/arrangement_merged/chr_13/186193.2~A42.K_13R.png,0,-0.3743120715067738,,0.0010274052619934,0.9114167587310168,chromosome
0,0.0008192062377929,186193,186193.2~A44.K_13,13,,normal,186193.2~A44.K_13L.png,186193.2~A44.K_13R.png,train,/data5/chensx/MyProject/UAE/data/arrangement_merged/chr_13/186193.2~A44.K_13L.png,/data5/chensx/MyProject/UAE/data/arrangement_merged/chr_13/186193.2~A44.K_13R.png,0,-0.6332204827915496,,0.0008192062377929,-0.04980815079239324,chromosome
0,0.0008680820465087,186193,186193.2~A46.K_13,13,,normal,186193.2~A46.K_13L.png,186193.2~A46.K_13R.png,train,/data5/chensx/MyProject/UAE/data/arrangement_merged/chr_13/186193.2~A46.K_13L.png,/data5/chensx/MyProject/UAE/data/arrangement_merged/chr_13/186193.2~A46.K_13R.png,0,-0.5724403805145625,,0.0008680820465087,0.17584441886367325,chromosome
0,0.0005993247032165,186193,186193.2~A48.K_13,13,,normal,186193.2~A48.K_13L.png,186193.2~A48.K_13R.png,train,/data5/chensx/MyProject/UAE/data/arrangement_merged/chr_13/186193.2~A48.K_13L.png,/data5/chensx/MyProject/UAE/data/arrangement_merged/chr_13/186193.2~A48.K_13R.png,0,-0.9066568209620444,,0.0005993247032165,-1.0649695281844833,chromosome
0,0.000550627708435,186193,186193.2~A5.K_13,13,,normal,186193.2~A5.K_13L.png,186193.2~A5.K_13R.png,train,/data5/chensx/MyProject/UAE/data/arrangement_merged/chr_13/186193.2~A5.K_13L.png,/data5/chensx/MyProject/UAE/data/arrangement_merged/chr_13/186193.2~A5.K_13R.png,0,-0.967214557011189,,0.000550627708435,-1.2897965396590014,chromosome
0,0.0008658170700073,186193,186193.2~A50.K_13,13,,normal,186193.2~A50.K_13L.png,186193.2~A50.K_13R.png,train,/data5/chensx/MyProject/UAE/data/arrangement_merged/chr_13/186193.2~A50.K_13L.png,/data5/chensx/MyProject/UAE/data/arrangement_merged/chr_13/186193.2~A50.K_13R.png,0,-0.5752570194005692,,0.0008658170700073,0.16538734856283346,chromosome
0,0.0008061528205871,186193,186193.2~A7.K_13,13,,normal,186193.2~A7.K_13L.png,186193.2~A7.K_13R.png,train,/data5/chensx/MyProject/UAE/data/arrangement_merged/chr_13/186193.2~A7.K_13L.png,/data5/chensx/MyProject/UAE/data/arrangement_merged/chr_13/186193.2~A7.K_13R.png,0,-0.649453217424062,,0.0008061528205871,-0.11007389805417281,chromosome
0,0.0008716583251953,186193,186193.3~A15.K_13,13,,normal,186193.3~A15.K_13L.png,186193.3~A15.K_13R.png,train,/data5/chensx/MyProject/UAE/data/arrangement_merged/chr_13/186193.3~A15.K_13L.png,/data5/chensx/MyProject/UAE/data/arrangement_merged/chr_13/186193.3~A15.K_13R.png,0,-0.5679930559577098,,0.0008716583251953,0.1923555824974042,chromosome
0,0.0014897584915161,186193,186193.3~A6.K_13,13,,normal,186193.3~A6.K_13L.png,186193.3~A6.K_13R.png,train,/data5/chensx/MyProject/UAE/data/arrangement_merged/chr_13/186193.3~A6.K_13L.png,/data5/chensx/MyProject/UAE/data/arrangement_merged/chr_13/186193.3~A6.K_13R.png,0,0.2006528716183353,,0.0014897584915161,3.046035030466157,chromosome
0,0.0009792447090148,Q242664,Q242664.11~A21.K_13,13,,normal,Q242664.11~A21.K_13L.png,Q242664.11~A21.K_13R.png,train,/data5/chensx/MyProject/UAE/data/arrangement_merged/chr_13/Q242664.11~A21.K_13L.png,/data5/chensx/MyProject/UAE/data/arrangement_merged/chr_13/Q242664.11~A21.K_13R.png,0,-0.390729076985808,,0.0009792447090148,0.6890664218011427,chromosome
0,0.000568151473999,Q242664,Q242664.12~A1.K_13,13,,normal,Q242664.12~A1.K_13L.png,Q242664.12~A1.K_13R.png,train,/data5/chensx/MyProject/UAE/data/arrangement_merged/chr_13/Q242664.12~A1.K_13L.png,/data5/chensx/MyProject/UAE/data/arrangement_merged/chr_13/Q242664.12~A1.K_13R.png,0,-0.9471532301471732,,0.000568151473999,-1.2088918378552893,chromosome
0,0.0007377862930297,Q242664,Q242664.12~A16.K_13,13,,normal,Q242664.12~A16.K_13L.png,Q242664.12~A16.K_13R.png,train,/data5/chensx/MyProject/UAE/data/arrangement_merged/chr_13/Q242664.12~A16.K_13L.png,/data5/chensx/MyProject/UAE/data/arrangement_merged/chr_13/Q242664.12~A16.K_13R.png,0,-0.7175485991630867,,0.0007377862930297,-0.4257123095123648,chromosome
0,0.0007811188697814,Q242664,Q242664.12~A19.K_13,13,,normal,Q242664.12~A19.K_13L.png,Q242664.12~A19.K_13R.png,train,/data5/chensx/MyProject/UAE/data/arrangement_merged/chr_13/Q242664.12~A19.K_13L.png,/data5/chensx/MyProject/UAE/data/arrangement_merged/chr_13/Q242664.12~A19.K_13R.png,0,-0.658896959414165,,0.0007811188697814,-0.22565204348798146,chromosome
0,0.000762403011322,Q242664,Q242664.12~A22.K_13,13,,normal,Q242664.12~A22.K_13L.png,Q242664.12~A22.K_13R.png,train,/data5/chensx/MyProject/UAE/data/arrangement_merged/chr_13/Q242664.12~A22.K_13L.png,/data5/chensx/MyProject/UAE/data/arrangement_merged/chr_13/Q242664.12~A22.K_13R.png,0,-0.684229304505171,,0.000762403011322,-0.312060466502322,chromosome
0,0.0007296800613403,Q242664,Q242664.12~A24.K_13,13,,normal,Q242664.12~A24.K_13L.png,Q242664.12~A24.K_13R.png,train,/data5/chensx/MyProject/UAE/data/arrangement_merged/chr_13/Q242664.12~A24.K_13L.png,/data5/chensx/MyProject/UAE/data/arrangement_merged/chr_13/Q242664.12~A24.K_13R.png,0,-0.7285205702853058,,0.0007296800613403,-0.46313761374777535,chromosome
0,0.0011678338050842,Q242664,Q242664.12~A29.K_13,13,,normal,Q242664.12~A29.K_13L.png,Q242664.12~A29.K_13R.png,train,/data5/chensx/MyProject/UAE/data/arrangement_merged/chr_13/Q242664.12~A29.K_13L.png,/data5/chensx/MyProject/UAE/data/arrangement_merged/chr_13/Q242664.12~A29.K_13R.png,0,-0.135469395877709,,0.0011678338050842,1.5597551174015485,chromosome
0,0.001021385192871,Q242664,Q242664.12~A34.K_13,13,,normal,Q242664.12~A34.K_13L.png,Q242664.12~A34.K_13R.png,train,/data5/chensx/MyProject/UAE/data/arrangement_merged/chr_13/Q242664.12~A34.K_13L.png,/data5/chensx/MyProject/UAE/data/arrangement_merged/chr_13/Q242664.12~A34.K_13R.png,0,-0.3336909624019187,,0.001021385192871,0.8836229666144367,chromosome
0,0.0005207061767578,Q242664,Q242664.12~A37.K_13,13,,normal,Q242664.12~A37.K_13L.png,Q242664.12~A37.K_13R.png,train,/data5/chensx/MyProject/UAE/data/arrangement_merged/chr_13/Q242664.12~A37.K_13L.png,/data5/chensx/MyProject/UAE/data/arrangement_merged/chr_13/Q242664.12~A37.K_13R.png,0,-1.011371531715456,,0.0005207061767578,-1.4279399420580476,chromosome
0,0.0007535815238952,Q242664,Q242664.12~A8.K_13,13,,normal,Q242664.12~A8.K_13L.png,Q242664.12~A8.K_13R.png,train,/data5/chensx/MyProject/UAE/data/arrangement_merged/chr_13/Q242664.12~A8.K_13L.png,/data5/chensx/MyProject/UAE/data/arrangement_merged/chr_13/Q242664.12~A8.K_13R.png,0,-0.6961693907264095,,0.0007535815238952,-0.35278800346484807,chromosome
0,0.0007644295692443,Q242664,Q242664.13~A20.K_13,13,,normal,Q242664.13~A20.K_13L.png,Q242664.13~A20.K_13R.png,train,/data5/chensx/MyProject/UAE/data/arrangement_merged/chr_13/Q242664.13~A20.K_13L.png,/data5/chensx/MyProject/UAE/data/arrangement_merged/chr_13/Q242664.13~A20.K_13R.png,0,-0.6814863117246163,,0.0007644295692443,-0.3027041404437004,chromosome
0,0.0008021593093872,Q242664,Q242664.13~A32.K_13,13,,normal,Q242664.13~A32.K_13L.png,Q242664.13~A32.K_13R.png,train,/data5/chensx/MyProject/UAE/data/arrangement_merged/chr_13/Q242664.13~A32.K_13L.png,/data5/chensx/MyProject/UAE/data/arrangement_merged/chr_13/Q242664.13~A32.K_13R.png,0,-0.6304182402513461,,0.0008021593093872,-0.12851136411120817,chromosome
0,0.0007678866386413,Q242664,Q242664.13~A33.K_13,13,,normal,Q242664.13~A33.K_13L.png,Q242664.13~A33.K_13R.png,train,/data5/chensx/MyProject/UAE/data/arrangement_merged/chr_13/Q242664.13~A33.K_13L.png,/data5/chensx/MyProject/UAE/data/arrangement_merged/chr_13/Q242664.13~A33.K_13R.png,0,-0.6768070887460228,,0.0007678866386413,-0.28674334893130926,chromosome
0,0.0006305575370788,Q242664,Q242664.13~A42.K_13,13,,normal,Q242664.13~A42.K_13L.png,Q242664.13~A42.K_13R.png,train,/data5/chensx/MyProject/UAE/data/arrangement_merged/chr_13/Q242664.13~A42.K_13L.png,/data5/chensx/MyProject/UAE/data/arrangement_merged/chr_13/Q242664.13~A42.K_13R.png,0,-0.8626851877577358,,0.0006305575370788,-0.9207720324530079,chromosome
0,0.0005882382392883,Q242664,Q242664.13~A50.K_13,13,,normal,Q242664.13~A50.K_13L.png,Q242664.13~A50.K_13R.png,train,/data5/chensx/MyProject/UAE/data/arrangement_merged/chr_13/Q242664.13~A50.K_13L.png,/data5/chensx/MyProject/UAE/data/arrangement_merged/chr_13/Q242664.13~A50.K_13R.png,0,-0.91996533111638,,0.0005882382392883,-1.116154135447849,chromosome
0,0.0006096363067626,Q242664,Q242664.14~A47.K_13,13,,normal,Q242664.14~A47.K_13L.png,Q242664.14~A47.K_13R.png,train,/data5/chensx/MyProject/UAE/data/arrangement_merged/chr_13/Q242664.14~A47.K_13L.png,/data5/chensx/MyProject/UAE/data/arrangement_merged/chr_13/Q242664.14~A47.K_13R.png,0,-0.8910025544040515,,0.0006096363067626,-1.0173623397084413,chromosome
0,0.0007575154304504,Q242664,Q242664.1~A14.K_13,13,,normal,Q242664.1~A14.K_13L.png,Q242664.1~A14.K_13R.png,train,/data5/chensx/MyProject/UAE/data/arrangement_merged/chr_13/Q242664.1~A14.K_13L.png,/data5/chensx/MyProject/UAE/data/arrangement_merged/chr_13/Q242664.1~A14.K_13R.png,0,-0.6908447576818032,,0.0007575154304504,-0.3346257234680211,chromosome
0,0.0011593103408813,Q242664,Q242664.2~A1.K_13,13,,normal,Q242664.2~A1.K_13L.png,Q242664.2~A1.K_13R.png,train,/data5/chensx/MyProject/UAE/data/arrangement_merged/chr_13/Q242664.2~A1.K_13L.png,/data5/chensx/MyProject/UAE/data/arrangement_merged/chr_13/Q242664.2~A1.K_13R.png,0,-0.1470061008076894,,0.0011593103408813,1.5204035107419105,chromosome
0,0.0006038546562194,Q242664,Q242664.2~A10.K_13,13,,normal,Q242664.2~A10.K_13L.png,Q242664.2~A10.K_13R.png,train,/data5/chensx/MyProject/UAE/data/arrangement_merged/chr_13/Q242664.2~A10.K_13L.png,/data5/chensx/MyProject/UAE/data/arrangement_merged/chr_13/Q242664.2~A10.K_13R.png,0,-0.8988281514544578,,0.0006038546562194,-1.0440553875823422,chromosome
0,0.0007992386817932,Q242664,Q242664.2~A30.K_13,13,,normal,Q242664.2~A30.K_13L.png,Q242664.2~A30.K_13R.png,train,/data5/chensx/MyProject/UAE/data/arrangement_merged/chr_13/Q242664.2~A30.K_13L.png,/data5/chensx/MyProject/UAE/data/arrangement_merged/chr_13/Q242664.2~A30.K_13R.png,0,-0.634371376905675,,0.0007992386817932,-0.14199548107849352,chromosome
0,0.0007674694061279,Q242664,Q242664.2~A32.K_13,13,,normal,Q242664.2~A32.K_13L.png,Q242664.2~A32.K_13R.png,train,/data5/chensx/MyProject/UAE/data/arrangement_merged/chr_13/Q242664.2~A32.K_13L.png,/data5/chensx/MyProject/UAE/data/arrangement_merged/chr_13/Q242664.2~A32.K_13R.png,0,-0.677371822553784,,0.0007674694061279,-0.28866965135507516,chromosome
0,0.0006483793258666,Q242664,Q242664.2~A6.K_13,13,,normal,Q242664.2~A6.K_13L.png,Q242664.2~A6.K_13R.png,train,/data5/chensx/MyProject/UAE/data/arrangement_merged/chr_13/Q242664.2~A6.K_13L.png,/data5/chensx/MyProject/UAE/data/arrangement_merged/chr_13/Q242664.2~A6.K_13R.png,0,-0.838562986540504,,0.0006483793258666,-0.8384914003468691,chromosome
0,0.0006554126739501,Q242664,Q242664.3~A19.K_13,13,,normal,Q242664.3~A19.K_13L.png,Q242664.3~A19.K_13R.png,train,/data5/chensx/MyProject/UAE/data/arrangement_merged/chr_13/Q242664.3~A19.K_13L.png,/data5/chensx/MyProject/UAE/data/arrangement_merged/chr_13/Q242664.3~A19.K_13R.png,0,-0.8290431880668139,,0.0006554126739501,-0.8060194452012085,chromosome
0,0.0008286237716674,Q242664,Q242664.3~A29.K_13,13,,normal,Q242664.3~A29.K_13L.png,Q242664.3~A29.K_13R.png,train,/data5/chensx/MyProject/UAE/data/arrangement_merged/chr_13/Q242664.3~A29.K_13L.png,/data5/chensx/MyProject/UAE/data/arrangement_merged/chr_13/Q242664.3~A29.K_13R.png,0,-0.5945979815876306,,0.0008286237716674,-0.006328753224553037,chromosome
0,0.000731348991394,Q242664,Q242664.3~A44.K_13,13,,normal,Q242664.3~A44.K_13L.png,Q242664.3~A44.K_13R.png,train,/data5/chensx/MyProject/UAE/data/arrangement_merged/chr_13/Q242664.3~A44.K_13L.png,/data5/chensx/MyProject/UAE/data/arrangement_merged/chr_13/Q242664.3~A44.K_13R.png,0,-0.7262616350542607,,0.000731348991394,-0.45543240405224966,chromosome
0,0.0005673170089721,Q242664,Q242664.3~A48.K_13,13,,normal,Q242664.3~A48.K_13L.png,Q242664.3~A48.K_13R.png,train,/data5/chensx/MyProject/UAE/data/arrangement_merged/chr_13/Q242664.3~A48.K_13L.png,/data5/chensx/MyProject/UAE/data/arrangement_merged/chr_13/Q242664.3~A48.K_13R.png,0,-0.9482826977626958,,0.0005673170089721,-1.212744442703283,chromosome
0,0.0008111000061035,Q242664,Q242664.4~A14.K_13,13,,normal,Q242664.4~A14.K_13L.png,Q242664.4~A14.K_13R.png,train,/data5/chensx/MyProject/UAE/data/arrangement_merged/chr_13/Q242664.4~A14.K_13L.png,/data5/chensx/MyProject/UAE/data/arrangement_merged/chr_13/Q242664.4~A14.K_13R.png,0,-0.6183168015136044,,0.0008111000061035,-0.08723345502780379,chromosome
0,0.0006650686264038,Q242664,Q242664.4~A34.K_13,13,,normal,Q242664.4~A34.K_13L.png,Q242664.4~A34.K_13R.png,train,/data5/chensx/MyProject/UAE/data/arrangement_merged/chr_13/Q242664.4~A34.K_13L.png,/data5/chensx/MyProject/UAE/data/arrangement_merged/chr_13/Q242664.4~A34.K_13R.png,0,-0.8159736342300528,,0.0006650686264038,-0.7614393033906885,chromosome
0,0.0007901191711425,Q242664,Q242664.4~A41.K_13,13,,normal,Q242664.4~A41.K_13L.png,Q242664.4~A41.K_13R.png,train,/data5/chensx/MyProject/UAE/data/arrangement_merged/chr_13/Q242664.4~A41.K_13L.png,/data5/chensx/MyProject/UAE/data/arrangement_merged/chr_13/Q242664.4~A41.K_13R.png,0,-0.6467148444181716,,0.0007901191711425,-0.18409894834390766,chromosome
0,0.0006396770477294,Q242664,Q242664.4~A49.K_13,13,,normal,Q242664.4~A49.K_13L.png,Q242664.4~A49.K_13R.png,train,/data5/chensx/MyProject/UAE/data/arrangement_merged/chr_13/Q242664.4~A49.K_13L.png,/data5/chensx/MyProject/UAE/data/arrangement_merged/chr_13/Q242664.4~A49.K_13R.png,0,-0.8503417202452392,,0.0006396770477294,-0.8786685651880553,chromosome
0,0.0009526014328002,Q250230,Q250230.11~A30.K_13,13,,normal,Q250230.11~A30.K_13L.png,Q250230.11~A30.K_13R.png,train,/data5/chensx/MyProject/UAE/data/arrangement_merged/chr_13/Q250230.11~A30.K_13L.png,/data5/chensx/MyProject/UAE/data/arrangement_merged/chr_13/Q250230.11~A30.K_13R.png,0,-0.4683776866319798,,0.0009526014328002,0.5660582527324785,chromosome
0,0.0008159279823303,Q250230,Q250230.12~A40.K_13,13,,normal,Q250230.12~A40.K_13L.png,Q250230.12~A40.K_13R.png,train,/data5/chensx/MyProject/UAE/data/arrangement_merged/chr_13/Q250230.12~A40.K_13L.png,/data5/chensx/MyProject/UAE/data/arrangement_merged/chr_13/Q250230.12~A40.K_13R.png,0,-0.6394015522743385,,0.0008159279823303,-0.0649433841227746,chromosome
0,0.0005762577056884,Q250230,Q250230.13~A45.K_13,13,,normal,Q250230.13~A45.K_13L.png,Q250230.13~A45.K_13R.png,train,/data5/chensx/MyProject/UAE/data/arrangement_merged/chr_13/Q250230.13~A45.K_13L.png,/data5/chensx/MyProject/UAE/data/arrangement_merged/chr_13/Q250230.13~A45.K_13R.png,0,-0.9393086450558144,,0.0005762577056884,-1.1714665336198786,chromosome
0,0.0008398294448852,Q250230,Q250230.14~A21.K_13,13,,normal,Q250230.14~A21.K_13L.png,Q250230.14~A21.K_13R.png,train,/data5/chensx/MyProject/UAE/data/arrangement_merged/chr_13/Q250230.14~A21.K_13L.png,/data5/chensx/MyProject/UAE/data/arrangement_merged/chr_13/Q250230.14~A21.K_13R.png,0,-0.6094928867171707,,0.0008398294448852,0.04540622616015264,chromosome
0,0.0005630850791931,Q250230,Q250230.14~A43.K_13,13,,normal,Q250230.14~A43.K_13L.png,Q250230.14~A43.K_13R.png,train,/data5/chensx/MyProject/UAE/data/arrangement_merged/chr_13/Q250230.14~A43.K_13L.png,/data5/chensx/MyProject/UAE/data/arrangement_merged/chr_13/Q250230.14~A43.K_13R.png,0,-0.9557919744526576,,0.0005630850791931,-1.2322826530025366,chromosome
0,0.0007367730140686,Q250230,Q250230.15~A8.K_13,13,,normal,Q250230.15~A8.K_13L.png,Q250230.15~A8.K_13R.png,train,/data5/chensx/MyProject/UAE/data/arrangement_merged/chr_13/Q250230.15~A8.K_13L.png,/data5/chensx/MyProject/UAE/data/arrangement_merged/chr_13/Q250230.15~A8.K_13R.png,0,-0.7384506990571786,,0.0007367730140686,-0.43039047254144486,chromosome
0,0.0007973313331604,Q250230,Q250230.1~A20.K_13,13,,normal,Q250230.1~A20.K_13L.png,Q250230.1~A20.K_13R.png,train,/data5/chensx/MyProject/UAE/data/arrangement_merged/chr_13/Q250230.1~A20.K_13L.png,/data5/chensx/MyProject/UAE/data/arrangement_merged/chr_13/Q250230.1~A20.K_13R.png,0,-0.6626721349522346,,0.0007973313331604,-0.15080143501623733,chromosome
0,0.0008090138435363,Q250230,Q250230.2~A24.K_13,13,,normal,Q250230.2~A24.K_13L.png,Q250230.2~A24.K_13R.png,train,/data5/chensx/MyProject/UAE/data/arrangement_merged/chr_13/Q250230.2~A24.K_13L.png,/data5/chensx/MyProject/UAE/data/arrangement_merged/chr_13/Q250230.2~A24.K_13R.png,0,-0.6480534355776589,,0.0008090138435363,-0.09686496714755735,chromosome
0,0.0008090734481811,Q250230,Q250230.2~A27.K_13,13,,normal,Q250230.2~A27.K_13L.png,Q250230.2~A27.K_13R.png,train,/data5/chensx/MyProject/UAE/data/arrangement_merged/chr_13/Q250230.2~A27.K_13L.png,/data5/chensx/MyProject/UAE/data/arrangement_merged/chr_13/Q250230.2~A27.K_13R.png,0,-0.6479788503767682,,0.0008090734481811,-0.09658978108688743,chromosome
0,0.0006924867630004,Q250230,Q250230.2~A38.K_13,13,,normal,Q250230.2~A38.K_13L.png,Q250230.2~A38.K_13R.png,train,/data5/chensx/MyProject/UAE/data/arrangement_merged/chr_13/Q250230.2~A38.K_13L.png,/data5/chensx/MyProject/UAE/data/arrangement_merged/chr_13/Q250230.2~A38.K_13R.png,0,-0.7938675033189634,,0.0006924867630004,-0.6348537155351618,chromosome
0,0.0007240772247314,Q250230,Q250230.4~A35.K_13,13,,normal,Q250230.4~A35.K_13L.png,Q250230.4~A35.K_13R.png,train,/data5/chensx/MyProject/UAE/data/arrangement_merged/chr_13/Q250230.4~A35.K_13L.png,/data5/chensx/MyProject/UAE/data/arrangement_merged/chr_13/Q250230.4~A35.K_13R.png,0,-0.7543373468468962,,0.0007240772247314,-0.48900510344012843,chromosome
0,0.0006564855575561,Q250230,Q250230.5~A21.K_13,13,,normal,Q250230.5~A21.K_13L.png,Q250230.5~A21.K_13R.png,train,/data5/chensx/MyProject/UAE/data/arrangement_merged/chr_13/Q250230.5~A21.K_13L.png,/data5/chensx/MyProject/UAE/data/arrangement_merged/chr_13/Q250230.5~A21.K_13R.png,0,-0.8389169646569419,,0.0006564855575561,-0.801066096110997,chromosome
0,0.0007708072662353,Q250230,Q250230.5~A42.K_13,13,,normal,Q250230.5~A42.K_13L.png,Q250230.5~A42.K_13R.png,train,/data5/chensx/MyProject/UAE/data/arrangement_merged/chr_13/Q250230.5~A42.K_13L.png,/data5/chensx/MyProject/UAE/data/arrangement_merged/chr_13/Q250230.5~A42.K_13R.png,0,-0.695862549348593,,0.0007708072662353,-0.2732592319640239,chromosome
0,0.0007362365722656,Q250230,Q250230.5~A46.K_13,13,,normal,Q250230.5~A46.K_13L.png,Q250230.5~A46.K_13R.png,train,/data5/chensx/MyProject/UAE/data/arrangement_merged/chr_13/Q250230.5~A46.K_13L.png,/data5/chensx/MyProject/UAE/data/arrangement_merged/chr_13/Q250230.5~A46.K_13R.png,0,-0.7391219658651949,,0.0007362365722656,-0.43286714708655105,chromosome
0,0.0010216236114501,Q250230,Q250230.5~A5.K_13,13,,normal,Q250230.5~A5.K_13L.png,Q250230.5~A5.K_13R.png,train,/data5/chensx/MyProject/UAE/data/arrangement_merged/chr_13/Q250230.5~A5.K_13L.png,/data5/chensx/MyProject/UAE/data/arrangement_merged/chr_13/Q250230.5~A5.K_13R.png,0,-0.3820080240005575,,0.0010216236114501,0.8847237108566539,chromosome
0,0.0009254813194274,Q250230,Q250230.5~A6.K_13,13,,normal,Q250230.5~A6.K_13L.png,Q250230.5~A6.K_13R.png,train,/data5/chensx/MyProject/UAE/data/arrangement_merged/chr_13/Q250230.5~A6.K_13L.png,/data5/chensx/MyProject/UAE/data/arrangement_merged/chr_13/Q250230.5~A6.K_13R.png,0,-0.5023139530372451,,0.0009254813194274,0.4408485951793777,chromosome
0,0.0012238025665283,Q251136,Q251136.12~A20.K_13,13,,normal,Q251136.12~A20.K_13L.png,Q251136.12~A20.K_13R.png,train,/data5/chensx/MyProject/UAE/data/arrangement_merged/chr_13/Q251136.12~A20.K_13L.png,/data5/chensx/MyProject/UAE/data/arrangement_merged/chr_13/Q251136.12~A20.K_13R.png,0,-0.1072791618486954,,0.0012238025665283,1.8181548282639455,chromosome
0,0.0011724829673767,Q251136,Q251136.12~A23.K_13,13,,normal,Q251136.12~A23.K_13L.png,Q251136.12~A23.K_13R.png,train,/data5/chensx/MyProject/UAE/data/arrangement_merged/chr_13/Q251136.12~A23.K_13L.png,/data5/chensx/MyProject/UAE/data/arrangement_merged/chr_13/Q251136.12~A23.K_13R.png,0,-0.1577771788177584,,0.0011724829673767,1.5812196301250305,chromosome
0,0.0006923079490661,Q251136,Q251136.14~A16.K_13,13,,normal,Q251136.14~A16.K_13L.png,Q251136.14~A16.K_13R.png,train,/data5/chensx/MyProject/UAE/data/arrangement_merged/chr_13/Q251136.14~A16.K_13L.png,/data5/chensx/MyProject/UAE/data/arrangement_merged/chr_13/Q251136.14~A16.K_13R.png,0,-0.6302650123865986,,0.0006923079490661,-0.6356792737167101,chromosome
0,0.0007674098014831,Q251136,Q251136.14~A17.K_13,13,,normal,Q251136.14~A17.K_13L.png,Q251136.14~A17.K_13R.png,train,/data5/chensx/MyProject/UAE/data/arrangement_merged/chr_13/Q251136.14~A17.K_13L.png,/data5/chensx/MyProject/UAE/data/arrangement_merged/chr_13/Q251136.14~A17.K_13R.png,0,-0.5563654753587015,,0.0007674098014831,-0.2889448374157451,chromosome
0,0.0009396076202392,Q251136,Q251136.14~A18.K_13,13,,normal,Q251136.14~A18.K_13L.png,Q251136.14~A18.K_13R.png,train,/data5/chensx/MyProject/UAE/data/arrangement_merged/chr_13/Q251136.14~A18.K_13L.png,/data5/chensx/MyProject/UAE/data/arrangement_merged/chr_13/Q251136.14~A18.K_13R.png,0,-0.3869243940304518,,0.0009396076202392,0.5060676915313688,chromosome
0,0.0011776685714721,Q251136,Q251136.14~A2.K_13,13,,normal,Q251136.14~A2.K_13L.png,Q251136.14~A2.K_13R.png,train,/data5/chensx/MyProject/UAE/data/arrangement_merged/chr_13/Q251136.14~A2.K_13L.png,/data5/chensx/MyProject/UAE/data/arrangement_merged/chr_13/Q251136.14~A2.K_13R.png,0,-0.1526745917372608,,0.0011776685714721,1.6051608173931555,chromosome
0,0.0006737112998962,Q251136,Q251136.14~A31.K_13,13,,normal,Q251136.14~A31.K_13L.png,Q251136.14~A31.K_13R.png,train,/data5/chensx/MyProject/UAE/data/arrangement_merged/chr_13/Q251136.14~A31.K_13L.png,/data5/chensx/MyProject/UAE/data/arrangement_merged/chr_13/Q251136.14~A31.K_13R.png,0,-0.648563945364935,,0.0006737112998962,-0.7215373246101723,chromosome
0,0.0010812282562255,Q251136,Q251136.14~A39.K_13,13,,normal,Q251136.14~A39.K_13L.png,Q251136.14~A39.K_13R.png,train,/data5/chensx/MyProject/UAE/data/arrangement_merged/chr_13/Q251136.14~A39.K_13L.png,/data5/chensx/MyProject/UAE/data/arrangement_merged/chr_13/Q251136.14~A39.K_13R.png,0,-0.2475709813492746,,0.0010812282562255,1.1599097714129907,chromosome
0,0.0007758140563964,Q251136,Q251136.1~A12.K_13,13,,normal,Q251136.1~A12.K_13L.png,Q251136.1~A12.K_13R.png,train,/data5/chensx/MyProject/UAE/data/arrangement_merged/chr_13/Q251136.1~A12.K_13L.png,/data5/chensx/MyProject/UAE/data/arrangement_merged/chr_13/Q251136.1~A12.K_13R.png,0,-0.5480957652627225,,0.0007758140563964,-0.25014360287744647,chromosome
0,0.0005496144294738,Q251136,Q251136.1~A38.K_13,13,,normal,Q251136.1~A38.K_13L.png,Q251136.1~A38.K_13R.png,train,/data5/chensx/MyProject/UAE/data/arrangement_merged/chr_13/Q251136.1~A38.K_13L.png,/data5/chensx/MyProject/UAE/data/arrangement_merged/chr_13/Q251136.1~A38.K_13R.png,0,-0.770674132739603,,0.0005496144294738,-1.2944747026885435,chromosome
0,0.001035451889038,Q251136,Q251136.2~A15.K_13,13,,normal,Q251136.2~A15.K_13L.png,Q251136.2~A15.K_13R.png,train,/data5/chensx/MyProject/UAE/data/arrangement_merged/chr_13/Q251136.2~A15.K_13L.png,/data5/chensx/MyProject/UAE/data/arrangement_merged/chr_13/Q251136.2~A15.K_13R.png,0,-0.2926145086805642,,0.001035451889038,0.9485668769057579,chromosome
0,0.0006948709487915,Q251136,Q251136.2~A2.K_13,13,,normal,Q251136.2~A2.K_13L.png,Q251136.2~A2.K_13R.png,train,/data5/chensx/MyProject/UAE/data/arrangement_merged/chr_13/Q251136.2~A2.K_13L.png,/data5/chensx/MyProject/UAE/data/arrangement_merged/chr_13/Q251136.2~A2.K_13R.png,0,-0.627743044059456,,0.0006948709487915,-0.6238462731125206,chromosome
0,0.0012192130088806,Q251136,Q251136.2~A20.K_13,13,,normal,Q251136.2~A20.K_13L.png,Q251136.2~A20.K_13R.png,train,/data5/chensx/MyProject/UAE/data/arrangement_merged/chr_13/Q251136.2~A20.K_13L.png,/data5/chensx/MyProject/UAE/data/arrangement_merged/chr_13/Q251136.2~A20.K_13R.png,0,-0.1117952446670669,,0.0012192130088806,1.796965501601135,chromosome
0,0.0008926391601562,Q251136,Q251136.2~A25.K_13,13,,normal,Q251136.2~A25.K_13L.png,Q251136.2~A25.K_13R.png,train,/data5/chensx/MyProject/UAE/data/arrangement_merged/chr_13/Q251136.2~A25.K_13L.png,/data5/chensx/MyProject/UAE/data/arrangement_merged/chr_13/Q251136.2~A25.K_13R.png,0,-0.4331409298859938,,0.0008926391601562,0.28922107581304607,chromosome
0,0.0008319020271301,Q251136,Q251136.2~A36.K_13,13,,normal,Q251136.2~A36.K_13L.png,Q251136.2~A36.K_13R.png,train,/data5/chensx/MyProject/UAE/data/arrangement_merged/chr_13/Q251136.2~A36.K_13L.png,/data5/chensx/MyProject/UAE/data/arrangement_merged/chr_13/Q251136.2~A36.K_13R.png,0,-0.4929057141966502,,0.0008319020271301,0.008806480106289843,chromosome
0,0.0007847547531127,Q251136,Q251136.2~A5.K_13,13,,normal,Q251136.2~A5.K_13L.png,Q251136.2~A5.K_13R.png,train,/data5/chensx/MyProject/UAE/data/arrangement_merged/chr_13/Q251136.2~A5.K_13L.png,/data5/chensx/MyProject/UAE/data/arrangement_merged/chr_13/Q251136.2~A5.K_13R.png,0,-0.5392982013308301,,0.0007847547531127,-0.2088656937940421,chromosome
0,0.0006833672523498,Q251136,Q251136.2~A7.K_13,13,,normal,Q251136.2~A7.K_13L.png,Q251136.2~A7.K_13R.png,train,/data5/chensx/MyProject/UAE/data/arrangement_merged/chr_13/Q251136.2~A7.K_13L.png,/data5/chensx/MyProject/UAE/data/arrangement_merged/chr_13/Q251136.2~A7.K_13R.png,0,-0.6390625763184911,,0.0006833672523498,-0.6769571828001144,chromosome
0,0.0005936622619628,Q251136,Q251136.3~A16.K_13,13,,normal,Q251136.3~A16.K_13L.png,Q251136.3~A16.K_13R.png,train,/data5/chensx/MyProject/UAE/data/arrangement_merged/chr_13/Q251136.3~A16.K_13L.png,/data5/chensx/MyProject/UAE/data/arrangement_merged/chr_13/Q251136.3~A16.K_13R.png,0,-0.7273314677684792,,0.0005936622619628,-1.0911122039375063,chromosome
0,0.000526487827301,Q251136,Q251136.3~A21.K_13,13,,normal,Q251136.3~A21.K_13L.png,Q251136.3~A21.K_13R.png,train,/data5/chensx/MyProject/UAE/data/arrangement_merged/chr_13/Q251136.3~A21.K_13L.png,/data5/chensx/MyProject/UAE/data/arrangement_merged/chr_13/Q251136.3~A21.K_13R.png,0,-0.7934304981100982,,0.000526487827301,-1.401246894184147,chromosome
0,0.0008394122123718,Q251136,Q251136.3~A23.K_13,13,,normal,Q251136.3~A23.K_13L.png,Q251136.3~A23.K_13R.png,train,/data5/chensx/MyProject/UAE/data/arrangement_merged/chr_13/Q251136.3~A23.K_13L.png,/data5/chensx/MyProject/UAE/data/arrangement_merged/chr_13/Q251136.3~A23.K_13R.png,0,-0.4855157604938605,,0.0008394122123718,0.04347992373638674,chromosome
0,0.0006854534149169,Q251136,Q251136.3~A26.K_13,13,,normal,Q251136.3~A26.K_13L.png,Q251136.3~A26.K_13R.png,train,/data5/chensx/MyProject/UAE/data/arrangement_merged/chr_13/Q251136.3~A26.K_13L.png,/data5/chensx/MyProject/UAE/data/arrangement_merged/chr_13/Q251136.3~A26.K_13R.png,0,-0.6370098114010495,,0.0006854534149169,-0.6673256706808224,chromosome
0,0.0007955431938171,Q251136,Q251136.3~A32.K_13,13,,normal,Q251136.3~A32.K_13L.png,Q251136.3~A32.K_13R.png,train,/data5/chensx/MyProject/UAE/data/arrangement_merged/chr_13/Q251136.3~A32.K_13L.png,/data5/chensx/MyProject/UAE/data/arrangement_merged/chr_13/Q251136.3~A32.K_13R.png,0,-0.5286824741863464,,0.0007955431938171,-0.15905701683310283,chromosome
0,0.0011531114578247,Q251136,Q251136.3~A36.K_13,13,,normal,Q251136.3~A36.K_13L.png,Q251136.3~A36.K_13R.png,train,/data5/chensx/MyProject/UAE/data/arrangement_merged/chr_13/Q251136.3~A36.K_13L.png,/data5/chensx/MyProject/UAE/data/arrangement_merged/chr_13/Q251136.3~A36.K_13R.png,0,-0.1768385673368588,,0.0011531114578247,1.4917841604442443,chromosome
0,0.0006856322288513,Q251136,Q251136.3~A40.K_13,13,,normal,Q251136.3~A40.K_13L.png,Q251136.3~A40.K_13R.png,train,/data5/chensx/MyProject/UAE/data/arrangement_merged/chr_13/Q251136.3~A40.K_13L.png,/data5/chensx/MyProject/UAE/data/arrangement_merged/chr_13/Q251136.3~A40.K_13R.png,0,-0.6368338601224116,,0.0006856322288513,-0.6665001124988126,chromosome
0,0.0008462667465209,Q251136,Q251136.3~A41.K_13,13,,normal,Q251136.3~A41.K_13L.png,Q251136.3~A41.K_13R.png,train,/data5/chensx/MyProject/UAE/data/arrangement_merged/chr_13/Q251136.3~A41.K_13L.png,/data5/chensx/MyProject/UAE/data/arrangement_merged/chr_13/Q251136.3~A41.K_13R.png,0,-0.4787709614794096,,0.0008462667465209,0.07512632070003755,chromosome
0,0.0006459951400756,Q251136,Q251136.4~A12.K_13,13,,normal,Q251136.4~A12.K_13L.png,Q251136.4~A12.K_13R.png,train,/data5/chensx/MyProject/UAE/data/arrangement_merged/chr_13/Q251136.4~A12.K_13L.png,/data5/chensx/MyProject/UAE/data/arrangement_merged/chr_13/Q251136.4~A12.K_13R.png,0,-0.6758363935538018,,0.0006459951400756,-0.8494988427690486,chromosome
0,0.0006276369094848,Q251136,Q251136.4~A13.K_13,13,,normal,Q251136.4~A13.K_13L.png,Q251136.4~A13.K_13R.png,train,/data5/chensx/MyProject/UAE/data/arrangement_merged/chr_13/Q251136.4~A13.K_13L.png,/data5/chensx/MyProject/UAE/data/arrangement_merged/chr_13/Q251136.4~A13.K_13R.png,0,-0.6939007248272877,,0.0006276369094848,-0.9342561494202932,chromosome
0,0.0007082223892211,Q251136,Q251136.4~A15.K_13,13,,normal,Q251136.4~A15.K_13L.png,Q251136.4~A15.K_13R.png,train,/data5/chensx/MyProject/UAE/data/arrangement_merged/chr_13/Q251136.4~A15.K_13L.png,/data5/chensx/MyProject/UAE/data/arrangement_merged/chr_13/Q251136.4~A15.K_13R.png,0,-0.6146053485878299,,0.0007082223892211,-0.562204595548315,chromosome
0,0.0010304450988769,Q251136,Q251136.4~A16.K_13,13,,normal,Q251136.4~A16.K_13L.png,Q251136.4~A16.K_13R.png,train,/data5/chensx/MyProject/UAE/data/arrangement_merged/chr_13/Q251136.4~A16.K_13L.png,/data5/chensx/MyProject/UAE/data/arrangement_merged/chr_13/Q251136.4~A16.K_13R.png,0,-0.297541144482424,,0.0010304450988769,0.9254512478191805,chromosome
0,0.0010497570037841,Q251136,Q251136.4~A19.K_13,13,,normal,Q251136.4~A19.K_13L.png,Q251136.4~A19.K_13R.png,train,/data5/chensx/MyProject/UAE/data/arrangement_merged/chr_13/Q251136.4~A19.K_13L.png,/data5/chensx/MyProject/UAE/data/arrangement_merged/chr_13/Q251136.4~A19.K_13R.png,0,-0.2785384063895362,,0.0010497570037841,1.0146115314392972,chromosome
0,0.0008556246757507,Q251136,Q251136.4~A2.K_13,13,,normal,Q251136.4~A2.K_13L.png,Q251136.4~A2.K_13R.png,train,/data5/chensx/MyProject/UAE/data/arrangement_merged/chr_13/Q251136.4~A2.K_13L.png,/data5/chensx/MyProject/UAE/data/arrangement_merged/chr_13/Q251136.4~A2.K_13R.png,0,-0.4695628445640288,,0.0008556246757507,0.11833053220766934,chromosome
0,0.0009072422981262,Q251136,Q251136.4~A36.K_13,13,,normal,Q251136.4~A36.K_13L.png,Q251136.4~A36.K_13R.png,train,/data5/chensx/MyProject/UAE/data/arrangement_merged/chr_13/Q251136.4~A36.K_13L.png,/data5/chensx/MyProject/UAE/data/arrangement_merged/chr_13/Q251136.4~A36.K_13R.png,0,-0.4187715754639027,,0.0009072422981262,0.35664166064947295,chromosome
0,0.0008659362792968,Q251136,Q251136.4~A5.K_13,13,,normal,Q251136.4~A5.K_13L.png,Q251136.4~A5.K_13R.png,train,/data5/chensx/MyProject/UAE/data/arrangement_merged/chr_13/Q251136.4~A5.K_13L.png,/data5/chensx/MyProject/UAE/data/arrangement_merged/chr_13/Q251136.4~A5.K_13R.png,0,-0.4594163208292461,,0.0008659362792968,0.16593772068371127,chromosome
0,0.0013623833656311,165070,165070.11~A20.K_14,14,,normal,165070.11~A20.K_14L.png,165070.11~A20.K_14R.png,train,/data5/chensx/MyProject/UAE/data/arrangement_merged/chr_14/165070.11~A20.K_14L.png,/data5/chensx/MyProject/UAE/data/arrangement_merged/chr_14/165070.11~A20.K_14R.png,0,0.13777488389485,,0.0013623833656311,2.790397033742473,chromosome
0,0.0011618733406066,165070,165070.11~A21.K_14,14,,normal,165070.11~A21.K_14L.png,165070.11~A21.K_14R.png,train,/data5/chensx/MyProject/UAE/data/arrangement_merged/chr_14/165070.11~A21.K_14L.png,/data5/chensx/MyProject/UAE/data/arrangement_merged/chr_14/165070.11~A21.K_14R.png,0,-0.1446985517726585,,0.0011618733406066,1.4760559913274445,chromosome
0,0.0009068250656127,165070,165070.11~A30.K_14,14,,normal,165070.11~A30.K_14L.png,165070.11~A30.K_14R.png,train,/data5/chensx/MyProject/UAE/data/arrangement_merged/chr_14/165070.11~A30.K_14L.png,/data5/chensx/MyProject/UAE/data/arrangement_merged/chr_14/165070.11~A30.K_14R.png,0,-0.5040040901856401,,0.0009068250656127,-0.19578268896136844,chromosome
0,0.0008720755577087,165070,165070.12~A1.K_14,14,,normal,165070.12~A1.K_14L.png,165070.12~A1.K_14R.png,train,/data5/chensx/MyProject/UAE/data/arrangement_merged/chr_14/165070.12~A1.K_14L.png,/data5/chensx/MyProject/UAE/data/arrangement_merged/chr_14/165070.12~A1.K_14R.png,0,-0.5529583152136298,,0.0008720755577087,-0.4235653369181076,chromosome
0,0.0009335279464721,165070,165070.12~A21.K_14,14,,normal,165070.12~A21.K_14L.png,165070.12~A21.K_14R.png,train,/data5/chensx/MyProject/UAE/data/arrangement_merged/chr_14/165070.12~A21.K_14L.png,/data5/chensx/MyProject/UAE/data/arrangement_merged/chr_14/165070.12~A21.K_14R.png,0,-0.4663857491692774,,0.0009335279464721,-0.020745594133119372,chromosome
0,0.0010501742362976,165070,165070.12~A41.K_14,14,,normal,165070.12~A41.K_14L.png,165070.12~A41.K_14R.png,train,/data5/chensx/MyProject/UAE/data/arrangement_merged/chr_14/165070.12~A41.K_14L.png,/data5/chensx/MyProject/UAE/data/arrangement_merged/chr_14/165070.12~A41.K_14R.png,0,-0.3020574157562826,,0.0010501742362976,0.7438695723372858,chromosome
0,0.0007787942886352,165070,165070.12~A5.K_14,14,,normal,165070.12~A5.K_14L.png,165070.12~A5.K_14R.png,train,/data5/chensx/MyProject/UAE/data/arrangement_merged/chr_14/165070.12~A5.K_14L.png,/data5/chensx/MyProject/UAE/data/arrangement_merged/chr_14/165070.12~A5.K_14R.png,0,-0.6843706002373072,,0.0007787942886352,-1.0350230454136302,chromosome
0,0.000977873802185,165070,165070.12~A9.K_14,14,,normal,165070.12~A9.K_14L.png,165070.12~A9.K_14R.png,train,/data5/chensx/MyProject/UAE/data/arrangement_merged/chr_14/165070.12~A9.K_14L.png,/data5/chensx/MyProject/UAE/data/arrangement_merged/chr_14/165070.12~A9.K_14R.png,0,-0.4039124328385323,,0.000977873802185,0.26994100977787033,chromosome
0,0.0010069012641906,165070,165070.13~A24.K_14,14,,normal,165070.13~A24.K_14L.png,165070.13~A24.K_14R.png,train,/data5/chensx/MyProject/UAE/data/arrangement_merged/chr_14/165070.13~A24.K_14L.png,/data5/chensx/MyProject/UAE/data/arrangement_merged/chr_14/165070.13~A24.K_14R.png,0,-0.3630192808854774,,0.0010069012641906,0.4602157088431228,chromosome
0,0.0008372068405151,165070,165070.13~A25.K_14,14,,normal,165070.13~A25.K_14L.png,165070.13~A25.K_14R.png,train,/data5/chensx/MyProject/UAE/data/arrangement_merged/chr_14/165070.13~A25.K_14L.png,/data5/chensx/MyProject/UAE/data/arrangement_merged/chr_14/165070.13~A25.K_14R.png,0,-0.602080479264014,,0.0008372068405151,-0.6521294004770806,chromosome
0,0.0012195706367492,165070,165070.13~A26.K_14,14,,normal,165070.13~A26.K_14L.png,165070.13~A26.K_14R.png,train,/data5/chensx/MyProject/UAE/data/arrangement_merged/chr_14/165070.13~A26.K_14L.png,/data5/chensx/MyProject/UAE/data/arrangement_merged/chr_14/165070.13~A26.K_14R.png,0,-0.0634160649337322,,0.0012195706367492,1.8542611426525586,chromosome
0,0.0012409687042236,165070,165070.13~A27.K_14,14,,normal,165070.13~A27.K_14L.png,165070.13~A27.K_14R.png,train,/data5/chensx/MyProject/UAE/data/arrangement_merged/chr_14/165070.13~A27.K_14L.png,/data5/chensx/MyProject/UAE/data/arrangement_merged/chr_14/165070.13~A27.K_14R.png,0,-0.0332710104139237,,0.0012409687042236,1.9945252431958291,chromosome
0,0.0008397698402404,165070,165070.13~A28.K_14,14,,normal,165070.13~A28.K_14L.png,165070.13~A28.K_14R.png,train,/data5/chensx/MyProject/UAE/data/arrangement_merged/chr_14/165070.13~A28.K_14L.png,/data5/chensx/MyProject/UAE/data/arrangement_merged/chr_14/165070.13~A28.K_14R.png,0,-0.5984697902825328,,0.0008397698402404,-0.6353289650362657,chromosome
0,0.000912070274353,165070,165070.13~A3.K_14,14,,normal,165070.13~A3.K_14L.png,165070.13~A3.K_14R.png,train,/data5/chensx/MyProject/UAE/data/arrangement_merged/chr_14/165070.13~A3.K_14L.png,/data5/chensx/MyProject/UAE/data/arrangement_merged/chr_14/165070.13~A3.K_14R.png,0,-0.4966147732002831,,0.000912070274353,-0.16140040247685022,chromosome
0,0.0010392665863037,165070,165070.13~A36.K_14,14,,normal,165070.13~A36.K_14L.png,165070.13~A36.K_14R.png,train,/data5/chensx/MyProject/UAE/data/arrangement_merged/chr_14/165070.13~A36.K_14L.png,/data5/chensx/MyProject/UAE/data/arrangement_merged/chr_14/165070.13~A36.K_14R.png,0,-0.3174238363053772,,0.0010392665863037,0.6723700447623977,chromosome
0,0.00091552734375,165070,165070.13~A40.K_14,14,,normal,165070.13~A40.K_14L.png,165070.13~A40.K_14R.png,train,/data5/chensx/MyProject/UAE/data/arrangement_merged/chr_14/165070.13~A40.K_14L.png,/data5/chensx/MyProject/UAE/data/arrangement_merged/chr_14/165070.13~A40.K_14R.png,0,-0.4917445415508433,,0.00091552734375,-0.13873935002124932,chromosome
0,0.0010137557983398,165070,165070.13~A9.K_14,14,,normal,165070.13~A9.K_14L.png,165070.13~A9.K_14R.png,train,/data5/chensx/MyProject/UAE/data/arrangement_merged/chr_14/165070.13~A9.K_14L.png,/data5/chensx/MyProject/UAE/data/arrangement_merged/chr_14/165070.13~A9.K_14R.png,0,-0.353362787097795,,0.0010137557983398,0.505147105953207,chromosome
0,0.0009874105453491,165070,165070.1~A9.K_14,14,,normal,165070.1~A9.K_14L.png,165070.1~A9.K_14R.png,train,/data5/chensx/MyProject/UAE/data/arrangement_merged/chr_14/165070.1~A9.K_14L.png,/data5/chensx/MyProject/UAE/data/arrangement_merged/chr_14/165070.1~A9.K_14R.png,0,-0.3904773110469742,,0.0009874105453491,0.3324542579310039,chromosome
0,0.0010263323783874,165070,165070.2~A31.K_14,14,,normal,165070.2~A31.K_14L.png,165070.2~A31.K_14R.png,train,/data5/chensx/MyProject/UAE/data/arrangement_merged/chr_14/165070.2~A31.K_14L.png,/data5/chensx/MyProject/UAE/data/arrangement_merged/chr_14/165070.2~A31.K_14R.png,0,-0.3356452202351778,,0.0010263323783874,0.5875864519547793,chromosome
0,0.000831127166748,165070,165070.3~A15.K_14,14,,normal,165070.3~A15.K_14L.png,165070.3~A15.K_14R.png,train,/data5/chensx/MyProject/UAE/data/arrangement_merged/chr_14/165070.3~A15.K_14L.png,/data5/chensx/MyProject/UAE/data/arrangement_merged/chr_14/165070.3~A15.K_14R.png,0,-0.6106453694061323,,0.000831127166748,-0.6919815961746126,chromosome
0,0.0010038614273071,165070,165070.3~A2.K_14,14,,normal,165070.3~A2.K_14L.png,165070.3~A2.K_14R.png,train,/data5/chensx/MyProject/UAE/data/arrangement_merged/chr_14/165070.3~A2.K_14L.png,/data5/chensx/MyProject/UAE/data/arrangement_merged/chr_14/165070.3~A2.K_14R.png,0,-0.3673017259565365,,0.0010038614273071,0.44028961099468406,chromosome
0,0.0009369254112243,165070,165070.3~A30.K_14,14,,normal,165070.3~A30.K_14L.png,165070.3~A30.K_14R.png,train,/data5/chensx/MyProject/UAE/data/arrangement_merged/chr_14/165070.3~A30.K_14L.png,/data5/chensx/MyProject/UAE/data/arrangement_merged/chr_14/165070.3~A30.K_14R.png,0,-0.4615994870310348,,0.0009369254112243,0.0015247505213646438,chromosome
0,0.0009837746620178,165070,165070.3~A35.K_14,14,,normal,165070.3~A35.K_14L.png,165070.3~A35.K_14R.png,train,/data5/chensx/MyProject/UAE/data/arrangement_merged/chr_14/165070.3~A35.K_14L.png,/data5/chensx/MyProject/UAE/data/arrangement_merged/chr_14/165070.3~A35.K_14R.png,0,-0.3955994512300058,,0.0009837746620178,0.30862108207270694,chromosome
0,0.0010207891464233,165070,165070.3~A43.K_14,14,,normal,165070.3~A43.K_14L.png,165070.3~A43.K_14R.png,train,/data5/chensx/MyProject/UAE/data/arrangement_merged/chr_14/165070.3~A43.K_14L.png,/data5/chensx/MyProject/UAE/data/arrangement_merged/chr_14/165070.3~A43.K_14R.png,0,-0.3434543847765209,,0.0010207891464233,0.5512506264659872,chromosome
0,0.0011941194534301,170215,170215.12~A1.K_14,14,,normal,170215.12~A1.K_14L.png,170215.12~A1.K_14R.png,train,/data5/chensx/MyProject/UAE/data/arrangement_merged/chr_14/170215.12~A1.K_14L.png,/data5/chensx/MyProject/UAE/data/arrangement_merged/chr_14/170215.12~A1.K_14R.png,0,-0.1786465310974744,,0.0011941194534301,1.687428911644487,chromosome
0,0.0013458132743835,170215,170215.12~A24.K_14,14,,normal,170215.12~A24.K_14L.png,170215.12~A24.K_14R.png,train,/data5/chensx/MyProject/UAE/data/arrangement_merged/chr_14/170215.12~A24.K_14L.png,/data5/chensx/MyProject/UAE/data/arrangement_merged/chr_14/170215.12~A24.K_14R.png,0,0.0204748207357062,,0.0013458132743835,2.6817802650765588,chromosome
0,0.0009032487869262,170215,170215.12~A31.K_14,14,,normal,170215.12~A31.K_14L.png,170215.12~A31.K_14R.png,train,/data5/chensx/MyProject/UAE/data/arrangement_merged/chr_14/170215.12~A31.K_14L.png,/data5/chensx/MyProject/UAE/data/arrangement_merged/chr_14/170215.12~A31.K_14R.png,0,-0.5604587892294673,,0.0009032487869262,-0.2192251570185478,chromosome
0,0.0011171698570251,170215,170215.12~A33.K_14,14,,normal,170215.12~A33.K_14L.png,170215.12~A33.K_14R.png,train,/data5/chensx/MyProject/UAE/data/arrangement_merged/chr_14/170215.12~A33.K_14L.png,/data5/chensx/MyProject/UAE/data/arrangement_merged/chr_14/170215.12~A33.K_14R.png,0,-0.2796546510254258,,0.0011171698570251,1.1830251406110661,chromosome
0,0.0011986494064331,170215,170215.12~A44.K_14,14,,normal,170215.12~A44.K_14L.png,170215.12~A44.K_14R.png,train,/data5/chensx/MyProject/UAE/data/arrangement_merged/chr_14/170215.12~A44.K_14L.png,/data5/chensx/MyProject/UAE/data/arrangement_merged/chr_14/170215.12~A44.K_14R.png,0,-0.1727002746183696,,0.0011986494064331,1.7171227045175692,chromosome
0,0.0007515549659729,170215,170215.12~A47.K_14,14,,normal,170215.12~A47.K_14L.png,170215.12~A47.K_14R.png,train,/data5/chensx/MyProject/UAE/data/arrangement_merged/chr_14/170215.12~A47.K_14L.png,/data5/chensx/MyProject/UAE/data/arrangement_merged/chr_14/170215.12~A47.K_14R.png,0,-0.7595801410626482,,0.0007515549659729,-1.2135765104499652,chromosome
0,0.0008753538131713,170215,170215.12~A48.K_14,14,,normal,170215.12~A48.K_14L.png,170215.12~A48.K_14R.png,train,/data5/chensx/MyProject/UAE/data/arrangement_merged/chr_14/170215.12~A48.K_14L.png,/data5/chensx/MyProject/UAE/data/arrangement_merged/chr_14/170215.12~A48.K_14R.png,0,-0.5970752107060602,,0.0008753538131713,-0.40207640786585735,chromosome
0,0.000801682472229,170215,170215.12~A49.K_14,14,,normal,170215.12~A49.K_14L.png,170215.12~A49.K_14R.png,train,/data5/chensx/MyProject/UAE/data/arrangement_merged/chr_14/170215.12~A49.K_14L.png,/data5/chensx/MyProject/UAE/data/arrangement_merged/chr_14/170215.12~A49.K_14R.png,0,-0.6937801187083437,,0.000801682472229,-0.884991249846372,chromosome
0,0.0009394884109497,170215,170215.12~A6.K_14,14,,normal,170215.12~A6.K_14L.png,170215.12~A6.K_14R.png,train,/data5/chensx/MyProject/UAE/data/arrangement_merged/chr_14/170215.12~A6.K_14L.png,/data5/chensx/MyProject/UAE/data/arrangement_merged/chr_14/170215.12~A6.K_14R.png,0,-0.5128887373966289,,0.0009394884109497,0.018325185962834858,chromosome
0,0.0009337663650512,170215,170215.12~A7.K_14,14,,normal,170215.12~A7.K_14L.png,170215.12~A7.K_14R.png,train,/data5/chensx/MyProject/UAE/data/arrangement_merged/chr_14/170215.12~A7.K_14L.png,/data5/chensx/MyProject/UAE/data/arrangement_merged/chr_14/170215.12~A7.K_14R.png,0,-0.5203997982123403,,0.0009337663650512,-0.019182762929307127,chromosome
0,0.0009180307388305,170215,170215.13~A21.K_14,14,,normal,170215.13~A21.K_14L.png,170215.13~A21.K_14R.png,train,/data5/chensx/MyProject/UAE/data/arrangement_merged/chr_14/170215.13~A21.K_14L.png,/data5/chensx/MyProject/UAE/data/arrangement_merged/chr_14/170215.13~A21.K_14R.png,0,-0.5410552154555465,,0.0009180307388305,-0.12232962238155125,chromosome
0,0.0012039542198181,170215,170215.13~A36.K_14,14,,normal,170215.13~A36.K_14L.png,170215.13~A36.K_14R.png,train,/data5/chensx/MyProject/UAE/data/arrangement_merged/chr_14/170215.13~A36.K_14L.png,/data5/chensx/MyProject/UAE/data/arrangement_merged/chr_14/170215.13~A36.K_14R.png,0,-0.1657368953204706,,0.0012039542198181,1.751895698802549,chromosome
0,0.0010155439376831,170215,170215.13~A44.K_14,14,,normal,170215.13~A44.K_14L.png,170215.13~A44.K_14R.png,train,/data5/chensx/MyProject/UAE/data/arrangement_merged/chr_14/170215.13~A44.K_14L.png,/data5/chensx/MyProject/UAE/data/arrangement_merged/chr_14/170215.13~A44.K_14R.png,0,-0.4130542207211324,,0.0010155439376831,0.516868339982125,chromosome
0,0.0011333227157592,170215,170215.13~A47.K_14,14,,normal,170215.13~A47.K_14L.png,170215.13~A47.K_14R.png,train,/data5/chensx/MyProject/UAE/data/arrangement_merged/chr_14/170215.13~A47.K_14L.png,/data5/chensx/MyProject/UAE/data/arrangement_merged/chr_14/170215.13~A47.K_14R.png,0,-0.2584515522644074,,0.0011333227157592,1.2889069546698164,chromosome
0,0.000777244567871,170215,170215.13~A5.K_14,14,,normal,170215.13~A5.K_14L.png,170215.13~A5.K_14R.png,train,/data5/chensx/MyProject/UAE/data/arrangement_merged/chr_14/170215.13~A5.K_14L.png,/data5/chensx/MyProject/UAE/data/arrangement_merged/chr_14/170215.13~A5.K_14R.png,0,-0.7258586076087774,,0.000777244567871,-1.0451814482387358,chromosome
0,0.0009211301803588,170215,170215.1~A9.K_14,14,,normal,170215.1~A9.K_14L.png,170215.1~A9.K_14R.png,train,/data5/chensx/MyProject/UAE/data/arrangement_merged/chr_14/170215.1~A9.K_14L.png,/data5/chensx/MyProject/UAE/data/arrangement_merged/chr_14/170215.1~A9.K_14R.png,0,-0.5369867241803694,,0.0009211301803588,-0.10201281673199634,chromosome
0,0.0008851885795593,170215,170215.2~A19.K_14,14,,normal,170215.2~A19.K_14L.png,170215.2~A19.K_14R.png,train,/data5/chensx/MyProject/UAE/data/arrangement_merged/chr_14/170215.2~A19.K_14L.png,/data5/chensx/MyProject/UAE/data/arrangement_merged/chr_14/170215.2~A19.K_14R.png,0,-0.5841655749290563,,0.0008851885795593,-0.33760962070779466,chromosome
0,0.0007871985435485,170215,170215.2~A2.K_14,14,,normal,170215.2~A2.K_14L.png,170215.2~A2.K_14R.png,train,/data5/chensx/MyProject/UAE/data/arrangement_merged/chr_14/170215.2~A2.K_14L.png,/data5/chensx/MyProject/UAE/data/arrangement_merged/chr_14/170215.2~A2.K_14R.png,0,-0.712792491398113,,0.0007871985435485,-0.9799332454790954,chromosome
0,0.0008591413497924,170215,170215.2~A23.K_14,14,,normal,170215.2~A23.K_14L.png,170215.2~A23.K_14R.png,train,/data5/chensx/MyProject/UAE/data/arrangement_merged/chr_14/170215.2~A23.K_14L.png,/data5/chensx/MyProject/UAE/data/arrangement_merged/chr_14/170215.2~A23.K_14R.png,0,-0.618356549683909,,0.0008591413497924,-0.5083489297257252,chromosome
0,0.0010850429534912,170215,170215.2~A33.K_14,14,,normal,170215.2~A33.K_14L.png,170215.2~A33.K_14R.png,train,/data5/chensx/MyProject/UAE/data/arrangement_merged/chr_14/170215.2~A33.K_14L.png,/data5/chensx/MyProject/UAE/data/arrangement_merged/chr_14/170215.2~A33.K_14R.png,0,-0.3218261278969718,,0.0010850429534912,0.9724336358962588,chromosome
0,0.0008389949798583,170215,170215.2~A4.K_14,14,,normal,170215.2~A4.K_14L.png,170215.2~A4.K_14R.png,train,/data5/chensx/MyProject/UAE/data/arrangement_merged/chr_14/170215.2~A4.K_14L.png,/data5/chensx/MyProject/UAE/data/arrangement_merged/chr_14/170215.2~A4.K_14R.png,0,-0.6448017429725593,,0.0008389949798583,-0.6404081664488185,chromosome
0,0.0011069178581237,170215,170215.3~A32.K_14,14,,normal,170215.3~A32.K_14L.png,170215.3~A32.K_14R.png,train,/data5/chensx/MyProject/UAE/data/arrangement_merged/chr_14/170215.3~A32.K_14L.png,/data5/chensx/MyProject/UAE/data/arrangement_merged/chr_14/170215.3~A32.K_14R.png,0,-0.293111968320242,,0.0011069178581237,1.1158233988464958,chromosome
0,0.0009599924087524,170215,170215.3~A33.K_14,14,,normal,170215.3~A33.K_14L.png,170215.3~A33.K_14R.png,train,/data5/chensx/MyProject/UAE/data/arrangement_merged/chr_14/170215.3~A33.K_14L.png,/data5/chensx/MyProject/UAE/data/arrangement_merged/chr_14/170215.3~A33.K_14R.png,0,-0.4859741028069966,,0.0009599924087524,0.15272866949131816,chromosome
0,0.0008686184883117,170215,170215.3~A38.K_14,14,,normal,170215.3~A38.K_14L.png,170215.3~A38.K_14R.png,train,/data5/chensx/MyProject/UAE/data/arrangement_merged/chr_14/170215.3~A38.K_14L.png,/data5/chensx/MyProject/UAE/data/arrangement_merged/chr_14/170215.3~A38.K_14R.png,0,-0.605916355207887,,0.0008686184883117,-0.4462263893737085,chromosome
0,0.0011234283447265,170215,170215.3~A41.K_14,14,,normal,170215.3~A41.K_14L.png,170215.3~A41.K_14R.png,train,/data5/chensx/MyProject/UAE/data/arrangement_merged/chr_14/170215.3~A41.K_14L.png,/data5/chensx/MyProject/UAE/data/arrangement_merged/chr_14/170215.3~A41.K_14R.png,0,-0.2714394282582416,,0.0011234283447265,1.2240494597112934,chromosome
0,0.0007437467575073,170215,170215.3~A47.K_14,14,,normal,170215.3~A47.K_14L.png,170215.3~A47.K_14R.png,train,/data5/chensx/MyProject/UAE/data/arrangement_merged/chr_14/170215.3~A47.K_14L.png,/data5/chensx/MyProject/UAE/data/arrangement_merged/chr_14/170215.3~A47.K_14R.png,0,-0.7698296094674209,,0.0007437467575073,-1.2647592323752976,chromosome
0,0.0008163452148437,179083,179083.12~A20.K_14,14,,normal,179083.12~A20.K_14L.png,179083.12~A20.K_14R.png,train,/data5/chensx/MyProject/UAE/data/arrangement_merged/chr_14/179083.12~A20.K_14L.png,/data5/chensx/MyProject/UAE/data/arrangement_merged/chr_14/179083.12~A20.K_14R.png,0,-0.5658648691299313,,0.0008163452148437,-0.7888771308116092,chromosome
0,0.001086950302124,179083,179083.12~A37.K_14,14,,normal,179083.12~A37.K_14L.png,179083.12~A37.K_14R.png,train,/data5/chensx/MyProject/UAE/data/arrangement_merged/chr_14/179083.12~A37.K_14L.png,/data5/chensx/MyProject/UAE/data/arrangement_merged/chr_14/179083.12~A37.K_14R.png,0,-0.158940767023342,,0.001086950302124,0.9849362855267538,chromosome
0,0.0007752776145935,179083,179083.12~A39.K_14,14,,normal,179083.12~A39.K_14L.png,179083.12~A39.K_14R.png,train,/data5/chensx/MyProject/UAE/data/arrangement_merged/chr_14/179083.12~A39.K_14L.png,/data5/chensx/MyProject/UAE/data/arrangement_merged/chr_14/179083.12~A39.K_14R.png,0,-0.6276205313218783,,0.0007752776145935,-1.0580748056696927,chromosome
0,0.000862717628479,179083,179083.12~A47.K_14,14,,normal,179083.12~A47.K_14L.png,179083.12~A47.K_14R.png,train,/data5/chensx/MyProject/UAE/data/arrangement_merged/chr_14/179083.12~A47.K_14L.png,/data5/chensx/MyProject/UAE/data/arrangement_merged/chr_14/179083.12~A47.K_14R.png,0,-0.496132060442943,,0.000862717628479,-0.48490646166789064,chromosome
0,0.0006499290466308,179083,179083.12~A9.K_14,14,,normal,179083.12~A9.K_14L.png,179083.12~A9.K_14R.png,train,/data5/chensx/MyProject/UAE/data/arrangement_merged/chr_14/179083.12~A9.K_14L.png,/data5/chensx/MyProject/UAE/data/arrangement_merged/chr_14/179083.12~A9.K_14R.png,0,-0.8161142288395341,,0.0006499290466308,-1.8797333110795615,chromosome
0,0.0008503794670104,179083,179083.13~A11.K_14,14,,normal,179083.13~A11.K_14L.png,179083.13~A11.K_14R.png,train,/data5/chensx/MyProject/UAE/data/arrangement_merged/chr_14/179083.13~A11.K_14L.png,/data5/chensx/MyProject/UAE/data/arrangement_merged/chr_14/179083.13~A11.K_14R.png,0,-0.5146856483583756,,0.0008503794670104,-0.5657829764663059,chromosome
0,0.0011031627655029,179083,179083.13~A13.K_14,14,,normal,179083.13~A13.K_14L.png,179083.13~A13.K_14R.png,train,/data5/chensx/MyProject/UAE/data/arrangement_merged/chr_14/179083.13~A13.K_14L.png,/data5/chensx/MyProject/UAE/data/arrangement_merged/chr_14/179083.13~A13.K_14R.png,0,-0.1345611732407446,,0.0011031627655029,1.0912088073866217,chromosome
0,0.000838816165924,179083,179083.13~A14.K_14,14,,normal,179083.13~A14.K_14L.png,179083.13~A14.K_14R.png,train,/data5/chensx/MyProject/UAE/data/arrangement_merged/chr_14/179083.13~A14.K_14L.png,/data5/chensx/MyProject/UAE/data/arrangement_merged/chr_14/179083.13~A14.K_14R.png,0,-0.5320740351003753,,0.000838816165924,-0.6415802898515139,chromosome
0,0.0008429884910583,179083,179083.13~A2.K_14,14,,normal,179083.13~A2.K_14L.png,179083.13~A2.K_14R.png,train,/data5/chensx/MyProject/UAE/data/arrangement_merged/chr_14/179083.13~A2.K_14L.png,/data5/chensx/MyProject/UAE/data/arrangement_merged/chr_14/179083.13~A2.K_14R.png,0,-0.5257998749357362,,0.0008429884910583,-0.614230743784477,chromosome
0,0.0009378194808959,179083,179083.13~A22.K_14,14,,normal,179083.13~A22.K_14L.png,179083.13~A22.K_14R.png,train,/data5/chensx/MyProject/UAE/data/arrangement_merged/chr_14/179083.13~A22.K_14L.png,/data5/chensx/MyProject/UAE/data/arrangement_merged/chr_14/179083.13~A22.K_14R.png,0,-0.3831971774794403,,0.0009378194808959,0.00738536753549603,chromosome
0,0.0006928443908691,179083,179083.13~A26.K_14,14,,normal,179083.13~A26.K_14L.png,179083.13~A26.K_14R.png,train,/data5/chensx/MyProject/UAE/data/arrangement_merged/chr_14/179083.13~A26.K_14L.png,/data5/chensx/MyProject/UAE/data/arrangement_merged/chr_14/179083.13~A26.K_14R.png,0,-0.7515800100032468,,0.0006928443908691,-1.5984236943914438,chromosome
0,0.0006980895996093,179083,179083.13~A34.K_14,14,,normal,179083.13~A34.K_14L.png,179083.13~A34.K_14R.png,train,/data5/chensx/MyProject/UAE/data/arrangement_merged/chr_14/179083.13~A34.K_14L.png,/data5/chensx/MyProject/UAE/data/arrangement_merged/chr_14/179083.13~A34.K_14R.png,0,-0.7436924943677007,,0.0006980895996093,-1.564041407907581,chromosome
0,0.0009703040122985,179083,179083.13~A39.K_14,14,,normal,179083.13~A39.K_14L.png,179083.13~A39.K_14R.png,train,/data5/chensx/MyProject/UAE/data/arrangement_merged/chr_14/179083.13~A39.K_14L.png,/data5/chensx/MyProject/UAE/data/arrangement_merged/chr_14/179083.13~A39.K_14R.png,0,-0.3343483590547506,,0.0009703040122985,0.22032111905634869,chromosome
0,0.0009666085243225,179083,179083.14~A14.K_14,14,,normal,179083.14~A14.K_14L.png,179083.14~A14.K_14R.png,train,/data5/chensx/MyProject/UAE/data/arrangement_merged/chr_14/179083.14~A14.K_14L.png,/data5/chensx/MyProject/UAE/data/arrangement_merged/chr_14/179083.14~A14.K_14R.png,0,-0.3399054723434309,,0.0009666085243225,0.19609723539759152,chromosome
0,0.0011131763458251,179083,179083.14~A18.K_14,14,,normal,179083.14~A18.K_14L.png,179083.14~A18.K_14R.png,train,/data5/chensx/MyProject/UAE/data/arrangement_merged/chr_14/179083.14~A18.K_14L.png,/data5/chensx/MyProject/UAE/data/arrangement_merged/chr_14/179083.14~A18.K_14R.png,0,-0.1195031888456109,,0.0011131763458251,1.1568477179467231,chromosome
0,0.0008460283279418,179083,179083.14~A2.K_14,14,,normal,179083.14~A2.K_14L.png,179083.14~A2.K_14R.png,train,/data5/chensx/MyProject/UAE/data/arrangement_merged/chr_14/179083.14~A2.K_14L.png,/data5/chensx/MyProject/UAE/data/arrangement_merged/chr_14/179083.14~A2.K_14R.png,0,-0.5212287011014992,,0.0008460283279418,-0.5943046459360383,chromosome
0,0.0009949803352355,179083,179083.14~A27.K_14,14,,normal,179083.14~A27.K_14L.png,179083.14~A27.K_14R.png,train,/data5/chensx/MyProject/UAE/data/arrangement_merged/chr_14/179083.14~A27.K_14L.png,/data5/chensx/MyProject/UAE/data/arrangement_merged/chr_14/179083.14~A27.K_14R.png,0,-0.2972411832238855,,0.0009949803352355,0.3820741486518696,chromosome
0,0.0011654496192932,179083,179083.14~A28.K_14,14,,normal,179083.14~A28.K_14L.png,179083.14~A28.K_14R.png,train,/data5/chensx/MyProject/UAE/data/arrangement_merged/chr_14/179083.14~A28.K_14L.png,/data5/chensx/MyProject/UAE/data/arrangement_merged/chr_14/179083.14~A28.K_14R.png,0,-0.0408969250686332,,0.0011654496192932,1.4994984593852805,chromosome
0,0.0007319450378417,179083,179083.14~A39.K_14,14,,normal,179083.14~A39.K_14L.png,179083.14~A39.K_14R.png,train,/data5/chensx/MyProject/UAE/data/arrangement_merged/chr_14/179083.14~A39.K_14L.png,/data5/chensx/MyProject/UAE/data/arrangement_merged/chr_14/179083.14~A39.K_14R.png,0,-0.6927821661746296,,0.0007319450378417,-1.342119376964973,chromosome
0,0.0008164644241333,179083,179083.14~A44.K_14,14,,normal,179083.14~A44.K_14L.png,179083.14~A44.K_14R.png,train,/data5/chensx/MyProject/UAE/data/arrangement_merged/chr_14/179083.14~A44.K_14L.png,/data5/chensx/MyProject/UAE/data/arrangement_merged/chr_14/179083.14~A44.K_14R.png,0,-0.5656856074109415,,0.0008164644241333,-0.7880957152093754,chromosome
0,0.000934898853302,179083,179083.14~A7.K_14,14,,normal,179083.14~A7.K_14L.png,179083.14~A7.K_14R.png,train,/data5/chensx/MyProject/UAE/data/arrangement_merged/chr_14/179083.14~A7.K_14L.png,/data5/chensx/MyProject/UAE/data/arrangement_merged/chr_14/179083.14~A7.K_14R.png,0,-0.3875890895946876,,0.000934898853302,-0.01175931471070895,chromosome
0,0.0008987784385681,179083,179083.1~A24.K_14,14,,normal,179083.1~A24.K_14L.png,179083.1~A24.K_14R.png,train,/data5/chensx/MyProject/UAE/data/arrangement_merged/chr_14/179083.1~A24.K_14L.png,/data5/chensx/MyProject/UAE/data/arrangement_merged/chr_14/179083.1~A24.K_14R.png,0,-0.4419053904485627,,0.0008987784385681,-0.24852824208985858,chromosome
0,0.0007238388061523,179083,179083.2~A1.K_14,14,,normal,179083.2~A1.K_14L.png,179083.2~A1.K_14R.png,train,/data5/chensx/MyProject/UAE/data/arrangement_merged/chr_14/179083.2~A1.K_14L.png,/data5/chensx/MyProject/UAE/data/arrangement_merged/chr_14/179083.2~A1.K_14R.png,0,-0.7049719630659282,,0.0007238388061523,-1.3952556378945795,chromosome
0,0.0010182857513427,179083,179083.2~A12.K_14,14,,normal,179083.2~A12.K_14L.png,179083.2~A12.K_14R.png,train,/data5/chensx/MyProject/UAE/data/arrangement_merged/chr_14/179083.2~A12.K_14L.png,/data5/chensx/MyProject/UAE/data/arrangement_merged/chr_14/179083.2~A12.K_14R.png,0,-0.2621955171614016,,0.0010182857513427,0.5348408988256339,chromosome
0,0.0009036064147949,179083,179083.2~A14.K_14,14,,normal,179083.2~A14.K_14L.png,179083.2~A14.K_14R.png,train,/data5/chensx/MyProject/UAE/data/arrangement_merged/chr_14/179083.2~A14.K_14L.png,/data5/chensx/MyProject/UAE/data/arrangement_merged/chr_14/179083.2~A14.K_14R.png,0,-0.4346452908294804,,0.0009036064147949,-0.21688091021250253,chromosome
0,0.001066505908966,179083,179083.2~A18.K_14,14,,normal,179083.2~A18.K_14L.png,179083.2~A18.K_14R.png,train,/data5/chensx/MyProject/UAE/data/arrangement_merged/chr_14/179083.2~A18.K_14L.png,/data5/chensx/MyProject/UAE/data/arrangement_merged/chr_14/179083.2~A18.K_14R.png,0,-0.1896841518300733,,0.001066505908966,0.8509235097987321,chromosome
0,0.0008226037025451,179083,179083.2~A20.K_14,14,,normal,179083.2~A20.K_14L.png,179083.2~A20.K_14R.png,train,/data5/chensx/MyProject/UAE/data/arrangement_merged/chr_14/179083.2~A20.K_14L.png,/data5/chensx/MyProject/UAE/data/arrangement_merged/chr_14/179083.2~A20.K_14R.png,0,-0.5564536288829727,,0.0008226037025451,-0.7478528117113817,chromosome
0,0.0010946989059448,179083,179083.2~A26.K_14,14,,normal,179083.2~A26.K_14L.png,179083.2~A26.K_14R.png,train,/data5/chensx/MyProject/UAE/data/arrangement_merged/chr_14/179083.2~A26.K_14L.png,/data5/chensx/MyProject/UAE/data/arrangement_merged/chr_14/179083.2~A26.K_14R.png,0,-0.1472887552890124,,0.0010946989059448,1.0357282996509694,chromosome
0,0.0012818574905395,179083,179083.2~A3.K_14,14,,normal,179083.2~A3.K_14L.png,179083.2~A3.K_14R.png,train,/data5/chensx/MyProject/UAE/data/arrangement_merged/chr_14/179083.2~A3.K_14L.png,/data5/chensx/MyProject/UAE/data/arrangement_merged/chr_14/179083.2~A3.K_14R.png,0,0.134152143524796,,0.0012818574905395,2.2625507946512173,chromosome
0,0.0008450746536254,179083,179083.2~A31.K_14,14,,normal,179083.2~A31.K_14L.png,179083.2~A31.K_14R.png,train,/data5/chensx/MyProject/UAE/data/arrangement_merged/chr_14/179083.2~A31.K_14L.png,/data5/chensx/MyProject/UAE/data/arrangement_merged/chr_14/179083.2~A31.K_14R.png,0,-0.5226627948534167,,0.0008450746536254,-0.6005559707512858,chromosome
0,0.0008774399757385,179083,179083.2~A35.K_14,14,,normal,179083.2~A35.K_14L.png,179083.2~A35.K_14R.png,train,/data5/chensx/MyProject/UAE/data/arrangement_merged/chr_14/179083.2~A35.K_14L.png,/data5/chensx/MyProject/UAE/data/arrangement_merged/chr_14/179083.2~A35.K_14R.png,0,-0.4739932381477167,,0.0008774399757385,-0.38840163483201096,chromosome
0,0.0009212493896484,179083,179083.2~A38.K_14,14,,normal,179083.2~A38.K_14L.png,179083.2~A38.K_14R.png,train,/data5/chensx/MyProject/UAE/data/arrangement_merged/chr_14/179083.2~A38.K_14L.png,/data5/chensx/MyProject/UAE/data/arrangement_merged/chr_14/179083.2~A38.K_14R.png,0,-0.4081145564190068,,0.0009212493896484,-0.1012314011297626,chromosome
0,0.0010912418365478,179083,179083.3~A1.K_14,14,,normal,179083.3~A1.K_14L.png,179083.3~A1.K_14R.png,train,/data5/chensx/MyProject/UAE/data/arrangement_merged/chr_14/179083.3~A1.K_14L.png,/data5/chensx/MyProject/UAE/data/arrangement_merged/chr_14/179083.3~A1.K_14R.png,0,-0.1524873451397133,,0.0010912418365478,1.0130672471953686,chromosome
0,0.0007924437522888,179083,179083.3~A24.K_14,14,,normal,179083.3~A24.K_14L.png,179083.3~A24.K_14R.png,train,/data5/chensx/MyProject/UAE/data/arrangement_merged/chr_14/179083.3~A24.K_14L.png,/data5/chensx/MyProject/UAE/data/arrangement_merged/chr_14/179083.3~A24.K_14R.png,0,-0.6018068437873635,,0.0007924437522888,-0.9455509589945764,chromosome
0,0.0008656978607177,179083,179083.3~A27.K_14,14,,normal,179083.3~A27.K_14L.png,179083.3~A27.K_14R.png,train,/data5/chensx/MyProject/UAE/data/arrangement_merged/chr_14/179083.3~A27.K_14L.png,/data5/chensx/MyProject/UAE/data/arrangement_merged/chr_14/179083.3~A27.K_14R.png,0,-0.4916505174682009,,0.0008656978607177,-0.4653710716205688,chromosome
0,0.0008542537689208,179083,179083.4~A34.K_14,14,,normal,179083.4~A34.K_14L.png,179083.4~A34.K_14R.png,train,/data5/chensx/MyProject/UAE/data/arrangement_merged/chr_14/179083.4~A34.K_14L.png,/data5/chensx/MyProject/UAE/data/arrangement_merged/chr_14/179083.4~A34.K_14R.png,0,-0.5088596424912109,,0.0008542537689208,-0.5403869694041982,chromosome
0,0.0010032057762145,180371,180371.11~A18.K_14,14,,normal,180371.11~A18.K_14L.png,180371.11~A18.K_14R.png,train,/data5/chensx/MyProject/UAE/data/arrangement_merged/chr_14/180371.11~A18.K_14L.png,/data5/chensx/MyProject/UAE/data/arrangement_merged/chr_14/180371.11~A18.K_14R.png,0,-0.3479751780864368,,0.0010032057762145,0.43599182518370966,chromosome
0,0.0010005235671997,180371,180371.11~A42.K_14,14,,normal,180371.11~A42.K_14L.png,180371.11~A42.K_14R.png,train,/data5/chensx/MyProject/UAE/data/arrangement_merged/chr_14/180371.11~A42.K_14L.png,/data5/chensx/MyProject/UAE/data/arrangement_merged/chr_14/180371.11~A42.K_14R.png,0,-0.3518227675644453,,0.0010005235671997,0.4184099741413169,chromosome
0,0.0008071660995483,180371,180371.11~A50.K_14,14,,normal,180371.11~A50.K_14L.png,180371.11~A50.K_14R.png,train,/data5/chensx/MyProject/UAE/data/arrangement_merged/chr_14/180371.11~A50.K_14L.png,/data5/chensx/MyProject/UAE/data/arrangement_merged/chr_14/180371.11~A50.K_14R.png,0,-0.6291912179346577,,0.0008071660995483,-0.8490461321586967,chromosome
0,0.0011801719665527,180371,180371.13~A44.K_14,14,,normal,180371.13~A44.K_14L.png,180371.13~A44.K_14R.png,train,/data5/chensx/MyProject/UAE/data/arrangement_merged/chr_14/180371.13~A44.K_14L.png,/data5/chensx/MyProject/UAE/data/arrangement_merged/chr_14/180371.13~A44.K_14R.png,0,-0.0941197745262763,,0.0011801719665527,1.5960032862211586,chromosome
0,0.0007135868072509,180371,180371.14~A1.K_14,14,,normal,180371.14~A1.K_14L.png,180371.14~A1.K_14R.png,train,/data5/chensx/MyProject/UAE/data/arrangement_merged/chr_14/180371.14~A1.K_14L.png,/data5/chensx/MyProject/UAE/data/arrangement_merged/chr_14/180371.14~A1.K_14R.png,0,-0.763429339722954,,0.0007135868072509,-1.4624573796591485,chromosome
0,0.0009300708770751,180371,180371.1~A15.K_14,14,,normal,180371.1~A15.K_14L.png,180371.1~A15.K_14R.png,train,/data5/chensx/MyProject/UAE/data/arrangement_merged/chr_14/180371.1~A15.K_14L.png,/data5/chensx/MyProject/UAE/data/arrangement_merged/chr_14/180371.1~A15.K_14R.png,0,-0.4528861178534684,,0.0009300708770751,-0.04340664658872026,chromosome
0,0.0010464787483215,180371,180371.1~A25.K_14,14,,normal,180371.1~A25.K_14L.png,180371.1~A25.K_14R.png,train,/data5/chensx/MyProject/UAE/data/arrangement_merged/chr_14/180371.1~A25.K_14L.png,/data5/chensx/MyProject/UAE/data/arrangement_merged/chr_14/180371.1~A25.K_14R.png,0,-0.2859007345078997,,0.0010464787483215,0.7196456886778726,chromosome
0,0.0007209777832031,180371,180371.1~A33.K_14,14,,normal,180371.1~A33.K_14L.png,180371.1~A33.K_14R.png,train,/data5/chensx/MyProject/UAE/data/arrangement_merged/chr_14/180371.1~A33.K_14L.png,/data5/chensx/MyProject/UAE/data/arrangement_merged/chr_14/180371.1~A33.K_14R.png,0,-0.7528270931613307,,0.0007209777832031,-1.4140096123403227,chromosome
0,0.0010180473327636,180371,180371.1~A35.K_14,14,,normal,180371.1~A35.K_14L.png,180371.1~A35.K_14R.png,train,/data5/chensx/MyProject/UAE/data/arrangement_merged/chr_14/180371.1~A35.K_14L.png,/data5/chensx/MyProject/UAE/data/arrangement_merged/chr_14/180371.1~A35.K_14R.png,0,-0.3266851829747897,,0.0010180473327636,0.5332780676218231,chromosome
0,0.0008606910705566,180371,180371.2~A15.K_14,14,,normal,180371.2~A15.K_14L.png,180371.2~A15.K_14R.png,train,/data5/chensx/MyProject/UAE/data/arrangement_merged/chr_14/180371.2~A15.K_14L.png,/data5/chensx/MyProject/UAE/data/arrangement_merged/chr_14/180371.2~A15.K_14R.png,0,-0.5524104323512882,,0.0008606910705566,-0.49819052690062016,chromosome
0,0.0011146068572998,180371,180371.2~A16.K_14,14,,normal,180371.2~A16.K_14L.png,180371.2~A16.K_14R.png,train,/data5/chensx/MyProject/UAE/data/arrangement_merged/chr_14/180371.2~A16.K_14L.png,/data5/chensx/MyProject/UAE/data/arrangement_merged/chr_14/180371.2~A16.K_14R.png,0,-0.1881719617664839,,0.0011146068572998,1.1662247051702503,chromosome
0,0.000679612159729,180371,180371.2~A21.K_14,14,,normal,180371.2~A21.K_14L.png,180371.2~A21.K_14R.png,train,/data5/chensx/MyProject/UAE/data/arrangement_merged/chr_14/180371.2~A21.K_14L.png,/data5/chensx/MyProject/UAE/data/arrangement_merged/chr_14/180371.2~A21.K_14R.png,0,-0.8121654731110617,,0.000679612159729,-1.6851608262033346,chromosome
0,0.0007590055465698,180371,180371.2~A41.K_14,14,,normal,180371.2~A41.K_14L.png,180371.2~A41.K_14R.png,train,/data5/chensx/MyProject/UAE/data/arrangement_merged/chr_14/180371.2~A41.K_14L.png,/data5/chensx/MyProject/UAE/data/arrangement_merged/chr_14/180371.2~A41.K_14R.png,0,-0.6982768245620102,,0.0007590055465698,-1.1647380353306773,chromosome
0,0.0009843111038208,180371,180371.2~A49.K_14,14,,normal,180371.2~A49.K_14L.png,180371.2~A49.K_14R.png,train,/data5/chensx/MyProject/UAE/data/arrangement_merged/chr_14/180371.2~A49.K_14L.png,/data5/chensx/MyProject/UAE/data/arrangement_merged/chr_14/180371.2~A49.K_14R.png,0,-0.3750793084092966,,0.0009843111038208,0.3121374522814476,chromosome
0,0.0009824633598327,180371,180371.3~A2.K_14,14,,normal,180371.3~A2.K_14L.png,180371.3~A2.K_14R.png,train,/data5/chensx/MyProject/UAE/data/arrangement_merged/chr_14/180371.3~A2.K_14L.png,/data5/chensx/MyProject/UAE/data/arrangement_merged/chr_14/180371.3~A2.K_14R.png,0,-0.3777298700497025,,0.0009824633598327,0.3000255104514134,chromosome
0,0.0010337829589843,180371,180371.3~A25.K_14,14,,normal,180371.3~A25.K_14L.png,180371.3~A25.K_14R.png,train,/data5/chensx/MyProject/UAE/data/arrangement_merged/chr_14/180371.3~A25.K_14L.png,/data5/chensx/MyProject/UAE/data/arrangement_merged/chr_14/180371.3~A25.K_14R.png,0,-0.3041126580371399,,0.0010337829589843,0.6364249270740665,chromosome
0,0.0010185241699218,180371,180371.3~A45.K_14,14,,normal,180371.3~A45.K_14L.png,180371.3~A45.K_14R.png,train,/data5/chensx/MyProject/UAE/data/arrangement_merged/chr_14/180371.3~A45.K_14L.png,/data5/chensx/MyProject/UAE/data/arrangement_merged/chr_14/180371.3~A45.K_14R.png,0,-0.3260011670675882,,0.0010185241699218,0.5364037300294462,chromosome
0,0.0009777545928955,180371,180371.3~A9.K_14,14,,normal,180371.3~A9.K_14L.png,180371.3~A9.K_14R.png,train,/data5/chensx/MyProject/UAE/data/arrangement_merged/chr_14/180371.3~A9.K_14L.png,/data5/chensx/MyProject/UAE/data/arrangement_merged/chr_14/180371.3~A9.K_14R.png,0,-0.3844845271333174,,0.0009777545928955,0.2691595941762918,chromosome
0,0.0009064078330993,180371,180371.4~A19.K_14,14,,normal,180371.4~A19.K_14L.png,180371.4~A19.K_14R.png,train,/data5/chensx/MyProject/UAE/data/arrangement_merged/chr_14/180371.4~A19.K_14L.png,/data5/chensx/MyProject/UAE/data/arrangement_merged/chr_14/180371.4~A19.K_14R.png,0,-0.4868304072483433,,0.0009064078330993,-0.19851764356787605,chromosome
0,0.0010460019111633,180371,180371.4~A20.K_14,14,,normal,180371.4~A20.K_14L.png,180371.4~A20.K_14R.png,train,/data5/chensx/MyProject/UAE/data/arrangement_merged/chr_14/180371.4~A20.K_14L.png,/data5/chensx/MyProject/UAE/data/arrangement_merged/chr_14/180371.4~A20.K_14R.png,0,-0.2865847504151012,,0.0010460019111633,0.7165200262702481,chromosome
0,0.000934898853302,180371,180371.4~A23.K_14,14,,normal,180371.4~A23.K_14L.png,180371.4~A23.K_14R.png,train,/data5/chensx/MyProject/UAE/data/arrangement_merged/chr_14/180371.4~A23.K_14L.png,/data5/chensx/MyProject/UAE/data/arrangement_merged/chr_14/180371.4~A23.K_14R.png,0,-0.4459604567930531,,0.000934898853302,-0.01175931471070895,chromosome
0,0.0008226633071899,180371,180371.4~A27.K_14,14,,normal,180371.4~A27.K_14L.png,180371.4~A27.K_14R.png,train,/data5/chensx/MyProject/UAE/data/arrangement_merged/chr_14/180371.4~A27.K_14L.png,/data5/chensx/MyProject/UAE/data/arrangement_merged/chr_14/180371.4~A27.K_14R.png,0,-0.6069607009506086,,0.0008226633071899,-0.7474621039102649,chromosome
0,0.0010561943054199,180371,180371.4~A35.K_14,14,,normal,180371.4~A35.K_14L.png,180371.4~A35.K_14R.png,train,/data5/chensx/MyProject/UAE/data/arrangement_merged/chr_14/180371.4~A35.K_14L.png,/data5/chensx/MyProject/UAE/data/arrangement_merged/chr_14/180371.4~A35.K_14R.png,0,-0.2719639103986689,,0.0010561943054199,0.7833310602337009,chromosome
0,0.0007665157318115,180371,180371.4~A39.K_14,14,,normal,180371.4~A39.K_14L.png,180371.4~A39.K_14R.png,train,/data5/chensx/MyProject/UAE/data/arrangement_merged/chr_14/180371.4~A39.K_14L.png,/data5/chensx/MyProject/UAE/data/arrangement_merged/chr_14/180371.4~A39.K_14R.png,0,-0.6875035740235864,,0.0007665157318115,-1.1155088524102734,chromosome
0,0.0009874701499938,180371,180371.4~A44.K_14,14,,normal,180371.4~A44.K_14L.png,180371.4~A44.K_14R.png,train,/data5/chensx/MyProject/UAE/data/arrangement_merged/chr_14/180371.4~A44.K_14L.png,/data5/chensx/MyProject/UAE/data/arrangement_merged/chr_14/180371.4~A44.K_14R.png,0,-0.3705477030240866,,0.0009874701499938,0.3328449657314648,chromosome
0,0.0008784532546997,182418,182418.13~A1.K_14,14,,normal,182418.13~A1.K_14L.png,182418.13~A1.K_14R.png,train,/data5/chensx/MyProject/UAE/data/arrangement_merged/chr_14/182418.13~A1.K_14L.png,/data5/chensx/MyProject/UAE/data/arrangement_merged/chr_14/182418.13~A1.K_14R.png,0,-0.6064951856984188,,0.0008784532546997,-0.3817596022156465,chromosome
0,0.0009074807167053,182418,182418.13~A27.K_14,14,,normal,182418.13~A27.K_14L.png,182418.13~A27.K_14R.png,train,/data5/chensx/MyProject/UAE/data/arrangement_merged/chr_14/182418.13~A27.K_14L.png,/data5/chensx/MyProject/UAE/data/arrangement_merged/chr_14/182418.13~A27.K_14R.png,0,-0.5671189801057349,,0.0009074807167053,-0.19148490315039401,chromosome
0,0.0009356141090393,182418,182418.13~A6.K_14,14,,normal,182418.13~A6.K_14L.png,182418.13~A6.K_14R.png,train,/data5/chensx/MyProject/UAE/data/arrangement_merged/chr_14/182418.13~A6.K_14L.png,/data5/chensx/MyProject/UAE/data/arrangement_merged/chr_14/182418.13~A6.K_14R.png,0,-0.5289555939871584,,0.0009356141090393,-0.007070821099272932,chromosome
0,0.0012598633766174,182418,182418.14~A44.K_14,14,,normal,182418.14~A44.K_14L.png,182418.14~A44.K_14R.png,train,/data5/chensx/MyProject/UAE/data/arrangement_merged/chr_14/182418.14~A44.K_14L.png,/data5/chensx/MyProject/UAE/data/arrangement_merged/chr_14/182418.14~A44.K_14R.png,0,-0.0891063980442428,,0.0012598633766174,2.118379616098745,chromosome
0,0.0008380413055419,182418,182418.1~A24.K_14,14,,normal,182418.1~A24.K_14L.png,182418.1~A24.K_14R.png,train,/data5/chensx/MyProject/UAE/data/arrangement_merged/chr_14/182418.1~A24.K_14L.png,/data5/chensx/MyProject/UAE/data/arrangement_merged/chr_14/182418.1~A24.K_14R.png,0,-0.6613146259280689,,0.0008380413055419,-0.6466594912640661,chromosome
0,0.0008847117424011,182418,182418.2~A16.K_14,14,,normal,182418.2~A16.K_14L.png,182418.2~A16.K_14R.png,train,/data5/chensx/MyProject/UAE/data/arrangement_merged/chr_14/182418.2~A16.K_14L.png,/data5/chensx/MyProject/UAE/data/arrangement_merged/chr_14/182418.2~A16.K_14R.png,0,-0.5980054493796676,,0.0008847117424011,-0.3407352831154191,chromosome
0,0.0010887384414672,182418,182418.2~A2.K_14,14,,normal,182418.2~A2.K_14L.png,182418.2~A2.K_14R.png,train,/data5/chensx/MyProject/UAE/data/arrangement_merged/chr_14/182418.2~A2.K_14L.png,/data5/chensx/MyProject/UAE/data/arrangement_merged/chr_14/182418.2~A2.K_14R.png,0,-0.3212400453883808,,0.0010887384414672,0.9966575195550151,chromosome
0,0.000832200050354,182418,182418.2~A3.K_14,14,,normal,182418.2~A3.K_14L.png,182418.2~A3.K_14R.png,train,/data5/chensx/MyProject/UAE/data/arrangement_merged/chr_14/182418.2~A3.K_14L.png,/data5/chensx/MyProject/UAE/data/arrangement_merged/chr_14/182418.2~A3.K_14R.png,0,-0.6692383798255699,,0.000832200050354,-0.6849488557571313,chromosome
0,0.0006927847862243,182418,182418.2~A33.K_14,14,,normal,182418.2~A33.K_14L.png,182418.2~A33.K_14R.png,train,/data5/chensx/MyProject/UAE/data/arrangement_merged/chr_14/182418.2~A33.K_14L.png,/data5/chensx/MyProject/UAE/data/arrangement_merged/chr_14/182418.2~A33.K_14R.png,0,-0.8583573631547021,,0.0006927847862243,-1.5988144021925608,chromosome
0,0.0009980797767639,182418,182418.2~A38.K_14,14,,normal,182418.2~A38.K_14L.png,182418.2~A38.K_14R.png,train,/data5/chensx/MyProject/UAE/data/arrangement_merged/chr_14/182418.2~A38.K_14L.png,/data5/chensx/MyProject/UAE/data/arrangement_merged/chr_14/182418.2~A38.K_14R.png,0,-0.4442199400628615,,0.0009980797767639,0.4023909543020798,chromosome
0,0.0008031725883483,182418,182418.3~A15.K_14,14,,normal,182418.3~A15.K_14L.png,182418.3~A15.K_14R.png,train,/data5/chensx/MyProject/UAE/data/arrangement_merged/chr_14/182418.3~A15.K_14L.png,/data5/chensx/MyProject/UAE/data/arrangement_merged/chr_14/182418.3~A15.K_14R.png,0,-0.7086145854182537,,0.0008031725883483,-0.875223554823039,chromosome
0,0.0009812712669372,182418,182418.3~A25.K_14,14,,normal,182418.3~A25.K_14L.png,182418.3~A25.K_14R.png,train,/data5/chensx/MyProject/UAE/data/arrangement_merged/chr_14/182418.3~A25.K_14L.png,/data5/chensx/MyProject/UAE/data/arrangement_merged/chr_14/182418.3~A25.K_14R.png,0,-0.4670209461760787,,0.0009812712669372,0.29221135443235363,chromosome
0,0.0009747743606567,182418,182418.3~A49.K_14,14,,normal,182418.3~A49.K_14L.png,182418.3~A49.K_14R.png,train,/data5/chensx/MyProject/UAE/data/arrangement_merged/chr_14/182418.3~A49.K_14L.png,/data5/chensx/MyProject/UAE/data/arrangement_merged/chr_14/182418.3~A49.K_14R.png,0,-0.4758341010212585,,0.0009747743606567,0.2496242041283147,chromosome
0,0.0007566213607788,182418,182418.4~A15.K_14,14,,normal,182418.4~A15.K_14L.png,182418.4~A15.K_14R.png,train,/data5/chensx/MyProject/UAE/data/arrangement_merged/chr_14/182418.4~A15.K_14L.png,/data5/chensx/MyProject/UAE/data/arrangement_merged/chr_14/182418.4~A15.K_14R.png,0,-0.7717620527034407,,0.0007566213607788,-1.180366347368797,chromosome
0,0.0010010004043579,182418,182418.4~A6.K_14,14,,normal,182418.4~A6.K_14L.png,182418.4~A6.K_14R.png,train,/data5/chensx/MyProject/UAE/data/arrangement_merged/chr_14/182418.4~A6.K_14L.png,/data5/chensx/MyProject/UAE/data/arrangement_merged/chr_14/182418.4~A6.K_14R.png,0,-0.4402580631141109,,0.0010010004043579,0.42153563654894,chromosome
0,0.0006643533706665,182418,182418.5~A16.K_14,14,,normal,182418.5~A16.K_14L.png,182418.5~A16.K_14R.png,train,/data5/chensx/MyProject/UAE/data/arrangement_merged/chr_14/182418.5~A16.K_14L.png,/data5/chensx/MyProject/UAE/data/arrangement_merged/chr_14/182418.5~A16.K_14R.png,0,-0.8969250224313144,,0.0006643533706665,-1.785182023247955,chromosome
0,0.0008468627929687,182418,182418.5~A17.K_14,14,,normal,182418.5~A17.K_14L.png,182418.5~A17.K_14R.png,train,/data5/chensx/MyProject/UAE/data/arrangement_merged/chr_14/182418.5~A17.K_14L.png,/data5/chensx/MyProject/UAE/data/arrangement_merged/chr_14/182418.5~A17.K_14R.png,0,-0.6493481404502102,,0.0008468627929687,-0.5888347367223685,chromosome
0,0.0013542175292968,182418,182418.5~A3.K_14,14,,normal,182418.5~A3.K_14L.png,182418.5~A3.K_14R.png,train,/data5/chensx/MyProject/UAE/data/arrangement_merged/chr_14/182418.5~A3.K_14L.png,/data5/chensx/MyProject/UAE/data/arrangement_merged/chr_14/182418.5~A3.K_14R.png,0,0.0388864837898812,,0.0013542175292968,2.7368700650110935,chromosome
0,0.0008739829063415,182418,182418.5~A30.K_14,14,,normal,182418.5~A30.K_14L.png,182418.5~A30.K_14R.png,train,/data5/chensx/MyProject/UAE/data/arrangement_merged/chr_14/182418.5~A30.K_14L.png,/data5/chensx/MyProject/UAE/data/arrangement_merged/chr_14/182418.5~A30.K_14R.png,0,-0.6125592830689552,,0.0008739829063415,-0.4110626872876118,chromosome
0,0.0010100603103637,182418,182418.5~A5.K_14,14,,normal,182418.5~A5.K_14L.png,182418.5~A5.K_14R.png,train,/data5/chensx/MyProject/UAE/data/arrangement_merged/chr_14/182418.5~A5.K_14L.png,/data5/chensx/MyProject/UAE/data/arrangement_merged/chr_14/182418.5~A5.K_14R.png,0,-0.4279681591098236,,0.0010100603103637,0.48092322229379386,chromosome
0,0.0007733106613159,182747,182747.11~A42.K_14,14,,normal,182747.11~A42.K_14L.png,182747.11~A42.K_14R.png,train,/data5/chensx/MyProject/UAE/data/arrangement_merged/chr_14/182747.11~A42.K_14L.png,/data5/chensx/MyProject/UAE/data/arrangement_merged/chr_14/182747.11~A42.K_14R.png,0,-0.7139901141581967,,0.0007733106613159,-1.0709681631013053,chromosome
0,0.0007610321044921,182747,182747.12~A10.K_14,14,,normal,182747.12~A10.K_14L.png,182747.12~A10.K_14R.png,train,/data5/chensx/MyProject/UAE/data/arrangement_merged/chr_14/182747.12~A10.K_14L.png,/data5/chensx/MyProject/UAE/data/arrangement_merged/chr_14/182747.12~A10.K_14R.png,0,-0.7303771312656453,,0.0007610321044921,-1.1514539700986037,chromosome
0,0.0007075667381286,182747,182747.12~A14.K_14,14,,normal,182747.12~A14.K_14L.png,182747.12~A14.K_14R.png,train,/data5/chensx/MyProject/UAE/data/arrangement_merged/chr_14/182747.12~A14.K_14L.png,/data5/chensx/MyProject/UAE/data/arrangement_merged/chr_14/182747.12~A14.K_14R.png,0,-0.8017322494471083,,0.0007075667381286,-1.5019188675555641,chromosome
0,0.0008608698844909,182747,182747.12~A18.K_14,14,,normal,182747.12~A18.K_14L.png,182747.12~A18.K_14R.png,train,/data5/chensx/MyProject/UAE/data/arrangement_merged/chr_14/182747.12~A18.K_14L.png,/data5/chensx/MyProject/UAE/data/arrangement_merged/chr_14/182747.12~A18.K_14R.png,0,-0.5971331814842066,,0.0008608698844909,-0.4970184034979248,chromosome
0,0.0008191466331481,182747,182747.12~A26.K_14,14,,normal,182747.12~A26.K_14L.png,182747.12~A26.K_14R.png,train,/data5/chensx/MyProject/UAE/data/arrangement_merged/chr_14/182747.12~A26.K_14L.png,/data5/chensx/MyProject/UAE/data/arrangement_merged/chr_14/182747.12~A26.K_14R.png,0,-0.6528172201988377,,0.0008191466331481,-0.7705138641669826,chromosome
0,0.0008661746978759,182747,182747.12~A28.K_14,14,,normal,182747.12~A28.K_14L.png,182747.12~A28.K_14R.png,train,/data5/chensx/MyProject/UAE/data/arrangement_merged/chr_14/182747.12~A28.K_14L.png,/data5/chensx/MyProject/UAE/data/arrangement_merged/chr_14/182747.12~A28.K_14R.png,0,-0.5900533537047749,,0.0008661746978759,-0.462245409212945,chromosome
0,0.0008240938186645,182747,182747.12~A4.K_14,14,,normal,182747.12~A4.K_14L.png,182747.12~A4.K_14R.png,train,/data5/chensx/MyProject/UAE/data/arrangement_merged/chr_14/182747.12~A4.K_14L.png,/data5/chensx/MyProject/UAE/data/arrangement_merged/chr_14/182747.12~A4.K_14R.png,0,-0.6462146841798171,,0.0008240938186645,-0.7380851166873929,chromosome
0,0.0007939338684082,182747,182747.13~A33.K_14,14,,normal,182747.13~A33.K_14L.png,182747.13~A33.K_14R.png,train,/data5/chensx/MyProject/UAE/data/arrangement_merged/chr_14/182747.13~A33.K_14L.png,/data5/chensx/MyProject/UAE/data/arrangement_merged/chr_14/182747.13~A33.K_14R.png,0,-0.6864662893078219,,0.0007939338684082,-0.9357832639705883,chromosome
0,0.000913381576538,182747,182747.13~A45.K_14,14,,normal,182747.13~A45.K_14L.png,182747.13~A45.K_14R.png,train,/data5/chensx/MyProject/UAE/data/arrangement_merged/chr_14/182747.13~A45.K_14L.png,/data5/chensx/MyProject/UAE/data/arrangement_merged/chr_14/182747.13~A45.K_14R.png,0,-0.5270508413305065,,0.000913381576538,-0.15280483085621263,chromosome
0,0.0007663369178771,182747,182747.13~A5.K_14,14,,normal,182747.13~A5.K_14L.png,182747.13~A5.K_14R.png,train,/data5/chensx/MyProject/UAE/data/arrangement_merged/chr_14/182747.13~A5.K_14L.png,/data5/chensx/MyProject/UAE/data/arrangement_merged/chr_14/182747.13~A5.K_14R.png,0,-0.7232973034862137,,0.0007663369178771,-1.116680975813624,chromosome
0,0.0009233951568603,182747,182747.1~A15.K_14,14,,normal,182747.1~A15.K_14L.png,182747.1~A15.K_14R.png,train,/data5/chensx/MyProject/UAE/data/arrangement_merged/chr_14/182747.1~A15.K_14L.png,/data5/chensx/MyProject/UAE/data/arrangement_merged/chr_14/182747.1~A15.K_14R.png,0,-0.513686672038995,,0.0009233951568603,-0.08716592029545525,chromosome
0,0.000939667224884,182747,182747.1~A42.K_14,14,,normal,182747.1~A42.K_14L.png,182747.1~A42.K_14R.png,train,/data5/chensx/MyProject/UAE/data/arrangement_merged/chr_14/182747.1~A42.K_14L.png,/data5/chensx/MyProject/UAE/data/arrangement_merged/chr_14/182747.1~A42.K_14R.png,0,-0.4919698969402889,,0.000939667224884,0.019497309365530225,chromosome
0,0.0008628368377685,182747,182747.2~A13.K_14,14,,normal,182747.2~A13.K_14L.png,182747.2~A13.K_14R.png,train,/data5/chensx/MyProject/UAE/data/arrangement_merged/chr_14/182747.2~A13.K_14L.png,/data5/chensx/MyProject/UAE/data/arrangement_merged/chr_14/182747.2~A13.K_14R.png,0,-0.5945080768019454,,0.0008628368377685,-0.4841250460663121,chromosome
0,0.0009793043136596,182747,182747.3~A20.K_14,14,,normal,182747.3~A20.K_14L.png,182747.3~A20.K_14R.png,train,/data5/chensx/MyProject/UAE/data/arrangement_merged/chr_14/182747.3~A20.K_14L.png,/data5/chensx/MyProject/UAE/data/arrangement_merged/chr_14/182747.3~A20.K_14R.png,0,-0.4390700601613893,,0.0009793043136596,0.27931799700074234,chromosome
0,0.0008710622787475,182747,182747.3~A24.K_14,14,,normal,182747.3~A24.K_14L.png,182747.3~A24.K_14R.png,train,/data5/chensx/MyProject/UAE/data/arrangement_merged/chr_14/182747.3~A24.K_14L.png,/data5/chensx/MyProject/UAE/data/arrangement_merged/chr_14/182747.3~A24.K_14R.png,0,-0.5835303663124896,,0.0008710622787475,-0.4302073695344721,chromosome
0,0.0009678602218627,182747,182747.3~A35.K_14,14,,normal,182747.3~A35.K_14L.png,182747.3~A35.K_14R.png,train,/data5/chensx/MyProject/UAE/data/arrangement_merged/chr_14/182747.3~A35.K_14L.png,/data5/chensx/MyProject/UAE/data/arrangement_merged/chr_14/182747.3~A35.K_14R.png,0,-0.4543433964945453,,0.0009678602218627,0.20430209921711293,chromosome
0,0.0008251070976257,182747,182747.4~A1.K_14,14,,normal,182747.4~A1.K_14L.png,182747.4~A1.K_14R.png,train,/data5/chensx/MyProject/UAE/data/arrangement_merged/chr_14/182747.4~A1.K_14L.png,/data5/chensx/MyProject/UAE/data/arrangement_merged/chr_14/182747.4~A1.K_14R.png,0,-0.644862357525319,,0.0008251070976257,-0.7314430840710284,chromosome
0,0.0009453296661376,182747,182747.4~A32.K_14,14,,normal,182747.4~A32.K_14L.png,182747.4~A32.K_14R.png,train,/data5/chensx/MyProject/UAE/data/arrangement_merged/chr_14/182747.4~A32.K_14L.png,/data5/chensx/MyProject/UAE/data/arrangement_merged/chr_14/182747.4~A32.K_14R.png,0,-0.4844127774004461,,0.0009453296661376,0.05661455045590008,chromosome
0,0.0007381439208984,182747,182747.4~A33.K_14,14,,normal,182747.4~A33.K_14L.png,182747.4~A33.K_14R.png,train,/data5/chensx/MyProject/UAE/data/arrangement_merged/chr_14/182747.4~A33.K_14L.png,/data5/chensx/MyProject/UAE/data/arrangement_merged/chr_14/182747.4~A33.K_14R.png,0,-0.7609238039319572,,0.0007381439208984,-1.3014857656652066,chromosome
0,0.0009198188781738,182747,182747.4~A35.K_14,14,,normal,182747.4~A35.K_14L.png,182747.4~A35.K_14R.png,train,/data5/chensx/MyProject/UAE/data/arrangement_merged/chr_14/182747.4~A35.K_14L.png,/data5/chensx/MyProject/UAE/data/arrangement_merged/chr_14/182747.4~A35.K_14R.png,0,-0.5184595896431062,,0.0009198188781738,-0.11060838835263392,chromosome
0,0.0015763044357299,182747,182747.4~A41.K_14,14,,normal,182747.4~A41.K_14L.png,182747.4~A41.K_14R.png,train,/data5/chensx/MyProject/UAE/data/arrangement_merged/chr_14/182747.4~A41.K_14L.png,/data5/chensx/MyProject/UAE/data/arrangement_merged/chr_14/182747.4~A41.K_14R.png,0,0.3576889852182469,,0.0015763044357299,4.192647331371431,chromosome
0,0.0010092258453369,182747,182747.4~A43.K_14,14,,normal,182747.4~A43.K_14L.png,182747.4~A43.K_14R.png,train,/data5/chensx/MyProject/UAE/data/arrangement_merged/chr_14/182747.4~A43.K_14L.png,/data5/chensx/MyProject/UAE/data/arrangement_merged/chr_14/182747.4~A43.K_14R.png,0,-0.3991366495403253,,0.0010092258453369,0.47545331308078004,chromosome
0,0.0008964538574218,182747,182747.4~A9.K_14,14,,normal,182747.4~A9.K_14L.png,182747.4~A9.K_14R.png,train,/data5/chensx/MyProject/UAE/data/arrangement_merged/chr_14/182747.4~A9.K_14L.png,/data5/chensx/MyProject/UAE/data/arrangement_merged/chr_14/182747.4~A9.K_14R.png,0,-0.5496426513232997,,0.0008964538574218,-0.26376584632751654,chromosome
0,0.0008336901664733,183038,183038.11~A13.K_14,14,,normal,183038.11~A13.K_14L.png,183038.11~A13.K_14R.png,train,/data5/chensx/MyProject/UAE/data/arrangement_merged/chr_14/183038.11~A13.K_14L.png,/data5/chensx/MyProject/UAE/data/arrangement_merged/chr_14/183038.11~A13.K_14R.png,0,-0.6378632459427006,,0.0008336901664733,-0.6751811607337983,chromosome
0,0.0008676052093505,183038,183038.11~A39.K_14,14,,normal,183038.11~A39.K_14L.png,183038.11~A39.K_14R.png,train,/data5/chensx/MyProject/UAE/data/arrangement_merged/chr_14/183038.11~A39.K_14L.png,/data5/chensx/MyProject/UAE/data/arrangement_merged/chr_14/183038.11~A39.K_14R.png,0,-0.5941152490150424,,0.0008676052093505,-0.45286842199007366,chromosome
0,0.0007874369621276,183038,183038.12~A11.K_14,14,,normal,183038.12~A11.K_14L.png,183038.12~A11.K_14R.png,train,/data5/chensx/MyProject/UAE/data/arrangement_merged/chr_14/183038.12~A11.K_14L.png,/data5/chensx/MyProject/UAE/data/arrangement_merged/chr_14/183038.12~A11.K_14R.png,0,-0.6975265950039709,,0.0007874369621276,-0.9783704142752832,chromosome
0,0.0007608532905578,183038,183038.12~A45.K_14,14,,normal,183038.12~A45.K_14L.png,183038.12~A45.K_14R.png,train,/data5/chensx/MyProject/UAE/data/arrangement_merged/chr_14/183038.12~A45.K_14L.png,/data5/chensx/MyProject/UAE/data/arrangement_merged/chr_14/183038.12~A45.K_14R.png,0,-0.7318176435623813,,0.0007608532905578,-1.152626093501299,chromosome
0,0.0010263323783874,183038,183038.13~A11.K_14,14,,normal,183038.13~A11.K_14L.png,183038.13~A11.K_14R.png,train,/data5/chensx/MyProject/UAE/data/arrangement_merged/chr_14/183038.13~A11.K_14L.png,/data5/chensx/MyProject/UAE/data/arrangement_merged/chr_14/183038.13~A11.K_14R.png,0,-0.3893684725328741,,0.0010263323783874,0.5875864519547793,chromosome
0,0.0008759498596191,183038,183038.13~A29.K_14,14,,normal,183038.13~A29.K_14L.png,183038.13~A29.K_14R.png,train,/data5/chensx/MyProject/UAE/data/arrangement_merged/chr_14/183038.13~A29.K_14L.png,/data5/chensx/MyProject/UAE/data/arrangement_merged/chr_14/183038.13~A29.K_14R.png,0,-0.583351242741102,,0.0008759498596191,-0.39816932985599984,chromosome
0,0.0008981227874755,183038,183038.13~A39.K_14,14,,normal,183038.13~A39.K_14L.png,183038.13~A39.K_14R.png,train,/data5/chensx/MyProject/UAE/data/arrangement_merged/chr_14/183038.13~A39.K_14L.png,/data5/chensx/MyProject/UAE/data/arrangement_merged/chr_14/183038.13~A39.K_14R.png,0,-0.55474974035606,,0.0008981227874755,-0.252826027900833,chromosome
0,0.0009534955024719,183038,183038.13~A47.K_14,14,,normal,183038.13~A47.K_14L.png,183038.13~A47.K_14R.png,train,/data5/chensx/MyProject/UAE/data/arrangement_merged/chr_14/183038.13~A47.K_14L.png,/data5/chensx/MyProject/UAE/data/arrangement_merged/chr_14/183038.13~A47.K_14R.png,0,-0.4833228701525548,,0.0009534955024719,0.11014151918727853,chromosome
0,0.0009561777114868,183038,183038.14~A2.K_14,14,,normal,183038.14~A2.K_14L.png,183038.14~A2.K_14R.png,train,/data5/chensx/MyProject/UAE/data/arrangement_merged/chr_14/183038.14~A2.K_14L.png,/data5/chensx/MyProject/UAE/data/arrangement_merged/chr_14/183038.14~A2.K_14R.png,0,-0.4798630109930739,,0.0009561777114868,0.12772337023032723,chromosome
0,0.0007327795028686,183038,183038.14~A3.K_14,14,,normal,183038.14~A3.K_14L.png,183038.14~A3.K_14R.png,train,/data5/chensx/MyProject/UAE/data/arrangement_merged/chr_14/183038.14~A3.K_14L.png,/data5/chensx/MyProject/UAE/data/arrangement_merged/chr_14/183038.14~A3.K_14R.png,0,-0.7680308360982812,,0.0007327795028686,-1.3366494677513034,chromosome
0,0.0007053613662719,183038,183038.14~A30.K_14,14,,normal,183038.14~A30.K_14L.png,183038.14~A30.K_14R.png,train,/data5/chensx/MyProject/UAE/data/arrangement_merged/chr_14/183038.14~A30.K_14L.png,/data5/chensx/MyProject/UAE/data/arrangement_merged/chr_14/183038.14~A30.K_14R.png,0,-0.8033982852840856,,0.0007053613662719,-1.5163750561909886,chromosome
0,0.000791311264038,183038,183038.14~A34.K_14,14,,normal,183038.14~A34.K_14L.png,183038.14~A34.K_14R.png,train,/data5/chensx/MyProject/UAE/data/arrangement_merged/chr_14/183038.14~A34.K_14L.png,/data5/chensx/MyProject/UAE/data/arrangement_merged/chr_14/183038.14~A34.K_14R.png,0,-0.6925290206624984,,0.000791311264038,-0.9529744072131754,chromosome
0,0.0008153915405273,183038,183038.14~A48.K_14,14,,normal,183038.14~A48.K_14L.png,183038.14~A48.K_14R.png,train,/data5/chensx/MyProject/UAE/data/arrangement_merged/chr_14/183038.14~A48.K_14L.png,/data5/chensx/MyProject/UAE/data/arrangement_merged/chr_14/183038.14~A48.K_14R.png,0,-0.6614671739862701,,0.0008153915405273,-0.7951284556268574,chromosome
0,0.0008125305175781,183038,183038.14~A9.K_14,14,,normal,183038.14~A9.K_14L.png,183038.14~A9.K_14R.png,train,/data5/chensx/MyProject/UAE/data/arrangement_merged/chr_14/183038.14~A9.K_14L.png,/data5/chensx/MyProject/UAE/data/arrangement_merged/chr_14/183038.14~A9.K_14R.png,0,-0.6651576904230497,,0.0008125305175781,-0.8138824300726007,chromosome
0,0.0010710954666137,183038,183038.1~A28.K_14,14,,normal,183038.1~A28.K_14L.png,183038.1~A28.K_14R.png,train,/data5/chensx/MyProject/UAE/data/arrangement_merged/chr_14/183038.1~A28.K_14L.png,/data5/chensx/MyProject/UAE/data/arrangement_merged/chr_14/183038.1~A28.K_14R.png,0,-0.3316272674490932,,0.0010710954666137,0.8810080104722752,chromosome
0,0.0010030269622802,183038,183038.2~A12.K_14,14,,normal,183038.2~A12.K_14L.png,183038.2~A12.K_14R.png,train,/data5/chensx/MyProject/UAE/data/arrangement_merged/chr_14/183038.2~A12.K_14L.png,/data5/chensx/MyProject/UAE/data/arrangement_merged/chr_14/183038.2~A12.K_14R.png,0,-0.419430804340808,,0.0010030269622802,0.4348197017810136,chromosome
0,0.0010017156600952,183038,183038.2~A13.K_14,14,,normal,183038.2~A13.K_14L.png,183038.2~A13.K_14R.png,train,/data5/chensx/MyProject/UAE/data/arrangement_merged/chr_14/183038.2~A13.K_14L.png,/data5/chensx/MyProject/UAE/data/arrangement_merged/chr_14/183038.2~A13.K_14R.png,0,-0.4211222910409986,,0.0010017156600952,0.42622413016037675,chromosome
0,0.000791311264038,183038,183038.2~A15.K_14,14,,normal,183038.2~A15.K_14L.png,183038.2~A15.K_14R.png,train,/data5/chensx/MyProject/UAE/data/arrangement_merged/chr_14/183038.2~A15.K_14L.png,/data5/chensx/MyProject/UAE/data/arrangement_merged/chr_14/183038.2~A15.K_14R.png,0,-0.6925290206624984,,0.000791311264038,-0.9529744072131754,chromosome
0,0.0010769367218017,183038,183038.2~A21.K_14,14,,normal,183038.2~A21.K_14L.png,183038.2~A21.K_14R.png,train,/data5/chensx/MyProject/UAE/data/arrangement_merged/chr_14/183038.2~A21.K_14L.png,/data5/chensx/MyProject/UAE/data/arrangement_merged/chr_14/183038.2~A21.K_14R.png,0,-0.3240924630573349,,0.0010769367218017,0.9192973749659957,chromosome
0,0.0013348460197448,183038,183038.2~A43.K_14,14,,normal,183038.2~A43.K_14L.png,183038.2~A43.K_14R.png,train,/data5/chensx/MyProject/UAE/data/arrangement_merged/chr_14/183038.2~A43.K_14L.png,/data5/chensx/MyProject/UAE/data/arrangement_merged/chr_14/183038.2~A43.K_14R.png,0,0.0085922165665261,,0.0013348460197448,2.609890029700553,chromosome
0,0.0010013580322265,183038,183038.2~A46.K_14,14,,normal,183038.2~A46.K_14L.png,183038.2~A46.K_14R.png,train,/data5/chensx/MyProject/UAE/data/arrangement_merged/chr_14/183038.2~A46.K_14L.png,/data5/chensx/MyProject/UAE/data/arrangement_merged/chr_14/183038.2~A46.K_14R.png,0,-0.421583605595596,,0.0010013580322265,0.42387988335433074,chromosome
0,0.0009138584136962,183038,183038.2~A47.K_14,14,,normal,183038.2~A47.K_14L.png,183038.2~A47.K_14R.png,train,/data5/chensx/MyProject/UAE/data/arrangement_merged/chr_14/183038.2~A47.K_14L.png,/data5/chensx/MyProject/UAE/data/arrangement_merged/chr_14/183038.2~A47.K_14R.png,0,-0.5344518999537722,,0.0009138584136962,-0.14967916844858814,chromosome
0,0.0012558102607727,183038,183038.3~A12.K_14,14,,normal,183038.3~A12.K_14L.png,183038.3~A12.K_14R.png,train,/data5/chensx/MyProject/UAE/data/arrangement_merged/chr_14/183038.3~A12.K_14L.png,/data5/chensx/MyProject/UAE/data/arrangement_merged/chr_14/183038.3~A12.K_14R.png,0,-0.0933582999995102,,0.0012558102607727,2.0918114856339427,chromosome
0,0.0009217858314514,183038,183038.3~A19.K_14,14,,normal,183038.3~A19.K_14L.png,183038.3~A19.K_14R.png,train,/data5/chensx/MyProject/UAE/data/arrangement_merged/chr_14/183038.3~A19.K_14L.png,/data5/chensx/MyProject/UAE/data/arrangement_merged/chr_14/183038.3~A19.K_14R.png,0,-0.5242260939935287,,0.0009217858314514,-0.09771503092102195,chromosome
0,0.0011132955551147,183038,183038.3~A30.K_14,14,,normal,183038.3~A30.K_14L.png,183038.3~A30.K_14R.png,train,/data5/chensx/MyProject/UAE/data/arrangement_merged/chr_14/183038.3~A30.K_14L.png,/data5/chensx/MyProject/UAE/data/arrangement_merged/chr_14/183038.3~A30.K_14R.png,0,-0.2771921500065942,,0.0011132955551147,1.1576291335489568,chromosome
0,0.0007418990135192,183038,183038.3~A36.K_14,14,,normal,183038.3~A36.K_14L.png,183038.3~A36.K_14R.png,train,/data5/chensx/MyProject/UAE/data/arrangement_merged/chr_14/183038.3~A36.K_14L.png,/data5/chensx/MyProject/UAE/data/arrangement_merged/chr_14/183038.3~A36.K_14R.png,0,-0.7562673149560462,,0.0007418990135192,-1.276871174205332,chromosome
0,0.0007840394973754,183038,183038.4~A15.K_14,14,,normal,183038.4~A15.K_14L.png,183038.4~A15.K_14R.png,train,/data5/chensx/MyProject/UAE/data/arrangement_merged/chr_14/183038.4~A15.K_14L.png,/data5/chensx/MyProject/UAE/data/arrangement_merged/chr_14/183038.4~A15.K_14R.png,0,-0.7019090832726466,,0.0007840394973754,-1.0006407589297672,chromosome
0,0.001026451587677,183038,183038.4~A24.K_14,14,,normal,183038.4~A24.K_14L.png,183038.4~A24.K_14R.png,train,/data5/chensx/MyProject/UAE/data/arrangement_merged/chr_14/183038.4~A24.K_14L.png,/data5/chensx/MyProject/UAE/data/arrangement_merged/chr_14/183038.4~A24.K_14R.png,0,-0.389214701014675,,0.001026451587677,0.5883678675570131,chromosome
0,0.0009178519248962,183038,183038.4~A36.K_14,14,,normal,183038.4~A36.K_14L.png,183038.4~A36.K_14R.png,train,/data5/chensx/MyProject/UAE/data/arrangement_merged/chr_14/183038.4~A36.K_14L.png,/data5/chensx/MyProject/UAE/data/arrangement_merged/chr_14/183038.4~A36.K_14R.png,0,-0.5293005540941007,,0.0009178519248962,-0.12350174578424661,chromosome
0,0.0007464885711669,183038,183038.4~A39.K_14,14,,normal,183038.4~A39.K_14L.png,183038.4~A39.K_14R.png,train,/data5/chensx/MyProject/UAE/data/arrangement_merged/chr_14/183038.4~A39.K_14L.png,/data5/chensx/MyProject/UAE/data/arrangement_merged/chr_14/183038.4~A39.K_14R.png,0,-0.7503471115053788,,0.0007464885711669,-1.246786673531788,chromosome
0,0.0019874572753906,183079,183079.11~A27.K_14,14,,normal,183079.11~A27.K_14L.png,183079.11~A27.K_14R.png,train,/data5/chensx/MyProject/UAE/data/arrangement_merged/chr_14/183079.11~A27.K_14L.png,/data5/chensx/MyProject/UAE/data/arrangement_merged/chr_14/183079.11~A27.K_14R.png,0,0.946963200375558,,0.0019874572753906,6.887749742363165,chromosome
0,0.0007739663124084,183079,183079.12~A27.K_14,14,,normal,183079.12~A27.K_14L.png,183079.12~A27.K_14R.png,train,/data5/chensx/MyProject/UAE/data/arrangement_merged/chr_14/183079.12~A27.K_14L.png,/data5/chensx/MyProject/UAE/data/arrangement_merged/chr_14/183079.12~A27.K_14R.png,0,-0.6939818248120175,,0.0007739663124084,-1.0666703772909862,chromosome
0,0.0011173486709594,183079,183079.12~A37.K_14,14,,normal,183079.12~A37.K_14L.png,183079.12~A37.K_14R.png,train,/data5/chensx/MyProject/UAE/data/arrangement_merged/chr_14/183079.12~A37.K_14L.png,/data5/chensx/MyProject/UAE/data/arrangement_merged/chr_14/183079.12~A37.K_14R.png,0,-0.2296425011661791,,0.0011173486709594,1.1841972640137608,chromosome
0,0.001014232635498,183079,183079.12~A44.K_14,14,,normal,183079.12~A44.K_14L.png,183079.12~A44.K_14R.png,train,/data5/chensx/MyProject/UAE/data/arrangement_merged/chr_14/183079.12~A44.K_14L.png,/data5/chensx/MyProject/UAE/data/arrangement_merged/chr_14/183079.12~A44.K_14R.png,0,-0.3690813190636449,,0.001014232635498,0.5082727683608315,chromosome
0,0.0008448362350463,183079,183079.13~A12.K_14,14,,normal,183079.13~A12.K_14L.png,183079.13~A12.K_14R.png,train,/data5/chensx/MyProject/UAE/data/arrangement_merged/chr_14/183079.13~A12.K_14L.png,/data5/chensx/MyProject/UAE/data/arrangement_merged/chr_14/183079.13~A12.K_14R.png,0,-0.5981478626847997,,0.0008448362350463,-0.602118801955098,chromosome
0,0.0011268854141235,183079,183079.13~A19.K_14,14,,normal,183079.13~A19.K_14L.png,183079.13~A19.K_14R.png,train,/data5/chensx/MyProject/UAE/data/arrangement_merged/chr_14/183079.13~A19.K_14L.png,/data5/chensx/MyProject/UAE/data/arrangement_merged/chr_14/183079.13~A19.K_14R.png,0,-0.2167464255224828,,0.0011268854141235,1.2467105121668944,chromosome
0,0.0007386803627014,183079,183079.13~A27.K_14,14,,normal,183079.13~A27.K_14L.png,183079.13~A27.K_14R.png,train,/data5/chensx/MyProject/UAE/data/arrangement_merged/chr_14/183079.13~A27.K_14L.png,/data5/chensx/MyProject/UAE/data/arrangement_merged/chr_14/183079.13~A27.K_14R.png,0,-0.7416973046936937,,0.0007386803627014,-1.297969395456466,chromosome
0,0.0009834766387939,183079,183079.13~A6.K_14,14,,normal,183079.13~A6.K_14L.png,183079.13~A6.K_14R.png,train,/data5/chensx/MyProject/UAE/data/arrangement_merged/chr_14/183079.13~A6.K_14L.png,/data5/chensx/MyProject/UAE/data/arrangement_merged/chr_14/183079.13~A6.K_14R.png,0,-0.4106711630145653,,0.0009834766387939,0.30666754306777855,chromosome
0,0.0007233619689941,183079,183079.13~A9.K_14,14,,normal,183079.13~A9.K_14L.png,183079.13~A9.K_14R.png,train,/data5/chensx/MyProject/UAE/data/arrangement_merged/chr_14/183079.13~A9.K_14L.png,/data5/chensx/MyProject/UAE/data/arrangement_merged/chr_14/183079.13~A9.K_14R.png,0,-0.7624116261963808,,0.0007233619689941,-1.3983813003022032,chromosome
0,0.0008778572082519,183079,183079.14~A11.K_14,14,,normal,183079.14~A11.K_14L.png,183079.14~A11.K_14R.png,train,/data5/chensx/MyProject/UAE/data/arrangement_merged/chr_14/183079.14~A11.K_14L.png,/data5/chensx/MyProject/UAE/data/arrangement_merged/chr_14/183079.14~A11.K_14R.png,0,-0.5534952007685013,,0.0008778572082519,-0.38566668022550404,chromosome
0,0.0010796189308166,183079,183079.14~A13.K_14,14,,normal,183079.14~A13.K_14L.png,183079.14~A13.K_14R.png,train,/data5/chensx/MyProject/UAE/data/arrangement_merged/chr_14/183079.14~A13.K_14L.png,/data5/chensx/MyProject/UAE/data/arrangement_merged/chr_14/183079.14~A13.K_14R.png,0,-0.2806626004315524,,0.0010796189308166,0.9368792260090452,chromosome
0,0.0008826255798339,183079,183079.14~A23.K_14,14,,normal,183079.14~A23.K_14L.png,183079.14~A23.K_14R.png,train,/data5/chensx/MyProject/UAE/data/arrangement_merged/chr_14/183079.14~A23.K_14L.png,/data5/chensx/MyProject/UAE/data/arrangement_merged/chr_14/183079.14~A23.K_14R.png,0,-0.5470471629466532,,0.0008826255798339,-0.35441005614926485,chromosome
0,0.0008947849273681,183079,183079.14~A24.K_14,14,,normal,183079.14~A24.K_14L.png,183079.14~A24.K_14R.png,train,/data5/chensx/MyProject/UAE/data/arrangement_merged/chr_14/183079.14~A24.K_14L.png,/data5/chensx/MyProject/UAE/data/arrangement_merged/chr_14/183079.14~A24.K_14R.png,0,-0.5306046665009405,,0.0008947849273681,-0.2747056647542001,chromosome
0,0.0009968280792236,183079,183079.14~A26.K_14,14,,normal,183079.14~A26.K_14L.png,183079.14~A26.K_14R.png,train,/data5/chensx/MyProject/UAE/data/arrangement_merged/chr_14/183079.14~A26.K_14L.png,/data5/chensx/MyProject/UAE/data/arrangement_merged/chr_14/183079.14~A26.K_14R.png,0,-0.3926166571133905,,0.0009968280792236,0.3941860904819038,chromosome
0,0.0010004639625549,183079,183079.14~A28.K_14,14,,normal,183079.14~A28.K_14L.png,183079.14~A28.K_14R.png,train,/data5/chensx/MyProject/UAE/data/arrangement_merged/chr_14/183079.14~A28.K_14L.png,/data5/chensx/MyProject/UAE/data/arrangement_merged/chr_14/183079.14~A28.K_14R.png,0,-0.3877000282742314,,0.0010004639625549,0.41801926634019937,chromosome
0,0.0007156133651733,183079,183079.14~A3.K_14,14,,normal,183079.14~A3.K_14L.png,183079.14~A3.K_14R.png,train,/data5/chensx/MyProject/UAE/data/arrangement_merged/chr_14/183079.14~A3.K_14L.png,/data5/chensx/MyProject/UAE/data/arrangement_merged/chr_14/183079.14~A3.K_14R.png,0,-0.7728896876568839,,0.0007156133651733,-1.4491733144264187,chromosome
0,0.0010852813720703,183079,183079.14~A34.K_14,14,,normal,183079.14~A34.K_14L.png,183079.14~A34.K_14R.png,train,/data5/chensx/MyProject/UAE/data/arrangement_merged/chr_14/183079.14~A34.K_14L.png,/data5/chensx/MyProject/UAE/data/arrangement_merged/chr_14/183079.14~A34.K_14R.png,0,-0.2730055555181078,,0.0010852813720703,0.9739964671000695,chromosome
0,0.0013280510902404,183079,183079.14~A38.K_14,14,,normal,183079.14~A38.K_14L.png,183079.14~A38.K_14R.png,train,/data5/chensx/MyProject/UAE/data/arrangement_merged/chr_14/183079.14~A38.K_14L.png,/data5/chensx/MyProject/UAE/data/arrangement_merged/chr_14/183079.14~A38.K_14R.png,0,0.055280170086735,,0.0013280510902404,2.5653493403915855,chromosome
0,0.001050055027008,183079,183079.14~A6.K_14,14,,normal,183079.14~A6.K_14L.png,183079.14~A6.K_14R.png,train,/data5/chensx/MyProject/UAE/data/arrangement_merged/chr_14/183079.14~A6.K_14L.png,/data5/chensx/MyProject/UAE/data/arrangement_merged/chr_14/183079.14~A6.K_14R.png,0,-0.3206404349270108,,0.001050055027008,0.743088156735052,chromosome
0,0.000623345375061,183079,183079.2~A40.K_14,14,,normal,183079.2~A40.K_14L.png,183079.2~A40.K_14R.png,train,/data5/chensx/MyProject/UAE/data/arrangement_merged/chr_14/183079.2~A40.K_14L.png,/data5/chensx/MyProject/UAE/data/arrangement_merged/chr_14/183079.2~A40.K_14R.png,0,-0.8976592195096452,,0.000623345375061,-2.053988990305577,chromosome
0,0.0010093450546264,183079,183079.2~A8.K_14,14,,normal,183079.2~A8.K_14L.png,183079.2~A8.K_14R.png,train,/data5/chensx/MyProject/UAE/data/arrangement_merged/chr_14/183079.2~A8.K_14L.png,/data5/chensx/MyProject/UAE/data/arrangement_merged/chr_14/183079.2~A8.K_14R.png,0,-0.3756905578310392,,0.0010093450546264,0.47623472868235855,chromosome
0,0.0009543895721435,183079,183079.3~A16.K_14,14,,normal,183079.3~A16.K_14L.png,183079.3~A16.K_14R.png,train,/data5/chensx/MyProject/UAE/data/arrangement_merged/chr_14/183079.3~A16.K_14L.png,/data5/chensx/MyProject/UAE/data/arrangement_merged/chr_14/183079.3~A16.K_14R.png,0,-0.4500041937278389,,0.0009543895721435,0.11600213620140992,chromosome
0,0.0009496212005615,183079,183079.3~A22.K_14,14,,normal,183079.3~A22.K_14L.png,183079.3~A22.K_14R.png,train,/data5/chensx/MyProject/UAE/data/arrangement_merged/chr_14/183079.3~A22.K_14L.png,/data5/chensx/MyProject/UAE/data/arrangement_merged/chr_14/183079.3~A22.K_14R.png,0,-0.456452231549687,,0.0009496212005615,0.08474551212517074,chromosome
0,0.0010790228843688,183079,183079.3~A5.K_14,14,,normal,183079.3~A5.K_14L.png,183079.3~A5.K_14R.png,train,/data5/chensx/MyProject/UAE/data/arrangement_merged/chr_14/183079.3~A5.K_14L.png,/data5/chensx/MyProject/UAE/data/arrangement_merged/chr_14/183079.3~A5.K_14R.png,0,-0.2814686051592834,,0.0010790228843688,0.9329721479991869,chromosome
0,0.0011721849441528,183079,183079.3~A7.K_14,14,,normal,183079.3~A7.K_14L.png,183079.3~A7.K_14R.png,train,/data5/chensx/MyProject/UAE/data/arrangement_merged/chr_14/183079.3~A7.K_14L.png,/data5/chensx/MyProject/UAE/data/arrangement_merged/chr_14/183079.3~A7.K_14R.png,0,-0.1554900662149256,,0.0011721849441528,1.5436484408931308,chromosome
0,0.0008916854858398,183079,183079.4~A13.K_14,14,,normal,183079.4~A13.K_14L.png,183079.4~A13.K_14R.png,train,/data5/chensx/MyProject/UAE/data/arrangement_merged/chr_14/183079.4~A13.K_14L.png,/data5/chensx/MyProject/UAE/data/arrangement_merged/chr_14/183079.4~A13.K_14R.png,0,-0.5347958910851418,,0.0008916854858398,-0.29502247040375573,chromosome
0,0.0008303523063659,183079,183079.4~A17.K_14,14,,normal,183079.4~A17.K_14L.png,183079.4~A17.K_14R.png,train,/data5/chensx/MyProject/UAE/data/arrangement_merged/chr_14/183079.4~A17.K_14L.png,/data5/chensx/MyProject/UAE/data/arrangement_merged/chr_14/183079.4~A17.K_14R.png,0,-0.6177337775686633,,0.0008303523063659,-0.6970607975871655,chromosome
0,0.0008943080902099,183079,183079.4~A18.K_14,14,,normal,183079.4~A18.K_14L.png,183079.4~A18.K_14R.png,train,/data5/chensx/MyProject/UAE/data/arrangement_merged/chr_14/183079.4~A18.K_14L.png,/data5/chensx/MyProject/UAE/data/arrangement_merged/chr_14/183079.4~A18.K_14R.png,0,-0.5312494702831253,,0.0008943080902099,-0.2778313271618239,chromosome
0,0.0009070634841918,183079,183079.4~A23.K_14,14,,normal,183079.4~A23.K_14L.png,183079.4~A23.K_14R.png,train,/data5/chensx/MyProject/UAE/data/arrangement_merged/chr_14/183079.4~A23.K_14L.png,/data5/chensx/MyProject/UAE/data/arrangement_merged/chr_14/183079.4~A23.K_14R.png,0,-0.5140009691096816,,0.0009070634841918,-0.1942198577575569,chromosome
0,0.0008089542388916,183079,183079.4~A29.K_14,14,,normal,183079.4~A29.K_14L.png,183079.4~A29.K_14R.png,train,/data5/chensx/MyProject/UAE/data/arrangement_merged/chr_14/183079.4~A29.K_14L.png,/data5/chensx/MyProject/UAE/data/arrangement_merged/chr_14/183079.4~A29.K_14R.png,0,-0.6466693472942069,,0.0008089542388916,-0.8373248981297795,chromosome
0,0.0007755756378173,183079,183079.4~A4.K_14,14,,normal,183079.4~A4.K_14L.png,183079.4~A4.K_14R.png,train,/data5/chensx/MyProject/UAE/data/arrangement_merged/chr_14/183079.4~A4.K_14L.png,/data5/chensx/MyProject/UAE/data/arrangement_merged/chr_14/183079.4~A4.K_14R.png,0,-0.6918056120471437,,0.0007755756378173,-1.0561212666654194,chromosome
0,0.0009559392929077,183079,183079.4~A50.K_14,14,,normal,183079.4~A50.K_14L.png,183079.4~A50.K_14R.png,train,/data5/chensx/MyProject/UAE/data/arrangement_merged/chr_14/183079.4~A50.K_14L.png,/data5/chensx/MyProject/UAE/data/arrangement_merged/chr_14/183079.4~A50.K_14R.png,0,-0.4479085814357383,,0.0009559392929077,0.126160539026515,chromosome
0,0.0006731152534484,183262,183262.11~A16.K_14,14,,normal,183262.11~A16.K_14L.png,183262.11~A16.K_14R.png,train,/data5/chensx/MyProject/UAE/data/arrangement_merged/chr_14/183262.11~A16.K_14L.png,/data5/chensx/MyProject/UAE/data/arrangement_merged/chr_14/183262.11~A16.K_14R.png,0,-0.8386682011739063,,0.0006731152534484,-1.7277479765080295,chromosome
0,0.0007991790771484,183262,183262.12~A5.K_14,14,,normal,183262.12~A5.K_14L.png,183262.12~A5.K_14R.png,train,/data5/chensx/MyProject/UAE/data/arrangement_merged/chr_14/183262.12~A5.K_14L.png,/data5/chensx/MyProject/UAE/data/arrangement_merged/chr_14/183262.12~A5.K_14R.png,0,-0.6792219669631596,,0.0007991790771484,-0.9014009774867253,chromosome
0,0.0009627938270568,183262,183262.14~A1.K_14,14,,normal,183262.14~A1.K_14L.png,183262.14~A1.K_14R.png,train,/data5/chensx/MyProject/UAE/data/arrangement_merged/chr_14/183262.14~A1.K_14L.png,/data5/chensx/MyProject/UAE/data/arrangement_merged/chr_14/183262.14~A1.K_14R.png,0,-0.4722811097960201,,0.0009627938270568,0.17109193613594464,chromosome
0,0.0009902715682983,183262,183262.14~A16.K_14,14,,normal,183262.14~A16.K_14L.png,183262.14~A16.K_14R.png,train,/data5/chensx/MyProject/UAE/data/arrangement_merged/chr_14/183262.14~A16.K_14L.png,/data5/chensx/MyProject/UAE/data/arrangement_merged/chr_14/183262.14~A16.K_14R.png,0,-0.4375271079184059,,0.0009902715682983,0.3512082323767466,chromosome
0,0.0013192892074584,183262,183262.14~A21.K_14,14,,normal,183262.14~A21.K_14L.png,183262.14~A21.K_14R.png,train,/data5/chensx/MyProject/UAE/data/arrangement_merged/chr_14/183262.14~A21.K_14L.png,/data5/chensx/MyProject/UAE/data/arrangement_merged/chr_14/183262.14~A21.K_14R.png,0,-0.0213837448719179,,0.0013192892074584,2.5079152936510045,chromosome
0,0.0008738040924072,183262,183262.14~A23.K_14,14,,normal,183262.14~A23.K_14L.png,183262.14~A23.K_14R.png,train,/data5/chensx/MyProject/UAE/data/arrangement_merged/chr_14/183262.14~A23.K_14L.png,/data5/chensx/MyProject/UAE/data/arrangement_merged/chr_14/183262.14~A23.K_14R.png,0,-0.58483582737363,,0.0008738040924072,-0.4122348106903072,chromosome
0,0.0009462237358093,183262,183262.14~A29.K_14,14,,normal,183262.14~A29.K_14L.png,183262.14~A29.K_14R.png,train,/data5/chensx/MyProject/UAE/data/arrangement_merged/chr_14/183262.14~A29.K_14L.png,/data5/chensx/MyProject/UAE/data/arrangement_merged/chr_14/183262.14~A29.K_14R.png,0,-0.4932390545291585,,0.0009462237358093,0.062475167470686724,chromosome
0,0.0008423328399658,183262,183262.14~A33.K_14,14,,normal,183262.14~A33.K_14L.png,183262.14~A33.K_14R.png,train,/data5/chensx/MyProject/UAE/data/arrangement_merged/chr_14/183262.14~A33.K_14L.png,/data5/chensx/MyProject/UAE/data/arrangement_merged/chr_14/183262.14~A33.K_14R.png,0,-0.6246408447085116,,0.0008423328399658,-0.6185285295947954,chromosome
0,0.0009407997131347,183262,183262.14~A38.K_14,14,,normal,183262.14~A38.K_14L.png,183262.14~A38.K_14R.png,train,/data5/chensx/MyProject/UAE/data/arrangement_merged/chr_14/183262.14~A38.K_14L.png,/data5/chensx/MyProject/UAE/data/arrangement_merged/chr_14/183262.14~A38.K_14R.png,0,-0.500099388956193,,0.0009407997131347,0.026920757583473145,chromosome
0,0.0008794069290161,183262,183262.14~A45.K_14,14,,normal,183262.14~A45.K_14L.png,183262.14~A45.K_14R.png,train,/data5/chensx/MyProject/UAE/data/arrangement_merged/chr_14/183262.14~A45.K_14L.png,/data5/chensx/MyProject/UAE/data/arrangement_merged/chr_14/183262.14~A45.K_14R.png,0,-0.5777493280753747,,0.0008794069290161,-0.3755082774003982,chromosome
0,0.0007854104042053,183262,183262.14~A8.K_14,14,,normal,183262.14~A8.K_14L.png,183262.14~A8.K_14R.png,train,/data5/chensx/MyProject/UAE/data/arrangement_merged/chr_14/183262.14~A8.K_14L.png,/data5/chensx/MyProject/UAE/data/arrangement_merged/chr_14/183262.14~A8.K_14R.png,0,-0.6966366620471702,,0.0007854104042053,-0.9916544795073567,chromosome
0,0.0014045238494873,183262,183262.1~A2.K_14,14,,normal,183262.1~A2.K_14L.png,183262.1~A2.K_14R.png,train,/data5/chensx/MyProject/UAE/data/arrangement_merged/chr_14/183262.1~A2.K_14L.png,/data5/chensx/MyProject/UAE/data/arrangement_merged/chr_14/183262.1~A2.K_14R.png,0,0.0864215104100527,,0.0014045238494873,3.066627449018037,chromosome
0,0.0007093548774719,183262,183262.1~A24.K_14,14,,normal,183262.1~A24.K_14L.png,183262.1~A24.K_14R.png,train,/data5/chensx/MyProject/UAE/data/arrangement_merged/chr_14/183262.1~A24.K_14L.png,/data5/chensx/MyProject/UAE/data/arrangement_merged/chr_14/183262.1~A24.K_14R.png,0,-0.7928321206064671,,0.0007093548774719,-1.490197633526647,chromosome
0,0.0009444952011108,183262,183262.1~A26.K_14,14,,normal,183262.1~A26.K_14L.png,183262.1~A26.K_14R.png,train,/data5/chensx/MyProject/UAE/data/arrangement_merged/chr_14/183262.1~A26.K_14L.png,/data5/chensx/MyProject/UAE/data/arrangement_merged/chr_14/183262.1~A26.K_14R.png,0,-0.4954253149509607,,0.0009444952011108,0.05114464124288628,chromosome
0,0.001000702381134,183262,183262.1~A42.K_14,14,,normal,183262.1~A42.K_14L.png,183262.1~A42.K_14R.png,train,/data5/chensx/MyProject/UAE/data/arrangement_merged/chr_14/183262.1~A42.K_14L.png,/data5/chensx/MyProject/UAE/data/arrangement_merged/chr_14/183262.1~A42.K_14R.png,0,-0.4243341570971857,,0.001000702381134,0.4195820975440116,chromosome
0,0.0017306804656982,183262,183262.1~A9.K_14,14,,normal,183262.1~A9.K_14L.png,183262.1~A9.K_14R.png,train,/data5/chensx/MyProject/UAE/data/arrangement_merged/chr_14/183262.1~A9.K_14L.png,/data5/chensx/MyProject/UAE/data/arrangement_merged/chr_14/183262.1~A9.K_14R.png,0,0.4989462355170059,,0.0017306804656982,5.204580535846551,chromosome
0,0.0011152029037475,183262,183262.2~A10.K_14,14,,normal,183262.2~A10.K_14L.png,183262.2~A10.K_14R.png,train,/data5/chensx/MyProject/UAE/data/arrangement_merged/chr_14/183262.2~A10.K_14L.png,/data5/chensx/MyProject/UAE/data/arrangement_merged/chr_14/183262.2~A10.K_14R.png,0,-0.2795132512253916,,0.0011152029037475,1.1701317831794533,chromosome
0,0.000879168510437,183262,183262.2~A22.K_14,14,,normal,183262.2~A22.K_14L.png,183262.2~A22.K_14R.png,train,/data5/chensx/MyProject/UAE/data/arrangement_merged/chr_14/183262.2~A22.K_14L.png,/data5/chensx/MyProject/UAE/data/arrangement_merged/chr_14/183262.2~A22.K_14R.png,0,-0.5780508812370025,,0.000879168510437,-0.3770711086042105,chromosome
0,0.0007829070091247,183262,183262.2~A23.K_14,14,,normal,183262.2~A23.K_14L.png,183262.2~A23.K_14R.png,train,/data5/chensx/MyProject/UAE/data/arrangement_merged/chr_14/183262.2~A23.K_14L.png,/data5/chensx/MyProject/UAE/data/arrangement_merged/chr_14/183262.2~A23.K_14R.png,0,-0.6998029702442631,,0.0007829070091247,-1.0080642071477102,chromosome
0,0.0009717941284179,183262,183262.2~A44.K_14,14,,normal,183262.2~A44.K_14L.png,183262.2~A44.K_14R.png,train,/data5/chensx/MyProject/UAE/data/arrangement_merged/chr_14/183262.2~A44.K_14L.png,/data5/chensx/MyProject/UAE/data/arrangement_merged/chr_14/183262.2~A44.K_14R.png,0,-0.4608974779445673,,0.0009717941284179,0.2300888140803376,chromosome
0,0.000874638557434,183262,183262.2~A45.K_14,14,,normal,183262.2~A45.K_14L.png,183262.2~A45.K_14R.png,train,/data5/chensx/MyProject/UAE/data/arrangement_merged/chr_14/183262.2~A45.K_14L.png,/data5/chensx/MyProject/UAE/data/arrangement_merged/chr_14/183262.2~A45.K_14R.png,0,-0.5837803913079325,,0.000874638557434,-0.4067649014772934,chromosome
0,0.0008996129035949,183262,183262.3~A17.K_14,14,,normal,183262.3~A17.K_14L.png,183262.3~A17.K_14R.png,train,/data5/chensx/MyProject/UAE/data/arrangement_merged/chr_14/183262.3~A17.K_14L.png,/data5/chensx/MyProject/UAE/data/arrangement_merged/chr_14/183262.3~A17.K_14R.png,0,-0.552192697627411,,0.0008996129035949,-0.24305833287684406,chromosome
0,0.0009891390800476,183262,183262.3~A24.K_14,14,,normal,183262.3~A24.K_14L.png,183262.3~A24.K_14R.png,train,/data5/chensx/MyProject/UAE/data/arrangement_merged/chr_14/183262.3~A24.K_14L.png,/data5/chensx/MyProject/UAE/data/arrangement_merged/chr_14/183262.3~A24.K_14R.png,0,-0.4389594854361384,,0.0009891390800476,0.34378478415880437,chromosome
0,0.0010083317756652,183262,183262.3~A30.K_14,14,,normal,183262.3~A30.K_14L.png,183262.3~A30.K_14R.png,train,/data5/chensx/MyProject/UAE/data/arrangement_merged/chr_14/183262.3~A30.K_14L.png,/data5/chensx/MyProject/UAE/data/arrangement_merged/chr_14/183262.3~A30.K_14R.png,0,-0.4146844559250932,,0.0010083317756652,0.4695926960659934,chromosome
0,0.0008116364479064,183262,183262.3~A41.K_14,14,,normal,183262.3~A41.K_14L.png,183262.3~A41.K_14R.png,train,/data5/chensx/MyProject/UAE/data/arrangement_merged/chr_14/183262.3~A41.K_14L.png,/data5/chensx/MyProject/UAE/data/arrangement_merged/chr_14/183262.3~A41.K_14R.png,0,-0.6634658142681024,,0.0008116364479064,-0.8197430470873868,chromosome
0,0.0007725954055786,183262,183262.4~A14.K_14,14,,normal,183262.4~A14.K_14L.png,183262.4~A14.K_14R.png,train,/data5/chensx/MyProject/UAE/data/arrangement_merged/chr_14/183262.4~A14.K_14L.png,/data5/chensx/MyProject/UAE/data/arrangement_merged/chr_14/183262.4~A14.K_14R.png,0,-0.7128451444846693,,0.0007725954055786,-1.0756566567127406,chromosome
0,0.0010473132133483,183262,183262.4~A19.K_14,14,,normal,183262.4~A19.K_14L.png,183262.4~A19.K_14R.png,train,/data5/chensx/MyProject/UAE/data/arrangement_merged/chr_14/183262.4~A19.K_14L.png,/data5/chensx/MyProject/UAE/data/arrangement_merged/chr_14/183262.4~A19.K_14R.png,0,-0.3653805139989332,,0.0010473132133483,0.7251155978908864,chromosome
0,0.0008149743080139,183262,183262.4~A24.K_14,14,,normal,183262.4~A24.K_14L.png,183262.4~A24.K_14R.png,train,/data5/chensx/MyProject/UAE/data/arrangement_merged/chr_14/183262.4~A24.K_14L.png,/data5/chensx/MyProject/UAE/data/arrangement_merged/chr_14/183262.4~A24.K_14R.png,0,-0.6592440700053119,,0.0008149743080139,-0.7978634102333644,chromosome
0,0.0012698769569396,183262,183262.4~A29.K_14,14,,normal,183262.4~A29.K_14L.png,183262.4~A29.K_14R.png,train,/data5/chensx/MyProject/UAE/data/arrangement_merged/chr_14/183262.4~A29.K_14L.png,/data5/chensx/MyProject/UAE/data/arrangement_merged/chr_14/183262.4~A29.K_14R.png,0,-0.083880637619298,,0.0012698769569396,2.1840185266588463,chromosome
0,0.0007092952728271,183262,183262.4~A31.K_14,14,,normal,183262.4~A31.K_14L.png,183262.4~A31.K_14R.png,train,/data5/chensx/MyProject/UAE/data/arrangement_merged/chr_14/183262.4~A31.K_14L.png,/data5/chensx/MyProject/UAE/data/arrangement_merged/chr_14/183262.4~A31.K_14R.png,0,-0.792907508896874,,0.0007092952728271,-1.4905883413277639,chromosome
0,0.0010238885879516,183262,183262.4~A50.K_14,14,,normal,183262.4~A50.K_14L.png,183262.4~A50.K_14R.png,train,/data5/chensx/MyProject/UAE/data/arrangement_merged/chr_14/183262.4~A50.K_14L.png,/data5/chensx/MyProject/UAE/data/arrangement_merged/chr_14/183262.4~A50.K_14R.png,0,-0.3950081121288734,,0.0010238885879516,0.5715674321155436,chromosome
0,0.0009185075759887,183786,183786.11~A44.K_14,14,,normal,183786.11~A44.K_14L.png,183786.11~A44.K_14R.png,train,/data5/chensx/MyProject/UAE/data/arrangement_merged/chr_14/183786.11~A44.K_14L.png,/data5/chensx/MyProject/UAE/data/arrangement_merged/chr_14/183786.11~A44.K_14R.png,0,-0.2600124306302999,,0.0009185075759887,-0.11920395997392746,chromosome
0,0.0009080171585083,183786,183786.12~A1.K_14,14,,normal,183786.12~A1.K_14L.png,183786.12~A1.K_14R.png,train,/data5/chensx/MyProject/UAE/data/arrangement_merged/chr_14/183786.12~A1.K_14L.png,/data5/chensx/MyProject/UAE/data/arrangement_merged/chr_14/183786.12~A1.K_14R.png,0,-0.2654832077765006,,0.0009080171585083,-0.18796853294165336,chromosome
0,0.0006715059280395,183786,183786.12~A12.K_14,14,,normal,183786.12~A12.K_14L.png,183786.12~A12.K_14R.png,train,/data5/chensx/MyProject/UAE/data/arrangement_merged/chr_14/183786.12~A12.K_14L.png,/data5/chensx/MyProject/UAE/data/arrangement_merged/chr_14/183786.12~A12.K_14R.png,0,-0.388824365254481,,0.0006715059280395,-1.7382970871335963,chromosome
0,0.0008752346038818,183786,183786.12~A15.K_14,14,,normal,183786.12~A15.K_14L.png,183786.12~A15.K_14R.png,train,/data5/chensx/MyProject/UAE/data/arrangement_merged/chr_14/183786.12~A15.K_14L.png,/data5/chensx/MyProject/UAE/data/arrangement_merged/chr_14/183786.12~A15.K_14R.png,0,-0.282579386358378,,0.0008752346038818,-0.40285782346743515,chromosome
0,0.0007302165031433,183786,183786.12~A16.K_14,14,,normal,183786.12~A16.K_14L.png,183786.12~A16.K_14R.png,train,/data5/chensx/MyProject/UAE/data/arrangement_merged/chr_14/183786.12~A16.K_14L.png,/data5/chensx/MyProject/UAE/data/arrangement_merged/chr_14/183786.12~A16.K_14R.png,0,-0.3582066636123917,,0.0007302165031433,-1.3534499031921177,chromosome
0,0.0008839964866638,183786,183786.12~A34.K_14,14,,normal,183786.12~A34.K_14L.png,183786.12~A34.K_14R.png,train,/data5/chensx/MyProject/UAE/data/arrangement_merged/chr_14/183786.12~A34.K_14L.png,/data5/chensx/MyProject/UAE/data/arrangement_merged/chr_14/183786.12~A34.K_14R.png,0,-0.278010044082858,,0.0008839964866638,-0.3454237767268544,chromosome
0,0.0010211467742919,183786,183786.12~A41.K_14,14,,normal,183786.12~A41.K_14L.png,183786.12~A41.K_14R.png,train,/data5/chensx/MyProject/UAE/data/arrangement_merged/chr_14/183786.12~A41.K_14L.png,/data5/chensx/MyProject/UAE/data/arrangement_merged/chr_14/183786.12~A41.K_14R.png,0,-0.2064858496884949,,0.0010211467742919,0.553594873271378,chromosome
0,0.0012319684028625,183786,183786.12~A47.K_14,14,,normal,183786.12~A47.K_14L.png,183786.12~A47.K_14R.png,train,/data5/chensx/MyProject/UAE/data/arrangement_merged/chr_14/183786.12~A47.K_14L.png,/data5/chensx/MyProject/UAE/data/arrangement_merged/chr_14/183786.12~A47.K_14R.png,0,-0.0965418794264947,,0.0012319684028625,1.9355283652514363,chromosome
0,0.0011709928512573,183786,183786.13~A10.K_14,14,,normal,183786.13~A10.K_14L.png,183786.13~A10.K_14R.png,train,/data5/chensx/MyProject/UAE/data/arrangement_merged/chr_14/183786.13~A10.K_14L.png,/data5/chensx/MyProject/UAE/data/arrangement_merged/chr_14/183786.13~A10.K_14R.png,0,-0.1283407715887865,,0.0011709928512573,1.5358342848740711,chromosome
0,0.0008877515792846,183786,183786.13~A12.K_14,14,,normal,183786.13~A12.K_14L.png,183786.13~A12.K_14R.png,train,/data5/chensx/MyProject/UAE/data/arrangement_merged/chr_14/183786.13~A12.K_14L.png,/data5/chensx/MyProject/UAE/data/arrangement_merged/chr_14/183786.13~A12.K_14R.png,0,-0.2760517545362066,,0.0008877515792846,-0.3208091852669804,chromosome
0,0.0009560585021972,183786,183786.13~A29.K_14,14,,normal,183786.13~A29.K_14L.png,183786.13~A29.K_14R.png,train,/data5/chensx/MyProject/UAE/data/arrangement_merged/chr_14/183786.13~A29.K_14L.png,/data5/chensx/MyProject/UAE/data/arrangement_merged/chr_14/183786.13~A29.K_14R.png,0,-0.2404295351637858,,0.0009560585021972,0.1269419546280935,chromosome
0,0.0011903047561645,183786,183786.13~A34.K_14,14,,normal,183786.13~A34.K_14L.png,183786.13~A34.K_14R.png,train,/data5/chensx/MyProject/UAE/data/arrangement_merged/chr_14/183786.13~A34.K_14L.png,/data5/chensx/MyProject/UAE/data/arrangement_merged/chr_14/183786.13~A34.K_14R.png,0,-0.1182695682060079,,0.0011903047561645,1.6624236123834952,chromosome
0,0.0008828043937683,183786,183786.13~A43.K_14,14,,normal,183786.13~A43.K_14L.png,183786.13~A43.K_14R.png,train,/data5/chensx/MyProject/UAE/data/arrangement_merged/chr_14/183786.13~A43.K_14L.png,/data5/chensx/MyProject/UAE/data/arrangement_merged/chr_14/183786.13~A43.K_14R.png,0,-0.2786317233040172,,0.0008828043937683,-0.35323793274591425,chromosome
0,0.0007812976837158,183786,183786.14~A17.K_14,14,,normal,183786.14~A17.K_14L.png,183786.14~A17.K_14R.png,train,/data5/chensx/MyProject/UAE/data/arrangement_merged/chr_14/183786.14~A17.K_14L.png,/data5/chensx/MyProject/UAE/data/arrangement_merged/chr_14/183786.14~A17.K_14R.png,0,-0.331567708985721,,0.0007812976837158,-1.0186133177732768,chromosome
0,0.0010360479354858,183786,183786.14~A24.K_14,14,,normal,183786.14~A24.K_14L.png,183786.14~A24.K_14R.png,train,/data5/chensx/MyProject/UAE/data/arrangement_merged/chr_14/183786.14~A24.K_14L.png,/data5/chensx/MyProject/UAE/data/arrangement_merged/chr_14/183786.14~A24.K_14R.png,0,-0.1987148594240052,,0.0010360479354858,0.6512718235106076,chromosome
0,0.0009877681732177,183786,183786.14~A38.K_14,14,,normal,183786.14~A38.K_14L.png,183786.14~A38.K_14R.png,train,/data5/chensx/MyProject/UAE/data/arrangement_merged/chr_14/183786.14~A38.K_14L.png,/data5/chensx/MyProject/UAE/data/arrangement_merged/chr_14/183786.14~A38.K_14R.png,0,-0.2238928678809518,,0.0009877681732177,0.3347985047363933,chromosome
0,0.0008153319358825,183786,183786.14~A39.K_14,14,,normal,183786.14~A39.K_14L.png,183786.14~A39.K_14R.png,train,/data5/chensx/MyProject/UAE/data/arrangement_merged/chr_14/183786.14~A39.K_14L.png,/data5/chensx/MyProject/UAE/data/arrangement_merged/chr_14/183786.14~A39.K_14R.png,0,-0.3138187672216265,,0.0008153319358825,-0.7955191634279744,chromosome
0,0.0010156035423278,183786,183786.1~A44.K_14,14,,normal,183786.1~A44.K_14L.png,183786.1~A44.K_14R.png,train,/data5/chensx/MyProject/UAE/data/arrangement_merged/chr_14/183786.1~A44.K_14L.png,/data5/chensx/MyProject/UAE/data/arrangement_merged/chr_14/183786.1~A44.K_14R.png,0,-0.209376658066885,,0.0010156035423278,0.5172590477825859,chromosome
0,0.0009546279907226,183786,183786.2~A14.K_14,14,,normal,183786.2~A14.K_14L.png,183786.2~A14.K_14R.png,train,/data5/chensx/MyProject/UAE/data/arrangement_merged/chr_14/183786.2~A14.K_14L.png,/data5/chensx/MyProject/UAE/data/arrangement_merged/chr_14/183786.2~A14.K_14R.png,0,-0.2411755502291769,,0.0009546279907226,0.11756496740522145,chromosome
0,0.0010247230529785,183786,183786.2~A4.K_14,14,,normal,183786.2~A4.K_14L.png,183786.2~A4.K_14R.png,train,/data5/chensx/MyProject/UAE/data/arrangement_merged/chr_14/183786.2~A4.K_14L.png,/data5/chensx/MyProject/UAE/data/arrangement_merged/chr_14/183786.2~A4.K_14R.png,0,-0.2046208120250174,,0.0010247230529785,0.5770373413292127,chromosome
0,0.0008286833763122,183786,183786.2~A49.K_14,14,,normal,183786.2~A49.K_14L.png,183786.2~A49.K_14R.png,train,/data5/chensx/MyProject/UAE/data/arrangement_merged/chr_14/183786.2~A49.K_14L.png,/data5/chensx/MyProject/UAE/data/arrangement_merged/chr_14/183786.2~A49.K_14R.png,0,-0.3068559599446437,,0.0008286833763122,-0.7080006160138491,chromosome
0,0.000949203968048,183786,183786.3~A1.K_14,14,,normal,183786.3~A1.K_14L.png,183786.3~A1.K_14R.png,train,/data5/chensx/MyProject/UAE/data/arrangement_merged/chr_14/183786.3~A1.K_14L.png,/data5/chensx/MyProject/UAE/data/arrangement_merged/chr_14/183786.3~A1.K_14R.png,0,-0.2440041906854511,,0.000949203968048,0.08201055751800787,chromosome
0,0.0009042024612426,183786,183786.3~A25.K_14,14,,normal,183786.3~A25.K_14L.png,183786.3~A25.K_14R.png,train,/data5/chensx/MyProject/UAE/data/arrangement_merged/chr_14/183786.3~A25.K_14L.png,/data5/chensx/MyProject/UAE/data/arrangement_merged/chr_14/183786.3~A25.K_14R.png,0,-0.26747258128421,,0.0009042024612426,-0.21297383220330027,chromosome
0,0.000779390335083,183786,183786.3~A36.K_14,14,,normal,183786.3~A36.K_14L.png,183786.3~A36.K_14R.png,train,/data5/chensx/MyProject/UAE/data/arrangement_merged/chr_14/183786.3~A36.K_14L.png,/data5/chensx/MyProject/UAE/data/arrangement_merged/chr_14/183786.3~A36.K_14R.png,0,-0.3325623957395757,,0.000779390335083,-1.0311159674037726,chromosome
0,0.0009375214576721,183786,183786.3~A37.K_14,14,,normal,183786.3~A37.K_14L.png,183786.3~A37.K_14R.png,train,/data5/chensx/MyProject/UAE/data/arrangement_merged/chr_14/183786.3~A37.K_14L.png,/data5/chensx/MyProject/UAE/data/arrangement_merged/chr_14/183786.3~A37.K_14R.png,0,-0.250096647052811,,0.0009375214576721,0.005431828531222171,chromosome
0,0.0009335875511169,183786,183786.3~A44.K_14,14,,normal,183786.3~A44.K_14L.png,183786.3~A44.K_14R.png,train,/data5/chensx/MyProject/UAE/data/arrangement_merged/chr_14/183786.3~A44.K_14L.png,/data5/chensx/MyProject/UAE/data/arrangement_merged/chr_14/183786.3~A44.K_14R.png,0,-0.2521481884826363,,0.0009335875511169,-0.020354886332002494,chromosome
0,0.0008879899978637,183786,183786.4~A49.K_14,14,,normal,183786.4~A49.K_14L.png,183786.4~A49.K_14R.png,train,/data5/chensx/MyProject/UAE/data/arrangement_merged/chr_14/183786.4~A49.K_14L.png,/data5/chensx/MyProject/UAE/data/arrangement_merged/chr_14/183786.4~A49.K_14R.png,0,-0.2759274186919748,,0.0008879899978637,-0.31924635406316815,chromosome
0,0.000903844833374,183786,183786.5~A1.K_14,14,,normal,183786.5~A1.K_14L.png,183786.5~A1.K_14R.png,train,/data5/chensx/MyProject/UAE/data/arrangement_merged/chr_14/183786.5~A1.K_14L.png,/data5/chensx/MyProject/UAE/data/arrangement_merged/chr_14/183786.5~A1.K_14R.png,0,-0.2676590850505577,,0.000903844833374,-0.2153180790086903,chromosome
0,0.0009973049163818,183786,183786.5~A31.K_14,14,,normal,183786.5~A31.K_14L.png,183786.5~A31.K_14R.png,train,/data5/chensx/MyProject/UAE/data/arrangement_merged/chr_14/183786.5~A31.K_14L.png,/data5/chensx/MyProject/UAE/data/arrangement_merged/chr_14/183786.5~A31.K_14R.png,0,-0.2189194341116784,,0.0009973049163818,0.39731175288952686,chromosome
0,0.0009909868240356,183786,183786.5~A33.K_14,14,,normal,183786.5~A33.K_14L.png,183786.5~A33.K_14R.png,train,/data5/chensx/MyProject/UAE/data/arrangement_merged/chr_14/183786.5~A33.K_14L.png,/data5/chensx/MyProject/UAE/data/arrangement_merged/chr_14/183786.5~A33.K_14R.png,0,-0.222214333983822,,0.0009909868240356,0.35589672598818334,chromosome
0,0.0008811950683593,183786,183786.5~A42.K_14,14,,normal,183786.5~A42.K_14L.png,183786.5~A42.K_14R.png,train,/data5/chensx/MyProject/UAE/data/arrangement_merged/chr_14/183786.5~A42.K_14L.png,/data5/chensx/MyProject/UAE/data/arrangement_merged/chr_14/183786.5~A42.K_14R.png,0,-0.2794709902525821,,0.0008811950683593,-0.3637870433721369,chromosome
0,0.000762939453125,183786,183786.5~A44.K_14,14,,normal,183786.5~A44.K_14L.png,183786.5~A44.K_14R.png,train,/data5/chensx/MyProject/UAE/data/arrangement_merged/chr_14/183786.5~A44.K_14L.png,/data5/chensx/MyProject/UAE/data/arrangement_merged/chr_14/183786.5~A44.K_14R.png,0,-0.3411415689915723,,0.000762939453125,-1.1389513204674526,chromosome
0,0.0011613965034484,183786,183786.5~A6.K_14,14,,normal,183786.5~A6.K_14L.png,183786.5~A6.K_14R.png,train,/data5/chensx/MyProject/UAE/data/arrangement_merged/chr_14/183786.5~A6.K_14L.png,/data5/chensx/MyProject/UAE/data/arrangement_merged/chr_14/183786.5~A6.K_14R.png,0,-0.1333452893191179,,0.0011613965034484,1.4729303289198212,chromosome
0,0.0008067488670349,183786,183786.5~A8.K_14,14,,normal,183786.5~A8.K_14L.png,183786.5~A8.K_14R.png,train,/data5/chensx/MyProject/UAE/data/arrangement_merged/chr_14/183786.5~A8.K_14L.png,/data5/chensx/MyProject/UAE/data/arrangement_merged/chr_14/183786.5~A8.K_14R.png,0,-0.3182948576139726,,0.0008067488670349,-0.8517810867652044,chromosome
0,0.000795841217041,184752,184752.11~A43.K_14,14,,normal,184752.11~A43.K_14L.png,184752.11~A43.K_14R.png,train,/data5/chensx/MyProject/UAE/data/arrangement_merged/chr_14/184752.11~A43.K_14L.png,/data5/chensx/MyProject/UAE/data/arrangement_merged/chr_14/184752.11~A43.K_14R.png,0,-0.6064666770399663,,0.000795841217041,-0.9232806143400925,chromosome
0,0.0008870363235473,184752,184752.13~A19.K_14,14,,normal,184752.13~A19.K_14L.png,184752.13~A19.K_14R.png,train,/data5/chensx/MyProject/UAE/data/arrangement_merged/chr_14/184752.13~A19.K_14L.png,/data5/chensx/MyProject/UAE/data/arrangement_merged/chr_14/184752.13~A19.K_14R.png,0,-0.4618024299537649,,0.0008870363235473,-0.3254976788784164,chromosome
0,0.0008367300033569,184752,184752.13~A20.K_14,14,,normal,184752.13~A20.K_14L.png,184752.13~A20.K_14R.png,train,/data5/chensx/MyProject/UAE/data/arrangement_merged/chr_14/184752.13~A20.K_14L.png,/data5/chensx/MyProject/UAE/data/arrangement_merged/chr_14/184752.13~A20.K_14R.png,0,-0.5416041453398786,,0.0008367300033569,-0.6552550628847044,chromosome
0,0.0009835958480834,184752,184752.14~A10.K_14,14,,normal,184752.14~A10.K_14L.png,184752.14~A10.K_14R.png,train,/data5/chensx/MyProject/UAE/data/arrangement_merged/chr_14/184752.14~A10.K_14L.png,/data5/chensx/MyProject/UAE/data/arrangement_merged/chr_14/184752.14~A10.K_14R.png,0,-0.3086285212742576,,0.0009835958480834,0.30744895866935706,chromosome
0,0.0009292960166931,184752,184752.14~A14.K_14,14,,normal,184752.14~A14.K_14L.png,184752.14~A14.K_14R.png,train,/data5/chensx/MyProject/UAE/data/arrangement_merged/chr_14/184752.14~A14.K_14L.png,/data5/chensx/MyProject/UAE/data/arrangement_merged/chr_14/184752.14~A14.K_14R.png,0,-0.3947652069576101,,0.0009292960166931,-0.0484858480006179,chromosome
0,0.0011144876480102,184752,184752.14~A43.K_14,14,,normal,184752.14~A43.K_14L.png,184752.14~A43.K_14R.png,train,/data5/chensx/MyProject/UAE/data/arrangement_merged/chr_14/184752.14~A43.K_14L.png,/data5/chensx/MyProject/UAE/data/arrangement_merged/chr_14/184752.14~A43.K_14R.png,0,-0.1009927783975921,,0.0011144876480102,1.1654432895680167,chromosome
0,0.0008798241615295,184752,184752.2~A30.K_14,14,,normal,184752.2~A30.K_14L.png,184752.2~A30.K_14R.png,train,/data5/chensx/MyProject/UAE/data/arrangement_merged/chr_14/184752.2~A30.K_14L.png,/data5/chensx/MyProject/UAE/data/arrangement_merged/chr_14/184752.2~A30.K_14R.png,0,-0.4732431972069874,,0.0008798241615295,-0.37277332279389136,chromosome
0,0.0005685687065124,184752,184752.2~A50.K_14,14,,normal,184752.2~A50.K_14L.png,184752.2~A50.K_14R.png,train,/data5/chensx/MyProject/UAE/data/arrangement_merged/chr_14/184752.2~A50.K_14L.png,/data5/chensx/MyProject/UAE/data/arrangement_merged/chr_14/184752.2~A50.K_14R.png,0,-0.9669926732096956,,0.0005685687065124,-2.413049459383831,chromosome
0,0.0008385181427001,184752,184752.3~A13.K_14,14,,normal,184752.3~A13.K_14L.png,184752.3~A13.K_14R.png,train,/data5/chensx/MyProject/UAE/data/arrangement_merged/chr_14/184752.3~A13.K_14L.png,/data5/chensx/MyProject/UAE/data/arrangement_merged/chr_14/184752.3~A13.K_14R.png,0,-0.5387675914754433,,0.0008385181427001,-0.6435338288564423,chromosome
0,0.0009094476699829,184752,184752.3~A16.K_14,14,,normal,184752.3~A16.K_14L.png,184752.3~A16.K_14R.png,train,/data5/chensx/MyProject/UAE/data/arrangement_merged/chr_14/184752.3~A16.K_14L.png,/data5/chensx/MyProject/UAE/data/arrangement_merged/chr_14/184752.3~A16.K_14R.png,0,-0.4262509548528422,,0.0009094476699829,-0.17859154571878205,chromosome
0,0.0010273456573486,184752,184752.4~A27.K_14,14,,normal,184752.4~A27.K_14L.png,184752.4~A27.K_14R.png,train,/data5/chensx/MyProject/UAE/data/arrangement_merged/chr_14/184752.4~A27.K_14L.png,/data5/chensx/MyProject/UAE/data/arrangement_merged/chr_14/184752.4~A27.K_14R.png,0,-0.2392275033910734,,0.0010273456573486,0.5942284845711445,chromosome
0,0.0009077787399291,184793,184793.11~A18.K_14,14,,normal,184793.11~A18.K_14L.png,184793.11~A18.K_14R.png,train,/data5/chensx/MyProject/UAE/data/arrangement_merged/chr_14/184793.11~A18.K_14L.png,/data5/chensx/MyProject/UAE/data/arrangement_merged/chr_14/184793.11~A18.K_14R.png,0,-0.5313202363371443,,0.0009077787399291,-0.18953136414612087,chromosome
0,0.0009514689445495,184793,184793.12~A12.K_14,14,,normal,184793.12~A12.K_14L.png,184793.12~A12.K_14R.png,train,/data5/chensx/MyProject/UAE/data/arrangement_merged/chr_14/184793.12~A12.K_14L.png,/data5/chensx/MyProject/UAE/data/arrangement_merged/chr_14/184793.12~A12.K_14R.png,0,-0.4758153315577706,,0.0009514689445495,0.09685745395454967,chromosome
0,0.0007862448692321,184793,184793.12~A27.K_14,14,,normal,184793.12~A27.K_14L.png,184793.12~A27.K_14R.png,train,/data5/chensx/MyProject/UAE/data/arrangement_merged/chr_14/184793.12~A27.K_14L.png,/data5/chensx/MyProject/UAE/data/arrangement_merged/chr_14/184793.12~A27.K_14R.png,0,-0.6857192825105998,,0.0007862448692321,-0.9861845702943429,chromosome
0,0.0008914470672607,184793,184793.12~A32.K_14,14,,normal,184793.12~A32.K_14L.png,184793.12~A32.K_14R.png,train,/data5/chensx/MyProject/UAE/data/arrangement_merged/chr_14/184793.12~A32.K_14L.png,/data5/chensx/MyProject/UAE/data/arrangement_merged/chr_14/184793.12~A32.K_14R.png,0,-0.5520683180691339,,0.0008914470672607,-0.29658530160756724,chromosome
0,0.001096487045288,184793,184793.12~A38.K_14,14,,normal,184793.12~A38.K_14L.png,184793.12~A38.K_14R.png,train,/data5/chensx/MyProject/UAE/data/arrangement_merged/chr_14/184793.12~A38.K_14L.png,/data5/chensx/MyProject/UAE/data/arrangement_merged/chr_14/184793.12~A38.K_14R.png,0,-0.2915814525288266,,0.001096487045288,1.0474495336792322,chromosome
0,0.000870943069458,184793,184793.12~A42.K_14,14,,normal,184793.12~A42.K_14L.png,184793.12~A42.K_14R.png,train,/data5/chensx/MyProject/UAE/data/arrangement_merged/chr_14/184793.12~A42.K_14L.png,/data5/chensx/MyProject/UAE/data/arrangement_merged/chr_14/184793.12~A42.K_14R.png,0,-0.5781170046231646,,0.000870943069458,-0.43098878513605055,chromosome
0,0.001171052455902,184793,184793.13~A10.K_14,14,,normal,184793.13~A10.K_14L.png,184793.13~A10.K_14R.png,train,/data5/chensx/MyProject/UAE/data/arrangement_merged/chr_14/184793.13~A10.K_14L.png,/data5/chensx/MyProject/UAE/data/arrangement_merged/chr_14/184793.13~A10.K_14R.png,0,-0.1968520720663485,,0.001171052455902,1.5362249926745335,chromosome
0,0.000822365283966,184793,184793.13~A16.K_14,14,,normal,184793.13~A16.K_14L.png,184793.13~A16.K_14R.png,train,/data5/chensx/MyProject/UAE/data/arrangement_merged/chr_14/184793.13~A16.K_14L.png,/data5/chensx/MyProject/UAE/data/arrangement_merged/chr_14/184793.13~A16.K_14R.png,0,-0.6398311893369293,,0.000822365283966,-0.7494156429151934,chromosome
0,0.0008713006973266,184793,184793.13~A43.K_14,14,,normal,184793.13~A43.K_14L.png,184793.13~A43.K_14R.png,train,/data5/chensx/MyProject/UAE/data/arrangement_merged/chr_14/184793.13~A43.K_14L.png,/data5/chensx/MyProject/UAE/data/arrangement_merged/chr_14/184793.13~A43.K_14R.png,0,-0.5776626670669897,,0.0008713006973266,-0.4286445383306605,chromosome
0,0.0007961988449096,184793,184793.14~A14.K_14,14,,normal,184793.14~A14.K_14L.png,184793.14~A14.K_14R.png,train,/data5/chensx/MyProject/UAE/data/arrangement_merged/chr_14/184793.14~A14.K_14L.png,/data5/chensx/MyProject/UAE/data/arrangement_merged/chr_14/184793.14~A14.K_14R.png,0,-0.6730735538637301,,0.0007961988449096,-0.9209363675347024,chromosome
0,0.0009362697601318,184793,184793.14~A26.K_14,14,,normal,184793.14~A26.K_14L.png,184793.14~A26.K_14R.png,train,/data5/chensx/MyProject/UAE/data/arrangement_merged/chr_14/184793.14~A26.K_14L.png,/data5/chensx/MyProject/UAE/data/arrangement_merged/chr_14/184793.14~A26.K_14R.png,0,-0.4951246776952062,,0.0009362697601318,-0.0027730352889537885,chromosome
0,0.0008491873741149,184793,184793.14~A27.K_14,14,,normal,184793.14~A27.K_14L.png,184793.14~A27.K_14R.png,train,/data5/chensx/MyProject/UAE/data/arrangement_merged/chr_14/184793.14~A27.K_14L.png,/data5/chensx/MyProject/UAE/data/arrangement_merged/chr_14/184793.14~A27.K_14R.png,0,-0.6057558726238077,,0.0008491873741149,-0.5735971324853658,chromosome
0,0.0007768869400024,184793,184793.14~A3.K_14,14,,normal,184793.14~A3.K_14L.png,184793.14~A3.K_14R.png,train,/data5/chensx/MyProject/UAE/data/arrangement_merged/chr_14/184793.14~A3.K_14L.png,/data5/chensx/MyProject/UAE/data/arrangement_merged/chr_14/184793.14~A3.K_14R.png,0,-0.6976077818971776,,0.0007768869400024,-1.0475256950441258,chromosome
0,0.0008915662765502,184793,184793.14~A30.K_14,14,,normal,184793.14~A30.K_14L.png,184793.14~A30.K_14R.png,train,/data5/chensx/MyProject/UAE/data/arrangement_merged/chr_14/184793.14~A30.K_14L.png,/data5/chensx/MyProject/UAE/data/arrangement_merged/chr_14/184793.14~A30.K_14R.png,0,-0.5519168722170756,,0.0008915662765502,-0.2958038860059888,chromosome
0,0.0008851885795593,184793,184793.14~A32.K_14,14,,normal,184793.14~A32.K_14L.png,184793.14~A32.K_14R.png,train,/data5/chensx/MyProject/UAE/data/arrangement_merged/chr_14/184793.14~A32.K_14L.png,/data5/chensx/MyProject/UAE/data/arrangement_merged/chr_14/184793.14~A32.K_14R.png,0,-0.5600192253021956,,0.0008851885795593,-0.33760962070779466,chromosome
0,0.0008325576782226,184793,184793.14~A33.K_14,14,,normal,184793.14~A33.K_14L.png,184793.14~A33.K_14R.png,train,/data5/chensx/MyProject/UAE/data/arrangement_merged/chr_14/184793.14~A33.K_14L.png,/data5/chensx/MyProject/UAE/data/arrangement_merged/chr_14/184793.14~A33.K_14R.png,0,-0.6268825689859431,,0.0008325576782226,-0.6826046089517412,chromosome
0,0.0008458495140075,184793,184793.14~A4.K_14,14,,normal,184793.14~A4.K_14L.png,184793.14~A4.K_14R.png,train,/data5/chensx/MyProject/UAE/data/arrangement_merged/chr_14/184793.14~A4.K_14L.png,/data5/chensx/MyProject/UAE/data/arrangement_merged/chr_14/184793.14~A4.K_14R.png,0,-0.6099963564814406,,0.0008458495140075,-0.5954767693387336,chromosome
0,0.0006138086318969,184793,184793.14~A9.K_14,14,,normal,184793.14~A9.K_14L.png,184793.14~A9.K_14R.png,train,/data5/chensx/MyProject/UAE/data/arrangement_merged/chr_14/184793.14~A9.K_14L.png,/data5/chensx/MyProject/UAE/data/arrangement_merged/chr_14/184793.14~A9.K_14R.png,0,-0.9047857075129572,,0.0006138086318969,-2.1165022384587107,chromosome
0,0.0009710788726806,184793,184793.1~A26.K_14,14,,normal,184793.1~A26.K_14L.png,184793.1~A26.K_14R.png,train,/data5/chensx/MyProject/UAE/data/arrangement_merged/chr_14/184793.1~A26.K_14L.png,/data5/chensx/MyProject/UAE/data/arrangement_merged/chr_14/184793.1~A26.K_14R.png,0,-0.4509024888941773,,0.0009710788726806,0.22540032046890157,chromosome
0,0.0008108615875244,184793,184793.2~A4.K_14,14,,normal,184793.2~A4.K_14L.png,184793.2~A4.K_14R.png,train,/data5/chensx/MyProject/UAE/data/arrangement_merged/chr_14/184793.2~A4.K_14L.png,/data5/chensx/MyProject/UAE/data/arrangement_merged/chr_14/184793.2~A4.K_14R.png,0,-0.654445714060557,,0.0008108615875244,-0.8248222484992843,chromosome
0,0.0008113384246826,184793,184793.3~A8.K_14,14,,normal,184793.3~A8.K_14L.png,184793.3~A8.K_14R.png,train,/data5/chensx/MyProject/UAE/data/arrangement_merged/chr_14/184793.3~A8.K_14L.png,/data5/chensx/MyProject/UAE/data/arrangement_merged/chr_14/184793.3~A8.K_14R.png,0,-0.6538399306523237,,0.0008113384246826,-0.8216965860916606,chromosome
0,0.0007666945457458,185290,185290.11~A25.K_14,14,,normal,185290.11~A25.K_14L.png,185290.11~A25.K_14R.png,train,/data5/chensx/MyProject/UAE/data/arrangement_merged/chr_14/185290.11~A25.K_14L.png,/data5/chensx/MyProject/UAE/data/arrangement_merged/chr_14/185290.11~A25.K_14R.png,0,-0.7139856566070286,,0.0007666945457458,-1.1143367290075787,chromosome
0,0.0009865164756774,185290,185290.11~A27.K_14,14,,normal,185290.11~A27.K_14L.png,185290.11~A27.K_14R.png,train,/data5/chensx/MyProject/UAE/data/arrangement_merged/chr_14/185290.11~A27.K_14L.png,/data5/chensx/MyProject/UAE/data/arrangement_merged/chr_14/185290.11~A27.K_14R.png,0,-0.4204981702858576,,0.0009865164756774,0.3265936409162173,chromosome
0,0.0009808540344238,185290,185290.11~A38.K_14,14,,normal,185290.11~A38.K_14L.png,185290.11~A38.K_14R.png,train,/data5/chensx/MyProject/UAE/data/arrangement_merged/chr_14/185290.11~A38.K_14L.png,/data5/chensx/MyProject/UAE/data/arrangement_merged/chr_14/185290.11~A38.K_14R.png,0,-0.4280581787458661,,0.0009808540344238,0.2894763998258467,chromosome
0,0.0009028315544128,185290,185290.12~A12.K_14,14,,normal,185290.12~A12.K_14L.png,185290.12~A12.K_14R.png,train,/data5/chensx/MyProject/UAE/data/arrangement_merged/chr_14/185290.12~A12.K_14L.png,/data5/chensx/MyProject/UAE/data/arrangement_merged/chr_14/185290.12~A12.K_14R.png,0,-0.5322271374211407,,0.0009028315544128,-0.2219601116250554,chromosome
0,0.000982642173767,185290,185290.12~A33.K_14,14,,normal,185290.12~A33.K_14L.png,185290.12~A33.K_14R.png,train,/data5/chensx/MyProject/UAE/data/arrangement_merged/chr_14/185290.12~A33.K_14L.png,/data5/chensx/MyProject/UAE/data/arrangement_merged/chr_14/185290.12~A33.K_14R.png,0,-0.4256708076532318,,0.000982642173767,0.3011976338541095,chromosome
0,0.0008292198181152,185290,185290.12~A35.K_14,14,,normal,185290.12~A35.K_14L.png,185290.12~A35.K_14R.png,train,/data5/chensx/MyProject/UAE/data/arrangement_merged/chr_14/185290.12~A35.K_14L.png,/data5/chensx/MyProject/UAE/data/arrangement_merged/chr_14/185290.12~A35.K_14R.png,0,-0.6305072474012509,,0.0008292198181152,-0.7044842458051084,chromosome
0,0.0008190870285034,185290,185290.12~A49.K_14,14,,normal,185290.12~A49.K_14L.png,185290.12~A49.K_14R.png,train,/data5/chensx/MyProject/UAE/data/arrangement_merged/chr_14/185290.12~A49.K_14L.png,/data5/chensx/MyProject/UAE/data/arrangement_merged/chr_14/185290.12~A49.K_14R.png,0,-0.644035683592845,,0.0008190870285034,-0.7709045719674443,chromosome
0,0.0008856654167175,185290,185290.12~A5.K_14,14,,normal,185290.12~A5.K_14L.png,185290.12~A5.K_14R.png,train,/data5/chensx/MyProject/UAE/data/arrangement_merged/chr_14/185290.12~A5.K_14L.png,/data5/chensx/MyProject/UAE/data/arrangement_merged/chr_14/185290.12~A5.K_14R.png,0,-0.5551458999104296,,0.0008856654167175,-0.33448395830017086,chromosome
0,0.0010446310043334,185290,185290.12~A50.K_14,14,,normal,185290.12~A50.K_14L.png,185290.12~A50.K_14R.png,train,/data5/chensx/MyProject/UAE/data/arrangement_merged/chr_14/185290.12~A50.K_14L.png,/data5/chensx/MyProject/UAE/data/arrangement_merged/chr_14/185290.12~A50.K_14R.png,0,-0.3429086097752443,,0.0010446310043334,0.7075337468478384,chromosome
0,0.0007820725440979,185290,185290.12~A7.K_14,14,,normal,185290.12~A7.K_14L.png,185290.12~A7.K_14R.png,train,/data5/chensx/MyProject/UAE/data/arrangement_merged/chr_14/185290.12~A7.K_14L.png,/data5/chensx/MyProject/UAE/data/arrangement_merged/chr_14/185290.12~A7.K_14R.png,0,-0.693454265210374,,0.0007820725440979,-1.0135341163607245,chromosome
0,0.0010137557983398,185290,185290.12~A8.K_14,14,,normal,185290.12~A8.K_14L.png,185290.12~A8.K_14R.png,train,/data5/chensx/MyProject/UAE/data/arrangement_merged/chr_14/185290.12~A8.K_14L.png,/data5/chensx/MyProject/UAE/data/arrangement_merged/chr_14/185290.12~A8.K_14R.png,0,-0.3841305506413958,,0.0010137557983398,0.505147105953207,chromosome
0,0.0010145902633666,185290,185290.13~A13.K_14,14,,normal,185290.13~A13.K_14L.png,185290.13~A13.K_14R.png,train,/data5/chensx/MyProject/UAE/data/arrangement_merged/chr_14/185290.13~A13.K_14L.png,/data5/chensx/MyProject/UAE/data/arrangement_merged/chr_14/185290.13~A13.K_14R.png,0,-0.3830164441314998,,0.0010145902633666,0.5106170151662208,chromosome
0,0.000974416732788,185290,185290.13~A26.K_14,14,,normal,185290.13~A26.K_14L.png,185290.13~A26.K_14R.png,train,/data5/chensx/MyProject/UAE/data/arrangement_merged/chr_14/185290.13~A26.K_14L.png,/data5/chensx/MyProject/UAE/data/arrangement_merged/chr_14/185290.13~A26.K_14R.png,0,-0.4366527146793494,,0.000974416732788,0.24727995732226873,chromosome
0,0.0008975267410278,185290,185290.13~A28.K_14,14,,normal,185290.13~A28.K_14L.png,185290.13~A28.K_14R.png,train,/data5/chensx/MyProject/UAE/data/arrangement_merged/chr_14/185290.13~A28.K_14L.png,/data5/chensx/MyProject/UAE/data/arrangement_merged/chr_14/185290.13~A28.K_14R.png,0,-0.5393096716626223,,0.0008975267410278,-0.2567331059100345,chromosome
0,0.000769019126892,185290,185290.13~A30.K_14,14,,normal,185290.13~A30.K_14L.png,185290.13~A30.K_14R.png,train,/data5/chensx/MyProject/UAE/data/arrangement_merged/chr_14/185290.13~A30.K_14L.png,/data5/chensx/MyProject/UAE/data/arrangement_merged/chr_14/185290.13~A30.K_14R.png,0,-0.7108820741866041,,0.000769019126892,-1.099099124770576,chromosome
0,0.0007991790771484,185290,185290.13~A35.K_14,14,,normal,185290.13~A35.K_14L.png,185290.13~A35.K_14R.png,train,/data5/chensx/MyProject/UAE/data/arrangement_merged/chr_14/185290.13~A35.K_14L.png,/data5/chensx/MyProject/UAE/data/arrangement_merged/chr_14/185290.13~A35.K_14R.png,0,-0.6706150817575064,,0.0007991790771484,-0.9014009774867253,chromosome
0,0.0008035898208618,185290,185290.13~A36.K_14,14,,normal,185290.13~A36.K_14L.png,185290.13~A36.K_14R.png,train,/data5/chensx/MyProject/UAE/data/arrangement_merged/chr_14/185290.13~A36.K_14L.png,/data5/chensx/MyProject/UAE/data/arrangement_merged/chr_14/185290.13~A36.K_14R.png,0,-0.6647262330623419,,0.0008035898208618,-0.8724886002158762,chromosome
0,0.0009899735450744,185290,185290.13~A46.K_14,14,,normal,185290.13~A46.K_14L.png,185290.13~A46.K_14R.png,train,/data5/chensx/MyProject/UAE/data/arrangement_merged/chr_14/185290.13~A46.K_14L.png,/data5/chensx/MyProject/UAE/data/arrangement_merged/chr_14/185290.13~A46.K_14R.png,0,-0.4158825861734314,,0.0009899735450744,0.3492546933718182,chromosome
0,0.0008449554443359,185290,185290.13~A6.K_14,14,,normal,185290.13~A6.K_14L.png,185290.13~A6.K_14R.png,train,/data5/chensx/MyProject/UAE/data/arrangement_merged/chr_14/185290.13~A6.K_14L.png,/data5/chensx/MyProject/UAE/data/arrangement_merged/chr_14/185290.13~A6.K_14R.png,0,-0.6094983817860694,,0.0008449554443359,-0.6013373863528643,chromosome
0,0.0010193586349487,185290,185290.13~A7.K_14,14,,normal,185290.13~A7.K_14L.png,185290.13~A7.K_14R.png,train,/data5/chensx/MyProject/UAE/data/arrangement_merged/chr_14/185290.13~A7.K_14L.png,/data5/chensx/MyProject/UAE/data/arrangement_merged/chr_14/185290.13~A7.K_14R.png,0,-0.3766501212178085,,0.0010193586349487,0.5418736392431153,chromosome
0,0.0009247660636901,185290,185290.14~A27.K_14,14,,normal,185290.14~A27.K_14L.png,185290.14~A27.K_14R.png,train,/data5/chensx/MyProject/UAE/data/arrangement_merged/chr_14/185290.14~A27.K_14L.png,/data5/chensx/MyProject/UAE/data/arrangement_merged/chr_14/185290.14~A27.K_14R.png,0,-0.5029420520181606,,0.0009247660636901,-0.0781796408737001,chromosome
0,0.0009395480155944,185290,185290.14~A31.K_14,14,,normal,185290.14~A31.K_14L.png,185290.14~A31.K_14R.png,train,/data5/chensx/MyProject/UAE/data/arrangement_merged/chr_14/185290.14~A31.K_14L.png,/data5/chensx/MyProject/UAE/data/arrangement_merged/chr_14/185290.14~A31.K_14R.png,0,-0.4832064509857174,,0.0009395480155944,0.018715893763296475,chromosome
0,0.0010058879852294,185290,185290.14~A44.K_14,14,,normal,185290.14~A44.K_14L.png,185290.14~A44.K_14R.png,train,/data5/chensx/MyProject/UAE/data/arrangement_merged/chr_14/185290.14~A44.K_14L.png,/data5/chensx/MyProject/UAE/data/arrangement_merged/chr_14/185290.14~A44.K_14R.png,0,-0.3946349834489865,,0.0010058879852294,0.45357367622675765,chromosome
0,0.0008931756019592,185290,185290.14~A47.K_14,14,,normal,185290.14~A47.K_14L.png,185290.14~A47.K_14R.png,train,/data5/chensx/MyProject/UAE/data/arrangement_merged/chr_14/185290.14~A47.K_14L.png,/data5/chensx/MyProject/UAE/data/arrangement_merged/chr_14/185290.14~A47.K_14R.png,0,-0.5451189413213657,,0.0008931756019592,-0.2852547753797668,chromosome
0,0.0009258985519409,185290,185290.1~A31.K_14,14,,normal,185290.1~A31.K_14L.png,185290.1~A31.K_14R.png,train,/data5/chensx/MyProject/UAE/data/arrangement_merged/chr_14/185290.1~A31.K_14L.png,/data5/chensx/MyProject/UAE/data/arrangement_merged/chr_14/185290.1~A31.K_14R.png,0,-0.5014300503261588,,0.0009258985519409,-0.07075619265510191,chromosome
0,0.001196265220642,185290,185290.1~A32.K_14,14,,normal,185290.1~A32.K_14L.png,185290.1~A32.K_14R.png,train,/data5/chensx/MyProject/UAE/data/arrangement_merged/chr_14/185290.1~A32.K_14L.png,/data5/chensx/MyProject/UAE/data/arrangement_merged/chr_14/185290.1~A32.K_14R.png,0,-0.1404595411198596,,0.001196265220642,1.7014943924787942,chromosome
0,0.0010457038879394,185290,185290.1~A35.K_14,14,,normal,185290.1~A35.K_14L.png,185290.1~A35.K_14R.png,train,/data5/chensx/MyProject/UAE/data/arrangement_merged/chr_14/185290.1~A35.K_14L.png,/data5/chensx/MyProject/UAE/data/arrangement_merged/chr_14/185290.1~A35.K_14R.png,0,-0.3414761871196638,,0.0010457038879394,0.7145664872653197,chromosome
0,0.0008817911148071,185290,185290.2~A19.K_14,14,,normal,185290.2~A19.K_14L.png,185290.2~A19.K_14R.png,train,/data5/chensx/MyProject/UAE/data/arrangement_merged/chr_14/185290.2~A19.K_14L.png,/data5/chensx/MyProject/UAE/data/arrangement_merged/chr_14/185290.2~A19.K_14R.png,0,-0.5603185372778038,,0.0008817911148071,-0.35987996536227934,chromosome
0,0.000852346420288,185290,185290.3~A26.K_14,14,,normal,185290.3~A26.K_14L.png,185290.3~A26.K_14R.png,train,/data5/chensx/MyProject/UAE/data/arrangement_merged/chr_14/185290.3~A26.K_14L.png,/data5/chensx/MyProject/UAE/data/arrangement_merged/chr_14/185290.3~A26.K_14R.png,0,-0.5996305812698478,,0.000852346420288,-0.552889619034694,chromosome
0,0.0010870695114135,185290,185290.3~A32.K_14,14,,normal,185290.3~A32.K_14L.png,185290.3~A32.K_14R.png,train,/data5/chensx/MyProject/UAE/data/arrangement_merged/chr_14/185290.3~A32.K_14L.png,/data5/chensx/MyProject/UAE/data/arrangement_merged/chr_14/185290.3~A32.K_14R.png,0,-0.2862483358433914,,0.0010870695114135,0.9857177011283323,chromosome
0,0.0008689761161804,185290,185290.4~A11.K_14,14,,normal,185290.4~A11.K_14L.png,185290.4~A11.K_14R.png,train,/data5/chensx/MyProject/UAE/data/arrangement_merged/chr_14/185290.4~A11.K_14L.png,/data5/chensx/MyProject/UAE/data/arrangement_merged/chr_14/185290.4~A11.K_14R.png,0,-0.5774280301083493,,0.0008689761161804,-0.44388214256766323,chromosome
0,0.0008743405342102,185290,185290.4~A15.K_14,14,,normal,185290.4~A15.K_14L.png,185290.4~A15.K_14R.png,train,/data5/chensx/MyProject/UAE/data/arrangement_merged/chr_14/185290.4~A15.K_14L.png,/data5/chensx/MyProject/UAE/data/arrangement_merged/chr_14/185290.4~A15.K_14R.png,0,-0.5702659168304465,,0.0008743405342102,-0.4087184404815665,chromosome
0,0.0009427070617675,185290,185290.4~A18.K_14,14,,normal,185290.4~A18.K_14L.png,185290.4~A18.K_14R.png,train,/data5/chensx/MyProject/UAE/data/arrangement_merged/chr_14/185290.4~A18.K_14L.png,/data5/chensx/MyProject/UAE/data/arrangement_merged/chr_14/185290.4~A18.K_14R.png,0,-0.4789887620553968,,0.0009427070617675,0.039423407213968246,chromosome
0,0.0008419752120971,185290,185290.4~A28.K_14,14,,normal,185290.4~A28.K_14L.png,185290.4~A28.K_14R.png,train,/data5/chensx/MyProject/UAE/data/arrangement_merged/chr_14/185290.4~A28.K_14L.png,/data5/chensx/MyProject/UAE/data/arrangement_merged/chr_14/185290.4~A28.K_14R.png,0,-0.6134773336071265,,0.0008419752120971,-0.6208727764008414,chromosome
0,0.0008941292762756,185290,185290.4~A29.K_14,14,,normal,185290.4~A29.K_14L.png,185290.4~A29.K_14R.png,train,/data5/chensx/MyProject/UAE/data/arrangement_merged/chr_14/185290.4~A29.K_14L.png,/data5/chensx/MyProject/UAE/data/arrangement_merged/chr_14/185290.4~A29.K_14R.png,0,-0.5438456767386275,,0.0008941292762756,-0.27900345056451925,chromosome
0,0.0007082223892211,185290,185290.4~A37.K_14,14,,normal,185290.4~A37.K_14L.png,185290.4~A37.K_14R.png,train,/data5/chensx/MyProject/UAE/data/arrangement_merged/chr_14/185290.4~A37.K_14L.png,/data5/chensx/MyProject/UAE/data/arrangement_merged/chr_14/185290.4~A37.K_14R.png,0,-0.7920526913361687,,0.0007082223892211,-1.497621081745245,chromosome
0,0.0011086463928222,185290,185290.4~A9.K_14,14,,normal,185290.4~A9.K_14L.png,185290.4~A9.K_14R.png,train,/data5/chensx/MyProject/UAE/data/arrangement_merged/chr_14/185290.4~A9.K_14L.png,/data5/chensx/MyProject/UAE/data/arrangement_merged/chr_14/185290.4~A9.K_14R.png,0,-0.2574407246589381,,0.0011086463928222,1.1271539250742961,chromosome
0,0.0007062554359436,185824,185824.11~A10.K_14,14,,normal,185824.11~A10.K_14L.png,185824.11~A10.K_14R.png,train,/data5/chensx/MyProject/UAE/data/arrangement_merged/chr_14/185824.11~A10.K_14L.png,/data5/chensx/MyProject/UAE/data/arrangement_merged/chr_14/185824.11~A10.K_14R.png,0,-0.7481419624091427,,0.0007062554359436,-1.5105144391762018,chromosome
0,0.0009695887565612,185824,185824.11~A15.K_14,14,,normal,185824.11~A15.K_14L.png,185824.11~A15.K_14R.png,train,/data5/chensx/MyProject/UAE/data/arrangement_merged/chr_14/185824.11~A15.K_14L.png,/data5/chensx/MyProject/UAE/data/arrangement_merged/chr_14/185824.11~A15.K_14R.png,0,-0.4049754439012663,,0.0009695887565612,0.21563262544491338,chromosome
0,0.0007910728454589,185824,185824.11~A31.K_14,14,,normal,185824.11~A31.K_14L.png,185824.11~A31.K_14R.png,train,/data5/chensx/MyProject/UAE/data/arrangement_merged/chr_14/185824.11~A31.K_14L.png,/data5/chensx/MyProject/UAE/data/arrangement_merged/chr_14/185824.11~A31.K_14R.png,0,-0.6376109628987968,,0.0007910728454589,-0.9545372384169869,chromosome
0,0.0009024739265441,185824,185824.12~A12.K_14,14,,normal,185824.12~A12.K_14L.png,185824.12~A12.K_14R.png,train,/data5/chensx/MyProject/UAE/data/arrangement_merged/chr_14/185824.12~A12.K_14L.png,/data5/chensx/MyProject/UAE/data/arrangement_merged/chr_14/185824.12~A12.K_14R.png,0,-0.4924370780886516,,0.0009024739265441,-0.2243043584311007,chromosome
0,0.0009094476699829,185824,185824.12~A28.K_14,14,,normal,185824.12~A28.K_14L.png,185824.12~A28.K_14R.png,train,/data5/chensx/MyProject/UAE/data/arrangement_merged/chr_14/185824.12~A28.K_14L.png,/data5/chensx/MyProject/UAE/data/arrangement_merged/chr_14/185824.12~A28.K_14R.png,0,-0.4833491462947581,,0.0009094476699829,-0.17859154571878205,chromosome
0,0.0009723901748657,185824,185824.12~A31.K_14,14,,normal,185824.12~A31.K_14L.png,185824.12~A31.K_14R.png,train,/data5/chensx/MyProject/UAE/data/arrangement_merged/chr_14/185824.12~A31.K_14L.png,/data5/chensx/MyProject/UAE/data/arrangement_merged/chr_14/185824.12~A31.K_14R.png,0,-0.4013247362575654,,0.0009723901748657,0.23399589209019514,chromosome
0,0.0008368492126464,185824,185824.12~A38.K_14,14,,normal,185824.12~A38.K_14L.png,185824.12~A38.K_14R.png,train,/data5/chensx/MyProject/UAE/data/arrangement_merged/chr_14/185824.12~A38.K_14L.png,/data5/chensx/MyProject/UAE/data/arrangement_merged/chr_14/185824.12~A38.K_14R.png,0,-0.5779568465081112,,0.0008368492126464,-0.6544736472831258,chromosome
0,0.0008625984191894,185824,185824.12~A48.K_14,14,,normal,185824.12~A48.K_14L.png,185824.12~A48.K_14R.png,train,/data5/chensx/MyProject/UAE/data/arrangement_merged/chr_14/185824.12~A48.K_14L.png,/data5/chensx/MyProject/UAE/data/arrangement_merged/chr_14/185824.12~A48.K_14R.png,0,-0.5444014060383505,,0.0008625984191894,-0.48568787727012436,chromosome
0,0.0009123682975769,185824,185824.12~A7.K_14,14,,normal,185824.12~A7.K_14L.png,185824.12~A7.K_14R.png,train,/data5/chensx/MyProject/UAE/data/arrangement_merged/chr_14/185824.12~A7.K_14L.png,/data5/chensx/MyProject/UAE/data/arrangement_merged/chr_14/185824.12~A7.K_14R.png,0,-0.4795430893896232,,0.0009123682975769,-0.1594468634719218,chromosome
0,0.0010198354721069,185824,185824.13~A1.K_14,14,,normal,185824.13~A1.K_14L.png,185824.13~A1.K_14R.png,train,/data5/chensx/MyProject/UAE/data/arrangement_merged/chr_14/185824.13~A1.K_14L.png,/data5/chensx/MyProject/UAE/data/arrangement_merged/chr_14/185824.13~A1.K_14R.png,0,-0.3394957302068027,,0.0010198354721069,0.5449993016507397,chromosome
0,0.0007439255714416,185824,185824.13~A14.K_14,14,,normal,185824.13~A14.K_14L.png,185824.13~A14.K_14R.png,train,/data5/chensx/MyProject/UAE/data/arrangement_merged/chr_14/185824.13~A14.K_14L.png,/data5/chensx/MyProject/UAE/data/arrangement_merged/chr_14/185824.13~A14.K_14R.png,0,-0.6990515957959743,,0.0007439255714416,-1.2635871089726032,chromosome
0,0.0010087490081787,185824,185824.13~A5.K_14,14,,normal,185824.13~A5.K_14L.png,185824.13~A5.K_14R.png,train,/data5/chensx/MyProject/UAE/data/arrangement_merged/chr_14/185824.13~A5.K_14L.png,/data5/chensx/MyProject/UAE/data/arrangement_merged/chr_14/185824.13~A5.K_14R.png,0,-0.3539432115201719,,0.0010087490081787,0.472327650673157,chromosome
0,0.0011801719665527,185824,185824.1~A10.K_14,14,,normal,185824.1~A10.K_14L.png,185824.1~A10.K_14R.png,train,/data5/chensx/MyProject/UAE/data/arrangement_merged/chr_14/185824.1~A10.K_14L.png,/data5/chensx/MyProject/UAE/data/arrangement_merged/chr_14/185824.1~A10.K_14R.png,0,-0.130550973577969,,0.0011801719665527,1.5960032862211586,chromosome
0,0.001071810722351,185824,185824.1~A11.K_14,14,,normal,185824.1~A11.K_14L.png,185824.1~A11.K_14R.png,train,/data5/chensx/MyProject/UAE/data/arrangement_merged/chr_14/185824.1~A11.K_14L.png,/data5/chensx/MyProject/UAE/data/arrangement_merged/chr_14/185824.1~A11.K_14R.png,0,-0.2717634522215451,,0.001071810722351,0.8856965040837119,chromosome
0,0.000893235206604,185824,185824.1~A18.K_14,14,,normal,185824.1~A18.K_14L.png,185824.1~A18.K_14R.png,train,/data5/chensx/MyProject/UAE/data/arrangement_merged/chr_14/185824.1~A18.K_14L.png,/data5/chensx/MyProject/UAE/data/arrangement_merged/chr_14/185824.1~A18.K_14R.png,0,-0.5044766458497927,,0.000893235206604,-0.28486406757864996,chromosome
0,0.0009332299232482,185824,185824.1~A39.K_14,14,,normal,185824.1~A39.K_14L.png,185824.1~A39.K_14R.png,train,/data5/chensx/MyProject/UAE/data/arrangement_merged/chr_14/185824.1~A39.K_14L.png,/data5/chensx/MyProject/UAE/data/arrangement_merged/chr_14/185824.1~A39.K_14R.png,0,-0.4523569686386597,,0.0009332299232482,-0.022699133138047778,chromosome
0,0.0009108185768127,185824,185824.2~A10.K_14,14,,normal,185824.2~A10.K_14L.png,185824.2~A10.K_14R.png,train,/data5/chensx/MyProject/UAE/data/arrangement_merged/chr_14/185824.2~A10.K_14L.png,/data5/chensx/MyProject/UAE/data/arrangement_merged/chr_14/185824.2~A10.K_14R.png,0,-0.4815626297882663,,0.0009108185768127,-0.16960526629702688,chromosome
0,0.0009933710098266,185824,185824.2~A11.K_14,14,,normal,185824.2~A11.K_14L.png,185824.2~A11.K_14R.png,train,/data5/chensx/MyProject/UAE/data/arrangement_merged/chr_14/185824.2~A11.K_14L.png,/data5/chensx/MyProject/UAE/data/arrangement_merged/chr_14/185824.2~A11.K_14R.png,0,-0.3739832662451678,,0.0009933710098266,0.3715250380263029,chromosome
0,0.0009710788726806,185824,185824.2~A14.K_14,14,,normal,185824.2~A14.K_14L.png,185824.2~A14.K_14R.png,train,/data5/chensx/MyProject/UAE/data/arrangement_merged/chr_14/185824.2~A14.K_14L.png,/data5/chensx/MyProject/UAE/data/arrangement_merged/chr_14/185824.2~A14.K_14R.png,0,-0.4030335781333403,,0.0009710788726806,0.22540032046890157,chromosome
0,0.0010653734207153,185824,185824.2~A17.K_14,14,,normal,185824.2~A17.K_14L.png,185824.2~A17.K_14R.png,train,/data5/chensx/MyProject/UAE/data/arrangement_merged/chr_14/185824.2~A17.K_14L.png,/data5/chensx/MyProject/UAE/data/arrangement_merged/chr_14/185824.2~A17.K_14R.png,0,-0.2801523123389853,,0.0010653734207153,0.8435000615807885,chromosome
0,0.0007557868957519,185824,185824.2~A2.K_14,14,,normal,185824.2~A2.K_14L.png,185824.2~A2.K_14R.png,train,/data5/chensx/MyProject/UAE/data/arrangement_merged/chr_14/185824.2~A2.K_14L.png,/data5/chensx/MyProject/UAE/data/arrangement_merged/chr_14/185824.2~A2.K_14R.png,0,-0.6835943442832836,,0.0007557868957519,-1.1858362565824667,chromosome
0,0.0006801486015319,185824,185824.2~A25.K_14,14,,normal,185824.2~A25.K_14L.png,185824.2~A25.K_14R.png,train,/data5/chensx/MyProject/UAE/data/arrangement_merged/chr_14/185824.2~A25.K_14L.png,/data5/chensx/MyProject/UAE/data/arrangement_merged/chr_14/185824.2~A25.K_14R.png,0,-0.7821634506632056,,0.0006801486015319,-1.6816444559952493,chromosome
0,0.0009467601776123,185824,185824.2~A27.K_14,14,,normal,185824.2~A27.K_14L.png,185824.2~A27.K_14R.png,train,/data5/chensx/MyProject/UAE/data/arrangement_merged/chr_14/185824.2~A27.K_14L.png,/data5/chensx/MyProject/UAE/data/arrangement_merged/chr_14/185824.2~A27.K_14R.png,0,-0.434724827465892,,0.0009467601776123,0.06599153767942738,chromosome
0,0.0007691383361816,185824,185824.2~A7.K_14,14,,normal,185824.2~A7.K_14L.png,185824.2~A7.K_14R.png,train,/data5/chensx/MyProject/UAE/data/arrangement_merged/chr_14/185824.2~A7.K_14L.png,/data5/chensx/MyProject/UAE/data/arrangement_merged/chr_14/185824.2~A7.K_14R.png,0,-0.666195227002667,,0.0007691383361816,-1.0983177091683423,chromosome
0,0.00098717212677,185824,185824.2~A8.K_14,14,,normal,185824.2~A8.K_14L.png,185824.2~A8.K_14R.png,train,/data5/chensx/MyProject/UAE/data/arrangement_merged/chr_14/185824.2~A8.K_14L.png,/data5/chensx/MyProject/UAE/data/arrangement_merged/chr_14/185824.2~A8.K_14R.png,0,-0.3820614278397399,,0.00098717212677,0.3308914267271917,chromosome
0,0.000781774520874,185824,185824.2~A9.K_14,14,,normal,185824.2~A9.K_14L.png,185824.2~A9.K_14R.png,train,/data5/chensx/MyProject/UAE/data/arrangement_merged/chr_14/185824.2~A9.K_14L.png,/data5/chensx/MyProject/UAE/data/arrangement_merged/chr_14/185824.2~A9.K_14R.png,0,-0.6497282052906548,,0.000781774520874,-1.015487655365653,chromosome
0,0.0010337233543395,185824,185824.3~A18.K_14,14,,normal,185824.3~A18.K_14L.png,185824.3~A18.K_14R.png,train,/data5/chensx/MyProject/UAE/data/arrangement_merged/chr_14/185824.3~A18.K_14L.png,/data5/chensx/MyProject/UAE/data/arrangement_merged/chr_14/185824.3~A18.K_14R.png,0,-0.3213975412497327,,0.0010337233543395,0.6360342192729503,chromosome
0,0.0008895993232727,185824,185824.3~A2.K_14,14,,normal,185824.3~A2.K_14L.png,185824.3~A2.K_14R.png,train,/data5/chensx/MyProject/UAE/data/arrangement_merged/chr_14/185824.3~A2.K_14L.png,/data5/chensx/MyProject/UAE/data/arrangement_merged/chr_14/185824.3~A2.K_14R.png,0,-0.509214798323532,,0.0008895993232727,-0.3086972434369462,chromosome
0,0.0009354352951049,185824,185824.3~A28.K_14,14,,normal,185824.3~A28.K_14L.png,185824.3~A28.K_14R.png,train,/data5/chensx/MyProject/UAE/data/arrangement_merged/chr_14/185824.3~A28.K_14L.png,/data5/chensx/MyProject/UAE/data/arrangement_merged/chr_14/185824.3~A28.K_14R.png,0,-0.4494830073021293,,0.0009354352951049,-0.008242944502623558,chromosome
0,0.0011159181594848,185824,185824.3~A41.K_14,14,,normal,185824.3~A41.K_14L.png,185824.3~A41.K_14R.png,train,/data5/chensx/MyProject/UAE/data/arrangement_merged/chr_14/185824.3~A41.K_14L.png,/data5/chensx/MyProject/UAE/data/arrangement_merged/chr_14/185824.3~A41.K_14R.png,0,-0.2142842254909366,,0.0011159181594848,1.1748202767908886,chromosome
0,0.000960350036621,185824,185824.3~A43.K_14,14,,normal,185824.3~A43.K_14L.png,185824.3~A43.K_14R.png,train,/data5/chensx/MyProject/UAE/data/arrangement_merged/chr_14/185824.3~A43.K_14L.png,/data5/chensx/MyProject/UAE/data/arrangement_merged/chr_14/185824.3~A43.K_14R.png,0,-0.4170150116624072,,0.000960350036621,0.15507291629670816,chromosome
0,0.0007612109184265,185824,185824.3~A46.K_14,14,,normal,185824.3~A46.K_14L.png,185824.3~A46.K_14R.png,train,/data5/chensx/MyProject/UAE/data/arrangement_merged/chr_14/185824.3~A46.K_14L.png,/data5/chensx/MyProject/UAE/data/arrangement_merged/chr_14/185824.3~A46.K_14R.png,0,-0.6765259528880331,,0.0007612109184265,-1.1502818466952531,chromosome
0,0.0011594295501708,186193,186193.11~A23.K_14,14,,normal,186193.11~A23.K_14L.png,186193.11~A23.K_14R.png,train,/data5/chensx/MyProject/UAE/data/arrangement_merged/chr_14/186193.11~A23.K_14L.png,/data5/chensx/MyProject/UAE/data/arrangement_merged/chr_14/186193.11~A23.K_14R.png,0,-0.2101316732829608,,0.0011594295501708,1.4600369714882087,chromosome
0,0.0007667541503906,186193,186193.12~A4.K_14,14,,normal,186193.12~A4.K_14L.png,186193.12~A4.K_14R.png,train,/data5/chensx/MyProject/UAE/data/arrangement_merged/chr_14/186193.12~A4.K_14L.png,/data5/chensx/MyProject/UAE/data/arrangement_merged/chr_14/186193.12~A4.K_14R.png,0,-0.6984479096253895,,0.0007667541503906,-1.1139460212064618,chromosome
0,0.0008176565170288,186193,186193.13~A11.K_14,14,,normal,186193.13~A11.K_14L.png,186193.13~A11.K_14R.png,train,/data5/chensx/MyProject/UAE/data/arrangement_merged/chr_14/186193.13~A11.K_14L.png,/data5/chensx/MyProject/UAE/data/arrangement_merged/chr_14/186193.13~A11.K_14R.png,0,-0.6351476567661858,,0.0008176565170288,-0.7802815591903156,chromosome
0,0.0009447336196899,186193,186193.13~A22.K_14,14,,normal,186193.13~A22.K_14L.png,186193.13~A22.K_14R.png,train,/data5/chensx/MyProject/UAE/data/arrangement_merged/chr_14/186193.13~A22.K_14L.png,/data5/chensx/MyProject/UAE/data/arrangement_merged/chr_14/186193.13~A22.K_14R.png,0,-0.4771193908460192,,0.0009447336196899,0.05270747244669781,chromosome
0,0.0009788870811462,186193,186193.13~A4.K_14,14,,normal,186193.13~A4.K_14L.png,186193.13~A4.K_14R.png,train,/data5/chensx/MyProject/UAE/data/arrangement_merged/chr_14/186193.13~A4.K_14L.png,/data5/chensx/MyProject/UAE/data/arrangement_merged/chr_14/186193.13~A4.K_14R.png,0,-0.4346474413280757,,0.0009788870811462,0.27658304239423404,chromosome
0,0.0008615255355834,186193,186193.13~A41.K_14,14,,normal,186193.13~A41.K_14L.png,186193.13~A41.K_14R.png,train,/data5/chensx/MyProject/UAE/data/arrangement_merged/chr_14/186193.13~A41.K_14L.png,/data5/chensx/MyProject/UAE/data/arrangement_merged/chr_14/186193.13~A41.K_14R.png,0,-0.5805938088687924,,0.0008615255355834,-0.49272061768760567,chromosome
0,0.0008231997489929,186193,186193.13~A5.K_14,14,,normal,186193.13~A5.K_14L.png,186193.13~A5.K_14R.png,train,/data5/chensx/MyProject/UAE/data/arrangement_merged/chr_14/186193.13~A5.K_14L.png,/data5/chensx/MyProject/UAE/data/arrangement_merged/chr_14/186193.13~A5.K_14R.png,0,-0.6282543037030641,,0.0008231997489929,-0.7439457337015243,chromosome
0,0.0009288191795349,186193,186193.1~A34.K_14,14,,normal,186193.1~A34.K_14L.png,186193.1~A34.K_14R.png,train,/data5/chensx/MyProject/UAE/data/arrangement_merged/chr_14/186193.1~A34.K_14L.png,/data5/chensx/MyProject/UAE/data/arrangement_merged/chr_14/186193.1~A34.K_14R.png,0,-0.4969099851240138,,0.0009288191795349,-0.05161151040824167,chromosome
0,0.0010546445846557,186193,186193.1~A38.K_14,14,,normal,186193.1~A38.K_14L.png,186193.1~A38.K_14R.png,train,/data5/chensx/MyProject/UAE/data/arrangement_merged/chr_14/186193.1~A38.K_14L.png,/data5/chensx/MyProject/UAE/data/arrangement_merged/chr_14/186193.1~A38.K_14R.png,0,-0.3404382827987455,,0.0010546445846557,0.7731726574085951,chromosome
0,0.000767707824707,186193,186193.1~A44.K_14,14,,normal,186193.1~A44.K_14L.png,186193.1~A44.K_14R.png,train,/data5/chensx/MyProject/UAE/data/arrangement_merged/chr_14/186193.1~A44.K_14L.png,/data5/chensx/MyProject/UAE/data/arrangement_merged/chr_14/186193.1~A44.K_14R.png,0,-0.6972619564102288,,0.000767707824707,-1.1076946963912135,chromosome
0,0.0011318922042846,186193,186193.1~A8.K_14,14,,normal,186193.1~A8.K_14L.png,186193.1~A8.K_14R.png,train,/data5/chensx/MyProject/UAE/data/arrangement_merged/chr_14/186193.1~A8.K_14L.png,/data5/chensx/MyProject/UAE/data/arrangement_merged/chr_14/186193.1~A8.K_14R.png,0,-0.2443760723707268,,0.0011318922042846,1.2795299674469458,chromosome
0,0.0009371638298034,186193,186193.2~A1.K_14,14,,normal,186193.2~A1.K_14L.png,186193.2~A1.K_14R.png,train,/data5/chensx/MyProject/UAE/data/arrangement_merged/chr_14/186193.2~A1.K_14L.png,/data5/chensx/MyProject/UAE/data/arrangement_merged/chr_14/186193.2~A1.K_14R.png,0,-0.4865328944913574,,0.0009371638298034,0.003087581725176887,chromosome
0,0.0007978677749633,186193,186193.2~A12.K_14,14,,normal,186193.2~A12.K_14L.png,186193.2~A12.K_14R.png,train,/data5/chensx/MyProject/UAE/data/arrangement_merged/chr_14/186193.2~A12.K_14L.png,/data5/chensx/MyProject/UAE/data/arrangement_merged/chr_14/186193.2~A12.K_14R.png,0,-0.6597561859807709,,0.0007978677749633,-0.9099965491080189,chromosome
0,0.0010454654693603,186193,186193.2~A14.K_14,14,,normal,186193.2~A14.K_14L.png,186193.2~A14.K_14R.png,train,/data5/chensx/MyProject/UAE/data/arrangement_merged/chr_14/186193.2~A14.K_14L.png,/data5/chensx/MyProject/UAE/data/arrangement_merged/chr_14/186193.2~A14.K_14R.png,0,-0.3518530824946675,,0.0010454654693603,0.7130036560615075,chromosome
0,0.000649869441986,186193,186193.2~A15.K_14,14,,normal,186193.2~A15.K_14L.png,186193.2~A15.K_14R.png,train,/data5/chensx/MyProject/UAE/data/arrangement_merged/chr_14/186193.2~A15.K_14L.png,/data5/chensx/MyProject/UAE/data/arrangement_merged/chr_14/186193.2~A15.K_14R.png,0,-0.843801300558526,,0.000649869441986,-1.8801240188806785,chromosome
0,0.000929057598114,186193,186193.2~A24.K_14,14,,normal,186193.2~A24.K_14L.png,186193.2~A24.K_14R.png,train,/data5/chensx/MyProject/UAE/data/arrangement_merged/chr_14/186193.2~A24.K_14L.png,/data5/chensx/MyProject/UAE/data/arrangement_merged/chr_14/186193.2~A24.K_14R.png,0,-0.4966134968202236,,0.000929057598114,-0.05004867920442943,chromosome
0,0.0008839964866638,186193,186193.2~A3.K_14,14,,normal,186193.2~A3.K_14L.png,186193.2~A3.K_14R.png,train,/data5/chensx/MyProject/UAE/data/arrangement_merged/chr_14/186193.2~A3.K_14L.png,/data5/chensx/MyProject/UAE/data/arrangement_merged/chr_14/186193.2~A3.K_14R.png,0,-0.5526497862365679,,0.0008839964866638,-0.3454237767268544,chromosome
0,0.0011665225028991,186193,186193.2~A37.K_14,14,,normal,186193.2~A37.K_14L.png,186193.2~A37.K_14R.png,train,/data5/chensx/MyProject/UAE/data/arrangement_merged/chr_14/186193.2~A37.K_14L.png,/data5/chensx/MyProject/UAE/data/arrangement_merged/chr_14/186193.2~A37.K_14R.png,0,-0.201311146245203,,0.0011665225028991,1.5065311998021065,chromosome
0,0.0010603070259094,186193,186193.2~A4.K_14,14,,normal,186193.2~A4.K_14L.png,186193.2~A4.K_14R.png,train,/data5/chensx/MyProject/UAE/data/arrangement_merged/chr_14/186193.2~A4.K_14L.png,/data5/chensx/MyProject/UAE/data/arrangement_merged/chr_14/186193.2~A4.K_14R.png,0,-0.3333966855837287,,0.0010603070259094,0.810289898499621,chromosome
0,0.0009293556213378,186193,186193.2~A42.K_14,14,,normal,186193.2~A42.K_14L.png,186193.2~A42.K_14R.png,train,/data5/chensx/MyProject/UAE/data/arrangement_merged/chr_14/186193.2~A42.K_14L.png,/data5/chensx/MyProject/UAE/data/arrangement_merged/chr_14/186193.2~A42.K_14R.png,0,-0.4962428864404858,,0.0009293556213378,-0.04809514020015628,chromosome
0,0.0011414289474487,186193,186193.2~A44.K_14,14,,normal,186193.2~A44.K_14L.png,186193.2~A44.K_14R.png,train,/data5/chensx/MyProject/UAE/data/arrangement_merged/chr_14/186193.2~A44.K_14L.png,/data5/chensx/MyProject/UAE/data/arrangement_merged/chr_14/186193.2~A44.K_14R.png,0,-0.2325165402191195,,0.0011414289474487,1.3420432156000779,chromosome
0,0.0010169744491577,186193,186193.2~A46.K_14,14,,normal,186193.2~A46.K_14L.png,186193.2~A46.K_14R.png,train,/data5/chensx/MyProject/UAE/data/arrangement_merged/chr_14/186193.2~A46.K_14L.png,/data5/chensx/MyProject/UAE/data/arrangement_merged/chr_14/186193.2~A46.K_14R.png,0,-0.3872834347975942,,0.0010169744491577,0.5262453272049971,chromosome
0,0.001009464263916,186193,186193.2~A48.K_14,14,,normal,186193.2~A48.K_14L.png,186193.2~A48.K_14R.png,train,/data5/chensx/MyProject/UAE/data/arrangement_merged/chr_14/186193.2~A48.K_14L.png,/data5/chensx/MyProject/UAE/data/arrangement_merged/chr_14/186193.2~A48.K_14R.png,0,-0.3966228163669849,,0.001009464263916,0.4770161442845923,chromosome
0,0.0008419752120971,186193,186193.2~A5.K_14,14,,normal,186193.2~A5.K_14L.png,186193.2~A5.K_14R.png,train,/data5/chensx/MyProject/UAE/data/arrangement_merged/chr_14/186193.2~A5.K_14L.png,/data5/chensx/MyProject/UAE/data/arrangement_merged/chr_14/186193.2~A5.K_14R.png,0,-0.6049058497795873,,0.0008419752120971,-0.6208727764008414,chromosome
0,0.0012441277503967,186193,186193.2~A50.K_14,14,,normal,186193.2~A50.K_14L.png,186193.2~A50.K_14R.png,train,/data5/chensx/MyProject/UAE/data/arrangement_merged/chr_14/186193.2~A50.K_14L.png,/data5/chensx/MyProject/UAE/data/arrangement_merged/chr_14/186193.2~A50.K_14R.png,0,-0.1048042033614989,,0.0012441277503967,2.0152327566465003,chromosome
0,0.0007991790771484,186193,186193.2~A7.K_14,14,,normal,186193.2~A7.K_14L.png,186193.2~A7.K_14R.png,train,/data5/chensx/MyProject/UAE/data/arrangement_merged/chr_14/186193.2~A7.K_14L.png,/data5/chensx/MyProject/UAE/data/arrangement_merged/chr_14/186193.2~A7.K_14R.png,0,-0.6581255003099249,,0.0007991790771484,-0.9014009774867253,chromosome
0,0.0009645223617553,186193,186193.3~A15.K_14,14,,normal,186193.3~A15.K_14L.png,186193.3~A15.K_14R.png,train,/data5/chensx/MyProject/UAE/data/arrangement_merged/chr_14/186193.3~A15.K_14L.png,/data5/chensx/MyProject/UAE/data/arrangement_merged/chr_14/186193.3~A15.K_14R.png,0,-0.4525108616314341,,0.0009645223617553,0.1824224623637451,chromosome
0,0.0010780096054077,186193,186193.3~A6.K_14,14,,normal,186193.3~A6.K_14L.png,186193.3~A6.K_14R.png,train,/data5/chensx/MyProject/UAE/data/arrangement_merged/chr_14/186193.3~A6.K_14L.png,/data5/chensx/MyProject/UAE/data/arrangement_merged/chr_14/186193.3~A6.K_14R.png,0,-0.3113824290273078,,0.0010780096054077,0.9263301153834784,chromosome
0,0.0008440017700195,Q242362,Q242362.11~A39.K_14,14,,normal,Q242362.11~A39.K_14L.png,Q242362.11~A39.K_14R.png,train,/data5/chensx/MyProject/UAE/data/arrangement_merged/chr_14/Q242362.11~A39.K_14L.png,/data5/chensx/MyProject/UAE/data/arrangement_merged/chr_14/Q242362.11~A39.K_14R.png,0,-0.6227138897101858,,0.0008440017700195,-0.6075887111681119,chromosome
0,0.0007016062736511,Q242362,Q242362.12~A25.K_14,14,,normal,Q242362.12~A25.K_14L.png,Q242362.12~A25.K_14R.png,train,/data5/chensx/MyProject/UAE/data/arrangement_merged/chr_14/Q242362.12~A25.K_14L.png,/data5/chensx/MyProject/UAE/data/arrangement_merged/chr_14/Q242362.12~A25.K_14R.png,0,-0.809728093492832,,0.0007016062736511,-1.540989647650863,chromosome
0,0.0011601448059082,Q242362,Q242362.12~A30.K_14,14,,normal,Q242362.12~A30.K_14L.png,Q242362.12~A30.K_14R.png,train,/data5/chensx/MyProject/UAE/data/arrangement_merged/chr_14/Q242362.12~A30.K_14L.png,/data5/chensx/MyProject/UAE/data/arrangement_merged/chr_14/Q242362.12~A30.K_14R.png,0,-0.2075094791354032,,0.0011601448059082,1.4647254651003005,chromosome
0,0.0011268854141235,Q242362,Q242362.12~A6.K_14,14,,normal,Q242362.12~A6.K_14L.png,Q242362.12~A6.K_14R.png,train,/data5/chensx/MyProject/UAE/data/arrangement_merged/chr_14/Q242362.12~A6.K_14L.png,/data5/chensx/MyProject/UAE/data/arrangement_merged/chr_14/Q242362.12~A6.K_14R.png,0,-0.2511904861302615,,0.0011268854141235,1.2467105121668944,chromosome
0,0.0009005069732666,Q242362,Q242362.13~A12.K_14,14,,normal,Q242362.13~A12.K_14L.png,Q242362.13~A12.K_14R.png,train,/data5/chensx/MyProject/UAE/data/arrangement_merged/chr_14/Q242362.13~A12.K_14L.png,/data5/chensx/MyProject/UAE/data/arrangement_merged/chr_14/Q242362.13~A12.K_14R.png,0,-0.5485031466436523,,0.0009005069732666,-0.23719771586205743,chromosome
0,0.0010958313941955,Q242362,Q242362.13~A3.K_14,14,,normal,Q242362.13~A3.K_14L.png,Q242362.13~A3.K_14R.png,train,/data5/chensx/MyProject/UAE/data/arrangement_merged/chr_14/Q242362.13~A3.K_14L.png,/data5/chensx/MyProject/UAE/data/arrangement_merged/chr_14/Q242362.13~A3.K_14R.png,0,-0.2919750822670379,,0.0010958313941955,1.043151747868913,chromosome
0,0.0009474158287048,Q242362,Q242362.13~A33.K_14,14,,normal,Q242362.13~A33.K_14L.png,Q242362.13~A33.K_14R.png,train,/data5/chensx/MyProject/UAE/data/arrangement_merged/chr_14/Q242362.13~A33.K_14L.png,/data5/chensx/MyProject/UAE/data/arrangement_merged/chr_14/Q242362.13~A33.K_14R.png,0,-0.4868957048785026,,0.0009474158287048,0.07028932348974652,chromosome
0,0.0009682178497314,Q242362,Q242362.13~A6.K_14,14,,normal,Q242362.13~A6.K_14L.png,Q242362.13~A6.K_14R.png,train,/data5/chensx/MyProject/UAE/data/arrangement_merged/chr_14/Q242362.13~A6.K_14L.png,/data5/chensx/MyProject/UAE/data/arrangement_merged/chr_14/Q242362.13~A6.K_14R.png,0,-0.4595755051630804,,0.0009682178497314,0.2066463460231582,chromosome
0,0.0011625885963439,Q242362,Q242362.14~A13.K_14,14,,normal,Q242362.14~A13.K_14L.png,Q242362.14~A13.K_14R.png,train,/data5/chensx/MyProject/UAE/data/arrangement_merged/chr_14/Q242362.14~A13.K_14L.png,/data5/chensx/MyProject/UAE/data/arrangement_merged/chr_14/Q242362.14~A13.K_14R.png,0,-0.2042999427791502,,0.0011625885963439,1.4807444849388811,chromosome
0,0.0011634826660156,Q242362,Q242362.14~A25.K_14,14,,normal,Q242362.14~A25.K_14L.png,Q242362.14~A25.K_14R.png,train,/data5/chensx/MyProject/UAE/data/arrangement_merged/chr_14/Q242362.14~A25.K_14L.png,/data5/chensx/MyProject/UAE/data/arrangement_merged/chr_14/Q242362.14~A25.K_14R.png,0,-0.2031257221610088,,0.0011634826660156,1.4866051019536677,chromosome
0,0.000936210155487,Q242362,Q242362.14~A29.K_14,14,,normal,Q242362.14~A29.K_14L.png,Q242362.14~A29.K_14R.png,train,/data5/chensx/MyProject/UAE/data/arrangement_merged/chr_14/Q242362.14~A29.K_14L.png,/data5/chensx/MyProject/UAE/data/arrangement_merged/chr_14/Q242362.14~A29.K_14R.png,0,-0.5016126032925409,,0.000936210155487,-0.003163743090070664,chromosome
0,0.0008114576339721,Q242362,Q242362.14~A36.K_14,14,,normal,Q242362.14~A36.K_14L.png,Q242362.14~A36.K_14R.png,train,/data5/chensx/MyProject/UAE/data/arrangement_merged/chr_14/Q242362.14~A36.K_14L.png,/data5/chensx/MyProject/UAE/data/arrangement_merged/chr_14/Q242362.14~A36.K_14R.png,0,-0.6654555202105311,,0.0008114576339721,-0.8209151704900821,chromosome
0,0.0009524822235107,Q242362,Q242362.14~A48.K_14,14,,normal,Q242362.14~A48.K_14L.png,Q242362.14~A48.K_14R.png,train,/data5/chensx/MyProject/UAE/data/arrangement_merged/chr_14/Q242362.14~A48.K_14L.png,/data5/chensx/MyProject/UAE/data/arrangement_merged/chr_14/Q242362.14~A48.K_14R.png,0,-0.4802417880423683,,0.0009524822235107,0.10349948657091411,chromosome
0,0.0007448196411132,Q242362,Q242362.1~A28.K_14,14,,normal,Q242362.1~A28.K_14L.png,Q242362.1~A28.K_14R.png,train,/data5/chensx/MyProject/UAE/data/arrangement_merged/chr_14/Q242362.1~A28.K_14L.png,/data5/chensx/MyProject/UAE/data/arrangement_merged/chr_14/Q242362.1~A28.K_14R.png,0,-0.7529740969493334,,0.0007448196411132,-1.2577264919584716,chromosome
0,0.0008261203765869,Q242362,Q242362.1~A32.K_14,14,,normal,Q242362.1~A32.K_14L.png,Q242362.1~A32.K_14R.png,train,/data5/chensx/MyProject/UAE/data/arrangement_merged/chr_14/Q242362.1~A32.K_14L.png,/data5/chensx/MyProject/UAE/data/arrangement_merged/chr_14/Q242362.1~A32.K_14R.png,0,-0.6461983020730129,,0.0008261203765869,-0.724801051454664,chromosome
0,0.0007151365280151,Q242362,Q242362.1~A4.K_14,14,,normal,Q242362.1~A4.K_14L.png,Q242362.1~A4.K_14R.png,train,/data5/chensx/MyProject/UAE/data/arrangement_merged/chr_14/Q242362.1~A4.K_14L.png,/data5/chensx/MyProject/UAE/data/arrangement_merged/chr_14/Q242362.1~A4.K_14R.png,0,-0.7919582214716263,,0.0007151365280151,-1.4522989768340433,chromosome
0,0.0008896589279174,Q242362,Q242362.1~A9.K_14,14,,normal,Q242362.1~A9.K_14L.png,Q242362.1~A9.K_14R.png,train,/data5/chensx/MyProject/UAE/data/arrangement_merged/chr_14/Q242362.1~A9.K_14L.png,/data5/chensx/MyProject/UAE/data/arrangement_merged/chr_14/Q242362.1~A9.K_14R.png,0,-0.5627503568104341,,0.0008896589279174,-0.3083065356364846,chromosome
0,0.0008224248886108,Q242362,Q242362.2~A14.K_14,14,,normal,Q242362.2~A14.K_14L.png,Q242362.2~A14.K_14R.png,train,/data5/chensx/MyProject/UAE/data/arrangement_merged/chr_14/Q242362.2~A14.K_14L.png,/data5/chensx/MyProject/UAE/data/arrangement_merged/chr_14/Q242362.2~A14.K_14R.png,0,-0.6510517472946639,,0.0008224248886108,-0.7490249351140764,chromosome
0,0.0008202791213989,Q242362,Q242362.2~A2.K_14,14,,normal,Q242362.2~A2.K_14L.png,Q242362.2~A2.K_14R.png,train,/data5/chensx/MyProject/UAE/data/arrangement_merged/chr_14/Q242362.2~A2.K_14L.png,/data5/chensx/MyProject/UAE/data/arrangement_merged/chr_14/Q242362.2~A2.K_14R.png,0,-0.6538698767782031,,0.0008202791213989,-0.7630904159483844,chromosome
0,0.0010892152786254,Q242362,Q242362.2~A7.K_14,14,,normal,Q242362.2~A7.K_14L.png,Q242362.2~A7.K_14R.png,train,/data5/chensx/MyProject/UAE/data/arrangement_merged/chr_14/Q242362.2~A7.K_14L.png,/data5/chensx/MyProject/UAE/data/arrangement_merged/chr_14/Q242362.2~A7.K_14R.png,0,-0.3006643148412839,,0.0010892152786254,0.9997831819626396,chromosome
0,0.0007829666137695,Q242362,Q242362.2~A9.K_14,14,,normal,Q242362.2~A9.K_14L.png,Q242362.2~A9.K_14R.png,train,/data5/chensx/MyProject/UAE/data/arrangement_merged/chr_14/Q242362.2~A9.K_14L.png,/data5/chensx/MyProject/UAE/data/arrangement_merged/chr_14/Q242362.2~A9.K_14R.png,0,-0.7028740172419689,,0.0007829666137695,-1.0076734993465932,chromosome
0,0.0009177327156066,Q242362,Q242362.3~A15.K_14,14,,normal,Q242362.3~A15.K_14L.png,Q242362.3~A15.K_14R.png,train,/data5/chensx/MyProject/UAE/data/arrangement_merged/chr_14/Q242362.3~A15.K_14L.png,/data5/chensx/MyProject/UAE/data/arrangement_merged/chr_14/Q242362.3~A15.K_14R.png,0,-0.5258798294007956,,0.0009177327156066,-0.12428316138648036,chromosome
0,0.000832200050354,Q242362,Q242362.4~A30.K_14,14,,normal,Q242362.4~A30.K_14L.png,Q242362.4~A30.K_14R.png,train,/data5/chensx/MyProject/UAE/data/arrangement_merged/chr_14/Q242362.4~A30.K_14L.png,/data5/chensx/MyProject/UAE/data/arrangement_merged/chr_14/Q242362.4~A30.K_14R.png,0,-0.6382136018696517,,0.000832200050354,-0.6849488557571313,chromosome
0,0.0009463429450988,Q242362,Q242362.4~A42.K_14,14,,normal,Q242362.4~A42.K_14L.png,Q242362.4~A42.K_14R.png,train,/data5/chensx/MyProject/UAE/data/arrangement_merged/chr_14/Q242362.4~A42.K_14L.png,/data5/chensx/MyProject/UAE/data/arrangement_merged/chr_14/Q242362.4~A42.K_14R.png,0,-0.4883047696202722,,0.0009463429450988,0.0632565830722645,chromosome
0,0.001019537448883,Q242664,Q242664.11~A21.K_14,14,,normal,Q242664.11~A21.K_14L.png,Q242664.11~A21.K_14R.png,train,/data5/chensx/MyProject/UAE/data/arrangement_merged/chr_14/Q242664.11~A21.K_14L.png,/data5/chensx/MyProject/UAE/data/arrangement_merged/chr_14/Q242664.11~A21.K_14R.png,0,-0.3361919264077186,,0.001019537448883,0.5430457626458113,chromosome
0,0.0008617639541625,Q242664,Q242664.12~A1.K_14,14,,normal,Q242664.12~A1.K_14L.png,Q242664.12~A1.K_14R.png,train,/data5/chensx/MyProject/UAE/data/arrangement_merged/chr_14/Q242664.12~A1.K_14L.png,/data5/chensx/MyProject/UAE/data/arrangement_merged/chr_14/Q242664.12~A1.K_14R.png,0,-0.5497419819997346,,0.0008617639541625,-0.49115778648379416,chromosome
0,0.0013090372085571,Q242664,Q242664.12~A16.K_14,14,,normal,Q242664.12~A16.K_14L.png,Q242664.12~A16.K_14R.png,train,/data5/chensx/MyProject/UAE/data/arrangement_merged/chr_14/Q242664.12~A16.K_14L.png,/data5/chensx/MyProject/UAE/data/arrangement_merged/chr_14/Q242664.12~A16.K_14R.png,0,0.0556526599203588,,0.0013090372085571,2.440713551887091,chromosome
0,0.0008019208908081,Q242664,Q242664.12~A19.K_14,14,,normal,Q242664.12~A19.K_14L.png,Q242664.12~A19.K_14R.png,train,/data5/chensx/MyProject/UAE/data/arrangement_merged/chr_14/Q242664.12~A19.K_14L.png,/data5/chensx/MyProject/UAE/data/arrangement_merged/chr_14/Q242664.12~A19.K_14R.png,0,-0.6307409452843525,,0.0008019208908081,-0.8834284186425597,chromosome
0,0.0008560419082641,Q242664,Q242664.12~A22.K_14,14,,normal,Q242664.12~A22.K_14L.png,Q242664.12~A22.K_14R.png,train,/data5/chensx/MyProject/UAE/data/arrangement_merged/chr_14/Q242664.12~A22.K_14L.png,/data5/chensx/MyProject/UAE/data/arrangement_merged/chr_14/Q242664.12~A22.K_14R.png,0,-0.5574869027918892,,0.0008560419082641,-0.5286657353752808,chromosome
0,0.0010614395141601,Q242664,Q242664.12~A24.K_14,14,,normal,Q242664.12~A24.K_14L.png,Q242664.12~A24.K_14R.png,train,/data5/chensx/MyProject/UAE/data/arrangement_merged/chr_14/Q242664.12~A24.K_14L.png,/data5/chensx/MyProject/UAE/data/arrangement_merged/chr_14/Q242664.12~A24.K_14R.png,0,-0.2794765168568356,,0.0010614395141601,0.8177133467175646,chromosome
0,0.0008211731910705,Q242664,Q242664.12~A29.K_14,14,,normal,Q242664.12~A29.K_14L.png,Q242664.12~A29.K_14R.png,train,/data5/chensx/MyProject/UAE/data/arrangement_merged/chr_14/Q242664.12~A29.K_14L.png,/data5/chensx/MyProject/UAE/data/arrangement_merged/chr_14/Q242664.12~A29.K_14R.png,0,-0.604682513869082,,0.0008211731910705,-0.7572297989342531,chromosome
0,0.0008566379547119,Q242664,Q242664.12~A34.K_14,14,,normal,Q242664.12~A34.K_14L.png,Q242664.12~A34.K_14R.png,train,/data5/chensx/MyProject/UAE/data/arrangement_merged/chr_14/Q242664.12~A34.K_14L.png,/data5/chensx/MyProject/UAE/data/arrangement_merged/chr_14/Q242664.12~A34.K_14R.png,0,-0.5566801402093731,,0.0008566379547119,-0.5247586573654234,chromosome
0,0.0010467767715454,Q242664,Q242664.12~A37.K_14,14,,normal,Q242664.12~A37.K_14L.png,Q242664.12~A37.K_14R.png,train,/data5/chensx/MyProject/UAE/data/arrangement_merged/chr_14/Q242664.12~A37.K_14L.png,/data5/chensx/MyProject/UAE/data/arrangement_merged/chr_14/Q242664.12~A37.K_14R.png,0,-0.2993228763867321,,0.0010467767715454,0.721599227682801,chromosome
0,0.0007985234260559,Q242664,Q242664.12~A8.K_14,14,,normal,Q242664.12~A8.K_14L.png,Q242664.12~A8.K_14R.png,train,/data5/chensx/MyProject/UAE/data/arrangement_merged/chr_14/Q242664.12~A8.K_14L.png,/data5/chensx/MyProject/UAE/data/arrangement_merged/chr_14/Q242664.12~A8.K_14R.png,0,-0.6353394920046944,,0.0007985234260559,-0.9056987632970445,chromosome
0,0.0010468959808349,Q242664,Q242664.13~A20.K_14,14,,normal,Q242664.13~A20.K_14L.png,Q242664.13~A20.K_14R.png,train,/data5/chensx/MyProject/UAE/data/arrangement_merged/chr_14/Q242664.13~A20.K_14L.png,/data5/chensx/MyProject/UAE/data/arrangement_merged/chr_14/Q242664.13~A20.K_14R.png,0,-0.2991615238702289,,0.0010468959808349,0.7223806432843795,chromosome
0,0.0008997917175292,Q242664,Q242664.13~A32.K_14,14,,normal,Q242664.13~A32.K_14L.png,Q242664.13~A32.K_14R.png,train,/data5/chensx/MyProject/UAE/data/arrangement_merged/chr_14/Q242664.13~A32.K_14L.png,/data5/chensx/MyProject/UAE/data/arrangement_merged/chr_14/Q242664.13~A32.K_14R.png,0,-0.4982705292352063,,0.0008997917175292,-0.2418862094741494,chromosome
0,0.0008075237274169,Q242664,Q242664.13~A33.K_14,14,,normal,Q242664.13~A33.K_14L.png,Q242664.13~A33.K_14R.png,train,/data5/chensx/MyProject/UAE/data/arrangement_merged/chr_14/Q242664.13~A33.K_14L.png,/data5/chensx/MyProject/UAE/data/arrangement_merged/chr_14/Q242664.13~A33.K_14R.png,0,-0.6231573770087011,,0.0008075237274169,-0.8467018853533067,chromosome
0,0.0009441375732421,Q242664,Q242664.13~A42.K_14,14,,normal,Q242664.13~A42.K_14L.png,Q242664.13~A42.K_14R.png,train,/data5/chensx/MyProject/UAE/data/arrangement_merged/chr_14/Q242664.13~A42.K_14L.png,/data5/chensx/MyProject/UAE/data/arrangement_merged/chr_14/Q242664.13~A42.K_14R.png,0,-0.4382473930960073,,0.0009441375732421,0.04880039443684028,chromosome
0,0.0009436607360839,Q242664,Q242664.13~A50.K_14,14,,normal,Q242664.13~A50.K_14L.png,Q242664.13~A50.K_14R.png,train,/data5/chensx/MyProject/UAE/data/arrangement_merged/chr_14/Q242664.13~A50.K_14L.png,/data5/chensx/MyProject/UAE/data/arrangement_merged/chr_14/Q242664.13~A50.K_14R.png,0,-0.4388928031620202,,0.0009436607360839,0.04567473202921651,chromosome
0,0.0010936260223388,Q242664,Q242664.14~A47.K_14,14,,normal,Q242664.14~A47.K_14L.png,Q242664.14~A47.K_14R.png,train,/data5/chensx/MyProject/UAE/data/arrangement_merged/chr_14/Q242664.14~A47.K_14L.png,/data5/chensx/MyProject/UAE/data/arrangement_merged/chr_14/Q242664.14~A47.K_14R.png,0,-0.2359113374009654,,0.0010936260223388,1.028695559233488,chromosome
0,0.0006779432296752,Q242664,Q242664.1~A14.K_14,14,,normal,Q242664.1~A14.K_14L.png,Q242664.1~A14.K_14R.png,train,/data5/chensx/MyProject/UAE/data/arrangement_merged/chr_14/Q242664.1~A14.K_14L.png,/data5/chensx/MyProject/UAE/data/arrangement_merged/chr_14/Q242664.1~A14.K_14R.png,0,-0.7985475624477046,,0.0006779432296752,-1.6961006446306734,chromosome
0,0.0008620023727416,Q242664,Q242664.2~A1.K_14,14,,normal,Q242664.2~A1.K_14L.png,Q242664.2~A1.K_14R.png,train,/data5/chensx/MyProject/UAE/data/arrangement_merged/chr_14/Q242664.2~A1.K_14L.png,/data5/chensx/MyProject/UAE/data/arrangement_merged/chr_14/Q242664.2~A1.K_14R.png,0,-0.5494192769667281,,0.0008620023727416,-0.48959495527998187,chromosome
0,0.0011656284332275,Q242664,Q242664.2~A10.K_14,14,,normal,Q242664.2~A10.K_14L.png,Q242664.2~A10.K_14R.png,train,/data5/chensx/MyProject/UAE/data/arrangement_merged/chr_14/Q242664.2~A10.K_14L.png,/data5/chensx/MyProject/UAE/data/arrangement_merged/chr_14/Q242664.2~A10.K_14R.png,0,-0.1384544174330186,,0.0011656284332275,1.5006705827879752,chromosome
0,0.0010138750076293,Q242664,Q242664.2~A30.K_14,14,,normal,Q242664.2~A30.K_14L.png,Q242664.2~A30.K_14R.png,train,/data5/chensx/MyProject/UAE/data/arrangement_merged/chr_14/Q242664.2~A30.K_14L.png,/data5/chensx/MyProject/UAE/data/arrangement_merged/chr_14/Q242664.2~A30.K_14R.png,0,-0.3438561709416217,,0.0010138750076293,0.5059285215547855,chromosome
0,0.0010050535202026,Q242664,Q242664.2~A32.K_14,14,,normal,Q242664.2~A32.K_14L.png,Q242664.2~A32.K_14R.png,train,/data5/chensx/MyProject/UAE/data/arrangement_merged/chr_14/Q242664.2~A32.K_14L.png,/data5/chensx/MyProject/UAE/data/arrangement_merged/chr_14/Q242664.2~A32.K_14R.png,0,-0.3557962571628602,,0.0010050535202026,0.4481037670137439,chromosome
0,0.0010253190994262,Q242664,Q242664.2~A6.K_14,14,,normal,Q242664.2~A6.K_14L.png,Q242664.2~A6.K_14R.png,train,/data5/chensx/MyProject/UAE/data/arrangement_merged/chr_14/Q242664.2~A6.K_14L.png,/data5/chensx/MyProject/UAE/data/arrangement_merged/chr_14/Q242664.2~A6.K_14R.png,0,-0.3283663293573123,,0.0010253190994262,0.5809444193384142,chromosome
0,0.0008916854858398,Q242664,Q242664.3~A19.K_14,14,,normal,Q242664.3~A19.K_14L.png,Q242664.3~A19.K_14R.png,train,/data5/chensx/MyProject/UAE/data/arrangement_merged/chr_14/Q242664.3~A19.K_14L.png,/data5/chensx/MyProject/UAE/data/arrangement_merged/chr_14/Q242664.3~A19.K_14R.png,0,-0.5092425003574255,,0.0008916854858398,-0.29502247040375573,chromosome
0,0.0009492635726928,Q242664,Q242664.3~A29.K_14,14,,normal,Q242664.3~A29.K_14L.png,Q242664.3~A29.K_14R.png,train,/data5/chensx/MyProject/UAE/data/arrangement_merged/chr_14/Q242664.3~A29.K_14L.png,/data5/chensx/MyProject/UAE/data/arrangement_merged/chr_14/Q242664.3~A29.K_14R.png,0,-0.4313092348863687,,0.0009492635726928,0.08240126531912474,chromosome
0,0.0008819699287414,Q242664,Q242664.3~A44.K_14,14,,normal,Q242664.3~A44.K_14L.png,Q242664.3~A44.K_14R.png,train,/data5/chensx/MyProject/UAE/data/arrangement_merged/chr_14/Q242664.3~A44.K_14L.png,/data5/chensx/MyProject/UAE/data/arrangement_merged/chr_14/Q242664.3~A44.K_14R.png,0,-0.5223927304524382,,0.0008819699287414,-0.358707841959584,chromosome
0,0.0010523796081542,Q242664,Q242664.3~A48.K_14,14,,normal,Q242664.3~A48.K_14L.png,Q242664.3~A48.K_14R.png,train,/data5/chensx/MyProject/UAE/data/arrangement_merged/chr_14/Q242664.3~A48.K_14L.png,/data5/chensx/MyProject/UAE/data/arrangement_merged/chr_14/Q242664.3~A48.K_14R.png,0,-0.2917393081110807,,0.0010523796081542,0.758325760972054,chromosome
0,0.0009005069732666,Q242664,Q242664.4~A14.K_14,14,,normal,Q242664.4~A14.K_14L.png,Q242664.4~A14.K_14R.png,train,/data5/chensx/MyProject/UAE/data/arrangement_merged/chr_14/Q242664.4~A14.K_14L.png,/data5/chensx/MyProject/UAE/data/arrangement_merged/chr_14/Q242664.4~A14.K_14R.png,0,-0.497302414136187,,0.0009005069732666,-0.23719771586205743,chromosome
0,0.0008889436721801,Q242664,Q242664.4~A34.K_14,14,,normal,Q242664.4~A34.K_14L.png,Q242664.4~A34.K_14R.png,train,/data5/chensx/MyProject/UAE/data/arrangement_merged/chr_14/Q242664.4~A34.K_14L.png,/data5/chensx/MyProject/UAE/data/arrangement_merged/chr_14/Q242664.4~A34.K_14R.png,0,-0.5129536082369996,,0.0008889436721801,-0.3129950292479206,chromosome
0,0.0009247064590454,Q242664,Q242664.4~A41.K_14,14,,normal,Q242664.4~A41.K_14L.png,Q242664.4~A41.K_14R.png,train,/data5/chensx/MyProject/UAE/data/arrangement_merged/chr_14/Q242664.4~A41.K_14L.png,/data5/chensx/MyProject/UAE/data/arrangement_merged/chr_14/Q242664.4~A41.K_14R.png,0,-0.4645478532860326,,0.0009247064590454,-0.07857034867416171,chromosome
0,0.0011001229286193,Q242664,Q242664.4~A49.K_14,14,,normal,Q242664.4~A49.K_14L.png,Q242664.4~A49.K_14R.png,train,/data5/chensx/MyProject/UAE/data/arrangement_merged/chr_14/Q242664.4~A49.K_14L.png,/data5/chensx/MyProject/UAE/data/arrangement_merged/chr_14/Q242664.4~A49.K_14R.png,0,-0.2271176252515397,,0.0011001229286193,1.0712827095375277,chromosome
0,0.0012685656547546,Q250230,Q250230.11~A30.K_14,14,,normal,Q250230.11~A30.K_14L.png,Q250230.11~A30.K_14R.png,train,/data5/chensx/MyProject/UAE/data/arrangement_merged/chr_14/Q250230.11~A30.K_14L.png,/data5/chensx/MyProject/UAE/data/arrangement_merged/chr_14/Q250230.11~A30.K_14R.png,0,-0.073001536710417,,0.0012685656547546,2.1754229550382096,chromosome
0,0.0009181499481201,Q250230,Q250230.12~A40.K_14,14,,normal,Q250230.12~A40.K_14L.png,Q250230.12~A40.K_14R.png,train,/data5/chensx/MyProject/UAE/data/arrangement_merged/chr_14/Q250230.12~A40.K_14L.png,/data5/chensx/MyProject/UAE/data/arrangement_merged/chr_14/Q250230.12~A40.K_14R.png,0,-0.5114879327468003,,0.0009181499481201,-0.1215482067793182,chromosome
0,0.0010077953338623,Q250230,Q250230.13~A45.K_14,14,,normal,Q250230.13~A45.K_14L.png,Q250230.13~A45.K_14R.png,train,/data5/chensx/MyProject/UAE/data/arrangement_merged/chr_14/Q250230.13~A45.K_14L.png,/data5/chensx/MyProject/UAE/data/arrangement_merged/chr_14/Q250230.13~A45.K_14R.png,0,-0.3993117906071983,,0.0010077953338623,0.46607632585790804,chromosome
0,0.000939130783081,Q250230,Q250230.14~A21.K_14,14,,normal,Q250230.14~A21.K_14L.png,Q250230.14~A21.K_14R.png,train,/data5/chensx/MyProject/UAE/data/arrangement_merged/chr_14/Q250230.14~A21.K_14L.png,/data5/chensx/MyProject/UAE/data/arrangement_merged/chr_14/Q250230.14~A21.K_14R.png,0,-0.4852339420332764,,0.000939130783081,0.015980939156789574,chromosome
0,0.0008319616317749,Q250230,Q250230.14~A43.K_14,14,,normal,Q250230.14~A43.K_14L.png,Q250230.14~A43.K_14R.png,train,/data5/chensx/MyProject/UAE/data/arrangement_merged/chr_14/Q250230.14~A43.K_14L.png,/data5/chensx/MyProject/UAE/data/arrangement_merged/chr_14/Q250230.14~A43.K_14R.png,0,-0.6193381332347422,,0.0008319616317749,-0.6865116869609436,chromosome
0,0.0008901953697204,Q250230,Q250230.15~A8.K_14,14,,normal,Q250230.15~A8.K_14L.png,Q250230.15~A8.K_14R.png,train,/data5/chensx/MyProject/UAE/data/arrangement_merged/chr_14/Q250230.15~A8.K_14L.png,/data5/chensx/MyProject/UAE/data/arrangement_merged/chr_14/Q250230.15~A8.K_14R.png,0,-0.5464683919645352,,0.0008901953697204,-0.30479016542774395,chromosome
0,0.0007464289665222,Q250230,Q250230.1~A20.K_14,14,,normal,Q250230.1~A20.K_14L.png,Q250230.1~A20.K_14R.png,train,/data5/chensx/MyProject/UAE/data/arrangement_merged/chr_14/Q250230.1~A20.K_14L.png,/data5/chensx/MyProject/UAE/data/arrangement_merged/chr_14/Q250230.1~A20.K_14R.png,0,-0.7263678965128864,,0.0007464289665222,-1.2471773813322498,chromosome
0,0.0007959008216857,Q250230,Q250230.2~A24.K_14,14,,normal,Q250230.2~A24.K_14L.png,Q250230.2~A24.K_14R.png,train,/data5/chensx/MyProject/UAE/data/arrangement_merged/chr_14/Q250230.2~A24.K_14L.png,/data5/chensx/MyProject/UAE/data/arrangement_merged/chr_14/Q250230.2~A24.K_14R.png,0,-0.6644621797736113,,0.0007959008216857,-0.9228899065396309,chromosome
0,0.000976026058197,Q250230,Q250230.2~A27.K_14,14,,normal,Q250230.2~A27.K_14L.png,Q250230.2~A27.K_14R.png,train,/data5/chensx/MyProject/UAE/data/arrangement_merged/chr_14/Q250230.2~A27.K_14L.png,/data5/chensx/MyProject/UAE/data/arrangement_merged/chr_14/Q250230.2~A27.K_14R.png,0,-0.4390657026819375,,0.000976026058197,0.25782906794849136,chromosome
0,0.0007503032684326,Q250230,Q250230.2~A38.K_14,14,,normal,Q250230.2~A38.K_14L.png,Q250230.2~A38.K_14R.png,train,/data5/chensx/MyProject/UAE/data/arrangement_merged/chr_14/Q250230.2~A38.K_14L.png,/data5/chensx/MyProject/UAE/data/arrangement_merged/chr_14/Q250230.2~A38.K_14R.png,0,-0.7215198584549913,,0.0007503032684326,-1.221781374270142,chromosome
0,0.000873327255249,Q250230,Q250230.4~A35.K_14,14,,normal,Q250230.4~A35.K_14L.png,Q250230.4~A35.K_14R.png,train,/data5/chensx/MyProject/UAE/data/arrangement_merged/chr_14/Q250230.4~A35.K_14L.png,/data5/chensx/MyProject/UAE/data/arrangement_merged/chr_14/Q250230.4~A35.K_14R.png,0,-0.5675760038166013,,0.000873327255249,-0.41536047309793095,chromosome
0,0.0009984970092773,Q250230,Q250230.5~A21.K_14,14,,normal,Q250230.5~A21.K_14L.png,Q250230.5~A21.K_14R.png,train,/data5/chensx/MyProject/UAE/data/arrangement_merged/chr_14/Q250230.5~A21.K_14L.png,/data5/chensx/MyProject/UAE/data/arrangement_merged/chr_14/Q250230.5~A21.K_14R.png,0,-0.4109470819461464,,0.0009984970092773,0.40512590890858663,chromosome
0,0.0006844401359558,Q250230,Q250230.5~A42.K_14,14,,normal,Q250230.5~A42.K_14L.png,Q250230.5~A42.K_14R.png,train,/data5/chensx/MyProject/UAE/data/arrangement_merged/chr_14/Q250230.5~A42.K_14L.png,/data5/chensx/MyProject/UAE/data/arrangement_merged/chr_14/Q250230.5~A42.K_14R.png,0,-0.8039365054392069,,0.0006844401359558,-1.6535134943259786,chromosome
0,0.0010492801666259,Q250230,Q250230.5~A46.K_14,14,,normal,Q250230.5~A46.K_14L.png,Q250230.5~A46.K_14R.png,train,/data5/chensx/MyProject/UAE/data/arrangement_merged/chr_14/Q250230.5~A46.K_14L.png,/data5/chensx/MyProject/UAE/data/arrangement_merged/chr_14/Q250230.5~A46.K_14R.png,0,-0.347400490787276,,0.0010492801666259,0.7380089553224991,chromosome
0,0.0010849237442016,Q250230,Q250230.5~A5.K_14,14,,normal,Q250230.5~A5.K_14L.png,Q250230.5~A5.K_14R.png,train,/data5/chensx/MyProject/UAE/data/arrangement_merged/chr_14/Q250230.5~A5.K_14L.png,/data5/chensx/MyProject/UAE/data/arrangement_merged/chr_14/Q250230.5~A5.K_14R.png,0,-0.3027985406546417,,0.0010849237442016,0.971652220294025,chromosome
0,0.0009430646896362,Q250230,Q250230.5~A6.K_14,14,,normal,Q250230.5~A6.K_14L.png,Q250230.5~A6.K_14R.png,train,/data5/chensx/MyProject/UAE/data/arrangement_merged/chr_14/Q250230.5~A6.K_14L.png,/data5/chensx/MyProject/UAE/data/arrangement_merged/chr_14/Q250230.5~A6.K_14R.png,0,-0.4803113187744907,,0.0009430646896362,0.04176765402001424,chromosome
0,0.0007988214492797,Q251136,Q251136.12~A20.K_14,14,,normal,Q251136.12~A20.K_14L.png,Q251136.12~A20.K_14R.png,train,/data5/chensx/MyProject/UAE/data/arrangement_merged/chr_14/Q251136.12~A20.K_14L.png,/data5/chensx/MyProject/UAE/data/arrangement_merged/chr_14/Q251136.12~A20.K_14R.png,0,-0.5254567007446526,,0.0007988214492797,-0.9037452242927706,chromosome
0,0.0010520815849304,Q251136,Q251136.12~A23.K_14,14,,normal,Q251136.12~A23.K_14L.png,Q251136.12~A23.K_14R.png,train,/data5/chensx/MyProject/UAE/data/arrangement_merged/chr_14/Q251136.12~A23.K_14L.png,/data5/chensx/MyProject/UAE/data/arrangement_merged/chr_14/Q251136.12~A23.K_14R.png,0,-0.2762510397672442,,0.0010520815849304,0.7563722219677809,chromosome
0,0.0008587837219238,Q251136,Q251136.14~A16.K_14,14,,normal,Q251136.14~A16.K_14L.png,Q251136.14~A16.K_14R.png,train,/data5/chensx/MyProject/UAE/data/arrangement_merged/chr_14/Q251136.14~A16.K_14L.png,/data5/chensx/MyProject/UAE/data/arrangement_merged/chr_14/Q251136.14~A16.K_14R.png,0,-0.4664543719747601,,0.0008587837219238,-0.5106931765311152,chromosome
0,0.0010950565338134,Q251136,Q251136.14~A17.K_14,14,,normal,Q251136.14~A17.K_14L.png,Q251136.14~A17.K_14R.png,train,/data5/chensx/MyProject/UAE/data/arrangement_merged/chr_14/Q251136.14~A17.K_14L.png,/data5/chensx/MyProject/UAE/data/arrangement_merged/chr_14/Q251136.14~A17.K_14R.png,0,-0.2339640824679475,,0.0010950565338134,1.03807254645636,chromosome
0,0.0007847547531127,Q251136,Q251136.14~A18.K_14,14,,normal,Q251136.14~A18.K_14L.png,Q251136.14~A18.K_14R.png,train,/data5/chensx/MyProject/UAE/data/arrangement_merged/chr_14/Q251136.14~A18.K_14L.png,/data5/chensx/MyProject/UAE/data/arrangement_merged/chr_14/Q251136.14~A18.K_14R.png,0,-0.5392982013308301,,0.0007847547531127,-0.9959522653183311,chromosome
0,0.000870943069458,Q251136,Q251136.14~A2.K_14,14,,normal,Q251136.14~A2.K_14L.png,Q251136.14~A2.K_14R.png,train,/data5/chensx/MyProject/UAE/data/arrangement_merged/chr_14/Q251136.14~A2.K_14L.png,/data5/chensx/MyProject/UAE/data/arrangement_merged/chr_14/Q251136.14~A2.K_14R.png,0,-0.4544896850273863,,0.000870943069458,-0.43098878513605055,chromosome
0,0.0010212063789367,Q251136,Q251136.14~A31.K_14,14,,normal,Q251136.14~A31.K_14L.png,Q251136.14~A31.K_14R.png,train,/data5/chensx/MyProject/UAE/data/arrangement_merged/chr_14/Q251136.14~A31.K_14L.png,/data5/chensx/MyProject/UAE/data/arrangement_merged/chr_14/Q251136.14~A31.K_14R.png,0,-0.3066319605453796,,0.0010212063789367,0.5539855810724942,chromosome
0,0.0009791254997253,Q251136,Q251136.14~A39.K_14,14,,normal,Q251136.14~A39.K_14L.png,Q251136.14~A39.K_14R.png,train,/data5/chensx/MyProject/UAE/data/arrangement_merged/chr_14/Q251136.14~A39.K_14L.png,/data5/chensx/MyProject/UAE/data/arrangement_merged/chr_14/Q251136.14~A39.K_14R.png,0,-0.348039161451487,,0.0009791254997253,0.27814587359804627,chromosome
0,0.0010226964950561,Q251136,Q251136.1~A12.K_14,14,,normal,Q251136.1~A12.K_14L.png,Q251136.1~A12.K_14R.png,train,/data5/chensx/MyProject/UAE/data/arrangement_merged/chr_14/Q251136.1~A12.K_14L.png,/data5/chensx/MyProject/UAE/data/arrangement_merged/chr_14/Q251136.1~A12.K_14R.png,0,-0.3051656998900642,,0.0010226964950561,0.5637532760964838,chromosome
0,0.0009106397628784,Q251136,Q251136.1~A38.K_14,14,,normal,Q251136.1~A38.K_14L.png,Q251136.1~A38.K_14R.png,train,/data5/chensx/MyProject/UAE/data/arrangement_merged/chr_14/Q251136.1~A38.K_14L.png,/data5/chensx/MyProject/UAE/data/arrangement_merged/chr_14/Q251136.1~A38.K_14R.png,0,-0.4154285011697836,,0.0009106397628784,-0.17077738969972225,chromosome
0,0.0010431408882141,Q251136,Q251136.2~A15.K_14,14,,normal,Q251136.2~A15.K_14L.png,Q251136.2~A15.K_14R.png,train,/data5/chensx/MyProject/UAE/data/arrangement_merged/chr_14/Q251136.2~A15.K_14L.png,/data5/chensx/MyProject/UAE/data/arrangement_merged/chr_14/Q251136.2~A15.K_14R.png,0,-0.2850486036991367,,0.0010431408882141,0.6977660518245055,chromosome
0,0.0007941126823425,Q251136,Q251136.2~A2.K_14,14,,normal,Q251136.2~A2.K_14L.png,Q251136.2~A2.K_14R.png,train,/data5/chensx/MyProject/UAE/data/arrangement_merged/chr_14/Q251136.2~A2.K_14L.png,/data5/chensx/MyProject/UAE/data/arrangement_merged/chr_14/Q251136.2~A2.K_14R.png,0,-0.5300900844154492,,0.0007941126823425,-0.9346111405678929,chromosome
0,0.0010932683944702,Q251136,Q251136.2~A20.K_14,14,,normal,Q251136.2~A20.K_14L.png,Q251136.2~A20.K_14R.png,train,/data5/chensx/MyProject/UAE/data/arrangement_merged/chr_14/Q251136.2~A20.K_14L.png,/data5/chensx/MyProject/UAE/data/arrangement_merged/chr_14/Q251136.2~A20.K_14R.png,0,-0.235723595254326,,0.0010932683944702,1.0263513124280987,chromosome
0,0.0009288191795349,Q251136,Q251136.2~A25.K_14,14,,normal,Q251136.2~A25.K_14L.png,Q251136.2~A25.K_14R.png,train,/data5/chensx/MyProject/UAE/data/arrangement_merged/chr_14/Q251136.2~A25.K_14L.png,/data5/chensx/MyProject/UAE/data/arrangement_merged/chr_14/Q251136.2~A25.K_14R.png,0,-0.3975401211749355,,0.0009288191795349,-0.05161151040824167,chromosome
0,0.0009291172027587,Q251136,Q251136.2~A36.K_14,14,,normal,Q251136.2~A36.K_14L.png,Q251136.2~A36.K_14R.png,train,/data5/chensx/MyProject/UAE/data/arrangement_merged/chr_14/Q251136.2~A36.K_14L.png,/data5/chensx/MyProject/UAE/data/arrangement_merged/chr_14/Q251136.2~A36.K_14R.png,0,-0.3972468690438724,,0.0009291172027587,-0.04965797140396781,chromosome
0,0.0008675456047058,Q251136,Q251136.2~A5.K_14,14,,normal,Q251136.2~A5.K_14L.png,Q251136.2~A5.K_14R.png,train,/data5/chensx/MyProject/UAE/data/arrangement_merged/chr_14/Q251136.2~A5.K_14L.png,/data5/chensx/MyProject/UAE/data/arrangement_merged/chr_14/Q251136.2~A5.K_14R.png,0,-0.4578327593215054,,0.0008675456047058,-0.45325912979053457,chromosome
0,0.0009954571723937,Q251136,Q251136.2~A7.K_14,14,,normal,Q251136.2~A7.K_14L.png,Q251136.2~A7.K_14R.png,train,/data5/chensx/MyProject/UAE/data/arrangement_merged/chr_14/Q251136.2~A7.K_14L.png,/data5/chensx/MyProject/UAE/data/arrangement_merged/chr_14/Q251136.2~A7.K_14R.png,0,-0.33196894466923,,0.0009954571723937,0.3851998110594927,chromosome
0,0.0011966228485107,Q251136,Q251136.3~A16.K_14,14,,normal,Q251136.3~A16.K_14L.png,Q251136.3~A16.K_14R.png,train,/data5/chensx/MyProject/UAE/data/arrangement_merged/chr_14/Q251136.3~A16.K_14L.png,/data5/chensx/MyProject/UAE/data/arrangement_merged/chr_14/Q251136.3~A16.K_14R.png,0,-0.1340237562016487,,0.0011966228485107,1.7038386392848388,chromosome
0,0.0010085105895996,Q251136,Q251136.3~A21.K_14,14,,normal,Q251136.3~A21.K_14L.png,Q251136.3~A21.K_14R.png,train,/data5/chensx/MyProject/UAE/data/arrangement_merged/chr_14/Q251136.3~A21.K_14L.png,/data5/chensx/MyProject/UAE/data/arrangement_merged/chr_14/Q251136.3~A21.K_14R.png,0,-0.319124501328667,,0.0010085105895996,0.47076481946934473,chromosome
0,0.0008836388587951,Q251136,Q251136.3~A23.K_14,14,,normal,Q251136.3~A23.K_14L.png,Q251136.3~A23.K_14R.png,train,/data5/chensx/MyProject/UAE/data/arrangement_merged/chr_14/Q251136.3~A23.K_14L.png,/data5/chensx/MyProject/UAE/data/arrangement_merged/chr_14/Q251136.3~A23.K_14R.png,0,-0.4419971442440989,,0.0008836388587951,-0.3477680235329004,chromosome
0,0.000892162322998,Q251136,Q251136.3~A26.K_14,14,,normal,Q251136.3~A26.K_14L.png,Q251136.3~A26.K_14R.png,train,/data5/chensx/MyProject/UAE/data/arrangement_merged/chr_14/Q251136.3~A26.K_14L.png,/data5/chensx/MyProject/UAE/data/arrangement_merged/chr_14/Q251136.3~A26.K_14R.png,0,-0.4336101332956947,,0.000892162322998,-0.2918968079961312,chromosome
0,0.001039445400238,Q251136,Q251136.3~A32.K_14,14,,normal,Q251136.3~A32.K_14L.png,Q251136.3~A32.K_14R.png,train,/data5/chensx/MyProject/UAE/data/arrangement_merged/chr_14/Q251136.3~A32.K_14L.png,/data5/chensx/MyProject/UAE/data/arrangement_merged/chr_14/Q251136.3~A32.K_14R.png,0,-0.2886849301243189,,0.001039445400238,0.6735421681650924,chromosome
0,0.0010666847229003,Q251136,Q251136.3~A36.K_14,14,,normal,Q251136.3~A36.K_14L.png,Q251136.3~A36.K_14R.png,train,/data5/chensx/MyProject/UAE/data/arrangement_merged/chr_14/Q251136.3~A36.K_14L.png,/data5/chensx/MyProject/UAE/data/arrangement_merged/chr_14/Q251136.3~A36.K_14R.png,0,-0.2618816853451531,,0.0010666847229003,0.8520956332014268,chromosome
0,0.001065969467163,Q251136,Q251136.3~A40.K_14,14,,normal,Q251136.3~A40.K_14L.png,Q251136.3~A40.K_14R.png,train,/data5/chensx/MyProject/UAE/data/arrangement_merged/chr_14/Q251136.3~A40.K_14L.png,/data5/chensx/MyProject/UAE/data/arrangement_merged/chr_14/Q251136.3~A40.K_14R.png,0,-0.2625854904597045,,0.001065969467163,0.8474071395899915,chromosome
0,0.0010320544242858,Q251136,Q251136.3~A41.K_14,14,,normal,Q251136.3~A41.K_14L.png,Q251136.3~A41.K_14R.png,train,/data5/chensx/MyProject/UAE/data/arrangement_merged/chr_14/Q251136.3~A41.K_14L.png,/data5/chensx/MyProject/UAE/data/arrangement_merged/chr_14/Q251136.3~A41.K_14R.png,0,-0.2959575829746834,,0.0010320544242858,0.6250944008462661,chromosome
0,0.0009767413139343,Q251136,Q251136.4~A12.K_14,14,,normal,Q251136.4~A12.K_14L.png,Q251136.4~A12.K_14R.png,train,/data5/chensx/MyProject/UAE/data/arrangement_merged/chr_14/Q251136.4~A12.K_14L.png,/data5/chensx/MyProject/UAE/data/arrangement_merged/chr_14/Q251136.4~A12.K_14R.png,0,-0.3503851784999917,,0.0009767413139343,0.26251756155992667,chromosome
0,0.0010343790054321,Q251136,Q251136.4~A13.K_14,14,,normal,Q251136.4~A13.K_14L.png,Q251136.4~A13.K_14R.png,train,/data5/chensx/MyProject/UAE/data/arrangement_merged/chr_14/Q251136.4~A13.K_14L.png,/data5/chensx/MyProject/UAE/data/arrangement_merged/chr_14/Q251136.4~A13.K_14R.png,0,-0.2936702163523913,,0.0010343790054321,0.6403320050839247,chromosome
0,0.0011441111564636,Q251136,Q251136.4~A15.K_14,14,,normal,Q251136.4~A15.K_14L.png,Q251136.4~A15.K_14R.png,train,/data5/chensx/MyProject/UAE/data/arrangement_merged/chr_14/Q251136.4~A15.K_14L.png,/data5/chensx/MyProject/UAE/data/arrangement_merged/chr_14/Q251136.4~A15.K_14R.png,0,-0.185694781694964,,0.0011441111564636,1.3596250666431273,chromosome
0,0.000962495803833,Q251136,Q251136.4~A16.K_14,14,,normal,Q251136.4~A16.K_14L.png,Q251136.4~A16.K_14R.png,train,/data5/chensx/MyProject/UAE/data/arrangement_merged/chr_14/Q251136.4~A16.K_14L.png,/data5/chensx/MyProject/UAE/data/arrangement_merged/chr_14/Q251136.4~A16.K_14R.png,0,-0.3644026303648071,,0.000962495803833,0.1691383971316715,chromosome
0,0.0010902881622314,Q251136,Q251136.4~A19.K_14,14,,normal,Q251136.4~A19.K_14L.png,Q251136.4~A19.K_14R.png,train,/data5/chensx/MyProject/UAE/data/arrangement_merged/chr_14/Q251136.4~A19.K_14L.png,/data5/chensx/MyProject/UAE/data/arrangement_merged/chr_14/Q251136.4~A19.K_14R.png,0,-0.2386561165649569,,0.0010902881622314,1.006815922380121,chromosome
0,0.0009664297103881,Q251136,Q251136.4~A2.K_14,14,,normal,Q251136.4~A2.K_14L.png,Q251136.4~A2.K_14R.png,train,/data5/chensx/MyProject/UAE/data/arrangement_merged/chr_14/Q251136.4~A2.K_14L.png,/data5/chensx/MyProject/UAE/data/arrangement_merged/chr_14/Q251136.4~A2.K_14R.png,0,-0.3605317022347744,,0.0009664297103881,0.1949251119942409,chromosome
0,0.0010640025138854,Q251136,Q251136.4~A36.K_14,14,,normal,Q251136.4~A36.K_14L.png,Q251136.4~A36.K_14R.png,train,/data5/chensx/MyProject/UAE/data/arrangement_merged/chr_14/Q251136.4~A36.K_14L.png,/data5/chensx/MyProject/UAE/data/arrangement_merged/chr_14/Q251136.4~A36.K_14R.png,0,-0.2645209545247208,,0.0010640025138854,0.8345137821583788,chromosome
0,0.0009625554084777,Q251136,Q251136.4~A5.K_14,14,,normal,Q251136.4~A5.K_14L.png,Q251136.4~A5.K_14R.png,train,/data5/chensx/MyProject/UAE/data/arrangement_merged/chr_14/Q251136.4~A5.K_14L.png,/data5/chensx/MyProject/UAE/data/arrangement_merged/chr_14/Q251136.4~A5.K_14R.png,0,-0.3643439799385944,,0.0009625554084777,0.1695291049321331,chromosome
0,0.0010266900062561,165070,165070.11~A20.K_15,15,,normal,165070.11~A20.K_15L.png,165070.11~A20.K_15R.png,train,/data5/chensx/MyProject/UAE/data/arrangement_merged/chr_15/165070.11~A20.K_15L.png,/data5/chensx/MyProject/UAE/data/arrangement_merged/chr_15/165070.11~A20.K_15R.png,0,-0.3351414031679944,,0.0010266900062561,-0.02506696220111782,chromosome
0,0.0010507106781005,165070,165070.11~A21.K_15,15,,normal,165070.11~A21.K_15L.png,165070.11~A21.K_15R.png,train,/data5/chensx/MyProject/UAE/data/arrangement_merged/chr_15/165070.11~A21.K_15L.png,/data5/chensx/MyProject/UAE/data/arrangement_merged/chr_15/165070.11~A21.K_15R.png,0,-0.3013016901555074,,0.0010507106781005,-0.012447583386866143,chromosome
0,0.0007014274597167,165070,165070.11~A30.K_15,15,,normal,165070.11~A30.K_15L.png,165070.11~A30.K_15R.png,train,/data5/chensx/MyProject/UAE/data/arrangement_merged/chr_15/165070.11~A30.K_15L.png,/data5/chensx/MyProject/UAE/data/arrangement_merged/chr_15/165070.11~A30.K_15R.png,0,-0.7933630257713222,,0.0007014274597167,-0.19594525051284836,chromosome
0,0.0009928941726684,165070,165070.12~A1.K_15,15,,normal,165070.12~A1.K_15L.png,165070.12~A1.K_15R.png,train,/data5/chensx/MyProject/UAE/data/arrangement_merged/chr_15/165070.12~A1.K_15L.png,/data5/chensx/MyProject/UAE/data/arrangement_merged/chr_15/165070.12~A1.K_15R.png,0,-0.3827521160168283,,0.0009928941726684,-0.04282177060736245,chromosome
0,0.0006753206253051,165070,165070.12~A21.K_15,15,,normal,165070.12~A21.K_15L.png,165070.12~A21.K_15R.png,train,/data5/chensx/MyProject/UAE/data/arrangement_merged/chr_15/165070.12~A21.K_15L.png,/data5/chensx/MyProject/UAE/data/arrangement_merged/chr_15/165070.12~A21.K_15R.png,0,-0.8301416716757124,,0.0006753206253051,-0.20966060515467644,chromosome
0,0.0008504986763,165070,165070.12~A41.K_15,15,,normal,165070.12~A41.K_15L.png,165070.12~A41.K_15R.png,train,/data5/chensx/MyProject/UAE/data/arrangement_merged/chr_15/165070.12~A41.K_15L.png,/data5/chensx/MyProject/UAE/data/arrangement_merged/chr_15/165070.12~A41.K_15R.png,0,-0.5833552782670299,,0.0008504986763,-0.11762994923601983,chromosome
0,0.0008613467216491,165070,165070.12~A5.K_15,15,,normal,165070.12~A5.K_15L.png,165070.12~A5.K_15R.png,train,/data5/chensx/MyProject/UAE/data/arrangement_merged/chr_15/165070.12~A5.K_15L.png,/data5/chensx/MyProject/UAE/data/arrangement_merged/chr_15/165070.12~A5.K_15R.png,0,-0.5680728272291327,,0.0008613467216491,-0.11193087493280095,chromosome
0,0.0007381439208984,165070,165070.12~A9.K_15,15,,normal,165070.12~A9.K_15L.png,165070.12~A9.K_15R.png,train,/data5/chensx/MyProject/UAE/data/arrangement_merged/chr_15/165070.12~A9.K_15L.png,/data5/chensx/MyProject/UAE/data/arrangement_merged/chr_15/165070.12~A9.K_15R.png,0,-0.7416378068738236,,0.0007381439208984,-0.17665607594803873,chromosome
0,0.0010187625885009,165070,165070.13~A24.K_15,15,,normal,165070.13~A24.K_15L.png,165070.13~A24.K_15R.png,train,/data5/chensx/MyProject/UAE/data/arrangement_merged/chr_15/165070.13~A24.K_15L.png,/data5/chensx/MyProject/UAE/data/arrangement_merged/chr_15/165070.13~A24.K_15R.png,0,-0.346309348157227,,0.0010187625885009,-0.029231670345824273,chromosome
0,0.0008676052093505,165070,165070.13~A25.K_15,15,,normal,165070.13~A25.K_15L.png,165070.13~A25.K_15R.png,train,/data5/chensx/MyProject/UAE/data/arrangement_merged/chr_15/165070.13~A25.K_15L.png,/data5/chensx/MyProject/UAE/data/arrangement_merged/chr_15/165070.13~A25.K_15R.png,0,-0.5592560285534226,,0.0008676052093505,-0.10864294745017669,chromosome
0,0.0012813806533813,165070,165070.13~A26.K_15,15,,normal,165070.13~A26.K_15L.png,165070.13~A26.K_15R.png,train,/data5/chensx/MyProject/UAE/data/arrangement_merged/chr_15/165070.13~A26.K_15L.png,/data5/chensx/MyProject/UAE/data/arrangement_merged/chr_15/165070.13~A26.K_15R.png,0,0.0236603181778036,,0.0012813806533813,0.1087360295444728,chromosome
0,0.0009286999702453,165070,165070.13~A27.K_15,15,,normal,165070.13~A27.K_15L.png,165070.13~A27.K_15R.png,train,/data5/chensx/MyProject/UAE/data/arrangement_merged/chr_15/165070.13~A27.K_15L.png,/data5/chensx/MyProject/UAE/data/arrangement_merged/chr_15/165070.13~A27.K_15R.png,0,-0.4731872795762536,,0.0009286999702453,-0.07654651250065424,chromosome
0,0.0005821585655212,165070,165070.13~A28.K_15,15,,normal,165070.13~A28.K_15L.png,165070.13~A28.K_15R.png,train,/data5/chensx/MyProject/UAE/data/arrangement_merged/chr_15/165070.13~A28.K_15L.png,/data5/chensx/MyProject/UAE/data/arrangement_merged/chr_15/165070.13~A28.K_15R.png,0,-0.9613860176769956,,0.0005821585655212,-0.2586037542532757,chromosome
0,0.0007190704345703,165070,165070.13~A3.K_15,15,,normal,165070.13~A3.K_15L.png,165070.13~A3.K_15R.png,train,/data5/chensx/MyProject/UAE/data/arrangement_merged/chr_15/165070.13~A3.K_15L.png,/data5/chensx/MyProject/UAE/data/arrangement_merged/chr_15/165070.13~A3.K_15R.png,0,-0.7685080504569397,,0.0007190704345703,-0.1866764263712871,chromosome
0,0.0008649826049804,165070,165070.13~A36.K_15,15,,normal,165070.13~A36.K_15L.png,165070.13~A36.K_15R.png,train,/data5/chensx/MyProject/UAE/data/arrangement_merged/chr_15/165070.13~A36.K_15L.png,/data5/chensx/MyProject/UAE/data/arrangement_merged/chr_15/165070.13~A36.K_15R.png,0,-0.5629506870461011,,0.0008649826049804,-0.1100207456333661,chromosome
0,0.0007454752922058,165070,165070.13~A40.K_15,15,,normal,165070.13~A40.K_15L.png,165070.13~A40.K_15R.png,train,/data5/chensx/MyProject/UAE/data/arrangement_merged/chr_15/165070.13~A40.K_15L.png,/data5/chensx/MyProject/UAE/data/arrangement_merged/chr_15/165070.13~A40.K_15R.png,0,-0.7313095569965633,,0.0007454752922058,-0.1728045037540834,chromosome
0,0.0006358623504638,165070,165070.13~A9.K_15,15,,normal,165070.13~A9.K_15L.png,165070.13~A9.K_15R.png,train,/data5/chensx/MyProject/UAE/data/arrangement_merged/chr_15/165070.13~A9.K_15L.png,/data5/chensx/MyProject/UAE/data/arrangement_merged/chr_15/165070.13~A9.K_15R.png,0,-0.885729488088284,,0.0006358623504638,-0.2303902050927942,chromosome
0,0.0006582736968994,165070,165070.1~A9.K_15,15,,normal,165070.1~A9.K_15L.png,165070.1~A9.K_15R.png,train,/data5/chensx/MyProject/UAE/data/arrangement_merged/chr_15/165070.1~A9.K_15L.png,/data5/chensx/MyProject/UAE/data/arrangement_merged/chr_15/165070.1~A9.K_15R.png,0,-0.8541569518781226,,0.0006582736968994,-0.218616293345434,chromosome
0,0.0012173056602478,165070,165070.2~A31.K_15,15,,normal,165070.2~A31.K_15L.png,165070.2~A31.K_15R.png,train,/data5/chensx/MyProject/UAE/data/arrangement_merged/chr_15/165070.2~A31.K_15L.png,/data5/chensx/MyProject/UAE/data/arrangement_merged/chr_15/165070.2~A31.K_15R.png,0,-0.0666069063592272,,0.0012173056602478,0.07507391484135224,chromosome
0,0.0010496377944946,165070,165070.3~A15.K_15,15,,normal,165070.3~A15.K_15L.png,165070.3~A15.K_15R.png,train,/data5/chensx/MyProject/UAE/data/arrangement_merged/chr_15/165070.3~A15.K_15L.png,/data5/chensx/MyProject/UAE/data/arrangement_merged/chr_15/165070.3~A15.K_15R.png,0,-0.3028131413570578,,0.0010496377944946,-0.013011228098144643,chromosome
0,0.0012379884719848,165070,165070.3~A2.K_15,15,,normal,165070.3~A2.K_15L.png,165070.3~A2.K_15R.png,train,/data5/chensx/MyProject/UAE/data/arrangement_merged/chr_15/165070.3~A2.K_15L.png,/data5/chensx/MyProject/UAE/data/arrangement_merged/chr_15/165070.3~A2.K_15R.png,0,-0.0374694859737856,,0.0012379884719848,0.08593973233154466,chromosome
0,0.0008242726325988,165070,165070.3~A30.K_15,15,,normal,165070.3~A30.K_15L.png,165070.3~A30.K_15R.png,train,/data5/chensx/MyProject/UAE/data/arrangement_merged/chr_15/165070.3~A30.K_15L.png,/data5/chensx/MyProject/UAE/data/arrangement_merged/chr_15/165070.3~A30.K_15R.png,0,-0.6203018631938146,,0.0008242726325988,-0.1314079310680192,chromosome
0,0.0009077787399291,165070,165070.3~A35.K_15,15,,normal,165070.3~A35.K_15L.png,165070.3~A35.K_15R.png,train,/data5/chensx/MyProject/UAE/data/arrangement_merged/chr_15/165070.3~A35.K_15L.png,/data5/chensx/MyProject/UAE/data/arrangement_merged/chr_15/165070.3~A35.K_15R.png,0,-0.5026605780064842,,0.0009077787399291,-0.0875375843711891,chromosome
0,0.0010281205177307,165070,165070.3~A43.K_15,15,,normal,165070.3~A43.K_15L.png,165070.3~A43.K_15R.png,train,/data5/chensx/MyProject/UAE/data/arrangement_merged/chr_15/165070.3~A43.K_15L.png,/data5/chensx/MyProject/UAE/data/arrangement_merged/chr_15/165070.3~A43.K_15R.png,0,-0.3331261348992607,,0.0010281205177307,-0.024315435919378105,chromosome
0,0.0010549426078796,170215,170215.12~A1.K_15,15,,normal,170215.12~A1.K_15L.png,170215.12~A1.K_15R.png,train,/data5/chensx/MyProject/UAE/data/arrangement_merged/chr_15/170215.12~A1.K_15L.png,/data5/chensx/MyProject/UAE/data/arrangement_merged/chr_15/170215.12~A1.K_15R.png,0,-0.3613374373962866,,0.0010549426078796,-0.010224318136680162,chromosome
0,0.0011008381843566,170215,170215.12~A24.K_15,15,,normal,170215.12~A24.K_15L.png,170215.12~A24.K_15R.png,train,/data5/chensx/MyProject/UAE/data/arrangement_merged/chr_15/170215.12~A24.K_15L.png,/data5/chensx/MyProject/UAE/data/arrangement_merged/chr_15/170215.12~A24.K_15R.png,0,-0.3010924704369353,,0.0011008381843566,0.013887150069266076,chromosome
0,0.0007553100585937,170215,170215.12~A31.K_15,15,,normal,170215.12~A31.K_15L.png,170215.12~A31.K_15R.png,train,/data5/chensx/MyProject/UAE/data/arrangement_merged/chr_15/170215.12~A31.K_15L.png,/data5/chensx/MyProject/UAE/data/arrangement_merged/chr_15/170215.12~A31.K_15R.png,0,-0.7546510074023376,,0.0007553100585937,-0.16763776056710994,chromosome
0,0.0007583498954772,170215,170215.12~A33.K_15,15,,normal,170215.12~A33.K_15L.png,170215.12~A33.K_15R.png,train,/data5/chensx/MyProject/UAE/data/arrangement_merged/chr_15/170215.12~A33.K_15L.png,/data5/chensx/MyProject/UAE/data/arrangement_merged/chr_15/170215.12~A33.K_15R.png,0,-0.7506607563439909,,0.0007583498954772,-0.1660407672184262,chromosome
0,0.000718355178833,170215,170215.12~A44.K_15,15,,normal,170215.12~A44.K_15L.png,170215.12~A44.K_15R.png,train,/data5/chensx/MyProject/UAE/data/arrangement_merged/chr_15/170215.12~A44.K_15L.png,/data5/chensx/MyProject/UAE/data/arrangement_merged/chr_15/170215.12~A44.K_15R.png,0,-0.8031599418371399,,0.000718355178833,-0.18705218951215694,chromosome
0,0.0007818937301635,170215,170215.12~A47.K_15,15,,normal,170215.12~A47.K_15L.png,170215.12~A47.K_15R.png,train,/data5/chensx/MyProject/UAE/data/arrangement_merged/chr_15/170215.12~A47.K_15L.png,/data5/chensx/MyProject/UAE/data/arrangement_merged/chr_15/170215.12~A47.K_15R.png,0,-0.719755870696012,,0.0007818937301635,-0.15367189716470195,chromosome
0,0.0008252263069152,170215,170215.12~A48.K_15,15,,normal,170215.12~A48.K_15L.png,170215.12~A48.K_15R.png,train,/data5/chensx/MyProject/UAE/data/arrangement_merged/chr_15/170215.12~A48.K_15L.png,/data5/chensx/MyProject/UAE/data/arrangement_merged/chr_15/170215.12~A48.K_15R.png,0,-0.6628752330603647,,0.0008252263069152,-0.13090691354685938,chromosome
0,0.0009685754776,170215,170215.12~A49.K_15,15,,normal,170215.12~A49.K_15L.png,170215.12~A49.K_15R.png,train,/data5/chensx/MyProject/UAE/data/arrangement_merged/chr_15/170215.12~A49.K_15L.png,/data5/chensx/MyProject/UAE/data/arrangement_merged/chr_15/170215.12~A49.K_15R.png,0,-0.4747075115834296,,0.0009685754776,-0.05559771739704223,chromosome
0,0.0012755393981933,170215,170215.12~A6.K_15,15,,normal,170215.12~A6.K_15L.png,170215.12~A6.K_15R.png,train,/data5/chensx/MyProject/UAE/data/arrangement_merged/chr_15/170215.12~A6.K_15L.png,/data5/chensx/MyProject/UAE/data/arrangement_merged/chr_15/170215.12~A6.K_15R.png,0,-0.0717703949072485,,0.0012755393981933,0.1056672972273428,chromosome
0,0.0007815361022949,170215,170215.12~A7.K_15,15,,normal,170215.12~A7.K_15L.png,170215.12~A7.K_15R.png,train,/data5/chensx/MyProject/UAE/data/arrangement_merged/chr_15/170215.12~A7.K_15L.png,/data5/chensx/MyProject/UAE/data/arrangement_merged/chr_15/170215.12~A7.K_15R.png,0,-0.7202253119969939,,0.0007815361022949,-0.15385977873511059,chromosome
0,0.0009692311286926,170215,170215.13~A21.K_15,15,,normal,170215.13~A21.K_15L.png,170215.13~A21.K_15R.png,train,/data5/chensx/MyProject/UAE/data/arrangement_merged/chr_15/170215.13~A21.K_15L.png,/data5/chensx/MyProject/UAE/data/arrangement_merged/chr_15/170215.13~A21.K_15R.png,0,-0.473846869198296,,0.0009692311286926,-0.055253267851205476,chromosome
0,0.0015209913253784,170215,170215.13~A36.K_15,15,,normal,170215.13~A36.K_15L.png,170215.13~A36.K_15R.png,train,/data5/chensx/MyProject/UAE/data/arrangement_merged/chr_15/170215.13~A36.K_15L.png,/data5/chensx/MyProject/UAE/data/arrangement_merged/chr_15/170215.13~A36.K_15R.png,0,0.2504228180000356,,0.0015209913253784,0.23461668173671113,chromosome
0,0.0010011196136474,170215,170215.13~A44.K_15,15,,normal,170215.13~A44.K_15L.png,170215.13~A44.K_15R.png,train,/data5/chensx/MyProject/UAE/data/arrangement_merged/chr_15/170215.13~A44.K_15L.png,/data5/chensx/MyProject/UAE/data/arrangement_merged/chr_15/170215.13~A44.K_15R.png,0,-0.4319883531940714,,0.0010011196136474,-0.03850049448733297,chromosome
0,0.0011159181594848,170215,170215.13~A47.K_15,15,,normal,170215.13~A47.K_15L.png,170215.13~A47.K_15R.png,train,/data5/chensx/MyProject/UAE/data/arrangement_merged/chr_15/170215.13~A47.K_15L.png,/data5/chensx/MyProject/UAE/data/arrangement_merged/chr_15/170215.13~A47.K_15R.png,0,-0.2812976955788627,,0.0011159181594848,0.021809489622670993,chromosome
0,0.0010055899620056,170215,170215.13~A5.K_15,15,,normal,170215.13~A5.K_15L.png,170215.13~A5.K_15R.png,train,/data5/chensx/MyProject/UAE/data/arrangement_merged/chr_15/170215.13~A5.K_15L.png,/data5/chensx/MyProject/UAE/data/arrangement_merged/chr_15/170215.13~A5.K_15R.png,0,-0.4261203369317969,,0.0010055899620056,-0.03615197485685702,chromosome
0,0.0010160207748413,170215,170215.1~A9.K_15,15,,normal,170215.1~A9.K_15L.png,170215.1~A9.K_15R.png,train,/data5/chensx/MyProject/UAE/data/arrangement_merged/chr_15/170215.1~A9.K_15L.png,/data5/chensx/MyProject/UAE/data/arrangement_merged/chr_15/170215.1~A9.K_15R.png,0,-0.4124282989864898,,0.0010160207748413,-0.030672095719132462,chromosome
0,0.0009410977363586,170215,170215.2~A19.K_15,15,,normal,170215.2~A19.K_15L.png,170215.2~A19.K_15R.png,train,/data5/chensx/MyProject/UAE/data/arrangement_merged/chr_15/170215.2~A19.K_15L.png,/data5/chensx/MyProject/UAE/data/arrangement_merged/chr_15/170215.2~A19.K_15R.png,0,-0.5107762515422101,,0.0009410977363586,-0.0700332847255244,chromosome
0,0.0011386275291442,170215,170215.2~A2.K_15,15,,normal,170215.2~A2.K_15L.png,170215.2~A2.K_15R.png,train,/data5/chensx/MyProject/UAE/data/arrangement_merged/chr_15/170215.2~A2.K_15L.png,/data5/chensx/MyProject/UAE/data/arrangement_merged/chr_15/170215.2~A2.K_15R.png,0,-0.2514881729665083,,0.0011386275291442,0.0337399693453542,chromosome
0,0.0007729530334472,170215,170215.2~A23.K_15,15,,normal,170215.2~A23.K_15L.png,170215.2~A23.K_15R.png,train,/data5/chensx/MyProject/UAE/data/arrangement_merged/chr_15/170215.2~A23.K_15L.png,/data5/chensx/MyProject/UAE/data/arrangement_merged/chr_15/170215.2~A23.K_15R.png,0,-0.7314919032205609,,0.0007729530334472,-0.15836893642560124,chromosome
0,0.000801682472229,170215,170215.2~A33.K_15,15,,normal,170215.2~A33.K_15L.png,170215.2~A33.K_15R.png,train,/data5/chensx/MyProject/UAE/data/arrangement_merged/chr_15/170215.2~A33.K_15L.png,/data5/chensx/MyProject/UAE/data/arrangement_merged/chr_15/170215.2~A33.K_15R.png,0,-0.6937801187083437,,0.000801682472229,-0.14327578360053117,chromosome
0,0.0008795261383056,170215,170215.2~A4.K_15,15,,normal,170215.2~A4.K_15L.png,170215.2~A4.K_15R.png,train,/data5/chensx/MyProject/UAE/data/arrangement_merged/chr_15/170215.2~A4.K_15L.png,/data5/chensx/MyProject/UAE/data/arrangement_merged/chr_15/170215.2~A4.K_15R.png,0,-0.5915983955279374,,0.0008795261383056,-0.10238022843562675,chromosome
0,0.000983715057373,170215,170215.3~A32.K_15,15,,normal,170215.3~A32.K_15L.png,170215.3~A32.K_15R.png,train,/data5/chensx/MyProject/UAE/data/arrangement_merged/chr_15/170215.3~A32.K_15L.png,/data5/chensx/MyProject/UAE/data/arrangement_merged/chr_15/170215.3~A32.K_15R.png,0,-0.4548344965085267,,0.000983715057373,-0.04764406424855169,chromosome
0,0.0011927485466003,170215,170215.3~A33.K_15,15,,normal,170215.3~A33.K_15L.png,170215.3~A33.K_15R.png,train,/data5/chensx/MyProject/UAE/data/arrangement_merged/chr_15/170215.3~A33.K_15L.png,/data5/chensx/MyProject/UAE/data/arrangement_merged/chr_15/170215.3~A33.K_15R.png,0,-0.1804460560845719,,0.0011927485466003,0.06217271367138254,chromosome
0,0.0009288191795349,170215,170215.3~A38.K_15,15,,normal,170215.3~A38.K_15L.png,170215.3~A38.K_15R.png,train,/data5/chensx/MyProject/UAE/data/arrangement_merged/chr_15/170215.3~A38.K_15L.png,/data5/chensx/MyProject/UAE/data/arrangement_merged/chr_15/170215.3~A38.K_15R.png,0,-0.5268937362092574,,0.0009288191795349,-0.076483885310483,chromosome
0,0.0011156797409057,170215,170215.3~A41.K_15,15,,normal,170215.3~A41.K_15L.png,170215.3~A41.K_15R.png,train,/data5/chensx/MyProject/UAE/data/arrangement_merged/chr_15/170215.3~A41.K_15L.png,/data5/chensx/MyProject/UAE/data/arrangement_merged/chr_15/170215.3~A41.K_15R.png,0,-0.281610656446184,,0.0011156797409057,0.02168423524238102,chromosome
0,0.0009042024612426,170215,170215.3~A47.K_15,15,,normal,170215.3~A47.K_15L.png,170215.3~A47.K_15R.png,train,/data5/chensx/MyProject/UAE/data/arrangement_merged/chr_15/170215.3~A47.K_15L.png,/data5/chensx/MyProject/UAE/data/arrangement_merged/chr_15/170215.3~A47.K_15R.png,0,-0.5592069457601822,,0.0009042024612426,-0.08941640007553832,chromosome
0,0.0007461905479431,179083,179083.12~A20.K_15,15,,normal,179083.12~A20.K_15L.png,179083.12~A20.K_15R.png,train,/data5/chensx/MyProject/UAE/data/arrangement_merged/chr_15/179083.12~A20.K_15L.png,/data5/chensx/MyProject/UAE/data/arrangement_merged/chr_15/179083.12~A20.K_15R.png,0,-0.671360390755362,,0.0007461905479431,-0.17242874061321362,chromosome
0,0.0009118318557739,179083,179083.12~A37.K_15,15,,normal,179083.12~A37.K_15L.png,179083.12~A37.K_15R.png,train,/data5/chensx/MyProject/UAE/data/arrangement_merged/chr_15/179083.12~A37.K_15L.png,/data5/chensx/MyProject/UAE/data/arrangement_merged/chr_15/179083.12~A37.K_15R.png,0,-0.4222762322191921,,0.0009118318557739,-0.08540825990620746,chromosome
0,0.0006657242774963,179083,179083.12~A39.K_15,15,,normal,179083.12~A39.K_15L.png,179083.12~A39.K_15R.png,train,/data5/chensx/MyProject/UAE/data/arrangement_merged/chr_15/179083.12~A39.K_15L.png,/data5/chensx/MyProject/UAE/data/arrangement_merged/chr_15/179083.12~A39.K_15R.png,0,-0.7923620510734006,,0.0006657242774963,-0.21470209396135995,chromosome
0,0.0009853839874267,179083,179083.12~A47.K_15,15,,normal,179083.12~A47.K_15L.png,179083.12~A47.K_15R.png,train,/data5/chensx/MyProject/UAE/data/arrangement_merged/chr_15/179083.12~A47.K_15L.png,/data5/chensx/MyProject/UAE/data/arrangement_merged/chr_15/179083.12~A47.K_15R.png,0,-0.3116717516025553,,0.0009853839874267,-0.04676728358652212,chromosome
0,0.0011227130889892,179083,179083.12~A9.K_15,15,,normal,179083.12~A9.K_15L.png,179083.12~A9.K_15R.png,train,/data5/chensx/MyProject/UAE/data/arrangement_merged/chr_15/179083.12~A9.K_15L.png,/data5/chensx/MyProject/UAE/data/arrangement_merged/chr_15/179083.12~A9.K_15R.png,0,-0.1051622513264359,,0.0011227130889892,0.025379239460960754,chromosome
0,0.000981330871582,179083,179083.13~A11.K_15,15,,normal,179083.13~A11.K_15L.png,179083.13~A11.K_15R.png,train,/data5/chensx/MyProject/UAE/data/arrangement_merged/chr_15/179083.13~A11.K_15L.png,/data5/chensx/MyProject/UAE/data/arrangement_merged/chr_15/179083.13~A11.K_15R.png,0,-0.3177666500482046,,0.000981330871582,-0.04889660805145118,chromosome
0,0.0011545419692993,179083,179083.13~A13.K_15,15,,normal,179083.13~A13.K_15L.png,179083.13~A13.K_15R.png,train,/data5/chensx/MyProject/UAE/data/arrangement_merged/chr_15/179083.13~A13.K_15L.png,/data5/chensx/MyProject/UAE/data/arrangement_merged/chr_15/179083.13~A13.K_15R.png,0,-0.0572993723561895,,0.0011545419692993,0.042100699229800156,chromosome
0,0.0008004903793334,179083,179083.13~A14.K_15,15,,normal,179083.13~A14.K_15L.png,179083.13~A14.K_15R.png,train,/data5/chensx/MyProject/UAE/data/arrangement_merged/chr_15/179083.13~A14.K_15L.png,/data5/chensx/MyProject/UAE/data/arrangement_merged/chr_15/179083.13~A14.K_15R.png,0,-0.5897066777555596,,0.0008004903793334,-0.14390205550203344,chromosome
0,0.0017049312591552,179083,179083.13~A2.K_15,15,,normal,179083.13~A2.K_15L.png,179083.13~A2.K_15R.png,train,/data5/chensx/MyProject/UAE/data/arrangement_merged/chr_15/179083.13~A2.K_15L.png,/data5/chensx/MyProject/UAE/data/arrangement_merged/chr_15/179083.13~A2.K_15R.png,0,0.7703519842191947,,0.0017049312591552,0.33125043613101013,chromosome
0,0.0008740425109863,179083,179083.13~A22.K_15,15,,normal,179083.13~A22.K_15L.png,179083.13~A22.K_15R.png,train,/data5/chensx/MyProject/UAE/data/arrangement_merged/chr_15/179083.13~A22.K_15L.png,/data5/chensx/MyProject/UAE/data/arrangement_merged/chr_15/179083.13~A22.K_15R.png,0,-0.4791021971389228,,0.0008740425109863,-0.10526107918229552,chromosome
0,0.0010738968849182,179083,179083.13~A26.K_15,15,,normal,179083.13~A26.K_15L.png,179083.13~A26.K_15R.png,train,/data5/chensx/MyProject/UAE/data/arrangement_merged/chr_15/179083.13~A26.K_15L.png,/data5/chensx/MyProject/UAE/data/arrangement_merged/chr_15/179083.13~A26.K_15R.png,0,-0.1785699252527127,,0.0010738968849182,-0.0002665949035504801,chromosome
0,0.0014955997467041,179083,179083.13~A34.K_15,15,,normal,179083.13~A34.K_15L.png,179083.13~A34.K_15R.png,train,/data5/chensx/MyProject/UAE/data/arrangement_merged/chr_15/179083.13~A34.K_15L.png,/data5/chensx/MyProject/UAE/data/arrangement_merged/chr_15/179083.13~A34.K_15R.png,0,0.4555684056733046,,0.0014955997467041,0.2212770902357529,chromosome
0,0.0009700655937194,179083,179083.13~A39.K_15,15,,normal,179083.13~A39.K_15L.png,179083.13~A39.K_15R.png,train,/data5/chensx/MyProject/UAE/data/arrangement_merged/chr_15/179083.13~A39.K_15L.png,/data5/chensx/MyProject/UAE/data/arrangement_merged/chr_15/179083.13~A39.K_15R.png,0,-0.33470688249273,,0.0009700655937194,-0.054814877520216895,chromosome
0,0.0011511445045471,179083,179083.14~A14.K_15,15,,normal,179083.14~A14.K_15L.png,179083.14~A14.K_15R.png,train,/data5/chensx/MyProject/UAE/data/arrangement_merged/chr_15/179083.14~A14.K_15L.png,/data5/chensx/MyProject/UAE/data/arrangement_merged/chr_15/179083.14~A14.K_15R.png,0,-0.0624083313473956,,0.0011511445045471,0.040315824310655335,chromosome
0,0.0010758638381958,179083,179083.14~A18.K_15,15,,normal,179083.14~A18.K_15L.png,179083.14~A18.K_15R.png,train,/data5/chensx/MyProject/UAE/data/arrangement_merged/chr_15/179083.14~A18.K_15L.png,/data5/chensx/MyProject/UAE/data/arrangement_merged/chr_15/179083.14~A18.K_15R.png,0,-0.1756121068893829,,0.0010758638381958,0.0007667537338546287,chromosome
0,0.0010230541229248,179083,179083.14~A2.K_15,15,,normal,179083.14~A2.K_15L.png,179083.14~A2.K_15R.png,train,/data5/chensx/MyProject/UAE/data/arrangement_merged/chr_15/179083.14~A2.K_15L.png,/data5/chensx/MyProject/UAE/data/arrangement_merged/chr_15/179083.14~A2.K_15R.png,0,-0.2550250484018142,,0.0010230541229248,-0.02697709150055273,chromosome
0,0.0011106133460998,179083,179083.14~A27.K_15,15,,normal,179083.14~A27.K_15L.png,179083.14~A27.K_15R.png,train,/data5/chensx/MyProject/UAE/data/arrangement_merged/chr_15/179083.14~A27.K_15L.png,/data5/chensx/MyProject/UAE/data/arrangement_merged/chr_15/179083.14~A27.K_15R.png,0,-0.1233573158038891,,0.0011106133460998,0.01902257966120651,chromosome
0,0.0012168288230895,179083,179083.14~A28.K_15,15,,normal,179083.14~A28.K_15L.png,179083.14~A28.K_15R.png,train,/data5/chensx/MyProject/UAE/data/arrangement_merged/chr_15/179083.14~A28.K_15L.png,/data5/chensx/MyProject/UAE/data/arrangement_merged/chr_15/179083.14~A28.K_15R.png,0,0.0363648758159218,,0.0012168288230895,0.0748234060807199,chromosome
0,0.0011149644851684,179083,179083.14~A39.K_15,15,,normal,179083.14~A39.K_15L.png,179083.14~A39.K_15R.png,train,/data5/chensx/MyProject/UAE/data/arrangement_merged/chr_15/179083.14~A39.K_15L.png,/data5/chensx/MyProject/UAE/data/arrangement_merged/chr_15/179083.14~A39.K_15R.png,0,-0.1168142630607656,,0.0011149644851684,0.021308472101511218,chromosome
0,0.001039445400238,179083,179083.14~A44.K_15,15,,normal,179083.14~A44.K_15L.png,179083.14~A44.K_15R.png,train,/data5/chensx/MyProject/UAE/data/arrangement_merged/chr_15/179083.14~A44.K_15L.png,/data5/chensx/MyProject/UAE/data/arrangement_merged/chr_15/179083.14~A44.K_15R.png,0,-0.2303765620407322,,0.001039445400238,-0.018365852855579342,chromosome
0,0.0015535354614257,179083,179083.14~A7.K_15,15,,normal,179083.14~A7.K_15L.png,179083.14~A7.K_15R.png,train,/data5/chensx/MyProject/UAE/data/arrangement_merged/chr_15/179083.14~A7.K_15L.png,/data5/chensx/MyProject/UAE/data/arrangement_merged/chr_15/179083.14~A7.K_15R.png,0,0.5426896011022924,,0.0015535354614257,0.2517139046463678,chromosome
0,0.0009000301361083,179083,179083.1~A24.K_15,15,,normal,179083.1~A24.K_15L.png,179083.1~A24.K_15R.png,train,/data5/chensx/MyProject/UAE/data/arrangement_merged/chr_15/179083.1~A24.K_15L.png,/data5/chensx/MyProject/UAE/data/arrangement_merged/chr_15/179083.1~A24.K_15R.png,0,-0.440023142399171,,0.0009000301361083,-0.09160835173063868,chromosome
0,0.0006592273712158,179083,179083.2~A1.K_15,15,,normal,179083.2~A1.K_15L.png,179083.2~A1.K_15R.png,train,/data5/chensx/MyProject/UAE/data/arrangement_merged/chr_15/179083.2~A1.K_15L.png,/data5/chensx/MyProject/UAE/data/arrangement_merged/chr_15/179083.2~A1.K_15R.png,0,-0.8021318147583386,,0.0006592273712158,-0.21811527582427417,chromosome
0,0.0008802413940429,179083,179083.2~A12.K_15,15,,normal,179083.2~A12.K_15L.png,179083.2~A12.K_15R.png,train,/data5/chensx/MyProject/UAE/data/arrangement_merged/chr_15/179083.2~A12.K_15L.png,/data5/chensx/MyProject/UAE/data/arrangement_merged/chr_15/179083.2~A12.K_15R.png,0,-0.4697805877514591,,0.0008802413940429,-0.10200446529475689,chromosome
0,0.0008513331413269,179083,179083.2~A14.K_15,15,,normal,179083.2~A14.K_15L.png,179083.2~A14.K_15R.png,train,/data5/chensx/MyProject/UAE/data/arrangement_merged/chr_15/179083.2~A14.K_15L.png,/data5/chensx/MyProject/UAE/data/arrangement_merged/chr_15/179083.2~A14.K_15R.png,0,-0.5132515546064581,,0.0008513331413269,-0.11719155890497879,chromosome
0,0.0007314682006835,179083,179083.2~A18.K_15,15,,normal,179083.2~A18.K_15L.png,179083.2~A18.K_15R.png,train,/data5/chensx/MyProject/UAE/data/arrangement_merged/chr_15/179083.2~A18.K_15L.png,/data5/chensx/MyProject/UAE/data/arrangement_merged/chr_15/179083.2~A18.K_15R.png,0,-0.6934992130505883,,0.0007314682006835,-0.18016319859620983,chromosome
0,0.0008066296577453,179083,179083.2~A20.K_15,15,,normal,179083.2~A20.K_15L.png,179083.2~A20.K_15R.png,train,/data5/chensx/MyProject/UAE/data/arrangement_merged/chr_15/179083.2~A20.K_15L.png,/data5/chensx/MyProject/UAE/data/arrangement_merged/chr_15/179083.2~A20.K_15R.png,0,-0.5804746992275908,,0.0008066296577453,-0.1406767552095279,chromosome
0,0.0014148950576782,179083,179083.2~A26.K_15,15,,normal,179083.2~A26.K_15L.png,179083.2~A26.K_15R.png,train,/data5/chensx/MyProject/UAE/data/arrangement_merged/chr_15/179083.2~A26.K_15L.png,/data5/chensx/MyProject/UAE/data/arrangement_merged/chr_15/179083.2~A26.K_15R.png,0,0.3342082219172865,,0.0014148950576782,0.17887848250731658,chromosome
0,0.0009743571281433,179083,179083.2~A3.K_15,15,,normal,179083.2~A3.K_15L.png,179083.2~A3.K_15R.png,train,/data5/chensx/MyProject/UAE/data/arrangement_merged/chr_15/179083.2~A3.K_15L.png,/data5/chensx/MyProject/UAE/data/arrangement_merged/chr_15/179083.2~A3.K_15R.png,0,-0.3282534606091013,,0.0009743571281433,-0.05256029867494529,chromosome
0,0.0009437203407287,179083,179083.2~A31.K_15,15,,normal,179083.2~A31.K_15L.png,179083.2~A31.K_15R.png,train,/data5/chensx/MyProject/UAE/data/arrangement_merged/chr_15/179083.2~A31.K_15L.png,/data5/chensx/MyProject/UAE/data/arrangement_merged/chr_15/179083.2~A31.K_15R.png,0,-0.3743237223894508,,0.0009437203407287,-0.06865548654233494,chromosome
0,0.0008571743965148,179083,179083.2~A35.K_15,15,,normal,179083.2~A35.K_15L.png,179083.2~A35.K_15R.png,train,/data5/chensx/MyProject/UAE/data/arrangement_merged/chr_15/179083.2~A35.K_15L.png,/data5/chensx/MyProject/UAE/data/arrangement_merged/chr_15/179083.2~A35.K_15R.png,0,-0.5044677303759635,,0.0008571743965148,-0.11412282658790131,chromosome
0,0.0011994838714599,179083,179083.2~A38.K_15,15,,normal,179083.2~A38.K_15L.png,179083.2~A38.K_15R.png,train,/data5/chensx/MyProject/UAE/data/arrangement_merged/chr_15/179083.2~A38.K_15L.png,/data5/chensx/MyProject/UAE/data/arrangement_merged/chr_15/179083.2~A38.K_15R.png,0,0.0102822957029223,,0.0011994838714599,0.06571114991458674,chromosome
0,0.0007492303848266,179083,179083.3~A1.K_15,15,,normal,179083.3~A1.K_15L.png,179083.3~A1.K_15R.png,train,/data5/chensx/MyProject/UAE/data/arrangement_merged/chr_15/179083.3~A1.K_15L.png,/data5/chensx/MyProject/UAE/data/arrangement_merged/chr_15/179083.3~A1.K_15R.png,0,-0.6667892169211249,,0.0007492303848266,-0.17083174726452988,chromosome
0,0.0013362765312194,179083,179083.3~A24.K_15,15,,normal,179083.3~A24.K_15L.png,179083.3~A24.K_15R.png,train,/data5/chensx/MyProject/UAE/data/arrangement_merged/chr_15/179083.3~A24.K_15L.png,/data5/chensx/MyProject/UAE/data/arrangement_merged/chr_15/179083.3~A24.K_15R.png,0,0.215985118243588,,0.0013362765312194,0.1375758506064041,chromosome
0,0.0006230473518371,179083,179083.3~A27.K_15,15,,normal,179083.3~A27.K_15L.png,179083.3~A27.K_15R.png,train,/data5/chensx/MyProject/UAE/data/arrangement_merged/chr_15/179083.3~A27.K_15L.png,/data5/chensx/MyProject/UAE/data/arrangement_merged/chr_15/179083.3~A27.K_15R.png,0,-0.8565377464717085,,0.0006230473518371,-0.2371226280334183,chromosome
0,0.0008089542388916,179083,179083.4~A34.K_15,15,,normal,179083.4~A34.K_15L.png,179083.4~A34.K_15R.png,train,/data5/chensx/MyProject/UAE/data/arrangement_merged/chr_15/179083.4~A34.K_15L.png,/data5/chensx/MyProject/UAE/data/arrangement_merged/chr_15/179083.4~A34.K_15R.png,0,-0.5769790957072919,,0.0008089542388916,-0.13945552500166147,chromosome
0,0.0012162327766418,180371,180371.11~A18.K_15,15,,normal,180371.11~A18.K_15L.png,180371.11~A18.K_15R.png,train,/data5/chensx/MyProject/UAE/data/arrangement_merged/chr_15/180371.11~A18.K_15L.png,/data5/chensx/MyProject/UAE/data/arrangement_merged/chr_15/180371.11~A18.K_15R.png,0,-0.0423910715441621,,0.0012162327766418,0.07451027013002122,chromosome
0,0.0007956027984619,180371,180371.11~A42.K_15,15,,normal,180371.11~A42.K_15L.png,180371.11~A42.K_15R.png,train,/data5/chensx/MyProject/UAE/data/arrangement_merged/chr_15/180371.11~A42.K_15L.png,/data5/chensx/MyProject/UAE/data/arrangement_merged/chr_15/180371.11~A42.K_15R.png,0,-0.6457786036842943,,0.0007956027984619,-0.14646977029795114,chromosome
0,0.000776469707489,180371,180371.11~A50.K_15,15,,normal,180371.11~A50.K_15L.png,180371.11~A50.K_15R.png,train,/data5/chensx/MyProject/UAE/data/arrangement_merged/chr_15/180371.11~A50.K_15L.png,/data5/chensx/MyProject/UAE/data/arrangement_merged/chr_15/180371.11~A50.K_15R.png,0,-0.6732247419607549,,0.000776469707489,-0.1565214343162851,chromosome
0,0.0009264945983886,180371,180371.13~A44.K_15,15,,normal,180371.13~A44.K_15L.png,180371.13~A44.K_15R.png,train,/data5/chensx/MyProject/UAE/data/arrangement_merged/chr_15/180371.13~A44.K_15L.png,/data5/chensx/MyProject/UAE/data/arrangement_merged/chr_15/180371.13~A44.K_15R.png,0,-0.4580162371574797,,0.0009264945983886,-0.07770511551834938,chromosome
0,0.0009128451347351,180371,180371.14~A1.K_15,15,,normal,180371.14~A1.K_15L.png,180371.14~A1.K_15R.png,train,/data5/chensx/MyProject/UAE/data/arrangement_merged/chr_15/180371.14~A1.K_15L.png,/data5/chensx/MyProject/UAE/data/arrangement_merged/chr_15/180371.14~A1.K_15R.png,0,-0.4775961925011229,,0.0009128451347351,-0.084875928789962,chromosome
0,0.0007534027099609,180371,180371.1~A15.K_15,15,,normal,180371.1~A15.K_15L.png,180371.1~A15.K_15R.png,train,/data5/chensx/MyProject/UAE/data/arrangement_merged/chr_15/180371.1~A15.K_15L.png,/data5/chensx/MyProject/UAE/data/arrangement_merged/chr_15/180371.1~A15.K_15R.png,0,-0.706314011471628,,0.0007534027099609,-0.16863979560942952,chromosome
0,0.0006596446037292,180371,180371.1~A25.K_15,15,,normal,180371.1~A25.K_15L.png,180371.1~A25.K_15R.png,train,/data5/chensx/MyProject/UAE/data/arrangement_merged/chr_15/180371.1~A25.K_15L.png,/data5/chensx/MyProject/UAE/data/arrangement_merged/chr_15/180371.1~A25.K_15R.png,0,-0.8408086392251248,,0.0006596446037292,-0.2178960806587799,chromosome
0,0.0009161233901977,180371,180371.1~A33.K_15,15,,normal,180371.1~A33.K_15L.png,180371.1~A33.K_15R.png,train,/data5/chensx/MyProject/UAE/data/arrangement_merged/chr_15/180371.1~A33.K_15L.png,/data5/chensx/MyProject/UAE/data/arrangement_merged/chr_15/180371.1~A33.K_15R.png,0,-0.4728935831391125,,0.0009161233901977,-0.08315368106098837,chromosome
0,0.0008224248886108,180371,180371.1~A35.K_15,15,,normal,180371.1~A35.K_15L.png,180371.1~A35.K_15R.png,train,/data5/chensx/MyProject/UAE/data/arrangement_merged/chr_15/180371.1~A35.K_15L.png,/data5/chensx/MyProject/UAE/data/arrangement_merged/chr_15/180371.1~A35.K_15R.png,0,-0.6073027089042093,,0.0008224248886108,-0.13237865251525313,chromosome
0,0.0008484125137329,180371,180371.2~A15.K_15,15,,normal,180371.2~A15.K_15L.png,180371.2~A15.K_15R.png,train,/data5/chensx/MyProject/UAE/data/arrangement_merged/chr_15/180371.2~A15.K_15L.png,/data5/chensx/MyProject/UAE/data/arrangement_merged/chr_15/180371.2~A15.K_15R.png,0,-0.5700238419617271,,0.0008484125137329,-0.11872592506354378,chromosome
0,0.0009765625,180371,180371.2~A16.K_15,15,,normal,180371.2~A16.K_15L.png,180371.2~A16.K_15R.png,train,/data5/chensx/MyProject/UAE/data/arrangement_merged/chr_15/180371.2~A16.K_15L.png,/data5/chensx/MyProject/UAE/data/arrangement_merged/chr_15/180371.2~A16.K_15R.png,0,-0.3861945669013211,,0.0009765625,-0.051401695657250154,chromosome
0,0.0009138584136962,180371,180371.2~A21.K_15,15,,normal,180371.2~A21.K_15L.png,180371.2~A21.K_15R.png,train,/data5/chensx/MyProject/UAE/data/arrangement_merged/chr_15/180371.2~A21.K_15L.png,/data5/chensx/MyProject/UAE/data/arrangement_merged/chr_15/180371.2~A21.K_15R.png,0,-0.4761426586983197,,0.0009138584136962,-0.08434359767376913,chromosome
0,0.0008579492568969,180371,180371.2~A41.K_15,15,,normal,180371.2~A41.K_15L.png,180371.2~A41.K_15R.png,train,/data5/chensx/MyProject/UAE/data/arrangement_merged/chr_15/180371.2~A41.K_15L.png,/data5/chensx/MyProject/UAE/data/arrangement_merged/chr_15/180371.2~A41.K_15R.png,0,-0.5563435238176968,,0.0008579492568969,-0.11371574985194582,chromosome
0,0.0009793043136596,180371,180371.2~A49.K_15,15,,normal,180371.2~A49.K_15L.png,180371.2~A49.K_15R.png,train,/data5/chensx/MyProject/UAE/data/arrangement_merged/chr_15/180371.2~A49.K_15L.png,/data5/chensx/MyProject/UAE/data/arrangement_merged/chr_15/180371.2~A49.K_15R.png,0,-0.3822614754349125,,0.0009793043136596,-0.04996127028394197,chromosome
0,0.0010439157485961,180371,180371.3~A2.K_15,15,,normal,180371.3~A2.K_15L.png,180371.3~A2.K_15R.png,train,/data5/chensx/MyProject/UAE/data/arrangement_merged/chr_15/180371.3~A2.K_15L.png,/data5/chensx/MyProject/UAE/data/arrangement_merged/chr_15/180371.3~A2.K_15R.png,0,-0.2895773200091078,,0.0010439157485961,-0.016017333225156017,chromosome
0,0.0007673501968383,180371,180371.3~A25.K_15,15,,normal,180371.3~A25.K_15L.png,180371.3~A25.K_15R.png,train,/data5/chensx/MyProject/UAE/data/arrangement_merged/chr_15/180371.3~A25.K_15L.png,/data5/chensx/MyProject/UAE/data/arrangement_merged/chr_15/180371.3~A25.K_15R.png,0,-0.6863065461859837,,0.0007673501968383,-0.16131241436244131,chromosome
0,0.0009769201278686,180371,180371.3~A45.K_15,15,,normal,180371.3~A45.K_15L.png,180371.3~A45.K_15R.png,train,/data5/chensx/MyProject/UAE/data/arrangement_merged/chr_15/180371.3~A45.K_15L.png,/data5/chensx/MyProject/UAE/data/arrangement_merged/chr_15/180371.3~A45.K_15R.png,0,-0.38568155497092,,0.0009769201278686,-0.051213814086841454,chromosome
0,0.0007739067077636,180371,180371.3~A9.K_15,15,,normal,180371.3~A9.K_15L.png,180371.3~A9.K_15R.png,train,/data5/chensx/MyProject/UAE/data/arrangement_merged/chr_15/180371.3~A9.K_15L.png,/data5/chensx/MyProject/UAE/data/arrangement_merged/chr_15/180371.3~A9.K_15R.png,0,-0.676901327461963,,0.0007739067077636,-0.15786791890444146,chromosome
0,0.0006496906280517,180371,180371.4~A19.K_15,15,,normal,180371.4~A19.K_15L.png,180371.4~A19.K_15R.png,train,/data5/chensx/MyProject/UAE/data/arrangement_merged/chr_15/180371.4~A19.K_15L.png,/data5/chensx/MyProject/UAE/data/arrangement_merged/chr_15/180371.4~A19.K_15R.png,0,-0.8550874712879564,,0.0006496906280517,-0.22312545103592463,chromosome
0,0.0009285807609558,180371,180371.4~A20.K_15,15,,normal,180371.4~A20.K_15L.png,180371.4~A20.K_15R.png,train,/data5/chensx/MyProject/UAE/data/arrangement_merged/chr_15/180371.4~A20.K_15L.png,/data5/chensx/MyProject/UAE/data/arrangement_merged/chr_15/180371.4~A20.K_15R.png,0,-0.4550236675634731,,0.0009285807609558,-0.07660913969077292,chromosome
0,0.0010405778884887,180371,180371.4~A23.K_15,15,,normal,180371.4~A23.K_15L.png,180371.4~A23.K_15R.png,train,/data5/chensx/MyProject/UAE/data/arrangement_merged/chr_15/180371.4~A23.K_15L.png,/data5/chensx/MyProject/UAE/data/arrangement_merged/chr_15/180371.4~A23.K_15R.png,0,-0.2943654313595184,,0.0010405778884887,-0.017770894549215276,chromosome
0,0.0011449456214904,180371,180371.4~A27.K_15,15,,normal,180371.4~A27.K_15L.png,180371.4~A27.K_15R.png,train,/data5/chensx/MyProject/UAE/data/arrangement_merged/chr_15/180371.4~A27.K_15L.png,/data5/chensx/MyProject/UAE/data/arrangement_merged/chr_15/180371.4~A27.K_15R.png,0,-0.1446514496707878,,0.0011449456214904,0.03705921042306413,chromosome
0,0.0010780096054077,180371,180371.4~A35.K_15,15,,normal,180371.4~A35.K_15L.png,180371.4~A35.K_15R.png,train,/data5/chensx/MyProject/UAE/data/arrangement_merged/chr_15/180371.4~A35.K_15L.png,/data5/chensx/MyProject/UAE/data/arrangement_merged/chr_15/180371.4~A35.K_15R.png,0,-0.2406701826441998,,0.0010780096054077,0.0018940431564642578,chromosome
0,0.0008797645568847,180371,180371.4~A39.K_15,15,,normal,180371.4~A39.K_15L.png,180371.4~A39.K_15R.png,train,/data5/chensx/MyProject/UAE/data/arrangement_merged/chr_15/180371.4~A39.K_15L.png,/data5/chensx/MyProject/UAE/data/arrangement_merged/chr_15/180371.4~A39.K_15R.png,0,-0.5250497960632278,,0.0008797645568847,-0.10225497405533678,chromosome
0,0.001177430152893,180371,180371.4~A44.K_15,15,,normal,180371.4~A44.K_15L.png,180371.4~A44.K_15R.png,train,/data5/chensx/MyProject/UAE/data/arrangement_merged/chr_15/180371.4~A44.K_15L.png,/data5/chensx/MyProject/UAE/data/arrangement_merged/chr_15/180371.4~A44.K_15R.png,0,-0.098052865992685,,0.001177430152893,0.054125119737687764,chromosome
0,0.0008907318115234,182418,182418.13~A1.K_15,15,,normal,182418.13~A1.K_15L.png,182418.13~A1.K_15R.png,train,/data5/chensx/MyProject/UAE/data/arrangement_merged/chr_15/182418.13~A1.K_15L.png,/data5/chensx/MyProject/UAE/data/arrangement_merged/chr_15/182418.13~A1.K_15R.png,0,-0.589839131587345,,0.0008907318115234,-0.09649327256194666,chromosome
0,0.000878095626831,182418,182418.13~A27.K_15,15,,normal,182418.13~A27.K_15L.png,182418.13~A27.K_15R.png,train,/data5/chensx/MyProject/UAE/data/arrangement_merged/chr_15/182418.13~A27.K_15L.png,/data5/chensx/MyProject/UAE/data/arrangement_merged/chr_15/182418.13~A27.K_15R.png,0,-0.6069803134880616,,0.000878095626831,-0.10313175471736641,chromosome
0,0.0008707046508789,182418,182418.13~A6.K_15,15,,normal,182418.13~A6.K_15L.png,182418.13~A6.K_15R.png,train,/data5/chensx/MyProject/UAE/data/arrangement_merged/chr_15/182418.13~A6.K_15L.png,/data5/chensx/MyProject/UAE/data/arrangement_merged/chr_15/182418.13~A6.K_15R.png,0,-0.6170062878073487,,0.0008707046508789,-0.10701464050635484,chromosome
0,0.0007679462432861,182418,182418.14~A44.K_15,15,,normal,182418.14~A44.K_15L.png,182418.14~A44.K_15R.png,train,/data5/chensx/MyProject/UAE/data/arrangement_merged/chr_15/182418.14~A44.K_15L.png,/data5/chensx/MyProject/UAE/data/arrangement_merged/chr_15/182418.14~A44.K_15R.png,0,-0.7563996726980815,,0.0007679462432861,-0.16099927841169018,chromosome
0,0.0010018348693847,182418,182418.1~A24.K_15,15,,normal,182418.1~A24.K_15L.png,182418.1~A24.K_15R.png,train,/data5/chensx/MyProject/UAE/data/arrangement_merged/chr_15/182418.1~A24.K_15L.png,/data5/chensx/MyProject/UAE/data/arrangement_merged/chr_15/182418.1~A24.K_15R.png,0,-0.4391260982716107,,0.0010018348693847,-0.038124731346463166,chromosome
0,0.0011292695999145,182418,182418.2~A16.K_15,15,,normal,182418.2~A16.K_15L.png,182418.2~A16.K_15R.png,train,/data5/chensx/MyProject/UAE/data/arrangement_merged/chr_15/182418.2~A16.K_15L.png,/data5/chensx/MyProject/UAE/data/arrangement_merged/chr_15/182418.2~A16.K_15R.png,0,-0.2662588958955164,,0.0011292695999145,0.028823734918960654,chromosome
0,0.0010623335838317,182418,182418.2~A2.K_15,15,,normal,182418.2~A2.K_15L.png,182418.2~A2.K_15R.png,train,/data5/chensx/MyProject/UAE/data/arrangement_merged/chr_15/182418.2~A2.K_15L.png,/data5/chensx/MyProject/UAE/data/arrangement_merged/chr_15/182418.2~A2.K_15R.png,0,-0.3570586471903499,,0.0010623335838317,-0.006341432347691844,chromosome
0,0.0010591149330139,182418,182418.2~A3.K_15,15,,normal,182418.2~A3.K_15L.png,182418.2~A3.K_15R.png,train,/data5/chensx/MyProject/UAE/data/arrangement_merged/chr_15/182418.2~A3.K_15L.png,/data5/chensx/MyProject/UAE/data/arrangement_merged/chr_15/182418.2~A3.K_15R.png,0,-0.3614247972971361,,0.0010591149330139,-0.008032366481579858,chromosome
0,0.0009540319442749,182418,182418.2~A33.K_15,15,,normal,182418.2~A33.K_15L.png,182418.2~A33.K_15R.png,train,/data5/chensx/MyProject/UAE/data/arrangement_merged/chr_15/182418.2~A33.K_15L.png,/data5/chensx/MyProject/UAE/data/arrangement_merged/chr_15/182418.2~A33.K_15R.png,0,-0.503971512820548,,0.0009540319442749,-0.06323823459472906,chromosome
0,0.0009980797767639,182418,182418.2~A38.K_15,15,,normal,182418.2~A38.K_15L.png,182418.2~A38.K_15R.png,train,/data5/chensx/MyProject/UAE/data/arrangement_merged/chr_15/182418.2~A38.K_15L.png,/data5/chensx/MyProject/UAE/data/arrangement_merged/chr_15/182418.2~A38.K_15R.png,0,-0.4442199400628615,,0.0009980797767639,-0.040097487836016694,chromosome
0,0.0009447336196899,182418,182418.3~A15.K_15,15,,normal,182418.3~A15.K_15L.png,182418.3~A15.K_15R.png,train,/data5/chensx/MyProject/UAE/data/arrangement_merged/chr_15/182418.3~A15.K_15L.png,/data5/chensx/MyProject/UAE/data/arrangement_merged/chr_15/182418.3~A15.K_15R.png,0,-0.5165848353512639,,0.0009447336196899,-0.06812315542608956,chromosome
0,0.0005872249603271,182418,182418.3~A25.K_15,15,,normal,182418.3~A25.K_15L.png,182418.3~A25.K_15R.png,train,/data5/chensx/MyProject/UAE/data/arrangement_merged/chr_15/182418.3~A25.K_15L.png,/data5/chensx/MyProject/UAE/data/arrangement_merged/chr_15/182418.3~A25.K_15R.png,0,-1.0015509157309712,,0.0005872249603271,-0.25594209867210116,chromosome
0,0.0009315609931945,182418,182418.3~A49.K_15,15,,normal,182418.3~A49.K_15L.png,182418.3~A49.K_15R.png,train,/data5/chensx/MyProject/UAE/data/arrangement_merged/chr_15/182418.3~A49.K_15L.png,/data5/chensx/MyProject/UAE/data/arrangement_merged/chr_15/182418.3~A49.K_15R.png,0,-0.5344537089364448,,0.0009315609931945,-0.07504345993717487,chromosome
0,0.0010376572608947,182418,182418.4~A15.K_15,15,,normal,182418.4~A15.K_15L.png,182418.4~A15.K_15R.png,train,/data5/chensx/MyProject/UAE/data/arrangement_merged/chr_15/182418.4~A15.K_15L.png,/data5/chensx/MyProject/UAE/data/arrangement_merged/chr_15/182418.4~A15.K_15R.png,0,-0.3905324646757114,,0.0010376572608947,-0.019305260707780273,chromosome
0,0.0010061860084533,182418,182418.4~A6.K_15,15,,normal,182418.4~A6.K_15L.png,182418.4~A6.K_15R.png,train,/data5/chensx/MyProject/UAE/data/arrangement_merged/chr_15/182418.4~A6.K_15L.png,/data5/chensx/MyProject/UAE/data/arrangement_merged/chr_15/182418.4~A6.K_15R.png,0,-0.4332237101642885,,0.0010061860084533,-0.03583883890615846,chromosome
0,0.0007699131965637,182418,182418.5~A16.K_15,15,,normal,182418.5~A16.K_15L.png,182418.5~A16.K_15R.png,train,/data5/chensx/MyProject/UAE/data/arrangement_merged/chr_15/182418.5~A16.K_15L.png,/data5/chensx/MyProject/UAE/data/arrangement_merged/chr_15/182418.5~A16.K_15R.png,0,-0.7537314698550454,,0.0007699131965637,-0.15996592977428495,chromosome
0,0.0009115934371948,182418,182418.5~A17.K_15,15,,normal,182418.5~A17.K_15L.png,182418.5~A17.K_15R.png,train,/data5/chensx/MyProject/UAE/data/arrangement_merged/chr_15/182418.5~A17.K_15L.png,/data5/chensx/MyProject/UAE/data/arrangement_merged/chr_15/182418.5~A17.K_15R.png,0,-0.5615400105248413,,0.0009115934371948,-0.08553351428649737,chromosome
0,0.0012292861938476,182418,182418.5~A3.K_15,15,,normal,182418.5~A3.K_15L.png,182418.5~A3.K_15R.png,train,/data5/chensx/MyProject/UAE/data/arrangement_merged/chr_15/182418.5~A3.K_15L.png,/data5/chensx/MyProject/UAE/data/arrangement_merged/chr_15/182418.5~A3.K_15R.png,0,-0.1305848240587127,,0.0012292861938476,0.08136794745093535,chromosome
0,0.0009666681289672,182418,182418.5~A30.K_15,15,,normal,182418.5~A30.K_15L.png,182418.5~A30.K_15R.png,train,/data5/chensx/MyProject/UAE/data/arrangement_merged/chr_15/182418.5~A30.K_15L.png,/data5/chensx/MyProject/UAE/data/arrangement_merged/chr_15/182418.5~A30.K_15R.png,0,-0.4868303309198314,,0.0009666681289672,-0.05659975243936177,chromosome
0,0.0010262727737426,182418,182418.5~A5.K_15,15,,normal,182418.5~A5.K_15L.png,182418.5~A5.K_15R.png,train,/data5/chensx/MyProject/UAE/data/arrangement_merged/chr_15/182418.5~A5.K_15L.png,/data5/chensx/MyProject/UAE/data/arrangement_merged/chr_15/182418.5~A5.K_15R.png,0,-0.4059756993126778,,0.0010262727737426,-0.025286157366664598,chromosome
0,0.0008041858673095,182747,182747.11~A42.K_15,15,,normal,182747.11~A42.K_15L.png,182747.11~A42.K_15R.png,train,/data5/chensx/MyProject/UAE/data/arrangement_merged/chr_15/182747.11~A42.K_15L.png,/data5/chensx/MyProject/UAE/data/arrangement_merged/chr_15/182747.11~A42.K_15R.png,0,-0.6727839255093697,,0.0008041858673095,-0.14196061260751303,chromosome
0,0.0006901621818542,182747,182747.12~A10.K_15,15,,normal,182747.12~A10.K_15L.png,182747.12~A10.K_15R.png,train,/data5/chensx/MyProject/UAE/data/arrangement_merged/chr_15/182747.12~A10.K_15L.png,/data5/chensx/MyProject/UAE/data/arrangement_merged/chr_15/182747.12~A10.K_15R.png,0,-0.824960448453783,,0.0006901621818542,-0.2018635199815615,chromosome
0,0.001024842262268,182747,182747.12~A14.K_15,15,,normal,182747.12~A14.K_15L.png,182747.12~A14.K_15R.png,train,/data5/chensx/MyProject/UAE/data/arrangement_merged/chr_15/182747.12~A14.K_15L.png,/data5/chensx/MyProject/UAE/data/arrangement_merged/chr_15/182747.12~A14.K_15R.png,0,-0.3782949093357062,,0.001024842262268,-0.026037683648404315,chromosome
0,0.0009730458259582,182747,182747.12~A18.K_15,15,,normal,182747.12~A18.K_15L.png,182747.12~A18.K_15R.png,train,/data5/chensx/MyProject/UAE/data/arrangement_merged/chr_15/182747.12~A18.K_15L.png,/data5/chensx/MyProject/UAE/data/arrangement_merged/chr_15/182747.12~A18.K_15R.png,0,-0.447422665968584,,0.0009730458259582,-0.053249197766566274,chromosome
0,0.0010660886764526,182747,182747.12~A26.K_15,15,,normal,182747.12~A26.K_15L.png,182747.12~A26.K_15R.png,train,/data5/chensx/MyProject/UAE/data/arrangement_merged/chr_15/182747.12~A26.K_15L.png,/data5/chensx/MyProject/UAE/data/arrangement_merged/chr_15/182747.12~A26.K_15R.png,0,-0.3232472596349566,,0.0010660886764526,-0.004368675858085692,chromosome
0,0.0011422038078308,182747,182747.12~A28.K_15,15,,normal,182747.12~A28.K_15L.png,182747.12~A28.K_15R.png,train,/data5/chensx/MyProject/UAE/data/arrangement_merged/chr_15/182747.12~A28.K_15L.png,/data5/chensx/MyProject/UAE/data/arrangement_merged/chr_15/182747.12~A28.K_15R.png,0,-0.2216636632941223,,0.0011422038078308,0.03561878504975594,chromosome
0,0.0010079741477966,182747,182747.12~A4.K_15,15,,normal,182747.12~A4.K_15L.png,182747.12~A4.K_15R.png,train,/data5/chensx/MyProject/UAE/data/arrangement_merged/chr_15/182747.12~A4.K_15L.png,/data5/chensx/MyProject/UAE/data/arrangement_merged/chr_15/182747.12~A4.K_15R.png,0,-0.4008071707017642,,0.0010079741477966,-0.03489943105395753,chromosome
0,0.0007556676864624,182747,182747.13~A33.K_15,15,,normal,182747.13~A33.K_15L.png,182747.13~A33.K_15R.png,train,/data5/chensx/MyProject/UAE/data/arrangement_merged/chr_15/182747.13~A33.K_15L.png,/data5/chensx/MyProject/UAE/data/arrangement_merged/chr_15/182747.13~A33.K_15R.png,0,-0.7375365076718121,,0.0007556676864624,-0.16744987899664876,chromosome
0,0.0011653900146484,182747,182747.13~A45.K_15,15,,normal,182747.13~A45.K_15L.png,182747.13~A45.K_15R.png,train,/data5/chensx/MyProject/UAE/data/arrangement_merged/chr_15/182747.13~A45.K_15L.png,/data5/chensx/MyProject/UAE/data/arrangement_merged/chr_15/182747.13~A45.K_15R.png,0,-0.1907192474941345,,0.0011653900146484,0.04779977353301909,chromosome
0,0.0007311105728149,182747,182747.13~A5.K_15,15,,normal,182747.13~A5.K_15L.png,182747.13~A5.K_15R.png,train,/data5/chensx/MyProject/UAE/data/arrangement_merged/chr_15/182747.13~A5.K_15L.png,/data5/chensx/MyProject/UAE/data/arrangement_merged/chr_15/182747.13~A5.K_15R.png,0,-0.7703105418867093,,0.0007311105728149,-0.18035108016661847,chromosome
0,0.001040756702423,182747,182747.1~A15.K_15,15,,normal,182747.1~A15.K_15L.png,182747.1~A15.K_15R.png,train,/data5/chensx/MyProject/UAE/data/arrangement_merged/chr_15/182747.1~A15.K_15L.png,/data5/chensx/MyProject/UAE/data/arrangement_merged/chr_15/182747.1~A15.K_15R.png,0,-0.3570554259974112,,0.001040756702423,-0.01767695376401087,chromosome
0,0.0007299184799194,182747,182747.1~A42.K_15,15,,normal,182747.1~A42.K_15L.png,182747.1~A42.K_15R.png,train,/data5/chensx/MyProject/UAE/data/arrangement_merged/chr_15/182747.1~A42.K_15L.png,/data5/chensx/MyProject/UAE/data/arrangement_merged/chr_15/182747.1~A42.K_15R.png,0,-0.7719015144214131,,0.0007299184799194,-0.1809773520680682,chromosome
0,0.0013481974601745,182747,182747.2~A13.K_15,15,,normal,182747.2~A13.K_15L.png,182747.2~A13.K_15R.png,train,/data5/chensx/MyProject/UAE/data/arrangement_merged/chr_15/182747.2~A13.K_15L.png,/data5/chensx/MyProject/UAE/data/arrangement_merged/chr_15/182747.2~A13.K_15R.png,0,0.053256390702685,,0.0013481974601745,0.14383856962095404,chromosome
0,0.0016394853591918,182747,182747.3~A20.K_15,15,,normal,182747.3~A20.K_15L.png,182747.3~A20.K_15R.png,train,/data5/chensx/MyProject/UAE/data/arrangement_merged/chr_15/182747.3~A20.K_15L.png,/data5/chensx/MyProject/UAE/data/arrangement_merged/chr_15/182747.3~A20.K_15R.png,0,0.4420105295575454,,0.0016394853591918,0.296868108741183,chromosome
0,0.0008336901664733,182747,182747.3~A24.K_15,15,,normal,182747.3~A24.K_15L.png,182747.3~A24.K_15R.png,train,/data5/chensx/MyProject/UAE/data/arrangement_merged/chr_15/182747.3~A24.K_15L.png,/data5/chensx/MyProject/UAE/data/arrangement_merged/chr_15/182747.3~A24.K_15R.png,0,-0.633407355275452,,0.0008336901664733,-0.12646038304654,chromosome
0,0.0014009475708007,182747,182747.3~A35.K_15,15,,normal,182747.3~A35.K_15L.png,182747.3~A35.K_15R.png,train,/data5/chensx/MyProject/UAE/data/arrangement_merged/chr_15/182747.3~A35.K_15L.png,/data5/chensx/MyProject/UAE/data/arrangement_merged/chr_15/182747.3~A35.K_15R.png,0,0.1236569253633258,,0.0014009475708007,0.17155110126027573,chromosome
0,0.0010892152786254,182747,182747.4~A1.K_15,15,,normal,182747.4~A1.K_15L.png,182747.4~A1.K_15R.png,train,/data5/chensx/MyProject/UAE/data/arrangement_merged/chr_15/182747.4~A1.K_15L.png,/data5/chensx/MyProject/UAE/data/arrangement_merged/chr_15/182747.4~A1.K_15R.png,0,-0.2923823924617039,,0.0010892152786254,0.0077809990300917765,chromosome
0,0.001369833946228,182747,182747.4~A32.K_15,15,,normal,182747.4~A32.K_15L.png,182747.4~A32.K_15R.png,train,/data5/chensx/MyProject/UAE/data/arrangement_merged/chr_15/182747.4~A32.K_15L.png,/data5/chensx/MyProject/UAE/data/arrangement_merged/chr_15/182747.4~A32.K_15R.png,0,0.082132542207558,,0.001369833946228,0.15520540463235877,chromosome
0,0.0011007189750671,182747,182747.4~A33.K_15,15,,normal,182747.4~A33.K_15L.png,182747.4~A33.K_15R.png,train,/data5/chensx/MyProject/UAE/data/arrangement_merged/chr_15/182747.4~A33.K_15L.png,/data5/chensx/MyProject/UAE/data/arrangement_merged/chr_15/182747.4~A33.K_15R.png,0,-0.2770295075018127,,0.0011007189750671,0.013824522879147462,chromosome
0,0.0010579824447631,182747,182747.4~A35.K_15,15,,normal,182747.4~A35.K_15L.png,182747.4~A35.K_15R.png,train,/data5/chensx/MyProject/UAE/data/arrangement_merged/chr_15/182747.4~A35.K_15L.png,/data5/chensx/MyProject/UAE/data/arrangement_merged/chr_15/182747.4~A35.K_15R.png,0,-0.3340658728709421,,0.0010579824447631,-0.008627324787996554,chromosome
0,0.0012310743331909,182747,182747.4~A41.K_15,15,,normal,182747.4~A41.K_15L.png,182747.4~A41.K_15R.png,train,/data5/chensx/MyProject/UAE/data/arrangement_merged/chr_15/182747.4~A41.K_15L.png,/data5/chensx/MyProject/UAE/data/arrangement_merged/chr_15/182747.4~A41.K_15R.png,0,-0.103056660831958,,0.0012310743331909,0.08230735530313617,chromosome
0,0.0012951493263244,182747,182747.4~A43.K_15,15,,normal,182747.4~A43.K_15L.png,182747.4~A43.K_15R.png,train,/data5/chensx/MyProject/UAE/data/arrangement_merged/chr_15/182747.4~A43.K_15L.png,/data5/chensx/MyProject/UAE/data/arrangement_merged/chr_15/182747.4~A43.K_15R.png,0,-0.0175418870916317,,0.0012951493263244,0.11596947000625672,chromosome
0,0.0008584260940551,182747,182747.4~A9.K_15,15,,normal,182747.4~A9.K_15L.png,182747.4~A9.K_15R.png,train,/data5/chensx/MyProject/UAE/data/arrangement_merged/chr_15/182747.4~A9.K_15L.png,/data5/chensx/MyProject/UAE/data/arrangement_merged/chr_15/182747.4~A9.K_15R.png,0,-0.6003946751803492,,0.0008584260940551,-0.11346524109136595,chromosome
0,0.0008801817893981,183038,183038.11~A13.K_15,15,,normal,183038.11~A13.K_15L.png,183038.11~A13.K_15R.png,train,/data5/chensx/MyProject/UAE/data/arrangement_merged/chr_15/183038.11~A13.K_15L.png,/data5/chensx/MyProject/UAE/data/arrangement_merged/chr_15/183038.11~A13.K_15R.png,0,-0.5778923538450321,,0.0008801817893981,-0.10203577888984251,chromosome
0,0.0009246468544006,183038,183038.11~A39.K_15,15,,normal,183038.11~A39.K_15L.png,183038.11~A39.K_15R.png,train,/data5/chensx/MyProject/UAE/data/arrangement_merged/chr_15/183038.11~A39.K_15L.png,/data5/chensx/MyProject/UAE/data/arrangement_merged/chr_15/183038.11~A39.K_15R.png,0,-0.5205355775567491,,0.0009246468544006,-0.07867583696558336,chromosome
0,0.000686764717102,183038,183038.12~A11.K_15,15,,normal,183038.12~A11.K_15L.png,183038.12~A11.K_15R.png,train,/data5/chensx/MyProject/UAE/data/arrangement_merged/chr_15/183038.12~A11.K_15L.png,/data5/chensx/MyProject/UAE/data/arrangement_merged/chr_15/183038.12~A11.K_15R.png,0,-0.827386642123153,,0.000686764717102,-0.20364839490070638,chromosome
0,0.0008124113082885,183038,183038.12~A45.K_15,15,,normal,183038.12~A45.K_15L.png,183038.12~A45.K_15R.png,train,/data5/chensx/MyProject/UAE/data/arrangement_merged/chr_15/183038.12~A45.K_15L.png,/data5/chensx/MyProject/UAE/data/arrangement_merged/chr_15/183038.12~A45.K_15R.png,0,-0.6653114619412489,,0.0008124113082885,-0.13763933648748353,chromosome
0,0.0005058646202087,183038,183038.13~A11.K_15,15,,normal,183038.13~A11.K_15L.png,183038.13~A11.K_15R.png,train,/data5/chensx/MyProject/UAE/data/arrangement_merged/chr_15/183038.13~A11.K_15L.png,/data5/chensx/MyProject/UAE/data/arrangement_merged/chr_15/183038.13~A11.K_15R.png,0,-1.0607349209903632,,0.0005058646202087,-0.2986851559463217,chromosome
0,0.0008846521377563,183038,183038.13~A29.K_15,15,,normal,183038.13~A29.K_15L.png,183038.13~A29.K_15R.png,train,/data5/chensx/MyProject/UAE/data/arrangement_merged/chr_15/183038.13~A29.K_15L.png,/data5/chensx/MyProject/UAE/data/arrangement_merged/chr_15/183038.13~A29.K_15R.png,0,-0.572125921912564,,0.0008846521377563,-0.09968725925936661,chromosome
0,0.0010324716567993,183038,183038.13~A39.K_15,15,,normal,183038.13~A39.K_15L.png,183038.13~A39.K_15R.png,train,/data5/chensx/MyProject/UAE/data/arrangement_merged/chr_15/183038.13~A39.K_15L.png,/data5/chensx/MyProject/UAE/data/arrangement_merged/chr_15/183038.13~A39.K_15R.png,0,-0.3814492393456179,,0.0010324716567993,-0.02202954347907351,chromosome
0,0.0007963180541992,183038,183038.13~A47.K_15,15,,normal,183038.13~A47.K_15L.png,183038.13~A47.K_15R.png,train,/data5/chensx/MyProject/UAE/data/arrangement_merged/chr_15/183038.13~A47.K_15L.png,/data5/chensx/MyProject/UAE/data/arrangement_merged/chr_15/183038.13~A47.K_15R.png,0,-0.6860706168981341,,0.0007963180541992,-0.14609400715708126,chromosome
0,0.0007374286651611,183038,183038.14~A2.K_15,15,,normal,183038.14~A2.K_15L.png,183038.14~A2.K_15R.png,train,/data5/chensx/MyProject/UAE/data/arrangement_merged/chr_15/183038.14~A2.K_15L.png,/data5/chensx/MyProject/UAE/data/arrangement_merged/chr_15/183038.14~A2.K_15R.png,0,-0.7620337468885142,,0.0007374286651611,-0.1770318390889086,chromosome
0,0.0008802413940429,183038,183038.14~A3.K_15,15,,normal,183038.14~A3.K_15L.png,183038.14~A3.K_15R.png,train,/data5/chensx/MyProject/UAE/data/arrangement_merged/chr_15/183038.14~A3.K_15L.png,/data5/chensx/MyProject/UAE/data/arrangement_merged/chr_15/183038.14~A3.K_15R.png,0,-0.5778154680859325,,0.0008802413940429,-0.10200446529475689,chromosome
0,0.0009568333625793,183038,183038.14~A30.K_15,15,,normal,183038.14~A30.K_15L.png,183038.14~A30.K_15R.png,train,/data5/chensx/MyProject/UAE/data/arrangement_merged/chr_15/183038.14~A30.K_15L.png,/data5/chensx/MyProject/UAE/data/arrangement_merged/chr_15/183038.14~A30.K_15R.png,0,-0.4790172676429786,,0.0009568333625793,-0.061766495626335315,chromosome
0,0.0009792447090148,183038,183038.14~A34.K_15,15,,normal,183038.14~A34.K_15L.png,183038.14~A34.K_15R.png,train,/data5/chensx/MyProject/UAE/data/arrangement_merged/chr_15/183038.14~A34.K_15L.png,/data5/chensx/MyProject/UAE/data/arrangement_merged/chr_15/183038.14~A34.K_15R.png,0,-0.4501082222215384,,0.0009792447090148,-0.04999258387902764,chromosome
0,0.000673770904541,183038,183038.14~A48.K_15,15,,normal,183038.14~A48.K_15L.png,183038.14~A48.K_15R.png,train,/data5/chensx/MyProject/UAE/data/arrangement_merged/chr_15/183038.14~A48.K_15L.png,/data5/chensx/MyProject/UAE/data/arrangement_merged/chr_15/183038.14~A48.K_15R.png,0,-0.8441477376068603,,0.000673770904541,-0.21047475862653484,chromosome
0,0.0012728571891784,183038,183038.14~A9.K_15,15,,normal,183038.14~A9.K_15L.png,183038.14~A9.K_15R.png,train,/data5/chensx/MyProject/UAE/data/arrangement_merged/chr_15/183038.14~A9.K_15L.png,/data5/chensx/MyProject/UAE/data/arrangement_merged/chr_15/183038.14~A9.K_15R.png,0,-0.0713689728970318,,0.0012728571891784,0.10425818544906779,chromosome
0,0.0010185241699218,183038,183038.1~A28.K_15,15,,normal,183038.1~A28.K_15L.png,183038.1~A28.K_15R.png,train,/data5/chensx/MyProject/UAE/data/arrangement_merged/chr_15/183038.1~A28.K_15L.png,/data5/chensx/MyProject/UAE/data/arrangement_merged/chr_15/183038.1~A28.K_15R.png,0,-0.3994405069749184,,0.0010185241699218,-0.029356924726114245,chromosome
0,0.0011405944824218,183038,183038.2~A12.K_15,15,,normal,183038.2~A12.K_15L.png,183038.2~A12.K_15R.png,train,/data5/chensx/MyProject/UAE/data/arrangement_merged/chr_15/183038.2~A12.K_15L.png,/data5/chensx/MyProject/UAE/data/arrangement_merged/chr_15/183038.2~A12.K_15R.png,0,-0.2419784723389888,,0.0011405944824218,0.03477331798275942,chromosome
0,0.0008351802825927,183038,183038.2~A13.K_15,15,,normal,183038.2~A13.K_15L.png,183038.2~A13.K_15R.png,train,/data5/chensx/MyProject/UAE/data/arrangement_merged/chr_15/183038.2~A13.K_15L.png,/data5/chensx/MyProject/UAE/data/arrangement_merged/chr_15/183038.2~A13.K_15R.png,0,-0.6359411019652113,,0.0008351802825927,-0.12567754316971466,chromosome
0,0.0014127492904663,183038,183038.2~A15.K_15,15,,normal,183038.2~A15.K_15L.png,183038.2~A15.K_15R.png,train,/data5/chensx/MyProject/UAE/data/arrangement_merged/chr_15/183038.2~A15.K_15L.png,/data5/chensx/MyProject/UAE/data/arrangement_merged/chr_15/183038.2~A15.K_15R.png,0,0.1090819037096707,,0.0014127492904663,0.17775119308470694,chromosome
0,0.0009503960609436,183038,183038.2~A21.K_15,15,,normal,183038.2~A21.K_15L.png,183038.2~A21.K_15R.png,train,/data5/chensx/MyProject/UAE/data/arrangement_merged/chr_15/183038.2~A21.K_15L.png,/data5/chensx/MyProject/UAE/data/arrangement_merged/chr_15/183038.2~A21.K_15R.png,0,-0.4873209296257327,,0.0009503960609436,-0.06514836389416385,chromosome
0,0.0010193586349487,183038,183038.2~A43.K_15,15,,normal,183038.2~A43.K_15L.png,183038.2~A43.K_15R.png,train,/data5/chensx/MyProject/UAE/data/arrangement_merged/chr_15/183038.2~A43.K_15L.png,/data5/chensx/MyProject/UAE/data/arrangement_merged/chr_15/183038.2~A43.K_15R.png,0,-0.3983641063475244,,0.0010193586349487,-0.028918534395073203,chromosome
0,0.0015633106231689,183038,183038.2~A46.K_15,15,,normal,183038.2~A46.K_15L.png,183038.2~A46.K_15R.png,train,/data5/chensx/MyProject/UAE/data/arrangement_merged/chr_15/183038.2~A46.K_15L.png,/data5/chensx/MyProject/UAE/data/arrangement_merged/chr_15/183038.2~A46.K_15R.png,0,0.3032953311951972,,0.0015633106231689,0.25684933423830825,chromosome
0,0.000942587852478,183038,183038.2~A47.K_15,15,,normal,183038.2~A47.K_15L.png,183038.2~A47.K_15R.png,train,/data5/chensx/MyProject/UAE/data/arrangement_merged/chr_15/183038.2~A47.K_15L.png,/data5/chensx/MyProject/UAE/data/arrangement_merged/chr_15/183038.2~A47.K_15R.png,0,-0.497392964067777,,0.000942587852478,-0.06925044484869908,chromosome
0,0.0010843276977539,183038,183038.3~A12.K_15,15,,normal,183038.3~A12.K_15L.png,183038.3~A12.K_15R.png,train,/data5/chensx/MyProject/UAE/data/arrangement_merged/chr_15/183038.3~A12.K_15L.png,/data5/chensx/MyProject/UAE/data/arrangement_merged/chr_15/183038.3~A12.K_15R.png,0,-0.3145586289289876,,0.0010843276977539,0.005213284234174075,chromosome
0,0.0011425018310546,183038,183038.3~A19.K_15,15,,normal,183038.3~A19.K_15L.png,183038.3~A19.K_15R.png,train,/data5/chensx/MyProject/UAE/data/arrangement_merged/chr_15/183038.3~A19.K_15L.png,/data5/chensx/MyProject/UAE/data/arrangement_merged/chr_15/183038.3~A19.K_15R.png,0,-0.2395181280478024,,0.0011425018310546,0.03577535302507896,chromosome
0,0.0014480352401733,183038,183038.3~A30.K_15,15,,normal,183038.3~A30.K_15L.png,183038.3~A30.K_15R.png,train,/data5/chensx/MyProject/UAE/data/arrangement_merged/chr_15/183038.3~A30.K_15L.png,/data5/chensx/MyProject/UAE/data/arrangement_merged/chr_15/183038.3~A30.K_15R.png,0,0.1545982730966191,,0.0014480352401733,0.19628884136772434,chromosome
0,0.001034140586853,183038,183038.3~A36.K_15,15,,normal,183038.3~A36.K_15L.png,183038.3~A36.K_15R.png,train,/data5/chensx/MyProject/UAE/data/arrangement_merged/chr_15/183038.3~A36.K_15L.png,/data5/chensx/MyProject/UAE/data/arrangement_merged/chr_15/183038.3~A36.K_15R.png,0,-0.3792964380908298,,0.001034140586853,-0.021152762817043824,chromosome
0,0.0009281635284423,183038,183038.4~A15.K_15,15,,normal,183038.4~A15.K_15L.png,183038.4~A15.K_15R.png,train,/data5/chensx/MyProject/UAE/data/arrangement_merged/chr_15/183038.4~A15.K_15L.png,/data5/chensx/MyProject/UAE/data/arrangement_merged/chr_15/183038.4~A15.K_15R.png,0,-0.5159993177698742,,0.0009281635284423,-0.07682833485631975,chromosome
0,0.0008988976478576,183038,183038.4~A24.K_15,15,,normal,183038.4~A24.K_15L.png,183038.4~A24.K_15R.png,train,/data5/chensx/MyProject/UAE/data/arrangement_merged/chr_15/183038.4~A24.K_15L.png,/data5/chensx/MyProject/UAE/data/arrangement_merged/chr_15/183038.4~A24.K_15R.png,0,-0.5537502254877655,,0.0008988976478576,-0.0922033100370028,chromosome
0,0.0013072490692138,183038,183038.4~A36.K_15,15,,normal,183038.4~A36.K_15L.png,183038.4~A36.K_15R.png,train,/data5/chensx/MyProject/UAE/data/arrangement_merged/chr_15/183038.4~A36.K_15L.png,/data5/chensx/MyProject/UAE/data/arrangement_merged/chr_15/183038.4~A36.K_15R.png,0,-0.027005889896577,,0.0013072490692138,0.12232612980601096,chromosome
0,0.0013236999511718,183038,183038.4~A39.K_15,15,,normal,183038.4~A39.K_15L.png,183038.4~A39.K_15R.png,train,/data5/chensx/MyProject/UAE/data/arrangement_merged/chr_15/183038.4~A39.K_15L.png,/data5/chensx/MyProject/UAE/data/arrangement_merged/chr_15/183038.4~A39.K_15R.png,0,-0.0057854203850943,,0.0013236999511718,0.13096868204606993,chromosome
0,0.0016456842422485,183079,183079.11~A27.K_15,15,,normal,183079.11~A27.K_15L.png,183079.11~A27.K_15R.png,train,/data5/chensx/MyProject/UAE/data/arrangement_merged/chr_15/183079.11~A27.K_15L.png,/data5/chensx/MyProject/UAE/data/arrangement_merged/chr_15/183079.11~A27.K_15R.png,0,0.4848000894945935,,0.0016456842422485,0.30012472262877427,chromosome
0,0.001327097415924,183079,183079.12~A27.K_15,15,,normal,183079.12~A27.K_15L.png,183079.12~A27.K_15R.png,train,/data5/chensx/MyProject/UAE/data/arrangement_merged/chr_15/183079.12~A27.K_15L.png,/data5/chensx/MyProject/UAE/data/arrangement_merged/chr_15/183079.12~A27.K_15R.png,0,0.0539905625223654,,0.001327097415924,0.13275355696521485,chromosome
0,0.0014306306838989,183079,183079.12~A37.K_15,15,,normal,183079.12~A37.K_15L.png,183079.12~A37.K_15R.png,train,/data5/chensx/MyProject/UAE/data/arrangement_merged/chr_15/183079.12~A37.K_15L.png,/data5/chensx/MyProject/UAE/data/arrangement_merged/chr_15/183079.12~A37.K_15R.png,0,0.1939935837292429,,0.0014306306838989,0.18714527160650563,chromosome
0,0.0010863542556762,183079,183079.12~A44.K_15,15,,normal,183079.12~A44.K_15L.png,183079.12~A44.K_15R.png,train,/data5/chensx/MyProject/UAE/data/arrangement_merged/chr_15/183079.12~A44.K_15L.png,/data5/chensx/MyProject/UAE/data/arrangement_merged/chr_15/183079.12~A44.K_15R.png,0,-0.271554747008192,,0.0010863542556762,0.006277946466612347,chromosome
0,0.001394510269165,183079,183079.13~A12.K_15,15,,normal,183079.13~A12.K_15L.png,183079.13~A12.K_15R.png,train,/data5/chensx/MyProject/UAE/data/arrangement_merged/chr_15/183079.13~A12.K_15L.png,/data5/chensx/MyProject/UAE/data/arrangement_merged/chr_15/183079.13~A12.K_15R.png,0,0.1451496972287433,,0.001394510269165,0.16816923299244718,chromosome
0,0.0010408759117126,183079,183079.13~A19.K_15,15,,normal,183079.13~A19.K_15L.png,183079.13~A19.K_15R.png,train,/data5/chensx/MyProject/UAE/data/arrangement_merged/chr_15/183079.13~A19.K_15L.png,/data5/chensx/MyProject/UAE/data/arrangement_merged/chr_15/183079.13~A19.K_15R.png,0,-0.3330529077340685,,0.0010408759117126,-0.017614326573839628,chromosome
0,0.0009070038795471,183079,183079.13~A27.K_15,15,,normal,183079.13~A27.K_15L.png,183079.13~A27.K_15R.png,train,/data5/chensx/MyProject/UAE/data/arrangement_merged/chr_15/183079.13~A27.K_15L.png,/data5/chensx/MyProject/UAE/data/arrangement_merged/chr_15/183079.13~A27.K_15R.png,0,-0.5140815695824547,,0.0009070038795471,-0.08794466110709205,chromosome
0,0.0009402632713317,183079,183079.13~A6.K_15,15,,normal,183079.13~A6.K_15L.png,183079.13~A6.K_15R.png,train,/data5/chensx/MyProject/UAE/data/arrangement_merged/chr_15/183079.13~A6.K_15L.png,/data5/chensx/MyProject/UAE/data/arrangement_merged/chr_15/183079.13~A6.K_15R.png,0,-0.469106505775064,,0.0009402632713317,-0.07047167505656546,chromosome
0,0.0007422566413879,183079,183079.13~A9.K_15,15,,normal,183079.13~A9.K_15L.png,183079.13~A9.K_15R.png,train,/data5/chensx/MyProject/UAE/data/arrangement_merged/chr_15/183079.13~A9.K_15L.png,/data5/chensx/MyProject/UAE/data/arrangement_merged/chr_15/183079.13~A9.K_15R.png,0,-0.7368612763273076,,0.0007422566413879,-0.174495437888024,chromosome
0,0.0007597208023071,183079,183079.14~A11.K_15,15,,normal,183079.14~A11.K_15L.png,183079.14~A11.K_15R.png,train,/data5/chensx/MyProject/UAE/data/arrangement_merged/chr_15/183079.14~A11.K_15L.png,/data5/chensx/MyProject/UAE/data/arrangement_merged/chr_15/183079.14~A11.K_15R.png,0,-0.7132453378047888,,0.0007597208023071,-0.16532055453171965,chromosome
0,0.0007320642471313,183079,183079.14~A13.K_15,15,,normal,183079.14~A13.K_15L.png,183079.14~A13.K_15R.png,train,/data5/chensx/MyProject/UAE/data/arrangement_merged/chr_15/183079.14~A13.K_15L.png,/data5/chensx/MyProject/UAE/data/arrangement_merged/chr_15/183079.14~A13.K_15R.png,0,-0.7506439571715079,,0.0007320642471313,-0.1798500626454587,chromosome
0,0.0008418560028076,183079,183079.14~A23.K_15,15,,normal,183079.14~A23.K_15L.png,183079.14~A23.K_15R.png,train,/data5/chensx/MyProject/UAE/data/arrangement_merged/chr_15/183079.14~A23.K_15L.png,/data5/chensx/MyProject/UAE/data/arrangement_merged/chr_15/183079.14~A23.K_15R.png,0,-0.6021778863234548,,0.0008418560028076,-0.12217042052154363,chromosome
0,0.0013471245765686,183079,183079.14~A24.K_15,15,,normal,183079.14~A24.K_15L.png,183079.14~A24.K_15R.png,train,/data5/chensx/MyProject/UAE/data/arrangement_merged/chr_15/183079.14~A24.K_15L.png,/data5/chensx/MyProject/UAE/data/arrangement_merged/chr_15/183079.14~A24.K_15R.png,0,0.0810723213741275,,0.0013471245765686,0.14327492490967556,chromosome
0,0.000883400440216,183079,183079.14~A26.K_15,15,,normal,183079.14~A26.K_15L.png,183079.14~A26.K_15R.png,train,/data5/chensx/MyProject/UAE/data/arrangement_merged/chr_15/183079.14~A26.K_15L.png,/data5/chensx/MyProject/UAE/data/arrangement_merged/chr_15/183079.14~A26.K_15R.png,0,-0.545999356800603,,0.000883400440216,-0.10034484475590193,chromosome
0,0.0009598135948181,183079,183079.14~A28.K_15,15,,normal,183079.14~A28.K_15L.png,183079.14~A28.K_15R.png,train,/data5/chensx/MyProject/UAE/data/arrangement_merged/chr_15/183079.14~A28.K_15L.png,/data5/chensx/MyProject/UAE/data/arrangement_merged/chr_15/183079.14~A28.K_15R.png,0,-0.4426695507054867,,0.0009598135948181,-0.0602008158726847,chromosome
0,0.0014566183090209,183079,183079.14~A3.K_15,15,,normal,183079.14~A3.K_15L.png,183079.14~A3.K_15R.png,train,/data5/chensx/MyProject/UAE/data/arrangement_merged/chr_15/183079.14~A3.K_15L.png,/data5/chensx/MyProject/UAE/data/arrangement_merged/chr_15/183079.14~A3.K_15R.png,0,0.2291353898583152,,0.0014566183090209,0.2007979990581625,chromosome
0,0.0017756819725036,183079,183079.14~A34.K_15,15,,normal,183079.14~A34.K_15L.png,183079.14~A34.K_15R.png,train,/data5/chensx/MyProject/UAE/data/arrangement_merged/chr_15/183079.14~A34.K_15L.png,/data5/chensx/MyProject/UAE/data/arrangement_merged/chr_15/183079.14~A34.K_15R.png,0,0.6605897206127281,,0.0017756819725036,0.36841967348230187,chromosome
0,0.0007498264312744,183079,183079.14~A38.K_15,15,,normal,183079.14~A38.K_15L.png,183079.14~A38.K_15R.png,train,/data5/chensx/MyProject/UAE/data/arrangement_merged/chr_15/183079.14~A38.K_15L.png,/data5/chensx/MyProject/UAE/data/arrangement_merged/chr_15/183079.14~A38.K_15R.png,0,-0.7266250162851237,,0.0007498264312744,-0.17051861131377877,chromosome
0,0.0011118650436401,183079,183079.14~A6.K_15,15,,normal,183079.14~A6.K_15L.png,183079.14~A6.K_15R.png,train,/data5/chensx/MyProject/UAE/data/arrangement_merged/chr_15/183079.14~A6.K_15L.png,/data5/chensx/MyProject/UAE/data/arrangement_merged/chr_15/183079.14~A6.K_15R.png,0,-0.2370577446613044,,0.0011118650436401,0.019680165157741934,chromosome
0,0.0007149577140808,183079,183079.2~A40.K_15,15,,normal,183079.2~A40.K_15L.png,183079.2~A40.K_15R.png,train,/data5/chensx/MyProject/UAE/data/arrangement_merged/chr_15/183079.2~A40.K_15L.png,/data5/chensx/MyProject/UAE/data/arrangement_merged/chr_15/183079.2~A40.K_15R.png,0,-0.7737762928573881,,0.0007149577140808,-0.18883706443130183,chromosome
0,0.0011361837387084,183079,183079.2~A8.K_15,15,,normal,183079.2~A8.K_15L.png,183079.2~A8.K_15R.png,train,/data5/chensx/MyProject/UAE/data/arrangement_merged/chr_15/183079.2~A8.K_15L.png,/data5/chensx/MyProject/UAE/data/arrangement_merged/chr_15/183079.2~A8.K_15R.png,0,-0.204172751769879,,0.0011361837387084,0.032456111947369144,chromosome
0,0.0010984539985656,183079,183079.3~A16.K_15,15,,normal,183079.3~A16.K_15L.png,183079.3~A16.K_15R.png,train,/data5/chensx/MyProject/UAE/data/arrangement_merged/chr_15/183079.3~A16.K_15L.png,/data5/chensx/MyProject/UAE/data/arrangement_merged/chr_15/183079.3~A16.K_15R.png,0,-0.2551928510352523,,0.0010984539985656,0.012634606266366703,chromosome
0,0.0008527040481567,183079,183079.3~A22.K_15,15,,normal,183079.3~A22.K_15L.png,183079.3~A22.K_15R.png,train,/data5/chensx/MyProject/UAE/data/arrangement_merged/chr_15/183079.3~A22.K_15L.png,/data5/chensx/MyProject/UAE/data/arrangement_merged/chr_15/183079.3~A22.K_15R.png,0,-0.5875086002787503,,0.0008527040481567,-0.1164713462183247,chromosome
0,0.0007864236831665,183079,183079.3~A5.K_15,15,,normal,183079.3~A5.K_15L.png,183079.3~A5.K_15R.png,train,/data5/chensx/MyProject/UAE/data/arrangement_merged/chr_15/183079.3~A5.K_15L.png,/data5/chensx/MyProject/UAE/data/arrangement_merged/chr_15/183079.3~A5.K_15R.png,0,-0.6771363260024392,,0.0007864236831665,-0.15129206393914038,chromosome
0,0.0011505484580993,183079,183079.3~A7.K_15,15,,normal,183079.3~A7.K_15L.png,183079.3~A7.K_15R.png,train,/data5/chensx/MyProject/UAE/data/arrangement_merged/chr_15/183079.3~A7.K_15L.png,/data5/chensx/MyProject/UAE/data/arrangement_merged/chr_15/183079.3~A7.K_15R.png,0,-0.1847480378315615,,0.0011505484580993,0.04000268835990414,chromosome
0,0.0010315179824829,183079,183079.4~A13.K_15,15,,normal,183079.4~A13.K_15L.png,183079.4~A13.K_15R.png,train,/data5/chensx/MyProject/UAE/data/arrangement_merged/chr_15/183079.4~A13.K_15L.png,/data5/chensx/MyProject/UAE/data/arrangement_merged/chr_15/183079.4~A13.K_15R.png,0,-0.3457071819594454,,0.0010315179824829,-0.02253056100023328,chromosome
0,0.0009669065475463,183079,183079.4~A17.K_15,15,,normal,183079.4~A17.K_15L.png,183079.4~A17.K_15R.png,train,/data5/chensx/MyProject/UAE/data/arrangement_merged/chr_15/183079.4~A17.K_15L.png,/data5/chensx/MyProject/UAE/data/arrangement_merged/chr_15/183079.4~A17.K_15R.png,0,-0.4330780944454875,,0.0009669065475463,-0.056474498059071856,chromosome
0,0.0013983249664306,183079,183079.4~A18.K_15,15,,normal,183079.4~A18.K_15L.png,183079.4~A18.K_15R.png,train,/data5/chensx/MyProject/UAE/data/arrangement_merged/chr_15/183079.4~A18.K_15L.png,/data5/chensx/MyProject/UAE/data/arrangement_merged/chr_15/183079.4~A18.K_15R.png,0,0.1503081274862218,,0.0013983249664306,0.1701733030770864,chromosome
0,0.0008808970451354,183079,183079.4~A23.K_15,15,,normal,183079.4~A23.K_15L.png,183079.4~A23.K_15R.png,train,/data5/chensx/MyProject/UAE/data/arrangement_merged/chr_15/183079.4~A23.K_15L.png,/data5/chensx/MyProject/UAE/data/arrangement_merged/chr_15/183079.4~A23.K_15R.png,0,-0.5493845766570732,,0.0008808970451354,-0.10166001574897265,chromosome
0,0.0007920265197753,183079,183079.4~A29.K_15,15,,normal,183079.4~A29.K_15L.png,183079.4~A29.K_15R.png,train,/data5/chensx/MyProject/UAE/data/arrangement_merged/chr_15/183079.4~A29.K_15L.png,/data5/chensx/MyProject/UAE/data/arrangement_merged/chr_15/183079.4~A29.K_15R.png,0,-0.6695598815617677,,0.0007920265197753,-0.14834858600235287,chromosome
0,0.0009746551513671,183079,183079.4~A4.K_15,15,,normal,183079.4~A4.K_15L.png,183079.4~A4.K_15R.png,train,/data5/chensx/MyProject/UAE/data/arrangement_merged/chr_15/183079.4~A4.K_15L.png,/data5/chensx/MyProject/UAE/data/arrangement_merged/chr_15/183079.4~A4.K_15R.png,0,-0.4226000329849844,,0.0009746551513671,-0.05240373069962227,chromosome
0,0.0006667971611022,183079,183079.4~A50.K_15,15,,normal,183079.4~A50.K_15L.png,183079.4~A50.K_15R.png,train,/data5/chensx/MyProject/UAE/data/arrangement_merged/chr_15/183079.4~A50.K_15L.png,/data5/chensx/MyProject/UAE/data/arrangement_merged/chr_15/183079.4~A50.K_15R.png,0,-0.8389014748580542,,0.0006667971611022,-0.21413844925008146,chromosome
0,0.0006003379821777,183214,183214.11~A34.K_15,15,,normal,183214.11~A34.K_15L.png,183214.11~A34.K_15R.png,train,/data5/chensx/MyProject/UAE/data/arrangement_merged/chr_15/183214.11~A34.K_15L.png,/data5/chensx/MyProject/UAE/data/arrangement_merged/chr_15/183214.11~A34.K_15R.png,0,-0.951802131691772,,0.0006003379821777,-0.24905310775610148,chromosome
0,0.0007673501968383,183214,183214.11~A9.K_15,15,,normal,183214.11~A9.K_15L.png,183214.11~A9.K_15R.png,train,/data5/chensx/MyProject/UAE/data/arrangement_merged/chr_15/183214.11~A9.K_15L.png,/data5/chensx/MyProject/UAE/data/arrangement_merged/chr_15/183214.11~A9.K_15R.png,0,-0.7327603567671118,,0.0007673501968383,-0.16131241436244131,chromosome
0,0.0007650852203369,183214,183214.12~A1.K_15,15,,normal,183214.12~A1.K_15L.png,183214.12~A1.K_15R.png,train,/data5/chensx/MyProject/UAE/data/arrangement_merged/chr_15/183214.12~A1.K_15L.png,/data5/chensx/MyProject/UAE/data/arrangement_merged/chr_15/183214.12~A1.K_15R.png,0,-0.7357309447211221,,0.0007650852203369,-0.16250233097516956,chromosome
0,0.0011048913002014,183214,183214.12~A24.K_15,15,,normal,183214.12~A24.K_15L.png,183214.12~A24.K_15R.png,train,/data5/chensx/MyProject/UAE/data/arrangement_merged/chr_15/183214.12~A24.K_15L.png,/data5/chensx/MyProject/UAE/data/arrangement_merged/chr_15/183214.12~A24.K_15R.png,0,-0.2900645782523542,,0.0011048913002014,0.016016474534247763,chromosome
0,0.0007128715515136,183214,183214.12~A8.K_15,15,,normal,183214.12~A8.K_15L.png,183214.12~A8.K_15R.png,train,/data5/chensx/MyProject/UAE/data/arrangement_merged/chr_15/183214.12~A8.K_15L.png,/data5/chensx/MyProject/UAE/data/arrangement_merged/chr_15/183214.12~A8.K_15R.png,0,-0.8042108143977825,,0.0007128715515136,-0.1899330402588783,chromosome
0,0.0009737014770507,183214,183214.13~A21.K_15,15,,normal,183214.13~A21.K_15L.png,183214.13~A21.K_15R.png,train,/data5/chensx/MyProject/UAE/data/arrangement_merged/chr_15/183214.13~A21.K_15L.png,/data5/chensx/MyProject/UAE/data/arrangement_merged/chr_15/183214.13~A21.K_15R.png,0,-0.4621241594833239,,0.0009737014770507,-0.05290474822078204,chromosome
0,0.0015142560005187,183214,183214.13~A34.K_15,15,,normal,183214.13~A34.K_15L.png,183214.13~A34.K_15R.png,train,/data5/chensx/MyProject/UAE/data/arrangement_merged/chr_15/183214.13~A34.K_15L.png,/data5/chensx/MyProject/UAE/data/arrangement_merged/chr_15/183214.13~A34.K_15R.png,0,0.2468301077514167,,0.0015142560005187,0.2310782454934544,chromosome
0,0.0010135173797607,183214,183214.13~A49.K_15,15,,normal,183214.13~A49.K_15L.png,183214.13~A49.K_15R.png,train,/data5/chensx/MyProject/UAE/data/arrangement_merged/chr_15/183214.13~A49.K_15L.png,/data5/chensx/MyProject/UAE/data/arrangement_merged/chr_15/183214.13~A49.K_15R.png,0,-0.4099043501865098,,0.0010135173797607,-0.03198726671220319,chromosome
0,0.0008037686347961,183214,183214.13~A6.K_15,15,,normal,183214.13~A6.K_15L.png,183214.13~A6.K_15R.png,train,/data5/chensx/MyProject/UAE/data/arrangement_merged/chr_15/183214.13~A6.K_15L.png,/data5/chensx/MyProject/UAE/data/arrangement_merged/chr_15/183214.13~A6.K_15R.png,0,-0.6849964294013132,,0.0008037686347961,-0.1421798077730073,chromosome
0,0.0007094144821166,183214,183214.14~A11.K_15,15,,normal,183214.14~A11.K_15L.png,183214.14~A11.K_15R.png,train,/data5/chensx/MyProject/UAE/data/arrangement_merged/chr_15/183214.14~A11.K_15L.png,/data5/chensx/MyProject/UAE/data/arrangement_merged/chr_15/183214.14~A11.K_15R.png,0,-0.8087448696960089,,0.0007094144821166,-0.1917492287731088,chromosome
0,0.0011422634124755,183214,183214.14~A17.K_15,15,,normal,183214.14~A17.K_15L.png,183214.14~A17.K_15R.png,train,/data5/chensx/MyProject/UAE/data/arrangement_merged/chr_15/183214.14~A17.K_15L.png,/data5/chensx/MyProject/UAE/data/arrangement_merged/chr_15/183214.14~A17.K_15R.png,0,-0.2410498770111829,,0.0011422634124755,0.0356500986447891,chromosome
0,0.0009058713912963,183214,183214.14~A19.K_15,15,,normal,183214.14~A19.K_15L.png,183214.14~A19.K_15R.png,train,/data5/chensx/MyProject/UAE/data/arrangement_merged/chr_15/183214.14~A19.K_15L.png,/data5/chensx/MyProject/UAE/data/arrangement_merged/chr_15/183214.14~A19.K_15R.png,0,-0.5510854513692137,,0.0009058713912963,-0.08853961941350869,chromosome
0,0.0007417201995849,183214,183214.14~A21.K_15,15,,normal,183214.14~A21.K_15L.png,183214.14~A21.K_15R.png,train,/data5/chensx/MyProject/UAE/data/arrangement_merged/chr_15/183214.14~A21.K_15L.png,/data5/chensx/MyProject/UAE/data/arrangement_merged/chr_15/183214.14~A21.K_15R.png,0,-0.7663749046677556,,0.0007417201995849,-0.1747772602436895,chromosome
0,0.0007824897766113,183214,183214.14~A6.K_15,15,,normal,183214.14~A6.K_15L.png,183214.14~A6.K_15R.png,train,/data5/chensx/MyProject/UAE/data/arrangement_merged/chr_15/183214.14~A6.K_15L.png,/data5/chensx/MyProject/UAE/data/arrangement_merged/chr_15/183214.14~A6.K_15R.png,0,-0.7129043214955687,,0.0007824897766113,-0.15335876121395076,chromosome
0,0.0011351108551025,183214,183214.2~A19.K_15,15,,normal,183214.2~A19.K_15L.png,183214.2~A19.K_15R.png,train,/data5/chensx/MyProject/UAE/data/arrangement_merged/chr_15/183214.2~A19.K_15L.png,/data5/chensx/MyProject/UAE/data/arrangement_merged/chr_15/183214.2~A19.K_15R.png,0,-0.2504306810764788,,0.0011351108551025,0.03189246723609065,chromosome
0,0.0010144114494323,183214,183214.2~A25.K_15,15,,normal,183214.2~A25.K_15L.png,183214.2~A25.K_15R.png,train,/data5/chensx/MyProject/UAE/data/arrangement_merged/chr_15/183214.2~A25.K_15L.png,/data5/chensx/MyProject/UAE/data/arrangement_merged/chr_15/183214.2~A25.K_15R.png,0,-0.4087317496783478,,0.0010144114494323,-0.03151756278612898,chromosome
0,0.0013341903686523,183214,183214.2~A30.K_15,15,,normal,183214.2~A30.K_15L.png,183214.2~A30.K_15R.png,train,/data5/chensx/MyProject/UAE/data/arrangement_merged/chr_15/183214.2~A30.K_15L.png,/data5/chensx/MyProject/UAE/data/arrangement_merged/chr_15/183214.2~A30.K_15R.png,0,0.0106683654075914,,0.0013341903686523,0.13647987477888016,chromosome
0,0.0015974044799804,183214,183214.2~A36.K_15,15,,normal,183214.2~A36.K_15L.png,183214.2~A36.K_15R.png,train,/data5/chensx/MyProject/UAE/data/arrangement_merged/chr_15/183214.2~A36.K_15L.png,/data5/chensx/MyProject/UAE/data/arrangement_merged/chr_15/183214.2~A36.K_15R.png,0,0.355881955010482,,0.0015974044799804,0.2747607106198759,chromosome
0,0.0009472966194152,183214,183214.2~A39.K_15,15,,normal,183214.2~A39.K_15L.png,183214.2~A39.K_15R.png,train,/data5/chensx/MyProject/UAE/data/arrangement_merged/chr_15/183214.2~A39.K_15L.png,/data5/chensx/MyProject/UAE/data/arrangement_merged/chr_15/183214.2~A39.K_15R.png,0,-0.4967549611577081,,0.0009472966194152,-0.06677667083798572,chromosome
0,0.0013906955718994,183214,183214.2~A45.K_15,15,,normal,183214.2~A45.K_15L.png,183214.2~A45.K_15R.png,train,/data5/chensx/MyProject/UAE/data/arrangement_merged/chr_15/183214.2~A45.K_15L.png,/data5/chensx/MyProject/UAE/data/arrangement_merged/chr_15/183214.2~A45.K_15R.png,0,0.0847767175234293,,0.0013906955718994,0.16616516290780797,chromosome
0,0.0009263157844543,183214,183214.2~A6.K_15,15,,normal,183214.2~A6.K_15L.png,183214.2~A6.K_15R.png,train,/data5/chensx/MyProject/UAE/data/arrangement_merged/chr_15/183214.2~A6.K_15L.png,/data5/chensx/MyProject/UAE/data/arrangement_merged/chr_15/183214.2~A6.K_15R.png,0,-0.5242719864159096,,0.0009263157844543,-0.07779905630355373,chromosome
0,0.0006568431854248,183214,183214.3~A12.K_15,15,,normal,183214.3~A12.K_15L.png,183214.3~A12.K_15R.png,train,/data5/chensx/MyProject/UAE/data/arrangement_merged/chr_15/183214.3~A12.K_15L.png,/data5/chensx/MyProject/UAE/data/arrangement_merged/chr_15/183214.3~A12.K_15R.png,0,-0.877693779575934,,0.0006568431854248,-0.21936781962717367,chromosome
0,0.0012646913528442,183214,183214.3~A19.K_15,15,,normal,183214.3~A19.K_15L.png,183214.3~A19.K_15R.png,train,/data5/chensx/MyProject/UAE/data/arrangement_merged/chr_15/183214.3~A19.K_15L.png,/data5/chensx/MyProject/UAE/data/arrangement_merged/chr_15/183214.3~A19.K_15R.png,0,-0.0804817807602007,,0.0012646913528442,0.09996822292412387,chromosome
0,0.0008628964424133,183214,183214.3~A28.K_15,15,,normal,183214.3~A28.K_15L.png,183214.3~A28.K_15R.png,train,/data5/chensx/MyProject/UAE/data/arrangement_merged/chr_15/183214.3~A28.K_15L.png,/data5/chensx/MyProject/UAE/data/arrangement_merged/chr_15/183214.3~A28.K_15R.png,0,-0.6074484491282002,,0.0008628964424133,-0.11111672146089,chromosome
0,0.0009691715240478,183214,183214.3~A4.K_15,15,,normal,183214.3~A4.K_15L.png,183214.3~A4.K_15R.png,train,/data5/chensx/MyProject/UAE/data/arrangement_merged/chr_15/183214.3~A4.K_15L.png,/data5/chensx/MyProject/UAE/data/arrangement_merged/chr_15/183214.3~A4.K_15R.png,0,-0.4680653353913446,,0.0009691715240478,-0.0552845814462911,chromosome
0,0.001164436340332,183214,183214.3~A42.K_15,15,,normal,183214.3~A42.K_15L.png,183214.3~A42.K_15R.png,train,/data5/chensx/MyProject/UAE/data/arrangement_merged/chr_15/183214.3~A42.K_15L.png,/data5/chensx/MyProject/UAE/data/arrangement_merged/chr_15/183214.3~A42.K_15R.png,0,-0.2119693844087655,,0.001164436340332,0.047298756011859316,chromosome
0,0.001066505908966,183214,183214.3~A43.K_15,15,,normal,183214.3~A43.K_15L.png,183214.3~A43.K_15R.png,train,/data5/chensx/MyProject/UAE/data/arrangement_merged/chr_15/183214.3~A43.K_15L.png,/data5/chensx/MyProject/UAE/data/arrangement_merged/chr_15/183214.3~A43.K_15R.png,0,-0.3404082267361091,,0.001066505908966,-0.0041494806925914274,chromosome
0,0.0010244250297546,183214,183214.3~A47.K_15,15,,normal,183214.3~A47.K_15L.png,183214.3~A47.K_15R.png,train,/data5/chensx/MyProject/UAE/data/arrangement_merged/chr_15/183214.3~A47.K_15L.png,/data5/chensx/MyProject/UAE/data/arrangement_merged/chr_15/183214.3~A47.K_15R.png,0,-0.3955986239869336,,0.0010244250297546,-0.026256878813898578,chromosome
0,0.0013802051544189,183214,183214.4~A22.K_15,15,,normal,183214.4~A22.K_15L.png,183214.4~A22.K_15R.png,train,/data5/chensx/MyProject/UAE/data/arrangement_merged/chr_15/183214.4~A22.K_15L.png,/data5/chensx/MyProject/UAE/data/arrangement_merged/chr_15/183214.4~A22.K_15R.png,0,0.0710182048943286,,0.0013802051544189,0.16065397017499775,chromosome
0,0.0008906722068786,183214,183214.4~A24.K_15,15,,normal,183214.4~A24.K_15L.png,183214.4~A24.K_15R.png,train,/data5/chensx/MyProject/UAE/data/arrangement_merged/chr_15/183214.4~A24.K_15L.png,/data5/chensx/MyProject/UAE/data/arrangement_merged/chr_15/183214.4~A24.K_15R.png,0,-0.5710196600079677,,0.0008906722068786,-0.09652458615703227,chromosome
0,0.0008075833320617,183214,183214.4~A26.K_15,15,,normal,183214.4~A26.K_15L.png,183214.4~A26.K_15R.png,train,/data5/chensx/MyProject/UAE/data/arrangement_merged/chr_15/183214.4~A26.K_15L.png,/data5/chensx/MyProject/UAE/data/arrangement_merged/chr_15/183214.4~A26.K_15R.png,0,-0.6799933338998221,,0.0008075833320617,-0.14017573768836808,chromosome
0,0.0006386041641235,183214,183214.4~A28.K_15,15,,normal,183214.4~A28.K_15L.png,183214.4~A28.K_15R.png,train,/data5/chensx/MyProject/UAE/data/arrangement_merged/chr_15/183214.4~A28.K_15L.png,/data5/chensx/MyProject/UAE/data/arrangement_merged/chr_15/183214.4~A28.K_15R.png,0,-0.9016148299424388,,0.0006386041641235,-0.22894977971943348,chromosome
0,0.0012111067771911,183214,183214.4~A50.K_15,15,,normal,183214.4~A50.K_15L.png,183214.4~A50.K_15R.png,train,/data5/chensx/MyProject/UAE/data/arrangement_merged/chr_15/183214.4~A50.K_15L.png,/data5/chensx/MyProject/UAE/data/arrangement_merged/chr_15/183214.4~A50.K_15R.png,0,-0.1507596378827095,,0.0012111067771911,0.07181730095376115,chromosome
0,0.0010943412780761,183214,183214.4~A8.K_15,15,,normal,183214.4~A8.K_15L.png,183214.4~A8.K_15R.png,train,/data5/chensx/MyProject/UAE/data/arrangement_merged/chr_15/183214.4~A8.K_15L.png,/data5/chensx/MyProject/UAE/data/arrangement_merged/chr_15/183214.4~A8.K_15R.png,0,-0.3039012642486657,,0.0010943412780761,0.010473968206351965,chromosome
0,0.0011514425277709,183262,183262.11~A16.K_15,15,,normal,183262.11~A16.K_15L.png,183262.11~A16.K_15R.png,train,/data5/chensx/MyProject/UAE/data/arrangement_merged/chr_15/183262.11~A16.K_15L.png,/data5/chensx/MyProject/UAE/data/arrangement_merged/chr_15/183262.11~A16.K_15R.png,0,-0.2336771706579523,,0.0011514425277709,0.040472392285978355,chromosome
0,0.0008360147476196,183262,183262.12~A5.K_15,15,,normal,183262.12~A5.K_15L.png,183262.12~A5.K_15R.png,train,/data5/chensx/MyProject/UAE/data/arrangement_merged/chr_15/183262.12~A5.K_15L.png,/data5/chensx/MyProject/UAE/data/arrangement_merged/chr_15/183262.12~A5.K_15R.png,0,-0.6326320034916506,,0.0008360147476196,-0.12523915283867362,chromosome
0,0.0008882284164428,183262,183262.14~A1.K_15,15,,normal,183262.14~A1.K_15L.png,183262.14~A1.K_15R.png,train,/data5/chensx/MyProject/UAE/data/arrangement_merged/chr_15/183262.14~A1.K_15L.png,/data5/chensx/MyProject/UAE/data/arrangement_merged/chr_15/183262.14~A1.K_15R.png,0,-0.5665918610951427,,0.0008882284164428,-0.09780844355501739,chromosome
0,0.0012801885604858,183262,183262.14~A16.K_15,15,,normal,183262.14~A16.K_15L.png,183262.14~A16.K_15R.png,train,/data5/chensx/MyProject/UAE/data/arrangement_merged/chr_15/183262.14~A16.K_15L.png,/data5/chensx/MyProject/UAE/data/arrangement_merged/chr_15/183262.14~A16.K_15R.png,0,-0.0708384633788918,,0.0012801885604858,0.10810975764302305,chromosome
0,0.0008356571197509,183262,183262.14~A21.K_15,15,,normal,183262.14~A21.K_15L.png,183262.14~A21.K_15R.png,train,/data5/chensx/MyProject/UAE/data/arrangement_merged/chr_15/183262.14~A21.K_15L.png,/data5/chensx/MyProject/UAE/data/arrangement_merged/chr_15/183262.14~A21.K_15R.png,0,-0.6330843332340924,,0.0008356571197509,-0.12542703440913477,chromosome
0,0.0008033514022827,183262,183262.14~A23.K_15,15,,normal,183262.14~A23.K_15L.png,183262.14~A23.K_15R.png,train,/data5/chensx/MyProject/UAE/data/arrangement_merged/chr_15/183262.14~A23.K_15L.png,/data5/chensx/MyProject/UAE/data/arrangement_merged/chr_15/183262.14~A23.K_15R.png,0,-0.6739447866346715,,0.0008033514022827,-0.14239900293850155,chromosome
0,0.0010768771171569,183262,183262.14~A29.K_15,15,,normal,183262.14~A29.K_15L.png,183262.14~A29.K_15R.png,train,/data5/chensx/MyProject/UAE/data/arrangement_merged/chr_15/183262.14~A29.K_15L.png,/data5/chensx/MyProject/UAE/data/arrangement_merged/chr_15/183262.14~A29.K_15R.png,0,-0.3279879219570749,,0.0010768771171569,0.0012990848500475632,chromosome
0,0.0007702112197875,183262,183262.14~A33.K_15,15,,normal,183262.14~A33.K_15L.png,183262.14~A33.K_15R.png,train,/data5/chensx/MyProject/UAE/data/arrangement_merged/chr_15/183262.14~A33.K_15L.png,/data5/chensx/MyProject/UAE/data/arrangement_merged/chr_15/183262.14~A33.K_15R.png,0,-0.7158606761009482,,0.0007702112197875,-0.15980936179896194,chromosome
0,0.0010315179824829,183262,183262.14~A38.K_15,15,,normal,183262.14~A38.K_15L.png,183262.14~A38.K_15R.png,train,/data5/chensx/MyProject/UAE/data/arrangement_merged/chr_15/183262.14~A38.K_15L.png,/data5/chensx/MyProject/UAE/data/arrangement_merged/chr_15/183262.14~A38.K_15R.png,0,-0.385358410956781,,0.0010315179824829,-0.02253056100023328,chromosome
0,0.0009024143218994,183262,183262.14~A45.K_15,15,,normal,183262.14~A45.K_15L.png,183262.14~A45.K_15R.png,train,/data5/chensx/MyProject/UAE/data/arrangement_merged/chr_15/183262.14~A45.K_15L.png,/data5/chensx/MyProject/UAE/data/arrangement_merged/chr_15/183262.14~A45.K_15R.png,0,-0.5486494479782833,,0.0009024143218994,-0.09035580792768667,chromosome
0,0.0010491609573364,183262,183262.14~A8.K_15,15,,normal,183262.14~A8.K_15L.png,183262.14~A8.K_15R.png,train,/data5/chensx/MyProject/UAE/data/arrangement_merged/chr_15/183262.14~A8.K_15L.png,/data5/chensx/MyProject/UAE/data/arrangement_merged/chr_15/183262.14~A8.K_15R.png,0,-0.3630434769963171,,0.0010491609573364,-0.013261736858724586,chromosome
0,0.0007683634757995,183262,183262.1~A2.K_15,15,,normal,183262.1~A2.K_15L.png,183262.1~A2.K_15R.png,train,/data5/chensx/MyProject/UAE/data/arrangement_merged/chr_15/183262.1~A2.K_15L.png,/data5/chensx/MyProject/UAE/data/arrangement_merged/chr_15/183262.1~A2.K_15R.png,0,-0.7181977131035644,,0.0007683634757995,-0.16078008324619586,chromosome
0,0.0008603930473327,183262,183262.1~A24.K_15,15,,normal,183262.1~A24.K_15L.png,183262.1~A24.K_15R.png,train,/data5/chensx/MyProject/UAE/data/arrangement_merged/chr_15/183262.1~A24.K_15L.png,/data5/chensx/MyProject/UAE/data/arrangement_merged/chr_15/183262.1~A24.K_15R.png,0,-0.6017981927151989,,0.0008603930473327,-0.11243189245396072,chromosome
0,0.0006787180900573,183262,183262.1~A26.K_15,15,,normal,183262.1~A26.K_15L.png,183262.1~A26.K_15R.png,train,/data5/chensx/MyProject/UAE/data/arrangement_merged/chr_15/183262.1~A26.K_15L.png,/data5/chensx/MyProject/UAE/data/arrangement_merged/chr_15/183262.1~A26.K_15R.png,0,-0.831581701875651,,0.0006787180900573,-0.20787573023553155,chromosome
0,0.0012964606285095,183262,183262.1~A42.K_15,15,,normal,183262.1~A42.K_15L.png,183262.1~A42.K_15R.png,train,/data5/chensx/MyProject/UAE/data/arrangement_merged/chr_15/183262.1~A42.K_15L.png,/data5/chensx/MyProject/UAE/data/arrangement_merged/chr_15/183262.1~A42.K_15R.png,0,-0.0502574600977883,,0.0012964606285095,0.1166583690978777,chromosome
0,0.0010603070259094,183262,183262.1~A9.K_15,15,,normal,183262.1~A9.K_15L.png,183262.1~A9.K_15R.png,train,/data5/chensx/MyProject/UAE/data/arrangement_merged/chr_15/183262.1~A9.K_15L.png,/data5/chensx/MyProject/UAE/data/arrangement_merged/chr_15/183262.1~A9.K_15R.png,0,-0.3489458666902132,,0.0010603070259094,-0.007406094580130116,chromosome
0,0.0008959770202636,183262,183262.2~A10.K_15,15,,normal,183262.2~A10.K_15L.png,183262.2~A10.K_15R.png,train,/data5/chensx/MyProject/UAE/data/arrangement_merged/chr_15/183262.2~A10.K_15L.png,/data5/chensx/MyProject/UAE/data/arrangement_merged/chr_15/183262.2~A10.K_15R.png,0,-0.5567913833422363,,0.0008959770202636,-0.09373767619556779,chromosome
0,0.0069024562835693,183262,183262.2~A22.K_15,15,,normal,183262.2~A22.K_15L.png,183262.2~A22.K_15R.png,train,/data5/chensx/MyProject/UAE/data/arrangement_merged/chr_15/183262.2~A22.K_15L.png,/data5/chensx/MyProject/UAE/data/arrangement_merged/chr_15/183262.2~A22.K_15R.png,1,7.040237417549192,,0.0069024562835693,3.0617959264697916,chromosome
0,0.000986099243164,183262,183262.2~A23.K_15,15,,normal,183262.2~A23.K_15L.png,183262.2~A23.K_15R.png,train,/data5/chensx/MyProject/UAE/data/arrangement_merged/chr_15/183262.2~A23.K_15L.png,/data5/chensx/MyProject/UAE/data/arrangement_merged/chr_15/183262.2~A23.K_15R.png,0,-0.4428042882468939,,0.000986099243164,-0.04639152044565221,chromosome
0,0.0006678104400634,183262,183262.2~A44.K_15,15,,normal,183262.2~A44.K_15L.png,183262.2~A44.K_15R.png,train,/data5/chensx/MyProject/UAE/data/arrangement_merged/chr_15/183262.2~A44.K_15L.png,/data5/chensx/MyProject/UAE/data/arrangement_merged/chr_15/183262.2~A44.K_15R.png,0,-0.8453777590201269,,0.0006678104400634,-0.21360611813383606,chromosome
0,0.0016098022460937,183262,183262.2~A45.K_15,15,,normal,183262.2~A45.K_15L.png,183262.2~A45.K_15R.png,train,/data5/chensx/MyProject/UAE/data/arrangement_merged/chr_15/183262.2~A45.K_15L.png,/data5/chensx/MyProject/UAE/data/arrangement_merged/chr_15/183262.2~A45.K_15R.png,0,0.3460587825716658,,0.0016098022460937,0.28127393839500564,chromosome
0,0.0008525848388671,183262,183262.3~A17.K_15,15,,normal,183262.3~A17.K_15L.png,183262.3~A17.K_15R.png,train,/data5/chensx/MyProject/UAE/data/arrangement_merged/chr_15/183262.3~A17.K_15L.png,/data5/chensx/MyProject/UAE/data/arrangement_merged/chr_15/183262.3~A17.K_15R.png,0,-0.6116740587585122,,0.0008525848388671,-0.11653397340849593,chromosome
0,0.002572476863861,183262,183262.3~A24.K_15,15,,normal,183262.3~A24.K_15L.png,183262.3~A24.K_15R.png,train,/data5/chensx/MyProject/UAE/data/arrangement_merged/chr_15/183262.3~A24.K_15L.png,/data5/chensx/MyProject/UAE/data/arrangement_merged/chr_15/183262.3~A24.K_15R.png,0,1.563655060934678,,0.002572476863861,0.7870198124140398,chromosome
0,0.0009742379188537,183262,183262.3~A30.K_15,15,,normal,183262.3~A30.K_15L.png,183262.3~A30.K_15R.png,train,/data5/chensx/MyProject/UAE/data/arrangement_merged/chr_15/183262.3~A30.K_15L.png,/data5/chensx/MyProject/UAE/data/arrangement_merged/chr_15/183262.3~A30.K_15R.png,0,-0.4578065580378815,,0.0009742379188537,-0.052622925865116535,chromosome
0,0.0010362267494201,183262,183262.3~A41.K_15,15,,normal,183262.3~A41.K_15L.png,183262.3~A41.K_15R.png,train,/data5/chensx/MyProject/UAE/data/arrangement_merged/chr_15/183262.3~A41.K_15L.png,/data5/chensx/MyProject/UAE/data/arrangement_merged/chr_15/183262.3~A41.K_15R.png,0,-0.3794027360146301,,0.0010362267494201,-0.020056786989519872,chromosome
0,0.0012707114219665,183262,183262.4~A14.K_15,15,,normal,183262.4~A14.K_15L.png,183262.4~A14.K_15R.png,train,/data5/chensx/MyProject/UAE/data/arrangement_merged/chr_15/183262.4~A14.K_15L.png,/data5/chensx/MyProject/UAE/data/arrangement_merged/chr_15/183262.4~A14.K_15R.png,0,-0.0828252015536004,,0.0012707114219665,0.10313089602645827,chromosome
0,0.0006816983222961,183262,183262.4~A19.K_15,15,,normal,183262.4~A19.K_15L.png,183262.4~A19.K_15R.png,train,/data5/chensx/MyProject/UAE/data/arrangement_merged/chr_15/183262.4~A19.K_15L.png,/data5/chensx/MyProject/UAE/data/arrangement_merged/chr_15/183262.4~A19.K_15R.png,0,-0.8278122873553023,,0.0006816983222961,-0.20631005048188095,chromosome
0,0.0012525916099548,183262,183262.4~A24.K_15,15,,normal,183262.4~A24.K_15L.png,183262.4~A24.K_15R.png,train,/data5/chensx/MyProject/UAE/data/arrangement_merged/chr_15/183262.4~A24.K_15L.png,/data5/chensx/MyProject/UAE/data/arrangement_merged/chr_15/183262.4~A24.K_15R.png,0,-0.1057432418373201,,0.0012525916099548,0.09361156312436963,chromosome
0,0.0012342929840087,183262,183262.4~A29.K_15,15,,normal,183262.4~A29.K_15L.png,183262.4~A29.K_15R.png,train,/data5/chensx/MyProject/UAE/data/arrangement_merged/chr_15/183262.4~A29.K_15L.png,/data5/chensx/MyProject/UAE/data/arrangement_merged/chr_15/183262.4~A29.K_15R.png,0,-0.1288874469922606,,0.0012342929840087,0.08399828943702418,chromosome
0,0.0009494423866271,183262,183262.4~A31.K_15,15,,normal,183262.4~A31.K_15L.png,183262.4~A31.K_15R.png,train,/data5/chensx/MyProject/UAE/data/arrangement_merged/chr_15/183262.4~A31.K_15L.png,/data5/chensx/MyProject/UAE/data/arrangement_merged/chr_15/183262.4~A31.K_15R.png,0,-0.489168086847182,,0.0009494423866271,-0.0656493814153762,chromosome
0,0.0008350014686584,183262,183262.4~A50.K_15,15,,normal,183262.4~A50.K_15L.png,183262.4~A50.K_15R.png,train,/data5/chensx/MyProject/UAE/data/arrangement_merged/chr_15/183262.4~A50.K_15L.png,/data5/chensx/MyProject/UAE/data/arrangement_merged/chr_15/183262.4~A50.K_15R.png,0,-0.6339136044285691,,0.0008350014686584,-0.125771483954919,chromosome
0,0.0012296438217163,183786,183786.11~A44.K_15,15,,normal,183786.11~A44.K_15L.png,183786.11~A44.K_15R.png,train,/data5/chensx/MyProject/UAE/data/arrangement_merged/chr_15/183786.11~A44.K_15L.png,/data5/chensx/MyProject/UAE/data/arrangement_merged/chr_15/183786.11~A44.K_15R.png,0,-0.0977541539077551,,0.0012296438217163,0.08155582902139645,chromosome
0,0.0013127923011779,183786,183786.12~A1.K_15,15,,normal,183786.12~A1.K_15L.png,183786.12~A1.K_15R.png,train,/data5/chensx/MyProject/UAE/data/arrangement_merged/chr_15/183786.12~A1.K_15L.png,/data5/chensx/MyProject/UAE/data/arrangement_merged/chr_15/183786.12~A1.K_15R.png,0,-0.0543920282319026,,0.0013127923011779,0.1252382941477654,chromosome
0,0.0010828971862792,183786,183786.12~A12.K_15,15,,normal,183786.12~A12.K_15L.png,183786.12~A12.K_15R.png,train,/data5/chensx/MyProject/UAE/data/arrangement_merged/chr_15/183786.12~A12.K_15L.png,/data5/chensx/MyProject/UAE/data/arrangement_merged/chr_15/183786.12~A12.K_15R.png,0,-0.1742828660324496,,0.0010828971862792,0.004461757952381845,chromosome
0,0.0010157823562622,183786,183786.12~A15.K_15,15,,normal,183786.12~A15.K_15L.png,183786.12~A15.K_15R.png,train,/data5/chensx/MyProject/UAE/data/arrangement_merged/chr_15/183786.12~A15.K_15L.png,/data5/chensx/MyProject/UAE/data/arrangement_merged/chr_15/183786.12~A15.K_15R.png,0,-0.2092834061837112,,0.0010157823562622,-0.03079735009942232,chromosome
0,0.0010722875595092,183786,183786.12~A16.K_15,15,,normal,183786.12~A16.K_15L.png,183786.12~A16.K_15R.png,train,/data5/chensx/MyProject/UAE/data/arrangement_merged/chr_15/183786.12~A16.K_15L.png,/data5/chensx/MyProject/UAE/data/arrangement_merged/chr_15/183786.12~A16.K_15R.png,0,-0.1798158111007662,,0.0010722875595092,-0.0011120619705471176,chromosome
0,0.0009410977363586,183786,183786.12~A34.K_15,15,,normal,183786.12~A34.K_15L.png,183786.12~A34.K_15R.png,train,/data5/chensx/MyProject/UAE/data/arrangement_merged/chr_15/183786.12~A34.K_15L.png,/data5/chensx/MyProject/UAE/data/arrangement_merged/chr_15/183786.12~A34.K_15R.png,0,-0.2482316093893335,,0.0009410977363586,-0.0700332847255244,chromosome
0,0.0010572671890258,183786,183786.12~A41.K_15,15,,normal,183786.12~A41.K_15L.png,183786.12~A41.K_15R.png,train,/data5/chensx/MyProject/UAE/data/arrangement_merged/chr_15/183786.12~A41.K_15L.png,/data5/chensx/MyProject/UAE/data/arrangement_merged/chr_15/183786.12~A41.K_15R.png,0,-0.1876489692873719,,0.0010572671890258,-0.009003087928866354,chromosome
0,0.0007236003875732,183786,183786.12~A47.K_15,15,,normal,183786.12~A47.K_15L.png,183786.12~A47.K_15R.png,train,/data5/chensx/MyProject/UAE/data/arrangement_merged/chr_15/183786.12~A47.K_15L.png,/data5/chensx/MyProject/UAE/data/arrangement_merged/chr_15/183786.12~A47.K_15R.png,0,-0.3616569832898251,,0.0007236003875732,-0.1842965931457781,chromosome
0,0.0010928511619567,183786,183786.13~A10.K_15,15,,normal,183786.13~A10.K_15L.png,183786.13~A10.K_15R.png,train,/data5/chensx/MyProject/UAE/data/arrangement_merged/chr_15/183786.13~A10.K_15L.png,/data5/chensx/MyProject/UAE/data/arrangement_merged/chr_15/183786.13~A10.K_15R.png,0,-0.1690918445357705,,0.0010928511619567,0.009691128329526571,chromosome
0,0.0012793540954589,183786,183786.13~A12.K_15,15,,normal,183786.13~A12.K_15L.png,183786.13~A12.K_15R.png,train,/data5/chensx/MyProject/UAE/data/arrangement_merged/chr_15/183786.13~A12.K_15L.png,/data5/chensx/MyProject/UAE/data/arrangement_merged/chr_15/183786.13~A12.K_15R.png,0,-0.0718301303854175,,0.0012793540954589,0.107671367311982,chromosome
0,0.0009650588035583,183786,183786.13~A29.K_15,15,,normal,183786.13~A29.K_15L.png,183786.13~A29.K_15R.png,train,/data5/chensx/MyProject/UAE/data/arrangement_merged/chr_15/183786.13~A29.K_15L.png,/data5/chensx/MyProject/UAE/data/arrangement_merged/chr_15/183786.13~A29.K_15R.png,0,-0.2357358570440341,,0.0009650588035583,-0.057445219506305836,chromosome
0,0.000766634941101,183786,183786.13~A34.K_15,15,,normal,183786.13~A34.K_15L.png,183786.13~A34.K_15R.png,train,/data5/chensx/MyProject/UAE/data/arrangement_merged/chr_15/183786.13~A34.K_15L.png,/data5/chensx/MyProject/UAE/data/arrangement_merged/chr_15/183786.13~A34.K_15R.png,0,-0.3392143634059789,,0.000766634941101,-0.16168817750331116,chromosome
0,0.0010478496551513,183786,183786.13~A43.K_15,15,,normal,183786.13~A43.K_15L.png,183786.13~A43.K_15R.png,train,/data5/chensx/MyProject/UAE/data/arrangement_merged/chr_15/183786.13~A43.K_15L.png,/data5/chensx/MyProject/UAE/data/arrangement_merged/chr_15/183786.13~A43.K_15R.png,0,-0.1925602351345293,,0.0010478496551513,-0.013950635950345572,chromosome
0,0.0008584260940551,183786,183786.14~A17.K_15,15,,normal,183786.14~A17.K_15L.png,183786.14~A17.K_15R.png,train,/data5/chensx/MyProject/UAE/data/arrangement_merged/chr_15/183786.14~A17.K_15L.png,/data5/chensx/MyProject/UAE/data/arrangement_merged/chr_15/183786.14~A17.K_15R.png,0,-0.2913450633767223,,0.0008584260940551,-0.11346524109136595,chromosome
0,0.0007449984550476,183786,183786.14~A24.K_15,15,,normal,183786.14~A24.K_15L.png,183786.14~A24.K_15R.png,train,/data5/chensx/MyProject/UAE/data/arrangement_merged/chr_15/183786.14~A24.K_15L.png,/data5/chensx/MyProject/UAE/data/arrangement_merged/chr_15/183786.14~A24.K_15R.png,0,-0.3504978412700179,,0.0007449984550476,-0.1730550125146633,chromosome
0,0.0009968876838684,183786,183786.14~A38.K_15,15,,normal,183786.14~A38.K_15L.png,183786.14~A38.K_15R.png,train,/data5/chensx/MyProject/UAE/data/arrangement_merged/chr_15/183786.14~A38.K_15L.png,/data5/chensx/MyProject/UAE/data/arrangement_merged/chr_15/183786.14~A38.K_15R.png,0,-0.2191370218390841,,0.0009968876838684,-0.04072375973746643,chromosome
0,0.0009240508079528,183786,183786.14~A39.K_15,15,,normal,183786.14~A39.K_15L.png,183786.14~A39.K_15R.png,train,/data5/chensx/MyProject/UAE/data/arrangement_merged/chr_15/183786.14~A39.K_15L.png,/data5/chensx/MyProject/UAE/data/arrangement_merged/chr_15/183786.14~A39.K_15R.png,0,-0.2571216222519097,,0.0009240508079528,-0.07898897291633449,chromosome
0,0.0006829500198364,183786,183786.1~A44.K_15,15,,normal,183786.1~A44.K_15L.png,183786.1~A44.K_15R.png,train,/data5/chensx/MyProject/UAE/data/arrangement_merged/chr_15/183786.1~A44.K_15L.png,/data5/chensx/MyProject/UAE/data/arrangement_merged/chr_15/183786.1~A44.K_15R.png,0,-0.382856244731353,,0.0006829500198364,-0.2056524649853456,chromosome
0,0.0008851289749145,183786,183786.2~A14.K_15,15,,normal,183786.2~A14.K_15L.png,183786.2~A14.K_15R.png,train,/data5/chensx/MyProject/UAE/data/arrangement_merged/chr_15/183786.2~A14.K_15L.png,/data5/chensx/MyProject/UAE/data/arrangement_merged/chr_15/183786.2~A14.K_15R.png,0,-0.2774194488227568,,0.0008851289749145,-0.09943675049878667,chromosome
0,0.000805914402008,183786,183786.2~A4.K_15,15,,normal,183786.2~A4.K_15L.png,183786.2~A4.K_15R.png,train,/data5/chensx/MyProject/UAE/data/arrangement_merged/chr_15/183786.2~A4.K_15L.png,/data5/chensx/MyProject/UAE/data/arrangement_merged/chr_15/183786.2~A4.K_15R.png,0,-0.318730033068784,,0.000805914402008,-0.1410525183503977,chromosome
0,0.0014714002609252,183786,183786.2~A49.K_15,15,,normal,183786.2~A49.K_15L.png,183786.2~A49.K_15R.png,train,/data5/chensx/MyProject/UAE/data/arrangement_merged/chr_15/183786.2~A49.K_15L.png,/data5/chensx/MyProject/UAE/data/arrangement_merged/chr_15/183786.2~A49.K_15R.png,0,0.0283223921433256,,0.0014714002609252,0.20856377063619178,chromosome
0,0.0008249878883361,183786,183786.3~A1.K_15,15,,normal,183786.3~A1.K_15L.png,183786.3~A1.K_15R.png,train,/data5/chensx/MyProject/UAE/data/arrangement_merged/chr_15/183786.3~A1.K_15L.png,/data5/chensx/MyProject/UAE/data/arrangement_merged/chr_15/183786.3~A1.K_15R.png,0,-0.3087831655302372,,0.0008249878883361,-0.13103216792714936,chromosome
0,0.0448264479637146,183786,183786.3~A25.K_15,15,,normal,183786.3~A25.K_15L.png,183786.3~A25.K_15R.png,train,/data5/chensx/MyProject/UAE/data/arrangement_merged/chr_15/183786.3~A25.K_15L.png,/data5/chensx/MyProject/UAE/data/arrangement_merged/chr_15/183786.3~A25.K_15R.png,1,22.638080734598205,,0.0448264479637146,22.98535261382589,chromosome
0,0.0010040402412414,183786,183786.3~A36.K_15,15,,normal,183786.3~A36.K_15L.png,183786.3~A36.K_15R.png,train,/data5/chensx/MyProject/UAE/data/arrangement_merged/chr_15/183786.3~A36.K_15L.png,/data5/chensx/MyProject/UAE/data/arrangement_merged/chr_15/183786.3~A36.K_15R.png,0,-0.215406946512129,,0.0010040402412414,-0.03696612832876797,chromosome
0,0.0013952851295471,183786,183786.3~A37.K_15,15,,normal,183786.3~A37.K_15L.png,183786.3~A37.K_15R.png,train,/data5/chensx/MyProject/UAE/data/arrangement_merged/chr_15/183786.3~A37.K_15L.png,/data5/chensx/MyProject/UAE/data/arrangement_merged/chr_15/183786.3~A37.K_15R.png,0,-0.0113718261276877,,0.0013952851295471,0.16857630972840265,chromosome
0,0.0010470151901245,183786,183786.3~A44.K_15,15,,normal,183786.3~A44.K_15L.png,183786.3~A44.K_15R.png,train,/data5/chensx/MyProject/UAE/data/arrangement_merged/chr_15/183786.3~A44.K_15L.png,/data5/chensx/MyProject/UAE/data/arrangement_merged/chr_15/183786.3~A44.K_15R.png,0,-0.1929954105893408,,0.0010470151901245,-0.014389026281334101,chromosome
0,0.0008522272109985,183786,183786.4~A49.K_15,15,,normal,183786.4~A49.K_15L.png,183786.4~A49.K_15R.png,train,/data5/chensx/MyProject/UAE/data/arrangement_merged/chr_15/183786.4~A49.K_15L.png,/data5/chensx/MyProject/UAE/data/arrangement_merged/chr_15/183786.4~A49.K_15R.png,0,-0.29457779532675,,0.0008522272109985,-0.11672185497890458,chromosome
0,0.001251220703125,183786,183786.5~A1.K_15,15,,normal,183786.5~A1.K_15L.png,183786.5~A1.K_15R.png,train,/data5/chensx/MyProject/UAE/data/arrangement_merged/chr_15/183786.5~A1.K_15L.png,/data5/chensx/MyProject/UAE/data/arrangement_merged/chr_15/183786.5~A1.K_15R.png,0,-0.086501760004774,,0.001251220703125,0.0928913504377156,chromosome
0,0.000828742980957,183786,183786.5~A31.K_15,15,,normal,183786.5~A31.K_15L.png,183786.5~A31.K_15R.png,train,/data5/chensx/MyProject/UAE/data/arrangement_merged/chr_15/183786.5~A31.K_15L.png,/data5/chensx/MyProject/UAE/data/arrangement_merged/chr_15/183786.5~A31.K_15R.png,0,-0.3068248759835858,,0.000828742980957,-0.12905941143754326,chromosome
0,0.0011101961135864,183786,183786.5~A33.K_15,15,,normal,183786.5~A33.K_15L.png,183786.5~A33.K_15R.png,train,/data5/chensx/MyProject/UAE/data/arrangement_merged/chr_15/183786.5~A33.K_15L.png,/data5/chensx/MyProject/UAE/data/arrangement_merged/chr_15/183786.5~A33.K_15R.png,0,-0.1600464118679045,,0.0011101961135864,0.018803384495712245,chromosome
0,0.0008058547973632,183786,183786.5~A42.K_15,15,,normal,183786.5~A42.K_15L.png,183786.5~A42.K_15R.png,train,/data5/chensx/MyProject/UAE/data/arrangement_merged/chr_15/183786.5~A42.K_15L.png,/data5/chensx/MyProject/UAE/data/arrangement_merged/chr_15/183786.5~A42.K_15R.png,0,-0.318761117029842,,0.0008058547973632,-0.14108383194548332,chromosome
0,0.0012743473052978,183786,183786.5~A44.K_15,15,,normal,183786.5~A44.K_15L.png,183786.5~A44.K_15R.png,train,/data5/chensx/MyProject/UAE/data/arrangement_merged/chr_15/183786.5~A44.K_15L.png,/data5/chensx/MyProject/UAE/data/arrangement_merged/chr_15/183786.5~A44.K_15R.png,0,-0.074441183114286,,0.0012743473052978,0.10504102532589306,chromosome
0,0.0010408163070678,183786,183786.5~A6.K_15,15,,normal,183786.5~A6.K_15L.png,183786.5~A6.K_15R.png,train,/data5/chensx/MyProject/UAE/data/arrangement_merged/chr_15/183786.5~A6.K_15L.png,/data5/chensx/MyProject/UAE/data/arrangement_merged/chr_15/183786.5~A6.K_15R.png,0,-0.1962281425393685,,0.0010408163070678,-0.017645640168925305,chromosome
0,0.0009459257125854,183786,183786.5~A8.K_15,15,,normal,183786.5~A8.K_15L.png,183786.5~A8.K_15R.png,train,/data5/chensx/MyProject/UAE/data/arrangement_merged/chr_15/183786.5~A8.K_15L.png,/data5/chensx/MyProject/UAE/data/arrangement_merged/chr_15/183786.5~A8.K_15R.png,0,-0.2457138085436389,,0.0009459257125854,-0.06749688352463981,chromosome
0,0.0012193322181701,184752,184752.11~A43.K_15,15,,normal,184752.11~A43.K_15L.png,184752.11~A43.K_15R.png,train,/data5/chensx/MyProject/UAE/data/arrangement_merged/chr_15/184752.11~A43.K_15L.png,/data5/chensx/MyProject/UAE/data/arrangement_merged/chr_15/184752.11~A43.K_15R.png,0,0.0653238298537988,,0.0012193322181701,0.07613857707379063,chromosome
0,0.0007356405258178,184752,184752.13~A19.K_15,15,,normal,184752.13~A19.K_15L.png,184752.13~A19.K_15R.png,train,/data5/chensx/MyProject/UAE/data/arrangement_merged/chr_15/184752.13~A19.K_15L.png,/data5/chensx/MyProject/UAE/data/arrangement_merged/chr_15/184752.13~A19.K_15R.png,0,-0.7019639904759554,,0.0007356405258178,-0.17797124694110947,chromosome
0,0.000953733921051,184752,184752.13~A20.K_15,15,,normal,184752.13~A20.K_15L.png,184752.13~A20.K_15R.png,train,/data5/chensx/MyProject/UAE/data/arrangement_merged/chr_15/184752.13~A20.K_15L.png,/data5/chensx/MyProject/UAE/data/arrangement_merged/chr_15/184752.13~A20.K_15R.png,0,-0.3559989708103274,,0.000953733921051,-0.0633948025701046,chromosome
0,0.0008090138435363,184752,184752.14~A10.K_15,15,,normal,184752.14~A10.K_15L.png,184752.14~A10.K_15R.png,train,/data5/chensx/MyProject/UAE/data/arrangement_merged/chr_15/184752.14~A10.K_15L.png,/data5/chensx/MyProject/UAE/data/arrangement_merged/chr_15/184752.14~A10.K_15R.png,0,-0.585570730238626,,0.0008090138435363,-0.13942421140662842,chromosome
0,0.0008242726325988,184752,184752.14~A14.K_15,15,,normal,184752.14~A14.K_15L.png,184752.14~A14.K_15R.png,train,/data5/chensx/MyProject/UAE/data/arrangement_merged/chr_15/184752.14~A14.K_15L.png,/data5/chensx/MyProject/UAE/data/arrangement_merged/chr_15/184752.14~A14.K_15R.png,0,-0.5613654705954446,,0.0008242726325988,-0.1314079310680192,chromosome
0,0.0007921457290649,184752,184752.14~A43.K_15,15,,normal,184752.14~A43.K_15L.png,184752.14~A43.K_15R.png,train,/data5/chensx/MyProject/UAE/data/arrangement_merged/chr_15/184752.14~A43.K_15L.png,/data5/chensx/MyProject/UAE/data/arrangement_merged/chr_15/184752.14~A43.K_15R.png,0,-0.6123288883597993,,0.0007921457290649,-0.14828595881218162,chromosome
0,0.000942587852478,184752,184752.2~A30.K_15,15,,normal,184752.2~A30.K_15L.png,184752.2~A30.K_15R.png,train,/data5/chensx/MyProject/UAE/data/arrangement_merged/chr_15/184752.2~A30.K_15L.png,/data5/chensx/MyProject/UAE/data/arrangement_merged/chr_15/184752.2~A30.K_15R.png,0,-0.3736801565653076,,0.000942587852478,-0.06925044484869908,chromosome
0,0.0008556842803955,184752,184752.2~A50.K_15,15,,normal,184752.2~A50.K_15L.png,184752.2~A50.K_15R.png,train,/data5/chensx/MyProject/UAE/data/arrangement_merged/chr_15/184752.2~A50.K_15L.png,/data5/chensx/MyProject/UAE/data/arrangement_merged/chr_15/184752.2~A50.K_15R.png,0,-0.5115366743768642,,0.0008556842803955,-0.11490566646467407,chromosome
0,0.0005791783332824,184752,184752.3~A13.K_15,15,,normal,184752.3~A13.K_15L.png,184752.3~A13.K_15R.png,train,/data5/chensx/MyProject/UAE/data/arrangement_merged/chr_15/184752.3~A13.K_15L.png,/data5/chensx/MyProject/UAE/data/arrangement_merged/chr_15/184752.3~A13.K_15R.png,0,-0.950162453614046,,0.0005791783332824,-0.2601694340069263,chromosome
0,0.0009693503379821,184752,184752.3~A16.K_15,15,,normal,184752.3~A16.K_15L.png,184752.3~A16.K_15R.png,train,/data5/chensx/MyProject/UAE/data/arrangement_merged/chr_15/184752.3~A16.K_15L.png,/data5/chensx/MyProject/UAE/data/arrangement_merged/chr_15/184752.3~A16.K_15R.png,0,-0.331226400394259,,0.0009693503379821,-0.055190640661086754,chromosome
0,0.0010570287704467,184752,184752.4~A27.K_15,15,,normal,184752.4~A27.K_15L.png,184752.4~A27.K_15R.png,train,/data5/chensx/MyProject/UAE/data/arrangement_merged/chr_15/184752.4~A27.K_15L.png,/data5/chensx/MyProject/UAE/data/arrangement_merged/chr_15/184752.4~A27.K_15R.png,0,-0.192140709241447,,0.0010570287704467,-0.009128342309156325,chromosome
0,0.0011820197105407,184793,184793.11~A18.K_15,15,,normal,184793.11~A18.K_15L.png,184793.11~A18.K_15R.png,train,/data5/chensx/MyProject/UAE/data/arrangement_merged/chr_15/184793.11~A18.K_15L.png,/data5/chensx/MyProject/UAE/data/arrangement_merged/chr_15/184793.11~A18.K_15R.png,0,-0.1829190536769832,,0.0011820197105407,0.05653626655828233,chromosome
0,0.0011705756187438,184793,184793.12~A12.K_15,15,,normal,184793.12~A12.K_15L.png,184793.12~A12.K_15R.png,train,/data5/chensx/MyProject/UAE/data/arrangement_merged/chr_15/184793.12~A12.K_15L.png,/data5/chensx/MyProject/UAE/data/arrangement_merged/chr_15/184793.12~A12.K_15R.png,0,-0.1974578554745818,,0.0011705756187438,0.05052405630431232,chromosome
0,0.0009816884994506,184793,184793.12~A27.K_15,15,,normal,184793.12~A27.K_15L.png,184793.12~A27.K_15R.png,train,/data5/chensx/MyProject/UAE/data/arrangement_merged/chr_15/184793.12~A27.K_15L.png,/data5/chensx/MyProject/UAE/data/arrangement_merged/chr_15/184793.12~A27.K_15R.png,0,-0.437423808060987,,0.0009816884994506,-0.048708726481042595,chromosome
0,0.0008974075317382,184793,184793.12~A32.K_15,15,,normal,184793.12~A32.K_15L.png,184793.12~A32.K_15R.png,train,/data5/chensx/MyProject/UAE/data/arrangement_merged/chr_15/184793.12~A32.K_15L.png,/data5/chensx/MyProject/UAE/data/arrangement_merged/chr_15/184793.12~A32.K_15R.png,0,-0.544496025466218,,0.0008974075317382,-0.09298614991382809,chromosome
0,0.0007912516593933,184793,184793.12~A38.K_15,15,,normal,184793.12~A38.K_15L.png,184793.12~A38.K_15R.png,train,/data5/chensx/MyProject/UAE/data/arrangement_merged/chr_15/184793.12~A38.K_15L.png,/data5/chensx/MyProject/UAE/data/arrangement_merged/chr_15/184793.12~A38.K_15R.png,0,-0.6793585567241504,,0.0007912516593933,-0.14875566273825577,chromosome
0,0.0007068514823913,184793,184793.12~A42.K_15,15,,normal,184793.12~A42.K_15L.png,184793.12~A42.K_15R.png,train,/data5/chensx/MyProject/UAE/data/arrangement_merged/chr_15/184793.12~A42.K_15L.png,/data5/chensx/MyProject/UAE/data/arrangement_merged/chr_15/184793.12~A42.K_15R.png,0,-0.7865822199814396,,0.0007068514823913,-0.19309571336121262,chromosome
0,0.000931978225708,184793,184793.13~A10.K_15,15,,normal,184793.13~A10.K_15L.png,184793.13~A10.K_15R.png,train,/data5/chensx/MyProject/UAE/data/arrangement_merged/chr_15/184793.13~A10.K_15L.png,/data5/chensx/MyProject/UAE/data/arrangement_merged/chr_15/184793.13~A10.K_15R.png,0,-0.5005767283693057,,0.000931978225708,-0.07482426477162803,chromosome
0,0.000813603401184,184793,184793.13~A16.K_15,15,,normal,184793.13~A16.K_15L.png,184793.13~A16.K_15R.png,train,/data5/chensx/MyProject/UAE/data/arrangement_merged/chr_15/184793.13~A16.K_15L.png,/data5/chensx/MyProject/UAE/data/arrangement_merged/chr_15/184793.13~A16.K_15R.png,0,-0.6509624594632157,,0.000813603401184,-0.1370130645860338,chromosome
0,0.0006923079490661,184793,184793.13~A43.K_15,15,,normal,184793.13~A43.K_15L.png,184793.13~A43.K_15R.png,train,/data5/chensx/MyProject/UAE/data/arrangement_merged/chr_15/184793.13~A43.K_15L.png,/data5/chensx/MyProject/UAE/data/arrangement_merged/chr_15/184793.13~A43.K_15R.png,0,-0.8050586139325545,,0.0006923079490661,-0.20073623055895198,chromosome
0,0.0008673071861267,184793,184793.14~A14.K_15,15,,normal,184793.14~A14.K_15L.png,184793.14~A14.K_15R.png,train,/data5/chensx/MyProject/UAE/data/arrangement_merged/chr_15/184793.14~A14.K_15L.png,/data5/chensx/MyProject/UAE/data/arrangement_merged/chr_15/184793.14~A14.K_15R.png,0,-0.5827361031109434,,0.0008673071861267,-0.10879951542549972,chromosome
0,0.0009509325027465,184793,184793.14~A26.K_15,15,,normal,184793.14~A26.K_15L.png,184793.14~A26.K_15R.png,train,/data5/chensx/MyProject/UAE/data/arrangement_merged/chr_15/184793.14~A26.K_15L.png,/data5/chensx/MyProject/UAE/data/arrangement_merged/chr_15/184793.14~A26.K_15R.png,0,-0.4764968378920331,,0.0009509325027465,-0.06486654153855093,chromosome
0,0.001139760017395,184793,184793.14~A27.K_15,15,,normal,184793.14~A27.K_15L.png,184793.14~A27.K_15R.png,train,/data5/chensx/MyProject/UAE/data/arrangement_merged/chr_15/184793.14~A27.K_15L.png,/data5/chensx/MyProject/UAE/data/arrangement_merged/chr_15/184793.14~A27.K_15R.png,0,-0.236606608231657,,0.001139760017395,0.03433492765177089,chromosome
0,0.0007199048995971,184793,184793.14~A3.K_15,15,,normal,184793.14~A3.K_15L.png,184793.14~A3.K_15R.png,train,/data5/chensx/MyProject/UAE/data/arrangement_merged/chr_15/184793.14~A3.K_15L.png,/data5/chensx/MyProject/UAE/data/arrangement_merged/chr_15/184793.14~A3.K_15R.png,0,-0.7699988991810538,,0.0007199048995971,-0.18623803604029857,chromosome
0,0.0010008811950683,184793,184793.14~A30.K_15,15,,normal,184793.14~A30.K_15L.png,184793.14~A30.K_15R.png,train,/data5/chensx/MyProject/UAE/data/arrangement_merged/chr_15/184793.14~A30.K_15L.png,/data5/chensx/MyProject/UAE/data/arrangement_merged/chr_15/184793.14~A30.K_15R.png,0,-0.4130410258795978,,0.0010008811950683,-0.03862574886762294,chromosome
0,0.0009267926216125,184793,184793.14~A32.K_15,15,,normal,184793.14~A32.K_15L.png,184793.14~A32.K_15R.png,train,/data5/chensx/MyProject/UAE/data/arrangement_merged/chr_15/184793.14~A32.K_15L.png,/data5/chensx/MyProject/UAE/data/arrangement_merged/chr_15/184793.14~A32.K_15R.png,0,-0.5071646229338426,,0.0009267926216125,-0.07754854754297379,chromosome
0,0.0011994242668151,184793,184793.14~A33.K_15,15,,normal,184793.14~A33.K_15L.png,184793.14~A33.K_15R.png,train,/data5/chensx/MyProject/UAE/data/arrangement_merged/chr_15/184793.14~A33.K_15L.png,/data5/chensx/MyProject/UAE/data/arrangement_merged/chr_15/184793.14~A33.K_15R.png,0,-0.1608079592764688,,0.0011994242668151,0.06567983631950106,chromosome
0,0.0008848905563354,184793,184793.14~A4.K_15,15,,normal,184793.14~A4.K_15L.png,184793.14~A4.K_15R.png,train,/data5/chensx/MyProject/UAE/data/arrangement_merged/chr_15/184793.14~A4.K_15L.png,/data5/chensx/MyProject/UAE/data/arrangement_merged/chr_15/184793.14~A4.K_15R.png,0,-0.5603978399323414,,0.0008848905563354,-0.09956200487907664,chromosome
0,0.0008506774902343,184793,184793.14~A9.K_15,15,,normal,184793.14~A9.K_15L.png,184793.14~A9.K_15R.png,train,/data5/chensx/MyProject/UAE/data/arrangement_merged/chr_15/184793.14~A9.K_15L.png,/data5/chensx/MyProject/UAE/data/arrangement_merged/chr_15/184793.14~A9.K_15R.png,0,-0.6038627994730787,,0.0008506774902343,-0.11753600845081554,chromosome
0,0.0006735324859619,184793,184793.1~A26.K_15,15,,normal,184793.1~A26.K_15L.png,184793.1~A26.K_15R.png,train,/data5/chensx/MyProject/UAE/data/arrangement_merged/chr_15/184793.1~A26.K_15L.png,/data5/chensx/MyProject/UAE/data/arrangement_merged/chr_15/184793.1~A26.K_15R.png,0,-0.8289113356317396,,0.0006735324859619,-0.2106000130068248,chromosome
0,0.00082528591156,184793,184793.2~A4.K_15,15,,normal,184793.2~A4.K_15L.png,184793.2~A4.K_15R.png,train,/data5/chensx/MyProject/UAE/data/arrangement_merged/chr_15/184793.2~A4.K_15L.png,/data5/chensx/MyProject/UAE/data/arrangement_merged/chr_15/184793.2~A4.K_15R.png,0,-0.6361207659615005,,0.00082528591156,-0.13087559995177375,chromosome
0,0.0012377500534057,184793,184793.3~A8.K_15,15,,normal,184793.3~A8.K_15L.png,184793.3~A8.K_15R.png,train,/data5/chensx/MyProject/UAE/data/arrangement_merged/chr_15/184793.3~A8.K_15L.png,/data5/chensx/MyProject/UAE/data/arrangement_merged/chr_15/184793.3~A8.K_15R.png,0,-0.1121181178397195,,0.0012377500534057,0.08581447795125469,chromosome
0,0.0010188817977905,185290,185290.11~A25.K_15,15,,normal,185290.11~A25.K_15L.png,185290.11~A25.K_15R.png,train,/data5/chensx/MyProject/UAE/data/arrangement_merged/chr_15/185290.11~A25.K_15L.png,/data5/chensx/MyProject/UAE/data/arrangement_merged/chr_15/185290.11~A25.K_15R.png,0,-0.3772867535091776,,0.0010188817977905,-0.02916904315565303,chromosome
0,0.0012028813362121,185290,185290.11~A27.K_15,15,,normal,185290.11~A27.K_15L.png,185290.11~A27.K_15R.png,train,/data5/chensx/MyProject/UAE/data/arrangement_merged/chr_15/185290.11~A27.K_15L.png,/data5/chensx/MyProject/UAE/data/arrangement_merged/chr_15/185290.11~A27.K_15R.png,0,-0.1316262680771128,,0.0012028813362121,0.06749602483373167,chromosome
0,0.001204490661621,185290,185290.11~A38.K_15,15,,normal,185290.11~A38.K_15L.png,185290.11~A38.K_15R.png,train,/data5/chensx/MyProject/UAE/data/arrangement_merged/chr_15/185290.11~A38.K_15L.png,/data5/chensx/MyProject/UAE/data/arrangement_merged/chr_15/185290.11~A38.K_15R.png,0,-0.129477634093742,,0.001204490661621,0.06834149190067568,chromosome
0,0.0010712146759033,185290,185290.12~A12.K_15,15,,normal,185290.12~A12.K_15L.png,185290.12~A12.K_15R.png,train,/data5/chensx/MyProject/UAE/data/arrangement_merged/chr_15/185290.12~A12.K_15L.png,/data5/chensx/MyProject/UAE/data/arrangement_merged/chr_15/185290.12~A12.K_15R.png,0,-0.3074163595314151,,0.0010712146759033,-0.0016757066818256171,chromosome
0,0.0012675523757934,185290,185290.12~A33.K_15,15,,normal,185290.12~A33.K_15L.png,185290.12~A33.K_15R.png,train,/data5/chensx/MyProject/UAE/data/arrangement_merged/chr_15/185290.12~A33.K_15L.png,/data5/chensx/MyProject/UAE/data/arrangement_merged/chr_15/185290.12~A33.K_15R.png,0,-0.0452830135601739,,0.0012675523757934,0.1014712754876033,chromosome
0,0.0008435249328613,185290,185290.12~A35.K_15,15,,normal,185290.12~A35.K_15L.png,185290.12~A35.K_15R.png,train,/data5/chensx/MyProject/UAE/data/arrangement_merged/chr_15/185290.12~A35.K_15L.png,/data5/chensx/MyProject/UAE/data/arrangement_merged/chr_15/185290.12~A35.K_15R.png,0,-0.6114082786601769,,0.0008435249328613,-0.12129363985951394,chromosome
0,0.0012234449386596,185290,185290.12~A49.K_15,15,,normal,185290.12~A49.K_15L.png,185290.12~A49.K_15R.png,train,/data5/chensx/MyProject/UAE/data/arrangement_merged/chr_15/185290.12~A49.K_15L.png,/data5/chensx/MyProject/UAE/data/arrangement_merged/chr_15/185290.12~A49.K_15R.png,0,-0.1041715005118189,,0.0012234449386596,0.07829921513380536,chromosome
0,0.0012272596359252,185290,185290.12~A5.K_15,15,,normal,185290.12~A5.K_15L.png,185290.12~A5.K_15R.png,train,/data5/chensx/MyProject/UAE/data/arrangement_merged/chr_15/185290.12~A5.K_15L.png,/data5/chensx/MyProject/UAE/data/arrangement_merged/chr_15/185290.12~A5.K_15R.png,0,-0.0990784421808658,,0.0012272596359252,0.08030328521844445,chromosome
0,0.0012190341949462,185290,185290.12~A50.K_15,15,,normal,185290.12~A50.K_15L.png,185290.12~A50.K_15R.png,train,/data5/chensx/MyProject/UAE/data/arrangement_merged/chr_15/185290.12~A50.K_15L.png,/data5/chensx/MyProject/UAE/data/arrangement_merged/chr_15/185290.12~A50.K_15R.png,0,-0.1100603492069834,,0.0012190341949462,0.07598200909841497,chromosome
0,0.0007979273796081,185290,185290.12~A7.K_15,15,,normal,185290.12~A7.K_15L.png,185290.12~A7.K_15R.png,train,/data5/chensx/MyProject/UAE/data/arrangement_merged/chr_15/185290.12~A7.K_15L.png,/data5/chensx/MyProject/UAE/data/arrangement_merged/chr_15/185290.12~A7.K_15R.png,0,-0.6722862415223503,,0.0007979273796081,-0.14524854009013727,chromosome
0,0.001211404800415,185290,185290.12~A8.K_15,15,,normal,185290.12~A8.K_15L.png,185290.12~A8.K_15R.png,train,/data5/chensx/MyProject/UAE/data/arrangement_merged/chr_15/185290.12~A8.K_15L.png,/data5/chensx/MyProject/UAE/data/arrangement_merged/chr_15/185290.12~A8.K_15R.png,0,-0.1202464658688895,,0.001211404800415,0.07197386892913668,chromosome
0,0.0012304186820983,185290,185290.13~A13.K_15,15,,normal,185290.13~A13.K_15L.png,185290.13~A13.K_15R.png,train,/data5/chensx/MyProject/UAE/data/arrangement_merged/chr_15/185290.13~A13.K_15L.png,/data5/chensx/MyProject/UAE/data/arrangement_merged/chr_15/185290.13~A13.K_15R.png,0,-0.0948607532505453,,0.0012304186820983,0.08196290575729942,chromosome
0,0.0014066696166992,185290,185290.13~A26.K_15,15,,normal,185290.13~A26.K_15L.png,185290.13~A26.K_15R.png,train,/data5/chensx/MyProject/UAE/data/arrangement_merged/chr_15/185290.13~A26.K_15L.png,/data5/chensx/MyProject/UAE/data/arrangement_merged/chr_15/185290.13~A26.K_15R.png,0,0.140454457446771,,0.0014066696166992,0.1745572063872871,chromosome
0,0.0009524822235107,185290,185290.13~A28.K_15,15,,normal,185290.13~A28.K_15L.png,185290.13~A28.K_15R.png,train,/data5/chensx/MyProject/UAE/data/arrangement_merged/chr_15/185290.13~A28.K_15L.png,/data5/chensx/MyProject/UAE/data/arrangement_merged/chr_15/185290.13~A28.K_15R.png,0,-0.4659378000823296,,0.0009524822235107,-0.06405238806663996,chromosome
0,0.0011172294616699,185290,185290.13~A30.K_15,15,,normal,185290.13~A30.K_15L.png,185290.13~A30.K_15R.png,train,/data5/chensx/MyProject/UAE/data/arrangement_merged/chr_15/185290.13~A30.K_15L.png,/data5/chensx/MyProject/UAE/data/arrangement_merged/chr_15/185290.13~A30.K_15R.png,0,-0.2459813434142936,,0.0011172294616699,0.022498388714291977,chromosome
0,0.0008694529533386,185290,185290.13~A35.K_15,15,,normal,185290.13~A35.K_15L.png,185290.13~A35.K_15R.png,train,/data5/chensx/MyProject/UAE/data/arrangement_merged/chr_15/185290.13~A35.K_15L.png,/data5/chensx/MyProject/UAE/data/arrangement_merged/chr_15/185290.13~A35.K_15R.png,0,-0.5767913978169802,,0.0008694529533386,-0.1076722260028902,chromosome
0,0.0008571743965148,185290,185290.13~A36.K_15,15,,normal,185290.13~A36.K_15L.png,185290.13~A36.K_15R.png,train,/data5/chensx/MyProject/UAE/data/arrangement_merged/chr_15/185290.13~A36.K_15L.png,/data5/chensx/MyProject/UAE/data/arrangement_merged/chr_15/185290.13~A36.K_15R.png,0,-0.5931846793197354,,0.0008571743965148,-0.11412282658790131,chromosome
0,0.0011345148086547,185290,185290.13~A46.K_15,15,,normal,185290.13~A46.K_15L.png,185290.13~A46.K_15R.png,train,/data5/chensx/MyProject/UAE/data/arrangement_merged/chr_15/185290.13~A46.K_15L.png,/data5/chensx/MyProject/UAE/data/arrangement_merged/chr_15/185290.13~A46.K_15R.png,0,-0.2229034228521625,,0.0011345148086547,0.031579331285339456,chromosome
0,0.0009406208992004,185290,185290.13~A6.K_15,15,,normal,185290.13~A6.K_15L.png,185290.13~A6.K_15R.png,train,/data5/chensx/MyProject/UAE/data/arrangement_merged/chr_15/185290.13~A6.K_15L.png,/data5/chensx/MyProject/UAE/data/arrangement_merged/chr_15/185290.13~A6.K_15R.png,0,-0.4817740283301368,,0.0009406208992004,-0.07028379348610429,chromosome
0,0.0010324716567993,185290,185290.13~A7.K_15,15,,normal,185290.13~A7.K_15L.png,185290.13~A7.K_15R.png,train,/data5/chensx/MyProject/UAE/data/arrangement_merged/chr_15/185290.13~A7.K_15L.png,/data5/chensx/MyProject/UAE/data/arrangement_merged/chr_15/185290.13~A7.K_15R.png,0,-0.3591427332051572,,0.0010324716567993,-0.02202954347907351,chromosome
0,0.0009353160858154,185290,185290.14~A27.K_15,15,,normal,185290.14~A27.K_15L.png,185290.14~A27.K_15R.png,train,/data5/chensx/MyProject/UAE/data/arrangement_merged/chr_15/185290.14~A27.K_15L.png,/data5/chensx/MyProject/UAE/data/arrangement_merged/chr_15/185290.14~A27.K_15R.png,0,-0.4888565625716184,,0.0009353160858154,-0.07307070344756877,chromosome
0,0.0007328987121582,185290,185290.14~A31.K_15,15,,normal,185290.14~A31.K_15L.png,185290.14~A31.K_15R.png,train,/data5/chensx/MyProject/UAE/data/arrangement_merged/chr_15/185290.14~A31.K_15L.png,/data5/chensx/MyProject/UAE/data/arrangement_merged/chr_15/185290.14~A31.K_15R.png,0,-0.759106970257816,,0.0007328987121582,-0.1794116723144176,chromosome
0,0.0011324882507324,185290,185290.14~A44.K_15,15,,normal,185290.14~A44.K_15L.png,185290.14~A44.K_15R.png,train,/data5/chensx/MyProject/UAE/data/arrangement_merged/chr_15/185290.14~A44.K_15L.png,/data5/chensx/MyProject/UAE/data/arrangement_merged/chr_15/185290.14~A44.K_15R.png,0,-0.2256091100904813,,0.0011324882507324,0.030514669052901188,chromosome
0,0.0006493330001831,185290,185290.14~A47.K_15,15,,normal,185290.14~A47.K_15L.png,185290.14~A47.K_15R.png,train,/data5/chensx/MyProject/UAE/data/arrangement_merged/chr_15/185290.14~A47.K_15L.png,/data5/chensx/MyProject/UAE/data/arrangement_merged/chr_15/185290.14~A47.K_15R.png,0,-0.8706767793202569,,0.0006493330001831,-0.2233133326063333,chromosome
0,0.0008143186569213,185290,185290.1~A31.K_15,15,,normal,185290.1~A31.K_15L.png,185290.1~A31.K_15R.png,train,/data5/chensx/MyProject/UAE/data/arrangement_merged/chr_15/185290.1~A31.K_15L.png,/data5/chensx/MyProject/UAE/data/arrangement_merged/chr_15/185290.1~A31.K_15R.png,0,-0.6504020065065363,,0.0008143186569213,-0.13663730144516395,chromosome
0,0.0007358193397521,185290,185290.1~A32.K_15,15,,normal,185290.1~A32.K_15L.png,185290.1~A32.K_15R.png,train,/data5/chensx/MyProject/UAE/data/arrangement_merged/chr_15/185290.1~A32.K_15L.png,/data5/chensx/MyProject/UAE/data/arrangement_merged/chr_15/185290.1~A32.K_15R.png,0,-0.7552075974731801,,0.0007358193397521,-0.1778773061559051,chromosome
0,0.0008959770202636,185290,185290.1~A35.K_15,15,,normal,185290.1~A35.K_15L.png,185290.1~A35.K_15R.png,train,/data5/chensx/MyProject/UAE/data/arrangement_merged/chr_15/185290.1~A35.K_15L.png,/data5/chensx/MyProject/UAE/data/arrangement_merged/chr_15/185290.1~A35.K_15R.png,0,-0.5413787266095721,,0.0008959770202636,-0.09373767619556779,chromosome
0,0.0009196996688842,185290,185290.2~A19.K_15,15,,normal,185290.2~A19.K_15L.png,185290.2~A19.K_15R.png,train,/data5/chensx/MyProject/UAE/data/arrangement_merged/chr_15/185290.2~A19.K_15L.png,/data5/chensx/MyProject/UAE/data/arrangement_merged/chr_15/185290.2~A19.K_15R.png,0,-0.5097062701139576,,0.0009196996688842,-0.08127486535663914,chromosome
0,0.0014820098876953,185290,185290.3~A26.K_15,15,,normal,185290.3~A26.K_15L.png,185290.3~A26.K_15R.png,train,/data5/chensx/MyProject/UAE/data/arrangement_merged/chr_15/185290.3~A26.K_15L.png,/data5/chensx/MyProject/UAE/data/arrangement_merged/chr_15/185290.3~A26.K_15R.png,0,0.2410423594830942,,0.0014820098876953,0.21413759055917325,chromosome
0,0.0008629560470581,185290,185290.3~A32.K_15,15,,normal,185290.3~A32.K_15L.png,185290.3~A32.K_15R.png,train,/data5/chensx/MyProject/UAE/data/arrangement_merged/chr_15/185290.3~A32.K_15L.png,/data5/chensx/MyProject/UAE/data/arrangement_merged/chr_15/185290.3~A32.K_15R.png,0,-0.5854655127868846,,0.0008629560470581,-0.11108540786580437,chromosome
0,0.0008448958396911,185290,185290.4~A11.K_15,15,,normal,185290.4~A11.K_15L.png,185290.4~A11.K_15R.png,train,/data5/chensx/MyProject/UAE/data/arrangement_merged/chr_15/185290.4~A11.K_15L.png,/data5/chensx/MyProject/UAE/data/arrangement_merged/chr_15/185290.4~A11.K_15R.png,0,-0.6095779608224906,,0.0008448958396911,-0.1205734271728599,chromosome
0,0.0007698535919189,185290,185290.4~A15.K_15,15,,normal,185290.4~A15.K_15L.png,185290.4~A15.K_15R.png,train,/data5/chensx/MyProject/UAE/data/arrangement_merged/chr_15/185290.4~A15.K_15L.png,/data5/chensx/MyProject/UAE/data/arrangement_merged/chr_15/185290.4~A15.K_15R.png,0,-0.7097679676767081,,0.0007698535919189,-0.15999724336937057,chromosome
0,0.0011690855026245,185290,185290.4~A18.K_15,15,,normal,185290.4~A18.K_15L.png,185290.4~A18.K_15R.png,train,/data5/chensx/MyProject/UAE/data/arrangement_merged/chr_15/185290.4~A18.K_15L.png,/data5/chensx/MyProject/UAE/data/arrangement_merged/chr_15/185290.4~A18.K_15R.png,0,-0.1767475817279002,,0.0011690855026245,0.049741216427539564,chromosome
0,0.0008791089057922,185290,185290.4~A28.K_15,15,,normal,185290.4~A28.K_15L.png,185290.4~A28.K_15R.png,train,/data5/chensx/MyProject/UAE/data/arrangement_merged/chr_15/185290.4~A28.K_15L.png,/data5/chensx/MyProject/UAE/data/arrangement_merged/chr_15/185290.4~A28.K_15R.png,0,-0.5638995939167551,,0.0008791089057922,-0.10259942360112101,chromosome
0,0.001225471496582,185290,185290.4~A29.K_15,15,,normal,185290.4~A29.K_15L.png,185290.4~A29.K_15R.png,train,/data5/chensx/MyProject/UAE/data/arrangement_merged/chr_15/185290.4~A29.K_15L.png,/data5/chensx/MyProject/UAE/data/arrangement_merged/chr_15/185290.4~A29.K_15R.png,0,-0.1014658132735001,,0.001225471496582,0.07936387736629615,chromosome
0,0.0008365511894226,185290,185290.4~A37.K_15,15,,normal,185290.4~A37.K_15L.png,185290.4~A37.K_15R.png,train,/data5/chensx/MyProject/UAE/data/arrangement_merged/chr_15/185290.4~A37.K_15L.png,/data5/chensx/MyProject/UAE/data/arrangement_merged/chr_15/185290.4~A37.K_15R.png,0,-0.6207190259214505,,0.0008365511894226,-0.12495733048300804,chromosome
0,0.0011746287345886,185290,185290.4~A9.K_15,15,,normal,185290.4~A9.K_15L.png,185290.4~A9.K_15R.png,train,/data5/chensx/MyProject/UAE/data/arrangement_merged/chr_15/185290.4~A9.K_15L.png,/data5/chensx/MyProject/UAE/data/arrangement_merged/chr_15/185290.4~A9.K_15R.png,0,-0.169346731340734,,0.0011746287345886,0.05265338076929402,chromosome
0,0.0008764266967773,185824,185824.11~A10.K_15,15,,normal,185824.11~A10.K_15L.png,185824.11~A10.K_15R.png,train,/data5/chensx/MyProject/UAE/data/arrangement_merged/chr_15/185824.11~A10.K_15L.png,/data5/chensx/MyProject/UAE/data/arrangement_merged/chr_15/185824.11~A10.K_15R.png,0,-0.5263808917119975,,0.0008764266967773,-0.1040085353793961,chromosome
0,0.0007288455963134,185824,185824.11~A15.K_15,15,,normal,185824.11~A15.K_15L.png,185824.11~A15.K_15R.png,train,/data5/chensx/MyProject/UAE/data/arrangement_merged/chr_15/185824.11~A15.K_15L.png,/data5/chensx/MyProject/UAE/data/arrangement_merged/chr_15/185824.11~A15.K_15R.png,0,-0.718703277367385,,0.0007288455963134,-0.18154099677939922,chromosome
0,0.0012219548225402,185824,185824.11~A31.K_15,15,,normal,185824.11~A31.K_15L.png,185824.11~A31.K_15R.png,train,/data5/chensx/MyProject/UAE/data/arrangement_merged/chr_15/185824.11~A31.K_15L.png,/data5/chensx/MyProject/UAE/data/arrangement_merged/chr_15/185824.11~A31.K_15R.png,0,-0.0761010574453249,,0.0012219548225402,0.07751637525697996,chromosome
0,0.0007762908935546,185824,185824.12~A12.K_15,15,,normal,185824.12~A12.K_15L.png,185824.12~A12.K_15R.png,train,/data5/chensx/MyProject/UAE/data/arrangement_merged/chr_15/185824.12~A12.K_15L.png,/data5/chensx/MyProject/UAE/data/arrangement_merged/chr_15/185824.12~A12.K_15R.png,0,-0.6568742713166223,,0.0007762908935546,-0.15661537510154197,chromosome
0,0.0009962916374206,185824,185824.12~A28.K_15,15,,normal,185824.12~A28.K_15L.png,185824.12~A28.K_15R.png,train,/data5/chensx/MyProject/UAE/data/arrangement_merged/chr_15/185824.12~A28.K_15L.png,/data5/chensx/MyProject/UAE/data/arrangement_merged/chr_15/185824.12~A28.K_15R.png,0,-0.370177209340033,,0.0009962916374206,-0.04103689568821751,chromosome
0,0.0013560056686401,185824,185824.12~A31.K_15,15,,normal,185824.12~A31.K_15L.png,185824.12~A31.K_15R.png,train,/data5/chensx/MyProject/UAE/data/arrangement_merged/chr_15/185824.12~A31.K_15L.png,/data5/chensx/MyProject/UAE/data/arrangement_merged/chr_15/185824.12~A31.K_15R.png,0,0.0985891870372947,,0.0013560056686401,0.14794065057548927,chromosome
0,0.0010987520217895,185824,185824.12~A38.K_15,15,,normal,185824.12~A38.K_15L.png,185824.12~A38.K_15R.png,train,/data5/chensx/MyProject/UAE/data/arrangement_merged/chr_15/185824.12~A38.K_15L.png,/data5/chensx/MyProject/UAE/data/arrangement_merged/chr_15/185824.12~A38.K_15R.png,0,-0.2366545191374437,,0.0010987520217895,0.01279117424174224,chromosome
0,0.0011318325996398,185824,185824.12~A48.K_15,15,,normal,185824.12~A48.K_15L.png,185824.12~A48.K_15R.png,train,/data5/chensx/MyProject/UAE/data/arrangement_merged/chr_15/185824.12~A48.K_15L.png,/data5/chensx/MyProject/UAE/data/arrangement_merged/chr_15/185824.12~A48.K_15R.png,0,-0.1935450990894872,,0.0011318325996398,0.030170219507064434,chromosome
0,0.0012279748916625,185824,185824.12~A7.K_15,15,,normal,185824.12~A7.K_15L.png,185824.12~A7.K_15R.png,train,/data5/chensx/MyProject/UAE/data/arrangement_merged/chr_15/185824.12~A7.K_15L.png,/data5/chensx/MyProject/UAE/data/arrangement_merged/chr_15/185824.12~A7.K_15R.png,0,-0.068255919742904,,0.0012279748916625,0.08067904835931436,chromosome
0,0.000870943069458,185824,185824.13~A1.K_15,15,,normal,185824.13~A1.K_15L.png,185824.13~A1.K_15R.png,train,/data5/chensx/MyProject/UAE/data/arrangement_merged/chr_15/185824.13~A1.K_15L.png,/data5/chensx/MyProject/UAE/data/arrangement_merged/chr_15/185824.13~A1.K_15R.png,0,-0.5335269577379651,,0.000870943069458,-0.10688938612606487,chromosome
0,0.0009052753448486,185824,185824.13~A14.K_15,15,,normal,185824.13~A14.K_15L.png,185824.13~A14.K_15R.png,train,/data5/chensx/MyProject/UAE/data/arrangement_merged/chr_15/185824.13~A14.K_15L.png,/data5/chensx/MyProject/UAE/data/arrangement_merged/chr_15/185824.13~A14.K_15R.png,0,-0.4887863704449509,,0.0009052753448486,-0.08885275536420731,chromosome
0,0.0009586811065673,185824,185824.13~A5.K_15,15,,normal,185824.13~A5.K_15L.png,185824.13~A5.K_15R.png,train,/data5/chensx/MyProject/UAE/data/arrangement_merged/chr_15/185824.13~A5.K_15L.png,/data5/chensx/MyProject/UAE/data/arrangement_merged/chr_15/185824.13~A5.K_15R.png,0,-0.4191899013224843,,0.0009586811065673,-0.060795774179101335,chromosome
0,0.0007590055465698,185824,185824.1~A10.K_15,15,,normal,185824.1~A10.K_15L.png,185824.1~A10.K_15R.png,train,/data5/chensx/MyProject/UAE/data/arrangement_merged/chr_15/185824.1~A10.K_15L.png,/data5/chensx/MyProject/UAE/data/arrangement_merged/chr_15/185824.1~A10.K_15R.png,0,-0.6793999142245635,,0.0007590055465698,-0.16569631767258947,chromosome
0,0.0007421970367431,185824,185824.1~A11.K_15,15,,normal,185824.1~A11.K_15L.png,185824.1~A11.K_15R.png,train,/data5/chensx/MyProject/UAE/data/arrangement_merged/chr_15/185824.1~A11.K_15L.png,/data5/chensx/MyProject/UAE/data/arrangement_merged/chr_15/185824.1~A11.K_15R.png,0,-0.7013041600867684,,0.0007421970367431,-0.17452675148310962,chromosome
0,0.0006059408187866,185824,185824.1~A18.K_15,15,,normal,185824.1~A18.K_15L.png,185824.1~A18.K_15R.png,train,/data5/chensx/MyProject/UAE/data/arrangement_merged/chr_15/185824.1~A18.K_15L.png,/data5/chensx/MyProject/UAE/data/arrangement_merged/chr_15/185824.1~A18.K_15R.png,0,-0.8788683659059185,,0.0006059408187866,-0.2461096298192615,chromosome
0,0.000873327255249,185824,185824.1~A39.K_15,15,,normal,185824.1~A39.K_15L.png,185824.1~A39.K_15R.png,train,/data5/chensx/MyProject/UAE/data/arrangement_merged/chr_15/185824.1~A39.K_15L.png,/data5/chensx/MyProject/UAE/data/arrangement_merged/chr_15/185824.1~A39.K_15R.png,0,-0.5304199725092835,,0.000873327255249,-0.10563684232316538,chromosome
0,0.001019537448883,185824,185824.2~A10.K_15,15,,normal,185824.2~A10.K_15L.png,185824.2~A10.K_15R.png,train,/data5/chensx/MyProject/UAE/data/arrangement_merged/chr_15/185824.2~A10.K_15L.png,/data5/chensx/MyProject/UAE/data/arrangement_merged/chr_15/185824.2~A10.K_15R.png,0,-0.3398841033603879,,0.001019537448883,-0.028824593609868797,chromosome
0,0.0010137557983398,185824,185824.2~A11.K_15,15,,normal,185824.2~A11.K_15L.png,185824.2~A11.K_15R.png,train,/data5/chensx/MyProject/UAE/data/arrangement_merged/chr_15/185824.2~A11.K_15L.png,/data5/chensx/MyProject/UAE/data/arrangement_merged/chr_15/185824.2~A11.K_15R.png,0,-0.3474185425399407,,0.0010137557983398,-0.03186201233191322,chromosome
0,0.0007412433624267,185824,185824.2~A14.K_15,15,,normal,185824.2~A14.K_15L.png,185824.2~A14.K_15R.png,train,/data5/chensx/MyProject/UAE/data/arrangement_merged/chr_15/185824.2~A14.K_15L.png,/data5/chensx/MyProject/UAE/data/arrangement_merged/chr_15/185824.2~A14.K_15R.png,0,-0.702546954178241,,0.0007412433624267,-0.1750277690042694,chromosome
0,0.0009751319885253,185824,185824.2~A17.K_15,15,,normal,185824.2~A17.K_15L.png,185824.2~A17.K_15R.png,train,/data5/chensx/MyProject/UAE/data/arrangement_merged/chr_15/185824.2~A17.K_15L.png,/data5/chensx/MyProject/UAE/data/arrangement_merged/chr_15/185824.2~A17.K_15R.png,0,-0.3977517032445817,,0.0009751319885253,-0.052153221939042385,chromosome
0,0.00095796585083,185824,185824.2~A2.K_15,15,,normal,185824.2~A2.K_15L.png,185824.2~A2.K_15R.png,train,/data5/chensx/MyProject/UAE/data/arrangement_merged/chr_15/185824.2~A2.K_15L.png,/data5/chensx/MyProject/UAE/data/arrangement_merged/chr_15/185824.2~A2.K_15R.png,0,-0.4201219968910887,,0.00095796585083,-0.06117153731997119,chromosome
0,0.0007810592651367,185824,185824.2~A25.K_15,15,,normal,185824.2~A25.K_15L.png,185824.2~A25.K_15R.png,train,/data5/chensx/MyProject/UAE/data/arrangement_merged/chr_15/185824.2~A25.K_15L.png,/data5/chensx/MyProject/UAE/data/arrangement_merged/chr_15/185824.2~A25.K_15R.png,0,-0.6506603008592592,,0.0007810592651367,-0.15411028749569047,chromosome
0,0.000959575176239,185824,185824.2~A27.K_15,15,,normal,185824.2~A27.K_15L.png,185824.2~A27.K_15R.png,train,/data5/chensx/MyProject/UAE/data/arrangement_merged/chr_15/185824.2~A27.K_15L.png,/data5/chensx/MyProject/UAE/data/arrangement_merged/chr_15/185824.2~A27.K_15R.png,0,-0.4180247818617287,,0.000959575176239,-0.06032607025297461,chromosome
0,0.0010490417480468,185824,185824.2~A7.K_15,15,,normal,185824.2~A7.K_15L.png,185824.2~A7.K_15R.png,train,/data5/chensx/MyProject/UAE/data/arrangement_merged/chr_15/185824.2~A7.K_15L.png,/data5/chensx/MyProject/UAE/data/arrangement_merged/chr_15/185824.2~A7.K_15R.png,0,-0.3014351611554539,,0.0010490417480468,-0.01332436404889583,chromosome
0,0.0009315609931945,185824,185824.2~A8.K_15,15,,normal,185824.2~A8.K_15L.png,185824.2~A8.K_15R.png,train,/data5/chensx/MyProject/UAE/data/arrangement_merged/chr_15/185824.2~A8.K_15L.png,/data5/chensx/MyProject/UAE/data/arrangement_merged/chr_15/185824.2~A8.K_15R.png,0,-0.4545318582987369,,0.0009315609931945,-0.07504345993717487,chromosome
0,0.0014176368713378,185824,185824.2~A9.K_15,15,,normal,185824.2~A9.K_15L.png,185824.2~A9.K_15R.png,train,/data5/chensx/MyProject/UAE/data/arrangement_merged/chr_15/185824.2~A9.K_15L.png,/data5/chensx/MyProject/UAE/data/arrangement_merged/chr_15/185824.2~A9.K_15R.png,0,0.1789047551987126,,0.0014176368713378,0.18031890788062466,chromosome
0,0.0012208223342895,185824,185824.3~A18.K_15,15,,normal,185824.3~A18.K_15L.png,185824.3~A18.K_15R.png,train,/data5/chensx/MyProject/UAE/data/arrangement_merged/chr_15/185824.3~A18.K_15L.png,/data5/chensx/MyProject/UAE/data/arrangement_merged/chr_15/185824.3~A18.K_15R.png,0,-0.0775768754289487,,0.0012208223342895,0.0769214169506159,chromosome
0,0.0011325478553771,185824,185824.3~A2.K_15,15,,normal,185824.3~A2.K_15L.png,185824.3~A2.K_15R.png,train,/data5/chensx/MyProject/UAE/data/arrangement_merged/chr_15/185824.3~A2.K_15L.png,/data5/chensx/MyProject/UAE/data/arrangement_merged/chr_15/185824.3~A2.K_15R.png,0,-0.1926130035208828,,0.0011325478553771,0.030545982647934237,chromosome
0,0.0007462501525878,185824,185824.3~A28.K_15,15,,normal,185824.3~A28.K_15L.png,185824.3~A28.K_15R.png,train,/data5/chensx/MyProject/UAE/data/arrangement_merged/chr_15/185824.3~A28.K_15L.png,/data5/chensx/MyProject/UAE/data/arrangement_merged/chr_15/185824.3~A28.K_15R.png,0,-0.6960222851980098,,0.0007462501525878,-0.1723974270181805,chromosome
0,0.0007809400558471,185824,185824.3~A41.K_15,15,,normal,185824.3~A41.K_15L.png,185824.3~A41.K_15R.png,train,/data5/chensx/MyProject/UAE/data/arrangement_merged/chr_15/185824.3~A41.K_15L.png,/data5/chensx/MyProject/UAE/data/arrangement_merged/chr_15/185824.3~A41.K_15R.png,0,-0.6508156501206933,,0.0007809400558471,-0.15417291468586172,chromosome
0,0.0012776851654052,185824,185824.3~A43.K_15,15,,normal,185824.3~A43.K_15L.png,185824.3~A43.K_15R.png,train,/data5/chensx/MyProject/UAE/data/arrangement_merged/chr_15/185824.3~A43.K_15L.png,/data5/chensx/MyProject/UAE/data/arrangement_merged/chr_15/185824.3~A43.K_15R.png,0,-0.0034752777248939,,0.0012776851654052,0.10679458664995232,chromosome
0,0.0006747245788574,185824,185824.3~A46.K_15,15,,normal,185824.3~A46.K_15L.png,185824.3~A46.K_15R.png,train,/data5/chensx/MyProject/UAE/data/arrangement_merged/chr_15/185824.3~A46.K_15L.png,/data5/chensx/MyProject/UAE/data/arrangement_merged/chr_15/185824.3~A46.K_15R.png,0,-0.7892318420584561,,0.0006747245788574,-0.20997374110537506,chromosome
0,0.0012438297271728,186193,186193.11~A23.K_15,15,,normal,186193.11~A23.K_15L.png,186193.11~A23.K_15R.png,train,/data5/chensx/MyProject/UAE/data/arrangement_merged/chr_15/186193.11~A23.K_15L.png,/data5/chensx/MyProject/UAE/data/arrangement_merged/chr_15/186193.11~A23.K_15R.png,0,-0.1051748137412366,,0.0012438297271728,0.08900846464867465,chromosome
0,0.0006353855133056,186193,186193.12~A4.K_15,15,,normal,186193.12~A4.K_15L.png,186193.12~A4.K_15R.png,train,/data5/chensx/MyProject/UAE/data/arrangement_merged/chr_15/186193.12~A4.K_15L.png,/data5/chensx/MyProject/UAE/data/arrangement_merged/chr_15/186193.12~A4.K_15R.png,0,-0.8618129650137795,,0.0006353855133056,-0.23064071385337406,chromosome
0,0.0009483098983764,186193,186193.13~A11.K_15,15,,normal,186193.13~A11.K_15L.png,186193.13~A11.K_15R.png,train,/data5/chensx/MyProject/UAE/data/arrangement_merged/chr_15/186193.13~A11.K_15L.png,/data5/chensx/MyProject/UAE/data/arrangement_merged/chr_15/186193.13~A11.K_15R.png,0,-0.4726720662891664,,0.0009483098983764,-0.06624433972174032,chromosome
0,0.0008972883224487,186193,186193.13~A22.K_15,15,,normal,186193.13~A22.K_15L.png,186193.13~A22.K_15R.png,train,/data5/chensx/MyProject/UAE/data/arrangement_merged/chr_15/186193.13~A22.K_15L.png,/data5/chensx/MyProject/UAE/data/arrangement_merged/chr_15/186193.13~A22.K_15R.png,0,-0.5361205633002653,,0.0008972883224487,-0.09304877710394681,chromosome
0,0.0008811354637145,186193,186193.13~A4.K_15,15,,normal,186193.13~A4.K_15L.png,186193.13~A4.K_15R.png,train,/data5/chensx/MyProject/UAE/data/arrangement_merged/chr_15/186193.13~A4.K_15L.png,/data5/chensx/MyProject/UAE/data/arrangement_merged/chr_15/186193.13~A4.K_15R.png,0,-0.5562076458820501,,0.0008811354637145,-0.10153476136868274,chromosome
0,0.0008479356765747,186193,186193.13~A41.K_15,15,,normal,186193.13~A41.K_15L.png,186193.13~A41.K_15R.png,train,/data5/chensx/MyProject/UAE/data/arrangement_merged/chr_15/186193.13~A41.K_15L.png,/data5/chensx/MyProject/UAE/data/arrangement_merged/chr_15/186193.13~A41.K_15R.png,0,-0.5974936421848328,,0.0008479356765747,-0.11897643382412366,chromosome
0,0.0009173154830932,186193,186193.13~A5.K_15,15,,normal,186193.13~A5.K_15L.png,186193.13~A5.K_15R.png,train,/data5/chensx/MyProject/UAE/data/arrangement_merged/chr_15/186193.13~A5.K_15L.png,/data5/chensx/MyProject/UAE/data/arrangement_merged/chr_15/186193.13~A5.K_15R.png,0,-0.51121554578189,,0.0009173154830932,-0.08252740915953863,chromosome
0,0.0008288025856018,186193,186193.1~A34.K_15,15,,normal,186193.1~A34.K_15L.png,186193.1~A34.K_15R.png,train,/data5/chensx/MyProject/UAE/data/arrangement_merged/chr_15/186193.1~A34.K_15L.png,/data5/chensx/MyProject/UAE/data/arrangement_merged/chr_15/186193.1~A34.K_15R.png,0,-0.6212868285639949,,0.0008288025856018,-0.12902809784245764,chromosome
0,0.0012618899345397,186193,186193.1~A38.K_15,15,,normal,186193.1~A38.K_15L.png,186193.1~A38.K_15R.png,train,/data5/chensx/MyProject/UAE/data/arrangement_merged/chr_15/186193.1~A38.K_15L.png,/data5/chensx/MyProject/UAE/data/arrangement_merged/chr_15/186193.1~A38.K_15R.png,0,-0.0827158247291304,,0.0012618899345397,0.0984964839556776,chromosome
0,0.0012391209602355,186193,186193.1~A44.K_15,15,,normal,186193.1~A44.K_15L.png,186193.1~A44.K_15R.png,train,/data5/chensx/MyProject/UAE/data/arrangement_merged/chr_15/186193.1~A44.K_15L.png,/data5/chensx/MyProject/UAE/data/arrangement_merged/chr_15/186193.1~A44.K_15R.png,0,-0.1110304577410927,,0.0012391209602355,0.08653469063790883,chromosome
0,0.0010712146759033,186193,186193.1~A8.K_15,15,,normal,186193.1~A8.K_15L.png,186193.1~A8.K_15R.png,train,/data5/chensx/MyProject/UAE/data/arrangement_merged/chr_15/186193.1~A8.K_15L.png,/data5/chensx/MyProject/UAE/data/arrangement_merged/chr_15/186193.1~A8.K_15R.png,0,-0.319832345685328,,0.0010712146759033,-0.0016757066818256171,chromosome
0,0.0007354021072387,186193,186193.2~A1.K_15,15,,normal,186193.2~A1.K_15L.png,186193.2~A1.K_15R.png,train,/data5/chensx/MyProject/UAE/data/arrangement_merged/chr_15/186193.2~A1.K_15L.png,/data5/chensx/MyProject/UAE/data/arrangement_merged/chr_15/186193.2~A1.K_15R.png,0,-0.7374361215737983,,0.0007354021072387,-0.17809650132139937,chromosome
0,0.0010285377502441,186193,186193.2~A12.K_15,15,,normal,186193.2~A12.K_15L.png,186193.2~A12.K_15R.png,train,/data5/chensx/MyProject/UAE/data/arrangement_merged/chr_15/186193.2~A12.K_15L.png,/data5/chensx/MyProject/UAE/data/arrangement_merged/chr_15/186193.2~A12.K_15R.png,0,-0.3729037520637704,,0.0010285377502441,-0.02409624075388384,chromosome
0,0.0009555220603942,186193,186193.2~A14.K_15,15,,normal,186193.2~A14.K_15L.png,186193.2~A14.K_15R.png,train,/data5/chensx/MyProject/UAE/data/arrangement_merged/chr_15/186193.2~A14.K_15L.png,/data5/chensx/MyProject/UAE/data/arrangement_merged/chr_15/186193.2~A14.K_15R.png,0,-0.4637032950995134,,0.0009555220603942,-0.06245539471795624,chromosome
0,0.0008972287178039,186193,186193.2~A15.K_15,15,,normal,186193.2~A15.K_15L.png,186193.2~A15.K_15R.png,train,/data5/chensx/MyProject/UAE/data/arrangement_merged/chr_15/186193.2~A15.K_15L.png,/data5/chensx/MyProject/UAE/data/arrangement_merged/chr_15/186193.2~A15.K_15R.png,0,-0.5361946853762128,,0.0008972287178039,-0.09308009069903243,chromosome
0,0.0007418394088745,186193,186193.2~A24.K_15,15,,normal,186193.2~A24.K_15L.png,186193.2~A24.K_15R.png,train,/data5/chensx/MyProject/UAE/data/arrangement_merged/chr_15/186193.2~A24.K_15L.png,/data5/chensx/MyProject/UAE/data/arrangement_merged/chr_15/186193.2~A24.K_15R.png,0,-0.7294309373714635,,0.0007418394088745,-0.17471463305351825,chromosome
0,0.0010555982589721,186193,186193.2~A3.K_15,15,,normal,186193.2~A3.K_15L.png,186193.2~A3.K_15R.png,train,/data5/chensx/MyProject/UAE/data/arrangement_merged/chr_15/186193.2~A3.K_15L.png,/data5/chensx/MyProject/UAE/data/arrangement_merged/chr_15/186193.2~A3.K_15R.png,0,-0.3392523295835848,,0.0010555982589721,-0.009879868590895926,chromosome
0,0.0012006759643554,186193,186193.2~A37.K_15,15,,normal,186193.2~A37.K_15L.png,186193.2~A37.K_15R.png,train,/data5/chensx/MyProject/UAE/data/arrangement_merged/chr_15/186193.2~A37.K_15L.png,/data5/chensx/MyProject/UAE/data/arrangement_merged/chr_15/186193.2~A37.K_15R.png,0,-0.1588391967272595,,0.0012006759643554,0.06633742181603648,chromosome
0,0.0009055137634277,186193,186193.2~A4.K_15,15,,normal,186193.2~A4.K_15L.png,186193.2~A4.K_15R.png,train,/data5/chensx/MyProject/UAE/data/arrangement_merged/chr_15/186193.2~A4.K_15L.png,/data5/chensx/MyProject/UAE/data/arrangement_merged/chr_15/186193.2~A4.K_15R.png,0,-0.525891716819504,,0.0009055137634277,-0.08872750098391734,chromosome
0,0.0011514425277709,186193,186193.2~A42.K_15,15,,normal,186193.2~A42.K_15L.png,186193.2~A42.K_15R.png,train,/data5/chensx/MyProject/UAE/data/arrangement_merged/chr_15/186193.2~A42.K_15L.png,/data5/chensx/MyProject/UAE/data/arrangement_merged/chr_15/186193.2~A42.K_15R.png,0,-0.2200640314599319,,0.0011514425277709,0.040472392285978355,chromosome
0,0.0012454986572265,186193,186193.2~A44.K_15,15,,normal,186193.2~A44.K_15L.png,186193.2~A44.K_15R.png,train,/data5/chensx/MyProject/UAE/data/arrangement_merged/chr_15/186193.2~A44.K_15L.png,/data5/chensx/MyProject/UAE/data/arrangement_merged/chr_15/186193.2~A44.K_15R.png,0,-0.1030993956147054,,0.0012454986572265,0.08988524531070433,chromosome
0,0.0008556842803955,186193,186193.2~A46.K_15,15,,normal,186193.2~A46.K_15L.png,186193.2~A46.K_15R.png,train,/data5/chensx/MyProject/UAE/data/arrangement_merged/chr_15/186193.2~A46.K_15L.png,/data5/chensx/MyProject/UAE/data/arrangement_merged/chr_15/186193.2~A46.K_15R.png,0,-0.5878577723116519,,0.0008556842803955,-0.11490566646467407,chromosome
0,0.0013401508331298,186193,186193.2~A48.K_15,15,,normal,186193.2~A48.K_15L.png,186193.2~A48.K_15R.png,train,/data5/chensx/MyProject/UAE/data/arrangement_merged/chr_15/186193.2~A48.K_15L.png,/data5/chensx/MyProject/UAE/data/arrangement_merged/chr_15/186193.2~A48.K_15R.png,0,0.0146064609899965,,0.0013401508331298,0.13961123428612887,chromosome
0,0.0009046792984008,186193,186193.2~A5.K_15,15,,normal,186193.2~A5.K_15L.png,186193.2~A5.K_15R.png,train,/data5/chensx/MyProject/UAE/data/arrangement_merged/chr_15/186193.2~A5.K_15L.png,/data5/chensx/MyProject/UAE/data/arrangement_merged/chr_15/186193.2~A5.K_15R.png,0,-0.5269294258827696,,0.0009046792984008,-0.08916589131495843,chromosome
0,0.0011670589447021,186193,186193.2~A50.K_15,15,,normal,186193.2~A50.K_15L.png,186193.2~A50.K_15R.png,train,/data5/chensx/MyProject/UAE/data/arrangement_merged/chr_15/186193.2~A50.K_15L.png,/data5/chensx/MyProject/UAE/data/arrangement_merged/chr_15/186193.2~A50.K_15R.png,0,-0.2006440475616751,,0.0011670589447021,0.04867655419504877,chromosome
0,0.0008920431137084,186193,186193.2~A7.K_15,15,,normal,186193.2~A7.K_15L.png,186193.2~A7.K_15R.png,train,/data5/chensx/MyProject/UAE/data/arrangement_merged/chr_15/186193.2~A7.K_15L.png,/data5/chensx/MyProject/UAE/data/arrangement_merged/chr_15/186193.2~A7.K_15R.png,0,-0.5426433059836493,,0.0008920431137084,-0.09580437347037818,chromosome
0,0.001020073890686,186193,186193.3~A15.K_15,15,,normal,186193.3~A15.K_15L.png,186193.3~A15.K_15R.png,train,/data5/chensx/MyProject/UAE/data/arrangement_merged/chr_15/186193.3~A15.K_15L.png,/data5/chensx/MyProject/UAE/data/arrangement_merged/chr_15/186193.3~A15.K_15R.png,0,-0.3834290868483219,,0.001020073890686,-0.02854277125420329,chromosome
0,0.0011677742004394,186193,186193.3~A6.K_15,15,,normal,186193.3~A6.K_15L.png,186193.3~A6.K_15R.png,train,/data5/chensx/MyProject/UAE/data/arrangement_merged/chr_15/186193.3~A6.K_15L.png,/data5/chensx/MyProject/UAE/data/arrangement_merged/chr_15/186193.3~A6.K_15R.png,0,-0.1997545826503045,,0.0011677742004394,0.049052317335918576,chromosome
0,0.0007993578910827,Q242362,Q242362.11~A39.K_15,15,,normal,Q242362.11~A39.K_15L.png,Q242362.11~A39.K_15R.png,train,/data5/chensx/MyProject/UAE/data/arrangement_merged/chr_15/Q242362.11~A39.K_15L.png,/data5/chensx/MyProject/UAE/data/arrangement_merged/chr_15/Q242362.11~A39.K_15R.png,0,-0.6813466392427108,,0.0007993578910827,-0.14449701380839755,chromosome
0,0.0012845396995544,Q242362,Q242362.12~A25.K_15,15,,normal,Q242362.12~A25.K_15L.png,Q242362.12~A25.K_15R.png,train,/data5/chensx/MyProject/UAE/data/arrangement_merged/chr_15/Q242362.12~A25.K_15L.png,/data5/chensx/MyProject/UAE/data/arrangement_merged/chr_15/Q242362.12~A25.K_15R.png,0,-0.0441362504646695,,0.0012845396995544,0.11039565008332776,chromosome
0,0.0011948347091674,Q242362,Q242362.12~A30.K_15,15,,normal,Q242362.12~A30.K_15L.png,Q242362.12~A30.K_15R.png,train,/data5/chensx/MyProject/UAE/data/arrangement_merged/chr_15/Q242362.12~A30.K_15L.png,/data5/chensx/MyProject/UAE/data/arrangement_merged/chr_15/Q242362.12~A30.K_15R.png,0,-0.1619497191515187,,0.0011948347091674,0.06326868949890649,chromosome
0,0.000730276107788,Q242362,Q242362.12~A6.K_15,15,,normal,Q242362.12~A6.K_15L.png,Q242362.12~A6.K_15R.png,train,/data5/chensx/MyProject/UAE/data/arrangement_merged/chr_15/Q242362.12~A6.K_15L.png,/data5/chensx/MyProject/UAE/data/arrangement_merged/chr_15/Q242362.12~A6.K_15R.png,0,-0.772074752337766,,0.000730276107788,-0.18078947049765956,chromosome
0,0.0007731914520263,Q242362,Q242362.13~A12.K_15,15,,normal,Q242362.13~A12.K_15L.png,Q242362.13~A12.K_15R.png,train,/data5/chensx/MyProject/UAE/data/arrangement_merged/chr_15/Q242362.13~A12.K_15L.png,/data5/chensx/MyProject/UAE/data/arrangement_merged/chr_15/Q242362.13~A12.K_15R.png,0,-0.715712162666981,,0.0007731914520263,-0.1582436820453113,chromosome
0,0.0010445713996887,Q242362,Q242362.13~A3.K_15,15,,normal,Q242362.13~A3.K_15L.png,Q242362.13~A3.K_15R.png,train,/data5/chensx/MyProject/UAE/data/arrangement_merged/chr_15/Q242362.13~A3.K_15L.png,/data5/chensx/MyProject/UAE/data/arrangement_merged/chr_15/Q242362.13~A3.K_15R.png,0,-0.3592970643738088,,0.0010445713996887,-0.01567288367931915,chromosome
0,0.0008361339569091,Q242362,Q242362.13~A33.K_15,15,,normal,Q242362.13~A33.K_15L.png,Q242362.13~A33.K_15R.png,train,/data5/chensx/MyProject/UAE/data/arrangement_merged/chr_15/Q242362.13~A33.K_15L.png,/data5/chensx/MyProject/UAE/data/arrangement_merged/chr_15/Q242362.13~A33.K_15R.png,0,-0.6330470311498297,,0.0008361339569091,-0.1251765256485549,chromosome
0,0.0012010931968688,Q242362,Q242362.13~A6.K_15,15,,normal,Q242362.13~A6.K_15L.png,Q242362.13~A6.K_15R.png,train,/data5/chensx/MyProject/UAE/data/arrangement_merged/chr_15/Q242362.13~A6.K_15L.png,/data5/chensx/MyProject/UAE/data/arrangement_merged/chr_15/Q242362.13~A6.K_15R.png,0,-0.1537301748245292,,0.0012010931968688,0.06655661698153074,chromosome
0,0.0008068084716796,Q242362,Q242362.14~A13.K_15,15,,normal,Q242362.14~A13.K_15L.png,Q242362.14~A13.K_15R.png,train,/data5/chensx/MyProject/UAE/data/arrangement_merged/chr_15/Q242362.14~A13.K_15L.png,/data5/chensx/MyProject/UAE/data/arrangement_merged/chr_15/Q242362.14~A13.K_15R.png,0,-0.6715614674248661,,0.0008068084716796,-0.14058281442432355,chromosome
0,0.0009126663208007,Q242362,Q242362.14~A25.K_15,15,,normal,Q242362.14~A25.K_15L.png,Q242362.14~A25.K_15R.png,train,/data5/chensx/MyProject/UAE/data/arrangement_merged/chr_15/Q242362.14~A25.K_15L.png,/data5/chensx/MyProject/UAE/data/arrangement_merged/chr_15/Q242362.14~A25.K_15R.png,0,-0.5325337462369298,,0.0009126663208007,-0.08496986957521888,chromosome
0,0.0012373328208923,Q242362,Q242362.14~A29.K_15,15,,normal,Q242362.14~A29.K_15L.png,Q242362.14~A29.K_15R.png,train,/data5/chensx/MyProject/UAE/data/arrangement_merged/chr_15/Q242362.14~A29.K_15L.png,/data5/chensx/MyProject/UAE/data/arrangement_merged/chr_15/Q242362.14~A29.K_15R.png,0,-0.106135099102533,,0.0012373328208923,0.08559528278576042,chromosome
0,0.0011705160140991,Q242362,Q242362.14~A36.K_15,15,,normal,Q242362.14~A36.K_15L.png,Q242362.14~A36.K_15R.png,train,/data5/chensx/MyProject/UAE/data/arrangement_merged/chr_15/Q242362.14~A36.K_15L.png,/data5/chensx/MyProject/UAE/data/arrangement_merged/chr_15/Q242362.14~A36.K_15R.png,0,-0.1938885199649635,,0.0011705160140991,0.050492742709279274,chromosome
0,0.0010946989059448,Q242362,Q242362.14~A48.K_15,15,,normal,Q242362.14~A48.K_15L.png,Q242362.14~A48.K_15R.png,train,/data5/chensx/MyProject/UAE/data/arrangement_merged/chr_15/Q242362.14~A48.K_15L.png,/data5/chensx/MyProject/UAE/data/arrangement_merged/chr_15/Q242362.14~A48.K_15R.png,0,-0.2934624283833503,,0.0010946989059448,0.010661849776813066,chromosome
0,0.0014311075210571,Q242362,Q242362.1~A28.K_15,15,,normal,Q242362.1~A28.K_15L.png,Q242362.1~A28.K_15R.png,train,/data5/chensx/MyProject/UAE/data/arrangement_merged/chr_15/Q242362.1~A28.K_15L.png,/data5/chensx/MyProject/UAE/data/arrangement_merged/chr_15/Q242362.1~A28.K_15R.png,0,0.1483576495359696,,0.0014311075210571,0.18739578036708557,chromosome
0,0.0008085370063781,Q242362,Q242362.1~A32.K_15,15,,normal,Q242362.1~A32.K_15L.png,Q242362.1~A32.K_15R.png,train,/data5/chensx/MyProject/UAE/data/arrangement_merged/chr_15/Q242362.1~A32.K_15L.png,/data5/chensx/MyProject/UAE/data/arrangement_merged/chr_15/Q242362.1~A32.K_15R.png,0,-0.6692913075631262,,0.0008085370063781,-0.1396747201672083,chromosome
0,0.0008872747421264,Q242362,Q242362.1~A4.K_15,15,,normal,Q242362.1~A4.K_15L.png,Q242362.1~A4.K_15R.png,train,/data5/chensx/MyProject/UAE/data/arrangement_merged/chr_15/Q242362.1~A4.K_15L.png,/data5/chensx/MyProject/UAE/data/arrangement_merged/chr_15/Q242362.1~A4.K_15R.png,0,-0.5658816117921444,,0.0008872747421264,-0.09830946107617716,chromosome
0,0.0009905695915222,Q242362,Q242362.1~A9.K_15,15,,normal,Q242362.1~A9.K_15L.png,Q242362.1~A9.K_15R.png,train,/data5/chensx/MyProject/UAE/data/arrangement_merged/chr_15/Q242362.1~A9.K_15L.png,/data5/chensx/MyProject/UAE/data/arrangement_merged/chr_15/Q242362.1~A9.K_15R.png,0,-0.4302199897095466,,0.0009905695915222,-0.04404300081517625,chromosome
0,0.0011259913444519,Q242362,Q242362.2~A14.K_15,15,,normal,Q242362.2~A14.K_15L.png,Q242362.2~A14.K_15R.png,train,/data5/chensx/MyProject/UAE/data/arrangement_merged/chr_15/Q242362.2~A14.K_15L.png,/data5/chensx/MyProject/UAE/data/arrangement_merged/chr_15/Q242362.2~A14.K_15R.png,0,-0.2523647067484029,,0.0011259913444519,0.02710148718998696,chromosome
0,0.0007495880126953,Q242362,Q242362.2~A2.K_15,15,,normal,Q242362.2~A2.K_15L.png,Q242362.2~A2.K_15R.png,train,/data5/chensx/MyProject/UAE/data/arrangement_merged/chr_15/Q242362.2~A2.K_15L.png,/data5/chensx/MyProject/UAE/data/arrangement_merged/chr_15/Q242362.2~A2.K_15R.png,0,-0.7467115869859128,,0.0007495880126953,-0.17064386569406867,chromosome
0,0.0009382963180541,Q242362,Q242362.2~A7.K_15,15,,normal,Q242362.2~A7.K_15L.png,Q242362.2~A7.K_15R.png,train,/data5/chensx/MyProject/UAE/data/arrangement_merged/chr_15/Q242362.2~A7.K_15L.png,/data5/chensx/MyProject/UAE/data/arrangement_merged/chr_15/Q242362.2~A7.K_15R.png,0,-0.4988727551835444,,0.0009382963180541,-0.07150502369397067,chromosome
0,0.000802457332611,Q242362,Q242362.2~A9.K_15,15,,normal,Q242362.2~A9.K_15L.png,Q242362.2~A9.K_15R.png,train,/data5/chensx/MyProject/UAE/data/arrangement_merged/chr_15/Q242362.2~A9.K_15L.png,/data5/chensx/MyProject/UAE/data/arrangement_merged/chr_15/Q242362.2~A9.K_15R.png,0,-0.6772760077664874,,0.000802457332611,-0.14286870686462827,chromosome
0,0.001257300376892,Q242362,Q242362.3~A15.K_15,15,,normal,Q242362.3~A15.K_15L.png,Q242362.3~A15.K_15R.png,train,/data5/chensx/MyProject/UAE/data/arrangement_merged/chr_15/Q242362.3~A15.K_15L.png,/data5/chensx/MyProject/UAE/data/arrangement_merged/chr_15/Q242362.3~A15.K_15R.png,0,-0.0799108386307094,,0.001257300376892,0.09608533713508303,chromosome
0,0.0008387565612792,Q242362,Q242362.4~A30.K_15,15,,normal,Q242362.4~A30.K_15L.png,Q242362.4~A30.K_15R.png,train,/data5/chensx/MyProject/UAE/data/arrangement_merged/chr_15/Q242362.4~A30.K_15L.png,/data5/chensx/MyProject/UAE/data/arrangement_merged/chr_15/Q242362.4~A30.K_15R.png,0,-0.6296026506699485,,0.0008387565612792,-0.12379872746536548,chromosome
0,0.001051902770996,Q242362,Q242362.4~A42.K_15,15,,normal,Q242362.4~A42.K_15L.png,Q242362.4~A42.K_15R.png,train,/data5/chensx/MyProject/UAE/data/arrangement_merged/chr_15/Q242362.4~A42.K_15L.png,/data5/chensx/MyProject/UAE/data/arrangement_merged/chr_15/Q242362.4~A42.K_15R.png,0,-0.3496684553050497,,0.001051902770996,-0.0118213114854164,chromosome
0,0.0006380677223205,Q242664,Q242664.11~A21.K_15,15,,normal,Q242664.11~A21.K_15L.png,Q242664.11~A21.K_15R.png,train,/data5/chensx/MyProject/UAE/data/arrangement_merged/chr_15/Q242664.11~A21.K_15L.png,/data5/chensx/MyProject/UAE/data/arrangement_merged/chr_15/Q242664.11~A21.K_15R.png,0,-0.8525199792180328,,0.0006380677223205,-0.229231602075099,chromosome
0,0.0007376074790954,Q242664,Q242664.12~A1.K_15,15,,normal,Q242664.12~A1.K_15L.png,Q242664.12~A1.K_15R.png,train,/data5/chensx/MyProject/UAE/data/arrangement_merged/chr_15/Q242664.12~A1.K_15L.png,/data5/chensx/MyProject/UAE/data/arrangement_merged/chr_15/Q242664.12~A1.K_15R.png,0,-0.7177906279378414,,0.0007376074790954,-0.17693789830370424,chromosome
0,0.0007805824279785,Q242664,Q242664.12~A16.K_15,15,,normal,Q242664.12~A16.K_15L.png,Q242664.12~A16.K_15R.png,train,/data5/chensx/MyProject/UAE/data/arrangement_merged/chr_15/Q242664.12~A16.K_15L.png,/data5/chensx/MyProject/UAE/data/arrangement_merged/chr_15/Q242664.12~A16.K_15R.png,0,-0.6596230457384294,,0.0007805824279785,-0.15436079625627036,chromosome
0,0.000783622264862,Q242664,Q242664.12~A19.K_15,15,,normal,Q242664.12~A19.K_15L.png,Q242664.12~A19.K_15R.png,train,/data5/chensx/MyProject/UAE/data/arrangement_merged/chr_15/Q242664.12~A19.K_15L.png,/data5/chensx/MyProject/UAE/data/arrangement_merged/chr_15/Q242664.12~A19.K_15R.png,0,-0.6555085565675973,,0.000783622264862,-0.15276380290758665,chromosome
0,0.0008376836776733,Q242664,Q242664.12~A22.K_15,15,,normal,Q242664.12~A22.K_15L.png,Q242664.12~A22.K_15R.png,train,/data5/chensx/MyProject/UAE/data/arrangement_merged/chr_15/Q242664.12~A22.K_15L.png,/data5/chensx/MyProject/UAE/data/arrangement_merged/chr_15/Q242664.12~A22.K_15R.png,0,-0.5823351903333855,,0.0008376836776733,-0.12436237217664392,chromosome
0,0.0009716153144836,Q242664,Q242664.12~A24.K_15,15,,normal,Q242664.12~A24.K_15L.png,Q242664.12~A24.K_15R.png,train,/data5/chensx/MyProject/UAE/data/arrangement_merged/chr_15/Q242664.12~A24.K_15L.png,/data5/chensx/MyProject/UAE/data/arrangement_merged/chr_15/Q242664.12~A24.K_15R.png,0,-0.4010556380420143,,0.0009716153144836,-0.05400072404830599,chromosome
0,0.0006795525550842,Q242664,Q242664.12~A29.K_15,15,,normal,Q242664.12~A29.K_15L.png,Q242664.12~A29.K_15R.png,train,/data5/chensx/MyProject/UAE/data/arrangement_merged/chr_15/Q242664.12~A29.K_15L.png,/data5/chensx/MyProject/UAE/data/arrangement_merged/chr_15/Q242664.12~A29.K_15R.png,0,-0.7963693034749111,,0.0006795525550842,-0.20743733990449045,chromosome
0,0.0007124543190002,Q242664,Q242664.12~A34.K_15,15,,normal,Q242664.12~A34.K_15L.png,Q242664.12~A34.K_15R.png,train,/data5/chensx/MyProject/UAE/data/arrangement_merged/chr_15/Q242664.12~A34.K_15L.png,/data5/chensx/MyProject/UAE/data/arrangement_merged/chr_15/Q242664.12~A34.K_15R.png,0,-0.7518360089200216,,0.0007124543190002,-0.19015223542437257,chromosome
0,0.0011602640151977,Q242664,Q242664.12~A37.K_15,15,,normal,Q242664.12~A37.K_15L.png,Q242664.12~A37.K_15R.png,train,/data5/chensx/MyProject/UAE/data/arrangement_merged/chr_15/Q242664.12~A37.K_15L.png,/data5/chensx/MyProject/UAE/data/arrangement_merged/chr_15/Q242664.12~A37.K_15R.png,0,-0.1457152806756636,,0.0011602640151977,0.0451068043567589,chromosome
0,0.0010219812393188,Q242664,Q242664.12~A8.K_15,15,,normal,Q242664.12~A8.K_15L.png,Q242664.12~A8.K_15R.png,train,/data5/chensx/MyProject/UAE/data/arrangement_merged/chr_15/Q242664.12~A8.K_15L.png,/data5/chensx/MyProject/UAE/data/arrangement_merged/chr_15/Q242664.12~A8.K_15R.png,0,-0.3328841998194025,,0.0010219812393188,-0.027540736211883743,chromosome
0,0.0006815195083618,Q242664,Q242664.13~A20.K_15,15,,normal,Q242664.13~A20.K_15L.png,Q242664.13~A20.K_15R.png,train,/data5/chensx/MyProject/UAE/data/arrangement_merged/chr_15/Q242664.13~A20.K_15L.png,/data5/chensx/MyProject/UAE/data/arrangement_merged/chr_15/Q242664.13~A20.K_15R.png,0,-0.793706986952608,,0.0006815195083618,-0.20640399126708522,chromosome
0,0.0006630420684814,Q242664,Q242664.13~A32.K_15,15,,normal,Q242664.13~A32.K_15L.png,Q242664.13~A32.K_15R.png,train,/data5/chensx/MyProject/UAE/data/arrangement_merged/chr_15/Q242664.13~A32.K_15L.png,/data5/chensx/MyProject/UAE/data/arrangement_merged/chr_15/Q242664.13~A32.K_15R.png,0,-0.8187166270106075,,0.0006630420684814,-0.21611120573963502,chromosome
0,0.0007966756820678,Q242664,Q242664.13~A33.K_15,15,,normal,Q242664.13~A33.K_15L.png,Q242664.13~A33.K_15R.png,train,/data5/chensx/MyProject/UAE/data/arrangement_merged/chr_15/Q242664.13~A33.K_15L.png,/data5/chensx/MyProject/UAE/data/arrangement_merged/chr_15/Q242664.13~A33.K_15R.png,0,-0.6378404560104943,,0.0007966756820678,-0.14590612558667262,chromosome
0,0.0013485550880432,Q242664,Q242664.13~A42.K_15,15,,normal,Q242664.13~A42.K_15L.png,Q242664.13~A42.K_15R.png,train,/data5/chensx/MyProject/UAE/data/arrangement_merged/chr_15/Q242664.13~A42.K_15L.png,/data5/chensx/MyProject/UAE/data/arrangement_merged/chr_15/Q242664.13~A42.K_15R.png,0,0.1091410191411773,,0.0013485550880432,0.14402645119141527,chromosome
0,0.0008628368377685,Q242664,Q242664.13~A50.K_15,15,,normal,Q242664.13~A50.K_15L.png,Q242664.13~A50.K_15R.png,train,/data5/chensx/MyProject/UAE/data/arrangement_merged/chr_15/Q242664.13~A50.K_15L.png,/data5/chensx/MyProject/UAE/data/arrangement_merged/chr_15/Q242664.13~A50.K_15R.png,0,-0.5482898093512055,,0.0008628368377685,-0.11114803505597562,chromosome
0,0.0008388757705688,Q242664,Q242664.14~A47.K_15,15,,normal,Q242664.14~A47.K_15L.png,Q242664.14~A47.K_15R.png,train,/data5/chensx/MyProject/UAE/data/arrangement_merged/chr_15/Q242664.14~A47.K_15L.png,/data5/chensx/MyProject/UAE/data/arrangement_merged/chr_15/Q242664.14~A47.K_15R.png,0,-0.5807216651683533,,0.0008388757705688,-0.12373610027519424,chromosome
0,0.0007084608078002,Q242664,Q242664.1~A14.K_15,15,,normal,Q242664.1~A14.K_15L.png,Q242664.1~A14.K_15R.png,train,/data5/chensx/MyProject/UAE/data/arrangement_merged/chr_15/Q242664.1~A14.K_15L.png,/data5/chensx/MyProject/UAE/data/arrangement_merged/chr_15/Q242664.1~A14.K_15R.png,0,-0.7572413182228795,,0.0007084608078002,-0.19225024629426857,chromosome
0,0.0007057785987854,Q242664,Q242664.2~A1.K_15,15,,normal,Q242664.2~A1.K_15L.png,Q242664.2~A1.K_15R.png,train,/data5/chensx/MyProject/UAE/data/arrangement_merged/chr_15/Q242664.2~A1.K_15L.png,/data5/chensx/MyProject/UAE/data/arrangement_merged/chr_15/Q242664.2~A1.K_15R.png,0,-0.760871749844202,,0.0007057785987854,-0.19365935807249113,chromosome
0,0.0009344220161437,Q242664,Q242664.2~A10.K_15,15,,normal,Q242664.2~A10.K_15L.png,Q242664.2~A10.K_15R.png,train,/data5/chensx/MyProject/UAE/data/arrangement_merged/chr_15/Q242664.2~A10.K_15L.png,/data5/chensx/MyProject/UAE/data/arrangement_merged/chr_15/Q242664.2~A10.K_15R.png,0,-0.45139762319102,,0.0009344220161437,-0.0735404073736955,chromosome
0,0.001038908958435,Q242664,Q242664.2~A30.K_15,15,,normal,Q242664.2~A30.K_15L.png,Q242664.2~A30.K_15R.png,train,/data5/chensx/MyProject/UAE/data/arrangement_merged/chr_15/Q242664.2~A30.K_15L.png,/data5/chensx/MyProject/UAE/data/arrangement_merged/chr_15/Q242664.2~A30.K_15R.png,0,-0.3099721424759448,,0.001038908958435,-0.01864767521124485,chromosome
0,0.0008072257041931,Q242664,Q242664.2~A32.K_15,15,,normal,Q242664.2~A32.K_15L.png,Q242664.2~A32.K_15R.png,train,/data5/chensx/MyProject/UAE/data/arrangement_merged/chr_15/Q242664.2~A32.K_15L.png,/data5/chensx/MyProject/UAE/data/arrangement_merged/chr_15/Q242664.2~A32.K_15R.png,0,-0.6235607582999592,,0.0008072257041931,-0.14036361925877677,chromosome
0,0.0006840229034423,Q242664,Q242664.2~A6.K_15,15,,normal,Q242664.2~A6.K_15L.png,Q242664.2~A6.K_15R.png,train,/data5/chensx/MyProject/UAE/data/arrangement_merged/chr_15/Q242664.2~A6.K_15L.png,/data5/chensx/MyProject/UAE/data/arrangement_merged/chr_15/Q242664.2~A6.K_15R.png,0,-0.7903185841060403,,0.0006840229034423,-0.20508882027406708,chromosome
0,0.0009382367134094,Q242664,Q242664.3~A19.K_15,15,,normal,Q242664.3~A19.K_15L.png,Q242664.3~A19.K_15R.png,train,/data5/chensx/MyProject/UAE/data/arrangement_merged/chr_15/Q242664.3~A19.K_15L.png,/data5/chensx/MyProject/UAE/data/arrangement_merged/chr_15/Q242664.3~A19.K_15R.png,0,-0.4462343426629168,,0.0009382367134094,-0.07153633728900378,chromosome
0,0.0009928345680236,Q242664,Q242664.3~A29.K_15,15,,normal,Q242664.3~A29.K_15L.png,Q242664.3~A29.K_15R.png,train,/data5/chensx/MyProject/UAE/data/arrangement_merged/chr_15/Q242664.3~A29.K_15L.png,/data5/chensx/MyProject/UAE/data/arrangement_merged/chr_15/Q242664.3~A29.K_15R.png,0,-0.3723348901044406,,0.0009928345680236,-0.04285308420244812,chromosome
0,0.0008436441421508,Q242664,Q242664.3~A44.K_15,15,,normal,Q242664.3~A44.K_15L.png,Q242664.3~A44.K_15R.png,train,/data5/chensx/MyProject/UAE/data/arrangement_merged/chr_15/Q242664.3~A44.K_15L.png,/data5/chensx/MyProject/UAE/data/arrangement_merged/chr_15/Q242664.3~A44.K_15R.png,0,-0.5742675645082245,,0.0008436441421508,-0.12123101266939526,chromosome
0,0.0011004209518432,Q242664,Q242664.3~A48.K_15,15,,normal,Q242664.3~A48.K_15L.png,Q242664.3~A48.K_15R.png,train,/data5/chensx/MyProject/UAE/data/arrangement_merged/chr_15/Q242664.3~A48.K_15L.png,/data5/chensx/MyProject/UAE/data/arrangement_merged/chr_15/Q242664.3~A48.K_15R.png,0,-0.2267142439602817,,0.0011004209518432,0.013667954903771812,chromosome
0,0.0011495351791381,Q242664,Q242664.4~A14.K_15,15,,normal,Q242664.4~A14.K_15L.png,Q242664.4~A14.K_15R.png,train,/data5/chensx/MyProject/UAE/data/arrangement_merged/chr_15/Q242664.4~A14.K_15L.png,/data5/chensx/MyProject/UAE/data/arrangement_merged/chr_15/Q242664.4~A14.K_15R.png,0,-0.1602370071609537,,0.0011495351791381,0.039470357243658695,chromosome
0,0.0011072754859924,Q242664,Q242664.4~A34.K_15,15,,normal,Q242664.4~A34.K_15L.png,Q242664.4~A34.K_15R.png,train,/data5/chensx/MyProject/UAE/data/arrangement_merged/chr_15/Q242664.4~A34.K_15L.png,/data5/chensx/MyProject/UAE/data/arrangement_merged/chr_15/Q242664.4~A34.K_15R.png,0,-0.2174364742613463,,0.0011072754859924,0.01726901833714725,chromosome
0,0.0007820129394531,Q242664,Q242664.4~A41.K_15,15,,normal,Q242664.4~A41.K_15L.png,Q242664.4~A41.K_15R.png,train,/data5/chensx/MyProject/UAE/data/arrangement_merged/chr_15/Q242664.4~A41.K_15L.png,/data5/chensx/MyProject/UAE/data/arrangement_merged/chr_15/Q242664.4~A41.K_15R.png,0,-0.6576868155403908,,0.0007820129394531,-0.1536092699745307,chromosome
0,0.000741422176361,Q242664,Q242664.4~A49.K_15,15,,normal,Q242664.4~A49.K_15L.png,Q242664.4~A49.K_15R.png,train,/data5/chensx/MyProject/UAE/data/arrangement_merged/chr_15/Q242664.4~A49.K_15L.png,/data5/chensx/MyProject/UAE/data/arrangement_merged/chr_15/Q242664.4~A49.K_15R.png,0,-0.7126273474097383,,0.000741422176361,-0.1749338282190651,chromosome
0,0.0007267594337463,Q250230,Q250230.11~A30.K_15,15,,normal,Q250230.11~A30.K_15L.png,Q250230.11~A30.K_15R.png,train,/data5/chensx/MyProject/UAE/data/arrangement_merged/chr_15/Q250230.11~A30.K_15L.png,/data5/chensx/MyProject/UAE/data/arrangement_merged/chr_15/Q250230.11~A30.K_15R.png,0,-0.7509810128068151,,0.0007267594337463,-0.18263697260692313,chromosome
0,0.0008151531219482,Q250230,Q250230.12~A40.K_15,15,,normal,Q250230.12~A40.K_15L.png,Q250230.12~A40.K_15R.png,train,/data5/chensx/MyProject/UAE/data/arrangement_merged/chr_15/Q250230.12~A40.K_15L.png,/data5/chensx/MyProject/UAE/data/arrangement_merged/chr_15/Q250230.12~A40.K_15R.png,0,-0.6403711598859175,,0.0008151531219482,-0.13619891111412283,chromosome
0,0.0012789964675903,Q250230,Q250230.13~A45.K_15,15,,normal,Q250230.13~A45.K_15L.png,Q250230.13~A45.K_15R.png,train,/data5/chensx/MyProject/UAE/data/arrangement_merged/chr_15/Q250230.13~A45.K_15L.png,/data5/chensx/MyProject/UAE/data/arrangement_merged/chr_15/Q250230.13~A45.K_15R.png,0,-0.0599491265545458,,0.0012789964675903,0.1074834857415733,chromosome
0,0.0011228322982788,Q250230,Q250230.14~A21.K_15,15,,normal,Q250230.14~A21.K_15L.png,Q250230.14~A21.K_15R.png,train,/data5/chensx/MyProject/UAE/data/arrangement_merged/chr_15/Q250230.14~A21.K_15L.png,/data5/chensx/MyProject/UAE/data/arrangement_merged/chr_15/Q250230.14~A21.K_15R.png,0,-0.255362352888161,,0.0011228322982788,0.025441866651131996,chromosome
0,0.0011138916015625,Q250230,Q250230.14~A43.K_15,15,,normal,Q250230.14~A43.K_15L.png,Q250230.14~A43.K_15R.png,train,/data5/chensx/MyProject/UAE/data/arrangement_merged/chr_15/Q250230.14~A43.K_15L.png,/data5/chensx/MyProject/UAE/data/arrangement_merged/chr_15/Q250230.14~A43.K_15R.png,0,-0.266550133021765,,0.0011138916015625,0.02074482739023272,chromosome
0,0.0009883046150207,Q250230,Q250230.15~A8.K_15,15,,normal,Q250230.15~A8.K_15L.png,Q250230.15~A8.K_15R.png,train,/data5/chensx/MyProject/UAE/data/arrangement_merged/chr_15/Q250230.15~A8.K_15L.png,/data5/chensx/MyProject/UAE/data/arrangement_merged/chr_15/Q250230.15~A8.K_15R.png,0,-0.4237011512984548,,0.0009883046150207,-0.045232917427957126,chromosome
0,0.0010462403297424,Q250230,Q250230.1~A20.K_15,15,,normal,Q250230.1~A20.K_15L.png,Q250230.1~A20.K_15R.png,train,/data5/chensx/MyProject/UAE/data/arrangement_merged/chr_15/Q250230.1~A20.K_15L.png,/data5/chensx/MyProject/UAE/data/arrangement_merged/chr_15/Q250230.1~A20.K_15R.png,0,-0.3512043360327014,,0.0010462403297424,-0.014796103017289581,chromosome
0,0.0007723569869995,Q250230,Q250230.2~A24.K_15,15,,normal,Q250230.2~A24.K_15L.png,Q250230.2~A24.K_15R.png,train,/data5/chensx/MyProject/UAE/data/arrangement_merged/chr_15/Q250230.2~A24.K_15L.png,/data5/chensx/MyProject/UAE/data/arrangement_merged/chr_15/Q250230.2~A24.K_15R.png,0,-0.693923334125435,,0.0007723569869995,-0.15868207237629983,chromosome
0,0.0010989904403686,Q250230,Q250230.2~A27.K_15,15,,normal,Q250230.2~A27.K_15L.png,Q250230.2~A27.K_15R.png,train,/data5/chensx/MyProject/UAE/data/arrangement_merged/chr_15/Q250230.2~A27.K_15L.png,/data5/chensx/MyProject/UAE/data/arrangement_merged/chr_15/Q250230.2~A27.K_15R.png,0,-0.2851964332444382,,0.0010989904403686,0.012916428622032211,chromosome
0,0.0013338327407836,Q250230,Q250230.2~A38.K_15,15,,normal,Q250230.2~A38.K_15L.png,Q250230.2~A38.K_15R.png,train,/data5/chensx/MyProject/UAE/data/arrangement_merged/chr_15/Q250230.2~A38.K_15L.png,/data5/chensx/MyProject/UAE/data/arrangement_merged/chr_15/Q250230.2~A38.K_15R.png,0,0.0086692582648915,,0.0013338327407836,0.13629199320841892,chromosome
0,0.0009225606918334,Q250230,Q250230.4~A35.K_15,15,,normal,Q250230.4~A35.K_15L.png,Q250230.4~A35.K_15R.png,train,/data5/chensx/MyProject/UAE/data/arrangement_merged/chr_15/Q250230.4~A35.K_15L.png,/data5/chensx/MyProject/UAE/data/arrangement_merged/chr_15/Q250230.4~A35.K_15R.png,0,-0.505968627880889,,0.0009225606918334,-0.07977181279315977,chromosome
0,0.0008157491683959,Q250230,Q250230.5~A21.K_15,15,,normal,Q250230.5~A21.K_15L.png,Q250230.5~A21.K_15R.png,train,/data5/chensx/MyProject/UAE/data/arrangement_merged/chr_15/Q250230.5~A21.K_15L.png,/data5/chensx/MyProject/UAE/data/arrangement_merged/chr_15/Q250230.5~A21.K_15R.png,0,-0.6396253078770107,,0.0008157491683959,-0.13588577516342423,chromosome
0,0.000999093055725,Q250230,Q250230.5~A42.K_15,15,,normal,Q250230.5~A42.K_15L.png,Q250230.5~A42.K_15R.png,train,/data5/chensx/MyProject/UAE/data/arrangement_merged/chr_15/Q250230.5~A42.K_15L.png,/data5/chensx/MyProject/UAE/data/arrangement_merged/chr_15/Q250230.5~A42.K_15R.png,0,-0.4102012299372394,,0.000999093055725,-0.03956515671982376,chromosome
0,0.0010781288146972,Q250230,Q250230.5~A46.K_15,15,,normal,Q250230.5~A46.K_15L.png,Q250230.5~A46.K_15R.png,train,/data5/chensx/MyProject/UAE/data/arrangement_merged/chr_15/Q250230.5~A46.K_15L.png,/data5/chensx/MyProject/UAE/data/arrangement_merged/chr_15/Q250230.5~A46.K_15R.png,0,-0.3113012535561807,,0.0010781288146972,0.0019566703465828715,chromosome
0,0.0008983612060546,Q250230,Q250230.5~A5.K_15,15,,normal,Q250230.5~A5.K_15L.png,Q250230.5~A5.K_15R.png,train,/data5/chensx/MyProject/UAE/data/arrangement_merged/chr_15/Q250230.5~A5.K_15L.png,/data5/chensx/MyProject/UAE/data/arrangement_merged/chr_15/Q250230.5~A5.K_15R.png,0,-0.5362502194425103,,0.0008983612060546,-0.09248513239266831,chromosome
0,0.0008563995361328,Q250230,Q250230.5~A6.K_15,15,,normal,Q250230.5~A6.K_15L.png,Q250230.5~A6.K_15R.png,train,/data5/chensx/MyProject/UAE/data/arrangement_merged/chr_15/Q250230.5~A6.K_15L.png,/data5/chensx/MyProject/UAE/data/arrangement_merged/chr_15/Q250230.5~A6.K_15R.png,0,-0.5887582008695581,,0.0008563995361328,-0.11452990332380422,chromosome
0,0.001152753829956,Q251136,Q251136.12~A20.K_15,15,,normal,Q251136.12~A20.K_15L.png,Q251136.12~A20.K_15R.png,train,/data5/chensx/MyProject/UAE/data/arrangement_merged/chr_15/Q251136.12~A20.K_15L.png,/data5/chensx/MyProject/UAE/data/arrangement_merged/chr_15/Q251136.12~A20.K_15R.png,0,-0.1771904698941346,,0.001152753829956,0.041161291377599336,chromosome
0,0.0006923675537109,Q251136,Q251136.12~A23.K_15,15,,normal,Q251136.12~A23.K_15L.png,Q251136.12~A23.K_15R.png,train,/data5/chensx/MyProject/UAE/data/arrangement_merged/chr_15/Q251136.12~A23.K_15L.png,/data5/chensx/MyProject/UAE/data/arrangement_merged/chr_15/Q251136.12~A23.K_15R.png,0,-0.6302063619603859,,0.0006923675537109,-0.20070491696386636,chromosome
0,0.0011331439018249,Q251136,Q251136.14~A16.K_15,15,,normal,Q251136.14~A16.K_15L.png,Q251136.14~A16.K_15R.png,train,/data5/chensx/MyProject/UAE/data/arrangement_merged/chr_15/Q251136.14~A16.K_15L.png,/data5/chensx/MyProject/UAE/data/arrangement_merged/chr_15/Q251136.14~A16.K_15R.png,0,-0.1964864601180854,,0.0011331439018249,0.030859118598685422,chromosome
0,0.0008566975593566,Q251136,Q251136.14~A17.K_15,15,,normal,Q251136.14~A17.K_15L.png,Q251136.14~A17.K_15R.png,train,/data5/chensx/MyProject/UAE/data/arrangement_merged/chr_15/Q251136.14~A17.K_15L.png,/data5/chensx/MyProject/UAE/data/arrangement_merged/chr_15/Q251136.14~A17.K_15R.png,0,-0.4685071368922017,,0.0008566975593566,-0.1143733353484812,chromosome
0,0.0009607076644897,Q251136,Q251136.14~A18.K_15,15,,normal,Q251136.14~A18.K_15L.png,Q251136.14~A18.K_15R.png,train,/data5/chensx/MyProject/UAE/data/arrangement_merged/chr_15/Q251136.14~A18.K_15L.png,/data5/chensx/MyProject/UAE/data/arrangement_merged/chr_15/Q251136.14~A18.K_15R.png,0,-0.3661621431511855,,0.0009607076644897,-0.05973111194661049,chromosome
0,0.0011466741561889,Q251136,Q251136.14~A2.K_15,15,,normal,Q251136.14~A2.K_15L.png,Q251136.14~A2.K_15R.png,train,/data5/chensx/MyProject/UAE/data/arrangement_merged/chr_15/Q251136.14~A2.K_15L.png,/data5/chensx/MyProject/UAE/data/arrangement_merged/chr_15/Q251136.14~A2.K_15R.png,0,-0.1831728133678214,,0.0011466741561889,0.03796730468017938,chromosome
0,0.0007089376449584,Q251136,Q251136.14~A31.K_15,15,,normal,Q251136.14~A31.K_15L.png,Q251136.14~A31.K_15R.png,train,/data5/chensx/MyProject/UAE/data/arrangement_merged/chr_15/Q251136.14~A31.K_15L.png,/data5/chensx/MyProject/UAE/data/arrangement_merged/chr_15/Q251136.14~A31.K_15R.png,0,-0.6139015434732785,,0.0007089376449584,-0.19199973753368868,chromosome
0,0.0007246732711791,Q251136,Q251136.14~A39.K_15,15,,normal,Q251136.14~A39.K_15L.png,Q251136.14~A39.K_15R.png,train,/data5/chensx/MyProject/UAE/data/arrangement_merged/chr_15/Q251136.14~A39.K_15L.png,/data5/chensx/MyProject/UAE/data/arrangement_merged/chr_15/Q251136.14~A39.K_15R.png,0,-0.5984178309531477,,0.0007246732711791,-0.18373294843449958,chromosome
0,0.0007210969924926,Q251136,Q251136.1~A12.K_15,15,,normal,Q251136.1~A12.K_15L.png,Q251136.1~A12.K_15R.png,train,/data5/chensx/MyProject/UAE/data/arrangement_merged/chr_15/Q251136.1~A12.K_15L.png,/data5/chensx/MyProject/UAE/data/arrangement_merged/chr_15/Q251136.1~A12.K_15R.png,0,-0.6019368565259047,,0.0007210969924926,-0.1856117641388488,chromosome
0,0.0008010864257812,Q251136,Q251136.1~A38.K_15,15,,normal,Q251136.1~A38.K_15L.png,Q251136.1~A38.K_15R.png,train,/data5/chensx/MyProject/UAE/data/arrangement_merged/chr_15/Q251136.1~A38.K_15L.png,/data5/chensx/MyProject/UAE/data/arrangement_merged/chr_15/Q251136.1~A38.K_15R.png,0,-0.5232279845485731,,0.0008010864257812,-0.1435889195512823,chromosome
0,0.0007528066635131,Q251136,Q251136.2~A15.K_15,15,,normal,Q251136.2~A15.K_15L.png,Q251136.2~A15.K_15R.png,train,/data5/chensx/MyProject/UAE/data/arrangement_merged/chr_15/Q251136.2~A15.K_15L.png,/data5/chensx/MyProject/UAE/data/arrangement_merged/chr_15/Q251136.2~A15.K_15R.png,0,-0.5707348297807926,,0.0007528066635131,-0.16895293156018065,chromosome
0,0.0014269351959228,Q251136,Q251136.2~A2.K_15,15,,normal,Q251136.2~A2.K_15L.png,Q251136.2~A2.K_15R.png,train,/data5/chensx/MyProject/UAE/data/arrangement_merged/chr_15/Q251136.2~A2.K_15L.png,/data5/chensx/MyProject/UAE/data/arrangement_merged/chr_15/Q251136.2~A2.K_15R.png,0,0.0926014906839022,,0.0014269351959228,0.18520382871198515,chromosome
0,0.000888705253601,Q251136,Q251136.2~A20.K_15,15,,normal,Q251136.2~A20.K_15L.png,Q251136.2~A20.K_15R.png,train,/data5/chensx/MyProject/UAE/data/arrangement_merged/chr_15/Q251136.2~A20.K_15L.png,/data5/chensx/MyProject/UAE/data/arrangement_merged/chr_15/Q251136.2~A20.K_15R.png,0,-0.4370118580160265,,0.000888705253601,-0.0975579347944375,chromosome
0,0.0008795261383056,Q251136,Q251136.2~A25.K_15,15,,normal,Q251136.2~A25.K_15L.png,Q251136.2~A25.K_15R.png,train,/data5/chensx/MyProject/UAE/data/arrangement_merged/chr_15/Q251136.2~A25.K_15L.png,/data5/chensx/MyProject/UAE/data/arrangement_merged/chr_15/Q251136.2~A25.K_15R.png,0,-0.4460440236527695,,0.0008795261383056,-0.10238022843562675,chromosome
0,0.0012092590332031,Q251136,Q251136.2~A36.K_15,15,,normal,Q251136.2~A36.K_15L.png,Q251136.2~A36.K_15R.png,train,/data5/chensx/MyProject/UAE/data/arrangement_merged/chr_15/Q251136.2~A36.K_15L.png,/data5/chensx/MyProject/UAE/data/arrangement_merged/chr_15/Q251136.2~A36.K_15R.png,0,-0.1215898658445739,,0.0012092590332031,0.07084657950652717,chromosome
0,0.0009253025054931,Q251136,Q251136.2~A5.K_15,15,,normal,Q251136.2~A5.K_15L.png,Q251136.2~A5.K_15R.png,train,/data5/chensx/MyProject/UAE/data/arrangement_merged/chr_15/Q251136.2~A5.K_15L.png,/data5/chensx/MyProject/UAE/data/arrangement_merged/chr_15/Q251136.2~A5.K_15R.png,0,-0.4010004963214799,,0.0009253025054931,-0.07833138741979913,chromosome
0,0.0007121562957763,Q251136,Q251136.2~A7.K_15,15,,normal,Q251136.2~A7.K_15L.png,Q251136.2~A7.K_15R.png,train,/data5/chensx/MyProject/UAE/data/arrangement_merged/chr_15/Q251136.2~A7.K_15L.png,/data5/chensx/MyProject/UAE/data/arrangement_merged/chr_15/Q251136.2~A7.K_15R.png,0,-0.6107344204577972,,0.0007121562957763,-0.19030880339974815,chromosome
0,0.0007717013359069,Q251136,Q251136.3~A16.K_15,15,,normal,Q251136.3~A16.K_15L.png,Q251136.3~A16.K_15R.png,train,/data5/chensx/MyProject/UAE/data/arrangement_merged/chr_15/Q251136.3~A16.K_15L.png,/data5/chensx/MyProject/UAE/data/arrangement_merged/chr_15/Q251136.3~A16.K_15R.png,0,-0.5521426446713931,,0.0007717013359069,-0.1590265219221366,chromosome
0,0.0022739768028259,Q251136,Q251136.3~A21.K_15,15,,normal,Q251136.3~A21.K_15L.png,Q251136.3~A21.K_15R.png,train,/data5/chensx/MyProject/UAE/data/arrangement_merged/chr_15/Q251136.3~A21.K_15L.png,/data5/chensx/MyProject/UAE/data/arrangement_merged/chr_15/Q251136.3~A21.K_15R.png,0,0.926082697591398,,0.0022739768028259,0.6302013282900268,chromosome
0,0.0008330941200256,Q251136,Q251136.3~A23.K_15,15,,normal,Q251136.3~A23.K_15L.png,Q251136.3~A23.K_15R.png,train,/data5/chensx/MyProject/UAE/data/arrangement_merged/chr_15/Q251136.3~A23.K_15L.png,/data5/chensx/MyProject/UAE/data/arrangement_merged/chr_15/Q251136.3~A23.K_15R.png,0,-0.4917327056723979,,0.0008330941200256,-0.1267735189972386,chromosome
0,0.0010080337524414,Q251136,Q251136.3~A26.K_15,15,,normal,Q251136.3~A26.K_15L.png,Q251136.3~A26.K_15R.png,train,/data5/chensx/MyProject/UAE/data/arrangement_merged/chr_15/Q251136.3~A26.K_15L.png,/data5/chensx/MyProject/UAE/data/arrangement_merged/chr_15/Q251136.3~A26.K_15R.png,0,-0.3195937047383679,,0.0010080337524414,-0.034868117458871965,chromosome
0,0.0012608170509338,Q251136,Q251136.3~A32.K_15,15,,normal,Q251136.3~A32.K_15L.png,Q251136.3~A32.K_15R.png,train,/data5/chensx/MyProject/UAE/data/arrangement_merged/chr_15/Q251136.3~A32.K_15L.png,/data5/chensx/MyProject/UAE/data/arrangement_merged/chr_15/Q251136.3~A32.K_15R.png,0,-0.0708572471706605,,0.0012608170509338,0.0979328392443991,chromosome
0,0.0010793209075927,Q251136,Q251136.3~A36.K_15,15,,normal,Q251136.3~A36.K_15L.png,Q251136.3~A36.K_15R.png,train,/data5/chensx/MyProject/UAE/data/arrangement_merged/chr_15/Q251136.3~A36.K_15L.png,/data5/chensx/MyProject/UAE/data/arrangement_merged/chr_15/Q251136.3~A36.K_15R.png,0,-0.2494477949880783,,0.0010793209075927,0.002582942248032615,chromosome
0,0.001030147075653,Q251136,Q251136.3~A40.K_15,15,,normal,Q251136.3~A40.K_15L.png,Q251136.3~A40.K_15R.png,train,/data5/chensx/MyProject/UAE/data/arrangement_merged/chr_15/Q251136.3~A40.K_15L.png,/data5/chensx/MyProject/UAE/data/arrangement_merged/chr_15/Q251136.3~A40.K_15R.png,0,-0.2978343966134871,,0.001030147075653,-0.023250773686939834,chromosome
0,0.0008591413497924,Q251136,Q251136.3~A41.K_15,15,,normal,Q251136.3~A41.K_15L.png,Q251136.3~A41.K_15R.png,train,/data5/chensx/MyProject/UAE/data/arrangement_merged/chr_15/Q251136.3~A41.K_15L.png,/data5/chensx/MyProject/UAE/data/arrangement_merged/chr_15/Q251136.3~A41.K_15R.png,0,-0.4661024694174844,,0.0008591413497924,-0.11308947795049609,chromosome
0,0.0007828474044799,Q251136,Q251136.4~A12.K_15,15,,normal,Q251136.4~A12.K_15L.png,Q251136.4~A12.K_15R.png,train,/data5/chensx/MyProject/UAE/data/arrangement_merged/chr_15/Q251136.4~A12.K_15L.png,/data5/chensx/MyProject/UAE/data/arrangement_merged/chr_15/Q251136.4~A12.K_15R.png,0,-0.5411750149696338,,0.0007828474044799,-0.15317087964354212,chromosome
0,0.0008835792541503,Q251136,Q251136.4~A13.K_15,15,,normal,Q251136.4~A13.K_15L.png,Q251136.4~A13.K_15R.png,train,/data5/chensx/MyProject/UAE/data/arrangement_merged/chr_15/Q251136.4~A13.K_15L.png,/data5/chensx/MyProject/UAE/data/arrangement_merged/chr_15/Q251136.4~A13.K_15R.png,0,-0.4420557946703116,,0.0008835792541503,-0.10025090397069764,chromosome
0,0.0008952617645263,Q251136,Q251136.4~A15.K_15,15,,normal,Q251136.4~A15.K_15L.png,Q251136.4~A15.K_15R.png,train,/data5/chensx/MyProject/UAE/data/arrangement_merged/chr_15/Q251136.4~A15.K_15L.png,/data5/chensx/MyProject/UAE/data/arrangement_merged/chr_15/Q251136.4~A15.K_15R.png,0,-0.4305603111326387,,0.0008952617645263,-0.09411343933643765,chromosome
0,0.0010648965835571,Q251136,Q251136.4~A16.K_15,15,,normal,Q251136.4~A16.K_15L.png,Q251136.4~A16.K_15R.png,train,/data5/chensx/MyProject/UAE/data/arrangement_merged/chr_15/Q251136.4~A16.K_15L.png,/data5/chensx/MyProject/UAE/data/arrangement_merged/chr_15/Q251136.4~A16.K_15R.png,0,-0.2636411981315316,,0.0010648965835571,-0.004994947759535435,chromosome
0,0.0010185837745666,Q251136,Q251136.4~A19.K_15,15,,normal,Q251136.4~A19.K_15L.png,Q251136.4~A19.K_15R.png,train,/data5/chensx/MyProject/UAE/data/arrangement_merged/chr_15/Q251136.4~A19.K_15L.png,/data5/chensx/MyProject/UAE/data/arrangement_merged/chr_15/Q251136.4~A19.K_15R.png,0,-0.3092125792987347,,0.0010185837745666,-0.029325611131028568,chromosome
0,0.0013442039489746,Q251136,Q251136.4~A2.K_15,15,,normal,Q251136.4~A2.K_15L.png,Q251136.4~A2.K_15R.png,train,/data5/chensx/MyProject/UAE/data/arrangement_merged/chr_15/Q251136.4~A2.K_15L.png,/data5/chensx/MyProject/UAE/data/arrangement_merged/chr_15/Q251136.4~A2.K_15R.png,0,0.0111946991007902,,0.0013442039489746,0.14174055875111055,chromosome
0,0.0008039474487304,Q251136,Q251136.4~A36.K_15,15,,normal,Q251136.4~A36.K_15L.png,Q251136.4~A36.K_15R.png,train,/data5/chensx/MyProject/UAE/data/arrangement_merged/chr_15/Q251136.4~A36.K_15L.png,/data5/chensx/MyProject/UAE/data/arrangement_merged/chr_15/Q251136.4~A36.K_15R.png,0,-0.5204127640903675,,0.0008039474487304,-0.14208586698780293,chromosome
0,0.0010716915130615,Q251136,Q251136.4~A5.K_15,15,,normal,Q251136.4~A5.K_15L.png,Q251136.4~A5.K_15R.png,train,/data5/chensx/MyProject/UAE/data/arrangement_merged/chr_15/Q251136.4~A5.K_15L.png,/data5/chensx/MyProject/UAE/data/arrangement_merged/chr_15/Q251136.4~A5.K_15R.png,0,-0.2569550495432933,,0.0010716915130615,-0.0014251979212456742,chromosome
0,0.0007619857788085,165070,165070.11~A20.K_16,16,,normal,165070.11~A20.K_16L.png,165070.11~A20.K_16R.png,train,/data5/chensx/MyProject/UAE/data/arrangement_merged/chr_16/165070.11~A20.K_16L.png,/data5/chensx/MyProject/UAE/data/arrangement_merged/chr_16/165070.11~A20.K_16R.png,0,-0.7080500023949284,,0.0007619857788085,-0.09970782591956844,chromosome
0,0.0007979869842529,165070,165070.11~A21.K_16,16,,normal,165070.11~A21.K_16L.png,165070.11~A21.K_16R.png,train,/data5/chensx/MyProject/UAE/data/arrangement_merged/chr_16/165070.11~A21.K_16L.png,/data5/chensx/MyProject/UAE/data/arrangement_merged/chr_16/165070.11~A21.K_16R.png,0,-0.6573324176317966,,0.0007979869842529,-0.07098145932396921,chromosome
0,0.0009410381317138,165070,165070.11~A30.K_16,16,,normal,165070.11~A30.K_16L.png,165070.11~A30.K_16R.png,train,/data5/chensx/MyProject/UAE/data/arrangement_merged/chr_16/165070.11~A30.K_16L.png,/data5/chensx/MyProject/UAE/data/arrangement_merged/chr_16/165070.11~A30.K_16R.png,0,-0.4558055907584254,,0.0009410381317138,0.04316304370466881,chromosome
0,0.0009573101997375,165070,165070.12~A1.K_16,16,,normal,165070.12~A1.K_16L.png,165070.12~A1.K_16R.png,train,/data5/chensx/MyProject/UAE/data/arrangement_merged/chr_16/165070.12~A1.K_16L.png,/data5/chensx/MyProject/UAE/data/arrangement_merged/chr_16/165070.12~A1.K_16R.png,0,-0.4328819142015794,,0.0009573101997375,0.05614698092419449,chromosome
0,0.0007396936416625,165070,165070.12~A21.K_16,16,,normal,165070.12~A21.K_16L.png,165070.12~A21.K_16R.png,train,/data5/chensx/MyProject/UAE/data/arrangement_merged/chr_16/165070.12~A21.K_16L.png,/data5/chensx/MyProject/UAE/data/arrangement_merged/chr_16/165070.12~A21.K_16R.png,0,-0.7394545995826954,,0.0007396936416625,-0.11749534430820563,chromosome
0,0.0010673999786376,165070,165070.12~A41.K_16,16,,normal,165070.12~A41.K_16L.png,165070.12~A41.K_16R.png,train,/data5/chensx/MyProject/UAE/data/arrangement_merged/chr_16/165070.12~A41.K_16L.png,/data5/chensx/MyProject/UAE/data/arrangement_merged/chr_16/165070.12~A41.K_16R.png,0,-0.2777902270202808,,0.0010673999786376,0.1439906880466363,chromosome
0,0.0006212592124938,165070,165070.12~A5.K_16,16,,normal,165070.12~A5.K_16L.png,165070.12~A5.K_16R.png,train,/data5/chensx/MyProject/UAE/data/arrangement_merged/chr_16/165070.12~A5.K_16L.png,/data5/chensx/MyProject/UAE/data/arrangement_merged/chr_16/165070.12~A5.K_16R.png,0,-0.9063020183316072,,0.0006212592124938,-0.21199748077402267,chromosome
0,0.0012988448143005,165070,165070.12~A9.K_16,16,,normal,165070.12~A9.K_16L.png,165070.12~A9.K_16R.png,train,/data5/chensx/MyProject/UAE/data/arrangement_merged/chr_16/165070.12~A9.K_16L.png,/data5/chensx/MyProject/UAE/data/arrangement_merged/chr_16/165070.12~A9.K_16R.png,0,0.0482633849585943,,0.0012988448143005,0.32866698190514854,chromosome
0,0.000818133354187,165070,165070.13~A24.K_16,16,,normal,165070.13~A24.K_16L.png,165070.13~A24.K_16R.png,train,/data5/chensx/MyProject/UAE/data/arrangement_merged/chr_16/165070.13~A24.K_16L.png,/data5/chensx/MyProject/UAE/data/arrangement_merged/chr_16/165070.13~A24.K_16R.png,0,-0.6289507228471302,,0.000818133354187,-0.054906108480750775,chromosome
0,0.0007805824279785,165070,165070.13~A25.K_16,16,,normal,165070.13~A25.K_16L.png,165070.13~A25.K_16R.png,train,/data5/chensx/MyProject/UAE/data/arrangement_merged/chr_16/165070.13~A25.K_16L.png,/data5/chensx/MyProject/UAE/data/arrangement_merged/chr_16/165070.13~A25.K_16R.png,0,-0.6818515149013902,,0.0007805824279785,-0.08486904052577922,chromosome
0,0.0007498860359191,165070,165070.13~A26.K_16,16,,normal,165070.13~A26.K_16L.png,165070.13~A26.K_16R.png,train,/data5/chensx/MyProject/UAE/data/arrangement_merged/chr_16/165070.13~A26.K_16L.png,/data5/chensx/MyProject/UAE/data/arrangement_merged/chr_16/165070.13~A26.K_16R.png,0,-0.7250958131679677,,0.0007498860359191,-0.10936254846740646,chromosome
0,0.0012811422348022,165070,165070.13~A27.K_16,16,,normal,165070.13~A27.K_16L.png,165070.13~A27.K_16R.png,train,/data5/chensx/MyProject/UAE/data/arrangement_merged/chr_16/165070.13~A27.K_16L.png,/data5/chensx/MyProject/UAE/data/arrangement_merged/chr_16/165070.13~A27.K_16R.png,0,0.0233244401330146,,0.0012811422348022,0.3145415996553436,chromosome
0,0.0007675886154174,165070,165070.13~A28.K_16,16,,normal,165070.13~A28.K_16L.png,165070.13~A28.K_16R.png,train,/data5/chensx/MyProject/UAE/data/arrangement_merged/chr_16/165070.13~A28.K_16L.png,/data5/chensx/MyProject/UAE/data/arrangement_merged/chr_16/165070.13~A28.K_16R.png,0,-0.700156868342388,,0.0007675886154174,-0.09523716621760163,chromosome
0,0.0007480382919311,165070,165070.13~A3.K_16,16,,normal,165070.13~A3.K_16L.png,165070.13~A3.K_16R.png,train,/data5/chensx/MyProject/UAE/data/arrangement_merged/chr_16/165070.13~A3.K_16L.png,/data5/chensx/MyProject/UAE/data/arrangement_merged/chr_16/165070.13~A3.K_16R.png,0,-0.7276988680150821,,0.0007480382919311,-0.1108369149648305,chromosome
0,0.0007243752479553,165070,165070.13~A36.K_16,16,,normal,165070.13~A36.K_16L.png,165070.13~A36.K_16R.png,train,/data5/chensx/MyProject/UAE/data/arrangement_merged/chr_16/165070.13~A36.K_16L.png,/data5/chensx/MyProject/UAE/data/arrangement_merged/chr_16/165070.13~A36.K_16R.png,0,-0.7610347639603856,,0.0007243752479553,-0.12971831817413193,chromosome
0,0.0008870959281921,165070,165070.13~A40.K_16,16,,normal,165070.13~A40.K_16L.png,165070.13~A40.K_16R.png,train,/data5/chensx/MyProject/UAE/data/arrangement_merged/chr_16/165070.13~A40.K_16L.png,/data5/chensx/MyProject/UAE/data/arrangement_merged/chr_16/165070.13~A40.K_16R.png,0,-0.5317979983919258,,0.0008870959281921,0.00012105402096468799,chromosome
0,0.0007176399230957,165070,165070.13~A9.K_16,16,,normal,165070.13~A9.K_16L.png,165070.13~A9.K_16R.png,train,/data5/chensx/MyProject/UAE/data/arrangement_merged/chr_16/165070.13~A9.K_16L.png,/data5/chensx/MyProject/UAE/data/arrangement_merged/chr_16/165070.13~A9.K_16R.png,0,-0.7705233187256735,,0.0007176399230957,-0.13509262185838317,chromosome
0,0.000696063041687,165070,165070.1~A9.K_16,16,,normal,165070.1~A9.K_16L.png,165070.1~A9.K_16R.png,train,/data5/chensx/MyProject/UAE/data/arrangement_merged/chr_16/165070.1~A9.K_16L.png,/data5/chensx/MyProject/UAE/data/arrangement_merged/chr_16/165070.1~A9.K_16R.png,0,-0.8009202817790736,,0.000696063041687,-0.15230941773188075,chromosome
0,0.001156210899353,165070,165070.2~A31.K_16,16,,normal,165070.2~A31.K_16L.png,165070.2~A31.K_16R.png,train,/data5/chensx/MyProject/UAE/data/arrangement_merged/chr_16/165070.2~A31.K_16L.png,/data5/chensx/MyProject/UAE/data/arrangement_merged/chr_16/165070.2~A31.K_16R.png,0,-0.1526756553363962,,0.001156210899353,0.21485540034365533,chromosome
0,0.0005942583084106,165070,165070.3~A15.K_16,16,,normal,165070.3~A15.K_16L.png,165070.3~A15.K_16R.png,train,/data5/chensx/MyProject/UAE/data/arrangement_merged/chr_16/165070.3~A15.K_16L.png,/data5/chensx/MyProject/UAE/data/arrangement_merged/chr_16/165070.3~A15.K_16R.png,0,-0.944340206903956,,0.0005942583084106,-0.2335422557206423,chromosome
0,0.000739574432373,165070,165070.3~A2.K_16,16,,normal,165070.3~A2.K_16L.png,165070.3~A2.K_16R.png,train,/data5/chensx/MyProject/UAE/data/arrangement_merged/chr_16/165070.3~A2.K_16L.png,/data5/chensx/MyProject/UAE/data/arrangement_merged/chr_16/165070.3~A2.K_16R.png,0,-0.7396225386050899,,0.000739574432373,-0.11759046472735561,chromosome
0,0.000769555568695,165070,165070.3~A30.K_16,16,,normal,165070.3~A30.K_16L.png,165070.3~A30.K_16R.png,train,/data5/chensx/MyProject/UAE/data/arrangement_merged/chr_16/165070.3~A30.K_16L.png,/data5/chensx/MyProject/UAE/data/arrangement_merged/chr_16/165070.3~A30.K_16R.png,0,-0.6973858744728791,,0.000769555568695,-0.09366767930094784,chromosome
0,0.0005500316619873,165070,165070.3~A35.K_16,16,,normal,165070.3~A35.K_16L.png,165070.3~A35.K_16R.png,train,/data5/chensx/MyProject/UAE/data/arrangement_merged/chr_16/165070.3~A35.K_16L.png,/data5/chensx/MyProject/UAE/data/arrangement_merged/chr_16/165070.3~A35.K_16R.png,0,-1.0066455842123068,,0.0005500316619873,-0.26883193124030696,chromosome
0,0.0006318092346191,165070,165070.3~A43.K_16,16,,normal,165070.3~A43.K_16L.png,165070.3~A43.K_16R.png,train,/data5/chensx/MyProject/UAE/data/arrangement_merged/chr_16/165070.3~A43.K_16L.png,/data5/chensx/MyProject/UAE/data/arrangement_merged/chr_16/165070.3~A43.K_16R.png,0,-0.8914394148496962,,0.0006318092346191,-0.20357932367561388,chromosome
0,0.0007108449935913,170215,170215.12~A1.K_16,16,,normal,170215.12~A1.K_16L.png,170215.12~A1.K_16R.png,train,/data5/chensx/MyProject/UAE/data/arrangement_merged/chr_16/170215.12~A1.K_16L.png,/data5/chensx/MyProject/UAE/data/arrangement_merged/chr_16/170215.12~A1.K_16R.png,0,-0.8130182091577611,,0.0007108449935913,-0.14051448575224923,chromosome
0,0.0007452964782714,170215,170215.12~A24.K_16,16,,normal,170215.12~A24.K_16L.png,170215.12~A24.K_16R.png,train,/data5/chensx/MyProject/UAE/data/arrangement_merged/chr_16/170215.12~A24.K_16L.png,/data5/chensx/MyProject/UAE/data/arrangement_merged/chr_16/170215.12~A24.K_16R.png,0,-0.7677953638298324,,0.0007452964782714,-0.11302468460623882,chromosome
0,0.000589370727539,170215,170215.12~A31.K_16,16,,normal,170215.12~A31.K_16L.png,170215.12~A31.K_16R.png,train,/data5/chensx/MyProject/UAE/data/arrangement_merged/chr_16/170215.12~A31.K_16L.png,/data5/chensx/MyProject/UAE/data/arrangement_merged/chr_16/170215.12~A31.K_16R.png,0,-0.9724717710579664,,0.000589370727539,-0.2374421929074694,chromosome
0,0.0007796883583068,170215,170215.12~A33.K_16,16,,normal,170215.12~A33.K_16L.png,170215.12~A33.K_16R.png,train,/data5/chensx/MyProject/UAE/data/arrangement_merged/chr_16/170215.12~A33.K_16L.png,/data5/chensx/MyProject/UAE/data/arrangement_merged/chr_16/170215.12~A33.K_16R.png,0,-0.7226507587187341,,0.0007796883583068,-0.08558244366976359,chromosome
0,0.0006729364395141,170215,170215.12~A44.K_16,16,,normal,170215.12~A44.K_16L.png,170215.12~A44.K_16R.png,train,/data5/chensx/MyProject/UAE/data/arrangement_merged/chr_16/170215.12~A44.K_16L.png,/data5/chensx/MyProject/UAE/data/arrangement_merged/chr_16/170215.12~A44.K_16R.png,0,-0.8627789870618486,,0.0006729364395141,-0.1707627790548874,chromosome
0,0.0013408064842224,170215,170215.12~A47.K_16,16,,normal,170215.12~A47.K_16L.png,170215.12~A47.K_16R.png,train,/data5/chensx/MyProject/UAE/data/arrangement_merged/chr_16/170215.12~A47.K_16L.png,/data5/chensx/MyProject/UAE/data/arrangement_merged/chr_16/170215.12~A47.K_16R.png,0,0.0139026425219588,,0.0013408064842224,0.36214936946024434,chromosome
0,0.0008354187011718,170215,170215.12~A48.K_16,16,,normal,170215.12~A48.K_16L.png,170215.12~A48.K_16R.png,train,/data5/chensx/MyProject/UAE/data/arrangement_merged/chr_16/170215.12~A48.K_16L.png,/data5/chensx/MyProject/UAE/data/arrangement_merged/chr_16/170215.12~A48.K_16R.png,0,-0.6494961559823789,,0.0008354187011718,-0.04111364769817059,chromosome
0,0.000690758228302,170215,170215.12~A49.K_16,16,,normal,170215.12~A49.K_16L.png,170215.12~A49.K_16R.png,train,/data5/chensx/MyProject/UAE/data/arrangement_merged/chr_16/170215.12~A49.K_16L.png,/data5/chensx/MyProject/UAE/data/arrangement_merged/chr_16/170215.12~A49.K_16R.png,0,-0.839385162229581,,0.000690758228302,-0.15654227638585272,chromosome
0,0.0006337761878967,170215,170215.12~A6.K_16,16,,normal,170215.12~A6.K_16L.png,170215.12~A6.K_16R.png,train,/data5/chensx/MyProject/UAE/data/arrangement_merged/chr_16/170215.12~A6.K_16L.png,/data5/chensx/MyProject/UAE/data/arrangement_merged/chr_16/170215.12~A6.K_16R.png,0,-0.9141828095193733,,0.0006337761878967,-0.20200983675896,chromosome
0,0.0007821321487426,170215,170215.12~A7.K_16,16,,normal,170215.12~A7.K_16L.png,170215.12~A7.K_16R.png,train,/data5/chensx/MyProject/UAE/data/arrangement_merged/chr_16/170215.12~A7.K_16L.png,/data5/chensx/MyProject/UAE/data/arrangement_merged/chr_16/170215.12~A7.K_16R.png,0,-0.7194429098286906,,0.0007821321487426,-0.08363247507635,chromosome
0,0.0006188750267028,170215,170215.13~A21.K_16,16,,normal,170215.13~A21.K_16L.png,170215.13~A21.K_16R.png,train,/data5/chensx/MyProject/UAE/data/arrangement_merged/chr_16/170215.13~A21.K_16L.png,/data5/chensx/MyProject/UAE/data/arrangement_merged/chr_16/170215.13~A21.K_16R.png,0,-0.9337428637269548,,0.0006188750267028,-0.21389988915782135,chromosome
0,0.0007701516151428,170215,170215.13~A36.K_16,16,,normal,170215.13~A36.K_16L.png,170215.13~A36.K_16R.png,train,/data5/chensx/MyProject/UAE/data/arrangement_merged/chr_16/170215.13~A36.K_16L.png,/data5/chensx/MyProject/UAE/data/arrangement_merged/chr_16/170215.13~A36.K_16R.png,0,-0.7351691934115863,,0.0007701516151428,-0.0931920772049582,chromosome
0,0.0006723999977111,170215,170215.13~A44.K_16,16,,normal,170215.13~A44.K_16L.png,170215.13~A44.K_16R.png,train,/data5/chensx/MyProject/UAE/data/arrangement_merged/chr_16/170215.13~A44.K_16L.png,/data5/chensx/MyProject/UAE/data/arrangement_merged/chr_16/170215.13~A44.K_16R.png,0,-0.8634831490133216,,0.0006723999977111,-0.17119082094126203,chromosome
0,0.0005720257759094,170215,170215.13~A47.K_16,16,,normal,170215.13~A47.K_16L.png,170215.13~A47.K_16R.png,train,/data5/chensx/MyProject/UAE/data/arrangement_merged/chr_16/170215.13~A47.K_16L.png,/data5/chensx/MyProject/UAE/data/arrangement_merged/chr_16/170215.13~A47.K_16R.png,0,-0.9952396741555912,,0.0005720257759094,-0.2512822138996646,chromosome
0,0.0007481575012207,170215,170215.13~A5.K_16,16,,normal,170215.13~A5.K_16L.png,170215.13~A5.K_16R.png,train,/data5/chensx/MyProject/UAE/data/arrangement_merged/chr_16/170215.13~A5.K_16L.png,/data5/chensx/MyProject/UAE/data/arrangement_merged/chr_16/170215.13~A5.K_16R.png,0,-0.7640398334219768,,0.0007481575012207,-0.11074179454560067,chromosome
0,0.0006283521652221,170215,170215.1~A9.K_16,16,,normal,170215.1~A9.K_16L.png,170215.1~A9.K_16R.png,train,/data5/chensx/MyProject/UAE/data/arrangement_merged/chr_16/170215.1~A9.K_16L.png,/data5/chensx/MyProject/UAE/data/arrangement_merged/chr_16/170215.1~A9.K_16R.png,0,-0.9213026692509328,,0.0006283521652221,-0.20633781583216182,chromosome
0,0.0009022951126098,170215,170215.2~A19.K_16,16,,normal,170215.2~A19.K_16L.png,170215.2~A19.K_16R.png,train,/data5/chensx/MyProject/UAE/data/arrangement_merged/chr_16/170215.2~A19.K_16L.png,/data5/chensx/MyProject/UAE/data/arrangement_merged/chr_16/170215.2~A19.K_16R.png,0,-0.5617106326987527,,0.0009022951126098,0.01224890746774102,chromosome
0,0.0008047819137573,170215,170215.2~A2.K_16,16,,normal,170215.2~A2.K_16L.png,170215.2~A2.K_16R.png,train,/data5/chensx/MyProject/UAE/data/arrangement_merged/chr_16/170215.2~A2.K_16L.png,/data5/chensx/MyProject/UAE/data/arrangement_merged/chr_16/170215.2~A2.K_16R.png,0,-0.6897116274331666,,0.0008047819137573,-0.06555959543010306,chromosome
0,0.0006823539733886,170215,170215.2~A23.K_16,16,,normal,170215.2~A23.K_16L.png,170215.2~A23.K_16R.png,train,/data5/chensx/MyProject/UAE/data/arrangement_merged/chr_16/170215.2~A23.K_16L.png,/data5/chensx/MyProject/UAE/data/arrangement_merged/chr_16/170215.2~A23.K_16R.png,0,-0.8504170328026571,,0.0006823539733886,-0.16324826593884278,chromosome
0,0.0007715225219726,170215,170215.2~A33.K_16,16,,normal,170215.2~A33.K_16L.png,170215.2~A33.K_16R.png,train,/data5/chensx/MyProject/UAE/data/arrangement_merged/chr_16/170215.2~A33.K_16L.png,/data5/chensx/MyProject/UAE/data/arrangement_merged/chr_16/170215.2~A33.K_16R.png,0,-0.7333696684244888,,0.0007715225219726,-0.09209819238429397,chromosome
0,0.0007608532905578,170215,170215.2~A4.K_16,16,,normal,170215.2~A4.K_16L.png,170215.2~A4.K_16R.png,train,/data5/chensx/MyProject/UAE/data/arrangement_merged/chr_16/170215.2~A4.K_16L.png,/data5/chensx/MyProject/UAE/data/arrangement_merged/chr_16/170215.2~A4.K_16R.png,0,-0.7473746672371172,,0.0007608532905578,-0.10061146990185285,chromosome
0,0.0007884502410888,170215,170215.3~A32.K_16,16,,normal,170215.3~A32.K_16L.png,170215.3~A32.K_16R.png,train,/data5/chensx/MyProject/UAE/data/arrangement_merged/chr_16/170215.3~A32.K_16L.png,/data5/chensx/MyProject/UAE/data/arrangement_merged/chr_16/170215.3~A32.K_16R.png,0,-0.7111494468446761,,0.0007884502410888,-0.07859109285924366,chromosome
0,0.0008541345596313,170215,170215.3~A33.K_16,16,,normal,170215.3~A33.K_16L.png,170215.3~A33.K_16R.png,train,/data5/chensx/MyProject/UAE/data/arrangement_merged/chr_16/170215.3~A33.K_16L.png,/data5/chensx/MyProject/UAE/data/arrangement_merged/chr_16/170215.3~A33.K_16R.png,0,-0.6249287278976564,,0.0008541345596313,-0.026179741885231398,chromosome
0,0.0005443692207336,170215,170215.3~A38.K_16,16,,normal,170215.3~A38.K_16L.png,170215.3~A38.K_16R.png,train,/data5/chensx/MyProject/UAE/data/arrangement_merged/chr_16/170215.3~A38.K_16L.png,/data5/chensx/MyProject/UAE/data/arrangement_merged/chr_16/170215.3~A38.K_16R.png,0,-1.0315431347648627,,0.0005443692207336,-0.2733501511518887,chromosome
0,0.0008273124694824,170215,170215.3~A41.K_16,16,,normal,170215.3~A41.K_16L.png,170215.3~A41.K_16R.png,train,/data5/chensx/MyProject/UAE/data/arrangement_merged/chr_16/170215.3~A41.K_16L.png,/data5/chensx/MyProject/UAE/data/arrangement_merged/chr_16/170215.3~A41.K_16R.png,0,-0.6601368254713033,,0.0008273124694824,-0.04758183620308604,chromosome
0,0.000852882862091,170215,170215.3~A47.K_16,16,,normal,170215.3~A47.K_16L.png,170215.3~A47.K_16R.png,train,/data5/chensx/MyProject/UAE/data/arrangement_merged/chr_16/170215.3~A47.K_16L.png,/data5/chensx/MyProject/UAE/data/arrangement_merged/chr_16/170215.3~A47.K_16R.png,0,-0.6265717724510932,,0.000852882862091,-0.027178506286745563,chromosome
0,0.0009723901748657,179083,179083.12~A20.K_16,16,,normal,179083.12~A20.K_16L.png,179083.12~A20.K_16R.png,train,/data5/chensx/MyProject/UAE/data/arrangement_merged/chr_16/179083.12~A20.K_16L.png,/data5/chensx/MyProject/UAE/data/arrangement_merged/chr_16/179083.12~A20.K_16R.png,0,-0.3312112789724311,,0.0009723901748657,0.06817971395182075,chromosome
0,0.0011366009712219,179083,179083.12~A37.K_16,16,,normal,179083.12~A37.K_16L.png,179083.12~A37.K_16R.png,train,/data5/chensx/MyProject/UAE/data/arrangement_merged/chr_16/179083.12~A37.K_16L.png,/data5/chensx/MyProject/UAE/data/arrangement_merged/chr_16/179083.12~A37.K_16R.png,0,-0.0842782610641374,,0.0011366009712219,0.19920809138681153,chromosome
0,0.0007292628288269,179083,179083.12~A39.K_16,16,,normal,179083.12~A39.K_16L.png,179083.12~A39.K_16R.png,train,/data5/chensx/MyProject/UAE/data/arrangement_merged/chr_16/179083.12~A39.K_16L.png,/data5/chensx/MyProject/UAE/data/arrangement_merged/chr_16/179083.12~A39.K_16R.png,0,-0.6968155548518975,,0.0007292628288269,-0.12581838098730486,chromosome
0,0.0008099675178527,179083,179083.12~A47.K_16,16,,normal,179083.12~A47.K_16L.png,179083.12~A47.K_16R.png,train,/data5/chensx/MyProject/UAE/data/arrangement_merged/chr_16/179083.12~A47.K_16L.png,/data5/chensx/MyProject/UAE/data/arrangement_merged/chr_16/179083.12~A47.K_16R.png,0,-0.5754553710958795,,0.0008099675178527,-0.06142185719536091,chromosome
0,0.0007045269012451,179083,179083.12~A9.K_16,16,,normal,179083.12~A9.K_16L.png,179083.12~A9.K_16R.png,train,/data5/chensx/MyProject/UAE/data/arrangement_merged/chr_16/179083.12~A9.K_16L.png,/data5/chensx/MyProject/UAE/data/arrangement_merged/chr_16/179083.12~A9.K_16R.png,0,-0.7340123615422576,,0.0007045269012451,-0.14555586796935563,chromosome
0,0.0007706880569458,179083,179083.13~A11.K_16,16,,normal,179083.13~A11.K_16L.png,179083.13~A11.K_16R.png,train,/data5/chensx/MyProject/UAE/data/arrangement_merged/chr_16/179083.13~A11.K_16L.png,/data5/chensx/MyProject/UAE/data/arrangement_merged/chr_16/179083.13~A11.K_16R.png,0,-0.6345221075029813,,0.0007706880569458,-0.09276403531858357,chromosome
0,0.0007981657981872,179083,179083.13~A13.K_16,16,,normal,179083.13~A13.K_16L.png,179083.13~A13.K_16R.png,train,/data5/chensx/MyProject/UAE/data/arrangement_merged/chr_16/179083.13~A13.K_16L.png,/data5/chensx/MyProject/UAE/data/arrangement_merged/chr_16/179083.13~A13.K_16R.png,0,-0.5932022812758585,,0.0007981657981872,-0.07083877869520422,chromosome
0,0.0008354783058166,179083,179083.13~A14.K_16,16,,normal,179083.13~A14.K_16L.png,179083.13~A14.K_16R.png,train,/data5/chensx/MyProject/UAE/data/arrangement_merged/chr_16/179083.13~A14.K_16L.png,/data5/chensx/MyProject/UAE/data/arrangement_merged/chr_16/179083.13~A14.K_16R.png,0,-0.5370933632320866,,0.0008354783058166,-0.04106608748855567,chromosome
0,0.0010727643966674,179083,179083.13~A2.K_16,16,,normal,179083.13~A2.K_16L.png,179083.13~A2.K_16R.png,train,/data5/chensx/MyProject/UAE/data/arrangement_merged/chr_16/179083.13~A2.K_16L.png,/data5/chensx/MyProject/UAE/data/arrangement_merged/chr_16/179083.13~A2.K_16R.png,0,-0.1802729115831148,,0.0010727643966674,0.1482711069102233,chromosome
0,0.0008145570755004,179083,179083.13~A22.K_16,16,,normal,179083.13~A22.K_16L.png,179083.13~A22.K_16R.png,train,/data5/chensx/MyProject/UAE/data/arrangement_merged/chr_16/179083.13~A22.K_16L.png,/data5/chensx/MyProject/UAE/data/arrangement_merged/chr_16/179083.13~A22.K_16R.png,0,-0.5685537949147765,,0.0008145570755004,-0.057759721056528546,chromosome
0,0.0008624792098999,179083,179083.13~A26.K_16,16,,normal,179083.13~A26.K_16L.png,179083.13~A26.K_16R.png,train,/data5/chensx/MyProject/UAE/data/arrangement_merged/chr_16/179083.13~A26.K_16L.png,/data5/chensx/MyProject/UAE/data/arrangement_merged/chr_16/179083.13~A26.K_16R.png,0,-0.4964905838809224,,0.0008624792098999,-0.01952131254185627,chromosome
0,0.0007534027099609,179083,179083.13~A34.K_16,16,,normal,179083.13~A34.K_16L.png,179083.13~A34.K_16R.png,train,/data5/chensx/MyProject/UAE/data/arrangement_merged/chr_16/179083.13~A34.K_16L.png,/data5/chensx/MyProject/UAE/data/arrangement_merged/chr_16/179083.13~A34.K_16R.png,0,-0.6605150567564859,,0.0007534027099609,-0.10655649610124361,chromosome
0,0.0007989406585693,179083,179083.13~A39.K_16,16,,normal,179083.13~A39.K_16L.png,179083.13~A39.K_16R.png,train,/data5/chensx/MyProject/UAE/data/arrangement_merged/chr_16/179083.13~A39.K_16L.png,/data5/chensx/MyProject/UAE/data/arrangement_merged/chr_16/179083.13~A39.K_16R.png,0,-0.5920370801024255,,0.0007989406585693,-0.07022049597044969,chromosome
0,0.0007554292678833,179083,179083.14~A14.K_16,16,,normal,179083.14~A14.K_16L.png,179083.14~A14.K_16R.png,train,/data5/chensx/MyProject/UAE/data/arrangement_merged/chr_16/179083.14~A14.K_16L.png,/data5/chensx/MyProject/UAE/data/arrangement_merged/chr_16/179083.14~A14.K_16R.png,0,-0.6574676075336613,,0.0007554292678833,-0.10493944897497481,chromosome
0,0.0012084245681762,179083,179083.14~A18.K_16,16,,normal,179083.14~A18.K_16L.png,179083.14~A18.K_16R.png,train,/data5/chensx/MyProject/UAE/data/arrangement_merged/chr_16/179083.14~A18.K_16L.png,/data5/chensx/MyProject/UAE/data/arrangement_merged/chr_16/179083.14~A18.K_16R.png,0,0.0237269246271488,,0.0012084245681762,0.2565181439490854,chromosome
0,0.0007761120796203,179083,179083.14~A2.K_16,16,,normal,179083.14~A2.K_16L.png,179083.14~A2.K_16R.png,train,/data5/chensx/MyProject/UAE/data/arrangement_merged/chr_16/179083.14~A2.K_16L.png,/data5/chensx/MyProject/UAE/data/arrangement_merged/chr_16/179083.14~A2.K_16R.png,0,-0.6263656992889506,,0.0007761120796203,-0.08843605624546161,chromosome
0,0.0009405612945556,179083,179083.14~A27.K_16,16,,normal,179083.14~A27.K_16L.png,179083.14~A27.K_16R.png,train,/data5/chensx/MyProject/UAE/data/arrangement_merged/chr_16/179083.14~A27.K_16L.png,/data5/chensx/MyProject/UAE/data/arrangement_merged/chr_16/179083.14~A27.K_16R.png,0,-0.3790741579426775,,0.0009405612945556,0.04278256202790909,chromosome
0,0.0008493661880493,179083,179083.14~A28.K_16,16,,normal,179083.14~A28.K_16L.png,179083.14~A28.K_16R.png,train,/data5/chensx/MyProject/UAE/data/arrangement_merged/chr_16/179083.14~A28.K_16L.png,/data5/chensx/MyProject/UAE/data/arrangement_merged/chr_16/179083.14~A28.K_16R.png,0,-0.516209372969788,,0.0008493661880493,-0.02998455865282866,chromosome
0,0.0006245970726013,179083,179083.14~A39.K_16,16,,normal,179083.14~A39.K_16L.png,179083.14~A39.K_16R.png,train,/data5/chensx/MyProject/UAE/data/arrangement_merged/chr_16/179083.14~A39.K_16L.png,/data5/chensx/MyProject/UAE/data/arrangement_merged/chr_16/179083.14~A39.K_16R.png,0,-0.8542073441248426,,0.0006245970726013,-0.20933410903662472,chromosome
0,0.0010010600090026,179083,179083.14~A44.K_16,16,,normal,179083.14~A44.K_16L.png,179083.14~A44.K_16R.png,train,/data5/chensx/MyProject/UAE/data/arrangement_merged/chr_16/179083.14~A44.K_16L.png,/data5/chensx/MyProject/UAE/data/arrangement_merged/chr_16/179083.14~A44.K_16R.png,0,-0.2880988355554114,,0.0010010600090026,0.09105617476709936,chromosome
0,0.0007681846618652,179083,179083.14~A7.K_16,16,,normal,179083.14~A7.K_16L.png,179083.14~A7.K_16R.png,train,/data5/chensx/MyProject/UAE/data/arrangement_merged/chr_16/179083.14~A7.K_16L.png,/data5/chensx/MyProject/UAE/data/arrangement_merged/chr_16/179083.14~A7.K_16R.png,0,-0.6382866036017647,,0.0007681846618652,-0.09476156412161207,chromosome
0,0.0009539127349853,179083,179083.1~A24.K_16,16,,normal,179083.1~A24.K_16L.png,179083.1~A24.K_16R.png,train,/data5/chensx/MyProject/UAE/data/arrangement_merged/chr_16/179083.1~A24.K_16L.png,/data5/chensx/MyProject/UAE/data/arrangement_merged/chr_16/179083.1~A24.K_16R.png,0,-0.3589968454158326,,0.0009539127349853,0.053436048977261376,chromosome
0,0.0009012818336486,179083,179083.2~A1.K_16,16,,normal,179083.2~A1.K_16L.png,179083.2~A1.K_16R.png,train,/data5/chensx/MyProject/UAE/data/arrangement_merged/chr_16/179083.2~A1.K_16L.png,/data5/chensx/MyProject/UAE/data/arrangement_merged/chr_16/179083.2~A1.K_16R.png,0,-0.4381408943497794,,0.0009012818336486,0.011440383904606668,chromosome
0,0.0006768703460693,179083,179083.2~A12.K_16,16,,normal,179083.2~A12.K_16L.png,179083.2~A12.K_16R.png,train,/data5/chensx/MyProject/UAE/data/arrangement_merged/chr_16/179083.2~A12.K_16L.png,/data5/chensx/MyProject/UAE/data/arrangement_merged/chr_16/179083.2~A12.K_16R.png,0,-0.7756010803478649,,0.0006768703460693,-0.16762380522157966,chromosome
0,0.0007039308547973,179083,179083.2~A14.K_16,16,,normal,179083.2~A14.K_16L.png,179083.2~A14.K_16R.png,train,/data5/chensx/MyProject/UAE/data/arrangement_merged/chr_16/179083.2~A14.K_16L.png,/data5/chensx/MyProject/UAE/data/arrangement_merged/chr_16/179083.2~A14.K_16R.png,0,-0.734908670137206,,0.0007039308547973,-0.1460314700653452,chromosome
0,0.0006080269813537,179083,179083.2~A18.K_16,16,,normal,179083.2~A18.K_16L.png,179083.2~A18.K_16R.png,train,/data5/chensx/MyProject/UAE/data/arrangement_merged/chr_16/179083.2~A18.K_16L.png,/data5/chensx/MyProject/UAE/data/arrangement_merged/chr_16/179083.2~A18.K_16R.png,0,-0.879124723064409,,0.0006080269813537,-0.22255584730414513,chromosome
0,0.0008114576339721,179083,179083.2~A20.K_16,16,,normal,179083.2~A20.K_16L.png,179083.2~A20.K_16R.png,train,/data5/chensx/MyProject/UAE/data/arrangement_merged/chr_16/179083.2~A20.K_16L.png,/data5/chensx/MyProject/UAE/data/arrangement_merged/chr_16/179083.2~A20.K_16R.png,0,-0.5732145996085084,,0.0008114576339721,-0.06023285195546684,chromosome
0,0.0008085370063781,179083,179083.2~A26.K_16,16,,normal,179083.2~A26.K_16L.png,179083.2~A26.K_16R.png,train,/data5/chensx/MyProject/UAE/data/arrangement_merged/chr_16/179083.2~A26.K_16L.png,/data5/chensx/MyProject/UAE/data/arrangement_merged/chr_16/179083.2~A26.K_16R.png,0,-0.5776065117237558,,0.0008085370063781,-0.06256330222564015,chromosome
0,0.0007333755493164,179083,179083.2~A3.K_16,16,,normal,179083.2~A3.K_16L.png,179083.2~A3.K_16R.png,train,/data5/chensx/MyProject/UAE/data/arrangement_merged/chr_16/179083.2~A3.K_16L.png,/data5/chensx/MyProject/UAE/data/arrangement_merged/chr_16/179083.2~A3.K_16R.png,0,-0.6906310255467534,,0.0007333755493164,-0.1225367265252322,chromosome
0,0.0006258487701416,179083,179083.2~A31.K_16,16,,normal,179083.2~A31.K_16L.png,179083.2~A31.K_16R.png,train,/data5/chensx/MyProject/UAE/data/arrangement_merged/chr_16/179083.2~A31.K_16L.png,/data5/chensx/MyProject/UAE/data/arrangement_merged/chr_16/179083.2~A31.K_16R.png,0,-0.8523250960754509,,0.0006258487701416,-0.20833534463511047,chromosome
0,0.0009163618087768,179083,179083.2~A35.K_16,16,,normal,179083.2~A35.K_16L.png,179083.2~A35.K_16R.png,train,/data5/chensx/MyProject/UAE/data/arrangement_merged/chr_16/179083.2~A35.K_16L.png,/data5/chensx/MyProject/UAE/data/arrangement_merged/chr_16/179083.2~A35.K_16R.png,0,-0.4154642868975839,,0.0009163618087768,0.02347311693223293,chromosome
0,0.0006548762321472,179083,179083.2~A38.K_16,16,,normal,179083.2~A38.K_16L.png,179083.2~A38.K_16R.png,train,/data5/chensx/MyProject/UAE/data/arrangement_merged/chr_16/179083.2~A38.K_16L.png,/data5/chensx/MyProject/UAE/data/arrangement_merged/chr_16/179083.2~A38.K_16R.png,0,-0.8086748675014621,,0.0006548762321472,-0.18517352256222214,chromosome
0,0.0007755756378173,179083,179083.3~A1.K_16,16,,normal,179083.3~A1.K_16L.png,179083.3~A1.K_16R.png,train,/data5/chensx/MyProject/UAE/data/arrangement_merged/chr_16/179083.3~A1.K_16L.png,/data5/chensx/MyProject/UAE/data/arrangement_merged/chr_16/179083.3~A1.K_16R.png,0,-0.6271723770244042,,0.0007755756378173,-0.08886409813183624,chromosome
0,0.000597596168518,179083,179083.3~A24.K_16,16,,normal,179083.3~A24.K_16L.png,179083.3~A24.K_16R.png,train,/data5/chensx/MyProject/UAE/data/arrangement_merged/chr_16/179083.3~A24.K_16L.png,/data5/chensx/MyProject/UAE/data/arrangement_merged/chr_16/179083.3~A24.K_16R.png,0,-0.8948101234760066,,0.000597596168518,-0.23087888398332412,chromosome
0,0.0005554556846618,179083,179083.3~A27.K_16,16,,normal,179083.3~A27.K_16L.png,179083.3~A27.K_16R.png,train,/data5/chensx/MyProject/UAE/data/arrangement_merged/chr_16/179083.3~A27.K_16L.png,/data5/chensx/MyProject/UAE/data/arrangement_merged/chr_16/179083.3~A27.K_16R.png,0,-0.958179141138861,,0.0005554556846618,-0.26450395216718503,chromosome
0,0.0010775327682495,179083,179083.4~A34.K_16,16,,normal,179083.4~A34.K_16L.png,179083.4~A34.K_16R.png,train,/data5/chensx/MyProject/UAE/data/arrangement_merged/chr_16/179083.4~A34.K_16L.png,/data5/chensx/MyProject/UAE/data/arrangement_merged/chr_16/179083.4~A34.K_16R.png,0,-0.1731024428235273,,0.0010775327682495,0.15207592367790043,chromosome
0,0.00055992603302,180371,180371.11~A18.K_16,16,,normal,180371.11~A18.K_16L.png,180371.11~A18.K_16R.png,train,/data5/chensx/MyProject/UAE/data/arrangement_merged/chr_16/180371.11~A18.K_16L.png,/data5/chensx/MyProject/UAE/data/arrangement_merged/chr_16/180371.11~A18.K_16R.png,0,-0.9838534658186407,,0.00055992603302,-0.26093693644750265,chromosome
0,0.0008146166801452,180371,180371.11~A42.K_16,16,,normal,180371.11~A42.K_16L.png,180371.11~A42.K_16R.png,train,/data5/chensx/MyProject/UAE/data/arrangement_merged/chr_16/180371.11~A42.K_16L.png,/data5/chensx/MyProject/UAE/data/arrangement_merged/chr_16/180371.11~A42.K_16R.png,0,-0.6185034693846341,,0.0008146166801452,-0.057712160846913635,chromosome
0,0.0005572438240051,180371,180371.11~A50.K_16,16,,normal,180371.11~A50.K_16L.png,180371.11~A50.K_16R.png,train,/data5/chensx/MyProject/UAE/data/arrangement_merged/chr_16/180371.11~A50.K_16L.png,/data5/chensx/MyProject/UAE/data/arrangement_merged/chr_16/180371.11~A50.K_16R.png,0,-0.9877010552966492,,0.0005572438240051,-0.26307714587929615,chromosome
0,0.0007691383361816,180371,180371.13~A44.K_16,16,,normal,180371.13~A44.K_16L.png,180371.13~A44.K_16R.png,train,/data5/chensx/MyProject/UAE/data/arrangement_merged/chr_16/180371.13~A44.K_16L.png,/data5/chensx/MyProject/UAE/data/arrangement_merged/chr_16/180371.13~A44.K_16R.png,0,-0.6837414865339781,,0.0007691383361816,-0.09400060076809263,chromosome
0,0.0007738471031188,180371,180371.14~A1.K_16,16,,normal,180371.14~A1.K_16L.png,180371.14~A1.K_16R.png,train,/data5/chensx/MyProject/UAE/data/arrangement_merged/chr_16/180371.14~A1.K_16L.png,/data5/chensx/MyProject/UAE/data/arrangement_merged/chr_16/180371.14~A1.K_16R.png,0,-0.6769868294503631,,0.0007738471031188,-0.09024334421011021,chromosome
0,0.0007010698318481,180371,180371.1~A15.K_16,16,,normal,180371.1~A15.K_16L.png,180371.1~A15.K_16R.png,train,/data5/chensx/MyProject/UAE/data/arrangement_merged/chr_16/180371.1~A15.K_16L.png,/data5/chensx/MyProject/UAE/data/arrangement_merged/chr_16/180371.1~A15.K_16R.png,0,-0.7813847572869936,,0.0007010698318481,-0.14831436012590357,chromosome
0,0.0008464455604553,180371,180371.1~A25.K_16,16,,normal,180371.1~A25.K_16L.png,180371.1~A25.K_16R.png,train,/data5/chensx/MyProject/UAE/data/arrangement_merged/chr_16/180371.1~A25.K_16L.png,/data5/chensx/MyProject/UAE/data/arrangement_merged/chr_16/180371.1~A25.K_16R.png,0,-0.5728454075789332,,0.0008464455604553,-0.032315008923001966,chromosome
0,0.0007154941558837,180371,180371.1~A33.K_16,16,,normal,180371.1~A33.K_16L.png,180371.1~A33.K_16R.png,train,/data5/chensx/MyProject/UAE/data/arrangement_merged/chr_16/180371.1~A33.K_16L.png,/data5/chensx/MyProject/UAE/data/arrangement_merged/chr_16/180371.1~A33.K_16R.png,0,-0.7606932760941479,,0.0007154941558837,-0.13680478940388172,chromosome
0,0.0008195638656616,180371,180371.1~A35.K_16,16,,normal,180371.1~A35.K_16L.png,180371.1~A35.K_16R.png,train,/data5/chensx/MyProject/UAE/data/arrangement_merged/chr_16/180371.1~A35.K_16L.png,/data5/chensx/MyProject/UAE/data/arrangement_merged/chr_16/180371.1~A35.K_16R.png,0,-0.6114068043474185,,0.0008195638656616,-0.05376466345047162,chromosome
0,0.0011207461357116,180371,180371.2~A15.K_16,16,,normal,180371.2~A15.K_16L.png,180371.2~A15.K_16R.png,train,/data5/chensx/MyProject/UAE/data/arrangement_merged/chr_16/180371.2~A15.K_16L.png,/data5/chensx/MyProject/UAE/data/arrangement_merged/chr_16/180371.2~A15.K_16R.png,0,-0.1793652569612645,,0.0011207461357116,0.18655707563443083,chromosome
0,0.0007506012916564,180371,180371.2~A16.K_16,16,,normal,180371.2~A16.K_16L.png,180371.2~A16.K_16R.png,train,/data5/chensx/MyProject/UAE/data/arrangement_merged/chr_16/180371.2~A16.K_16L.png,/data5/chensx/MyProject/UAE/data/arrangement_merged/chr_16/180371.2~A16.K_16R.png,0,-0.7103326049264368,,0.0007506012916564,-0.10879182595226684,chromosome
0,0.000614047050476,180371,180371.2~A21.K_16,16,,normal,180371.2~A21.K_16L.png,180371.2~A21.K_16R.png,train,/data5/chensx/MyProject/UAE/data/arrangement_merged/chr_16/180371.2~A21.K_16L.png,/data5/chensx/MyProject/UAE/data/arrangement_merged/chr_16/180371.2~A21.K_16R.png,0,-0.9062176603512692,,0.000614047050476,-0.21775226613503362,chromosome
0,0.0006428956985473,180371,180371.2~A41.K_16,16,,normal,180371.2~A41.K_16L.png,180371.2~A41.K_16R.png,train,/data5/chensx/MyProject/UAE/data/arrangement_merged/chr_16/180371.2~A41.K_16L.png,/data5/chensx/MyProject/UAE/data/arrangement_merged/chr_16/180371.2~A41.K_16R.png,0,-0.8648346979655779,,0.0006428956985473,-0.19473312469091017,chromosome
0,0.0007469654083251,180371,180371.2~A49.K_16,16,,normal,180371.2~A49.K_16L.png,180371.2~A49.K_16R.png,train,/data5/chensx/MyProject/UAE/data/arrangement_merged/chr_16/180371.2~A49.K_16L.png,/data5/chensx/MyProject/UAE/data/arrangement_merged/chr_16/180371.2~A49.K_16R.png,0,-0.7155482262188483,,0.0007469654083251,-0.11169299873757978,chromosome
0,0.0009282827377319,180371,180371.3~A2.K_16,16,,normal,180371.3~A2.K_16L.png,180371.3~A2.K_16R.png,train,/data5/chensx/MyProject/UAE/data/arrangement_merged/chr_16/180371.3~A2.K_16L.png,/data5/chensx/MyProject/UAE/data/arrangement_merged/chr_16/180371.3~A2.K_16R.png,0,-0.4554511775054741,,0.0009282827377319,0.03298515885130607,chromosome
0,0.0008248686790466,180371,180371.3~A25.K_16,16,,normal,180371.3~A25.K_16L.png,180371.3~A25.K_16R.png,train,/data5/chensx/MyProject/UAE/data/arrangement_merged/chr_16/180371.3~A25.K_16L.png,/data5/chensx/MyProject/UAE/data/arrangement_merged/chr_16/180371.3~A25.K_16R.png,0,-0.6037971273798016,,0.0008248686790466,-0.049531804796499636,chromosome
0,0.0011351108551025,180371,180371.3~A45.K_16,16,,normal,180371.3~A45.K_16L.png,180371.3~A45.K_16R.png,train,/data5/chensx/MyProject/UAE/data/arrangement_merged/chr_16/180371.3~A45.K_16L.png,/data5/chensx/MyProject/UAE/data/arrangement_merged/chr_16/180371.3~A45.K_16R.png,0,-0.158759277756819,,0.0011351108551025,0.19801908614691746,chromosome
0,0.0006419420242309,180371,180371.3~A9.K_16,16,,normal,180371.3~A9.K_16L.png,180371.3~A9.K_16R.png,train,/data5/chensx/MyProject/UAE/data/arrangement_merged/chr_16/180371.3~A9.K_16L.png,/data5/chensx/MyProject/UAE/data/arrangement_merged/chr_16/180371.3~A9.K_16R.png,0,-0.8662027297799809,,0.0006419420242309,-0.1954940880444296,chromosome
0,0.0010851621627807,180371,180371.4~A19.K_16,16,,normal,180371.4~A19.K_16L.png,180371.4~A19.K_16R.png,train,/data5/chensx/MyProject/UAE/data/arrangement_merged/chr_16/180371.4~A19.K_16L.png,/data5/chensx/MyProject/UAE/data/arrangement_merged/chr_16/180371.4~A19.K_16R.png,0,-0.2304099440361772,,0.0010851621627807,0.15816363050605609,chromosome
0,0.0008208751678466,180371,180371.4~A20.K_16,16,,normal,180371.4~A20.K_16L.png,180371.4~A20.K_16R.png,train,/data5/chensx/MyProject/UAE/data/arrangement_merged/chr_16/180371.4~A20.K_16L.png,/data5/chensx/MyProject/UAE/data/arrangement_merged/chr_16/180371.4~A20.K_16R.png,0,-0.6095257606026142,,0.0008208751678466,-0.052718338839422216,chromosome
0,0.0005747079849243,180371,180371.4~A23.K_16,16,,normal,180371.4~A23.K_16L.png,180371.4~A23.K_16R.png,train,/data5/chensx/MyProject/UAE/data/arrangement_merged/chr_16/180371.4~A23.K_16L.png,/data5/chensx/MyProject/UAE/data/arrangement_merged/chr_16/180371.4~A23.K_16R.png,0,-0.9626489726953938,,0.0005747079849243,-0.2491420044678711,chromosome
0,0.00087171792984,180371,180371.4~A27.K_16,16,,normal,180371.4~A27.K_16L.png,180371.4~A27.K_16R.png,train,/data5/chensx/MyProject/UAE/data/arrangement_merged/chr_16/180371.4~A27.K_16L.png,/data5/chensx/MyProject/UAE/data/arrangement_merged/chr_16/180371.4~A27.K_16R.png,0,-0.5365925644972532,,0.00087171792984,-0.012149480054656391,chromosome
0,0.0007627010345458,180371,180371.4~A35.K_16,16,,normal,180371.4~A35.K_16L.png,180371.4~A35.K_16R.png,train,/data5/chensx/MyProject/UAE/data/arrangement_merged/chr_16/180371.4~A35.K_16L.png,/data5/chensx/MyProject/UAE/data/arrangement_merged/chr_16/180371.4~A35.K_16R.png,0,-0.6929757012811985,,0.0007627010345458,-0.09913710340442881,chromosome
0,0.0006438493728637,180371,180371.4~A39.K_16,16,,normal,180371.4~A39.K_16L.png,180371.4~A39.K_16R.png,train,/data5/chensx/MyProject/UAE/data/arrangement_merged/chr_16/180371.4~A39.K_16L.png,/data5/chensx/MyProject/UAE/data/arrangement_merged/chr_16/180371.4~A39.K_16R.png,0,-0.863466666151175,,0.0006438493728637,-0.19397216133739065,chromosome
0,0.0008237361907958,180371,180371.4~A44.K_16,16,,normal,180371.4~A44.K_16L.png,180371.4~A44.K_16R.png,train,/data5/chensx/MyProject/UAE/data/arrangement_merged/chr_16/180371.4~A44.K_16L.png,/data5/chensx/MyProject/UAE/data/arrangement_merged/chr_16/180371.4~A44.K_16R.png,0,-0.6054216651594052,,0.0008237361907958,-0.05043544877886382,chromosome
0,0.0007898211479187,182418,182418.13~A1.K_16,16,,normal,182418.13~A1.K_16L.png,182418.13~A1.K_16R.png,train,/data5/chensx/MyProject/UAE/data/arrangement_merged/chr_16/182418.13~A1.K_16L.png,/data5/chensx/MyProject/UAE/data/arrangement_merged/chr_16/182418.13~A1.K_16R.png,0,-0.726726022898256,,0.0007898211479187,-0.07749720803849958,chromosome
0,0.0007477402687072,182418,182418.13~A27.K_16,16,,normal,182418.13~A27.K_16L.png,182418.13~A27.K_16R.png,train,/data5/chensx/MyProject/UAE/data/arrangement_merged/chr_16/182418.13~A27.K_16L.png,/data5/chensx/MyProject/UAE/data/arrangement_merged/chr_16/182418.13~A27.K_16R.png,0,-0.7838093928129065,,0.0007477402687072,-0.11107471601282524,chromosome
0,0.0007705092430114,182418,182418.13~A6.K_16,16,,normal,182418.13~A6.K_16L.png,182418.13~A6.K_16R.png,train,/data5/chensx/MyProject/UAE/data/arrangement_merged/chr_16/182418.13~A6.K_16L.png,/data5/chensx/MyProject/UAE/data/arrangement_merged/chr_16/182418.13~A6.K_16R.png,0,-0.7529229235389738,,0.0007705092430114,-0.09290671594742832,chromosome
0,0.0006775856018066,182418,182418.14~A44.K_16,16,,normal,182418.14~A44.K_16L.png,182418.14~A44.K_16R.png,train,/data5/chensx/MyProject/UAE/data/arrangement_merged/chr_16/182418.14~A44.K_16L.png,/data5/chensx/MyProject/UAE/data/arrangement_merged/chr_16/182418.14~A44.K_16R.png,0,-0.8789752942145264,,0.0006775856018066,-0.16705308270644012,chromosome
0,0.0010581612586975,182418,182418.1~A24.K_16,16,,normal,182418.1~A24.K_16L.png,182418.1~A24.K_16R.png,train,/data5/chensx/MyProject/UAE/data/arrangement_merged/chr_16/182418.1~A24.K_16L.png,/data5/chensx/MyProject/UAE/data/arrangement_merged/chr_16/182418.1~A24.K_16R.png,0,-0.3627184714028506,,0.0010581612586975,0.13661885555943654,chromosome
0,0.0008913278579711,182418,182418.2~A16.K_16,16,,normal,182418.2~A16.K_16L.png,182418.2~A16.K_16R.png,train,/data5/chensx/MyProject/UAE/data/arrangement_merged/chr_16/182418.2~A16.K_16L.png,/data5/chensx/MyProject/UAE/data/arrangement_merged/chr_16/182418.2~A16.K_16R.png,0,-0.5890305852712735,,0.0008913278579711,0.0034978289021874035,chromosome
0,0.0008676648139953,182418,182418.2~A2.K_16,16,,normal,182418.2~A2.K_16L.png,182418.2~A2.K_16R.png,train,/data5/chensx/MyProject/UAE/data/arrangement_merged/chr_16/182418.2~A2.K_16L.png,/data5/chensx/MyProject/UAE/data/arrangement_merged/chr_16/182418.2~A2.K_16R.png,0,-0.6211298740193135,,0.0008676648139953,-0.015383574307114121,chromosome
0,0.0007176399230957,182418,182418.2~A3.K_16,16,,normal,182418.2~A3.K_16L.png,182418.2~A3.K_16R.png,train,/data5/chensx/MyProject/UAE/data/arrangement_merged/chr_16/182418.2~A3.K_16L.png,/data5/chensx/MyProject/UAE/data/arrangement_merged/chr_16/182418.2~A3.K_16R.png,0,-0.824640981774519,,0.0007176399230957,-0.13509262185838317,chromosome
0,0.0008389949798583,182418,182418.2~A33.K_16,16,,normal,182418.2~A33.K_16L.png,182418.2~A33.K_16R.png,train,/data5/chensx/MyProject/UAE/data/arrangement_merged/chr_16/182418.2~A33.K_16L.png,/data5/chensx/MyProject/UAE/data/arrangement_merged/chr_16/182418.2~A33.K_16R.png,0,-0.6600209518223544,,0.0008389949798583,-0.03826003512247257,chromosome
0,0.0010245442390441,182418,182418.2~A38.K_16,16,,normal,182418.2~A38.K_16L.png,182418.2~A38.K_16R.png,train,/data5/chensx/MyProject/UAE/data/arrangement_merged/chr_16/182418.2~A38.K_16L.png,/data5/chensx/MyProject/UAE/data/arrangement_merged/chr_16/182418.2~A38.K_16R.png,0,-0.4083204836292852,,0.0010245442390441,0.1097948973476359,chromosome
0,0.0006967782974243,182418,182418.3~A15.K_16,16,,normal,182418.3~A15.K_16L.png,182418.3~A15.K_16R.png,train,/data5/chensx/MyProject/UAE/data/arrangement_merged/chr_16/182418.3~A15.K_16L.png,/data5/chensx/MyProject/UAE/data/arrangement_merged/chr_16/182418.3~A15.K_16R.png,0,-0.8529401028370228,,0.0006967782974243,-0.15173869521674113,chromosome
0,0.0004892945289611,182418,182418.3~A25.K_16,16,,normal,182418.3~A25.K_16L.png,182418.3~A25.K_16R.png,train,/data5/chensx/MyProject/UAE/data/arrangement_merged/chr_16/182418.3~A25.K_16L.png,/data5/chensx/MyProject/UAE/data/arrangement_merged/chr_16/182418.3~A25.K_16R.png,0,-1.1343950754615244,,0.0004892945289611,-0.317295784817957,chromosome
0,0.0006505846977233,182418,182418.3~A49.K_16,16,,normal,182418.3~A49.K_16L.png,182418.3~A49.K_16R.png,train,/data5/chensx/MyProject/UAE/data/arrangement_merged/chr_16/182418.3~A49.K_16L.png,/data5/chensx/MyProject/UAE/data/arrangement_merged/chr_16/182418.3~A49.K_16R.png,0,-0.9156024423325668,,0.0006505846977233,-0.18859785765313952,chromosome
0,0.0006091594696044,182418,182418.4~A15.K_16,16,,normal,182418.4~A15.K_16L.png,182418.4~A15.K_16R.png,train,/data5/chensx/MyProject/UAE/data/arrangement_merged/chr_16/182418.4~A15.K_16L.png,/data5/chensx/MyProject/UAE/data/arrangement_merged/chr_16/182418.4~A15.K_16R.png,0,-0.9717964112995386,,0.0006091594696044,-0.22165220332186072,chromosome
0,0.0007779002189636,182418,182418.4~A6.K_16,16,,normal,182418.4~A6.K_16L.png,182418.4~A6.K_16R.png,train,/data5/chensx/MyProject/UAE/data/arrangement_merged/chr_16/182418.4~A6.K_16L.png,/data5/chensx/MyProject/UAE/data/arrangement_merged/chr_16/182418.4~A6.K_16R.png,0,-0.7428969492196869,,0.0007779002189636,-0.08700924995757271,chromosome
0,0.0008395314216613,182418,182418.5~A16.K_16,16,,normal,182418.5~A16.K_16L.png,182418.5~A16.K_16R.png,train,/data5/chensx/MyProject/UAE/data/arrangement_merged/chr_16/182418.5~A16.K_16L.png,/data5/chensx/MyProject/UAE/data/arrangement_merged/chr_16/182418.5~A16.K_16R.png,0,-0.65929326013789,,0.0008395314216613,-0.03783199323609794,chromosome
0,0.0009567737579345,182418,182418.5~A17.K_16,16,,normal,182418.5~A17.K_16L.png,182418.5~A17.K_16R.png,train,/data5/chensx/MyProject/UAE/data/arrangement_merged/chr_16/182418.5~A17.K_16L.png,/data5/chensx/MyProject/UAE/data/arrangement_merged/chr_16/182418.5~A17.K_16R.png,0,-0.5002521997666189,,0.0009567737579345,0.05571893903781977,chromosome
0,0.0008243322372436,182418,182418.5~A3.K_16,16,,normal,182418.5~A3.K_16L.png,182418.5~A3.K_16R.png,train,/data5/chensx/MyProject/UAE/data/arrangement_merged/chr_16/182418.5~A3.K_16L.png,/data5/chensx/MyProject/UAE/data/arrangement_merged/chr_16/182418.5~A3.K_16R.png,0,-0.6799111911977141,,0.0008243322372436,-0.04995984668287427,chromosome
0,0.0008831024169921,182418,182418.5~A30.K_16,16,,normal,182418.5~A30.K_16L.png,182418.5~A30.K_16R.png,train,/data5/chensx/MyProject/UAE/data/arrangement_merged/chr_16/182418.5~A30.K_16L.png,/data5/chensx/MyProject/UAE/data/arrangement_merged/chr_16/182418.5~A30.K_16R.png,0,-0.6001885244330607,,0.0008831024169921,-0.003065480021957889,chromosome
0,0.0009073615074157,182418,182418.5~A5.K_16,16,,normal,182418.5~A5.K_16L.png,182418.5~A5.K_16R.png,train,/data5/chensx/MyProject/UAE/data/arrangement_merged/chr_16/182418.5~A5.K_16L.png,/data5/chensx/MyProject/UAE/data/arrangement_merged/chr_16/182418.5~A5.K_16R.png,0,-0.5672806893689493,,0.0009073615074157,0.016291525283333188,chromosome
0,0.0009719729423522,182747,182747.11~A42.K_16,16,,normal,182747.11~A42.K_16L.png,182747.11~A42.K_16R.png,train,/data5/chensx/MyProject/UAE/data/arrangement_merged/chr_16/182747.11~A42.K_16L.png,/data5/chensx/MyProject/UAE/data/arrangement_merged/chr_16/182747.11~A42.K_16R.png,0,-0.4488545412498174,,0.0009719729423522,0.06784679248459619,chromosome
0,0.001125156879425,182747,182747.12~A10.K_16,16,,normal,182747.12~A10.K_16L.png,182747.12~A10.K_16R.png,train,/data5/chensx/MyProject/UAE/data/arrangement_merged/chr_16/182747.12~A10.K_16L.png,/data5/chensx/MyProject/UAE/data/arrangement_merged/chr_16/182747.12~A10.K_16R.png,0,-0.2444145705403859,,0.001125156879425,0.1900765311444982,chromosome
0,0.000650405883789,182747,182747.12~A14.K_16,16,,normal,182747.12~A14.K_16L.png,182747.12~A14.K_16R.png,train,/data5/chensx/MyProject/UAE/data/arrangement_merged/chr_16/182747.12~A14.K_16L.png,/data5/chensx/MyProject/UAE/data/arrangement_merged/chr_16/182747.12~A14.K_16R.png,0,-0.878019382486153,,0.000650405883789,-0.18874053828190443,chromosome
0,0.0008982419967651,182747,182747.12~A18.K_16,16,,normal,182747.12~A18.K_16L.png,182747.12~A18.K_16R.png,train,/data5/chensx/MyProject/UAE/data/arrangement_merged/chr_16/182747.12~A18.K_16L.png,/data5/chensx/MyProject/UAE/data/arrangement_merged/chr_16/182747.12~A18.K_16R.png,0,-0.5472561925212441,,0.0008982419967651,0.00901481321528329,chromosome
0,0.0007867813110351,182747,182747.12~A26.K_16,16,,normal,182747.12~A26.K_16L.png,182747.12~A26.K_16R.png,train,/data5/chensx/MyProject/UAE/data/arrangement_merged/chr_16/182747.12~A26.K_16L.png,/data5/chensx/MyProject/UAE/data/arrangement_merged/chr_16/182747.12~A26.K_16R.png,0,-0.6960121245160443,,0.0007867813110351,-0.07992277872790272,chromosome
0,0.0011512637138366,182747,182747.12~A28.K_16,16,,normal,182747.12~A28.K_16L.png,182747.12~A28.K_16R.png,train,/data5/chensx/MyProject/UAE/data/arrangement_merged/chr_16/182747.12~A28.K_16L.png,/data5/chensx/MyProject/UAE/data/arrangement_merged/chr_16/182747.12~A28.K_16R.png,0,-0.2095722720303739,,0.0011512637138366,0.21090790294721332,chromosome
0,0.000730276107788,182747,182747.12~A4.K_16,16,,normal,182747.12~A4.K_16L.png,182747.12~A4.K_16R.png,train,/data5/chensx/MyProject/UAE/data/arrangement_merged/chr_16/182747.12~A4.K_16L.png,/data5/chensx/MyProject/UAE/data/arrangement_merged/chr_16/182747.12~A4.K_16R.png,0,-0.771424222661002,,0.000730276107788,-0.12500985742425025,chromosome
0,0.0005956888198852,182747,182747.13~A33.K_16,16,,normal,182747.13~A33.K_16L.png,182747.13~A33.K_16R.png,train,/data5/chensx/MyProject/UAE/data/arrangement_merged/chr_16/182747.13~A33.K_16L.png,/data5/chensx/MyProject/UAE/data/arrangement_merged/chr_16/182747.13~A33.K_16R.png,0,-0.9510450218290548,,0.0005956888198852,-0.23240081069036309,chromosome
0,0.0010234117507934,182747,182747.13~A45.K_16,16,,normal,182747.13~A45.K_16L.png,182747.13~A45.K_16R.png,train,/data5/chensx/MyProject/UAE/data/arrangement_merged/chr_16/182747.13~A45.K_16L.png,/data5/chensx/MyProject/UAE/data/arrangement_merged/chr_16/182747.13~A45.K_16R.png,0,-0.3802040763773507,,0.0010234117507934,0.10889125336535156,chromosome
0,0.0007390975952148,182747,182747.13~A5.K_16,16,,normal,182747.13~A5.K_16L.png,182747.13~A5.K_16R.png,train,/data5/chensx/MyProject/UAE/data/arrangement_merged/chr_16/182747.13~A5.K_16L.png,/data5/chensx/MyProject/UAE/data/arrangement_merged/chr_16/182747.13~A5.K_16R.png,0,-0.7596510259041942,,0.0007390975952148,-0.11797094640411541,chromosome
0,0.0006828904151916,182747,182747.1~A15.K_16,16,,normal,182747.1~A15.K_16L.png,182747.1~A15.K_16R.png,train,/data5/chensx/MyProject/UAE/data/arrangement_merged/chr_16/182747.1~A15.K_16L.png,/data5/chensx/MyProject/UAE/data/arrangement_merged/chr_16/182747.1~A15.K_16R.png,0,-0.8346653809154759,,0.0006828904151916,-0.16282022405246813,chromosome
0,0.0005552768707275,182747,182747.1~A42.K_16,16,,normal,182747.1~A42.K_16L.png,182747.1~A42.K_16R.png,train,/data5/chensx/MyProject/UAE/data/arrangement_merged/chr_16/182747.1~A42.K_16L.png,/data5/chensx/MyProject/UAE/data/arrangement_merged/chr_16/182747.1~A42.K_16R.png,0,-1.004978990755512,,0.0005552768707275,-0.2646466327959499,chromosome
0,0.0008918642997741,182747,182747.2~A13.K_16,16,,normal,182747.2~A13.K_16L.png,182747.2~A13.K_16R.png,train,/data5/chensx/MyProject/UAE/data/arrangement_merged/chr_16/182747.2~A13.K_16L.png,/data5/chensx/MyProject/UAE/data/arrangement_merged/chr_16/182747.2~A13.K_16R.png,0,-0.5557678955819091,,0.0008918642997741,0.003925870788562037,chromosome
0,0.0006335973739624,182747,182747.3~A20.K_16,16,,normal,182747.3~A20.K_16L.png,182747.3~A20.K_16R.png,train,/data5/chensx/MyProject/UAE/data/arrangement_merged/chr_16/182747.3~A20.K_16L.png,/data5/chensx/MyProject/UAE/data/arrangement_merged/chr_16/182747.3~A20.K_16R.png,0,-0.9004520952254758,,0.0006335973739624,-0.20215251738772497,chromosome
0,0.0007585287094116,182747,182747.3~A24.K_16,16,,normal,182747.3~A24.K_16L.png,182747.3~A24.K_16R.png,train,/data5/chensx/MyProject/UAE/data/arrangement_merged/chr_16/182747.3~A24.K_16L.png,/data5/chensx/MyProject/UAE/data/arrangement_merged/chr_16/182747.3~A24.K_16R.png,0,-0.7337181735885232,,0.0007585287094116,-0.10246631807603661,chromosome
0,0.001028299331665,182747,182747.3~A35.K_16,16,,normal,182747.3~A35.K_16L.png,182747.3~A35.K_16R.png,train,/data5/chensx/MyProject/UAE/data/arrangement_merged/chr_16/182747.3~A35.K_16L.png,/data5/chensx/MyProject/UAE/data/arrangement_merged/chr_16/182747.3~A35.K_16R.png,0,-0.3736810889850653,,0.001028299331665,0.11279119055217875,chromosome
0,0.0010368227958679,182747,182747.4~A1.K_16,16,,normal,182747.4~A1.K_16L.png,182747.4~A1.K_16R.png,train,/data5/chensx/MyProject/UAE/data/arrangement_merged/chr_16/182747.4~A1.K_16L.png,/data5/chensx/MyProject/UAE/data/arrangement_merged/chr_16/182747.4~A1.K_16R.png,0,-0.3623056353619335,,0.0010368227958679,0.11959230052431877,chromosome
0,0.0006073713302612,182747,182747.4~A32.K_16,16,,normal,182747.4~A32.K_16L.png,182747.4~A32.K_16R.png,train,/data5/chensx/MyProject/UAE/data/arrangement_merged/chr_16/182747.4~A32.K_16L.png,/data5/chensx/MyProject/UAE/data/arrangement_merged/chr_16/182747.4~A32.K_16R.png,0,-0.9354534909889582,,0.0006073713302612,-0.22307900960966984,chromosome
0,0.0009322762489318,182747,182747.4~A33.K_16,16,,normal,182747.4~A33.K_16L.png,182747.4~A33.K_16R.png,train,/data5/chensx/MyProject/UAE/data/arrangement_merged/chr_16/182747.4~A33.K_16L.png,/data5/chensx/MyProject/UAE/data/arrangement_merged/chr_16/182747.4~A33.K_16R.png,0,-0.5018339266554521,,0.0009322762489318,0.03617169289414888,chromosome
0,0.0007153749465942,182747,182747.4~A35.K_16,16,,normal,182747.4~A35.K_16L.png,182747.4~A35.K_16R.png,train,/data5/chensx/MyProject/UAE/data/arrangement_merged/chr_16/182747.4~A35.K_16L.png,/data5/chensx/MyProject/UAE/data/arrangement_merged/chr_16/182747.4~A35.K_16R.png,0,-0.7913113793447988,,0.0007153749465942,-0.13689990982303177,chromosome
0,0.0010977983474731,182747,182747.4~A41.K_16,16,,normal,182747.4~A41.K_16L.png,182747.4~A41.K_16R.png,train,/data5/chensx/MyProject/UAE/data/arrangement_merged/chr_16/182747.4~A41.K_16L.png,/data5/chensx/MyProject/UAE/data/arrangement_merged/chr_16/182747.4~A41.K_16R.png,0,-0.2809273902118369,,0.0010977983474731,0.1682463949402689,chromosome
0,0.000568151473999,182747,182747.4~A43.K_16,16,,normal,182747.4~A43.K_16L.png,182747.4~A43.K_16R.png,train,/data5/chensx/MyProject/UAE/data/arrangement_merged/chr_16/182747.4~A43.K_16L.png,/data5/chensx/MyProject/UAE/data/arrangement_merged/chr_16/182747.4~A43.K_16R.png,0,-0.9877964873807116,,0.000568151473999,-0.25437362752335735,chromosome
0,0.0008130669593811,182747,182747.4~A9.K_16,16,,normal,182747.4~A9.K_16L.png,182747.4~A9.K_16R.png,train,/data5/chensx/MyProject/UAE/data/arrangement_merged/chr_16/182747.4~A9.K_16L.png,/data5/chensx/MyProject/UAE/data/arrangement_merged/chr_16/182747.4~A9.K_16R.png,0,-0.6609311801258267,,0.0008130669593811,-0.05894872629634285,chromosome
0,0.0007423758506774,183038,183038.11~A13.K_16,16,,normal,183038.11~A13.K_16L.png,183038.11~A13.K_16R.png,train,/data5/chensx/MyProject/UAE/data/arrangement_merged/chr_16/183038.11~A13.K_16L.png,/data5/chensx/MyProject/UAE/data/arrangement_merged/chr_16/183038.11~A13.K_16R.png,0,-0.7556522288832496,,0.0007423758506774,-0.11535513487641214,chromosome
0,0.0010069608688354,183038,183038.11~A39.K_16,16,,normal,183038.11~A39.K_16L.png,183038.11~A39.K_16R.png,train,/data5/chensx/MyProject/UAE/data/arrangement_merged/chr_16/183038.11~A39.K_16L.png,/data5/chensx/MyProject/UAE/data/arrangement_merged/chr_16/183038.11~A39.K_16R.png,0,-0.414356344240236,,0.0010069608688354,0.09576463551706098,chromosome
0,0.0009374022483825,183038,183038.12~A11.K_16,16,,normal,183038.12~A11.K_16L.png,183038.12~A11.K_16R.png,train,/data5/chensx/MyProject/UAE/data/arrangement_merged/chr_16/183038.12~A11.K_16L.png,/data5/chensx/MyProject/UAE/data/arrangement_merged/chr_16/183038.12~A11.K_16R.png,0,-0.5040820251094401,,0.0009374022483825,0.040261870919355874,chromosome
0,0.0006329417228698,183038,183038.12~A45.K_16,16,,normal,183038.12~A45.K_16L.png,183038.12~A45.K_16R.png,train,/data5/chensx/MyProject/UAE/data/arrangement_merged/chr_16/183038.12~A45.K_16L.png,/data5/chensx/MyProject/UAE/data/arrangement_merged/chr_16/183038.12~A45.K_16R.png,0,-0.8968144825900692,,0.0006329417228698,-0.20267567969332945,chromosome
0,0.0007081627845764,183038,183038.13~A11.K_16,16,,normal,183038.13~A11.K_16L.png,183038.13~A11.K_16R.png,train,/data5/chensx/MyProject/UAE/data/arrangement_merged/chr_16/183038.13~A11.K_16L.png,/data5/chensx/MyProject/UAE/data/arrangement_merged/chr_16/183038.13~A11.K_16R.png,0,-0.7997846546064056,,0.0007081627845764,-0.14265469518404272,chromosome
0,0.0007975101470947,183038,183038.13~A29.K_16,16,,normal,183038.13~A29.K_16L.png,183038.13~A29.K_16R.png,train,/data5/chensx/MyProject/UAE/data/arrangement_merged/chr_16/183038.13~A29.K_16L.png,/data5/chensx/MyProject/UAE/data/arrangement_merged/chr_16/183038.13~A29.K_16R.png,0,-0.6845329017161427,,0.0007975101470947,-0.07136194100072892,chromosome
0,0.0007039904594421,183038,183038.13~A39.K_16,16,,normal,183038.13~A39.K_16L.png,183038.13~A39.K_16R.png,train,/data5/chensx/MyProject/UAE/data/arrangement_merged/chr_16/183038.13~A39.K_16L.png,/data5/chensx/MyProject/UAE/data/arrangement_merged/chr_16/183038.13~A39.K_16R.png,0,-0.8051666577433758,,0.0007039904594421,-0.1459839098557303,chromosome
0,0.0006442070007324,183038,183038.13~A47.K_16,16,,normal,183038.13~A47.K_16L.png,183038.13~A47.K_16R.png,train,/data5/chensx/MyProject/UAE/data/arrangement_merged/chr_16/183038.13~A47.K_16L.png,/data5/chensx/MyProject/UAE/data/arrangement_merged/chr_16/183038.13~A47.K_16R.png,0,-0.8822830741202496,,0.0006442070007324,-0.193686800079781,chromosome
0,0.0008591413497924,183038,183038.14~A2.K_16,16,,normal,183038.14~A2.K_16L.png,183038.14~A2.K_16R.png,train,/data5/chensx/MyProject/UAE/data/arrangement_merged/chr_16/183038.14~A2.K_16L.png,/data5/chensx/MyProject/UAE/data/arrangement_merged/chr_16/183038.14~A2.K_16R.png,0,-0.6050330268071821,,0.0008591413497924,-0.022184684279254147,chromosome
0,0.0005970001220703,183038,183038.14~A3.K_16,16,,normal,183038.14~A3.K_16L.png,183038.14~A3.K_16R.png,train,/data5/chensx/MyProject/UAE/data/arrangement_merged/chr_16/183038.14~A3.K_16L.png,/data5/chensx/MyProject/UAE/data/arrangement_merged/chr_16/183038.14~A3.K_16R.png,0,-0.9431765953271132,,0.0005970001220703,-0.2313544860792339,chromosome
0,0.0009081363677978,183038,183038.14~A30.K_16,16,,normal,183038.14~A30.K_16L.png,183038.14~A30.K_16R.png,train,/data5/chensx/MyProject/UAE/data/arrangement_merged/chr_16/183038.14~A30.K_16L.png,/data5/chensx/MyProject/UAE/data/arrangement_merged/chr_16/183038.14~A30.K_16R.png,0,-0.5418329328273314,,0.0009081363677978,0.016909808008087637,chromosome
0,0.000842809677124,183038,183038.14~A34.K_16,16,,normal,183038.14~A34.K_16L.png,183038.14~A34.K_16R.png,train,/data5/chensx/MyProject/UAE/data/arrangement_merged/chr_16/183038.14~A34.K_16L.png,/data5/chensx/MyProject/UAE/data/arrangement_merged/chr_16/183038.14~A34.K_16R.png,0,-0.6260997248004656,,0.000842809677124,-0.0352161817083149,chromosome
0,0.000751256942749,183038,183038.14~A48.K_16,16,,normal,183038.14~A48.K_16L.png,183038.14~A48.K_16R.png,train,/data5/chensx/MyProject/UAE/data/arrangement_merged/chr_16/183038.14~A48.K_16L.png,/data5/chensx/MyProject/UAE/data/arrangement_merged/chr_16/183038.14~A48.K_16R.png,0,-0.7441962507774128,,0.000751256942749,-0.10826866364666238,chromosome
0,0.0010930299758911,183038,183038.14~A9.K_16,16,,normal,183038.14~A9.K_16L.png,183038.14~A9.K_16R.png,train,/data5/chensx/MyProject/UAE/data/arrangement_merged/chr_16/183038.14~A9.K_16L.png,/data5/chensx/MyProject/UAE/data/arrangement_merged/chr_16/183038.14~A9.K_16R.png,0,-0.3033333081004497,,0.0010930299758911,0.16444157817267158,chromosome
0,0.000837504863739,183038,183038.1~A28.K_16,16,,normal,183038.1~A28.K_16L.png,183038.1~A28.K_16R.png,train,/data5/chensx/MyProject/UAE/data/arrangement_merged/chr_16/183038.1~A28.K_16L.png,/data5/chensx/MyProject/UAE/data/arrangement_merged/chr_16/183038.1~A28.K_16R.png,0,-0.6329425573603278,,0.000837504863739,-0.03944904036228688,chromosome
0,0.0007150769233703,183038,183038.2~A12.K_16,16,,normal,183038.2~A12.K_16L.png,183038.2~A12.K_16R.png,train,/data5/chensx/MyProject/UAE/data/arrangement_merged/chr_16/183038.2~A12.K_16L.png,/data5/chensx/MyProject/UAE/data/arrangement_merged/chr_16/183038.2~A12.K_16R.png,0,-0.7908659065508549,,0.0007150769233703,-0.13713771087102658,chromosome
0,0.0007600784301757,183038,183038.2~A13.K_16,16,,normal,183038.2~A13.K_16L.png,183038.2~A13.K_16R.png,train,/data5/chensx/MyProject/UAE/data/arrangement_merged/chr_16/183038.2~A13.K_16L.png,/data5/chensx/MyProject/UAE/data/arrangement_merged/chr_16/183038.2~A13.K_16R.png,0,-0.7328171584306757,,0.0007600784301757,-0.1012297526266073,chromosome
0,0.0009953379631042,183038,183038.2~A15.K_16,16,,normal,183038.2~A15.K_16L.png,183038.2~A15.K_16R.png,train,/data5/chensx/MyProject/UAE/data/arrangement_merged/chr_16/183038.2~A15.K_16L.png,/data5/chensx/MyProject/UAE/data/arrangement_merged/chr_16/183038.2~A15.K_16R.png,0,-0.4293490672646531,,0.0009953379631042,0.08649039464598257,chromosome
0,0.0008598566055297,183038,183038.2~A21.K_16,16,,normal,183038.2~A21.K_16L.png,183038.2~A21.K_16R.png,train,/data5/chensx/MyProject/UAE/data/arrangement_merged/chr_16/183038.2~A21.K_16L.png,/data5/chensx/MyProject/UAE/data/arrangement_merged/chr_16/183038.2~A21.K_16R.png,0,-0.6041103976979871,,0.0008598566055297,-0.021613961764114526,chromosome
0,0.0008283853530883,183038,183038.2~A43.K_16,16,,normal,183038.2~A43.K_16L.png,183038.2~A43.K_16R.png,train,/data5/chensx/MyProject/UAE/data/arrangement_merged/chr_16/183038.2~A43.K_16L.png,/data5/chensx/MyProject/UAE/data/arrangement_merged/chr_16/183038.2~A43.K_16R.png,0,-0.6447060785025628,,0.0008283853530883,-0.04672575243041654,chromosome
0,0.0007342100143432,183038,183038.2~A46.K_16,16,,normal,183038.2~A46.K_16L.png,183038.2~A46.K_16R.png,train,/data5/chensx/MyProject/UAE/data/arrangement_merged/chr_16/183038.2~A46.K_16L.png,/data5/chensx/MyProject/UAE/data/arrangement_merged/chr_16/183038.2~A46.K_16R.png,0,-0.7661855778798913,,0.0007342100143432,-0.12187088359094252,chromosome
0,0.0007448196411132,183038,183038.2~A47.K_16,16,,normal,183038.2~A47.K_16L.png,183038.2~A47.K_16R.png,train,/data5/chensx/MyProject/UAE/data/arrangement_merged/chr_16/183038.2~A47.K_16L.png,/data5/chensx/MyProject/UAE/data/arrangement_merged/chr_16/183038.2~A47.K_16R.png,0,-0.7524999127601669,,0.0007448196411132,-0.11340516628299854,chromosome
0,0.0005686283111572,183038,183038.3~A12.K_16,16,,normal,183038.3~A12.K_16L.png,183038.3~A12.K_16R.png,train,/data5/chensx/MyProject/UAE/data/arrangement_merged/chr_16/183038.3~A12.K_16L.png,/data5/chensx/MyProject/UAE/data/arrangement_merged/chr_16/183038.3~A12.K_16R.png,0,-0.9797742166585108,,0.0005686283111572,-0.2539931458465976,chromosome
0,0.0007745027542114,183038,183038.3~A19.K_16,16,,normal,183038.3~A19.K_16L.png,183038.3~A19.K_16R.png,train,/data5/chensx/MyProject/UAE/data/arrangement_merged/chr_16/183038.3~A19.K_16L.png,/data5/chensx/MyProject/UAE/data/arrangement_merged/chr_16/183038.3~A19.K_16R.png,0,-0.7142108047285786,,0.0007745027542114,-0.08972018190450574,chromosome
0,0.0007659196853637,183038,183038.3~A30.K_16,16,,normal,183038.3~A30.K_16L.png,183038.3~A30.K_16R.png,train,/data5/chensx/MyProject/UAE/data/arrangement_merged/chr_16/183038.3~A30.K_16L.png,/data5/chensx/MyProject/UAE/data/arrangement_merged/chr_16/183038.3~A30.K_16R.png,0,-0.7252823540389174,,0.0007659196853637,-0.09656885208626068,chromosome
0,0.0008776187896728,183038,183038.3~A36.K_16,16,,normal,183038.3~A36.K_16L.png,183038.3~A36.K_16R.png,train,/data5/chensx/MyProject/UAE/data/arrangement_merged/chr_16/183038.3~A36.K_16L.png,/data5/chensx/MyProject/UAE/data/arrangement_merged/chr_16/183038.3~A36.K_16R.png,0,-0.5811984414863138,,0.0008776187896728,-0.007441019304694858,chromosome
0,0.0012896060943603,183038,183038.4~A15.K_16,16,,normal,183038.4~A15.K_16L.png,183038.4~A15.K_16R.png,train,/data5/chensx/MyProject/UAE/data/arrangement_merged/chr_16/183038.4~A15.K_16L.png,/data5/chensx/MyProject/UAE/data/arrangement_merged/chr_16/183038.4~A15.K_16R.png,0,-0.0497640745900512,,0.0012896060943603,0.3212951494178688,chromosome
0,0.0009832382202148,183038,183038.4~A24.K_16,16,,normal,183038.4~A24.K_16L.png,183038.4~A24.K_16R.png,train,/data5/chensx/MyProject/UAE/data/arrangement_merged/chr_16/183038.4~A24.K_16L.png,/data5/chensx/MyProject/UAE/data/arrangement_merged/chr_16/183038.4~A24.K_16R.png,0,-0.4449568763618668,,0.0009832382202148,0.07683567209814453,chromosome
0,0.0008144378662109,183038,183038.4~A36.K_16,16,,normal,183038.4~A36.K_16L.png,183038.4~A36.K_16R.png,train,/data5/chensx/MyProject/UAE/data/arrangement_merged/chr_16/183038.4~A36.K_16L.png,/data5/chensx/MyProject/UAE/data/arrangement_merged/chr_16/183038.4~A36.K_16R.png,0,-0.6626973461318634,,0.0008144378662109,-0.05785484147567862,chromosome
0,0.0006523132324218,183038,183038.4~A39.K_16,16,,normal,183038.4~A39.K_16L.png,183038.4~A39.K_16R.png,train,/data5/chensx/MyProject/UAE/data/arrangement_merged/chr_16/183038.4~A39.K_16L.png,/data5/chensx/MyProject/UAE/data/arrangement_merged/chr_16/183038.4~A39.K_16R.png,0,-0.8718266108827074,,0.0006523132324218,-0.18721861157486555,chromosome
0,0.0008280277252197,183079,183079.11~A27.K_16,16,,normal,183079.11~A27.K_16L.png,183079.11~A27.K_16R.png,train,/data5/chensx/MyProject/UAE/data/arrangement_merged/chr_16/183079.11~A27.K_16L.png,/data5/chensx/MyProject/UAE/data/arrangement_merged/chr_16/183079.11~A27.K_16R.png,0,-0.6208771960068143,,0.0008280277252197,-0.04701111368794643,chromosome
0,0.0010895729064941,183079,183079.12~A27.K_16,16,,normal,183079.12~A27.K_16L.png,183079.12~A27.K_16R.png,train,/data5/chensx/MyProject/UAE/data/arrangement_merged/chr_16/183079.12~A27.K_16L.png,/data5/chensx/MyProject/UAE/data/arrangement_merged/chr_16/183079.12~A27.K_16R.png,0,-0.2672023214784444,,0.0010895729064941,0.16168308601612363,chromosome
0,0.0006558299064636,183079,183079.12~A37.K_16,16,,normal,183079.12~A37.K_16L.png,183079.12~A37.K_16R.png,train,/data5/chensx/MyProject/UAE/data/arrangement_merged/chr_16/183079.12~A37.K_16L.png,/data5/chensx/MyProject/UAE/data/arrangement_merged/chr_16/183079.12~A37.K_16R.png,0,-0.8537319618483049,,0.0006558299064636,-0.1844125592087027,chromosome
0,0.0009110569953918,183079,183079.12~A44.K_16,16,,normal,183079.12~A44.K_16L.png,183079.12~A44.K_16R.png,train,/data5/chensx/MyProject/UAE/data/arrangement_merged/chr_16/183079.12~A44.K_16L.png,/data5/chensx/MyProject/UAE/data/arrangement_merged/chr_16/183079.12~A44.K_16R.png,0,-0.5086007374338838,,0.0009110569953918,0.019240258278260945,chromosome
0,0.000636339187622,183079,183079.13~A12.K_16,16,,normal,183079.13~A12.K_16L.png,183079.13~A12.K_16R.png,train,/data5/chensx/MyProject/UAE/data/arrangement_merged/chr_16/183079.13~A12.K_16L.png,/data5/chensx/MyProject/UAE/data/arrangement_merged/chr_16/183079.13~A12.K_16R.png,0,-0.8800883164451091,,0.000636339187622,-0.19996474774639642,chromosome
0,0.0007961988449096,183079,183079.13~A19.K_16,16,,normal,183079.13~A19.K_16L.png,183079.13~A19.K_16R.png,train,/data5/chensx/MyProject/UAE/data/arrangement_merged/chr_16/183079.13~A19.K_16L.png,/data5/chensx/MyProject/UAE/data/arrangement_merged/chr_16/183079.13~A19.K_16R.png,0,-0.6639178484676506,,0.0007961988449096,-0.07240826561185809,chromosome
0,0.0006213784217834,183079,183079.13~A27.K_16,16,,normal,183079.13~A27.K_16L.png,183079.13~A27.K_16R.png,train,/data5/chensx/MyProject/UAE/data/arrangement_merged/chr_16/183079.13~A27.K_16L.png,/data5/chensx/MyProject/UAE/data/arrangement_merged/chr_16/183079.13~A27.K_16R.png,0,-0.9003190351111576,,0.0006213784217834,-0.21190236035479285,chromosome
0,0.0009381175041198,183079,183079.13~A6.K_16,16,,normal,183079.13~A6.K_16L.png,183079.13~A6.K_16R.png,train,/data5/chensx/MyProject/UAE/data/arrangement_merged/chr_16/183079.13~A6.K_16L.png,/data5/chensx/MyProject/UAE/data/arrangement_merged/chr_16/183079.13~A6.K_16R.png,0,-0.4720081227948957,,0.0009381175041198,0.040832593434495495,chromosome
0,0.0007380247116088,183079,183079.13~A9.K_16,16,,normal,183079.13~A9.K_16L.png,183079.13~A9.K_16R.png,train,/data5/chensx/MyProject/UAE/data/arrangement_merged/chr_16/183079.13~A9.K_16L.png,/data5/chensx/MyProject/UAE/data/arrangement_merged/chr_16/183079.13~A9.K_16R.png,0,-0.7425839098941978,,0.0007380247116088,-0.11882703017686469,chromosome
0,0.0007277727127075,183079,183079.14~A11.K_16,16,,normal,183079.14~A11.K_16L.png,183079.14~A11.K_16R.png,train,/data5/chensx/MyProject/UAE/data/arrangement_merged/chr_16/183079.14~A11.K_16L.png,/data5/chensx/MyProject/UAE/data/arrangement_merged/chr_16/183079.14~A11.K_16R.png,0,-0.7564471912111712,,0.0007277727127075,-0.12700738622719893,chromosome
0,0.0007213354110717,183079,183079.14~A13.K_16,16,,normal,183079.14~A13.K_16L.png,183079.14~A13.K_16R.png,train,/data5/chensx/MyProject/UAE/data/arrangement_merged/chr_16/183079.14~A13.K_16L.png,/data5/chensx/MyProject/UAE/data/arrangement_merged/chr_16/183079.14~A13.K_16R.png,0,-0.7651520422706662,,0.0007213354110717,-0.1321438888635351,chromosome
0,0.0008369088172912,183079,183079.14~A23.K_16,16,,normal,183079.14~A23.K_16L.png,183079.14~A23.K_16R.png,train,/data5/chensx/MyProject/UAE/data/arrangement_merged/chr_16/183079.14~A23.K_16L.png,/data5/chensx/MyProject/UAE/data/arrangement_merged/chr_16/183079.14~A23.K_16R.png,0,-0.6088677255636222,,0.0008369088172912,-0.039924642458276434,chromosome
0,0.0007094740867614,183079,183079.14~A24.K_16,16,,normal,183079.14~A24.K_16L.png,183079.14~A24.K_16R.png,train,/data5/chensx/MyProject/UAE/data/arrangement_merged/chr_16/183079.14~A24.K_16L.png,/data5/chensx/MyProject/UAE/data/arrangement_merged/chr_16/183079.14~A24.K_16R.png,0,-0.7811915363525135,,0.0007094740867614,-0.1416083705729933,chromosome
0,0.0007555484771728,183079,183079.14~A26.K_16,16,,normal,183079.14~A26.K_16L.png,183079.14~A26.K_16R.png,train,/data5/chensx/MyProject/UAE/data/arrangement_merged/chr_16/183079.14~A26.K_16L.png,/data5/chensx/MyProject/UAE/data/arrangement_merged/chr_16/183079.14~A26.K_16R.png,0,-0.7188873708989059,,0.0007555484771728,-0.10484432855582483,chromosome
0,0.0005644559860229,183079,183079.14~A28.K_16,16,,normal,183079.14~A28.K_16L.png,183079.14~A28.K_16R.png,train,/data5/chensx/MyProject/UAE/data/arrangement_merged/chr_16/183079.14~A28.K_16L.png,/data5/chensx/MyProject/UAE/data/arrangement_merged/chr_16/183079.14~A28.K_16R.png,0,-0.9772924866094695,,0.0005644559860229,-0.25732236051828516,chromosome
0,0.000750720500946,183079,183079.14~A3.K_16,16,,normal,183079.14~A3.K_16L.png,183079.14~A3.K_16R.png,train,/data5/chensx/MyProject/UAE/data/arrangement_merged/chr_16/183079.14~A3.K_16L.png,/data5/chensx/MyProject/UAE/data/arrangement_merged/chr_16/183079.14~A3.K_16R.png,0,-0.7254160091935271,,0.000750720500946,-0.10869670553303701,chromosome
0,0.001178503036499,183079,183079.14~A34.K_16,16,,normal,183079.14~A34.K_16L.png,183079.14~A34.K_16R.png,train,/data5/chensx/MyProject/UAE/data/arrangement_merged/chr_16/183079.14~A34.K_16L.png,/data5/chensx/MyProject/UAE/data/arrangement_merged/chr_16/183079.14~A34.K_16R.png,0,-0.1469464161009769,,0.001178503036499,0.23264291873229254,chromosome
0,0.0006516575813293,183079,183079.14~A38.K_16,16,,normal,183079.14~A38.K_16L.png,183079.14~A38.K_16R.png,train,/data5/chensx/MyProject/UAE/data/arrangement_merged/chr_16/183079.14~A38.K_16L.png,/data5/chensx/MyProject/UAE/data/arrangement_merged/chr_16/183079.14~A38.K_16R.png,0,-0.859373994942422,,0.0006516575813293,-0.18774177388039026,chromosome
0,0.000751793384552,183079,183079.14~A6.K_16,16,,normal,183079.14~A6.K_16L.png,183079.14~A6.K_16R.png,train,/data5/chensx/MyProject/UAE/data/arrangement_merged/chr_16/183079.14~A6.K_16L.png,/data5/chensx/MyProject/UAE/data/arrangement_merged/chr_16/183079.14~A6.K_16R.png,0,-0.7239652006836113,,0.000751793384552,-0.10784062176028775,chromosome
0,0.000929832458496,183079,183079.2~A40.K_16,16,,normal,183079.2~A40.K_16L.png,183079.2~A40.K_16R.png,train,/data5/chensx/MyProject/UAE/data/arrangement_merged/chr_16/183079.2~A40.K_16L.png,/data5/chensx/MyProject/UAE/data/arrangement_merged/chr_16/183079.2~A40.K_16R.png,0,-0.4832115885103568,,0.000929832458496,0.034221724300735286,chromosome
0,0.0009397864341735,183079,183079.2~A8.K_16,16,,normal,183079.2~A8.K_16L.png,183079.2~A8.K_16R.png,train,/data5/chensx/MyProject/UAE/data/arrangement_merged/chr_16/183079.2~A8.K_16L.png,/data5/chensx/MyProject/UAE/data/arrangement_merged/chr_16/183079.2~A8.K_16R.png,0,-0.4697513095572488,,0.0009397864341735,0.04216427930315455,chromosome
0,0.0007197856903076,183079,183079.3~A16.K_16,16,,normal,183079.3~A16.K_16L.png,183079.3~A16.K_16R.png,train,/data5/chensx/MyProject/UAE/data/arrangement_merged/chr_16/183079.3~A16.K_16L.png,/data5/chensx/MyProject/UAE/data/arrangement_merged/chr_16/183079.3~A16.K_16R.png,0,-0.7672476545627669,,0.0007197856903076,-0.13338045431296439,chromosome
0,0.0010863542556762,183079,183079.3~A22.K_16,16,,normal,183079.3~A22.K_16L.png,183079.3~A22.K_16R.png,train,/data5/chensx/MyProject/UAE/data/arrangement_merged/chr_16/183079.3~A22.K_16L.png,/data5/chensx/MyProject/UAE/data/arrangement_merged/chr_16/183079.3~A22.K_16R.png,0,-0.271554747008192,,0.0010863542556762,0.15911483469795543,chromosome
0,0.0006347894668579,183079,183079.3~A5.K_16,16,,normal,183079.3~A5.K_16L.png,183079.3~A5.K_16R.png,train,/data5/chensx/MyProject/UAE/data/arrangement_merged/chr_16/183079.3~A5.K_16L.png,/data5/chensx/MyProject/UAE/data/arrangement_merged/chr_16/183079.3~A5.K_16R.png,0,-0.8821839287372097,,0.0006347894668579,-0.20120131319582563,chromosome
0,0.0008161067962646,183079,183079.3~A7.K_16,16,,normal,183079.3~A7.K_16L.png,183079.3~A7.K_16R.png,train,/data5/chensx/MyProject/UAE/data/arrangement_merged/chr_16/183079.3~A7.K_16L.png,/data5/chensx/MyProject/UAE/data/arrangement_merged/chr_16/183079.3~A7.K_16R.png,0,-0.6369972905614346,,0.0008161067962646,-0.056523155607019565,chromosome
0,0.0009633302688598,183079,183079.4~A13.K_16,16,,normal,183079.4~A13.K_16L.png,183079.4~A13.K_16R.png,train,/data5/chensx/MyProject/UAE/data/arrangement_merged/chr_16/183079.4~A13.K_16L.png,/data5/chensx/MyProject/UAE/data/arrangement_merged/chr_16/183079.4~A13.K_16R.png,0,-0.4379141228118737,,0.0009633302688598,0.06095056209330601,chromosome
0,0.0006259679794311,183079,183079.4~A17.K_16,16,,normal,183079.4~A17.K_16L.png,183079.4~A17.K_16R.png,train,/data5/chensx/MyProject/UAE/data/arrangement_merged/chr_16/183079.4~A17.K_16L.png,/data5/chensx/MyProject/UAE/data/arrangement_merged/chr_16/183079.4~A17.K_16R.png,0,-0.8941127987076288,,0.0006259679794311,-0.20824022421596047,chromosome
0,0.0008555054664611,183079,183079.4~A18.K_16,16,,normal,183079.4~A18.K_16L.png,183079.4~A18.K_16R.png,train,/data5/chensx/MyProject/UAE/data/arrangement_merged/chr_16/183079.4~A18.K_16L.png,/data5/chensx/MyProject/UAE/data/arrangement_merged/chr_16/183079.4~A18.K_16R.png,0,-0.5837203780584145,,0.0008555054664611,-0.025085857064567074,chromosome
0,0.0008440017700195,183079,183079.4~A23.K_16,16,,normal,183079.4~A23.K_16L.png,183079.4~A23.K_16R.png,train,/data5/chensx/MyProject/UAE/data/arrangement_merged/chr_16/183079.4~A23.K_16L.png,/data5/chensx/MyProject/UAE/data/arrangement_merged/chr_16/183079.4~A23.K_16R.png,0,-0.5992762693036231,,0.0008440017700195,-0.03426497751641556,chromosome
0,0.0010187625885009,183079,183079.4~A29.K_16,16,,normal,183079.4~A29.K_16L.png,183079.4~A29.K_16R.png,train,/data5/chensx/MyProject/UAE/data/arrangement_merged/chr_16/183079.4~A29.K_16L.png,/data5/chensx/MyProject/UAE/data/arrangement_merged/chr_16/183079.4~A29.K_16R.png,0,-0.3629556831328892,,0.0010187625885009,0.10518155701690428,chromosome
0,0.0006974339485168,183079,183079.4~A4.K_16,16,,normal,183079.4~A4.K_16L.png,183079.4~A4.K_16R.png,train,/data5/chensx/MyProject/UAE/data/arrangement_merged/chr_16/183079.4~A4.K_16L.png,/data5/chensx/MyProject/UAE/data/arrangement_merged/chr_16/183079.4~A4.K_16R.png,0,-0.7974728318526799,,0.0006974339485168,-0.1512155329112165,chromosome
0,0.0006889104843139,183079,183079.4~A50.K_16,16,,normal,183079.4~A50.K_16L.png,183079.4~A50.K_16R.png,train,/data5/chensx/MyProject/UAE/data/arrangement_merged/chr_16/183079.4~A50.K_16L.png,/data5/chensx/MyProject/UAE/data/arrangement_merged/chr_16/183079.4~A50.K_16R.png,0,-0.8089986994592335,,0.0006889104843139,-0.15801664288335654,chromosome
0,0.0009768605232238,183214,183214.11~A34.K_16,16,,normal,183214.11~A34.K_16L.png,183214.11~A34.K_16R.png,train,/data5/chensx/MyProject/UAE/data/arrangement_merged/chr_16/183214.11~A34.K_16L.png,/data5/chensx/MyProject/UAE/data/arrangement_merged/chr_16/183214.11~A34.K_16R.png,0,-0.4579809710211515,,0.0009768605232238,0.07174672967142329,chromosome
0,0.0009839534759521,183214,183214.11~A9.K_16,16,,normal,183214.11~A9.K_16L.png,183214.11~A9.K_16R.png,train,/data5/chensx/MyProject/UAE/data/arrangement_merged/chr_16/183214.11~A9.K_16L.png,/data5/chensx/MyProject/UAE/data/arrangement_merged/chr_16/183214.11~A9.K_16R.png,0,-0.4486783403230664,,0.0009839534759521,0.07740639461328425,chromosome
0,0.0009902119636535,183214,183214.12~A1.K_16,16,,normal,183214.12~A1.K_16L.png,183214.12~A1.K_16R.png,train,/data5/chensx/MyProject/UAE/data/arrangement_merged/chr_16/183214.12~A1.K_16L.png,/data5/chensx/MyProject/UAE/data/arrangement_merged/chr_16/183214.12~A1.K_16R.png,0,-0.4404701367659324,,0.0009902119636535,0.08240021662077565,chromosome
0,0.0011940002441406,183214,183214.12~A24.K_16,16,,normal,183214.12~A24.K_16L.png,183214.12~A24.K_16R.png,train,/data5/chensx/MyProject/UAE/data/arrangement_merged/chr_16/183214.12~A24.K_16L.png,/data5/chensx/MyProject/UAE/data/arrangement_merged/chr_16/183214.12~A24.K_16R.png,0,-0.1731953942722089,,0.0011940002441406,0.24500857322706368,chromosome
0,0.0009153485298156,183214,183214.12~A8.K_16,16,,normal,183214.12~A8.K_16L.png,183214.12~A8.K_16R.png,train,/data5/chensx/MyProject/UAE/data/arrangement_merged/chr_16/183214.12~A8.K_16L.png,/data5/chensx/MyProject/UAE/data/arrangement_merged/chr_16/183214.12~A8.K_16R.png,0,-0.5386558859826966,,0.0009153485298156,0.022664593369098575,chromosome
0,0.0008306503295898,183214,183214.13~A21.K_16,16,,normal,183214.13~A21.K_16L.png,183214.13~A21.K_16R.png,train,/data5/chensx/MyProject/UAE/data/arrangement_merged/chr_16/183214.13~A21.K_16L.png,/data5/chensx/MyProject/UAE/data/arrangement_merged/chr_16/183214.13~A21.K_16R.png,0,-0.6497402407892428,,0.0008306503295898,-0.044918464465767936,chromosome
0,0.0009338855743408,183214,183214.13~A34.K_16,16,,normal,183214.13~A34.K_16L.png,183214.13~A34.K_16R.png,train,/data5/chensx/MyProject/UAE/data/arrangement_merged/chr_16/183214.13~A34.K_16L.png,/data5/chensx/MyProject/UAE/data/arrangement_merged/chr_16/183214.13~A34.K_16R.png,0,-0.514343968780138,,0.0009338855743408,0.03745581855327287,chromosome
0,0.0016855001449584,183214,183214.13~A49.K_16,16,,normal,183214.13~A49.K_16L.png,183214.13~A49.K_16R.png,train,/data5/chensx/MyProject/UAE/data/arrangement_merged/chr_16/183214.13~A49.K_16L.png,/data5/chensx/MyProject/UAE/data/arrangement_merged/chr_16/183214.13~A49.K_16R.png,0,0.4714221917480437,,0.0016855001449584,0.6371900615496718,chromosome
0,0.0007893443107604,183214,183214.13~A6.K_16,16,,normal,183214.13~A6.K_16L.png,183214.13~A6.K_16R.png,train,/data5/chensx/MyProject/UAE/data/arrangement_merged/chr_16/183214.13~A6.K_16L.png,/data5/chensx/MyProject/UAE/data/arrangement_merged/chr_16/183214.13~A6.K_16R.png,0,-0.7039143842663268,,0.0007893443107604,-0.07787768971533907,chromosome
0,0.000546395778656,183214,183214.14~A11.K_16,16,,normal,183214.14~A11.K_16L.png,183214.14~A11.K_16R.png,train,/data5/chensx/MyProject/UAE/data/arrangement_merged/chr_16/183214.14~A11.K_16L.png,/data5/chensx/MyProject/UAE/data/arrangement_merged/chr_16/183214.14~A11.K_16R.png,0,-1.0225490290175454,,0.000546395778656,-0.2717331040256199,chromosome
0,0.0008889436721801,183214,183214.14~A17.K_16,16,,normal,183214.14~A17.K_16L.png,183214.14~A17.K_16R.png,train,/data5/chensx/MyProject/UAE/data/arrangement_merged/chr_16/183214.14~A17.K_16L.png,/data5/chensx/MyProject/UAE/data/arrangement_merged/chr_16/183214.14~A17.K_16R.png,0,-0.5732866876570808,,0.0008889436721801,0.0015954205183887286,chromosome
0,0.0006810426712036,183214,183214.14~A19.K_16,16,,normal,183214.14~A19.K_16L.png,183214.14~A19.K_16R.png,train,/data5/chensx/MyProject/UAE/data/arrangement_merged/chr_16/183214.14~A19.K_16L.png,/data5/chensx/MyProject/UAE/data/arrangement_merged/chr_16/183214.14~A19.K_16R.png,0,-0.8459553924883494,,0.0006810426712036,-0.1642945905498921,chromosome
0,0.0005003213882446,183214,183214.14~A21.K_16,16,,normal,183214.14~A21.K_16L.png,183214.14~A21.K_16R.png,train,/data5/chensx/MyProject/UAE/data/arrangement_merged/chr_16/183214.14~A21.K_16L.png,/data5/chensx/MyProject/UAE/data/arrangement_merged/chr_16/183214.14~A21.K_16R.png,0,-1.0829770418714937,,0.0005003213882446,-0.3084971460427885,chromosome
0,0.0008085370063781,183214,183214.14~A6.K_16,16,,normal,183214.14~A6.K_16L.png,183214.14~A6.K_16R.png,train,/data5/chensx/MyProject/UAE/data/arrangement_merged/chr_16/183214.14~A6.K_16L.png,/data5/chensx/MyProject/UAE/data/arrangement_merged/chr_16/183214.14~A6.K_16R.png,0,-0.6787425600244493,,0.0008085370063781,-0.06256330222564015,chromosome
0,0.0010989308357238,183214,183214.2~A19.K_16,16,,normal,183214.2~A19.K_16L.png,183214.2~A19.K_16R.png,train,/data5/chensx/MyProject/UAE/data/arrangement_merged/chr_16/183214.2~A19.K_16L.png,/data5/chensx/MyProject/UAE/data/arrangement_merged/chr_16/183214.2~A19.K_16R.png,0,-0.2978819149734342,,0.0010989308357238,0.16915003892255326,chromosome
0,0.0007552504539489,183214,183214.2~A25.K_16,16,,normal,183214.2~A25.K_16L.png,183214.2~A25.K_16R.png,train,/data5/chensx/MyProject/UAE/data/arrangement_merged/chr_16/183214.2~A25.K_16L.png,/data5/chensx/MyProject/UAE/data/arrangement_merged/chr_16/183214.2~A25.K_16R.png,0,-0.7486295503109041,,0.0007552504539489,-0.10508212960381956,chromosome
0,0.0007295608520507,183214,183214.2~A30.K_16,16,,normal,183214.2~A30.K_16L.png,183214.2~A30.K_16R.png,train,/data5/chensx/MyProject/UAE/data/arrangement_merged/chr_16/183214.2~A30.K_16L.png,/data5/chensx/MyProject/UAE/data/arrangement_merged/chr_16/183214.2~A30.K_16R.png,0,-0.7823222715787587,,0.0007295608520507,-0.12558057993938979,chromosome
0,0.0009532570838928,183214,183214.2~A36.K_16,16,,normal,183214.2~A36.K_16L.png,183214.2~A36.K_16R.png,train,/data5/chensx/MyProject/UAE/data/arrangement_merged/chr_16/183214.2~A36.K_16L.png,/data5/chensx/MyProject/UAE/data/arrangement_merged/chr_16/183214.2~A36.K_16R.png,0,-0.4889376244366281,,0.0009532570838928,0.05291288667173676,chromosome
0,0.0010218620300292,183214,183214.2~A39.K_16,16,,normal,183214.2~A39.K_16L.png,183214.2~A39.K_16R.png,train,/data5/chensx/MyProject/UAE/data/arrangement_merged/chr_16/183214.2~A39.K_16L.png,/data5/chensx/MyProject/UAE/data/arrangement_merged/chr_16/183214.2~A39.K_16R.png,0,-0.3989600787769979,,0.0010218620300292,0.10765468791584248,chromosome
0,0.0008299350738525,183214,183214.2~A45.K_16,16,,normal,183214.2~A45.K_16L.png,183214.2~A45.K_16R.png,train,/data5/chensx/MyProject/UAE/data/arrangement_merged/chr_16/183214.2~A45.K_16L.png,/data5/chensx/MyProject/UAE/data/arrangement_merged/chr_16/183214.2~A45.K_16R.png,0,-0.6506783211957723,,0.0008299350738525,-0.04548918698090747,chromosome
0,0.0009199380874633,183214,183214.2~A6.K_16,16,,normal,183214.2~A6.K_16L.png,183214.2~A6.K_16R.png,train,/data5/chensx/MyProject/UAE/data/arrangement_merged/chr_16/183214.2~A6.K_16L.png,/data5/chensx/MyProject/UAE/data/arrangement_merged/chr_16/183214.2~A6.K_16R.png,0,-0.532636536707465,,0.0009199380874633,0.02632672950793094,chromosome
0,0.0005192160606384,183214,183214.3~A12.K_16,16,,normal,183214.3~A12.K_16L.png,183214.3~A12.K_16R.png,train,/data5/chensx/MyProject/UAE/data/arrangement_merged/chr_16/183214.3~A12.K_16L.png,/data5/chensx/MyProject/UAE/data/arrangement_merged/chr_16/183214.3~A12.K_16R.png,0,-1.0581960844656702,,0.0005192160606384,-0.2934205596010843,chromosome
0,0.0009394884109497,183214,183214.3~A19.K_16,16,,normal,183214.3~A19.K_16L.png,183214.3~A19.K_16R.png,train,/data5/chensx/MyProject/UAE/data/arrangement_merged/chr_16/183214.3~A19.K_16L.png,/data5/chensx/MyProject/UAE/data/arrangement_merged/chr_16/183214.3~A19.K_16R.png,0,-0.5069956722623228,,0.0009394884109497,0.04192647825523958,chromosome
0,0.0007662773132324,183214,183214.3~A28.K_16,16,,normal,183214.3~A28.K_16L.png,183214.3~A28.K_16R.png,train,/data5/chensx/MyProject/UAE/data/arrangement_merged/chr_16/183214.3~A28.K_16L.png,/data5/chensx/MyProject/UAE/data/arrangement_merged/chr_16/183214.3~A28.K_16R.png,0,-0.7341674773769061,,0.0007662773132324,-0.09628349082865104,chromosome
0,0.0008041262626647,183214,183214.3~A4.K_16,16,,normal,183214.3~A4.K_16L.png,183214.3~A4.K_16R.png,train,/data5/chensx/MyProject/UAE/data/arrangement_merged/chr_16/183214.3~A4.K_16L.png,/data5/chensx/MyProject/UAE/data/arrangement_merged/chr_16/183214.3~A4.K_16R.png,0,-0.6845273891980485,,0.0008041262626647,-0.06608275773570753,chromosome
0,0.0008214712142944,183214,183214.3~A42.K_16,16,,normal,183214.3~A42.K_16L.png,183214.3~A42.K_16R.png,train,/data5/chensx/MyProject/UAE/data/arrangement_merged/chr_16/183214.3~A42.K_16L.png,/data5/chensx/MyProject/UAE/data/arrangement_merged/chr_16/183214.3~A42.K_16R.png,0,-0.6617789393397058,,0.0008214712142944,-0.05224273674343266,chromosome
0,0.0010253190994262,183214,183214.3~A43.K_16,16,,normal,183214.3~A43.K_16L.png,183214.3~A43.K_16R.png,train,/data5/chensx/MyProject/UAE/data/arrangement_merged/chr_16/183214.3~A43.K_16L.png,/data5/chensx/MyProject/UAE/data/arrangement_merged/chr_16/183214.3~A43.K_16R.png,0,-0.3944260234787715,,0.0010253190994262,0.11041318007239043,chromosome
0,0.0008321404457092,183214,183214.3~A47.K_16,16,,normal,183214.3~A47.K_16L.png,183214.3~A47.K_16R.png,train,/data5/chensx/MyProject/UAE/data/arrangement_merged/chr_16/183214.3~A47.K_16L.png,/data5/chensx/MyProject/UAE/data/arrangement_merged/chr_16/183214.3~A47.K_16R.png,0,-0.6477859066089727,,0.0008321404457092,-0.04372945922587378,chromosome
0,0.0008526444435119,183214,183214.4~A22.K_16,16,,normal,183214.4~A22.K_16L.png,183214.4~A22.K_16R.png,train,/data5/chensx/MyProject/UAE/data/arrangement_merged/chr_16/183214.4~A22.K_16L.png,/data5/chensx/MyProject/UAE/data/arrangement_merged/chr_16/183214.4~A22.K_16R.png,0,-0.6208942682884577,,0.0008526444435119,-0.027368747125125468,chromosome
0,0.0008600950241088,183214,183214.4~A24.K_16,16,,normal,183214.4~A24.K_16L.png,183214.4~A24.K_16R.png,train,/data5/chensx/MyProject/UAE/data/arrangement_merged/chr_16/183214.4~A24.K_16L.png,/data5/chensx/MyProject/UAE/data/arrangement_merged/chr_16/183214.4~A24.K_16R.png,0,-0.6111225973871077,,0.0008600950241088,-0.02142372092573471,chromosome
0,0.0008331537246704,183214,183214.4~A26.K_16,16,,normal,183214.4~A26.K_16L.png,183214.4~A26.K_16R.png,train,/data5/chensx/MyProject/UAE/data/arrangement_merged/chr_16/183214.4~A26.K_16L.png,/data5/chensx/MyProject/UAE/data/arrangement_merged/chr_16/183214.4~A26.K_16R.png,0,-0.6464569593663891,,0.0008331537246704,-0.042920935662739426,chromosome
0,0.0008930563926696,183214,183214.4~A28.K_16,16,,normal,183214.4~A28.K_16L.png,183214.4~A28.K_16R.png,train,/data5/chensx/MyProject/UAE/data/arrangement_merged/chr_16/183214.4~A28.K_16L.png,/data5/chensx/MyProject/UAE/data/arrangement_merged/chr_16/183214.4~A28.K_16R.png,0,-0.5678927253195356,,0.0008930563926696,0.004877074980461375,chromosome
0,0.0007386207580566,183214,183214.4~A50.K_16,16,,normal,183214.4~A50.K_16L.png,183214.4~A50.K_16R.png,train,/data5/chensx/MyProject/UAE/data/arrangement_merged/chr_16/183214.4~A50.K_16L.png,/data5/chensx/MyProject/UAE/data/arrangement_merged/chr_16/183214.4~A50.K_16R.png,0,-0.7704399197627171,,0.0007386207580566,-0.11835142808087513,chromosome
0,0.0011825561523437,183214,183214.4~A8.K_16,16,,normal,183214.4~A8.K_16L.png,183214.4~A8.K_16R.png,train,/data5/chensx/MyProject/UAE/data/arrangement_merged/chr_16/183214.4~A8.K_16L.png,/data5/chensx/MyProject/UAE/data/arrangement_merged/chr_16/183214.4~A8.K_16R.png,0,-0.1882046807766824,,0.0011825561523437,0.23587701298475017,chromosome
0,0.0009847283363342,183262,183262.11~A16.K_16,16,,normal,183262.11~A16.K_16L.png,183262.11~A16.K_16R.png,train,/data5/chensx/MyProject/UAE/data/arrangement_merged/chr_16/183262.11~A16.K_16L.png,/data5/chensx/MyProject/UAE/data/arrangement_merged/chr_16/183262.11~A16.K_16R.png,0,-0.4445382189262543,,0.0009847283363342,0.0780246773380386,chromosome
0,0.0009551644325256,183262,183262.12~A5.K_16,16,,normal,183262.12~A5.K_16L.png,183262.12~A5.K_16R.png,train,/data5/chensx/MyProject/UAE/data/arrangement_merged/chr_16/183262.12~A5.K_16L.png,/data5/chensx/MyProject/UAE/data/arrangement_merged/chr_16/183262.12~A5.K_16R.png,0,-0.4819308109681127,,0.0009551644325256,0.05443481337877563,chromosome
0,0.000697374343872,183262,183262.14~A1.K_16,16,,normal,183262.14~A1.K_16L.png,183262.14~A1.K_16R.png,train,/data5/chensx/MyProject/UAE/data/arrangement_merged/chr_16/183262.14~A1.K_16L.png,/data5/chensx/MyProject/UAE/data/arrangement_merged/chr_16/183262.14~A1.K_16R.png,0,-0.8079851669782685,,0.000697374343872,-0.15126309312083142,chromosome
0,0.000847041606903,183262,183262.14~A16.K_16,16,,normal,183262.14~A16.K_16L.png,183262.14~A16.K_16R.png,train,/data5/chensx/MyProject/UAE/data/arrangement_merged/chr_16/183262.14~A16.K_16L.png,/data5/chensx/MyProject/UAE/data/arrangement_merged/chr_16/183262.14~A16.K_16R.png,0,-0.6186851697663607,,0.000847041606903,-0.03183940682709227,chromosome
0,0.0006380677223205,183262,183262.14~A21.K_16,16,,normal,183262.14~A21.K_16L.png,183262.14~A21.K_16R.png,train,/data5/chensx/MyProject/UAE/data/arrangement_merged/chr_16/183262.14~A21.K_16L.png,/data5/chensx/MyProject/UAE/data/arrangement_merged/chr_16/183262.14~A21.K_16R.png,0,-0.8829965159332062,,0.0006380677223205,-0.19858550166812236,chromosome
0,0.0009273886680603,183262,183262.14~A23.K_16,16,,normal,183262.14~A23.K_16L.png,183262.14~A23.K_16R.png,train,/data5/chensx/MyProject/UAE/data/arrangement_merged/chr_16/183262.14~A23.K_16L.png,/data5/chensx/MyProject/UAE/data/arrangement_merged/chr_16/183262.14~A23.K_16R.png,0,-0.5170617542977618,,0.0009273886680603,0.032271755707401546,chromosome
0,0.0007610321044921,183262,183262.14~A29.K_16,16,,normal,183262.14~A29.K_16L.png,183262.14~A29.K_16R.png,train,/data5/chensx/MyProject/UAE/data/arrangement_merged/chr_16/183262.14~A29.K_16L.png,/data5/chensx/MyProject/UAE/data/arrangement_merged/chr_16/183262.14~A29.K_16R.png,0,-0.727470472823622,,0.0007610321044921,-0.10046878927308786,chromosome
0,0.0009143352508544,183262,183262.14~A33.K_16,16,,normal,183262.14~A33.K_16L.png,183262.14~A33.K_16R.png,train,/data5/chensx/MyProject/UAE/data/arrangement_merged/chr_16/183262.14~A33.K_16L.png,/data5/chensx/MyProject/UAE/data/arrangement_merged/chr_16/183262.14~A33.K_16R.png,0,-0.5335717898968888,,0.0009143352508544,0.021856069805964225,chromosome
0,0.0008242130279541,183262,183262.14~A38.K_16,16,,normal,183262.14~A38.K_16L.png,183262.14~A38.K_16R.png,train,/data5/chensx/MyProject/UAE/data/arrangement_merged/chr_16/183262.14~A38.K_16L.png,/data5/chensx/MyProject/UAE/data/arrangement_merged/chr_16/183262.14~A38.K_16R.png,0,-0.6475588849922311,,0.0008242130279541,-0.050054967102024256,chromosome
0,0.0006706118583679,183262,183262.14~A45.K_16,16,,normal,183262.14~A45.K_16L.png,183262.14~A45.K_16R.png,train,/data5/chensx/MyProject/UAE/data/arrangement_merged/chr_16/183262.14~A45.K_16L.png,/data5/chensx/MyProject/UAE/data/arrangement_merged/chr_16/183262.14~A45.K_16R.png,0,-0.8418345093709991,,0.0006706118583679,-0.17261762722907117,chromosome
0,0.0009596943855285,183262,183262.14~A8.K_16,16,,normal,183262.14~A8.K_16L.png,183262.14~A8.K_16R.png,train,/data5/chensx/MyProject/UAE/data/arrangement_merged/chr_16/183262.14~A8.K_16L.png,/data5/chensx/MyProject/UAE/data/arrangement_merged/chr_16/183262.14~A8.K_16R.png,0,-0.4762013008971827,,0.0009596943855285,0.058049389307993166,chromosome
0,0.0007635354995727,183262,183262.1~A2.K_16,16,,normal,183262.1~A2.K_16L.png,183262.1~A2.K_16R.png,train,/data5/chensx/MyProject/UAE/data/arrangement_merged/chr_16/183262.1~A2.K_16L.png,/data5/chensx/MyProject/UAE/data/arrangement_merged/chr_16/183262.1~A2.K_16R.png,0,-0.7243041646265291,,0.0007635354995727,-0.09847126047005936,chromosome
0,0.0005609393119812,183262,183262.1~A24.K_16,16,,normal,183262.1~A24.K_16L.png,183262.1~A24.K_16R.png,train,/data5/chensx/MyProject/UAE/data/arrangement_merged/chr_16/183262.1~A24.K_16L.png,/data5/chensx/MyProject/UAE/data/arrangement_merged/chr_16/183262.1~A24.K_16R.png,0,-0.9805489637198284,,0.0005609393119812,-0.2601284128843683,chromosome
0,0.0007516145706176,183262,183262.1~A26.K_16,16,,normal,183262.1~A26.K_16L.png,183262.1~A26.K_16R.png,train,/data5/chensx/MyProject/UAE/data/arrangement_merged/chr_16/183262.1~A26.K_16L.png,/data5/chensx/MyProject/UAE/data/arrangement_merged/chr_16/183262.1~A26.K_16R.png,0,-0.7393818227079236,,0.0007516145706176,-0.1079833023891325,chromosome
0,0.0009286403656005,183262,183262.1~A42.K_16,16,,normal,183262.1~A42.K_16L.png,183262.1~A42.K_16R.png,train,/data5/chensx/MyProject/UAE/data/arrangement_merged/chr_16/183262.1~A42.K_16L.png,/data5/chensx/MyProject/UAE/data/arrangement_merged/chr_16/183262.1~A42.K_16R.png,0,-0.5154786001992154,,0.0009286403656005,0.03327052010883595,chromosome
0,0.0013750791549682,183262,183262.1~A9.K_16,16,,normal,183262.1~A9.K_16L.png,183262.1~A9.K_16R.png,train,/data5/chensx/MyProject/UAE/data/arrangement_merged/chr_16/183262.1~A9.K_16L.png,/data5/chensx/MyProject/UAE/data/arrangement_merged/chr_16/183262.1~A9.K_16R.png,0,0.0491796949490083,,0.0013750791549682,0.38949648997748976,chromosome
0,0.0009441971778869,183262,183262.2~A10.K_16,16,,normal,183262.2~A10.K_16L.png,183262.2~A10.K_16R.png,train,/data5/chensx/MyProject/UAE/data/arrangement_merged/chr_16/183262.2~A10.K_16L.png,/data5/chensx/MyProject/UAE/data/arrangement_merged/chr_16/183262.2~A10.K_16R.png,0,-0.4958022564029956,,0.0009441971778869,0.045683734813222014,chromosome
0,0.0007976293563842,183262,183262.2~A22.K_16,16,,normal,183262.2~A22.K_16L.png,183262.2~A22.K_16R.png,train,/data5/chensx/MyProject/UAE/data/arrangement_merged/chr_16/183262.2~A22.K_16L.png,/data5/chensx/MyProject/UAE/data/arrangement_merged/chr_16/183262.2~A22.K_16R.png,0,-0.6811820625137409,,0.0007976293563842,-0.07126682058157885,chromosome
0,0.0007656812667846,183262,183262.2~A23.K_16,16,,normal,183262.2~A23.K_16L.png,183262.2~A23.K_16R.png,train,/data5/chensx/MyProject/UAE/data/arrangement_merged/chr_16/183262.2~A23.K_16L.png,/data5/chensx/MyProject/UAE/data/arrangement_merged/chr_16/183262.2~A23.K_16R.png,0,-0.7215901861718781,,0.0007656812667846,-0.09675909292464059,chromosome
0,0.0006464123725891,183262,183262.2~A44.K_16,16,,normal,183262.2~A44.K_16L.png,183262.2~A44.K_16R.png,train,/data5/chensx/MyProject/UAE/data/arrangement_merged/chr_16/183262.2~A44.K_16L.png,/data5/chensx/MyProject/UAE/data/arrangement_merged/chr_16/183262.2~A44.K_16R.png,0,-0.87244215527623,,0.0006464123725891,-0.19192707232474723,chromosome
0,0.0006353855133056,183262,183262.2~A45.K_16,16,,normal,183262.2~A45.K_16L.png,183262.2~A45.K_16R.png,train,/data5/chensx/MyProject/UAE/data/arrangement_merged/chr_16/183262.2~A45.K_16L.png,/data5/chensx/MyProject/UAE/data/arrangement_merged/chr_16/183262.2~A45.K_16R.png,0,-0.8863889890015199,,0.0006353855133056,-0.20072571109991585,chromosome
0,0.0006318092346191,183262,183262.3~A17.K_16,16,,normal,183262.3~A17.K_16L.png,183262.3~A17.K_16R.png,train,/data5/chensx/MyProject/UAE/data/arrangement_merged/chr_16/183262.3~A17.K_16L.png,/data5/chensx/MyProject/UAE/data/arrangement_merged/chr_16/183262.3~A17.K_16R.png,0,-0.8909122864259382,,0.0006318092346191,-0.20357932367561388,chromosome
0,0.0005164146423339,183262,183262.3~A24.K_16,16,,normal,183262.3~A24.K_16L.png,183262.3~A24.K_16R.png,train,/data5/chensx/MyProject/UAE/data/arrangement_merged/chr_16/183262.3~A24.K_16L.png,/data5/chensx/MyProject/UAE/data/arrangement_merged/chr_16/183262.3~A24.K_16R.png,0,-1.036864016653837,,0.0005164146423339,-0.2956558894521075,chromosome
0,0.0009341835975646,183262,183262.3~A30.K_16,16,,normal,183262.3~A30.K_16L.png,183262.3~A30.K_16R.png,train,/data5/chensx/MyProject/UAE/data/arrangement_merged/chr_16/183262.3~A30.K_16L.png,/data5/chensx/MyProject/UAE/data/arrangement_merged/chr_16/183262.3~A30.K_16R.png,0,-0.508467489191367,,0.0009341835975646,0.03769361960118783,chromosome
0,0.0006272792816162,183262,183262.3~A41.K_16,16,,normal,183262.3~A41.K_16L.png,183262.3~A41.K_16R.png,train,/data5/chensx/MyProject/UAE/data/arrangement_merged/chr_16/183262.3~A41.K_16L.png,/data5/chensx/MyProject/UAE/data/arrangement_merged/chr_16/183262.3~A41.K_16R.png,0,-0.8966417964968681,,0.0006272792816162,-0.2071938996048313,chromosome
0,0.0006731748580932,183262,183262.4~A14.K_16,16,,normal,183262.4~A14.K_16L.png,183262.4~A14.K_16R.png,train,/data5/chensx/MyProject/UAE/data/arrangement_merged/chr_16/183262.4~A14.K_16L.png,/data5/chensx/MyProject/UAE/data/arrangement_merged/chr_16/183262.4~A14.K_16R.png,0,-0.8385928128834994,,0.0006731748580932,-0.1705725382165075,chromosome
0,0.0007929801940917,183262,183262.4~A19.K_16,16,,normal,183262.4~A19.K_16L.png,183262.4~A19.K_16R.png,train,/data5/chensx/MyProject/UAE/data/arrangement_merged/chr_16/183262.4~A19.K_16L.png,/data5/chensx/MyProject/UAE/data/arrangement_merged/chr_16/183262.4~A19.K_16R.png,0,-0.6870623491654847,,0.0007929801940917,-0.07497651693002622,chromosome
0,0.0009582638740539,183262,183262.4~A24.K_16,16,,normal,183262.4~A24.K_16L.png,183262.4~A24.K_16R.png,train,/data5/chensx/MyProject/UAE/data/arrangement_merged/chr_16/183262.4~A24.K_16L.png,/data5/chensx/MyProject/UAE/data/arrangement_merged/chr_16/183262.4~A24.K_16R.png,0,-0.4780106198669501,,0.0009582638740539,0.05690794427771392,chromosome
0,0.0006656646728515,183262,183262.4~A29.K_16,16,,normal,183262.4~A29.K_16L.png,183262.4~A29.K_16R.png,train,/data5/chensx/MyProject/UAE/data/arrangement_merged/chr_16/183262.4~A29.K_16L.png,/data5/chensx/MyProject/UAE/data/arrangement_merged/chr_16/183262.4~A29.K_16R.png,0,-0.8480917374747778,,0.0006656646728515,-0.1765651246255132,chromosome
0,0.0006644129753112,183262,183262.4~A31.K_16,16,,normal,183262.4~A31.K_16L.png,183262.4~A31.K_16R.png,train,/data5/chensx/MyProject/UAE/data/arrangement_merged/chr_16/183262.4~A31.K_16L.png,/data5/chensx/MyProject/UAE/data/arrangement_merged/chr_16/183262.4~A31.K_16R.png,0,-0.8496748915733243,,0.0006644129753112,-0.17756388902702744,chromosome
0,0.0006645917892456,183262,183262.4~A50.K_16,16,,normal,183262.4~A50.K_16L.png,183262.4~A50.K_16R.png,train,/data5/chensx/MyProject/UAE/data/arrangement_merged/chr_16/183262.4~A50.K_16L.png,/data5/chensx/MyProject/UAE/data/arrangement_merged/chr_16/183262.4~A50.K_16R.png,0,-0.8494487267021034,,0.0006645917892456,-0.17742120839818268,chromosome
0,0.000872790813446,183786,183786.11~A44.K_16,16,,normal,183786.11~A44.K_16L.png,183786.11~A44.K_16R.png,train,/data5/chensx/MyProject/UAE/data/arrangement_merged/chr_16/183786.11~A44.K_16L.png,/data5/chensx/MyProject/UAE/data/arrangement_merged/chr_16/183786.11~A44.K_16R.png,0,-0.2838538287617543,,0.000872790813446,-0.011293396281907037,chromosome
0,0.0007474422454833,183786,183786.12~A1.K_16,16,,normal,183786.12~A1.K_16L.png,183786.12~A1.K_16R.png,train,/data5/chensx/MyProject/UAE/data/arrangement_merged/chr_16/183786.12~A1.K_16L.png,/data5/chensx/MyProject/UAE/data/arrangement_merged/chr_16/183786.12~A1.K_16R.png,0,-0.3492233988666415,,0.0007474422454833,-0.11131251706082006,chromosome
0,0.0007458329200744,183786,183786.12~A12.K_16,16,,normal,183786.12~A12.K_16L.png,183786.12~A12.K_16R.png,train,/data5/chensx/MyProject/UAE/data/arrangement_merged/chr_16/183786.12~A12.K_16L.png,/data5/chensx/MyProject/UAE/data/arrangement_merged/chr_16/183786.12~A12.K_16R.png,0,-0.3500626658152064,,0.0007458329200744,-0.11259664271986419,chromosome
0,0.0010849833488464,183786,183786.12~A15.K_16,16,,normal,183786.12~A15.K_16L.png,183786.12~A15.K_16R.png,train,/data5/chensx/MyProject/UAE/data/arrangement_merged/chr_16/183786.12~A15.K_16L.png,/data5/chensx/MyProject/UAE/data/arrangement_merged/chr_16/183786.12~A15.K_16R.png,0,-0.173194927395421,,0.0010849833488464,0.15802094987729118,chromosome
0,0.0007285475730895,183786,183786.12~A16.K_16,16,,normal,183786.12~A16.K_16L.png,183786.12~A16.K_16R.png,train,/data5/chensx/MyProject/UAE/data/arrangement_merged/chr_16/183786.12~A16.K_16L.png,/data5/chensx/MyProject/UAE/data/arrangement_merged/chr_16/183786.12~A16.K_16R.png,0,-0.3590770145220145,,0.0007285475730895,-0.12638910350252422,chromosome
0,0.0006629228591918,183786,183786.12~A34.K_16,16,,normal,183786.12~A34.K_16L.png,183786.12~A34.K_16R.png,train,/data5/chensx/MyProject/UAE/data/arrangement_merged/chr_16/183786.12~A34.K_16L.png,/data5/chensx/MyProject/UAE/data/arrangement_merged/chr_16/183786.12~A34.K_16R.png,0,-0.3933004556468271,,0.0006629228591918,-0.1787528942669216,chromosome
0,0.0008484125137329,183786,183786.12~A41.K_16,16,,normal,183786.12~A41.K_16L.png,183786.12~A41.K_16R.png,train,/data5/chensx/MyProject/UAE/data/arrangement_merged/chr_16/183786.12~A41.K_16L.png,/data5/chensx/MyProject/UAE/data/arrangement_merged/chr_16/183786.12~A41.K_16R.png,0,-0.2965671688344594,,0.0008484125137329,-0.030745522006348183,chromosome
0,0.0006607174873352,183786,183786.12~A47.K_16,16,,normal,183786.12~A47.K_16L.png,183786.12~A47.K_16R.png,train,/data5/chensx/MyProject/UAE/data/arrangement_merged/chr_16/183786.12~A47.K_16L.png,/data5/chensx/MyProject/UAE/data/arrangement_merged/chr_16/183786.12~A47.K_16R.png,0,-0.3944505622059716,,0.0006607174873352,-0.1805126220218755,chromosome
0,0.0008817911148071,183786,183786.13~A10.K_16,16,,normal,183786.13~A10.K_16L.png,183786.13~A10.K_16R.png,train,/data5/chensx/MyProject/UAE/data/arrangement_merged/chr_16/183786.13~A10.K_16L.png,/data5/chensx/MyProject/UAE/data/arrangement_merged/chr_16/183786.13~A10.K_16R.png,0,-0.2791601506420025,,0.0008817911148071,-0.004111804633007295,chromosome
0,0.0007940530776977,183786,183786.13~A12.K_16,16,,normal,183786.13~A12.K_16L.png,183786.13~A12.K_16R.png,train,/data5/chensx/MyProject/UAE/data/arrangement_merged/chr_16/183786.13~A12.K_16L.png,/data5/chensx/MyProject/UAE/data/arrangement_merged/chr_16/183786.13~A12.K_16R.png,0,-0.3249157413193178,,0.0007940530776977,-0.07412043315727686,chromosome
0,0.0008776783943176,183786,183786.13~A29.K_16,16,,normal,183786.13~A29.K_16L.png,183786.13~A29.K_16R.png,train,/data5/chensx/MyProject/UAE/data/arrangement_merged/chr_16/183786.13~A29.K_16L.png,/data5/chensx/MyProject/UAE/data/arrangement_merged/chr_16/183786.13~A29.K_16R.png,0,-0.2813049439550016,,0.0008776783943176,-0.007393459095079941,chromosome
0,0.0009470582008361,183786,183786.13~A34.K_16,16,,normal,183786.13~A34.K_16L.png,183786.13~A34.K_16R.png,train,/data5/chensx/MyProject/UAE/data/arrangement_merged/chr_16/183786.13~A34.K_16L.png,/data5/chensx/MyProject/UAE/data/arrangement_merged/chr_16/183786.13~A34.K_16R.png,0,-0.2451232132835376,,0.0009470582008361,0.04796662487378041,chromosome
0,0.0010640025138854,183786,183786.13~A43.K_16,16,,normal,183786.13~A43.K_16L.png,183786.13~A43.K_16R.png,train,/data5/chensx/MyProject/UAE/data/arrangement_merged/chr_16/183786.13~A43.K_16L.png,/data5/chensx/MyProject/UAE/data/arrangement_merged/chr_16/183786.13~A43.K_16R.png,0,-0.1841364816878225,,0.0010640025138854,0.1412797560997034,chromosome
0,0.0007429122924804,183786,183786.14~A17.K_16,16,,normal,183786.14~A17.K_16L.png,183786.14~A17.K_16R.png,train,/data5/chensx/MyProject/UAE/data/arrangement_merged/chr_16/183786.14~A17.K_16L.png,/data5/chensx/MyProject/UAE/data/arrangement_merged/chr_16/183786.14~A17.K_16R.png,0,-0.3515857799070464,,0.0007429122924804,-0.1149270929900375,chromosome
0,0.0007157921791076,183786,183786.14~A24.K_16,16,,normal,183786.14~A24.K_16L.png,183786.14~A24.K_16R.png,train,/data5/chensx/MyProject/UAE/data/arrangement_merged/chr_16/183786.14~A24.K_16L.png,/data5/chensx/MyProject/UAE/data/arrangement_merged/chr_16/183786.14~A24.K_16R.png,0,-0.3657289821884177,,0.0007157921791076,-0.13656698835588696,chromosome
0,0.0008897185325622,183786,183786.14~A38.K_16,16,,normal,183786.14~A38.K_16L.png,183786.14~A38.K_16R.png,train,/data5/chensx/MyProject/UAE/data/arrangement_merged/chr_16/183786.14~A38.K_16L.png,/data5/chensx/MyProject/UAE/data/arrangement_merged/chr_16/183786.14~A38.K_16R.png,0,-0.275025983821294,,0.0008897185325622,0.0022137032431432647,chromosome
0,0.0009859204292297,183786,183786.14~A39.K_16,16,,normal,183786.14~A39.K_16L.png,183786.14~A39.K_16R.png,train,/data5/chensx/MyProject/UAE/data/arrangement_merged/chr_16/183786.14~A39.K_16L.png,/data5/chensx/MyProject/UAE/data/arrangement_merged/chr_16/183786.14~A39.K_16R.png,0,-0.2248564706737485,,0.0009859204292297,0.07897588152993794,chromosome
0,0.0006832480430603,183786,183786.1~A44.K_16,16,,normal,183786.1~A44.K_16L.png,183786.1~A44.K_16R.png,train,/data5/chensx/MyProject/UAE/data/arrangement_merged/chr_16/183786.1~A44.K_16L.png,/data5/chensx/MyProject/UAE/data/arrangement_merged/chr_16/183786.1~A44.K_16R.png,0,-0.3827008249260631,,0.0006832480430603,-0.1625348627948584,chromosome
0,0.001121163368225,183786,183786.2~A14.K_16,16,,normal,183786.2~A14.K_16L.png,183786.2~A14.K_16R.png,train,/data5/chensx/MyProject/UAE/data/arrangement_merged/chr_16/183786.2~A14.K_16L.png,/data5/chensx/MyProject/UAE/data/arrangement_merged/chr_16/183786.2~A14.K_16R.png,0,-0.1543269630332401,,0.001121163368225,0.18688999710157564,chromosome
0,0.0007936954498291,183786,183786.2~A4.K_16,16,,normal,183786.2~A4.K_16L.png,183786.2~A4.K_16R.png,train,/data5/chensx/MyProject/UAE/data/arrangement_merged/chr_16/183786.2~A4.K_16L.png,/data5/chensx/MyProject/UAE/data/arrangement_merged/chr_16/183786.2~A4.K_16R.png,0,-0.3251022450856656,,0.0007936954498291,-0.07440579441480674,chromosome
0,0.0007806420326232,183786,183786.2~A49.K_16,16,,normal,183786.2~A49.K_16L.png,183786.2~A49.K_16R.png,train,/data5/chensx/MyProject/UAE/data/arrangement_merged/chr_16/183786.2~A49.K_16L.png,/data5/chensx/MyProject/UAE/data/arrangement_merged/chr_16/183786.2~A49.K_16R.png,0,-0.3319096325573585,,0.0007806420326232,-0.08482148031624406,chromosome
0,0.0009757876396179,183786,183786.3~A1.K_16,16,,normal,183786.3~A1.K_16L.png,183786.3~A1.K_16R.png,train,/data5/chensx/MyProject/UAE/data/arrangement_merged/chr_16/183786.3~A1.K_16L.png,/data5/chensx/MyProject/UAE/data/arrangement_merged/chr_16/183786.3~A1.K_16R.png,0,-0.2301407440536015,,0.0009757876396179,0.07089064589875378,chromosome
0,0.0222388505935668,183786,183786.3~A25.K_16,16,,normal,183786.3~A25.K_16L.png,183786.3~A25.K_16R.png,train,/data5/chensx/MyProject/UAE/data/arrangement_merged/chr_16/183786.3~A25.K_16L.png,/data5/chensx/MyProject/UAE/data/arrangement_merged/chr_16/183786.3~A25.K_16R.png,1,10.85859610395732,,0.0222388505935668,17.037282015870304,chromosome
0,0.0006816983222961,183786,183786.3~A36.K_16,16,,normal,183786.3~A36.K_16L.png,183786.3~A36.K_16R.png,train,/data5/chensx/MyProject/UAE/data/arrangement_merged/chr_16/183786.3~A36.K_16L.png,/data5/chensx/MyProject/UAE/data/arrangement_merged/chr_16/183786.3~A36.K_16R.png,0,-0.3835090079135701,,0.0006816983222961,-0.16377142824436747,chromosome
0,0.0008915066719055,183786,183786.3~A37.K_16,16,,normal,183786.3~A37.K_16L.png,183786.3~A37.K_16R.png,train,/data5/chensx/MyProject/UAE/data/arrangement_merged/chr_16/183786.3~A37.K_16L.png,/data5/chensx/MyProject/UAE/data/arrangement_merged/chr_16/183786.3~A37.K_16R.png,0,-0.2740934649895552,,0.0008915066719055,0.0036405095310321524,chromosome
0,0.0011295676231384,183786,183786.3~A44.K_16,16,,normal,183786.3~A44.K_16L.png,183786.3~A44.K_16R.png,train,/data5/chensx/MyProject/UAE/data/arrangement_merged/chr_16/183786.3~A44.K_16L.png,/data5/chensx/MyProject/UAE/data/arrangement_merged/chr_16/183786.3~A44.K_16R.png,0,-0.1499441245240679,,0.0011295676231384,0.1935959866545656,chromosome
0,0.0008978843688964,183786,183786.4~A49.K_16,16,,normal,183786.4~A49.K_16L.png,183786.4~A49.K_16R.png,train,/data5/chensx/MyProject/UAE/data/arrangement_merged/chr_16/183786.4~A49.K_16L.png,/data5/chensx/MyProject/UAE/data/arrangement_merged/chr_16/183786.4~A49.K_16R.png,0,-0.2707674811563536,,0.0008978843688964,0.008729451957673641,chromosome
0,0.0007141828536987,183786,183786.5~A1.K_16,16,,normal,183786.5~A1.K_16L.png,183786.5~A1.K_16R.png,train,/data5/chensx/MyProject/UAE/data/arrangement_merged/chr_16/183786.5~A1.K_16L.png,/data5/chensx/MyProject/UAE/data/arrangement_merged/chr_16/183786.5~A1.K_16R.png,0,-0.3665682491369825,,0.0007141828536987,-0.1378511140149311,chromosome
0,0.0005770921707153,183786,183786.5~A31.K_16,16,,normal,183786.5~A31.K_16L.png,183786.5~A31.K_16R.png,train,/data5/chensx/MyProject/UAE/data/arrangement_merged/chr_16/183786.5~A31.K_16L.png,/data5/chensx/MyProject/UAE/data/arrangement_merged/chr_16/183786.5~A31.K_16R.png,0,-0.4380613595702877,,0.0005770921707153,-0.24723959608407242,chromosome
0,0.0010328292846679,183786,183786.5~A33.K_16,16,,normal,183786.5~A33.K_16L.png,183786.5~A33.K_16R.png,train,/data5/chensx/MyProject/UAE/data/arrangement_merged/chr_16/183786.5~A33.K_16L.png,/data5/chensx/MyProject/UAE/data/arrangement_merged/chr_16/183786.5~A33.K_16R.png,0,-0.2003933933211349,,0.0010328292846679,0.1164057664813962,chromosome
0,0.0006643533706665,183786,183786.5~A42.K_16,16,,normal,183786.5~A42.K_16L.png,183786.5~A42.K_16R.png,train,/data5/chensx/MyProject/UAE/data/arrangement_merged/chr_16/183786.5~A42.K_16L.png,/data5/chensx/MyProject/UAE/data/arrangement_merged/chr_16/183786.5~A42.K_16R.png,0,-0.3925544405814361,,0.0006643533706665,-0.17761144923656258,chromosome
0,0.0007306337356567,183786,183786.5~A44.K_16,16,,normal,183786.5~A44.K_16L.png,183786.5~A44.K_16R.png,train,/data5/chensx/MyProject/UAE/data/arrangement_merged/chr_16/183786.5~A44.K_16L.png,/data5/chensx/MyProject/UAE/data/arrangement_merged/chr_16/183786.5~A44.K_16R.png,0,-0.3579890758849859,,0.0007306337356567,-0.12472449616664052,chromosome
0,0.0007330775260925,183786,183786.5~A6.K_16,16,,normal,183786.5~A6.K_16L.png,183786.5~A6.K_16R.png,train,/data5/chensx/MyProject/UAE/data/arrangement_merged/chr_16/183786.5~A6.K_16L.png,/data5/chensx/MyProject/UAE/data/arrangement_merged/chr_16/183786.5~A6.K_16R.png,0,-0.3567146334816096,,0.0007330775260925,-0.12277452757322693,chromosome
0,0.0011960268020629,183786,183786.5~A8.K_16,16,,normal,183786.5~A8.K_16L.png,183786.5~A8.K_16R.png,train,/data5/chensx/MyProject/UAE/data/arrangement_merged/chr_16/183786.5~A8.K_16L.png,/data5/chensx/MyProject/UAE/data/arrangement_merged/chr_16/183786.5~A8.K_16R.png,0,-0.1152855079444438,,0.0011960268020629,0.2466256203532526,chromosome
0,0.0007337927818298,184752,184752.11~A43.K_16,16,,normal,184752.11~A43.K_16L.png,184752.11~A43.K_16R.png,train,/data5/chensx/MyProject/UAE/data/arrangement_merged/chr_16/184752.11~A43.K_16L.png,/data5/chensx/MyProject/UAE/data/arrangement_merged/chr_16/184752.11~A43.K_16R.png,0,-0.7048950961358719,,0.0007337927818298,-0.12220380505808731,chromosome
0,0.0006762742996215,184752,184752.13~A19.K_16,16,,normal,184752.13~A19.K_16L.png,184752.13~A19.K_16R.png,train,/data5/chensx/MyProject/UAE/data/arrangement_merged/chr_16/184752.13~A19.K_16L.png,/data5/chensx/MyProject/UAE/data/arrangement_merged/chr_16/184752.13~A19.K_16R.png,0,-0.7961375787752081,,0.0006762742996215,-0.16809940731756928,chromosome
0,0.0005542039871215,184752,184752.13~A20.K_16,16,,normal,184752.13~A20.K_16L.png,184752.13~A20.K_16R.png,train,/data5/chensx/MyProject/UAE/data/arrangement_merged/chr_16/184752.13~A20.K_16L.png,/data5/chensx/MyProject/UAE/data/arrangement_merged/chr_16/184752.13~A20.K_16R.png,0,-0.9897796559206592,,0.0005542039871215,-0.2655027165686993,chromosome
0,0.0007942914962768,184752,184752.14~A10.K_16,16,,normal,184752.14~A10.K_16L.png,184752.14~A10.K_16R.png,train,/data5/chensx/MyProject/UAE/data/arrangement_merged/chr_16/184752.14~A10.K_16L.png,/data5/chensx/MyProject/UAE/data/arrangement_merged/chr_16/184752.14~A10.K_16R.png,0,-0.6089250237224769,,0.0007942914962768,-0.07393019231889705,chromosome
0,0.0011090636253356,184752,184752.14~A14.K_16,16,,normal,184752.14~A14.K_16L.png,184752.14~A14.K_16R.png,train,/data5/chensx/MyProject/UAE/data/arrangement_merged/chr_16/184752.14~A14.K_16L.png,/data5/chensx/MyProject/UAE/data/arrangement_merged/chr_16/184752.14~A14.K_16R.png,0,-0.1095969917863792,,0.0011090636253356,0.17723527455373742,chromosome
0,0.0008478164672851,184752,184752.14~A43.K_16,16,,normal,184752.14~A43.K_16L.png,184752.14~A43.K_16R.png,train,/data5/chensx/MyProject/UAE/data/arrangement_merged/chr_16/184752.14~A43.K_16L.png,/data5/chensx/MyProject/UAE/data/arrangement_merged/chr_16/184752.14~A43.K_16R.png,0,-0.5240175113803797,,0.0008478164672851,-0.03122112410233773,chromosome
0,0.000864028930664,184752,184752.2~A30.K_16,16,,normal,184752.2~A30.K_16L.png,184752.2~A30.K_16R.png,train,/data5/chensx/MyProject/UAE/data/arrangement_merged/chr_16/184752.2~A30.K_16L.png,/data5/chensx/MyProject/UAE/data/arrangement_merged/chr_16/184752.2~A30.K_16R.png,0,-0.4982994230094993,,0.000864028930664,-0.018284747092426962,chromosome
0,0.0006139278411865,184752,184752.2~A50.K_16,16,,normal,184752.2~A50.K_16L.png,184752.2~A50.K_16R.png,train,/data5/chensx/MyProject/UAE/data/arrangement_merged/chr_16/184752.2~A50.K_16L.png,/data5/chensx/MyProject/UAE/data/arrangement_merged/chr_16/184752.2~A50.K_16R.png,0,-0.8950387568485195,,0.0006139278411865,-0.2178473865541836,chromosome
0,0.0005007982254028,184752,184752.3~A13.K_16,16,,normal,184752.3~A13.K_16L.png,184752.3~A13.K_16R.png,train,/data5/chensx/MyProject/UAE/data/arrangement_merged/chr_16/184752.3~A13.K_16L.png,/data5/chensx/MyProject/UAE/data/arrangement_merged/chr_16/184752.3~A13.K_16R.png,0,-1.074498064671794,,0.0005007982254028,-0.3081166643660287,chromosome
0,0.0007086992263793,184752,184752.3~A16.K_16,16,,normal,184752.3~A16.K_16L.png,184752.3~A16.K_16R.png,train,/data5/chensx/MyProject/UAE/data/arrangement_merged/chr_16/184752.3~A16.K_16L.png,/data5/chensx/MyProject/UAE/data/arrangement_merged/chr_16/184752.3~A16.K_16R.png,0,-0.7447014020334476,,0.0007086992263793,-0.14222665329774783,chromosome
0,0.0008000135421752,184752,184752.4~A27.K_16,16,,normal,184752.4~A27.K_16L.png,184752.4~A27.K_16R.png,train,/data5/chensx/MyProject/UAE/data/arrangement_merged/chr_16/184752.4~A27.K_16L.png,/data5/chensx/MyProject/UAE/data/arrangement_merged/chr_16/184752.4~A27.K_16R.png,0,-0.5998480513562838,,0.0008000135421752,-0.06936441219778018,chromosome
0,0.0006831288337707,184793,184793.11~A18.K_16,16,,normal,184793.11~A18.K_16L.png,184793.11~A18.K_16R.png,train,/data5/chensx/MyProject/UAE/data/arrangement_merged/chr_16/184793.11~A18.K_16L.png,/data5/chensx/MyProject/UAE/data/arrangement_merged/chr_16/184793.11~A18.K_16R.png,0,-0.816719944541045,,0.0006831288337707,-0.16262998321408823,chromosome
0,0.000881016254425,184793,184793.12~A12.K_16,16,,normal,184793.12~A12.K_16L.png,184793.12~A12.K_16R.png,train,/data5/chensx/MyProject/UAE/data/arrangement_merged/chr_16/184793.12~A12.K_16L.png,/data5/chensx/MyProject/UAE/data/arrangement_merged/chr_16/184793.12~A12.K_16R.png,0,-0.5653198301242367,,0.000881016254425,-0.004730087357761745,chromosome
0,0.0005797743797302,184793,184793.12~A27.K_16,16,,normal,184793.12~A27.K_16L.png,184793.12~A27.K_16R.png,train,/data5/chensx/MyProject/UAE/data/arrangement_merged/chr_16/184793.12~A27.K_16L.png,/data5/chensx/MyProject/UAE/data/arrangement_merged/chr_16/184793.12~A27.K_16R.png,0,-0.9480234982756068,,0.0005797743797302,-0.245099386652279,chromosome
0,0.0008462667465209,184793,184793.12~A32.K_16,16,,normal,184793.12~A32.K_16L.png,184793.12~A32.K_16R.png,train,/data5/chensx/MyProject/UAE/data/arrangement_merged/chr_16/184793.12~A32.K_16L.png,/data5/chensx/MyProject/UAE/data/arrangement_merged/chr_16/184793.12~A32.K_16R.png,0,-0.6094662959992365,,0.0008462667465209,-0.03245768955184672,chromosome
0,0.0008020401000976,184793,184793.12~A38.K_16,16,,normal,184793.12~A38.K_16L.png,184793.12~A38.K_16R.png,train,/data5/chensx/MyProject/UAE/data/arrangement_merged/chr_16/184793.12~A38.K_16L.png,/data5/chensx/MyProject/UAE/data/arrangement_merged/chr_16/184793.12~A38.K_16R.png,0,-0.6656527071128726,,0.0008020401000976,-0.06774736507151147,chromosome
0,0.0004761815071105,184793,184793.12~A42.K_16,16,,normal,184793.12~A42.K_16L.png,184793.12~A42.K_16R.png,train,/data5/chensx/MyProject/UAE/data/arrangement_merged/chr_16/184793.12~A42.K_16L.png,/data5/chensx/MyProject/UAE/data/arrangement_merged/chr_16/184793.12~A42.K_16R.png,0,-1.0796299437142851,,0.0004761815071105,-0.32775903092892944,chromosome
0,0.0011388063430786,184793,184793.13~A10.K_16,16,,normal,184793.13~A10.K_16L.png,184793.13~A10.K_16R.png,train,/data5/chensx/MyProject/UAE/data/arrangement_merged/chr_16/184793.13~A10.K_16L.png,/data5/chensx/MyProject/UAE/data/arrangement_merged/chr_16/184793.13~A10.K_16R.png,0,-0.2378181750481236,,0.0011388063430786,0.2009678191418453,chromosome
0,0.0006259679794311,184793,184793.13~A16.K_16,16,,normal,184793.13~A16.K_16L.png,184793.13~A16.K_16R.png,train,/data5/chensx/MyProject/UAE/data/arrangement_merged/chr_16/184793.13~A16.K_16L.png,/data5/chensx/MyProject/UAE/data/arrangement_merged/chr_16/184793.13~A16.K_16R.png,0,-0.8893382306030085,,0.0006259679794311,-0.20824022421596047,chromosome
0,0.0006768703460693,184793,184793.13~A43.K_16,16,,normal,184793.13~A43.K_16L.png,184793.13~A43.K_16R.png,train,/data5/chensx/MyProject/UAE/data/arrangement_merged/chr_16/184793.13~A43.K_16L.png,/data5/chensx/MyProject/UAE/data/arrangement_merged/chr_16/184793.13~A43.K_16R.png,0,-0.8246708517741067,,0.0006768703460693,-0.16762380522157966,chromosome
0,0.0010225176811218,184793,184793.14~A14.K_16,16,,normal,184793.14~A14.K_16L.png,184793.14~A14.K_16R.png,train,/data5/chensx/MyProject/UAE/data/arrangement_merged/chr_16/184793.14~A14.K_16L.png,/data5/chensx/MyProject/UAE/data/arrangement_merged/chr_16/184793.14~A14.K_16R.png,0,-0.385553603731013,,0.0010225176811218,0.10817785022144695,chromosome
0,0.0006070137023925,184793,184793.14~A26.K_16,16,,normal,184793.14~A26.K_16L.png,184793.14~A26.K_16R.png,train,/data5/chensx/MyProject/UAE/data/arrangement_merged/chr_16/184793.14~A26.K_16L.png,/data5/chensx/MyProject/UAE/data/arrangement_merged/chr_16/184793.14~A26.K_16R.png,0,-0.9134181210802812,,0.0006070137023925,-0.22336437086727956,chromosome
0,0.0009287595748901,184793,184793.14~A27.K_16,16,,normal,184793.14~A27.K_16L.png,184793.14~A27.K_16R.png,train,/data5/chensx/MyProject/UAE/data/arrangement_merged/chr_16/184793.14~A27.K_16L.png,/data5/chensx/MyProject/UAE/data/arrangement_merged/chr_16/184793.14~A27.K_16R.png,0,-0.5046657663748803,,0.0009287595748901,0.03336564052806578,chromosome
0,0.0008361339569091,184793,184793.14~A3.K_16,16,,normal,184793.14~A3.K_16L.png,184793.14~A3.K_16R.png,train,/data5/chensx/MyProject/UAE/data/arrangement_merged/chr_16/184793.14~A3.K_16L.png,/data5/chensx/MyProject/UAE/data/arrangement_merged/chr_16/184793.14~A3.K_16R.png,0,-0.6223391934241935,,0.0008361339569091,-0.040542925183030966,chromosome
0,0.0005619525909423,184793,184793.14~A30.K_16,16,,normal,184793.14~A30.K_16L.png,184793.14~A30.K_16R.png,train,/data5/chensx/MyProject/UAE/data/arrangement_merged/chr_16/184793.14~A30.K_16L.png,/data5/chensx/MyProject/UAE/data/arrangement_merged/chr_16/184793.14~A30.K_16R.png,0,-0.9706646531583254,,0.0005619525909423,-0.25931988932131367,chromosome
0,0.0007047057151794,184793,184793.14~A32.K_16,16,,normal,184793.14~A32.K_16L.png,184793.14~A32.K_16R.png,train,/data5/chensx/MyProject/UAE/data/arrangement_merged/chr_16/184793.14~A32.K_16L.png,/data5/chensx/MyProject/UAE/data/arrangement_merged/chr_16/184793.14~A32.K_16R.png,0,-0.7893082453184894,,0.0007047057151794,-0.14541318734059067,chromosome
0,0.0006789565086364,184793,184793.14~A33.K_16,16,,normal,184793.14~A33.K_16L.png,184793.14~A33.K_16R.png,train,/data5/chensx/MyProject/UAE/data/arrangement_merged/chr_16/184793.14~A33.K_16L.png,/data5/chensx/MyProject/UAE/data/arrangement_merged/chr_16/184793.14~A33.K_16R.png,0,-0.8220205493630861,,0.0006789565086364,-0.1659591978857758,chromosome
0,0.0007264018058776,184793,184793.14~A4.K_16,16,,normal,184793.14~A4.K_16L.png,184793.14~A4.K_16R.png,train,/data5/chensx/MyProject/UAE/data/arrangement_merged/chr_16/184793.14~A4.K_16L.png,/data5/chensx/MyProject/UAE/data/arrangement_merged/chr_16/184793.14~A4.K_16R.png,0,-0.7617451002438754,,0.0007264018058776,-0.128101271047943,chromosome
0,0.0008249282836914,184793,184793.14~A9.K_16,16,,normal,184793.14~A9.K_16L.png,184793.14~A9.K_16R.png,train,/data5/chensx/MyProject/UAE/data/arrangement_merged/chr_16/184793.14~A9.K_16L.png,/data5/chensx/MyProject/UAE/data/arrangement_merged/chr_16/184793.14~A9.K_16R.png,0,-0.6365751035176754,,0.0008249282836914,-0.04948424458688472,chromosome
0,0.0007315874099731,184793,184793.1~A26.K_16,16,,normal,184793.1~A26.K_16L.png,184793.1~A26.K_16R.png,train,/data5/chensx/MyProject/UAE/data/arrangement_merged/chr_16/184793.1~A26.K_16L.png,/data5/chensx/MyProject/UAE/data/arrangement_merged/chr_16/184793.1~A26.K_16R.png,0,-0.7551572056793386,,0.0007315874099731,-0.12396353281312109,chromosome
0,0.0007492899894714,184793,184793.2~A4.K_16,16,,normal,184793.2~A4.K_16L.png,184793.2~A4.K_16R.png,train,/data5/chensx/MyProject/UAE/data/arrangement_merged/chr_16/184793.2~A4.K_16L.png,/data5/chensx/MyProject/UAE/data/arrangement_merged/chr_16/184793.2~A4.K_16R.png,0,-0.7326674966486784,,0.0007492899894714,-0.10983815056331625,chromosome
0,0.0006217956542968,184793,184793.3~A8.K_16,16,,normal,184793.3~A8.K_16L.png,184793.3~A8.K_16R.png,train,/data5/chensx/MyProject/UAE/data/arrangement_merged/chr_16/184793.3~A8.K_16L.png,/data5/chensx/MyProject/UAE/data/arrangement_merged/chr_16/184793.3~A8.K_16R.png,0,-0.8946388354250497,,0.0006217956542968,-0.21156943888764804,chromosome
0,0.0008978247642517,185290,185290.11~A25.K_16,16,,normal,185290.11~A25.K_16L.png,185290.11~A25.K_16R.png,train,/data5/chensx/MyProject/UAE/data/arrangement_merged/chr_16/185290.11~A25.K_16L.png,/data5/chensx/MyProject/UAE/data/arrangement_merged/chr_16/185290.11~A25.K_16R.png,0,-0.5389117764805167,,0.0008978247642517,0.008681891748138488,chromosome
0,0.0007318258285522,185290,185290.11~A27.K_16,16,,normal,185290.11~A27.K_16L.png,185290.11~A27.K_16R.png,train,/data5/chensx/MyProject/UAE/data/arrangement_merged/chr_16/185290.11~A27.K_16L.png,/data5/chensx/MyProject/UAE/data/arrangement_merged/chr_16/185290.11~A27.K_16R.png,0,-0.7605393929133966,,0.0007318258285522,-0.12377329197474118,chromosome
0,0.0009044408798217,185290,185290.11~A38.K_16,16,,normal,185290.11~A38.K_16L.png,185290.11~A38.K_16R.png,train,/data5/chensx/MyProject/UAE/data/arrangement_merged/chr_16/185290.11~A38.K_16L.png,/data5/chensx/MyProject/UAE/data/arrangement_merged/chr_16/185290.11~A38.K_16R.png,0,-0.53007850343777,,0.0009044408798217,0.013961075013159878,chromosome
0,0.0009984970092773,185290,185290.12~A12.K_16,16,,normal,185290.12~A12.K_16L.png,185290.12~A12.K_16R.png,train,/data5/chensx/MyProject/UAE/data/arrangement_merged/chr_16/185290.12~A12.K_16L.png,/data5/chensx/MyProject/UAE/data/arrangement_merged/chr_16/185290.12~A12.K_16R.png,0,-0.4045027839652081,,0.0009984970092773,0.08901108575453578,chromosome
0,0.0009578466415405,185290,185290.12~A33.K_16,16,,normal,185290.12~A33.K_16L.png,185290.12~A33.K_16R.png,train,/data5/chensx/MyProject/UAE/data/arrangement_merged/chr_16/185290.12~A33.K_16L.png,/data5/chensx/MyProject/UAE/data/arrangement_merged/chr_16/185290.12~A33.K_16R.png,0,-0.4587756868044268,,0.0009578466415405,0.05657502281056912,chromosome
0,0.0007209181785583,185290,185290.12~A35.K_16,16,,normal,185290.12~A35.K_16L.png,185290.12~A35.K_16R.png,train,/data5/chensx/MyProject/UAE/data/arrangement_merged/chr_16/185290.12~A35.K_16L.png,/data5/chensx/MyProject/UAE/data/arrangement_merged/chr_16/185290.12~A35.K_16R.png,0,-0.7751023565784656,,0.0007209181785583,-0.13247681033067998,chromosome
0,0.0010228157043457,185290,185290.12~A49.K_16,16,,normal,185290.12~A49.K_16L.png,185290.12~A49.K_16R.png,train,/data5/chensx/MyProject/UAE/data/arrangement_merged/chr_16/185290.12~A49.K_16L.png,/data5/chensx/MyProject/UAE/data/arrangement_merged/chr_16/185290.12~A49.K_16R.png,0,-0.3720345371053822,,0.0010228157043457,0.10841565126944186,chromosome
0,0.0010228157043457,185290,185290.12~A5.K_16,16,,normal,185290.12~A5.K_16L.png,185290.12~A5.K_16R.png,train,/data5/chensx/MyProject/UAE/data/arrangement_merged/chr_16/185290.12~A5.K_16L.png,/data5/chensx/MyProject/UAE/data/arrangement_merged/chr_16/185290.12~A5.K_16R.png,0,-0.3720345371053822,,0.0010228157043457,0.10841565126944186,chromosome
0,0.000955581665039,185290,185290.12~A50.K_16,16,,normal,185290.12~A50.K_16L.png,185290.12~A50.K_16R.png,train,/data5/chensx/MyProject/UAE/data/arrangement_merged/chr_16/185290.12~A50.K_16L.png,/data5/chensx/MyProject/UAE/data/arrangement_merged/chr_16/185290.12~A50.K_16R.png,0,-0.4617996901884302,,0.000955581665039,0.05476773484592052,chromosome
0,0.0008776187896728,185290,185290.12~A7.K_16,16,,normal,185290.12~A7.K_16L.png,185290.12~A7.K_16R.png,train,/data5/chensx/MyProject/UAE/data/arrangement_merged/chr_16/185290.12~A7.K_16L.png,/data5/chensx/MyProject/UAE/data/arrangement_merged/chr_16/185290.12~A7.K_16R.png,0,-0.5658890698272837,,0.0008776187896728,-0.007441019304694858,chromosome
0,0.0010732412338256,185290,185290.12~A8.K_16,16,,normal,185290.12~A8.K_16L.png,185290.12~A8.K_16R.png,train,/data5/chensx/MyProject/UAE/data/arrangement_merged/chr_16/185290.12~A8.K_16L.png,/data5/chensx/MyProject/UAE/data/arrangement_merged/chr_16/185290.12~A8.K_16R.png,0,-0.3047106722930963,,0.0010732412338256,0.14865158858698294,chromosome
0,0.0008209943771362,185290,185290.13~A13.K_16,16,,normal,185290.13~A13.K_16L.png,185290.13~A13.K_16R.png,train,/data5/chensx/MyProject/UAE/data/arrangement_merged/chr_16/185290.13~A13.K_16L.png,/data5/chensx/MyProject/UAE/data/arrangement_merged/chr_16/185290.13~A13.K_16R.png,0,-0.6414891544273684,,0.0008209943771362,-0.05262321842019238,chromosome
0,0.0006552934646606,185290,185290.13~A26.K_16,16,,normal,185290.13~A26.K_16L.png,185290.13~A26.K_16R.png,train,/data5/chensx/MyProject/UAE/data/arrangement_merged/chr_16/185290.13~A26.K_16L.png,/data5/chensx/MyProject/UAE/data/arrangement_merged/chr_16/185290.13~A26.K_16R.png,0,-0.8627188756781426,,0.0006552934646606,-0.18484060109507733,chromosome
0,0.0009429454803466,185290,185290.13~A28.K_16,16,,normal,185290.13~A28.K_16L.png,185290.13~A28.K_16R.png,train,/data5/chensx/MyProject/UAE/data/arrangement_merged/chr_16/185290.13~A28.K_16L.png,/data5/chensx/MyProject/UAE/data/arrangement_merged/chr_16/185290.13~A28.K_16R.png,0,-0.4786704459097123,,0.0009429454803466,0.04468497041170776,chromosome
0,0.0005411505699157,185290,185290.13~A30.K_16,16,,normal,185290.13~A30.K_16L.png,185290.13~A30.K_16R.png,train,/data5/chensx/MyProject/UAE/data/arrangement_merged/chr_16/185290.13~A30.K_16L.png,/data5/chensx/MyProject/UAE/data/arrangement_merged/chr_16/185290.13~A30.K_16R.png,0,-1.0151127304246292,,0.0005411505699157,-0.2759184024700567,chromosome
0,0.0007294416427612,185290,185290.13~A35.K_16,16,,normal,185290.13~A35.K_16L.png,185290.13~A35.K_16R.png,train,/data5/chensx/MyProject/UAE/data/arrangement_merged/chr_16/185290.13~A35.K_16L.png,/data5/chensx/MyProject/UAE/data/arrangement_merged/chr_16/185290.13~A35.K_16R.png,0,-0.7637225543702423,,0.0007294416427612,-0.12567570035853987,chromosome
0,0.0009225606918334,185290,185290.13~A36.K_16,16,,normal,185290.13~A36.K_16L.png,185290.13~A36.K_16R.png,train,/data5/chensx/MyProject/UAE/data/arrangement_merged/chr_16/185290.13~A36.K_16L.png,/data5/chensx/MyProject/UAE/data/arrangement_merged/chr_16/185290.13~A36.K_16R.png,0,-0.5058864763657428,,0.0009225606918334,0.028419378730109517,chromosome
0,0.0009686946868896,185290,185290.13~A46.K_16,16,,normal,185290.13~A46.K_16L.png,185290.13~A46.K_16R.png,train,/data5/chensx/MyProject/UAE/data/arrangement_merged/chr_16/185290.13~A46.K_16L.png,/data5/chensx/MyProject/UAE/data/arrangement_merged/chr_16/185290.13~A46.K_16R.png,0,-0.444292302175779,,0.0009686946868896,0.0652309809568929,chromosome
0,0.0011157989501953,185290,185290.13~A6.K_16,16,,normal,185290.13~A6.K_16L.png,185290.13~A6.K_16R.png,train,/data5/chensx/MyProject/UAE/data/arrangement_merged/chr_16/185290.13~A6.K_16L.png,/data5/chensx/MyProject/UAE/data/arrangement_merged/chr_16/185290.13~A6.K_16R.png,0,-0.247891240288401,,0.0011157989501953,0.1826095782380684,chromosome
0,0.0008388757705688,185290,185290.13~A7.K_16,16,,normal,185290.13~A7.K_16L.png,185290.13~A7.K_16R.png,train,/data5/chensx/MyProject/UAE/data/arrangement_merged/chr_16/185290.13~A7.K_16L.png,/data5/chensx/MyProject/UAE/data/arrangement_merged/chr_16/185290.13~A7.K_16R.png,0,-0.6176154435010259,,0.0008388757705688,-0.038355155541622644,chromosome
0,0.0010298490524291,185290,185290.14~A27.K_16,16,,normal,185290.14~A27.K_16L.png,185290.14~A27.K_16R.png,train,/data5/chensx/MyProject/UAE/data/arrangement_merged/chr_16/185290.14~A27.K_16L.png,/data5/chensx/MyProject/UAE/data/arrangement_merged/chr_16/185290.14~A27.K_16R.png,0,-0.3626442108076875,,0.0010298490524291,0.11402775600160787,chromosome
0,0.0008884072303771,185290,185290.14~A31.K_16,16,,normal,185290.14~A31.K_16L.png,185290.14~A31.K_16R.png,train,/data5/chensx/MyProject/UAE/data/arrangement_merged/chr_16/185290.14~A31.K_16L.png,/data5/chensx/MyProject/UAE/data/arrangement_merged/chr_16/185290.14~A31.K_16R.png,0,-0.5514852642350571,,0.0008884072303771,0.0011673786320140947,chromosome
0,0.001192033290863,185290,185290.14~A44.K_16,16,,normal,185290.14~A44.K_16L.png,185290.14~A44.K_16R.png,train,/data5/chensx/MyProject/UAE/data/arrangement_merged/chr_16/185290.14~A44.K_16L.png,/data5/chensx/MyProject/UAE/data/arrangement_merged/chr_16/185290.14~A44.K_16R.png,0,-0.1461096527057606,,0.001192033290863,0.2434390863104098,chromosome
0,0.0009421706199645,185290,185290.14~A47.K_16,16,,normal,185290.14~A47.K_16L.png,185290.14~A47.K_16R.png,train,/data5/chensx/MyProject/UAE/data/arrangement_merged/chr_16/185290.14~A47.K_16L.png,/data5/chensx/MyProject/UAE/data/arrangement_merged/chr_16/185290.14~A47.K_16R.png,0,-0.4797049733831871,,0.0009421706199645,0.044066687686953224,chromosome
0,0.0009392499923706,185290,185290.1~A31.K_16,16,,normal,185290.1~A31.K_16L.png,185290.1~A31.K_16R.png,train,/data5/chensx/MyProject/UAE/data/arrangement_merged/chr_16/185290.1~A31.K_16L.png,/data5/chensx/MyProject/UAE/data/arrangement_merged/chr_16/185290.1~A31.K_16R.png,0,-0.4836043461678231,,0.0009392499923706,0.041736237416859764,chromosome
0,0.00074303150177,185290,185290.1~A32.K_16,16,,normal,185290.1~A32.K_16L.png,185290.1~A32.K_16R.png,train,/data5/chensx/MyProject/UAE/data/arrangement_merged/chr_16/185290.1~A32.K_16L.png,/data5/chensx/MyProject/UAE/data/arrangement_merged/chr_16/185290.1~A32.K_16R.png,0,-0.745578534066222,,0.00074303150177,-0.11483197257080767,chromosome
0,0.0006647706031799,185290,185290.1~A35.K_16,16,,normal,185290.1~A35.K_16L.png,185290.1~A35.K_16R.png,train,/data5/chensx/MyProject/UAE/data/arrangement_merged/chr_16/185290.1~A35.K_16L.png,/data5/chensx/MyProject/UAE/data/arrangement_merged/chr_16/185290.1~A35.K_16R.png,0,-0.8500658088871812,,0.0006647706031799,-0.17727852776941777,chromosome
0,0.0009565949440002,185290,185290.2~A19.K_16,16,,normal,185290.2~A19.K_16L.png,185290.2~A19.K_16R.png,train,/data5/chensx/MyProject/UAE/data/arrangement_merged/chr_16/185290.2~A19.K_16L.png,/data5/chensx/MyProject/UAE/data/arrangement_merged/chr_16/185290.2~A19.K_16R.png,0,-0.4604468465692708,,0.0009565949440002,0.05557625840905487,chromosome
0,0.0007268786430358,185290,185290.3~A26.K_16,16,,normal,185290.3~A26.K_16L.png,185290.3~A26.K_16R.png,train,/data5/chensx/MyProject/UAE/data/arrangement_merged/chr_16/185290.3~A26.K_16L.png,/data5/chensx/MyProject/UAE/data/arrangement_merged/chr_16/185290.3~A26.K_16R.png,0,-0.7671444529363514,,0.0007268786430358,-0.12772078937118328,chromosome
0,0.0009940862655639,185290,185290.3~A32.K_16,16,,normal,185290.3~A32.K_16L.png,185290.3~A32.K_16R.png,train,/data5/chensx/MyProject/UAE/data/arrangement_merged/chr_16/185290.3~A32.K_16L.png,/data5/chensx/MyProject/UAE/data/arrangement_merged/chr_16/185290.3~A32.K_16R.png,0,-0.4103916326603726,,0.0009940862655639,0.0854916302444684,chromosome
0,0.000651478767395,185290,185290.4~A11.K_16,16,,normal,185290.4~A11.K_16L.png,185290.4~A11.K_16R.png,train,/data5/chensx/MyProject/UAE/data/arrangement_merged/chr_16/185290.4~A11.K_16L.png,/data5/chensx/MyProject/UAE/data/arrangement_merged/chr_16/185290.4~A11.K_16R.png,0,-0.8678119340090957,,0.000651478767395,-0.18788445450915514,chromosome
0,0.0009770393371582,185290,185290.4~A15.K_16,16,,normal,185290.4~A15.K_16L.png,185290.4~A15.K_16R.png,train,/data5/chensx/MyProject/UAE/data/arrangement_merged/chr_16/185290.4~A15.K_16L.png,/data5/chensx/MyProject/UAE/data/arrangement_merged/chr_16/185290.4~A15.K_16R.png,0,-0.4331512370768192,,0.0009770393371582,0.07188941030026812,chromosome
0,0.0010210275650024,185290,185290.4~A18.K_16,16,,normal,185290.4~A18.K_16L.png,185290.4~A18.K_16R.png,train,/data5/chensx/MyProject/UAE/data/arrangement_merged/chr_16/185290.4~A18.K_16L.png,/data5/chensx/MyProject/UAE/data/arrangement_merged/chr_16/185290.4~A18.K_16R.png,0,-0.3744219081980165,,0.0010210275650024,0.10698884498155288,chromosome
0,0.0008164644241333,185290,185290.4~A28.K_16,16,,normal,185290.4~A28.K_16L.png,185290.4~A28.K_16R.png,train,/data5/chensx/MyProject/UAE/data/arrangement_merged/chr_16/185290.4~A28.K_16L.png,/data5/chensx/MyProject/UAE/data/arrangement_merged/chr_16/185290.4~A28.K_16R.png,0,-0.6475371611953752,,0.0008164644241333,-0.05623779434940983,chromosome
0,0.0007498264312744,185290,185290.4~A29.K_16,16,,normal,185290.4~A29.K_16L.png,185290.4~A29.K_16R.png,train,/data5/chensx/MyProject/UAE/data/arrangement_merged/chr_16/185290.4~A29.K_16L.png,/data5/chensx/MyProject/UAE/data/arrangement_merged/chr_16/185290.4~A29.K_16R.png,0,-0.7365065239142118,,0.0007498264312744,-0.10941010867694162,chromosome
0,0.0007119178771972,185290,185290.4~A37.K_16,16,,normal,185290.4~A37.K_16L.png,185290.4~A37.K_16R.png,train,/data5/chensx/MyProject/UAE/data/arrangement_merged/chr_16/185290.4~A37.K_16L.png,/data5/chensx/MyProject/UAE/data/arrangement_merged/chr_16/185290.4~A37.K_16R.png,0,-0.7871187910780579,,0.0007119178771972,-0.1396584019795797,chromosome
0,0.0008230209350585,185290,185290.4~A9.K_16,16,,normal,185290.4~A9.K_16L.png,185290.4~A9.K_16R.png,train,/data5/chensx/MyProject/UAE/data/arrangement_merged/chr_16/185290.4~A9.K_16L.png,/data5/chensx/MyProject/UAE/data/arrangement_merged/chr_16/185290.4~A9.K_16R.png,0,-0.6387834671890497,,0.0008230209350585,-0.05100617129400344,chromosome
0,0.0005827546119689,185824,185824.11~A10.K_16,16,,normal,185824.11~A10.K_16L.png,185824.11~A10.K_16R.png,train,/data5/chensx/MyProject/UAE/data/arrangement_merged/chr_16/185824.11~A10.K_16L.png,/data5/chensx/MyProject/UAE/data/arrangement_merged/chr_16/185824.11~A10.K_16R.png,0,-0.9090837972548466,,0.0005827546119689,-0.24272137617257056,chromosome
0,0.000696063041687,185824,185824.11~A15.K_16,16,,normal,185824.11~A15.K_16L.png,185824.11~A15.K_16R.png,train,/data5/chensx/MyProject/UAE/data/arrangement_merged/chr_16/185824.11~A15.K_16L.png,/data5/chensx/MyProject/UAE/data/arrangement_merged/chr_16/185824.11~A15.K_16R.png,0,-0.7614243242617562,,0.000696063041687,-0.15230941773188075,chromosome
0,0.0006552934646606,185824,185824.11~A31.K_16,16,,normal,185824.11~A31.K_16L.png,185824.11~A31.K_16R.png,train,/data5/chensx/MyProject/UAE/data/arrangement_merged/chr_16/185824.11~A31.K_16L.png,/data5/chensx/MyProject/UAE/data/arrangement_merged/chr_16/185824.11~A31.K_16R.png,0,-0.8145537716722107,,0.0006552934646606,-0.18484060109507733,chromosome
0,0.0006857514381408,185824,185824.12~A12.K_16,16,,normal,185824.12~A12.K_16L.png,185824.12~A12.K_16R.png,train,/data5/chensx/MyProject/UAE/data/arrangement_merged/chr_16/185824.12~A12.K_16L.png,/data5/chensx/MyProject/UAE/data/arrangement_merged/chr_16/185824.12~A12.K_16R.png,0,-0.7748620353758039,,0.0006857514381408,-0.16053733399190975,chromosome
0,0.0007272362709045,185824,185824.12~A28.K_16,16,,normal,185824.12~A28.K_16L.png,185824.12~A28.K_16R.png,train,/data5/chensx/MyProject/UAE/data/arrangement_merged/chr_16/185824.12~A28.K_16L.png,/data5/chensx/MyProject/UAE/data/arrangement_merged/chr_16/185824.12~A28.K_16R.png,0,-0.720800492396745,,0.0007272362709045,-0.12743542811357356,chromosome
0,0.0009060502052307,185824,185824.12~A31.K_16,16,,normal,185824.12~A31.K_16L.png,185824.12~A31.K_16R.png,train,/data5/chensx/MyProject/UAE/data/arrangement_merged/chr_16/185824.12~A31.K_16L.png,/data5/chensx/MyProject/UAE/data/arrangement_merged/chr_16/185824.12~A31.K_16R.png,0,-0.4877766002456293,,0.0009060502052307,0.01524520067228378,chromosome
0,0.0009889602661132,185824,185824.12~A38.K_16,16,,normal,185824.12~A38.K_16L.png,185824.12~A38.K_16R.png,train,/data5/chensx/MyProject/UAE/data/arrangement_merged/chr_16/185824.12~A38.K_16L.png,/data5/chensx/MyProject/UAE/data/arrangement_merged/chr_16/185824.12~A38.K_16R.png,0,-0.3797311889182287,,0.0009889602661132,0.08140145221926132,chromosome
0,0.0006600022315979,185824,185824.12~A48.K_16,16,,normal,185824.12~A48.K_16L.png,185824.12~A48.K_16R.png,train,/data5/chensx/MyProject/UAE/data/arrangement_merged/chr_16/185824.12~A48.K_16L.png,/data5/chensx/MyProject/UAE/data/arrangement_merged/chr_16/185824.12~A48.K_16R.png,0,-0.8084174758455646,,0.0006600022315979,-0.18108334453701513,chromosome
0,0.0009317398071289,185824,185824.12~A7.K_16,16,,normal,185824.12~A7.K_16L.png,185824.12~A7.K_16R.png,train,/data5/chensx/MyProject/UAE/data/arrangement_merged/chr_16/185824.12~A7.K_16L.png,/data5/chensx/MyProject/UAE/data/arrangement_merged/chr_16/185824.12~A7.K_16R.png,0,-0.4542988344065857,,0.0009317398071289,0.03574365100785401,chromosome
0,0.0005093812942504,185824,185824.13~A1.K_16,16,,normal,185824.13~A1.K_16L.png,185824.13~A1.K_16R.png,train,/data5/chensx/MyProject/UAE/data/arrangement_merged/chr_16/185824.13~A1.K_16L.png,/data5/chensx/MyProject/UAE/data/arrangement_merged/chr_16/185824.13~A1.K_16R.png,0,-1.004701267667521,,0.0005093812942504,-0.30126799418435346,chromosome
0,0.0007669329643249,185824,185824.13~A14.K_16,16,,normal,185824.13~A14.K_16L.png,185824.13~A14.K_16R.png,train,/data5/chensx/MyProject/UAE/data/arrangement_merged/chr_16/185824.13~A14.K_16L.png,/data5/chensx/MyProject/UAE/data/arrangement_merged/chr_16/185824.13~A14.K_16R.png,0,-0.6690691883391974,,0.0007669329643249,-0.09576032852312633,chromosome
0,0.00074303150177,185824,185824.13~A5.K_16,16,,normal,185824.13~A5.K_16L.png,185824.13~A5.K_16R.png,train,/data5/chensx/MyProject/UAE/data/arrangement_merged/chr_16/185824.13~A5.K_16L.png,/data5/chensx/MyProject/UAE/data/arrangement_merged/chr_16/185824.13~A5.K_16R.png,0,-0.7002167152567298,,0.00074303150177,-0.11483197257080767,chromosome
0,0.0006810426712036,185824,185824.1~A10.K_16,16,,normal,185824.1~A10.K_16L.png,185824.1~A10.K_16R.png,train,/data5/chensx/MyProject/UAE/data/arrangement_merged/chr_16/185824.1~A10.K_16L.png,/data5/chensx/MyProject/UAE/data/arrangement_merged/chr_16/185824.1~A10.K_16R.png,0,-0.78099833120245,,0.0006810426712036,-0.1642945905498921,chromosome
0,0.0006532669067382,185824,185824.1~A11.K_16,16,,normal,185824.1~A11.K_16L.png,185824.1~A11.K_16R.png,train,/data5/chensx/MyProject/UAE/data/arrangement_merged/chr_16/185824.1~A11.K_16L.png,/data5/chensx/MyProject/UAE/data/arrangement_merged/chr_16/185824.1~A11.K_16R.png,0,-0.81719470911659,,0.0006532669067382,-0.18645764822134603,chromosome
0,0.0007539987564086,185824,185824.1~A18.K_16,16,,normal,185824.1~A18.K_16L.png,185824.1~A18.K_16R.png,train,/data5/chensx/MyProject/UAE/data/arrangement_merged/chr_16/185824.1~A18.K_16L.png,/data5/chensx/MyProject/UAE/data/arrangement_merged/chr_16/185824.1~A18.K_16R.png,0,-0.6859245832047948,,0.0007539987564086,-0.10608089400533383,chromosome
0,0.0008862018585205,185824,185824.1~A39.K_16,16,,normal,185824.1~A39.K_16L.png,185824.1~A39.K_16R.png,train,/data5/chensx/MyProject/UAE/data/arrangement_merged/chr_16/185824.1~A39.K_16L.png,/data5/chensx/MyProject/UAE/data/arrangement_merged/chr_16/185824.1~A39.K_16R.png,0,-0.5136422522744032,,0.0008862018585205,-0.0005923491229398309,chromosome
0,0.0008226633071899,185824,185824.2~A10.K_16,16,,normal,185824.2~A10.K_16L.png,185824.2~A10.K_16R.png,train,/data5/chensx/MyProject/UAE/data/arrangement_merged/chr_16/185824.2~A10.K_16L.png,/data5/chensx/MyProject/UAE/data/arrangement_merged/chr_16/185824.2~A10.K_16R.png,0,-0.5964434086187663,,0.0008226633071899,-0.05129153255153333,chromosome
0,0.0009777545928955,185824,185824.2~A11.K_16,16,,normal,185824.2~A11.K_16L.png,185824.2~A11.K_16R.png,train,/data5/chensx/MyProject/UAE/data/arrangement_merged/chr_16/185824.2~A11.K_16L.png,/data5/chensx/MyProject/UAE/data/arrangement_merged/chr_16/185824.2~A11.K_16R.png,0,-0.394334019493032,,0.0009777545928955,0.07246013281540765,chromosome
0,0.0007135868072509,185824,185824.2~A14.K_16,16,,normal,185824.2~A14.K_16L.png,185824.2~A14.K_16R.png,train,/data5/chensx/MyProject/UAE/data/arrangement_merged/chr_16/185824.2~A14.K_16L.png,/data5/chensx/MyProject/UAE/data/arrangement_merged/chr_16/185824.2~A14.K_16R.png,0,-0.738587982830947,,0.0007135868072509,-0.13832671611092065,chromosome
0,0.000738501548767,185824,185824.2~A17.K_16,16,,normal,185824.2~A17.K_16L.png,185824.2~A17.K_16R.png,train,/data5/chensx/MyProject/UAE/data/arrangement_merged/chr_16/185824.2~A17.K_16L.png,/data5/chensx/MyProject/UAE/data/arrangement_merged/chr_16/185824.2~A17.K_16R.png,0,-0.7061199871912248,,0.000738501548767,-0.11844654850010497,chromosome
0,0.0008139014244079,185824,185824.2~A2.K_16,16,,normal,185824.2~A2.K_16L.png,185824.2~A2.K_16R.png,train,/data5/chensx/MyProject/UAE/data/arrangement_merged/chr_16/185824.2~A2.K_16L.png,/data5/chensx/MyProject/UAE/data/arrangement_merged/chr_16/185824.2~A2.K_16R.png,0,-0.607861579334171,,0.0008139014244079,-0.05828288336205325,chromosome
0,0.0009111762046813,185824,185824.2~A25.K_16,16,,normal,185824.2~A25.K_16L.png,185824.2~A25.K_16R.png,train,/data5/chensx/MyProject/UAE/data/arrangement_merged/chr_16/185824.2~A25.K_16L.png,/data5/chensx/MyProject/UAE/data/arrangement_merged/chr_16/185824.2~A25.K_16R.png,0,-0.481096582003964,,0.0009111762046813,0.019335378697411015,chromosome
0,0.0011031031608581,185824,185824.2~A27.K_16,16,,normal,185824.2~A27.K_16L.png,185824.2~A27.K_16R.png,train,/data5/chensx/MyProject/UAE/data/arrangement_merged/chr_16/185824.2~A27.K_16L.png,/data5/chensx/MyProject/UAE/data/arrangement_merged/chr_16/185824.2~A27.K_16R.png,0,-0.2309842710950998,,0.0011031031608581,0.1724792535942409,chromosome
0,0.0006440877914428,185824,185824.2~A7.K_16,16,,normal,185824.2~A7.K_16L.png,185824.2~A7.K_16R.png,train,/data5/chensx/MyProject/UAE/data/arrangement_merged/chr_16/185824.2~A7.K_16L.png,/data5/chensx/MyProject/UAE/data/arrangement_merged/chr_16/185824.2~A7.K_16R.png,0,-0.8291566022470138,,0.0006440877914428,-0.19378192049901083,chromosome
0,0.0008511543273925,185824,185824.2~A8.K_16,16,,normal,185824.2~A8.K_16L.png,185824.2~A8.K_16R.png,train,/data5/chensx/MyProject/UAE/data/arrangement_merged/chr_16/185824.2~A8.K_16L.png,/data5/chensx/MyProject/UAE/data/arrangement_merged/chr_16/185824.2~A8.K_16R.png,0,-0.5593149351360219,,0.0008511543273925,-0.02855775236501962,chromosome
0,0.0008776187896728,185824,185824.2~A9.K_16,16,,normal,185824.2~A9.K_16L.png,185824.2~A9.K_16R.png,train,/data5/chensx/MyProject/UAE/data/arrangement_merged/chr_16/185824.2~A9.K_16L.png,/data5/chensx/MyProject/UAE/data/arrangement_merged/chr_16/185824.2~A9.K_16R.png,0,-0.5248273990976567,,0.0008776187896728,-0.007441019304694858,chromosome
0,0.0007778406143188,185824,185824.3~A18.K_16,16,,normal,185824.3~A18.K_16L.png,185824.3~A18.K_16R.png,train,/data5/chensx/MyProject/UAE/data/arrangement_merged/chr_16/185824.3~A18.K_16L.png,/data5/chensx/MyProject/UAE/data/arrangement_merged/chr_16/185824.3~A18.K_16R.png,0,-0.6548547309179793,,0.0007778406143188,-0.08705681016718764,chromosome
0,0.0008738040924072,185824,185824.3~A2.K_16,16,,normal,185824.3~A2.K_16L.png,185824.3~A2.K_16R.png,train,/data5/chensx/MyProject/UAE/data/arrangement_merged/chr_16/185824.3~A2.K_16L.png,/data5/chensx/MyProject/UAE/data/arrangement_merged/chr_16/185824.3~A2.K_16R.png,0,-0.5297985754635472,,0.0008738040924072,-0.010484872718772685,chromosome
0,0.0009406208992004,185824,185824.3~A28.K_16,16,,normal,185824.3~A28.K_16L.png,185824.3~A28.K_16R.png,train,/data5/chensx/MyProject/UAE/data/arrangement_merged/chr_16/185824.3~A28.K_16L.png,/data5/chensx/MyProject/UAE/data/arrangement_merged/chr_16/185824.3~A28.K_16R.png,0,-0.442725314429747,,0.0009406208992004,0.042830122237524006,chromosome
0,0.0005508065223693,185824,185824.3~A41.K_16,16,,normal,185824.3~A41.K_16L.png,185824.3~A41.K_16R.png,train,/data5/chensx/MyProject/UAE/data/arrangement_merged/chr_16/185824.3~A41.K_16L.png,/data5/chensx/MyProject/UAE/data/arrangement_merged/chr_16/185824.3~A41.K_16R.png,0,-0.9507173993191792,,0.0005508065223693,-0.2682136485156323,chromosome
0,0.0010260343551635,185824,185824.3~A43.K_16,16,,normal,185824.3~A43.K_16L.png,185824.3~A43.K_16R.png,train,/data5/chensx/MyProject/UAE/data/arrangement_merged/chr_16/185824.3~A43.K_16L.png,/data5/chensx/MyProject/UAE/data/arrangement_merged/chr_16/185824.3~A43.K_16R.png,0,-0.3314175686122307,,0.0010260343551635,0.11098390258753013,chromosome
0,0.0006822347640991,185824,185824.3~A46.K_16,16,,normal,185824.3~A46.K_16L.png,185824.3~A46.K_16R.png,train,/data5/chensx/MyProject/UAE/data/arrangement_merged/chr_16/185824.3~A46.K_16L.png,/data5/chensx/MyProject/UAE/data/arrangement_merged/chr_16/185824.3~A46.K_16R.png,0,-0.7794448385881092,,0.0006822347640991,-0.16334338635799284,chromosome
0,0.0006117820739746,Q242362,Q242362.11~A39.K_16,16,,normal,Q242362.11~A39.K_16L.png,Q242362.11~A39.K_16R.png,train,/data5/chensx/MyProject/UAE/data/arrangement_merged/chr_16/Q242362.11~A39.K_16L.png,/data5/chensx/MyProject/UAE/data/arrangement_merged/chr_16/Q242362.11~A39.K_16R.png,0,-0.9276981249287668,,0.0006117820739746,-0.21955955409960237,chromosome
0,0.0010115504264831,Q242362,Q242362.12~A25.K_16,16,,normal,Q242362.12~A25.K_16L.png,Q242362.12~A25.K_16R.png,train,/data5/chensx/MyProject/UAE/data/arrangement_merged/chr_16/Q242362.12~A25.K_16L.png,/data5/chensx/MyProject/UAE/data/arrangement_merged/chr_16/Q242362.12~A25.K_16R.png,0,-0.4026649458704961,,0.0010115504264831,0.09942677165589342,chromosome
0,0.0010530948638916,Q242362,Q242362.12~A30.K_16,16,,normal,Q242362.12~A30.K_16L.png,Q242362.12~A30.K_16R.png,train,/data5/chensx/MyProject/UAE/data/arrangement_merged/chr_16/Q242362.12~A30.K_16L.png,/data5/chensx/MyProject/UAE/data/arrangement_merged/chr_16/Q242362.12~A30.K_16R.png,0,-0.3481028278141946,,0.0010530948638916,0.13257623774384444,chromosome
0,0.0007774233818054,Q242362,Q242362.12~A6.K_16,16,,normal,Q242362.12~A6.K_16L.png,Q242362.12~A6.K_16R.png,train,/data5/chensx/MyProject/UAE/data/arrangement_merged/chr_16/Q242362.12~A6.K_16L.png,/data5/chensx/MyProject/UAE/data/arrangement_merged/chr_16/Q242362.12~A6.K_16R.png,0,-0.7101541850744453,,0.0007774233818054,-0.08738973163433243,chromosome
0,0.0005751252174377,Q242362,Q242362.13~A12.K_16,16,,normal,Q242362.13~A12.K_16L.png,Q242362.13~A12.K_16R.png,train,/data5/chensx/MyProject/UAE/data/arrangement_merged/chr_16/Q242362.13~A12.K_16L.png,/data5/chensx/MyProject/UAE/data/arrangement_merged/chr_16/Q242362.13~A12.K_16R.png,0,-0.9758411702725622,,0.0005751252174377,-0.2488090830007263,chromosome
0,0.0008323192596435,Q242362,Q242362.13~A3.K_16,16,,normal,Q242362.13~A3.K_16L.png,Q242362.13~A3.K_16R.png,train,/data5/chensx/MyProject/UAE/data/arrangement_merged/chr_16/Q242362.13~A3.K_16L.png,/data5/chensx/MyProject/UAE/data/arrangement_merged/chr_16/Q242362.13~A3.K_16R.png,0,-0.6380570391205662,,0.0008323192596435,-0.04358677859710879,chromosome
0,0.0007624626159667,Q242362,Q242362.13~A33.K_16,16,,normal,Q242362.13~A33.K_16L.png,Q242362.13~A33.K_16R.png,train,/data5/chensx/MyProject/UAE/data/arrangement_merged/chr_16/Q242362.13~A33.K_16L.png,/data5/chensx/MyProject/UAE/data/arrangement_merged/chr_16/Q242362.13~A33.K_16R.png,0,-0.7298028100846773,,0.0007624626159667,-0.09932734424280872,chromosome
0,0.0008435845375061,Q242362,Q242362.13~A6.K_16,16,,normal,Q242362.13~A6.K_16L.png,Q242362.13~A6.K_16R.png,train,/data5/chensx/MyProject/UAE/data/arrangement_merged/chr_16/Q242362.13~A6.K_16L.png,/data5/chensx/MyProject/UAE/data/arrangement_merged/chr_16/Q242362.13~A6.K_16R.png,0,-0.6232618593319851,,0.0008435845375061,-0.03459789898356036,chromosome
0,0.0007248520851135,Q242362,Q242362.14~A13.K_16,16,,normal,Q242362.14~A13.K_16L.png,Q242362.14~A13.K_16R.png,train,/data5/chensx/MyProject/UAE/data/arrangement_merged/chr_16/Q242362.14~A13.K_16L.png,/data5/chensx/MyProject/UAE/data/arrangement_merged/chr_16/Q242362.14~A13.K_16R.png,0,-0.7791983574211568,,0.0007248520851135,-0.12933783649737224,chromosome
0,0.0006719231605529,Q242362,Q242362.14~A25.K_16,16,,normal,Q242362.14~A25.K_16L.png,Q242362.14~A25.K_16R.png,train,/data5/chensx/MyProject/UAE/data/arrangement_merged/chr_16/Q242362.14~A25.K_16L.png,/data5/chensx/MyProject/UAE/data/arrangement_merged/chr_16/Q242362.14~A25.K_16R.png,0,-0.848712218015125,,0.0006719231605529,-0.17157130261802175,chromosome
0,0.0006834268569946,Q242362,Q242362.14~A29.K_16,16,,normal,Q242362.14~A29.K_16L.png,Q242362.14~A29.K_16R.png,train,/data5/chensx/MyProject/UAE/data/arrangement_merged/chr_16/Q242362.14~A29.K_16L.png,/data5/chensx/MyProject/UAE/data/arrangement_merged/chr_16/Q242362.14~A29.K_16R.png,0,-0.833603912728373,,0.0006834268569946,-0.1623921821660935,chromosome
0,0.0006955862045288,Q242362,Q242362.14~A36.K_16,16,,normal,Q242362.14~A36.K_16L.png,Q242362.14~A36.K_16R.png,train,/data5/chensx/MyProject/UAE/data/arrangement_merged/chr_16/Q242362.14~A36.K_16L.png,/data5/chensx/MyProject/UAE/data/arrangement_merged/chr_16/Q242362.14~A36.K_16R.png,0,-0.8176345123216505,,0.0006955862045288,-0.15268989940864047,chromosome
0,0.0008227825164794,Q242362,Q242362.14~A48.K_16,16,,normal,Q242362.14~A48.K_16L.png,Q242362.14~A48.K_16R.png,train,/data5/chensx/MyProject/UAE/data/arrangement_merged/chr_16/Q242362.14~A48.K_16L.png,/data5/chensx/MyProject/UAE/data/arrangement_merged/chr_16/Q242362.14~A48.K_16R.png,0,-0.6505820590474073,,0.0008227825164794,-0.051196412132383254,chromosome
0,0.000801682472229,Q242362,Q242362.1~A28.K_16,16,,normal,Q242362.1~A28.K_16L.png,Q242362.1~A28.K_16R.png,train,/data5/chensx/MyProject/UAE/data/arrangement_merged/chr_16/Q242362.1~A28.K_16L.png,/data5/chensx/MyProject/UAE/data/arrangement_merged/chr_16/Q242362.1~A28.K_16R.png,0,-0.6782936656355433,,0.000801682472229,-0.06803272632904135,chromosome
0,0.0008091330528259,Q242362,Q242362.1~A32.K_16,16,,normal,Q242362.1~A32.K_16L.png,Q242362.1~A32.K_16R.png,train,/data5/chensx/MyProject/UAE/data/arrangement_merged/chr_16/Q242362.1~A32.K_16L.png,/data5/chensx/MyProject/UAE/data/arrangement_merged/chr_16/Q242362.1~A32.K_16R.png,0,-0.6685084938176986,,0.0008091330528259,-0.0620877001296506,chromosome
0,0.0006476640701293,Q242362,Q242362.1~A4.K_16,16,,normal,Q242362.1~A4.K_16L.png,Q242362.1~A4.K_16R.png,train,/data5/chensx/MyProject/UAE/data/arrangement_merged/chr_16/Q242362.1~A4.K_16L.png,/data5/chensx/MyProject/UAE/data/arrangement_merged/chr_16/Q242362.1~A4.K_16R.png,0,-0.8805727374540271,,0.0006476640701293,-0.19092830792331283,chromosome
0,0.000741422176361,Q242362,Q242362.1~A9.K_16,16,,normal,Q242362.1~A9.K_16L.png,Q242362.1~A9.K_16R.png,train,/data5/chensx/MyProject/UAE/data/arrangement_merged/chr_16/Q242362.1~A9.K_16L.png,/data5/chensx/MyProject/UAE/data/arrangement_merged/chr_16/Q242362.1~A9.K_16R.png,0,-0.7574361352982705,,0.000741422176361,-0.11611609822993166,chromosome
0,0.000690221786499,Q242362,Q242362.2~A14.K_16,16,,normal,Q242362.2~A14.K_16L.png,Q242362.2~A14.K_16R.png,train,/data5/chensx/MyProject/UAE/data/arrangement_merged/chr_16/Q242362.2~A14.K_16L.png,/data5/chensx/MyProject/UAE/data/arrangement_merged/chr_16/Q242362.2~A14.K_16R.png,0,-0.8246798360304987,,0.000690221786499,-0.15697031827222738,chromosome
0,0.0007609128952026,Q242362,Q242362.2~A2.K_16,16,,normal,Q242362.2~A2.K_16L.png,Q242362.2~A2.K_16R.png,train,/data5/chensx/MyProject/UAE/data/arrangement_merged/chr_16/Q242362.2~A2.K_16L.png,/data5/chensx/MyProject/UAE/data/arrangement_merged/chr_16/Q242362.2~A2.K_16R.png,0,-0.731838125822789,,0.0007609128952026,-0.10056390969223794,chromosome
0,0.0009384751319885,Q242362,Q242362.2~A7.K_16,16,,normal,Q242362.2~A7.K_16L.png,Q242362.2~A7.K_16R.png,train,/data5/chensx/MyProject/UAE/data/arrangement_merged/chr_16/Q242362.2~A7.K_16L.png,/data5/chensx/MyProject/UAE/data/arrangement_merged/chr_16/Q242362.2~A7.K_16R.png,0,-0.4986379110599162,,0.0009384751319885,0.04111795469210523,chromosome
0,0.000786542892456,Q242362,Q242362.2~A9.K_16,16,,normal,Q242362.2~A9.K_16L.png,Q242362.2~A9.K_16R.png,train,/data5/chensx/MyProject/UAE/data/arrangement_merged/chr_16/Q242362.2~A9.K_16L.png,/data5/chensx/MyProject/UAE/data/arrangement_merged/chr_16/Q242362.2~A9.K_16R.png,0,-0.6981771347694035,,0.000786542892456,-0.08011301956628254,chromosome
0,0.0007025003433227,Q242362,Q242362.3~A15.K_16,16,,normal,Q242362.3~A15.K_16L.png,Q242362.3~A15.K_16R.png,train,/data5/chensx/MyProject/UAE/data/arrangement_merged/chr_16/Q242362.3~A15.K_16L.png,/data5/chensx/MyProject/UAE/data/arrangement_merged/chr_16/Q242362.3~A15.K_16R.png,0,-0.8085538728746907,,0.0007025003433227,-0.14717291509562436,chromosome
0,0.0009135007858276,Q242362,Q242362.4~A30.K_16,16,,normal,Q242362.4~A30.K_16L.png,Q242362.4~A30.K_16R.png,train,/data5/chensx/MyProject/UAE/data/arrangement_merged/chr_16/Q242362.4~A30.K_16L.png,/data5/chensx/MyProject/UAE/data/arrangement_merged/chr_16/Q242362.4~A30.K_16R.png,0,-0.5314378069933313,,0.0009135007858276,0.021190226871674534,chromosome
0,0.0007461309432983,Q242362,Q242362.4~A42.K_16,16,,normal,Q242362.4~A42.K_16L.png,Q242362.4~A42.K_16R.png,train,/data5/chensx/MyProject/UAE/data/arrangement_merged/chr_16/Q242362.4~A42.K_16L.png,/data5/chensx/MyProject/UAE/data/arrangement_merged/chr_16/Q242362.4~A42.K_16R.png,0,-0.7512519067093927,,0.0007461309432983,-0.11235884167186938,chromosome
0,0.0006881952285766,Q242664,Q242664.11~A21.K_16,16,,normal,Q242664.11~A21.K_16L.png,Q242664.11~A21.K_16R.png,train,/data5/chensx/MyProject/UAE/data/arrangement_merged/chr_16/Q242664.11~A21.K_16L.png,/data5/chensx/MyProject/UAE/data/arrangement_merged/chr_16/Q242664.11~A21.K_16R.png,0,-0.7846712460284274,,0.0006881952285766,-0.15858736539849616,chromosome
0,0.0006973147392272,Q242664,Q242664.12~A1.K_16,16,,normal,Q242664.12~A1.K_16L.png,Q242664.12~A1.K_16R.png,train,/data5/chensx/MyProject/UAE/data/arrangement_merged/chr_16/Q242664.12~A1.K_16L.png,/data5/chensx/MyProject/UAE/data/arrangement_merged/chr_16/Q242664.12~A1.K_16R.png,0,-0.7723277785159309,,0.0006973147392272,-0.15131065333044627,chromosome
0,0.0005711317062377,Q242664,Q242664.12~A16.K_16,16,,normal,Q242664.12~A16.K_16L.png,Q242664.12~A16.K_16R.png,train,/data5/chensx/MyProject/UAE/data/arrangement_merged/chr_16/Q242664.12~A16.K_16L.png,/data5/chensx/MyProject/UAE/data/arrangement_merged/chr_16/Q242664.12~A16.K_16R.png,0,-0.9431194172345926,,0.0005711317062377,-0.25199561704364887,chromosome
0,0.0009897947311401,Q242664,Q242664.12~A19.K_16,16,,normal,Q242664.12~A19.K_16L.png,Q242664.12~A19.K_16R.png,train,/data5/chensx/MyProject/UAE/data/arrangement_merged/chr_16/Q242664.12~A19.K_16L.png,/data5/chensx/MyProject/UAE/data/arrangement_merged/chr_16/Q242664.12~A19.K_16R.png,0,-0.3764493792752728,,0.0009897947311401,0.08206729515363086,chromosome
0,0.0007946491241455,Q242664,Q242664.12~A22.K_16,16,,normal,Q242664.12~A22.K_16L.png,Q242664.12~A22.K_16R.png,train,/data5/chensx/MyProject/UAE/data/arrangement_merged/chr_16/Q242664.12~A22.K_16L.png,/data5/chensx/MyProject/UAE/data/arrangement_merged/chr_16/Q242664.12~A22.K_16R.png,0,-0.6405834487910491,,0.0007946491241455,-0.07364483106128732,chromosome
0,0.0007928013801574,Q242664,Q242664.12~A24.K_16,16,,normal,Q242664.12~A24.K_16L.png,Q242664.12~A24.K_16R.png,train,/data5/chensx/MyProject/UAE/data/arrangement_merged/chr_16/Q242664.12~A24.K_16L.png,/data5/chensx/MyProject/UAE/data/arrangement_merged/chr_16/Q242664.12~A24.K_16R.png,0,-0.6430844127968491,,0.0007928013801574,-0.07511919755879112,chromosome
0,0.0011976361274719,Q242664,Q242664.12~A29.K_16,16,,normal,Q242664.12~A29.K_16L.png,Q242664.12~A29.K_16R.png,train,/data5/chensx/MyProject/UAE/data/arrangement_merged/chr_16/Q242664.12~A29.K_16L.png,/data5/chensx/MyProject/UAE/data/arrangement_merged/chr_16/Q242664.12~A29.K_16R.png,0,-0.0951312667519032,,0.0011976361274719,0.24790974601237653,chromosome
0,0.0005307793617248,Q242664,Q242664.12~A34.K_16,16,,normal,Q242664.12~A34.K_16L.png,Q242664.12~A34.K_16R.png,train,/data5/chensx/MyProject/UAE/data/arrangement_merged/chr_16/Q242664.12~A34.K_16L.png,/data5/chensx/MyProject/UAE/data/arrangement_merged/chr_16/Q242664.12~A34.K_16R.png,0,-0.9977372440709336,,0.0005307793617248,-0.2841938789396209,chromosome
0,0.0005650520324707,Q242664,Q242664.12~A37.K_16,16,,normal,Q242664.12~A37.K_16L.png,Q242664.12~A37.K_16R.png,train,/data5/chensx/MyProject/UAE/data/arrangement_merged/chr_16/Q242664.12~A37.K_16L.png,/data5/chensx/MyProject/UAE/data/arrangement_merged/chr_16/Q242664.12~A37.K_16R.png,0,-0.9513483955762568,,0.0005650520324707,-0.25684675842229565,chromosome
0,0.0006781816482543,Q242664,Q242664.12~A8.K_16,16,,normal,Q242664.12~A8.K_16L.png,Q242664.12~A8.K_16R.png,train,/data5/chensx/MyProject/UAE/data/arrangement_merged/chr_16/Q242664.12~A8.K_16L.png,/data5/chensx/MyProject/UAE/data/arrangement_merged/chr_16/Q242664.12~A8.K_16R.png,0,-0.7982248574146982,,0.0006781816482543,-0.16657748061053035,chromosome
0,0.0007500648498535,Q242664,Q242664.13~A20.K_16,16,,normal,Q242664.13~A20.K_16L.png,Q242664.13~A20.K_16R.png,train,/data5/chensx/MyProject/UAE/data/arrangement_merged/chr_16/Q242664.13~A20.K_16L.png,/data5/chensx/MyProject/UAE/data/arrangement_merged/chr_16/Q242664.13~A20.K_16R.png,0,-0.7009292899632547,,0.0007500648498535,-0.10921986783856172,chromosome
0,0.0008298754692077,Q242664,Q242664.13~A32.K_16,16,,normal,Q242664.13~A32.K_16L.png,Q242664.13~A32.K_16R.png,train,/data5/chensx/MyProject/UAE/data/arrangement_merged/chr_16/Q242664.13~A32.K_16L.png,/data5/chensx/MyProject/UAE/data/arrangement_merged/chr_16/Q242664.13~A32.K_16R.png,0,-0.5929037801643467,,0.0008298754692077,-0.045536747190522385,chromosome
0,0.0009496212005615,Q242664,Q242664.13~A33.K_16,16,,normal,Q242664.13~A33.K_16L.png,Q242664.13~A33.K_16R.png,train,/data5/chensx/MyProject/UAE/data/arrangement_merged/chr_16/Q242664.13~A33.K_16L.png,/data5/chensx/MyProject/UAE/data/arrangement_merged/chr_16/Q242664.13~A33.K_16R.png,0,-0.430825177336859,,0.0009496212005615,0.05001171388642383,chromosome
0,0.000747799873352,Q242664,Q242664.13~A42.K_16,16,,normal,Q242664.13~A42.K_16L.png,Q242664.13~A42.K_16R.png,train,/data5/chensx/MyProject/UAE/data/arrangement_merged/chr_16/Q242664.13~A42.K_16L.png,/data5/chensx/MyProject/UAE/data/arrangement_merged/chr_16/Q242664.13~A42.K_16R.png,0,-0.7039949877768159,,0.000747799873352,-0.11102715580321032,chromosome
0,0.0007970333099365,Q242664,Q242664.13~A50.K_16,16,,normal,Q242664.13~A50.K_16L.png,Q242664.13~A50.K_16R.png,train,/data5/chensx/MyProject/UAE/data/arrangement_merged/chr_16/Q242664.13~A50.K_16L.png,/data5/chensx/MyProject/UAE/data/arrangement_merged/chr_16/Q242664.13~A50.K_16R.png,0,-0.6373563984609847,,0.0007970333099365,-0.07174242267748863,chromosome
0,0.0008640885353088,Q242664,Q242664.14~A47.K_16,16,,normal,Q242664.14~A47.K_16L.png,Q242664.14~A47.K_16R.png,train,/data5/chensx/MyProject/UAE/data/arrangement_merged/chr_16/Q242664.14~A47.K_16L.png,/data5/chensx/MyProject/UAE/data/arrangement_merged/chr_16/Q242664.14~A47.K_16R.png,0,-0.5465956079279216,,0.0008640885353088,-0.018237186882812048,chromosome
0,0.0009728670120239,Q242664,Q242664.1~A14.K_16,16,,normal,Q242664.1~A14.K_16L.png,Q242664.1~A14.K_16R.png,train,/data5/chensx/MyProject/UAE/data/arrangement_merged/chr_16/Q242664.1~A14.K_16L.png,/data5/chensx/MyProject/UAE/data/arrangement_merged/chr_16/Q242664.1~A14.K_16R.png,0,-0.3993614366187305,,0.0009728670120239,0.06856019562858047,chromosome
0,0.0008456110954284,Q242664,Q242664.2~A1.K_16,16,,normal,Q242664.2~A1.K_16L.png,Q242664.2~A1.K_16R.png,train,/data5/chensx/MyProject/UAE/data/arrangement_merged/chr_16/Q242664.2~A1.K_16L.png,/data5/chensx/MyProject/UAE/data/arrangement_merged/chr_16/Q242664.2~A1.K_16R.png,0,-0.5716052479859213,,0.0008456110954284,-0.03298085185737142,chromosome
0,0.0007362365722656,Q242664,Q242664.2~A10.K_16,16,,normal,Q242664.2~A10.K_16L.png,Q242664.2~A10.K_16R.png,train,/data5/chensx/MyProject/UAE/data/arrangement_merged/chr_16/Q242664.2~A10.K_16L.png,/data5/chensx/MyProject/UAE/data/arrangement_merged/chr_16/Q242664.2~A10.K_16R.png,0,-0.7196461818776285,,0.0007362365722656,-0.12025383646467382,chromosome
0,0.0009733438491821,Q242664,Q242664.2~A30.K_16,16,,normal,Q242664.2~A30.K_16L.png,Q242664.2~A30.K_16R.png,train,/data5/chensx/MyProject/UAE/data/arrangement_merged/chr_16/Q242664.2~A30.K_16L.png,/data5/chensx/MyProject/UAE/data/arrangement_merged/chr_16/Q242664.2~A30.K_16R.png,0,-0.3987160265527176,,0.0009733438491821,0.06894067730534019,chromosome
0,0.0007492899894714,Q242664,Q242664.2~A32.K_16,16,,normal,Q242664.2~A32.K_16L.png,Q242664.2~A32.K_16R.png,train,/data5/chensx/MyProject/UAE/data/arrangement_merged/chr_16/Q242664.2~A32.K_16L.png,/data5/chensx/MyProject/UAE/data/arrangement_merged/chr_16/Q242664.2~A32.K_16R.png,0,-0.7019780813205255,,0.0007492899894714,-0.10983815056331625,chromosome
0,0.0008721947669982,Q242664,Q242664.2~A6.K_16,16,,normal,Q242664.2~A6.K_16L.png,Q242664.2~A6.K_16R.png,train,/data5/chensx/MyProject/UAE/data/arrangement_merged/chr_16/Q242664.2~A6.K_16L.png,/data5/chensx/MyProject/UAE/data/arrangement_merged/chr_16/Q242664.2~A6.K_16R.png,0,-0.5356236368057025,,0.0008721947669982,-0.011768998377896588,chromosome
0,0.0007022619247436,Q242664,Q242664.3~A19.K_16,16,,normal,Q242664.3~A19.K_16L.png,Q242664.3~A19.K_16R.png,train,/data5/chensx/MyProject/UAE/data/arrangement_merged/chr_16/Q242664.3~A19.K_16L.png,/data5/chensx/MyProject/UAE/data/arrangement_merged/chr_16/Q242664.3~A19.K_16R.png,0,-0.7656316490810471,,0.0007022619247436,-0.14736315593400426,chromosome
0,0.0006349682807922,Q242664,Q242664.3~A29.K_16,16,,normal,Q242664.3~A29.K_16L.png,Q242664.3~A29.K_16R.png,train,/data5/chensx/MyProject/UAE/data/arrangement_merged/chr_16/Q242664.3~A29.K_16L.png,/data5/chensx/MyProject/UAE/data/arrangement_merged/chr_16/Q242664.3~A29.K_16R.png,0,-0.8567151446471166,,0.0006349682807922,-0.20105863256706066,chromosome
0,0.0008841156959533,Q242664,Q242664.3~A44.K_16,16,,normal,Q242664.3~A44.K_16L.png,Q242664.3~A44.K_16R.png,train,/data5/chensx/MyProject/UAE/data/arrangement_merged/chr_16/Q242664.3~A44.K_16L.png,/data5/chensx/MyProject/UAE/data/arrangement_merged/chr_16/Q242664.3~A44.K_16R.png,0,-0.5194883851553802,,0.0008841156959533,-0.002256956458823537,chromosome
0,0.0008283853530883,Q242664,Q242664.3~A48.K_16,16,,normal,Q242664.3~A48.K_16L.png,Q242664.3~A48.K_16R.png,train,/data5/chensx/MyProject/UAE/data/arrangement_merged/chr_16/Q242664.3~A48.K_16L.png,/data5/chensx/MyProject/UAE/data/arrangement_merged/chr_16/Q242664.3~A48.K_16R.png,0,-0.594920686620637,,0.0008283853530883,-0.04672575243041654,chromosome
0,0.0009705424308776,Q242664,Q242664.4~A14.K_16,16,,normal,Q242664.4~A14.K_16L.png,Q242664.4~A14.K_16R.png,train,/data5/chensx/MyProject/UAE/data/arrangement_merged/chr_16/Q242664.4~A14.K_16L.png,/data5/chensx/MyProject/UAE/data/arrangement_merged/chr_16/Q242664.4~A14.K_16R.png,0,-0.4025078106905433,,0.0009705424308776,0.06670534745431694,chromosome
0,0.0007705688476562,Q242664,Q242664.4~A34.K_16,16,,normal,Q242664.4~A34.K_16L.png,Q242664.4~A34.K_16R.png,train,/data5/chensx/MyProject/UAE/data/arrangement_merged/chr_16/Q242664.4~A34.K_16L.png,/data5/chensx/MyProject/UAE/data/arrangement_merged/chr_16/Q242664.4~A34.K_16R.png,0,-0.6731766571247002,,0.0007705688476562,-0.0928591557378134,chromosome
0,0.00069260597229,Q242664,Q242664.4~A41.K_16,16,,normal,Q242664.4~A41.K_16L.png,Q242664.4~A41.K_16R.png,train,/data5/chensx/MyProject/UAE/data/arrangement_merged/chr_16/Q242664.4~A41.K_16L.png,/data5/chensx/MyProject/UAE/data/arrangement_merged/chr_16/Q242664.4~A41.K_16R.png,0,-0.7787012029178082,,0.00069260597229,-0.1550679098884287,chromosome
0,0.0008642077445983,Q242664,Q242664.4~A49.K_16,16,,normal,Q242664.4~A49.K_16L.png,Q242664.4~A49.K_16R.png,train,/data5/chensx/MyProject/UAE/data/arrangement_merged/chr_16/Q242664.4~A49.K_16L.png,/data5/chensx/MyProject/UAE/data/arrangement_merged/chr_16/Q242664.4~A49.K_16R.png,0,-0.5464342554114184,,0.0008642077445983,-0.018142066463662065,chromosome
0,0.0009960532188415,Q250230,Q250230.11~A30.K_16,16,,normal,Q250230.11~A30.K_16L.png,Q250230.11~A30.K_16R.png,train,/data5/chensx/MyProject/UAE/data/arrangement_merged/chr_16/Q250230.11~A30.K_16L.png,/data5/chensx/MyProject/UAE/data/arrangement_merged/chr_16/Q250230.11~A30.K_16R.png,0,-0.4140050751826648,,0.0009960532188415,0.08706111716112228,chromosome
0,0.0010350346565246,Q250230,Q250230.12~A40.K_16,16,,normal,Q250230.12~A40.K_16L.png,Q250230.12~A40.K_16R.png,train,/data5/chensx/MyProject/UAE/data/arrangement_merged/chr_16/Q250230.12~A40.K_16L.png,/data5/chensx/MyProject/UAE/data/arrangement_merged/chr_16/Q250230.12~A40.K_16R.png,0,-0.3652263538001516,,0.0010350346565246,0.11816549423642997,chromosome
0,0.0010633468627929,Q250230,Q250230.13~A45.K_16,16,,normal,Q250230.13~A45.K_16L.png,Q250230.13~A45.K_16R.png,train,/data5/chensx/MyProject/UAE/data/arrangement_merged/chr_16/Q250230.13~A45.K_16L.png,/data5/chensx/MyProject/UAE/data/arrangement_merged/chr_16/Q250230.13~A45.K_16R.png,0,-0.3297983833770725,,0.0010633468627929,0.14075659379417868,chromosome
0,0.0009239315986633,Q250230,Q250230.14~A21.K_16,16,,normal,Q250230.14~A21.K_16L.png,Q250230.14~A21.K_16R.png,train,/data5/chensx/MyProject/UAE/data/arrangement_merged/chr_16/Q250230.14~A21.K_16L.png,/data5/chensx/MyProject/UAE/data/arrangement_merged/chr_16/Q250230.14~A21.K_16R.png,0,-0.5042531682604031,,0.0009239315986633,0.029513263550853604,chromosome
0,0.0011667609214782,Q250230,Q250230.14~A43.K_16,16,,normal,Q250230.14~A43.K_16L.png,Q250230.14~A43.K_16R.png,train,/data5/chensx/MyProject/UAE/data/arrangement_merged/chr_16/Q250230.14~A43.K_16L.png,/data5/chensx/MyProject/UAE/data/arrangement_merged/chr_16/Q250230.14~A43.K_16R.png,0,-0.2003930598317204,,0.0011667609214782,0.2232735574419843,chromosome
0,0.0006179213523864,Q250230,Q250230.15~A8.K_16,16,,normal,Q250230.15~A8.K_16L.png,Q250230.15~A8.K_16R.png,train,/data5/chensx/MyProject/UAE/data/arrangement_merged/chr_16/Q250230.15~A8.K_16L.png,/data5/chensx/MyProject/UAE/data/arrangement_merged/chr_16/Q250230.15~A8.K_16R.png,0,-0.8871735896332201,,0.0006179213523864,-0.2146608525113408,chromosome
0,0.000773012638092,Q250230,Q250230.1~A20.K_16,16,,normal,Q250230.1~A20.K_16L.png,Q250230.1~A20.K_16R.png,train,/data5/chensx/MyProject/UAE/data/arrangement_merged/chr_16/Q250230.1~A20.K_16L.png,/data5/chensx/MyProject/UAE/data/arrangement_merged/chr_16/Q250230.1~A20.K_16R.png,0,-0.6931028969156374,,0.000773012638092,-0.09090918714439981,chromosome
0,0.000852346420288,Q250230,Q250230.2~A24.K_16,16,,normal,Q250230.2~A24.K_16L.png,Q250230.2~A24.K_16R.png,train,/data5/chensx/MyProject/UAE/data/arrangement_merged/chr_16/Q250230.2~A24.K_16L.png,/data5/chensx/MyProject/UAE/data/arrangement_merged/chr_16/Q250230.2~A24.K_16R.png,0,-0.5938299945301252,,0.000852346420288,-0.027606548173120284,chromosome
0,0.0009642243385314,Q250230,Q250230.2~A27.K_16,16,,normal,Q250230.2~A27.K_16L.png,Q250230.2~A27.K_16R.png,train,/data5/chensx/MyProject/UAE/data/arrangement_merged/chr_16/Q250230.2~A27.K_16L.png,/data5/chensx/MyProject/UAE/data/arrangement_merged/chr_16/Q250230.2~A27.K_16R.png,0,-0.4538335724582947,,0.0009642243385314,0.06166396523721061,chromosome
0,0.0007146000862121,Q250230,Q250230.2~A38.K_16,16,,normal,Q250230.2~A38.K_16L.png,Q250230.2~A38.K_16R.png,train,/data5/chensx/MyProject/UAE/data/arrangement_merged/chr_16/Q250230.2~A38.K_16L.png,/data5/chensx/MyProject/UAE/data/arrangement_merged/chr_16/Q250230.2~A38.K_16R.png,0,-0.7661963937885163,,0.0007146000862121,-0.1375181925477863,chromosome
0,0.0008681416511535,Q250230,Q250230.4~A35.K_16,16,,normal,Q250230.4~A35.K_16L.png,Q250230.4~A35.K_16R.png,train,/data5/chensx/MyProject/UAE/data/arrangement_merged/chr_16/Q250230.4~A35.K_16L.png,/data5/chensx/MyProject/UAE/data/arrangement_merged/chr_16/Q250230.4~A35.K_16R.png,0,-0.5740649162940916,,0.0008681416511535,-0.015003092630354316,chromosome
0,0.0008289217948913,Q250230,Q250230.5~A21.K_16,16,,normal,Q250230.5~A21.K_16L.png,Q250230.5~A21.K_16R.png,train,/data5/chensx/MyProject/UAE/data/arrangement_merged/chr_16/Q250230.5~A21.K_16L.png,/data5/chensx/MyProject/UAE/data/arrangement_merged/chr_16/Q250230.5~A21.K_16R.png,0,-0.6231419784801675,,0.0008289217948913,-0.04629771054404191,chromosome
0,0.00071382522583,Q250230,Q250230.5~A42.K_16,16,,normal,Q250230.5~A42.K_16L.png,Q250230.5~A42.K_16R.png,train,/data5/chensx/MyProject/UAE/data/arrangement_merged/chr_16/Q250230.5~A42.K_16L.png,/data5/chensx/MyProject/UAE/data/arrangement_merged/chr_16/Q250230.5~A42.K_16R.png,0,-0.7671660014000954,,0.00071382522583,-0.13813647527254083,chromosome
0,0.0007145404815673,Q250230,Q250230.5~A46.K_16,16,,normal,Q250230.5~A46.K_16L.png,Q250230.5~A46.K_16R.png,train,/data5/chensx/MyProject/UAE/data/arrangement_merged/chr_16/Q250230.5~A46.K_16L.png,/data5/chensx/MyProject/UAE/data/arrangement_merged/chr_16/Q250230.5~A46.K_16R.png,0,-0.7662709789894071,,0.0007145404815673,-0.13756575275740124,chromosome
0,0.0007436871528625,Q250230,Q250230.5~A5.K_16,16,,normal,Q250230.5~A5.K_16L.png,Q250230.5~A5.K_16R.png,train,/data5/chensx/MyProject/UAE/data/arrangement_merged/chr_16/Q250230.5~A5.K_16L.png,/data5/chensx/MyProject/UAE/data/arrangement_merged/chr_16/Q250230.5~A5.K_16R.png,0,-0.7297988157538583,,0.0007436871528625,-0.11430881026528297,chromosome
0,0.0006393790245056,Q250230,Q250230.5~A6.K_16,16,,normal,Q250230.5~A6.K_16L.png,Q250230.5~A6.K_16R.png,train,/data5/chensx/MyProject/UAE/data/arrangement_merged/chr_16/Q250230.5~A6.K_16L.png,/data5/chensx/MyProject/UAE/data/arrangement_merged/chr_16/Q250230.5~A6.K_16R.png,0,-0.8603229173125707,,0.0006393790245056,-0.19753917705699328,chromosome
0,0.000942051410675,Q251136,Q251136.12~A20.K_16,16,,normal,Q251136.12~A20.K_16L.png,Q251136.12~A20.K_16R.png,train,/data5/chensx/MyProject/UAE/data/arrangement_merged/chr_16/Q251136.12~A20.K_16L.png,/data5/chensx/MyProject/UAE/data/arrangement_merged/chr_16/Q251136.12~A20.K_16R.png,0,-0.3845197265557346,,0.000942051410675,0.04397156726780324,chromosome
0,0.0005883574485778,Q251136,Q251136.12~A23.K_16,16,,normal,Q251136.12~A23.K_16L.png,Q251136.12~A23.K_16R.png,train,/data5/chensx/MyProject/UAE/data/arrangement_merged/chr_16/Q251136.12~A23.K_16L.png,/data5/chensx/MyProject/UAE/data/arrangement_merged/chr_16/Q251136.12~A23.K_16R.png,0,-0.7325513557014021,,0.0005883574485778,-0.23825071647060383,chromosome
0,0.0007780194282531,Q251136,Q251136.14~A16.K_16,16,,normal,Q251136.14~A16.K_16L.png,Q251136.14~A16.K_16R.png,train,/data5/chensx/MyProject/UAE/data/arrangement_merged/chr_16/Q251136.14~A16.K_16L.png,/data5/chensx/MyProject/UAE/data/arrangement_merged/chr_16/Q251136.14~A16.K_16R.png,0,-0.5459256994928557,,0.0007780194282531,-0.08691412953842265,chromosome
0,0.0007581710815429,Q251136,Q251136.14~A17.K_16,16,,normal,Q251136.14~A17.K_16L.png,Q251136.14~A17.K_16R.png,train,/data5/chensx/MyProject/UAE/data/arrangement_merged/chr_16/Q251136.14~A17.K_16L.png,/data5/chensx/MyProject/UAE/data/arrangement_merged/chr_16/Q251136.14~A17.K_16R.png,0,-0.5654562914216571,,0.0007581710815429,-0.10275167933364626,chromosome
0,0.0006545782089233,Q251136,Q251136.14~A18.K_16,16,,normal,Q251136.14~A18.K_16L.png,Q251136.14~A18.K_16R.png,train,/data5/chensx/MyProject/UAE/data/arrangement_merged/chr_16/Q251136.14~A18.K_16L.png,/data5/chensx/MyProject/UAE/data/arrangement_merged/chr_16/Q251136.14~A18.K_16R.png,0,-0.6673907321791849,,0.0006545782089233,-0.18541132361021687,chromosome
0,0.0007587671279907,Q251136,Q251136.14~A2.K_16,16,,normal,Q251136.14~A2.K_16L.png,Q251136.14~A2.K_16R.png,train,/data5/chensx/MyProject/UAE/data/arrangement_merged/chr_16/Q251136.14~A2.K_16L.png,/data5/chensx/MyProject/UAE/data/arrangement_merged/chr_16/Q251136.14~A2.K_16R.png,0,-0.564869787159531,,0.0007587671279907,-0.1022760772376567,chromosome
0,0.0007547736167907,Q251136,Q251136.14~A31.K_16,16,,normal,Q251136.14~A31.K_16L.png,Q251136.14~A31.K_16R.png,train,/data5/chensx/MyProject/UAE/data/arrangement_merged/chr_16/Q251136.14~A31.K_16L.png,/data5/chensx/MyProject/UAE/data/arrangement_merged/chr_16/Q251136.14~A31.K_16R.png,0,-0.5687993657157763,,0.0007547736167907,-0.10546261128057928,chromosome
0,0.000851035118103,Q251136,Q251136.14~A39.K_16,16,,normal,Q251136.14~A39.K_16L.png,Q251136.14~A39.K_16R.png,train,/data5/chensx/MyProject/UAE/data/arrangement_merged/chr_16/Q251136.14~A39.K_16L.png,/data5/chensx/MyProject/UAE/data/arrangement_merged/chr_16/Q251136.14~A39.K_16R.png,0,-0.4740789273824003,,0.000851035118103,-0.028652872784169604,chromosome
0,0.0006154179573059,Q251136,Q251136.1~A12.K_16,16,,normal,Q251136.1~A12.K_16L.png,Q251136.1~A12.K_16R.png,train,/data5/chensx/MyProject/UAE/data/arrangement_merged/chr_16/Q251136.1~A12.K_16L.png,/data5/chensx/MyProject/UAE/data/arrangement_merged/chr_16/Q251136.1~A12.K_16R.png,0,-0.7059240622008741,,0.0006154179573059,-0.21665838131428952,chromosome
0,0.0010842084884643,Q251136,Q251136.1~A38.K_16,16,,normal,Q251136.1~A38.K_16L.png,Q251136.1~A38.K_16R.png,train,/data5/chensx/MyProject/UAE/data/arrangement_merged/chr_16/Q251136.1~A38.K_16L.png,/data5/chensx/MyProject/UAE/data/arrangement_merged/chr_16/Q251136.1~A38.K_16R.png,0,-0.2446384600386437,,0.0010842084884643,0.15740266715253665,chromosome
0,0.0006996989250183,Q251136,Q251136.2~A15.K_16,16,,normal,Q251136.2~A15.K_16L.png,Q251136.2~A15.K_16R.png,train,/data5/chensx/MyProject/UAE/data/arrangement_merged/chr_16/Q251136.2~A15.K_16L.png,/data5/chensx/MyProject/UAE/data/arrangement_merged/chr_16/Q251136.2~A15.K_16R.png,0,-0.6229923595362341,,0.0006996989250183,-0.14940824494656782,chromosome
0,0.0008121132850646,Q251136,Q251136.2~A2.K_16,16,,normal,Q251136.2~A2.K_16L.png,Q251136.2~A2.K_16R.png,train,/data5/chensx/MyProject/UAE/data/arrangement_merged/chr_16/Q251136.2~A2.K_16L.png,/data5/chensx/MyProject/UAE/data/arrangement_merged/chr_16/Q251136.2~A2.K_16R.png,0,-0.512377655699239,,0.0008121132850646,-0.05970968964994214,chromosome
0,0.000562846660614,Q251136,Q251136.2~A20.K_16,16,,normal,Q251136.2~A20.K_16L.png,Q251136.2~A20.K_16R.png,train,/data5/chensx/MyProject/UAE/data/arrangement_merged/chr_16/Q251136.2~A20.K_16L.png,/data5/chensx/MyProject/UAE/data/arrangement_merged/chr_16/Q251136.2~A20.K_16R.png,0,-0.757653738120402,,0.000562846660614,-0.25860648617732934,chromosome
0,0.0012745857238769,Q251136,Q251136.2~A25.K_16,16,,normal,Q251136.2~A25.K_16L.png,Q251136.2~A25.K_16R.png,train,/data5/chensx/MyProject/UAE/data/arrangement_merged/chr_16/Q251136.2~A25.K_16L.png,/data5/chensx/MyProject/UAE/data/arrangement_merged/chr_16/Q251136.2~A25.K_16R.png,0,-0.057308998715546,,0.0012745857238769,0.3093099765998575,chromosome
0,0.0008175373077392,Q251136,Q251136.2~A36.K_16,16,,normal,Q251136.2~A36.K_16L.png,Q251136.2~A36.K_16R.png,train,/data5/chensx/MyProject/UAE/data/arrangement_merged/chr_16/Q251136.2~A36.K_16L.png,/data5/chensx/MyProject/UAE/data/arrangement_merged/chr_16/Q251136.2~A36.K_16R.png,0,-0.5070404669138909,,0.0008175373077392,-0.05538171057674032,chromosome
0,0.0007672905921936,Q251136,Q251136.2~A5.K_16,16,,normal,Q251136.2~A5.K_16L.png,Q251136.2~A5.K_16R.png,train,/data5/chensx/MyProject/UAE/data/arrangement_merged/chr_16/Q251136.2~A5.K_16L.png,/data5/chensx/MyProject/UAE/data/arrangement_merged/chr_16/Q251136.2~A5.K_16R.png,0,-0.5564827762111267,,0.0007672905921936,-0.09547496726551659,chromosome
0,0.0009654760360717,Q251136,Q251136.2~A7.K_16,16,,normal,Q251136.2~A7.K_16L.png,Q251136.2~A7.K_16R.png,train,/data5/chensx/MyProject/UAE/data/arrangement_merged/chr_16/Q251136.2~A7.K_16L.png,/data5/chensx/MyProject/UAE/data/arrangement_merged/chr_16/Q251136.2~A7.K_16R.png,0,-0.3614701090541762,,0.0009654760360717,0.06266272963872487,chromosome
0,0.0006786584854125,Q251136,Q251136.3~A16.K_16,16,,normal,Q251136.3~A16.K_16L.png,Q251136.3~A16.K_16R.png,train,/data5/chensx/MyProject/UAE/data/arrangement_merged/chr_16/Q251136.3~A16.K_16L.png,/data5/chensx/MyProject/UAE/data/arrangement_merged/chr_16/Q251136.3~A16.K_16R.png,0,-0.6436959599892877,,0.0006786584854125,-0.16619699893377063,chromosome
0,0.0193901658058166,Q251136,Q251136.3~A21.K_16,16,,normal,Q251136.3~A21.K_16L.png,Q251136.3~A21.K_16R.png,train,/data5/chensx/MyProject/UAE/data/arrangement_merged/chr_16/Q251136.3~A21.K_16L.png,/data5/chensx/MyProject/UAE/data/arrangement_merged/chr_16/Q251136.3~A21.K_16R.png,1,17.768256389658834,,0.0193901658058166,14.7642369186832,chromosome
0,0.0006588101387023,Q251136,Q251136.3~A23.K_16,16,,normal,Q251136.3~A23.K_16L.png,Q251136.3~A23.K_16R.png,train,/data5/chensx/MyProject/UAE/data/arrangement_merged/chr_16/Q251136.3~A23.K_16L.png,/data5/chensx/MyProject/UAE/data/arrangement_merged/chr_16/Q251136.3~A23.K_16R.png,0,-0.6632265519180891,,0.0006588101387023,-0.18203454872899422,chromosome
0,0.0008132457733154,Q251136,Q251136.3~A26.K_16,16,,normal,Q251136.3~A26.K_16L.png,Q251136.3~A26.K_16R.png,train,/data5/chensx/MyProject/UAE/data/arrangement_merged/chr_16/Q251136.3~A26.K_16L.png,/data5/chensx/MyProject/UAE/data/arrangement_merged/chr_16/Q251136.3~A26.K_16R.png,0,-0.5112632976011993,,0.0008132457733154,-0.05880604566757795,chromosome
0,0.0006918907165527,Q251136,Q251136.3~A32.K_16,16,,normal,Q251136.3~A32.K_16L.png,Q251136.3~A32.K_16R.png,train,/data5/chensx/MyProject/UAE/data/arrangement_merged/chr_16/Q251136.3~A32.K_16L.png,/data5/chensx/MyProject/UAE/data/arrangement_merged/chr_16/Q251136.3~A32.K_16R.png,0,-0.6306755653700868,,0.0006918907165527,-0.15563863240356832,chromosome
0,0.0008419156074523,Q251136,Q251136.3~A36.K_16,16,,normal,Q251136.3~A36.K_16L.png,Q251136.3~A36.K_16R.png,train,/data5/chensx/MyProject/UAE/data/arrangement_merged/chr_16/Q251136.3~A36.K_16L.png,/data5/chensx/MyProject/UAE/data/arrangement_merged/chr_16/Q251136.3~A36.K_16R.png,0,-0.4830524425929307,,0.0008419156074523,-0.035929584852299266,chromosome
0,0.0009049177169799,Q251136,Q251136.3~A40.K_16,16,,normal,Q251136.3~A40.K_16L.png,Q251136.3~A40.K_16R.png,train,/data5/chensx/MyProject/UAE/data/arrangement_merged/chr_16/Q251136.3~A40.K_16L.png,/data5/chensx/MyProject/UAE/data/arrangement_merged/chr_16/Q251136.3~A40.K_16R.png,0,-0.4210589420861948,,0.0009049177169799,0.014341556689919596,chromosome
0,0.0009342432022094,Q251136,Q251136.3~A41.K_16,16,,normal,Q251136.3~A41.K_16L.png,Q251136.3~A41.K_16R.png,train,/data5/chensx/MyProject/UAE/data/arrangement_merged/chr_16/Q251136.3~A41.K_16L.png,/data5/chensx/MyProject/UAE/data/arrangement_merged/chr_16/Q251136.3~A41.K_16R.png,0,-0.3922029323895873,,0.0009342432022094,0.03774117981080275,chromosome
0,0.0006055831909179,Q251136,Q251136.4~A12.K_16,16,,normal,Q251136.4~A12.K_16L.png,Q251136.4~A12.K_16R.png,train,/data5/chensx/MyProject/UAE/data/arrangement_merged/chr_16/Q251136.4~A12.K_16L.png,/data5/chensx/MyProject/UAE/data/arrangement_merged/chr_16/Q251136.4~A12.K_16R.png,0,-0.7156013825259558,,0.0006055831909179,-0.22450581589755872,chromosome
0,0.0007140636444091,Q251136,Q251136.4~A13.K_16,16,,normal,Q251136.4~A13.K_16L.png,Q251136.4~A13.K_16R.png,train,/data5/chensx/MyProject/UAE/data/arrangement_merged/chr_16/Q251136.4~A13.K_16L.png,/data5/chensx/MyProject/UAE/data/arrangement_merged/chr_16/Q251136.4~A13.K_16R.png,0,-0.6088576068189935,,0.0007140636444091,-0.13794623443416093,chromosome
0,0.0006136894226074,Q251136,Q251136.4~A15.K_16,16,,normal,Q251136.4~A15.K_16L.png,Q251136.4~A15.K_16R.png,train,/data5/chensx/MyProject/UAE/data/arrangement_merged/chr_16/Q251136.4~A15.K_16L.png,/data5/chensx/MyProject/UAE/data/arrangement_merged/chr_16/Q251136.4~A15.K_16R.png,0,-0.70762492456104,,0.0006136894226074,-0.2180376273925635,chromosome
0,0.0008635520935058,Q251136,Q251136.4~A16.K_16,16,,normal,Q251136.4~A16.K_16L.png,Q251136.4~A16.K_16R.png,train,/data5/chensx/MyProject/UAE/data/arrangement_merged/chr_16/Q251136.4~A16.K_16L.png,/data5/chensx/MyProject/UAE/data/arrangement_merged/chr_16/Q251136.4~A16.K_16R.png,0,-0.4617623378777508,,0.0008635520935058,-0.01866522876918677,chromosome
0,0.0006642341613769,Q251136,Q251136.4~A19.K_16,16,,normal,Q251136.4~A19.K_16L.png,Q251136.4~A19.K_16R.png,train,/data5/chensx/MyProject/UAE/data/arrangement_merged/chr_16/Q251136.4~A19.K_16L.png,/data5/chensx/MyProject/UAE/data/arrangement_merged/chr_16/Q251136.4~A19.K_16R.png,0,-0.657889363132741,,0.0006642341613769,-0.1777065696557924,chromosome
0,0.0009211897850036,Q251136,Q251136.4~A2.K_16,16,,normal,Q251136.4~A2.K_16L.png,Q251136.4~A2.K_16R.png,train,/data5/chensx/MyProject/UAE/data/arrangement_merged/chr_16/Q251136.4~A2.K_16L.png,/data5/chensx/MyProject/UAE/data/arrangement_merged/chr_16/Q251136.4~A2.K_16R.png,0,-0.4050473757301504,,0.0009211897850036,0.027325493909445196,chromosome
0,0.000658631324768,Q251136,Q251136.4~A36.K_16,16,,normal,Q251136.4~A36.K_16L.png,Q251136.4~A36.K_16R.png,train,/data5/chensx/MyProject/UAE/data/arrangement_merged/chr_16/Q251136.4~A36.K_16L.png,/data5/chensx/MyProject/UAE/data/arrangement_merged/chr_16/Q251136.4~A36.K_16R.png,0,-0.663402503196727,,0.000658631324768,-0.18217722935775912,chromosome
0,0.0008556246757507,Q251136,Q251136.4~A5.K_16,16,,normal,Q251136.4~A5.K_16L.png,Q251136.4~A5.K_16R.png,train,/data5/chensx/MyProject/UAE/data/arrangement_merged/chr_16/Q251136.4~A5.K_16L.png,/data5/chensx/MyProject/UAE/data/arrangement_merged/chr_16/Q251136.4~A5.K_16R.png,0,-0.4695628445640288,,0.0008556246757507,-0.02499073664533724,chromosome
0,0.0008360147476196,165070,165070.11~A20.K_17,17,,normal,165070.11~A20.K_17L.png,165070.11~A20.K_17R.png,train,/data5/chensx/MyProject/UAE/data/arrangement_merged/chr_17/165070.11~A20.K_17L.png,/data5/chensx/MyProject/UAE/data/arrangement_merged/chr_17/165070.11~A20.K_17R.png,0,-0.6037598694879588,,0.0008360147476196,-0.47020077150517486,chromosome
0,0.0007919073104858,165070,165070.11~A21.K_17,17,,normal,165070.11~A21.K_17L.png,165070.11~A21.K_17R.png,train,/data5/chensx/MyProject/UAE/data/arrangement_merged/chr_17/165070.11~A21.K_17L.png,/data5/chensx/MyProject/UAE/data/arrangement_merged/chr_17/165070.11~A21.K_17R.png,0,-0.6658973077739149,,0.0007919073104858,-0.7761817320368518,chromosome
0,0.0007530450820922,165070,165070.11~A30.K_17,17,,normal,165070.11~A30.K_17L.png,165070.11~A30.K_17R.png,train,/data5/chensx/MyProject/UAE/data/arrangement_merged/chr_17/165070.11~A30.K_17L.png,/data5/chensx/MyProject/UAE/data/arrangement_merged/chr_17/165070.11~A30.K_17R.png,0,-0.7206454290745141,,0.0007530450820922,-1.0457757675325776,chromosome
0,0.0008511543273925,165070,165070.12~A1.K_17,17,,normal,165070.12~A1.K_17L.png,165070.12~A1.K_17R.png,train,/data5/chensx/MyProject/UAE/data/arrangement_merged/chr_17/165070.12~A1.K_17L.png,/data5/chensx/MyProject/UAE/data/arrangement_merged/chr_17/165070.12~A1.K_17R.png,0,-0.5824316136438603,,0.0008511543273925,-0.36517487424196654,chromosome
0,0.0011398196220397,165070,165070.12~A21.K_17,17,,normal,165070.12~A21.K_17L.png,165070.12~A21.K_17R.png,train,/data5/chensx/MyProject/UAE/data/arrangement_merged/chr_17/165070.12~A21.K_17L.png,/data5/chensx/MyProject/UAE/data/arrangement_merged/chr_17/165070.12~A21.K_17R.png,0,-0.1757672709156366,,0.0011398196220397,1.6373464661019,chromosome
0,0.0007150173187255,165070,165070.12~A41.K_17,17,,normal,165070.12~A41.K_17L.png,165070.12~A41.K_17R.png,train,/data5/chensx/MyProject/UAE/data/arrangement_merged/chr_17/165070.12~A41.K_17L.png,/data5/chensx/MyProject/UAE/data/arrangement_merged/chr_17/165070.12~A41.K_17R.png,0,-0.774217977218352,,0.0007150173187255,-1.3095809740449647,chromosome
0,0.0010130405426025,165070,165070.12~A5.K_17,17,,normal,165070.12~A5.K_17L.png,165070.12~A5.K_17R.png,train,/data5/chensx/MyProject/UAE/data/arrangement_merged/chr_17/165070.12~A5.K_17L.png,/data5/chensx/MyProject/UAE/data/arrangement_merged/chr_17/165070.12~A5.K_17R.png,0,-0.3543704212321619,,0.0010130405426025,0.7578579484661839,chromosome
0,0.0008041262626647,165070,165070.12~A9.K_17,17,,normal,165070.12~A9.K_17L.png,165070.12~A9.K_17R.png,train,/data5/chensx/MyProject/UAE/data/arrangement_merged/chr_17/165070.12~A9.K_17L.png,/data5/chensx/MyProject/UAE/data/arrangement_merged/chr_17/165070.12~A9.K_17R.png,0,-0.6486835579784811,,0.0008041262626647,-0.6914167362142902,chromosome
0,0.0009450912475585,165070,165070.13~A24.K_17,17,,normal,165070.13~A24.K_17L.png,165070.13~A24.K_17R.png,train,/data5/chensx/MyProject/UAE/data/arrangement_merged/chr_17/165070.13~A24.K_17L.png,/data5/chensx/MyProject/UAE/data/arrangement_merged/chr_17/165070.13~A24.K_17R.png,0,-0.4500956639970132,,0.0009450912475585,0.28648187413333653,chromosome
0,0.000949203968048,165070,165070.13~A25.K_17,17,,normal,165070.13~A25.K_17L.png,165070.13~A25.K_17R.png,train,/data5/chensx/MyProject/UAE/data/arrangement_merged/chr_17/165070.13~A25.K_17L.png,/data5/chensx/MyProject/UAE/data/arrangement_merged/chr_17/165070.13~A25.K_17R.png,0,-0.4443017677244038,,0.000949203968048,0.31501253126397233,chromosome
0,0.0008797049522399,165070,165070.13~A26.K_17,17,,normal,165070.13~A26.K_17L.png,165070.13~A26.K_17R.png,train,/data5/chensx/MyProject/UAE/data/arrangement_merged/chr_17/165070.13~A26.K_17L.png,/data5/chensx/MyProject/UAE/data/arrangement_merged/chr_17/165070.13~A26.K_17R.png,0,-0.5422102177803834,,0.0008797049522399,-0.1671142254655132,chromosome
0,0.0009987354278564,165070,165070.13~A27.K_17,17,,normal,165070.13~A27.K_17L.png,165070.13~A27.K_17R.png,train,/data5/chensx/MyProject/UAE/data/arrangement_merged/chr_17/165070.13~A27.K_17L.png,/data5/chensx/MyProject/UAE/data/arrangement_merged/chr_17/165070.13~A27.K_17R.png,0,-0.374523103919499,,0.0009987354278564,0.6586208801856208,chromosome
0,0.0008355975151062,165070,165070.13~A28.K_17,17,,normal,165070.13~A28.K_17L.png,165070.13~A28.K_17R.png,train,/data5/chensx/MyProject/UAE/data/arrangement_merged/chr_17/165070.13~A28.K_17L.png,/data5/chensx/MyProject/UAE/data/arrangement_merged/chr_17/165070.13~A28.K_17R.png,0,-0.6043476560663394,,0.0008355975151062,-0.47309518599649747,chromosome
0,0.0008643865585327,165070,165070.13~A3.K_17,17,,normal,165070.13~A3.K_17L.png,165070.13~A3.K_17R.png,train,/data5/chensx/MyProject/UAE/data/arrangement_merged/chr_17/165070.13~A3.K_17L.png,/data5/chensx/MyProject/UAE/data/arrangement_merged/chr_17/165070.13~A3.K_17R.png,0,-0.5637903821580735,,0.0008643865585327,-0.27338058608204674,chromosome
0,0.0007799863815307,165070,165070.13~A36.K_17,17,,normal,165070.13~A36.K_17L.png,165070.13~A36.K_17R.png,train,/data5/chensx/MyProject/UAE/data/arrangement_merged/chr_17/165070.13~A36.K_17L.png,/data5/chensx/MyProject/UAE/data/arrangement_merged/chr_17/165070.13~A36.K_17R.png,0,-0.6826912100133625,,0.0007799863815307,-0.8588792889374367,chromosome
0,0.0010606050491333,165070,165070.13~A40.K_17,17,,normal,165070.13~A40.K_17L.png,165070.13~A40.K_17R.png,train,/data5/chensx/MyProject/UAE/data/arrangement_merged/chr_17/165070.13~A40.K_17L.png,/data5/chensx/MyProject/UAE/data/arrangement_merged/chr_17/165070.13~A40.K_17R.png,0,-0.287362751296766,,0.0010606050491333,1.087821200499176,chromosome
0,0.0008220076560974,165070,165070.13~A9.K_17,17,,normal,165070.13~A9.K_17L.png,165070.13~A9.K_17R.png,train,/data5/chensx/MyProject/UAE/data/arrangement_merged/chr_17/165070.13~A9.K_17L.png,/data5/chensx/MyProject/UAE/data/arrangement_merged/chr_17/165070.13~A9.K_17R.png,0,-0.6234927046193097,,0.0008220076560974,-0.5673704008630669,chromosome
0,0.0008731484413146,165070,165070.1~A9.K_17,17,,normal,165070.1~A9.K_17L.png,165070.1~A9.K_17R.png,train,/data5/chensx/MyProject/UAE/data/arrangement_merged/chr_17/165070.1~A9.K_17L.png,/data5/chensx/MyProject/UAE/data/arrangement_merged/chr_17/165070.1~A9.K_17R.png,0,-0.5514468640120795,,0.0008731484413146,-0.21259788176080016,chromosome
0,0.0008020401000976,165070,165070.2~A31.K_17,17,,normal,165070.2~A31.K_17L.png,165070.2~A31.K_17R.png,train,/data5/chensx/MyProject/UAE/data/arrangement_merged/chr_17/165070.2~A31.K_17L.png,/data5/chensx/MyProject/UAE/data/arrangement_merged/chr_17/165070.2~A31.K_17R.png,0,-0.6516224908703845,,0.0008020401000976,-0.7058888086715982,chromosome
0,0.0007711052894592,165070,165070.3~A15.K_17,17,,normal,165070.3~A15.K_17L.png,165070.3~A15.K_17R.png,train,/data5/chensx/MyProject/UAE/data/arrangement_merged/chr_17/165070.3~A15.K_17L.png,/data5/chensx/MyProject/UAE/data/arrangement_merged/chr_17/165070.3~A15.K_17R.png,0,-0.6952026671817509,,0.0007711052894592,-0.9204889688280291,chromosome
0,0.0010364055633544,165070,165070.3~A2.K_17,17,,normal,165070.3~A2.K_17L.png,165070.3~A2.K_17R.png,train,/data5/chensx/MyProject/UAE/data/arrangement_merged/chr_17/165070.3~A2.K_17L.png,/data5/chensx/MyProject/UAE/data/arrangement_merged/chr_17/165070.3~A2.K_17R.png,0,-0.3214543728428446,,0.0010364055633544,0.919945159990664,chromosome
0,0.0008589625358581,165070,165070.3~A30.K_17,17,,normal,165070.3~A30.K_17L.png,165070.3~A30.K_17R.png,train,/data5/chensx/MyProject/UAE/data/arrangement_merged/chr_17/165070.3~A30.K_17L.png,/data5/chensx/MyProject/UAE/data/arrangement_merged/chr_17/165070.3~A30.K_17R.png,0,-0.5714316076770222,,0.0008589625358581,-0.3110079744720175,chromosome
0,0.0009089708328247,165070,165070.3~A35.K_17,17,,normal,165070.3~A35.K_17L.png,165070.3~A35.K_17R.png,train,/data5/chensx/MyProject/UAE/data/arrangement_merged/chr_17/165070.3~A35.K_17L.png,/data5/chensx/MyProject/UAE/data/arrangement_merged/chr_17/165070.3~A35.K_17R.png,0,-0.5009811877825394,,0.0009089708328247,0.035908276725626506,chromosome
0,0.0008208751678466,165070,165070.3~A43.K_17,17,,normal,165070.3~A43.K_17L.png,165070.3~A43.K_17R.png,train,/data5/chensx/MyProject/UAE/data/arrangement_merged/chr_17/165070.3~A43.K_17L.png,/data5/chensx/MyProject/UAE/data/arrangement_merged/chr_17/165070.3~A43.K_17R.png,0,-0.6250881253320573,,0.0008208751678466,-0.5752266687690767,chromosome
0,0.0010539889335632,170215,170215.12~A1.K_17,17,,normal,170215.12~A1.K_17L.png,170215.12~A1.K_17R.png,train,/data5/chensx/MyProject/UAE/data/arrangement_merged/chr_17/170215.12~A1.K_17L.png,/data5/chensx/MyProject/UAE/data/arrangement_merged/chr_17/170215.12~A1.K_17R.png,0,-0.3625892808655718,,0.0010539889335632,1.0419240564192163,chromosome
0,0.0008752346038818,170215,170215.12~A24.K_17,17,,normal,170215.12~A24.K_17L.png,170215.12~A24.K_17R.png,train,/data5/chensx/MyProject/UAE/data/arrangement_merged/chr_17/170215.12~A24.K_17L.png,/data5/chensx/MyProject/UAE/data/arrangement_merged/chr_17/170215.12~A24.K_17R.png,0,-0.5972316911397209,,0.0008752346038818,-0.19812580930279872,chromosome
0,0.0011507272720336,170215,170215.12~A31.K_17,17,,normal,170215.12~A31.K_17L.png,170215.12~A31.K_17R.png,train,/data5/chensx/MyProject/UAE/data/arrangement_merged/chr_17/170215.12~A31.K_17L.png,/data5/chensx/MyProject/UAE/data/arrangement_merged/chr_17/170215.12~A31.K_17R.png,0,-0.235605408949952,,0.0011507272720336,1.71301473066582,chromosome
0,0.0009060502052307,170215,170215.12~A33.K_17,17,,normal,170215.12~A33.K_17L.png,170215.12~A33.K_17R.png,train,/data5/chensx/MyProject/UAE/data/arrangement_merged/chr_17/170215.12~A33.K_17L.png,/data5/chensx/MyProject/UAE/data/arrangement_merged/chr_17/170215.12~A33.K_17R.png,0,-0.5567814990384421,,0.0009060502052307,0.01564737528497983,chromosome
0,0.0008366107940673,170215,170215.12~A44.K_17,17,,normal,170215.12~A44.K_17L.png,170215.12~A44.K_17R.png,train,/data5/chensx/MyProject/UAE/data/arrangement_merged/chr_17/170215.12~A44.K_17L.png,/data5/chensx/MyProject/UAE/data/arrangement_merged/chr_17/170215.12~A44.K_17R.png,0,-0.6479313516457723,,0.0008366107940673,-0.46606589366052703,chromosome
0,0.000908613204956,170215,170215.12~A47.K_17,17,,normal,170215.12~A47.K_17L.png,170215.12~A47.K_17R.png,train,/data5/chensx/MyProject/UAE/data/arrangement_merged/chr_17/170215.12~A47.K_17L.png,/data5/chensx/MyProject/UAE/data/arrangement_merged/chr_17/170215.12~A47.K_17R.png,0,-0.553417169714738,,0.000908613204956,0.033427350018283335,chromosome
0,0.0008507370948791,170215,170215.12~A48.K_17,17,,normal,170215.12~A48.K_17L.png,170215.12~A48.K_17R.png,train,/data5/chensx/MyProject/UAE/data/arrangement_merged/chr_17/170215.12~A48.K_17L.png,/data5/chensx/MyProject/UAE/data/arrangement_merged/chr_17/170215.12~A48.K_17R.png,0,-0.6293884202569849,,0.0008507370948791,-0.36806928873328915,chromosome
0,0.0008713603019714,170215,170215.12~A49.K_17,17,,normal,170215.12~A49.K_17L.png,170215.12~A49.K_17R.png,train,/data5/chensx/MyProject/UAE/data/arrangement_merged/chr_17/170215.12~A49.K_17L.png,/data5/chensx/MyProject/UAE/data/arrangement_merged/chr_17/170215.12~A49.K_17R.png,0,-0.602317305233692,,0.0008713603019714,-0.22500251529543713,chromosome
0,0.0009047389030456,170215,170215.12~A6.K_17,17,,normal,170215.12~A6.K_17L.png,170215.12~A6.K_17R.png,train,/data5/chensx/MyProject/UAE/data/arrangement_merged/chr_17/170215.12~A6.K_17L.png,/data5/chensx/MyProject/UAE/data/arrangement_merged/chr_17/170215.12~A6.K_17R.png,0,-0.5585027838087092,,0.0009047389030456,0.006550644025644895,chromosome
0,0.0009704828262329,170215,170215.12~A7.K_17,17,,normal,170215.12~A7.K_17L.png,170215.12~A7.K_17R.png,train,/data5/chensx/MyProject/UAE/data/arrangement_merged/chr_17/170215.12~A7.K_17L.png,/data5/chensx/MyProject/UAE/data/arrangement_merged/chr_17/170215.12~A7.K_17R.png,0,-0.4722038246448592,,0.0009704828262329,0.46262767033183855,chromosome
0,0.0007935762405395,170215,170215.13~A21.K_17,17,,normal,170215.13~A21.K_17L.png,170215.13~A21.K_17R.png,train,/data5/chensx/MyProject/UAE/data/arrangement_merged/chr_17/170215.13~A21.K_17L.png,/data5/chensx/MyProject/UAE/data/arrangement_merged/chr_17/170215.13~A21.K_17R.png,0,-0.704420788197268,,0.0007935762405395,-0.7646040740708672,chromosome
0,0.00111985206604,170215,170215.13~A36.K_17,17,,normal,170215.13~A36.K_17L.png,170215.13~A36.K_17R.png,train,/data5/chensx/MyProject/UAE/data/arrangement_merged/chr_17/170215.13~A36.K_17L.png,/data5/chensx/MyProject/UAE/data/arrangement_merged/chr_17/170215.13~A36.K_17R.png,0,-0.2761338412680612,,0.00111985206604,1.498828058294063,chromosome
0,0.000884473323822,170215,170215.13~A44.K_17,17,,normal,170215.13~A44.K_17L.png,170215.13~A44.K_17R.png,train,/data5/chensx/MyProject/UAE/data/arrangement_merged/chr_17/170215.13~A44.K_17L.png,/data5/chensx/MyProject/UAE/data/arrangement_merged/chr_17/170215.13~A44.K_17R.png,0,-0.5851044575310203,,0.000884473323822,-0.13403520270486316,chromosome
0,0.0009417533874511,170215,170215.13~A47.K_17,17,,normal,170215.13~A47.K_17L.png,170215.13~A47.K_17R.png,train,/data5/chensx/MyProject/UAE/data/arrangement_merged/chr_17/170215.13~A47.K_17L.png,/data5/chensx/MyProject/UAE/data/arrangement_merged/chr_17/170215.13~A47.K_17R.png,0,-0.5099156091570766,,0.0009417533874511,0.26332655820136724,chromosome
0,0.0008824467658996,170215,170215.13~A5.K_17,17,,normal,170215.13~A5.K_17L.png,170215.13~A5.K_17R.png,train,/data5/chensx/MyProject/UAE/data/arrangement_merged/chr_17/170215.13~A5.K_17L.png,/data5/chensx/MyProject/UAE/data/arrangement_merged/chr_17/170215.13~A5.K_17R.png,0,-0.5877646249032513,,0.0008824467658996,-0.14809378737819173,chromosome
0,0.0008288621902465,170215,170215.1~A9.K_17,17,,normal,170215.1~A9.K_17L.png,170215.1~A9.K_17R.png,train,/data5/chensx/MyProject/UAE/data/arrangement_merged/chr_17/170215.1~A9.K_17L.png,/data5/chensx/MyProject/UAE/data/arrangement_merged/chr_17/170215.1~A9.K_17R.png,0,-0.6581025798337148,,0.0008288621902465,-0.5198193056458031,chromosome
0,0.0008320212364196,170215,170215.2~A19.K_17,17,,normal,170215.2~A19.K_17L.png,170215.2~A19.K_17R.png,train,/data5/chensx/MyProject/UAE/data/arrangement_merged/chr_17/170215.2~A19.K_17L.png,/data5/chensx/MyProject/UAE/data/arrangement_merged/chr_17/170215.2~A19.K_17R.png,0,-0.6539558483417075,,0.0008320212364196,-0.49790445306715836,chromosome
0,0.0011651515960693,170215,170215.2~A2.K_17,17,,normal,170215.2~A2.K_17L.png,170215.2~A2.K_17R.png,train,/data5/chensx/MyProject/UAE/data/arrangement_merged/chr_17/170215.2~A2.K_17L.png,/data5/chensx/MyProject/UAE/data/arrangement_merged/chr_17/170215.2~A2.K_17R.png,0,-0.2166712764770131,,0.0011651515960693,1.813078774515729,chromosome
0,0.0009213685989379,170215,170215.2~A23.K_17,17,,normal,170215.2~A23.K_17L.png,170215.2~A23.K_17R.png,train,/data5/chensx/MyProject/UAE/data/arrangement_merged/chr_17/170215.2~A23.K_17L.png,/data5/chensx/MyProject/UAE/data/arrangement_merged/chr_17/170215.2~A23.K_17R.png,0,-0.5366737633130482,,0.0009213685989379,0.12191373590151339,chromosome
0,0.0008347034454345,170215,170215.2~A33.K_17,17,,normal,170215.2~A33.K_17L.png,170215.2~A33.K_17R.png,train,/data5/chensx/MyProject/UAE/data/arrangement_merged/chr_17/170215.2~A33.K_17L.png,/data5/chensx/MyProject/UAE/data/arrangement_merged/chr_17/170215.2~A33.K_17R.png,0,-0.6504350385843428,,0.0008347034454345,-0.4792975027645098,chromosome
0,0.0007433891296386,170215,170215.2~A4.K_17,17,,normal,170215.2~A4.K_17L.png,170215.2~A4.K_17R.png,train,/data5/chensx/MyProject/UAE/data/arrangement_merged/chr_17/170215.2~A4.K_17L.png,/data5/chensx/MyProject/UAE/data/arrangement_merged/chr_17/170215.2~A4.K_17R.png,0,-0.7702990507684029,,0.0007433891296386,-1.1127607886218365,chromosome
0,0.0009803771972656,170215,170215.3~A32.K_17,17,,normal,170215.3~A32.K_17L.png,170215.3~A32.K_17R.png,train,/data5/chensx/MyProject/UAE/data/arrangement_merged/chr_17/170215.3~A32.K_17L.png,/data5/chensx/MyProject/UAE/data/arrangement_merged/chr_17/170215.3~A32.K_17R.png,0,-0.459215948651025,,0.0009803771972656,0.5312666425590955,chromosome
0,0.0009205341339111,170215,170215.3~A33.K_17,17,,normal,170215.3~A33.K_17L.png,170215.3~A33.K_17R.png,train,/data5/chensx/MyProject/UAE/data/arrangement_merged/chr_17/170215.3~A33.K_17L.png,/data5/chensx/MyProject/UAE/data/arrangement_merged/chr_17/170215.3~A33.K_17R.png,0,-0.5377691263486727,,0.0009205341339111,0.11612490691886743,chromosome
0,0.0008946061134338,170215,170215.3~A38.K_17,17,,normal,170215.3~A38.K_17L.png,170215.3~A38.K_17R.png,train,/data5/chensx/MyProject/UAE/data/arrangement_merged/chr_17/170215.3~A38.K_17L.png,/data5/chensx/MyProject/UAE/data/arrangement_merged/chr_17/170215.3~A38.K_17R.png,0,-0.5718036206698647,,0.0008946061134338,-0.06374227933960876,chromosome
0,0.0008721351623535,170215,170215.3~A41.K_17,17,,normal,170215.3~A41.K_17L.png,170215.3~A41.K_17R.png,train,/data5/chensx/MyProject/UAE/data/arrangement_merged/chr_17/170215.3~A41.K_17L.png,/data5/chensx/MyProject/UAE/data/arrangement_merged/chr_17/170215.3~A41.K_17R.png,0,-0.6013001824148978,,0.0008721351623535,-0.2196271740967706,chromosome
0,0.0007370710372924,170215,170215.3~A47.K_17,17,,normal,170215.3~A47.K_17L.png,170215.3~A47.K_17R.png,train,/data5/chensx/MyProject/UAE/data/arrangement_merged/chr_17/170215.3~A47.K_17L.png,/data5/chensx/MyProject/UAE/data/arrangement_merged/chr_17/170215.3~A47.K_17R.png,0,-0.7785925137524174,,0.0007370710372924,-1.1565904937791254,chromosome
0,0.000960886478424,179083,179083.12~A20.K_17,17,,normal,179083.12~A20.K_17L.png,179083.12~A20.K_17R.png,train,/data5/chensx/MyProject/UAE/data/arrangement_merged/chr_17/179083.12~A20.K_17L.png,/data5/chensx/MyProject/UAE/data/arrangement_merged/chr_17/179083.12~A20.K_17R.png,0,-0.3485100348549359,,0.000960886478424,0.39605613702655906,chromosome
0,0.0007981061935424,179083,179083.12~A37.K_17,17,,normal,179083.12~A37.K_17L.png,179083.12~A37.K_17R.png,train,/data5/chensx/MyProject/UAE/data/arrangement_merged/chr_17/179083.12~A37.K_17L.png,/data5/chensx/MyProject/UAE/data/arrangement_merged/chr_17/179083.12~A37.K_17R.png,0,-0.5932919121353534,,0.0007981061935424,-0.7331790024489088,chromosome
0,0.000956654548645,179083,179083.12~A39.K_17,17,,normal,179083.12~A39.K_17L.png,179083.12~A39.K_17R.png,train,/data5/chensx/MyProject/UAE/data/arrangement_merged/chr_17/179083.12~A39.K_17L.png,/data5/chensx/MyProject/UAE/data/arrangement_merged/chr_17/179083.12~A39.K_17R.png,0,-0.3548738258790698,,0.000956654548645,0.3666985043272717,chromosome
0,0.0013407468795776,179083,179083.12~A47.K_17,17,,normal,179083.12~A47.K_17L.png,179083.12~A47.K_17R.png,train,/data5/chensx/MyProject/UAE/data/arrangement_merged/chr_17/179083.12~A47.K_17L.png,/data5/chensx/MyProject/UAE/data/arrangement_merged/chr_17/179083.12~A47.K_17R.png,0,0.2227074327057013,,0.0013407468795776,3.031213787659101,chromosome
0,0.0008127689361572,179083,179083.12~A9.K_17,17,,normal,179083.12~A9.K_17L.png,179083.12~A9.K_17R.png,train,/data5/chensx/MyProject/UAE/data/arrangement_merged/chr_17/179083.12~A9.K_17L.png,/data5/chensx/MyProject/UAE/data/arrangement_merged/chr_17/179083.12~A9.K_17R.png,0,-0.5712427206996219,,0.0008127689361572,-0.6314610074610025,chromosome
0,0.0008680820465087,179083,179083.13~A11.K_17,17,,normal,179083.13~A11.K_17L.png,179083.13~A11.K_17R.png,train,/data5/chensx/MyProject/UAE/data/arrangement_merged/chr_17/179083.13~A11.K_17L.png,/data5/chensx/MyProject/UAE/data/arrangement_merged/chr_17/179083.13~A11.K_17R.png,0,-0.4880652830884071,,0.0008680820465087,-0.247744343443427,chromosome
0,0.0008841156959533,179083,179083.13~A13.K_17,17,,normal,179083.13~A13.K_17L.png,179083.13~A13.K_17R.png,train,/data5/chensx/MyProject/UAE/data/arrangement_merged/chr_17/179083.13~A13.K_17L.png,/data5/chensx/MyProject/UAE/data/arrangement_merged/chr_17/179083.13~A13.K_17R.png,0,-0.4639545818842943,,0.0008841156959533,-0.1365161294122071,chromosome
0,0.0009680986404418,179083,179083.13~A14.K_17,17,,normal,179083.13~A14.K_17L.png,179083.13~A14.K_17R.png,train,/data5/chensx/MyProject/UAE/data/arrangement_merged/chr_17/179083.13~A14.K_17L.png,/data5/chensx/MyProject/UAE/data/arrangement_merged/chr_17/179083.13~A14.K_17R.png,0,-0.3376647008560599,,0.0009680986404418,0.44608815895116677,chromosome
0,0.0016249418258666,179083,179083.13~A2.K_17,17,,normal,179083.13~A2.K_17L.png,179083.13~A2.K_17R.png,train,/data5/chensx/MyProject/UAE/data/arrangement_merged/chr_17/179083.13~A2.K_17L.png,/data5/chensx/MyProject/UAE/data/arrangement_merged/chr_17/179083.13~A2.K_17R.png,0,0.6500673707771149,,0.0016249418258666,5.002723544164987,chromosome
0,0.0008304715156555,179083,179083.13~A22.K_17,17,,normal,179083.13~A22.K_17L.png,179083.13~A22.K_17R.png,train,/data5/chensx/MyProject/UAE/data/arrangement_merged/chr_17/179083.13~A22.K_17L.png,/data5/chensx/MyProject/UAE/data/arrangement_merged/chr_17/179083.13~A22.K_17R.png,0,-0.5446223554296533,,0.0008304715156555,-0.5086551354637971,chromosome
0,0.0008172988891601,179083,179083.13~A26.K_17,17,,normal,179083.13~A26.K_17L.png,179083.13~A26.K_17R.png,train,/data5/chensx/MyProject/UAE/data/arrangement_merged/chr_17/179083.13~A26.K_17L.png,/data5/chensx/MyProject/UAE/data/arrangement_merged/chr_17/179083.13~A26.K_17R.png,0,-0.5644307753780138,,0.0008172988891601,-0.600035935839044,chromosome
0,0.0009534955024719,179083,179083.13~A34.K_17,17,,normal,179083.13~A34.K_17L.png,179083.13~A34.K_17R.png,train,/data5/chensx/MyProject/UAE/data/arrangement_merged/chr_17/179083.13~A34.K_17L.png,/data5/chensx/MyProject/UAE/data/arrangement_merged/chr_17/179083.13~A34.K_17R.png,0,-0.3596242614322965,,0.0009534955024719,0.34478365174862685,chromosome
0,0.0009126663208007,179083,179083.13~A39.K_17,17,,normal,179083.13~A39.K_17L.png,179083.13~A39.K_17R.png,train,/data5/chensx/MyProject/UAE/data/arrangement_merged/chr_17/179083.13~A39.K_17L.png,/data5/chensx/MyProject/UAE/data/arrangement_merged/chr_17/179083.13~A39.K_17R.png,0,-0.4210214001862642,,0.0009126663208007,0.06154451936424626,chromosome
0,0.0008211135864257,179083,179083.14~A14.K_17,17,,normal,179083.14~A14.K_17L.png,179083.14~A14.K_17R.png,train,/data5/chensx/MyProject/UAE/data/arrangement_merged/chr_17/179083.14~A14.K_17L.png,/data5/chensx/MyProject/UAE/data/arrangement_merged/chr_17/179083.14~A14.K_17R.png,0,-0.5586944003703438,,0.0008211135864257,-0.5735727176310785,chromosome
0,0.0012038946151733,179083,179083.14~A18.K_17,17,,normal,179083.14~A18.K_17L.png,179083.14~A18.K_17R.png,train,/data5/chensx/MyProject/UAE/data/arrangement_merged/chr_17/179083.14~A18.K_17L.png,/data5/chensx/MyProject/UAE/data/arrangement_merged/chr_17/179083.14~A18.K_17R.png,0,0.0169149793055407,,0.0012038946151733,2.0818458344421087,chromosome
0,0.0007916688919067,179083,179083.14~A2.K_17,17,,normal,179083.14~A2.K_17L.png,179083.14~A2.K_17R.png,train,/data5/chensx/MyProject/UAE/data/arrangement_merged/chr_17/179083.14~A2.K_17L.png,/data5/chensx/MyProject/UAE/data/arrangement_merged/chr_17/179083.14~A2.K_17R.png,0,-0.6029720449607965,,0.0007916688919067,-0.77783568317485,chromosome
0,0.0008958578109741,179083,179083.14~A27.K_17,17,,normal,179083.14~A27.K_17L.png,179083.14~A27.K_17R.png,train,/data5/chensx/MyProject/UAE/data/arrangement_merged/chr_17/179083.14~A27.K_17L.png,/data5/chensx/MyProject/UAE/data/arrangement_merged/chr_17/179083.14~A27.K_17R.png,0,-0.4462973025638101,,0.0008958578109741,-0.055059035864947474,chromosome
0,0.0007591843605041,179083,179083.14~A28.K_17,17,,normal,179083.14~A28.K_17L.png,179083.14~A28.K_17R.png,train,/data5/chensx/MyProject/UAE/data/arrangement_merged/chr_17/179083.14~A28.K_17L.png,/data5/chensx/MyProject/UAE/data/arrangement_merged/chr_17/179083.14~A28.K_17R.png,0,-0.6518208633854861,,0.0007591843605041,-1.0031865257286139,chromosome
0,0.0007341504096984,179083,179083.14~A39.K_17,17,,normal,179083.14~A39.K_17L.png,179083.14~A39.K_17R.png,train,/data5/chensx/MyProject/UAE/data/arrangement_merged/chr_17/179083.14~A39.K_17L.png,/data5/chensx/MyProject/UAE/data/arrangement_merged/chr_17/179083.14~A39.K_17R.png,0,-0.6894658243733204,,0.0007341504096984,-1.176851395219772,chromosome
0,0.0009365081787109,179083,179083.14~A44.K_17,17,,normal,179083.14~A44.K_17L.png,179083.14~A44.K_17R.png,train,/data5/chensx/MyProject/UAE/data/arrangement_merged/chr_17/179083.14~A44.K_17L.png,/data5/chensx/MyProject/UAE/data/arrangement_merged/chr_17/179083.14~A44.K_17R.png,0,-0.3851690563883269,,0.0009365081787109,0.22693963316541518,chromosome
0,0.0008165836334228,179083,179083.14~A7.K_17,17,,normal,179083.14~A7.K_17L.png,179083.14~A7.K_17R.png,train,/data5/chensx/MyProject/UAE/data/arrangement_merged/chr_17/179083.14~A7.K_17L.png,/data5/chensx/MyProject/UAE/data/arrangement_merged/chr_17/179083.14~A7.K_17R.png,0,-0.5655063456919519,,0.0008165836334228,-0.6049977892530377,chromosome
0,0.0009633898735046,179083,179083.1~A24.K_17,17,,normal,179083.1~A24.K_17L.png,179083.1~A24.K_17R.png,train,/data5/chensx/MyProject/UAE/data/arrangement_merged/chr_17/179083.1~A24.K_17L.png,/data5/chensx/MyProject/UAE/data/arrangement_merged/chr_17/179083.1~A24.K_17R.png,0,-0.3447455387561525,,0.0009633898735046,0.41342262397588314,chromosome
0,0.0009464025497436,179083,179083.2~A1.K_17,17,,normal,179083.2~A1.K_17L.png,179083.2~A1.K_17R.png,train,/data5/chensx/MyProject/UAE/data/arrangement_merged/chr_17/179083.2~A1.K_17L.png,/data5/chensx/MyProject/UAE/data/arrangement_merged/chr_17/179083.2~A1.K_17R.png,0,-0.3702903337121829,,0.0009464025497436,0.29557860539267145,chromosome
0,0.0006992816925048,179083,179083.2~A12.K_17,17,,normal,179083.2~A12.K_17L.png,179083.2~A12.K_17R.png,train,/data5/chensx/MyProject/UAE/data/arrangement_merged/chr_17/179083.2~A12.K_17L.png,/data5/chensx/MyProject/UAE/data/arrangement_merged/chr_17/179083.2~A12.K_17R.png,0,-0.7418998771778038,,0.0006992816925048,-1.4187417491535141,chromosome
0,0.0011950731277465,179083,179083.2~A14.K_17,17,,normal,179083.2~A14.K_17L.png,179083.2~A14.K_17R.png,train,/data5/chensx/MyProject/UAE/data/arrangement_merged/chr_17/179083.2~A14.K_17L.png,/data5/chensx/MyProject/UAE/data/arrangement_merged/chr_17/179083.2~A14.K_17R.png,0,0.0036496121003039,,0.0011950731277465,2.020649642335497,chromosome
0,0.0008522868156433,179083,179083.2~A18.K_17,17,,normal,179083.2~A18.K_17L.png,179083.2~A18.K_17R.png,train,/data5/chensx/MyProject/UAE/data/arrangement_merged/chr_17/179083.2~A18.K_17L.png,/data5/chensx/MyProject/UAE/data/arrangement_merged/chr_17/179083.2~A18.K_17R.png,0,-0.5118174608545406,,0.0008522868156433,-0.3573186063359561,chromosome
0,0.0007961988449096,179083,179083.2~A20.K_17,17,,normal,179083.2~A20.K_17L.png,179083.2~A20.K_17R.png,train,/data5/chensx/MyProject/UAE/data/arrangement_merged/chr_17/179083.2~A20.K_17L.png,/data5/chensx/MyProject/UAE/data/arrangement_merged/chr_17/179083.2~A20.K_17R.png,0,-0.5961600996391884,,0.0007961988449096,-0.7464106115528916,chromosome
0,0.0008906126022338,179083,179083.2~A26.K_17,17,,normal,179083.2~A26.K_17L.png,179083.2~A26.K_17R.png,train,/data5/chensx/MyProject/UAE/data/arrangement_merged/chr_17/179083.2~A26.K_17L.png,/data5/chensx/MyProject/UAE/data/arrangement_merged/chr_17/179083.2~A26.K_17R.png,0,-0.4541848181993563,,0.0008906126022338,-0.091445960901593,chromosome
0,0.0008702874183654,179083,179083.2~A3.K_17,17,,normal,179083.2~A3.K_17L.png,179083.2~A3.K_17R.png,train,/data5/chensx/MyProject/UAE/data/arrangement_merged/chr_17/179083.2~A3.K_17L.png,/data5/chensx/MyProject/UAE/data/arrangement_merged/chr_17/179083.2~A3.K_17R.png,0,-0.4847489412870979,,0.0008702874183654,-0.23244529541677394,chromosome
0,0.0009264945983886,179083,179083.2~A31.K_17,17,,normal,179083.2~A31.K_17L.png,179083.2~A31.K_17R.png,train,/data5/chensx/MyProject/UAE/data/arrangement_merged/chr_17/179083.2~A31.K_17L.png,/data5/chensx/MyProject/UAE/data/arrangement_merged/chr_17/179083.2~A31.K_17R.png,0,-0.4002270407834605,,0.0009264945983886,0.15747368536881312,chromosome
0,0.0009270310401916,179083,179083.2~A35.K_17,17,,normal,179083.2~A35.K_17L.png,179083.2~A35.K_17R.png,train,/data5/chensx/MyProject/UAE/data/arrangement_merged/chr_17/179083.2~A35.K_17L.png,/data5/chensx/MyProject/UAE/data/arrangement_merged/chr_17/179083.2~A35.K_17R.png,0,-0.399420363048007,,0.0009270310401916,0.16119507542948153,chromosome
0,0.0008852481842041,179083,179083.2~A38.K_17,17,,normal,179083.2~A38.K_17L.png,179083.2~A38.K_17R.png,train,/data5/chensx/MyProject/UAE/data/arrangement_merged/chr_17/179083.2~A38.K_17L.png,/data5/chensx/MyProject/UAE/data/arrangement_merged/chr_17/179083.2~A38.K_17R.png,0,-0.4622515955538922,,0.0008852481842041,-0.12865986150619663,chromosome
0,0.0009134411811828,179083,179083.3~A1.K_17,17,,normal,179083.3~A1.K_17L.png,179083.3~A1.K_17R.png,train,/data5/chensx/MyProject/UAE/data/arrangement_merged/chr_17/179083.3~A1.K_17L.png,/data5/chensx/MyProject/UAE/data/arrangement_merged/chr_17/179083.3~A1.K_17R.png,0,-0.4198561990128313,,0.0009134411811828,0.06691986056291203,chromosome
0,0.0009487867355346,179083,179083.3~A24.K_17,17,,normal,179083.3~A24.K_17L.png,179083.3~A24.K_17R.png,train,/data5/chensx/MyProject/UAE/data/arrangement_merged/chr_17/179083.3~A24.K_17L.png,/data5/chensx/MyProject/UAE/data/arrangement_merged/chr_17/179083.3~A24.K_17R.png,0,-0.3667050993323891,,0.0009487867355346,0.3121181167726497,chromosome
0,0.0009995698928833,179083,179083.3~A27.K_17,17,,normal,179083.3~A27.K_17L.png,179083.3~A27.K_17R.png,train,/data5/chensx/MyProject/UAE/data/arrangement_merged/chr_17/179083.3~A27.K_17L.png,/data5/chensx/MyProject/UAE/data/arrangement_merged/chr_17/179083.3~A27.K_17R.png,0,-0.2903396070427825,,0.0009995698928833,0.6644097091689595,chromosome
0,0.0008893013000488,179083,179083.4~A34.K_17,17,,normal,179083.4~A34.K_17L.png,179083.4~A34.K_17R.png,train,/data5/chensx/MyProject/UAE/data/arrangement_merged/chr_17/179083.4~A34.K_17L.png,/data5/chensx/MyProject/UAE/data/arrangement_merged/chr_17/179083.4~A34.K_17R.png,0,-0.4561566971082428,,0.0008893013000488,-0.10054269216023372,chromosome
0,0.0011166334152221,180371,180371.11~A18.K_17,17,,normal,180371.11~A18.K_17L.png,180371.11~A18.K_17R.png,train,/data5/chensx/MyProject/UAE/data/arrangement_merged/chr_17/180371.11~A18.K_17L.png,/data5/chensx/MyProject/UAE/data/arrangement_merged/chr_17/180371.11~A18.K_17R.png,0,-0.1852648941608775,,0.0011166334152221,1.476499717930746,chromosome
0,0.0009188652038574,180371,180371.11~A42.K_17,17,,normal,180371.11~A42.K_17L.png,180371.11~A42.K_17R.png,train,/data5/chensx/MyProject/UAE/data/arrangement_merged/chr_17/180371.11~A42.K_17L.png,/data5/chensx/MyProject/UAE/data/arrangement_merged/chr_17/180371.11~A42.K_17R.png,0,-0.4689604916727039,,0.0009188652038574,0.10454724895288278,chromosome
0,0.0010421276092529,180371,180371.11~A50.K_17,17,,normal,180371.11~A50.K_17L.png,180371.11~A50.K_17R.png,train,/data5/chensx/MyProject/UAE/data/arrangement_merged/chr_17/180371.11~A50.K_17L.png,/data5/chensx/MyProject/UAE/data/arrangement_merged/chr_17/180371.11~A50.K_17R.png,0,-0.2921423796611135,,0.0010421276092529,0.9596399873033049,chromosome
0,0.0009581446647644,180371,180371.13~A44.K_17,17,,normal,180371.13~A44.K_17L.png,180371.13~A44.K_17R.png,train,/data5/chensx/MyProject/UAE/data/arrangement_merged/chr_17/180371.13~A44.K_17L.png,/data5/chensx/MyProject/UAE/data/arrangement_merged/chr_17/180371.13~A44.K_17R.png,0,-0.4126146813169795,,0.0009581446647644,0.37703569893993105,chromosome
0,0.001095175743103,180371,180371.14~A1.K_17,17,,normal,180371.14~A1.K_17L.png,180371.14~A1.K_17R.png,train,/data5/chensx/MyProject/UAE/data/arrangement_merged/chr_17/180371.14~A1.K_17L.png,/data5/chensx/MyProject/UAE/data/arrangement_merged/chr_17/180371.14~A1.K_17R.png,0,-0.2160456099849455,,0.001095175743103,1.327644115510248,chromosome
0,0.001138150691986,180371,180371.1~A15.K_17,17,,normal,180371.1~A15.K_17L.png,180371.1~A15.K_17R.png,train,/data5/chensx/MyProject/UAE/data/arrangement_merged/chr_17/180371.1~A15.K_17L.png,/data5/chensx/MyProject/UAE/data/arrangement_merged/chr_17/180371.1~A15.K_17R.png,0,-0.1543986763484094,,0.001138150691986,1.625768808135916,chromosome
0,0.0008131265640258,180371,180371.1~A25.K_17,17,,normal,180371.1~A25.K_17L.png,180371.1~A25.K_17R.png,train,/data5/chensx/MyProject/UAE/data/arrangement_merged/chr_17/180371.1~A25.K_17L.png,/data5/chensx/MyProject/UAE/data/arrangement_merged/chr_17/180371.1~A25.K_17R.png,0,-0.6206410190946388,,0.0008131265640258,-0.6289800807543527,chromosome
0,0.0008597373962402,180371,180371.1~A33.K_17,17,,normal,180371.1~A33.K_17L.png,180371.1~A33.K_17R.png,train,/data5/chensx/MyProject/UAE/data/arrangement_merged/chr_17/180371.1~A33.K_17L.png,/data5/chensx/MyProject/UAE/data/arrangement_merged/chr_17/180371.1~A33.K_17R.png,0,-0.5537784641656912,,0.0008597373962402,-0.30563263327335094,chromosome
0,0.000925600528717,180371,180371.1~A35.K_17,17,,normal,180371.1~A35.K_17L.png,180371.1~A35.K_17R.png,train,/data5/chensx/MyProject/UAE/data/arrangement_merged/chr_17/180371.1~A35.K_17L.png,/data5/chensx/MyProject/UAE/data/arrangement_merged/chr_17/180371.1~A35.K_17R.png,0,-0.4592987669834826,,0.000925600528717,0.151271368601495,chromosome
0,0.0009351968765258,180371,180371.2~A15.K_17,17,,normal,180371.2~A15.K_17L.png,180371.2~A15.K_17R.png,train,/data5/chensx/MyProject/UAE/data/arrangement_merged/chr_17/180371.2~A15.K_17L.png,/data5/chensx/MyProject/UAE/data/arrangement_merged/chr_17/180371.2~A15.K_17R.png,0,-0.4455329468510521,,0.0009351968765258,0.21784290190608024,chromosome
0,0.0008469820022583,180371,180371.2~A16.K_17,17,,normal,180371.2~A16.K_17L.png,180371.2~A16.K_17R.png,train,/data5/chensx/MyProject/UAE/data/arrangement_merged/chr_17/180371.2~A16.K_17L.png,/data5/chensx/MyProject/UAE/data/arrangement_merged/chr_17/180371.2~A16.K_17R.png,0,-0.5720758896833316,,0.0008469820022583,-0.39411901915658104,chromosome
0,0.0012719631195068,180371,180371.2~A21.K_17,17,,normal,180371.2~A21.K_17L.png,180371.2~A21.K_17R.png,train,/data5/chensx/MyProject/UAE/data/arrangement_merged/chr_17/180371.2~A21.K_17L.png,/data5/chensx/MyProject/UAE/data/arrangement_merged/chr_17/180371.2~A21.K_17R.png,0,0.0375532876100143,,0.0012719631195068,2.554048884343608,chromosome
0,0.0007526278495788,180371,180371.2~A41.K_17,17,,normal,180371.2~A41.K_17L.png,180371.2~A41.K_17R.png,train,/data5/chensx/MyProject/UAE/data/arrangement_merged/chr_17/180371.2~A41.K_17L.png,/data5/chensx/MyProject/UAE/data/arrangement_merged/chr_17/180371.2~A41.K_17R.png,0,-0.7074255373208304,,0.0007526278495788,-1.0486701820239008,chromosome
0,0.0012670755386352,180371,180371.2~A49.K_17,17,,normal,180371.2~A49.K_17L.png,180371.2~A49.K_17R.png,train,/data5/chensx/MyProject/UAE/data/arrangement_merged/chr_17/180371.2~A49.K_17L.png,/data5/chensx/MyProject/UAE/data/arrangement_merged/chr_17/180371.2~A49.K_17R.png,0,0.0305421245611989,,0.0012670755386352,2.5201428860143054,chromosome
0,0.0008480548858642,180371,180371.3~A2.K_17,17,,normal,180371.3~A2.K_17L.png,180371.3~A2.K_17R.png,train,/data5/chensx/MyProject/UAE/data/arrangement_merged/chr_17/180371.3~A2.K_17L.png,/data5/chensx/MyProject/UAE/data/arrangement_merged/chr_17/180371.3~A2.K_17R.png,0,-0.5705368538921282,,0.0008480548858642,-0.3866762390359377,chromosome
0,0.0008900165557861,180371,180371.3~A25.K_17,17,,normal,180371.3~A25.K_17L.png,180371.3~A25.K_17R.png,train,/data5/chensx/MyProject/UAE/data/arrangement_merged/chr_17/180371.3~A25.K_17L.png,/data5/chensx/MyProject/UAE/data/arrangement_merged/chr_17/180371.3~A25.K_17R.png,0,-0.5103434540583953,,0.0008900165557861,-0.09558083874624083,chromosome
0,0.0008976459503173,180371,180371.3~A45.K_17,17,,normal,180371.3~A45.K_17L.png,180371.3~A45.K_17R.png,train,/data5/chensx/MyProject/UAE/data/arrangement_merged/chr_17/180371.3~A45.K_17L.png,/data5/chensx/MyProject/UAE/data/arrangement_merged/chr_17/180371.3~A45.K_17R.png,0,-0.4993991995431711,,0.0008976459503173,-0.0426544023303105,chromosome
0,0.0008676052093505,180371,180371.3~A9.K_17,17,,normal,180371.3~A9.K_17L.png,180371.3~A9.K_17R.png,train,/data5/chensx/MyProject/UAE/data/arrangement_merged/chr_17/180371.3~A9.K_17L.png,/data5/chensx/MyProject/UAE/data/arrangement_merged/chr_17/180371.3~A9.K_17R.png,0,-0.5424922016968663,,0.0008676052093505,-0.25105224571942325,chromosome
0,0.0009620189666748,180371,180371.4~A19.K_17,17,,normal,180371.4~A19.K_17L.png,180371.4~A19.K_17R.png,train,/data5/chensx/MyProject/UAE/data/arrangement_merged/chr_17/180371.4~A19.K_17L.png,/data5/chensx/MyProject/UAE/data/arrangement_merged/chr_17/180371.4~A19.K_17R.png,0,-0.4070570520709672,,0.0009620189666748,0.4039124049325695,chromosome
0,0.0008507966995239,180371,180371.4~A20.K_17,17,,normal,180371.4~A20.K_17L.png,180371.4~A20.K_17R.png,train,/data5/chensx/MyProject/UAE/data/arrangement_merged/chr_17/180371.4~A20.K_17L.png,/data5/chensx/MyProject/UAE/data/arrangement_merged/chr_17/180371.4~A20.K_17R.png,0,-0.5666037624257195,,0.0008507966995239,-0.3676558009486162,chromosome
0,0.0008531808853149,180371,180371.4~A23.K_17,17,,normal,180371.4~A23.K_17L.png,180371.4~A23.K_17R.png,train,/data5/chensx/MyProject/UAE/data/arrangement_merged/chr_17/180371.4~A23.K_17L.png,/data5/chensx/MyProject/UAE/data/arrangement_merged/chr_17/180371.4~A23.K_17R.png,0,-0.5631836828897119,,0.0008531808853149,-0.35111628956863794,chromosome
0,0.0007699728012084,180371,180371.4~A27.K_17,17,,normal,180371.4~A27.K_17L.png,180371.4~A27.K_17R.png,train,/data5/chensx/MyProject/UAE/data/arrangement_merged/chr_17/180371.4~A27.K_17L.png,/data5/chensx/MyProject/UAE/data/arrangement_merged/chr_17/180371.4~A27.K_17R.png,0,-0.6825444586963755,,0.0007699728012084,-0.9283452367340388,chromosome
0,0.0010257959365844,180371,180371.4~A35.K_17,17,,normal,180371.4~A35.K_17L.png,180371.4~A35.K_17R.png,train,/data5/chensx/MyProject/UAE/data/arrangement_merged/chr_17/180371.4~A35.K_17L.png,/data5/chensx/MyProject/UAE/data/arrangement_merged/chr_17/180371.4~A35.K_17R.png,0,-0.3155699244827652,,0.0010257959365844,0.846344334349414,chromosome
0,0.0007942914962768,180371,180371.4~A39.K_17,17,,normal,180371.4~A39.K_17L.png,180371.4~A39.K_17R.png,train,/data5/chensx/MyProject/UAE/data/arrangement_merged/chr_17/180371.4~A39.K_17L.png,/data5/chensx/MyProject/UAE/data/arrangement_merged/chr_17/180371.4~A39.K_17R.png,0,-0.6476596474290984,,0.0007942914962768,-0.7596422206568744,chromosome
0,0.0007588863372802,180371,180371.4~A44.K_17,17,,normal,180371.4~A44.K_17L.png,180371.4~A44.K_17R.png,train,/data5/chensx/MyProject/UAE/data/arrangement_merged/chr_17/180371.4~A44.K_17L.png,/data5/chensx/MyProject/UAE/data/arrangement_merged/chr_17/180371.4~A44.K_17R.png,0,-0.6984478285388106,,0.0007588863372802,-1.0052539646512841,chromosome
0,0.0008915662765502,182418,182418.13~A1.K_17,17,,normal,182418.13~A1.K_17L.png,182418.13~A1.K_17R.png,train,/data5/chensx/MyProject/UAE/data/arrangement_merged/chr_17/182418.13~A1.K_17L.png,/data5/chensx/MyProject/UAE/data/arrangement_merged/chr_17/182418.13~A1.K_17R.png,0,-0.5887071667448449,,0.0008915662765502,-0.08483015634960123,chromosome
0,0.0009227991104125,182418,182418.13~A27.K_17,17,,normal,182418.13~A27.K_17L.png,182418.13~A27.K_17R.png,train,/data5/chensx/MyProject/UAE/data/arrangement_merged/chr_17/182418.13~A27.K_17L.png,/data5/chensx/MyProject/UAE/data/arrangement_merged/chr_17/182418.13~A27.K_17R.png,0,-0.5463393397826964,,0.0009227991104125,0.1318374427294999,chromosome
0,0.0008509159088134,182418,182418.13~A6.K_17,17,,normal,182418.13~A6.K_17L.png,182418.13~A6.K_17R.png,train,/data5/chensx/MyProject/UAE/data/arrangement_merged/chr_17/182418.13~A6.K_17L.png,/data5/chensx/MyProject/UAE/data/arrangement_merged/chr_17/182418.13~A6.K_17R.png,0,-0.6438500255009236,,0.0008509159088134,-0.3668288253799639,chromosome
0,0.0009434223175048,182418,182418.14~A44.K_17,17,,normal,182418.14~A44.K_17L.png,182418.14~A44.K_17R.png,train,/data5/chensx/MyProject/UAE/data/arrangement_merged/chr_17/182418.14~A44.K_17L.png,/data5/chensx/MyProject/UAE/data/arrangement_merged/chr_17/182418.14~A44.K_17R.png,0,-0.5183636372466213,,0.0009434223175048,0.2749042161673519,chromosome
0,0.0008199214935302,182418,182418.1~A24.K_17,17,,normal,182418.1~A24.K_17L.png,182418.1~A24.K_17R.png,train,/data5/chensx/MyProject/UAE/data/arrangement_merged/chr_17/182418.1~A24.K_17L.png,/data5/chensx/MyProject/UAE/data/arrangement_merged/chr_17/182418.1~A24.K_17R.png,0,-0.6858944339366435,,0.0008199214935302,-0.5818424733210676,chromosome
0,0.000836431980133,182418,182418.2~A16.K_17,17,,normal,182418.2~A16.K_17L.png,182418.2~A16.K_17R.png,train,/data5/chensx/MyProject/UAE/data/arrangement_merged/chr_17/182418.2~A16.K_17L.png,/data5/chensx/MyProject/UAE/data/arrangement_merged/chr_17/182418.2~A16.K_17R.png,0,-0.663497700981462,,0.000836431980133,-0.4673063570138515,chromosome
0,0.0009889006614685,182418,182418.2~A2.K_17,17,,normal,182418.2~A2.K_17L.png,182418.2~A2.K_17R.png,train,/data5/chensx/MyProject/UAE/data/arrangement_merged/chr_17/182418.2~A2.K_17L.png,/data5/chensx/MyProject/UAE/data/arrangement_merged/chr_17/182418.2~A2.K_17R.png,0,-0.4566715533303631,,0.0009889006614685,0.5903953957430375,chromosome
0,0.0008440613746643,182418,182418.2~A3.K_17,17,,normal,182418.2~A3.K_17L.png,182418.2~A3.K_17R.png,train,/data5/chensx/MyProject/UAE/data/arrangement_merged/chr_17/182418.2~A3.K_17L.png,/data5/chensx/MyProject/UAE/data/arrangement_merged/chr_17/182418.2~A3.K_17R.png,0,-0.6531483081357463,,0.0008440613746643,-0.4143799205972277,chromosome
0,0.0007585287094116,182418,182418.2~A33.K_17,17,,normal,182418.2~A33.K_17L.png,182418.2~A33.K_17R.png,train,/data5/chensx/MyProject/UAE/data/arrangement_merged/chr_17/182418.2~A33.K_17L.png,/data5/chensx/MyProject/UAE/data/arrangement_merged/chr_17/182418.2~A33.K_17R.png,0,-0.7691747044920118,,0.0007585287094116,-1.0077348913579347,chromosome
0,0.0009549260139465,182418,182418.2~A38.K_17,17,,normal,182418.2~A38.K_17L.png,182418.2~A38.K_17R.png,train,/data5/chensx/MyProject/UAE/data/arrangement_merged/chr_17/182418.2~A38.K_17L.png,/data5/chensx/MyProject/UAE/data/arrangement_merged/chr_17/182418.2~A38.K_17R.png,0,-0.5027586933464406,,0.0009549260139465,0.3547073585766141,chromosome
0,0.0007900595664978,182418,182418.3~A15.K_17,17,,normal,182418.3~A15.K_17L.png,182418.3~A15.K_17R.png,train,/data5/chensx/MyProject/UAE/data/arrangement_merged/chr_17/182418.3~A15.K_17L.png,/data5/chensx/MyProject/UAE/data/arrangement_merged/chr_17/182418.3~A15.K_17R.png,0,-0.7264026043718275,,0.0007900595664978,-0.7889998533561617,chromosome
0,0.0009072422981262,182418,182418.3~A25.K_17,17,,normal,182418.3~A25.K_17L.png,182418.3~A25.K_17R.png,train,/data5/chensx/MyProject/UAE/data/arrangement_merged/chr_17/182418.3~A25.K_17L.png,/data5/chensx/MyProject/UAE/data/arrangement_merged/chr_17/182418.3~A25.K_17R.png,0,-0.5674423986321635,,0.0009072422981262,0.02391713097496897,chromosome
0,0.0009230375289916,182418,182418.3~A49.K_17,17,,normal,182418.3~A49.K_17L.png,182418.3~A49.K_17R.png,train,/data5/chensx/MyProject/UAE/data/arrangement_merged/chr_17/182418.3~A49.K_17L.png,/data5/chensx/MyProject/UAE/data/arrangement_merged/chr_17/182418.3~A49.K_17R.png,0,-0.5460159212562679,,0.0009230375289916,0.13349139386749803,chromosome
0,0.0009379982948303,182418,182418.4~A15.K_17,17,,normal,182418.4~A15.K_17L.png,182418.4~A15.K_17R.png,train,/data5/chensx/MyProject/UAE/data/arrangement_merged/chr_17/182418.4~A15.K_17L.png,/data5/chensx/MyProject/UAE/data/arrangement_merged/chr_17/182418.4~A15.K_17R.png,0,-0.5257214087228723,,0.0009379982948303,0.23727682777807535,chromosome
0,0.001396894454956,182418,182418.4~A6.K_17,17,,normal,182418.4~A6.K_17L.png,182418.4~A6.K_17R.png,train,/data5/chensx/MyProject/UAE/data/arrangement_merged/chr_17/182418.4~A6.K_17L.png,/data5/chensx/MyProject/UAE/data/arrangement_merged/chr_17/182418.4~A6.K_17R.png,0,0.0967784000206032,,0.001396894454956,3.4207192806600153,chromosome
0,0.0010154247283935,182418,182418.5~A16.K_17,17,,normal,182418.5~A16.K_17L.png,182418.5~A16.K_17R.png,train,/data5/chensx/MyProject/UAE/data/arrangement_merged/chr_17/182418.5~A16.K_17L.png,/data5/chensx/MyProject/UAE/data/arrangement_merged/chr_17/182418.5~A16.K_17R.png,0,-0.4206912422651797,,0.0010154247283935,0.7743974598461623,chromosome
0,0.0009187459945678,182418,182418.5~A17.K_17,17,,normal,182418.5~A17.K_17L.png,182418.5~A17.K_17R.png,train,/data5/chensx/MyProject/UAE/data/arrangement_merged/chr_17/182418.5~A17.K_17L.png,/data5/chensx/MyProject/UAE/data/arrangement_merged/chr_17/182418.5~A17.K_17R.png,0,-0.5518374547319829,,0.0009187459945678,0.10372027338353698,chromosome
0,0.0008645057678222,182418,182418.5~A3.K_17,17,,normal,182418.5~A3.K_17L.png,182418.5~A3.K_17R.png,train,/data5/chensx/MyProject/UAE/data/arrangement_merged/chr_17/182418.5~A3.K_17L.png,/data5/chensx/MyProject/UAE/data/arrangement_merged/chr_17/182418.5~A3.K_17R.png,0,-0.6254151694944926,,0.0008645057678222,-0.2725536105133944,chromosome
0,0.0009130239486694,182418,182418.5~A30.K_17,17,,normal,182418.5~A30.K_17L.png,182418.5~A30.K_17R.png,train,/data5/chensx/MyProject/UAE/data/arrangement_merged/chr_17/182418.5~A30.K_17L.png,/data5/chensx/MyProject/UAE/data/arrangement_merged/chr_17/182418.5~A30.K_17R.png,0,-0.5595994993662696,,0.0009130239486694,0.06402544607158943,chromosome
0,0.0011396408081054,182418,182418.5~A5.K_17,17,,normal,182418.5~A5.K_17L.png,182418.5~A5.K_17R.png,train,/data5/chensx/MyProject/UAE/data/arrangement_merged/chr_17/182418.5~A5.K_17L.png,/data5/chensx/MyProject/UAE/data/arrangement_merged/chr_17/182418.5~A5.K_17R.png,0,-0.2521901899958716,,0.0011396408081054,1.6361060027485754,chromosome
0,0.0011088848114013,182747,182747.11~A42.K_17,17,,normal,182747.11~A42.K_17L.png,182747.11~A42.K_17R.png,train,/data5/chensx/MyProject/UAE/data/arrangement_merged/chr_17/182747.11~A42.K_17L.png,/data5/chensx/MyProject/UAE/data/arrangement_merged/chr_17/182747.11~A42.K_17R.png,0,-0.2661313456390921,,0.0011088848114013,1.422746305945469,chromosome
0,0.0007373690605163,182747,182747.12~A10.K_17,17,,normal,182747.12~A10.K_17L.png,182747.12~A10.K_17R.png,train,/data5/chensx/MyProject/UAE/data/arrangement_merged/chr_17/182747.12~A10.K_17L.png,/data5/chensx/MyProject/UAE/data/arrangement_merged/chr_17/182747.12~A10.K_17R.png,0,-0.7619579360795147,,0.0007373690605163,-1.1545230548564551,chromosome
0,0.0008575916290283,182747,182747.12~A14.K_17,17,,normal,182747.12~A14.K_17L.png,182747.12~A14.K_17R.png,train,/data5/chensx/MyProject/UAE/data/arrangement_merged/chr_17/182747.12~A14.K_17L.png,/data5/chensx/MyProject/UAE/data/arrangement_merged/chr_17/182747.12~A14.K_17R.png,0,-0.6015083559546418,,0.0008575916290283,-0.3205181935153311,chromosome
0,0.0007507801055908,182747,182747.12~A18.K_17,17,,normal,182747.12~A18.K_17L.png,182747.12~A18.K_17R.png,train,/data5/chensx/MyProject/UAE/data/arrangement_merged/chr_17/182747.12~A18.K_17L.png,/data5/chensx/MyProject/UAE/data/arrangement_merged/chr_17/182747.12~A18.K_17R.png,0,-0.7440594950640975,,0.0007507801055908,-1.06148830334321,chromosome
0,0.0006923675537109,182747,182747.12~A26.K_17,17,,normal,182747.12~A26.K_17L.png,182747.12~A26.K_17R.png,train,/data5/chensx/MyProject/UAE/data/arrangement_merged/chr_17/182747.12~A26.K_17L.png,/data5/chensx/MyProject/UAE/data/arrangement_merged/chr_17/182747.12~A26.K_17R.png,0,-0.8220171492645811,,0.0006923675537109,-1.466706332155451,chromosome
0,0.0009199976921081,182747,182747.12~A28.K_17,17,,normal,182747.12~A28.K_17L.png,182747.12~A28.K_17R.png,train,/data5/chensx/MyProject/UAE/data/arrangement_merged/chr_17/182747.12~A28.K_17L.png,/data5/chensx/MyProject/UAE/data/arrangement_merged/chr_17/182747.12~A28.K_17R.png,0,-0.5182209437629007,,0.0009199976921081,0.11240351685819902,chromosome
0,0.0007489323616027,182747,182747.12~A4.K_17,17,,normal,182747.12~A4.K_17L.png,182747.12~A4.K_17R.png,train,/data5/chensx/MyProject/UAE/data/arrangement_merged/chr_17/182747.12~A4.K_17L.png,/data5/chensx/MyProject/UAE/data/arrangement_merged/chr_17/182747.12~A4.K_17R.png,0,-0.7465255024928883,,0.0007489323616027,-1.0743064246632132,chromosome
0,0.0013188123703002,182747,182747.13~A33.K_17,17,,normal,182747.13~A33.K_17L.png,182747.13~A33.K_17R.png,train,/data5/chensx/MyProject/UAE/data/arrangement_merged/chr_17/182747.13~A33.K_17L.png,/data5/chensx/MyProject/UAE/data/arrangement_merged/chr_17/182747.13~A33.K_17R.png,0,0.0140389177222376,,0.0013188123703002,2.879050282961914,chromosome
0,0.000799536705017,182747,182747.13~A45.K_17,17,,normal,182747.13~A45.K_17L.png,182747.13~A45.K_17R.png,train,/data5/chensx/MyProject/UAE/data/arrangement_merged/chr_17/182747.13~A45.K_17L.png,/data5/chensx/MyProject/UAE/data/arrangement_merged/chr_17/182747.13~A45.K_17R.png,0,-0.6789887183947143,,0.000799536705017,-0.7232552956209223,chromosome
0,0.0010035634040832,182747,182747.13~A5.K_17,17,,normal,182747.13~A5.K_17L.png,182747.13~A5.K_17R.png,train,/data5/chensx/MyProject/UAE/data/arrangement_merged/chr_17/182747.13~A5.K_17L.png,/data5/chensx/MyProject/UAE/data/arrangement_merged/chr_17/182747.13~A5.K_17R.png,0,-0.4066937690801681,,0.0010035634040832,0.6921133907302496,chromosome
0,0.0008311867713928,182747,182747.1~A15.K_17,17,,normal,182747.1~A15.K_17L.png,182747.1~A15.K_17R.png,train,/data5/chensx/MyProject/UAE/data/arrangement_merged/chr_17/182747.1~A15.K_17L.png,/data5/chensx/MyProject/UAE/data/arrangement_merged/chr_17/182747.1~A15.K_17R.png,0,-0.6367483975983298,,0.0008311867713928,-0.5036932820498036,chromosome
0,0.0009331703186035,182747,182747.1~A42.K_17,17,,normal,182747.1~A42.K_17L.png,182747.1~A42.K_17R.png,train,/data5/chensx/MyProject/UAE/data/arrangement_merged/chr_17/182747.1~A42.K_17L.png,/data5/chensx/MyProject/UAE/data/arrangement_merged/chr_17/182747.1~A42.K_17R.png,0,-0.5006406972544243,,0.0009331703186035,0.2037843172334459,chromosome
0,0.0009413957595825,182747,182747.2~A13.K_17,17,,normal,182747.2~A13.K_17L.png,182747.2~A13.K_17R.png,train,/data5/chensx/MyProject/UAE/data/arrangement_merged/chr_17/182747.2~A13.K_17L.png,/data5/chensx/MyProject/UAE/data/arrangement_merged/chr_17/182747.2~A13.K_17R.png,0,-0.4896629867649684,,0.0009413957595825,0.2608456314947175,chromosome
0,0.0009437799453735,182747,182747.3~A20.K_17,17,,normal,182747.3~A20.K_17L.png,182747.3~A20.K_17R.png,train,/data5/chensx/MyProject/UAE/data/arrangement_merged/chr_17/182747.3~A20.K_17L.png,/data5/chensx/MyProject/UAE/data/arrangement_merged/chr_17/182747.3~A20.K_17R.png,0,-0.4864810416955609,,0.0009437799453735,0.2773851428746958,chromosome
0,0.0009210705757141,182747,182747.3~A24.K_17,17,,normal,182747.3~A24.K_17L.png,182747.3~A24.K_17R.png,train,/data5/chensx/MyProject/UAE/data/arrangement_merged/chr_17/182747.3~A24.K_17L.png,/data5/chensx/MyProject/UAE/data/arrangement_merged/chr_17/182747.3~A24.K_17R.png,0,-0.5167890684816674,,0.0009210705757141,0.11984629697953658,chromosome
0,0.0008437633514404,182747,182747.3~A35.K_17,17,,normal,182747.3~A35.K_17L.png,182747.3~A35.K_17R.png,train,/data5/chensx/MyProject/UAE/data/arrangement_merged/chr_17/182747.3~A35.K_17L.png,/data5/chensx/MyProject/UAE/data/arrangement_merged/chr_17/182747.3~A35.K_17R.png,0,-0.6199636373572053,,0.0008437633514404,-0.41644735951989875,chromosome
0,0.0009844303131103,182747,182747.4~A1.K_17,17,,normal,182747.4~A1.K_17L.png,182747.4~A1.K_17R.png,train,/data5/chensx/MyProject/UAE/data/arrangement_merged/chr_17/182747.4~A1.K_17L.png,/data5/chensx/MyProject/UAE/data/arrangement_merged/chr_17/182747.4~A1.K_17R.png,0,-0.4322288782621632,,0.0009844303131103,0.5593838119050577,chromosome
0,0.0009207129478454,182747,182747.4~A32.K_17,17,,normal,182747.4~A32.K_17L.png,182747.4~A32.K_17R.png,train,/data5/chensx/MyProject/UAE/data/arrangement_merged/chr_17/182747.4~A32.K_17L.png,/data5/chensx/MyProject/UAE/data/arrangement_merged/chr_17/182747.4~A32.K_17R.png,0,-0.5172663602420785,,0.0009207129478454,0.11736537027219265,chromosome
0,0.0010312795639038,182747,182747.4~A33.K_17,17,,normal,182747.4~A33.K_17L.png,182747.4~A33.K_17R.png,train,/data5/chensx/MyProject/UAE/data/arrangement_merged/chr_17/182747.4~A33.K_17L.png,/data5/chensx/MyProject/UAE/data/arrangement_merged/chr_17/182747.4~A33.K_17R.png,0,-0.369703657648306,,0.0010312795639038,0.8843852105240569,chromosome
0,0.0009052753448486,182747,182747.4~A35.K_17,17,,normal,182747.4~A35.K_17L.png,182747.4~A35.K_17R.png,train,/data5/chensx/MyProject/UAE/data/arrangement_merged/chr_17/182747.4~A35.K_17L.png,/data5/chensx/MyProject/UAE/data/arrangement_merged/chr_17/182747.4~A35.K_17R.png,0,-0.5378694545664919,,0.0009052753448486,0.010272034086313298,chromosome
0,0.0012397766113281,182747,182747.4~A41.K_17,17,,normal,182747.4~A41.K_17L.png,182747.4~A41.K_17R.png,train,/data5/chensx/MyProject/UAE/data/arrangement_merged/chr_17/182747.4~A41.K_17L.png,/data5/chensx/MyProject/UAE/data/arrangement_merged/chr_17/182747.4~A41.K_17R.png,0,-0.0914425613286207,,0.0012397766113281,2.3307654807125155,chromosome
0,0.0009896755218505,182747,182747.4~A43.K_17,17,,normal,182747.4~A43.K_17L.png,182747.4~A43.K_17R.png,train,/data5/chensx/MyProject/UAE/data/arrangement_merged/chr_17/182747.4~A43.K_17L.png,/data5/chensx/MyProject/UAE/data/arrangement_merged/chr_17/182747.4~A43.K_17R.png,0,-0.4252285991094667,,0.0009896755218505,0.5957707369410106,chromosome
0,0.0010405182838439,182747,182747.4~A9.K_17,17,,normal,182747.4~A9.K_17L.png,182747.4~A9.K_17R.png,train,/data5/chensx/MyProject/UAE/data/arrangement_merged/chr_17/182747.4~A9.K_17L.png,/data5/chensx/MyProject/UAE/data/arrangement_merged/chr_17/182747.4~A9.K_17R.png,0,-0.3573736205043519,,0.0010405182838439,0.9484758171212998,chromosome
0,0.0010543465614318,183038,183038.11~A13.K_17,17,,normal,183038.11~A13.K_17L.png,183038.11~A13.K_17R.png,train,/data5/chensx/MyProject/UAE/data/arrangement_merged/chr_17/183038.11~A13.K_17L.png,/data5/chensx/MyProject/UAE/data/arrangement_merged/chr_17/183038.11~A13.K_17R.png,0,-0.3532321657560738,,0.0010543465614318,1.0444049831258666,chromosome
0,0.0008612871170043,183038,183038.11~A39.K_17,17,,normal,183038.11~A39.K_17L.png,183038.11~A39.K_17R.png,train,/data5/chensx/MyProject/UAE/data/arrangement_merged/chr_17/183038.11~A39.K_17L.png,/data5/chensx/MyProject/UAE/data/arrangement_merged/chr_17/183038.11~A39.K_17R.png,0,-0.6022651394795974,,0.0008612871170043,-0.2948819508767121,chromosome
0,0.0007562637329101,183038,183038.12~A11.K_17,17,,normal,183038.12~A11.K_17L.png,183038.12~A11.K_17R.png,train,/data5/chensx/MyProject/UAE/data/arrangement_merged/chr_17/183038.12~A11.K_17L.png,/data5/chensx/MyProject/UAE/data/arrangement_merged/chr_17/183038.12~A11.K_17R.png,0,-0.7377378470130486,,0.0007562637329101,-1.0234474271692606,chromosome
0,0.0008571147918701,183038,183038.12~A45.K_17,17,,normal,183038.12~A45.K_17L.png,183038.12~A45.K_17R.png,train,/data5/chensx/MyProject/UAE/data/arrangement_merged/chr_17/183038.12~A45.K_17L.png,/data5/chensx/MyProject/UAE/data/arrangement_merged/chr_17/183038.12~A45.K_17R.png,0,-0.6076471426165676,,0.0008571147918701,-0.3238260957913274,chromosome
0,0.0009074807167053,183038,183038.13~A11.K_17,17,,normal,183038.13~A11.K_17L.png,183038.13~A11.K_17R.png,train,/data5/chensx/MyProject/UAE/data/arrangement_merged/chr_17/183038.13~A11.K_17L.png,/data5/chensx/MyProject/UAE/data/arrangement_merged/chr_17/183038.13~A11.K_17R.png,0,-0.5426786761774267,,0.0009074807167053,0.025571082112967096,chromosome
0,0.0009372234344482,183038,183038.13~A29.K_17,17,,normal,183038.13~A29.K_17L.png,183038.13~A29.K_17R.png,train,/data5/chensx/MyProject/UAE/data/arrangement_merged/chr_17/183038.13~A29.K_17L.png,/data5/chensx/MyProject/UAE/data/arrangement_merged/chr_17/183038.13~A29.K_17R.png,0,-0.5043126823867388,,0.0009372234344482,0.23190148657940882,chromosome
0,0.0010346174240112,183038,183038.13~A39.K_17,17,,normal,183038.13~A39.K_17L.png,183038.13~A39.K_17R.png,train,/data5/chensx/MyProject/UAE/data/arrangement_merged/chr_17/183038.13~A39.K_17L.png,/data5/chensx/MyProject/UAE/data/arrangement_merged/chr_17/183038.13~A39.K_17R.png,0,-0.3786813520180332,,0.0010346174240112,0.9075405264560262,chromosome
0,0.0007857084274291,183038,183038.13~A47.K_17,17,,normal,183038.13~A47.K_17L.png,183038.13~A47.K_17R.png,train,/data5/chensx/MyProject/UAE/data/arrangement_merged/chr_17/183038.13~A47.K_17L.png,/data5/chensx/MyProject/UAE/data/arrangement_merged/chr_17/183038.13~A47.K_17R.png,0,-0.6997562820178584,,0.0007857084274291,-0.8191844616254891,chromosome
0,0.0009973049163818,183038,183038.14~A2.K_17,17,,normal,183038.14~A2.K_17L.png,183038.14~A2.K_17R.png,train,/data5/chensx/MyProject/UAE/data/arrangement_merged/chr_17/183038.14~A2.K_17L.png,/data5/chensx/MyProject/UAE/data/arrangement_merged/chr_17/183038.14~A2.K_17R.png,0,-0.4268118372143671,,0.0009973049163818,0.6486971733576335,chromosome
0,0.001088798046112,183038,183038.14~A3.K_17,17,,normal,183038.14~A3.K_17L.png,183038.14~A3.K_17R.png,train,/data5/chensx/MyProject/UAE/data/arrangement_merged/chr_17/183038.14~A3.K_17L.png,/data5/chensx/MyProject/UAE/data/arrangement_merged/chr_17/183038.14~A3.K_17R.png,0,-0.3087921969965195,,0.001088798046112,1.2834009225682863,chromosome
0,0.0009098052978515,183038,183038.14~A30.K_17,17,,normal,183038.14~A30.K_17L.png,183038.14~A30.K_17R.png,train,/data5/chensx/MyProject/UAE/data/arrangement_merged/chr_17/183038.14~A30.K_17L.png,/data5/chensx/MyProject/UAE/data/arrangement_merged/chr_17/183038.14~A30.K_17R.png,0,-0.5396801315725432,,0.0009098052978515,0.041697105708272474,chromosome
0,0.0009194016456604,183038,183038.14~A34.K_17,17,,normal,183038.14~A34.K_17L.png,183038.14~A34.K_17R.png,train,/data5/chensx/MyProject/UAE/data/arrangement_merged/chr_17/183038.14~A34.K_17L.png,/data5/chensx/MyProject/UAE/data/arrangement_merged/chr_17/183038.14~A34.K_17R.png,0,-0.5273015243575118,,0.0009194016456604,0.10826863901355119,chromosome
0,0.0018003582954406,183038,183038.14~A48.K_17,17,,normal,183038.14~A48.K_17L.png,183038.14~A48.K_17R.png,train,/data5/chensx/MyProject/UAE/data/arrangement_merged/chr_17/183038.14~A48.K_17L.png,/data5/chensx/MyProject/UAE/data/arrangement_merged/chr_17/183038.14~A48.K_17R.png,0,0.6090699951342071,,0.0018003582954406,6.219618093955035,chromosome
0,0.0008975267410278,183038,183038.14~A9.K_17,17,,normal,183038.14~A9.K_17L.png,183038.14~A9.K_17R.png,train,/data5/chensx/MyProject/UAE/data/arrangement_merged/chr_17/183038.14~A9.K_17L.png,/data5/chensx/MyProject/UAE/data/arrangement_merged/chr_17/183038.14~A9.K_17R.png,0,-0.5555185979470557,,0.0008975267410278,-0.04348137789896208,chromosome
0,0.0008288025856018,183038,183038.1~A28.K_17,17,,normal,183038.1~A28.K_17L.png,183038.1~A28.K_17R.png,train,/data5/chensx/MyProject/UAE/data/arrangement_merged/chr_17/183038.1~A28.K_17L.png,/data5/chensx/MyProject/UAE/data/arrangement_merged/chr_17/183038.1~A28.K_17R.png,0,-0.6441678781888658,,0.0008288025856018,-0.5202327934297818,chromosome
0,0.0009276270866394,183038,183038.2~A12.K_17,17,,normal,183038.2~A12.K_17L.png,183038.2~A12.K_17R.png,train,/data5/chensx/MyProject/UAE/data/arrangement_merged/chr_17/183038.2~A12.K_17L.png,/data5/chensx/MyProject/UAE/data/arrangement_merged/chr_17/183038.2~A12.K_17R.png,0,-0.5166912896017704,,0.0009276270866394,0.16532995327482283,chromosome
0,0.0006971955299377,183038,183038.2~A13.K_17,17,,normal,183038.2~A13.K_17L.png,183038.2~A13.K_17R.png,train,/data5/chensx/MyProject/UAE/data/arrangement_merged/chr_17/183038.2~A13.K_17L.png,/data5/chensx/MyProject/UAE/data/arrangement_merged/chr_17/183038.2~A13.K_17R.png,0,-0.8139316342807275,,0.0006971955299377,-1.4332138216108214,chromosome
0,0.0011268258094787,183038,183038.2~A15.K_17,17,,normal,183038.2~A15.K_17L.png,183038.2~A15.K_17R.png,train,/data5/chensx/MyProject/UAE/data/arrangement_merged/chr_17/183038.2~A15.K_17L.png,/data5/chensx/MyProject/UAE/data/arrangement_merged/chr_17/183038.2~A15.K_17R.png,0,-0.2597390826909906,,0.0011268258094787,1.5472061290806718,chromosome
0,0.0009150505065917,183038,183038.2~A21.K_17,17,,normal,183038.2~A21.K_17L.png,183038.2~A21.K_17R.png,train,/data5/chensx/MyProject/UAE/data/arrangement_merged/chr_17/183038.2~A21.K_17L.png,/data5/chensx/MyProject/UAE/data/arrangement_merged/chr_17/183038.2~A21.K_17R.png,0,-0.5329141847717807,,0.0009150505065917,0.07808403074422378,chromosome
0,0.0008217096328735,183038,183038.2~A43.K_17,17,,normal,183038.2~A43.K_17L.png,183038.2~A43.K_17R.png,train,/data5/chensx/MyProject/UAE/data/arrangement_merged/chr_17/183038.2~A43.K_17L.png,/data5/chensx/MyProject/UAE/data/arrangement_merged/chr_17/183038.2~A43.K_17R.png,0,-0.6533172835217151,,0.0008217096328735,-0.5694378397857373,chromosome
0,0.0009022951126098,183038,183038.2~A46.K_17,17,,normal,183038.2~A46.K_17L.png,183038.2~A46.K_17R.png,train,/data5/chensx/MyProject/UAE/data/arrangement_merged/chr_17/183038.2~A46.K_17L.png,/data5/chensx/MyProject/UAE/data/arrangement_merged/chr_17/183038.2~A46.K_17R.png,0,-0.5493677372190897,,0.0009022951126098,-0.010402355139006279,chromosome
0,0.0009009838104248,183038,183038.2~A47.K_17,17,,normal,183038.2~A47.K_17L.png,183038.2~A47.K_17R.png,train,/data5/chensx/MyProject/UAE/data/arrangement_merged/chr_17/183038.2~A47.K_17L.png,/data5/chensx/MyProject/UAE/data/arrangement_merged/chr_17/183038.2~A47.K_17R.png,0,-0.5510592239192804,,0.0009009838104248,-0.019499086397646997,chromosome
0,0.0009452104568481,183038,183038.3~A12.K_17,17,,normal,183038.3~A12.K_17L.png,183038.3~A12.K_17R.png,train,/data5/chensx/MyProject/UAE/data/arrangement_merged/chr_17/183038.3~A12.K_17L.png,/data5/chensx/MyProject/UAE/data/arrangement_merged/chr_17/183038.3~A12.K_17R.png,0,-0.4940099906673957,,0.0009452104568481,0.28730884970268233,chromosome
0,0.0008620619773864,183038,183038.3~A19.K_17,17,,normal,183038.3~A19.K_17L.png,183038.3~A19.K_17R.png,train,/data5/chensx/MyProject/UAE/data/arrangement_merged/chr_17/183038.3~A19.K_17L.png,/data5/chensx/MyProject/UAE/data/arrangement_merged/chr_17/183038.3~A19.K_17R.png,0,-0.6012656246113028,,0.0008620619773864,-0.2895066096780456,chromosome
0,0.0009724497795104,183038,183038.3~A30.K_17,17,,normal,183038.3~A30.K_17L.png,183038.3~A30.K_17R.png,train,/data5/chensx/MyProject/UAE/data/arrangement_merged/chr_17/183038.3~A30.K_17L.png,/data5/chensx/MyProject/UAE/data/arrangement_merged/chr_17/183038.3~A30.K_17R.png,0,-0.4588731987588899,,0.0009724497795104,0.4762727672198007,chromosome
0,0.0007783770561218,183038,183038.3~A36.K_17,17,,normal,183038.3~A36.K_17L.png,183038.3~A36.K_17R.png,train,/data5/chensx/MyProject/UAE/data/arrangement_merged/chr_17/183038.3~A36.K_17L.png,/data5/chensx/MyProject/UAE/data/arrangement_merged/chr_17/183038.3~A36.K_17R.png,0,-0.7092132303871063,,0.0007783770561218,-0.8700434591187485,chromosome
0,0.000830054283142,183038,183038.4~A15.K_17,17,,normal,183038.4~A15.K_17L.png,183038.4~A15.K_17R.png,train,/data5/chensx/MyProject/UAE/data/arrangement_merged/chr_17/183038.4~A15.K_17L.png,/data5/chensx/MyProject/UAE/data/arrangement_merged/chr_17/183038.4~A15.K_17R.png,0,-0.6425532772477747,,0.000830054283142,-0.511549549955814,chromosome
0,0.0008356571197509,183038,183038.4~A24.K_17,17,,normal,183038.4~A24.K_17L.png,183038.4~A24.K_17R.png,train,/data5/chensx/MyProject/UAE/data/arrangement_merged/chr_17/183038.4~A24.K_17L.png,/data5/chensx/MyProject/UAE/data/arrangement_merged/chr_17/183038.4~A24.K_17R.png,0,-0.6353260158924147,,0.0008356571197509,-0.47268169821251804,chromosome
0,0.0007975697517395,183038,183038.4~A36.K_17,17,,normal,183038.4~A36.K_17L.png,183038.4~A36.K_17R.png,train,/data5/chensx/MyProject/UAE/data/arrangement_merged/chr_17/183038.4~A36.K_17L.png,/data5/chensx/MyProject/UAE/data/arrangement_merged/chr_17/183038.4~A36.K_17R.png,0,-0.6844560159570431,,0.0007975697517395,-0.7369003925088837,chromosome
0,0.0008335709571838,183038,183038.4~A39.K_17,17,,normal,183038.4~A39.K_17L.png,183038.4~A39.K_17R.png,train,/data5/chensx/MyProject/UAE/data/arrangement_merged/chr_17/183038.4~A39.K_17L.png,/data5/chensx/MyProject/UAE/data/arrangement_merged/chr_17/183038.4~A39.K_17R.png,0,-0.6380170174608998,,0.0008335709571838,-0.4871537706698253,chromosome
0,0.0009088516235351,183079,183079.11~A27.K_17,17,,normal,183079.11~A27.K_17L.png,183079.11~A27.K_17R.png,train,/data5/chensx/MyProject/UAE/data/arrangement_merged/chr_17/183079.11~A27.K_17L.png,/data5/chensx/MyProject/UAE/data/arrangement_merged/chr_17/183079.11~A27.K_17R.png,0,-0.5115829549264885,,0.0009088516235351,0.03508130115628071,chromosome
0,0.0007905960083007,183079,183079.12~A27.K_17,17,,normal,183079.12~A27.K_17L.png,183079.12~A27.K_17R.png,train,/data5/chensx/MyProject/UAE/data/arrangement_merged/chr_17/183079.12~A27.K_17L.png,/data5/chensx/MyProject/UAE/data/arrangement_merged/chr_17/183079.12~A27.K_17R.png,0,-0.6714942929083222,,0.0007905960083007,-0.7852784632961868,chromosome
0,0.0008413195610046,183079,183079.12~A37.K_17,17,,normal,183079.12~A37.K_17L.png,183079.12~A37.K_17R.png,train,/data5/chensx/MyProject/UAE/data/arrangement_merged/chr_17/183079.12~A37.K_17L.png,/data5/chensx/MyProject/UAE/data/arrangement_merged/chr_17/183079.12~A37.K_17R.png,0,-0.6029032905784126,,0.0008413195610046,-0.4334003586845499,chromosome
0,0.0006742477416992,183079,183079.12~A44.K_17,17,,normal,183079.12~A44.K_17L.png,183079.12~A44.K_17R.png,train,/data5/chensx/MyProject/UAE/data/arrangement_merged/chr_17/183079.12~A44.K_17L.png,/data5/chensx/MyProject/UAE/data/arrangement_merged/chr_17/183079.12~A44.K_17R.png,0,-0.8288264157614165,,0.0006742477416992,-1.5924066186439787,chromosome
0,0.0007501244544982,183079,183079.13~A12.K_17,17,,normal,183079.13~A12.K_17L.png,183079.13~A12.K_17R.png,train,/data5/chensx/MyProject/UAE/data/arrangement_merged/chr_17/183079.13~A12.K_17L.png,/data5/chensx/MyProject/UAE/data/arrangement_merged/chr_17/183079.13~A12.K_17R.png,0,-0.7262220139212582,,0.0007501244544982,-1.0660366689732241,chromosome
0,0.0008938908576965,183079,183079.13~A19.K_17,17,,normal,183079.13~A19.K_17L.png,183079.13~A19.K_17R.png,train,/data5/chensx/MyProject/UAE/data/arrangement_merged/chr_17/183079.13~A19.K_17L.png,/data5/chensx/MyProject/UAE/data/arrangement_merged/chr_17/183079.13~A19.K_17R.png,0,-0.5318136735925371,,0.0008938908576965,-0.06870413275360239,chromosome
0,0.0008130073547363,183079,183079.13~A27.K_17,17,,normal,183079.13~A27.K_17L.png,183079.13~A27.K_17R.png,train,/data5/chensx/MyProject/UAE/data/arrangement_merged/chr_17/183079.13~A27.K_17L.png,/data5/chensx/MyProject/UAE/data/arrangement_merged/chr_17/183079.13~A27.K_17R.png,0,-0.6411885151456359,,0.0008130073547363,-0.6298070563230044,chromosome
0,0.001007080078125,183079,183079.13~A6.K_17,17,,normal,183079.13~A6.K_17L.png,183079.13~A6.K_17R.png,train,/data5/chensx/MyProject/UAE/data/arrangement_merged/chr_17/183079.13~A6.K_17L.png,/data5/chensx/MyProject/UAE/data/arrangement_merged/chr_17/183079.13~A6.K_17R.png,0,-0.3787533757964171,,0.001007080078125,0.7165091700162383,chromosome
0,0.0008144378662109,183079,183079.13~A9.K_17,17,,normal,183079.13~A9.K_17L.png,183079.13~A9.K_17R.png,train,/data5/chensx/MyProject/UAE/data/arrangement_merged/chr_17/183079.13~A9.K_17L.png,/data5/chensx/MyProject/UAE/data/arrangement_merged/chr_17/183079.13~A9.K_17R.png,0,-0.6392541037990815,,0.0008144378662109,-0.6198833494950179,chromosome
0,0.0008063316345214,183079,183079.14~A11.K_17,17,,normal,183079.14~A11.K_17L.png,183079.14~A11.K_17R.png,train,/data5/chensx/MyProject/UAE/data/arrangement_merged/chr_17/183079.14~A11.K_17L.png,/data5/chensx/MyProject/UAE/data/arrangement_merged/chr_17/183079.14~A11.K_17R.png,0,-0.6502157680962233,,0.0008063316345214,-0.6761176881876372,chromosome
0,0.0011382102966308,183079,183079.14~A13.K_17,17,,normal,183079.14~A13.K_17L.png,183079.14~A13.K_17R.png,train,/data5/chensx/MyProject/UAE/data/arrangement_merged/chr_17/183079.14~A13.K_17L.png,/data5/chensx/MyProject/UAE/data/arrangement_merged/chr_17/183079.14~A13.K_17R.png,0,-0.2014323356955935,,0.0011382102966308,1.626182295920588,chromosome
0,0.0008197426795959,183079,183079.14~A23.K_17,17,,normal,183079.14~A23.K_17L.png,183079.14~A23.K_17R.png,train,/data5/chensx/MyProject/UAE/data/arrangement_merged/chr_17/183079.14~A23.K_17L.png,/data5/chensx/MyProject/UAE/data/arrangement_merged/chr_17/183079.14~A23.K_17R.png,0,-0.6320806617222755,,0.0008197426795959,-0.5830829366743929,chromosome
0,0.0009071826934814,183079,183079.14~A24.K_17,17,,normal,183079.14~A24.K_17L.png,183079.14~A24.K_17R.png,train,/data5/chensx/MyProject/UAE/data/arrangement_merged/chr_17/183079.14~A24.K_17L.png,/data5/chensx/MyProject/UAE/data/arrangement_merged/chr_17/183079.14~A24.K_17R.png,0,-0.5138397681641353,,0.0009071826934814,0.023503643190296068,chromosome
0,0.00108402967453,183079,183079.14~A26.K_17,17,,normal,183079.14~A26.K_17L.png,183079.14~A26.K_17R.png,train,/data5/chensx/MyProject/UAE/data/arrangement_merged/chr_17/183079.14~A26.K_17L.png,/data5/chensx/MyProject/UAE/data/arrangement_merged/chr_17/183079.14~A26.K_17R.png,0,-0.2746981654463429,,0.00108402967453,1.2503218998083296,chromosome
0,0.0008618831634521,183079,183079.14~A28.K_17,17,,normal,183079.14~A28.K_17L.png,183079.14~A28.K_17R.png,train,/data5/chensx/MyProject/UAE/data/arrangement_merged/chr_17/183079.14~A28.K_17L.png,/data5/chensx/MyProject/UAE/data/arrangement_merged/chr_17/183079.14~A28.K_17R.png,0,-0.5750961274716926,,0.0008618831634521,-0.2907470730313708,chromosome
0,0.0010398626327514,183079,183079.14~A3.K_17,17,,normal,183079.14~A3.K_17L.png,183079.14~A3.K_17R.png,train,/data5/chensx/MyProject/UAE/data/arrangement_merged/chr_17/183079.14~A3.K_17L.png,/data5/chensx/MyProject/UAE/data/arrangement_merged/chr_17/183079.14~A3.K_17R.png,0,-0.3344231157712112,,0.0010398626327514,0.943927451491979,chromosome
0,0.0008589029312133,183079,183079.14~A34.K_17,17,,normal,183079.14~A34.K_17L.png,183079.14~A34.K_17R.png,train,/data5/chensx/MyProject/UAE/data/arrangement_merged/chr_17/183079.14~A34.K_17L.png,/data5/chensx/MyProject/UAE/data/arrangement_merged/chr_17/183079.14~A34.K_17R.png,0,-0.5791261511103477,,0.0008589029312133,-0.3114214622566904,chromosome
0,0.0017040967941284,183079,183079.14~A38.K_17,17,,normal,183079.14~A38.K_17L.png,183079.14~A38.K_17R.png,train,/data5/chensx/MyProject/UAE/data/arrangement_merged/chr_17/183079.14~A38.K_17L.png,/data5/chensx/MyProject/UAE/data/arrangement_merged/chr_17/183079.14~A38.K_17R.png,0,0.5637885528122331,,0.0017040967941284,5.551835321984426,chromosome
0,0.0008859038352966,183079,183079.14~A6.K_17,17,,normal,183079.14~A6.K_17L.png,183079.14~A6.K_17R.png,train,/data5/chensx/MyProject/UAE/data/arrangement_merged/chr_17/183079.14~A6.K_17L.png,/data5/chensx/MyProject/UAE/data/arrangement_merged/chr_17/183079.14~A6.K_17R.png,0,-0.5426141369441326,,0.0008859038352966,-0.12411149587687664,chromosome
0,0.0008039474487304,183079,183079.2~A40.K_17,17,,normal,183079.2~A40.K_17L.png,183079.2~A40.K_17R.png,train,/data5/chensx/MyProject/UAE/data/arrangement_merged/chr_17/183079.2~A40.K_17L.png,/data5/chensx/MyProject/UAE/data/arrangement_merged/chr_17/183079.2~A40.K_17R.png,0,-0.6534397870071473,,0.0008039474487304,-0.6926571995676154,chromosome
0,0.0008614659309387,183079,183079.2~A8.K_17,17,,normal,183079.2~A8.K_17L.png,183079.2~A8.K_17R.png,train,/data5/chensx/MyProject/UAE/data/arrangement_merged/chr_17/183079.2~A8.K_17L.png,/data5/chensx/MyProject/UAE/data/arrangement_merged/chr_17/183079.2~A8.K_17R.png,0,-0.5756603307811043,,0.0008614659309387,-0.2936414875226934,chromosome
0,0.0008176565170288,183079,183079.3~A16.K_17,17,,normal,183079.3~A16.K_17L.png,183079.3~A16.K_17R.png,train,/data5/chensx/MyProject/UAE/data/arrangement_merged/chr_17/183079.3~A16.K_17L.png,/data5/chensx/MyProject/UAE/data/arrangement_merged/chr_17/183079.3~A16.K_17R.png,0,-0.634901678269334,,0.0008176565170288,-0.5975550091317001,chromosome
0,0.0009174346923828,183079,183079.3~A22.K_17,17,,normal,183079.3~A22.K_17L.png,183079.3~A22.K_17R.png,train,/data5/chensx/MyProject/UAE/data/arrangement_merged/chr_17/183079.3~A22.K_17L.png,/data5/chensx/MyProject/UAE/data/arrangement_merged/chr_17/183079.3~A22.K_17R.png,0,-0.4999764868471619,,0.0009174346923828,0.09462354212489626,chromosome
0,0.0009366869926452,183079,183079.3~A5.K_17,17,,normal,183079.3~A5.K_17L.png,183079.3~A5.K_17R.png,train,/data5/chensx/MyProject/UAE/data/arrangement_merged/chr_17/183079.3~A5.K_17L.png,/data5/chensx/MyProject/UAE/data/arrangement_merged/chr_17/183079.3~A5.K_17R.png,0,-0.4739425341414501,,0.0009366869926452,0.2281800965187404,chromosome
0,0.0009369850158691,183079,183079.3~A7.K_17,17,,normal,183079.3~A7.K_17L.png,183079.3~A7.K_17R.png,train,/data5/chensx/MyProject/UAE/data/arrangement_merged/chr_17/183079.3~A7.K_17L.png,/data5/chensx/MyProject/UAE/data/arrangement_merged/chr_17/183079.3~A7.K_17R.png,0,-0.4735395317775845,,0.0009369850158691,0.2302475354414107,chromosome
0,0.0007832646369934,183079,183079.4~A13.K_17,17,,normal,183079.4~A13.K_17L.png,183079.4~A13.K_17R.png,train,/data5/chensx/MyProject/UAE/data/arrangement_merged/chr_17/183079.4~A13.K_17L.png,/data5/chensx/MyProject/UAE/data/arrangement_merged/chr_17/183079.4~A13.K_17R.png,0,-0.6814081510594137,,0.0007832646369934,-0.8361374607894468,chromosome
0,0.0006772279739379,183079,183079.4~A17.K_17,17,,normal,183079.4~A17.K_17L.png,183079.4~A17.K_17R.png,train,/data5/chensx/MyProject/UAE/data/arrangement_merged/chr_17/183079.4~A17.K_17L.png,/data5/chensx/MyProject/UAE/data/arrangement_merged/chr_17/183079.4~A17.K_17R.png,0,-0.8247963921227615,,0.0006772279739379,-1.5717322294193528,chromosome
0,0.0007611513137817,183079,183079.4~A18.K_17,17,,normal,183079.4~A18.K_17L.png,183079.4~A18.K_17R.png,train,/data5/chensx/MyProject/UAE/data/arrangement_merged/chr_17/183079.4~A18.K_17L.png,/data5/chensx/MyProject/UAE/data/arrangement_merged/chr_17/183079.4~A18.K_17R.png,0,-0.7113109264582343,,0.0007611513137817,-0.9895414288399582,chromosome
0,0.0008479952812194,183079,183079.4~A23.K_17,17,,normal,183079.4~A23.K_17L.png,183079.4~A23.K_17R.png,train,/data5/chensx/MyProject/UAE/data/arrangement_merged/chr_17/183079.4~A23.K_17L.png,/data5/chensx/MyProject/UAE/data/arrangement_merged/chr_17/183079.4~A23.K_17R.png,0,-0.5938760376278253,,0.0008479952812194,-0.3870897268206106,chromosome
0,0.000857651233673,183079,183079.4~A29.K_17,17,,normal,183079.4~A29.K_17L.png,183079.4~A29.K_17R.png,train,/data5/chensx/MyProject/UAE/data/arrangement_merged/chr_17/183079.4~A29.K_17L.png,/data5/chensx/MyProject/UAE/data/arrangement_merged/chr_17/183079.4~A29.K_17R.png,0,-0.5808187610385829,,0.000857651233673,-0.3201047057313524,chromosome
0,0.0009685754776,183079,183079.4~A4.K_17,17,,normal,183079.4~A4.K_17L.png,183079.4~A4.K_17R.png,train,/data5/chensx/MyProject/UAE/data/arrangement_merged/chr_17/183079.4~A4.K_17L.png,/data5/chensx/MyProject/UAE/data/arrangement_merged/chr_17/183079.4~A4.K_17R.png,0,-0.4308212812078407,,0.0009685754776,0.4493960612271623,chromosome
0,0.0007990002632141,183079,183079.4~A50.K_17,17,,normal,183079.4~A50.K_17L.png,183079.4~A50.K_17R.png,train,/data5/chensx/MyProject/UAE/data/arrangement_merged/chr_17/183079.4~A50.K_17L.png,/data5/chensx/MyProject/UAE/data/arrangement_merged/chr_17/183079.4~A50.K_17R.png,0,-0.6601296262473149,,0.0007990002632141,-0.7269766856808965,chromosome
0,0.000916838645935,183214,183214.11~A34.K_17,17,,normal,183214.11~A34.K_17L.png,183214.11~A34.K_17R.png,train,/data5/chensx/MyProject/UAE/data/arrangement_merged/chr_17/183214.11~A34.K_17L.png,/data5/chensx/MyProject/UAE/data/arrangement_merged/chr_17/183214.11~A34.K_17R.png,0,-0.5367015518024266,,0.000916838645935,0.09048866427955497,chromosome
0,0.0008289813995361,183214,183214.11~A9.K_17,17,,normal,183214.11~A9.K_17L.png,183214.11~A9.K_17R.png,train,/data5/chensx/MyProject/UAE/data/arrangement_merged/chr_17/183214.11~A9.K_17L.png,/data5/chensx/MyProject/UAE/data/arrangement_merged/chr_17/183214.11~A9.K_17R.png,0,-0.651929095071145,,0.0008289813995361,-0.5189923300764574,chromosome
0,0.0008721351623535,183214,183214.12~A1.K_17,17,,normal,183214.12~A1.K_17L.png,183214.12~A1.K_17R.png,train,/data5/chensx/MyProject/UAE/data/arrangement_merged/chr_17/183214.12~A1.K_17L.png,/data5/chensx/MyProject/UAE/data/arrangement_merged/chr_17/183214.12~A1.K_17R.png,0,-0.5953315772105262,,0.0008721351623535,-0.2196271740967706,chromosome
0,0.0007425546646118,183214,183214.12~A24.K_17,17,,normal,183214.12~A24.K_17L.png,183214.12~A24.K_17R.png,train,/data5/chensx/MyProject/UAE/data/arrangement_merged/chr_17/183214.12~A24.K_17L.png,/data5/chensx/MyProject/UAE/data/arrangement_merged/chr_17/183214.12~A24.K_17R.png,0,-0.7652804775268044,,0.0007425546646118,-1.1185496176044816,chromosome
0,0.0006987452507019,183214,183214.12~A8.K_17,17,,normal,183214.12~A8.K_17L.png,183214.12~A8.K_17R.png,train,/data5/chensx/MyProject/UAE/data/arrangement_merged/chr_17/183214.12~A8.K_17L.png,/data5/chensx/MyProject/UAE/data/arrangement_merged/chr_17/183214.12~A8.K_17R.png,0,-0.8227379024267419,,0.0006987452507019,-1.4224631392134892,chromosome
0,0.0008947253227233,183214,183214.13~A21.K_17,17,,normal,183214.13~A21.K_17L.png,183214.13~A21.K_17R.png,train,/data5/chensx/MyProject/UAE/data/arrangement_merged/chr_17/183214.13~A21.K_17L.png,/data5/chensx/MyProject/UAE/data/arrangement_merged/chr_17/183214.13~A21.K_17R.png,0,-0.5657038710376332,,0.0008947253227233,-0.06291530377095718,chromosome
0,0.0008577108383178,183214,183214.13~A34.K_17,17,,normal,183214.13~A34.K_17L.png,183214.13~A34.K_17R.png,train,/data5/chensx/MyProject/UAE/data/arrangement_merged/chr_17/183214.13~A34.K_17L.png,/data5/chensx/MyProject/UAE/data/arrangement_merged/chr_17/183214.13~A34.K_17R.png,0,-0.6142495320755398,,0.0008577108383178,-0.31969121794667954,chromosome
0,0.0009174346923828,183214,183214.13~A49.K_17,17,,normal,183214.13~A49.K_17L.png,183214.13~A49.K_17R.png,train,/data5/chensx/MyProject/UAE/data/arrangement_merged/chr_17/183214.13~A49.K_17L.png,/data5/chensx/MyProject/UAE/data/arrangement_merged/chr_17/183214.13~A49.K_17R.png,0,-0.5359198181303186,,0.0009174346923828,0.09462354212489626,chromosome
0,0.0009015202522277,183214,183214.13~A6.K_17,17,,normal,183214.13~A6.K_17L.png,183214.13~A6.K_17R.png,train,/data5/chensx/MyProject/UAE/data/arrangement_merged/chr_17/183214.13~A6.K_17L.png,/data5/chensx/MyProject/UAE/data/arrangement_merged/chr_17/183214.13~A6.K_17R.png,0,-0.5567921071756021,,0.0009015202522277,-0.015777696337672058,chromosome
0,0.0009511709213256,183214,183214.14~A11.K_17,17,,normal,183214.14~A11.K_17L.png,183214.14~A11.K_17R.png,train,/data5/chensx/MyProject/UAE/data/arrangement_merged/chr_17/183214.14~A11.K_17L.png,/data5/chensx/MyProject/UAE/data/arrangement_merged/chr_17/183214.14~A11.K_17R.png,0,-0.4916736922890061,,0.0009511709213256,0.328657628152628,chromosome
0,0.001146376132965,183214,183214.14~A17.K_17,17,,normal,183214.14~A17.K_17L.png,183214.14~A17.K_17R.png,train,/data5/chensx/MyProject/UAE/data/arrangement_merged/chr_17/183214.14~A17.K_17L.png,/data5/chensx/MyProject/UAE/data/arrangement_merged/chr_17/183214.14~A17.K_17R.png,0,-0.2356559146736377,,0.001146376132965,1.6828301223971875,chromosome
0,0.0010161399841308,183214,183214.14~A19.K_17,17,,normal,183214.14~A19.K_17L.png,183214.14~A19.K_17R.png,train,/data5/chensx/MyProject/UAE/data/arrangement_merged/chr_17/183214.14~A19.K_17L.png,/data5/chensx/MyProject/UAE/data/arrangement_merged/chr_17/183214.14~A19.K_17R.png,0,-0.4064647220292346,,0.0010161399841308,0.7793593132601552,chromosome
0,0.0008668303489685,183214,183214.14~A21.K_17,17,,normal,183214.14~A21.K_17L.png,183214.14~A21.K_17R.png,train,/data5/chensx/MyProject/UAE/data/arrangement_merged/chr_17/183214.14~A21.K_17L.png,/data5/chensx/MyProject/UAE/data/arrangement_merged/chr_17/183214.14~A21.K_17R.png,0,-0.6022890068922874,,0.0008668303489685,-0.2564275869173956,chromosome
0,0.000821053981781,183214,183214.14~A6.K_17,17,,normal,183214.14~A6.K_17L.png,183214.14~A6.K_17R.png,train,/data5/chensx/MyProject/UAE/data/arrangement_merged/chr_17/183214.14~A6.K_17L.png,/data5/chensx/MyProject/UAE/data/arrangement_merged/chr_17/183214.14~A6.K_17R.png,0,-0.6623261529101814,,0.000821053981781,-0.573986205415058,chromosome
0,0.0008713006973266,183214,183214.2~A19.K_17,17,,normal,183214.2~A19.K_17L.png,183214.2~A19.K_17R.png,train,/data5/chensx/MyProject/UAE/data/arrangement_merged/chr_17/183214.2~A19.K_17L.png,/data5/chensx/MyProject/UAE/data/arrangement_merged/chr_17/183214.2~A19.K_17R.png,0,-0.5964260043514774,,0.0008713006973266,-0.22541600308011003,chromosome
0,0.0008996725082397,183214,183214.2~A25.K_17,17,,normal,183214.2~A25.K_17L.png,183214.2~A25.K_17R.png,train,/data5/chensx/MyProject/UAE/data/arrangement_merged/chr_17/183214.2~A25.K_17L.png,/data5/chensx/MyProject/UAE/data/arrangement_merged/chr_17/183214.2~A25.K_17R.png,0,-0.5592154815591369,,0.0008996725082397,-0.028595817656981933,chromosome
0,0.0009428262710571,183214,183214.2~A30.K_17,17,,normal,183214.2~A30.K_17L.png,183214.2~A30.K_17R.png,train,/data5/chensx/MyProject/UAE/data/arrangement_merged/chr_17/183214.2~A30.K_17L.png,/data5/chensx/MyProject/UAE/data/arrangement_merged/chr_17/183214.2~A30.K_17R.png,0,-0.5026179636985181,,0.0009428262710571,0.27076933832270406,chromosome
0,0.0008999109268188,183214,183214.2~A36.K_17,17,,normal,183214.2~A36.K_17L.png,183214.2~A36.K_17R.png,train,/data5/chensx/MyProject/UAE/data/arrangement_merged/chr_17/183214.2~A36.K_17L.png,/data5/chensx/MyProject/UAE/data/arrangement_merged/chr_17/183214.2~A36.K_17R.png,0,-0.5589027880902937,,0.0008999109268188,-0.026941866518984555,chromosome
0,0.0008388757705688,183214,183214.2~A39.K_17,17,,normal,183214.2~A39.K_17L.png,183214.2~A39.K_17R.png,train,/data5/chensx/MyProject/UAE/data/arrangement_merged/chr_17/183214.2~A39.K_17L.png,/data5/chensx/MyProject/UAE/data/arrangement_merged/chr_17/183214.2~A39.K_17R.png,0,-0.6389523161141524,,0.0008388757705688,-0.45035335784920105,chromosome
0,0.000805377960205,183214,183214.2~A45.K_17,17,,normal,183214.2~A45.K_17L.png,183214.2~A45.K_17R.png,train,/data5/chensx/MyProject/UAE/data/arrangement_merged/chr_17/183214.2~A45.K_17L.png,/data5/chensx/MyProject/UAE/data/arrangement_merged/chr_17/183214.2~A45.K_17R.png,0,-0.6828857484866216,,0.000805377960205,-0.6827334927396289,chromosome
0,0.0007950663566589,183214,183214.2~A6.K_17,17,,normal,183214.2~A6.K_17L.png,183214.2~A6.K_17R.png,train,/data5/chensx/MyProject/UAE/data/arrangement_merged/chr_17/183214.2~A6.K_17L.png,/data5/chensx/MyProject/UAE/data/arrangement_merged/chr_17/183214.2~A6.K_17R.png,0,-0.69640974101409,,0.0007950663566589,-0.7542668794582078,chromosome
0,0.0009992718696594,183214,183214.3~A12.K_17,17,,normal,183214.3~A12.K_17L.png,183214.3~A12.K_17R.png,train,/data5/chensx/MyProject/UAE/data/arrangement_merged/chr_17/183214.3~A12.K_17L.png,/data5/chensx/MyProject/UAE/data/arrangement_merged/chr_17/183214.3~A12.K_17R.png,0,-0.4285877849498909,,0.0009992718696594,0.6623422702462892,chromosome
0,0.0007654428482055,183214,183214.3~A19.K_17,17,,normal,183214.3~A19.K_17L.png,183214.3~A19.K_17R.png,train,/data5/chensx/MyProject/UAE/data/arrangement_merged/chr_17/183214.3~A19.K_17L.png,/data5/chensx/MyProject/UAE/data/arrangement_merged/chr_17/183214.3~A19.K_17R.png,0,-0.7352619045178573,,0.0007654428482055,-0.9597703083559972,chromosome
0,0.0007708072662353,183214,183214.3~A28.K_17,17,,normal,183214.3~A28.K_17L.png,183214.3~A28.K_17R.png,train,/data5/chensx/MyProject/UAE/data/arrangement_merged/chr_17/183214.3~A28.K_17L.png,/data5/chensx/MyProject/UAE/data/arrangement_merged/chr_17/183214.3~A28.K_17R.png,0,-0.7282263014688855,,0.0007708072662353,-0.9225564077507001,chromosome
0,0.0007935762405395,183214,183214.3~A4.K_17,17,,normal,183214.3~A4.K_17L.png,183214.3~A4.K_17R.png,train,/data5/chensx/MyProject/UAE/data/arrangement_merged/chr_17/183214.3~A4.K_17L.png,/data5/chensx/MyProject/UAE/data/arrangement_merged/chr_17/183214.3~A4.K_17R.png,0,-0.69836407519436,,0.0007935762405395,-0.7646040740708672,chromosome
0,0.0008735656738281,183214,183214.3~A42.K_17,17,,normal,183214.3~A42.K_17L.png,183214.3~A42.K_17R.png,train,/data5/chensx/MyProject/UAE/data/arrangement_merged/chr_17/183214.3~A42.K_17L.png,/data5/chensx/MyProject/UAE/data/arrangement_merged/chr_17/183214.3~A42.K_17R.png,0,-0.593455416397467,,0.0008735656738281,-0.2097034672687841,chromosome
0,0.000739574432373,183214,183214.3~A43.K_17,17,,normal,183214.3~A43.K_17L.png,183214.3~A43.K_17R.png,train,/data5/chensx/MyProject/UAE/data/arrangement_merged/chr_17/183214.3~A43.K_17L.png,/data5/chensx/MyProject/UAE/data/arrangement_merged/chr_17/183214.3~A43.K_17R.png,0,-0.7691891458873443,,0.000739574432373,-1.1392240068298012,chromosome
0,0.0011050105094909,183214,183214.3~A47.K_17,17,,normal,183214.3~A47.K_17L.png,183214.3~A47.K_17R.png,train,/data5/chensx/MyProject/UAE/data/arrangement_merged/chr_17/183214.3~A47.K_17L.png,/data5/chensx/MyProject/UAE/data/arrangement_merged/chr_17/183214.3~A47.K_17R.png,0,-0.2899082315179326,,0.0011050105094909,1.3958695999528314,chromosome
0,0.0009589195251464,183214,183214.4~A22.K_17,17,,normal,183214.4~A22.K_17L.png,183214.4~A22.K_17R.png,train,/data5/chensx/MyProject/UAE/data/arrangement_merged/chr_17/183214.4~A22.K_17L.png,/data5/chensx/MyProject/UAE/data/arrangement_merged/chr_17/183214.4~A22.K_17R.png,0,-0.4815111545516022,,0.0009589195251464,0.38241104013790417,chromosome
0,0.0007444620132446,183214,183214.4~A24.K_17,17,,normal,183214.4~A24.K_17L.png,183214.4~A24.K_17R.png,train,/data5/chensx/MyProject/UAE/data/arrangement_merged/chr_17/183214.4~A24.K_17L.png,/data5/chensx/MyProject/UAE/data/arrangement_merged/chr_17/183214.4~A24.K_17R.png,0,-0.7627789297760588,,0.0007444620132446,-1.1053180085004997,chromosome
0,0.000698983669281,183214,183214.4~A26.K_17,17,,normal,183214.4~A26.K_17L.png,183214.4~A26.K_17R.png,train,/data5/chensx/MyProject/UAE/data/arrangement_merged/chr_17/183214.4~A26.K_17L.png,/data5/chensx/MyProject/UAE/data/arrangement_merged/chr_17/183214.4~A26.K_17R.png,0,-0.8224252089578988,,0.000698983669281,-1.420809188075491,chromosome
0,0.0008246302604675,183214,183214.4~A28.K_17,17,,normal,183214.4~A28.K_17L.png,183214.4~A28.K_17R.png,train,/data5/chensx/MyProject/UAE/data/arrangement_merged/chr_17/183214.4~A28.K_17L.png,/data5/chensx/MyProject/UAE/data/arrangement_merged/chr_17/183214.4~A28.K_17R.png,0,-0.6576357508775335,,0.0008246302604675,-0.5491769383450905,chromosome
0,0.0008497238159179,183214,183214.4~A50.K_17,17,,normal,183214.4~A50.K_17L.png,183214.4~A50.K_17R.png,train,/data5/chensx/MyProject/UAE/data/arrangement_merged/chr_17/183214.4~A50.K_17L.png,/data5/chensx/MyProject/UAE/data/arrangement_merged/chr_17/183214.4~A50.K_17R.png,0,-0.6247247632817868,,0.0008497238159179,-0.37509858106995303,chromosome
0,0.0009903311729431,183214,183214.4~A8.K_17,17,,normal,183214.4~A8.K_17L.png,183214.4~A8.K_17R.png,train,/data5/chensx/MyProject/UAE/data/arrangement_merged/chr_17/183214.4~A8.K_17L.png,/data5/chensx/MyProject/UAE/data/arrangement_merged/chr_17/183214.4~A8.K_17R.png,0,-0.4403137900315108,,0.0009903311729431,0.6003191025710247,chromosome
0,0.0009133219718933,183262,183262.11~A16.K_17,17,,normal,183262.11~A16.K_17L.png,183262.11~A16.K_17R.png,train,/data5/chensx/MyProject/UAE/data/arrangement_merged/chr_17/183262.11~A16.K_17L.png,/data5/chensx/MyProject/UAE/data/arrangement_merged/chr_17/183262.11~A16.K_17R.png,0,-0.5348533908338073,,0.0009133219718933,0.06609288499426046,chromosome
0,0.0006961822509765,183262,183262.12~A5.K_17,17,,normal,183262.12~A5.K_17L.png,183262.12~A5.K_17R.png,train,/data5/chensx/MyProject/UAE/data/arrangement_merged/chr_17/183262.12~A5.K_17L.png,/data5/chensx/MyProject/UAE/data/arrangement_merged/chr_17/183262.12~A5.K_17R.png,0,-0.809492932786408,,0.0006961822509765,-1.4402431139474854,chromosome
0,0.0009275078773498,183262,183262.14~A1.K_17,17,,normal,183262.14~A1.K_17L.png,183262.14~A1.K_17R.png,train,/data5/chensx/MyProject/UAE/data/arrangement_merged/chr_17/183262.14~A1.K_17L.png,/data5/chensx/MyProject/UAE/data/arrangement_merged/chr_17/183262.14~A1.K_17R.png,0,-0.5169109777169479,,0.0009275078773498,0.16450297770547703,chromosome
0,0.0008312463760375,183262,183262.14~A16.K_17,17,,normal,183262.14~A16.K_17L.png,183262.14~A16.K_17R.png,train,/data5/chensx/MyProject/UAE/data/arrangement_merged/chr_17/183262.14~A16.K_17L.png,/data5/chensx/MyProject/UAE/data/arrangement_merged/chr_17/183262.14~A16.K_17R.png,0,-0.6386630667242084,,0.0008312463760375,-0.5032797942658249,chromosome
0,0.0009382963180541,183262,183262.14~A21.K_17,17,,normal,183262.14~A21.K_17L.png,183262.14~A21.K_17R.png,train,/data5/chensx/MyProject/UAE/data/arrangement_merged/chr_17/183262.14~A21.K_17L.png,/data5/chensx/MyProject/UAE/data/arrangement_merged/chr_17/183262.14~A21.K_17R.png,0,-0.5032656971532858,,0.0009382963180541,0.23934426670005216,chromosome
0,0.000795304775238,183262,183262.14~A23.K_17,17,,normal,183262.14~A23.K_17L.png,183262.14~A23.K_17R.png,train,/data5/chensx/MyProject/UAE/data/arrangement_merged/chr_17/183262.14~A23.K_17L.png,/data5/chensx/MyProject/UAE/data/arrangement_merged/chr_17/183262.14~A23.K_17R.png,0,-0.6841222058396128,,0.000795304775238,-0.7526129283202097,chromosome
0,0.000862717628479,183262,183262.14~A29.K_17,17,,normal,183262.14~A29.K_17L.png,183262.14~A29.K_17R.png,train,/data5/chensx/MyProject/UAE/data/arrangement_merged/chr_17/183262.14~A29.K_17L.png,/data5/chensx/MyProject/UAE/data/arrangement_merged/chr_17/183262.14~A29.K_17R.png,0,-0.598858049389327,,0.000862717628479,-0.2849582440480314,chromosome
0,0.0009465217590332,183262,183262.14~A33.K_17,17,,normal,183262.14~A33.K_17L.png,183262.14~A33.K_17R.png,train,/data5/chensx/MyProject/UAE/data/arrangement_merged/chr_17/183262.14~A33.K_17L.png,/data5/chensx/MyProject/UAE/data/arrangement_merged/chr_17/183262.14~A33.K_17R.png,0,-0.4928621130771237,,0.0009465217590332,0.29640558096201725,chromosome
0,0.0010068416595458,183262,183262.14~A38.K_17,17,,normal,183262.14~A38.K_17L.png,183262.14~A38.K_17R.png,train,/data5/chensx/MyProject/UAE/data/arrangement_merged/chr_17/183262.14~A38.K_17L.png,/data5/chensx/MyProject/UAE/data/arrangement_merged/chr_17/183262.14~A38.K_17R.png,0,-0.4165691631852675,,0.0010068416595458,0.7148552188775467,chromosome
0,0.0008653998374938,183262,183262.14~A45.K_17,17,,normal,183262.14~A45.K_17L.png,183262.14~A45.K_17R.png,train,/data5/chensx/MyProject/UAE/data/arrangement_merged/chr_17/183262.14~A45.K_17L.png,/data5/chensx/MyProject/UAE/data/arrangement_merged/chr_17/183262.14~A45.K_17R.png,0,-0.5954655763210132,,0.0008653998374938,-0.2663512937460763,chromosome
0,0.0007634162902832,183262,183262.14~A8.K_17,17,,normal,183262.14~A8.K_17L.png,183262.14~A8.K_17R.png,train,/data5/chensx/MyProject/UAE/data/arrangement_merged/chr_17/183262.14~A8.K_17L.png,/data5/chensx/MyProject/UAE/data/arrangement_merged/chr_17/183262.14~A8.K_17R.png,0,-0.7244549412073431,,0.0007634162902832,-0.9738288930286323,chromosome
0,0.0009028911590576,183262,183262.1~A2.K_17,17,,normal,183262.1~A2.K_17L.png,183262.1~A2.K_17R.png,train,/data5/chensx/MyProject/UAE/data/arrangement_merged/chr_17/183262.1~A2.K_17L.png,/data5/chensx/MyProject/UAE/data/arrangement_merged/chr_17/183262.1~A2.K_17R.png,0,-0.5480463416550275,,0.0009028911590576,-0.006267477293664978,chromosome
0,0.0008752346038818,183262,183262.1~A24.K_17,17,,normal,183262.1~A24.K_17L.png,183262.1~A24.K_17R.png,train,/data5/chensx/MyProject/UAE/data/arrangement_merged/chr_17/183262.1~A24.K_17L.png,/data5/chensx/MyProject/UAE/data/arrangement_merged/chr_17/183262.1~A24.K_17R.png,0,-0.5830265084038627,,0.0008752346038818,-0.19812580930279872,chromosome
0,0.0008253455162048,183262,183262.1~A26.K_17,17,,normal,183262.1~A26.K_17L.png,183262.1~A26.K_17R.png,train,/data5/chensx/MyProject/UAE/data/arrangement_merged/chr_17/183262.1~A26.K_17L.png,/data5/chensx/MyProject/UAE/data/arrangement_merged/chr_17/183262.1~A26.K_17R.png,0,-0.6461265074744986,,0.0008253455162048,-0.5442150849310969,chromosome
0,0.0011317133903503,183262,183262.1~A42.K_17,17,,normal,183262.1~A42.K_17L.png,183262.1~A42.K_17R.png,train,/data5/chensx/MyProject/UAE/data/arrangement_merged/chr_17/183262.1~A42.K_17L.png,/data5/chensx/MyProject/UAE/data/arrangement_merged/chr_17/183262.1~A42.K_17R.png,0,-0.2586306947826602,,0.0011317133903503,1.581112127409974,chromosome
0,0.0012009739875793,183262,183262.1~A9.K_17,17,,normal,183262.1~A9.K_17L.png,183262.1~A9.K_17R.png,train,/data5/chensx/MyProject/UAE/data/arrangement_merged/chr_17/183262.1~A9.K_17L.png,/data5/chensx/MyProject/UAE/data/arrangement_merged/chr_17/183262.1~A9.K_17R.png,0,-0.1710295013297582,,0.0012009739875793,2.061584933001462,chromosome
0,0.0006924271583557,183262,183262.2~A10.K_17,17,,normal,183262.2~A10.K_17L.png,183262.2~A10.K_17R.png,train,/data5/chensx/MyProject/UAE/data/arrangement_merged/chr_17/183262.2~A10.K_17L.png,/data5/chensx/MyProject/UAE/data/arrangement_merged/chr_17/183262.2~A10.K_17R.png,0,-0.8142423950820472,,0.0006924271583557,-1.466292844370778,chromosome
0,0.0010849833488464,183262,183262.2~A22.K_17,17,,normal,183262.2~A22.K_17L.png,183262.2~A22.K_17R.png,train,/data5/chensx/MyProject/UAE/data/arrangement_merged/chr_17/183262.2~A22.K_17L.png,/data5/chensx/MyProject/UAE/data/arrangement_merged/chr_17/183262.2~A22.K_17R.png,0,-0.3177351144617266,,0.0010849833488464,1.2569377043603207,chromosome
0,0.0009528994560241,183262,183262.2~A23.K_17,17,,normal,183262.2~A23.K_17L.png,183262.2~A23.K_17R.png,train,/data5/chensx/MyProject/UAE/data/arrangement_merged/chr_17/183262.2~A23.K_17L.png,/data5/chensx/MyProject/UAE/data/arrangement_merged/chr_17/183262.2~A23.K_17R.png,0,-0.4847955660035776,,0.0009528994560241,0.3406487739032856,chromosome
0,0.000912606716156,183262,183262.2~A44.K_17,17,,normal,183262.2~A44.K_17L.png,183262.2~A44.K_17R.png,train,/data5/chensx/MyProject/UAE/data/arrangement_merged/chr_17/183262.2~A44.K_17L.png,/data5/chensx/MyProject/UAE/data/arrangement_merged/chr_17/183262.2~A44.K_17R.png,0,-0.535758050318691,,0.000912606716156,0.06113103158026682,chromosome
0,0.0008834600448608,183262,183262.2~A45.K_17,17,,normal,183262.2~A45.K_17L.png,183262.2~A45.K_17R.png,train,/data5/chensx/MyProject/UAE/data/arrangement_merged/chr_17/183262.2~A45.K_17L.png,/data5/chensx/MyProject/UAE/data/arrangement_merged/chr_17/183262.2~A45.K_17R.png,0,-0.5726229243277006,,0.0008834600448608,-0.14106449504152707,chromosome
0,0.0008352994918823,183262,183262.3~A17.K_17,17,,normal,183262.3~A17.K_17L.png,183262.3~A17.K_17R.png,train,/data5/chensx/MyProject/UAE/data/arrangement_merged/chr_17/183262.3~A17.K_17L.png,/data5/chensx/MyProject/UAE/data/arrangement_merged/chr_17/183262.3~A17.K_17R.png,0,-0.6335366629765343,,0.0008352994918823,-0.4751626249191677,chromosome
0,0.0005987286567687,183262,183262.3~A24.K_17,17,,normal,183262.3~A24.K_17L.png,183262.3~A24.K_17R.png,train,/data5/chensx/MyProject/UAE/data/arrangement_merged/chr_17/183262.3~A24.K_17L.png,/data5/chensx/MyProject/UAE/data/arrangement_merged/chr_17/183262.3~A24.K_17R.png,0,-0.932752787601808,,0.0005987286567687,-2.1162956416087773,chromosome
0,0.0009014010429382,183262,183262.3~A30.K_17,17,,normal,183262.3~A30.K_17L.png,183262.3~A30.K_17R.png,train,/data5/chensx/MyProject/UAE/data/arrangement_merged/chr_17/183262.3~A30.K_17L.png,/data5/chensx/MyProject/UAE/data/arrangement_merged/chr_17/183262.3~A30.K_17R.png,0,-0.5499310489152018,,0.0009014010429382,-0.016604671906324392,chromosome
0,0.0007658600807189,183262,183262.3~A41.K_17,17,,normal,183262.3~A41.K_17L.png,183262.3~A41.K_17R.png,train,/data5/chensx/MyProject/UAE/data/arrangement_merged/chr_17/183262.3~A41.K_17L.png,/data5/chensx/MyProject/UAE/data/arrangement_merged/chr_17/183262.3~A41.K_17R.png,0,-0.7213640213006572,,0.0007658600807189,-0.9568758938646745,chromosome
0,0.0007922649383544,183262,183262.4~A14.K_17,17,,normal,183262.4~A14.K_17L.png,183262.4~A14.K_17R.png,train,/data5/chensx/MyProject/UAE/data/arrangement_merged/chr_17/183262.4~A14.K_17L.png,/data5/chensx/MyProject/UAE/data/arrangement_merged/chr_17/183262.4~A14.K_17R.png,0,-0.6879670086503684,,0.0007922649383544,-0.7737008053302021,chromosome
0,0.0010191798210144,183262,183262.4~A19.K_17,17,,normal,183262.4~A19.K_17L.png,183262.4~A19.K_17R.png,train,/data5/chensx/MyProject/UAE/data/arrangement_merged/chr_17/183262.4~A19.K_17L.png,/data5/chensx/MyProject/UAE/data/arrangement_merged/chr_17/183262.4~A19.K_17R.png,0,-0.4009637870710242,,0.0010191798210144,0.8004471902701475,chromosome
0,0.0007787942886352,183262,183262.4~A24.K_17,17,,normal,183262.4~A24.K_17L.png,183262.4~A24.K_17R.png,train,/data5/chensx/MyProject/UAE/data/arrangement_merged/chr_17/183262.4~A24.K_17L.png,/data5/chensx/MyProject/UAE/data/arrangement_merged/chr_17/183262.4~A24.K_17R.png,0,-0.7050047622823442,,0.0007787942886352,-0.8671490446274258,chromosome
0,0.0010406970977783,183262,183262.4~A29.K_17,17,,normal,183262.4~A29.K_17L.png,183262.4~A29.K_17R.png,train,/data5/chensx/MyProject/UAE/data/arrangement_merged/chr_17/183262.4~A29.K_17L.png,/data5/chensx/MyProject/UAE/data/arrangement_merged/chr_17/183262.4~A29.K_17R.png,0,-0.3737486142341072,,0.0010406970977783,0.9497162804753176,chromosome
0,0.0008798837661743,183262,183262.4~A31.K_17,17,,normal,183262.4~A31.K_17L.png,183262.4~A31.K_17R.png,train,/data5/chensx/MyProject/UAE/data/arrangement_merged/chr_17/183262.4~A31.K_17L.png,/data5/chensx/MyProject/UAE/data/arrangement_merged/chr_17/183262.4~A31.K_17R.png,0,-0.5771462217521188,,0.0008798837661743,-0.1658737621114945,chromosome
0,0.0007597208023071,183262,183262.4~A50.K_17,17,,normal,183262.4~A50.K_17L.png,183262.4~A50.K_17R.png,train,/data5/chensx/MyProject/UAE/data/arrangement_merged/chr_17/183262.4~A50.K_17L.png,/data5/chensx/MyProject/UAE/data/arrangement_merged/chr_17/183262.4~A50.K_17R.png,0,-0.7291290152125753,,0.0007597208023071,-0.9994651356679455,chromosome
0,0.0007489919662475,183786,183786.11~A44.K_17,17,,normal,183786.11~A44.K_17L.png,183786.11~A44.K_17R.png,train,/data5/chensx/MyProject/UAE/data/arrangement_merged/chr_17/183786.11~A44.K_17L.png,/data5/chensx/MyProject/UAE/data/arrangement_merged/chr_17/183786.11~A44.K_17R.png,0,-0.3484152158791346,,0.0007489919662475,-1.0738929368785404,chromosome
0,0.0011456608772277,183786,183786.12~A1.K_17,17,,normal,183786.12~A1.K_17L.png,183786.12~A1.K_17R.png,train,/data5/chensx/MyProject/UAE/data/arrangement_merged/chr_17/183786.12~A1.K_17L.png,/data5/chensx/MyProject/UAE/data/arrangement_merged/chr_17/183786.12~A1.K_17R.png,0,-0.141551455038419,,0.0011456608772277,1.6778682689831932,chromosome
0,0.0009843111038208,183786,183786.12~A12.K_17,17,,normal,183786.12~A12.K_17L.png,183786.12~A12.K_17R.png,train,/data5/chensx/MyProject/UAE/data/arrangement_merged/chr_17/183786.12~A12.K_17L.png,/data5/chensx/MyProject/UAE/data/arrangement_merged/chr_17/183786.12~A12.K_17R.png,0,-0.2256957376223134,,0.0009843111038208,0.5585568363364054,chromosome
0,0.0009229183197021,183786,183786.12~A15.K_17,17,,normal,183786.12~A15.K_17L.png,183786.12~A15.K_17R.png,train,/data5/chensx/MyProject/UAE/data/arrangement_merged/chr_17/183786.12~A15.K_17L.png,/data5/chensx/MyProject/UAE/data/arrangement_merged/chr_17/183786.12~A15.K_17R.png,0,-0.2577122175120109,,0.0009229183197021,0.1326644182988457,chromosome
0,0.0008678436279296,183786,183786.12~A16.K_17,17,,normal,183786.12~A16.K_17L.png,183786.12~A16.K_17R.png,train,/data5/chensx/MyProject/UAE/data/arrangement_merged/chr_17/183786.12~A16.K_17L.png,/data5/chensx/MyProject/UAE/data/arrangement_merged/chr_17/183786.12~A16.K_17R.png,0,-0.2864337975295649,,0.0008678436279296,-0.24939829458142512,chromosome
0,0.0008694529533386,183786,183786.12~A34.K_17,17,,normal,183786.12~A34.K_17L.png,183786.12~A34.K_17R.png,train,/data5/chensx/MyProject/UAE/data/arrangement_merged/chr_17/183786.12~A34.K_17L.png,/data5/chensx/MyProject/UAE/data/arrangement_merged/chr_17/183786.12~A34.K_17R.png,0,-0.285594530581,,0.0008694529533386,-0.2382341243994199,chromosome
0,0.0007781982421875,183786,183786.12~A41.K_17,17,,normal,183786.12~A41.K_17L.png,183786.12~A41.K_17R.png,train,/data5/chensx/MyProject/UAE/data/arrangement_merged/chr_17/183786.12~A41.K_17L.png,/data5/chensx/MyProject/UAE/data/arrangement_merged/chr_17/183786.12~A41.K_17R.png,0,-0.3331840749607349,,0.0007781982421875,-0.8712839224720736,chromosome
0,0.0009488463401794,183786,183786.12~A47.K_17,17,,normal,183786.12~A47.K_17L.png,183786.12~A47.K_17R.png,train,/data5/chensx/MyProject/UAE/data/arrangement_merged/chr_17/183786.12~A47.K_17L.png,/data5/chensx/MyProject/UAE/data/arrangement_merged/chr_17/183786.12~A47.K_17R.png,0,-0.2441906944517989,,0.0009488463401794,0.31253160455732265,chromosome
0,0.0008496642112731,183786,183786.13~A10.K_17,17,,normal,183786.13~A10.K_17L.png,183786.13~A10.K_17R.png,train,/data5/chensx/MyProject/UAE/data/arrangement_merged/chr_17/183786.13~A10.K_17L.png,/data5/chensx/MyProject/UAE/data/arrangement_merged/chr_17/183786.13~A10.K_17R.png,0,-0.2959144056522423,,0.0008496642112731,-0.37551206885462596,chromosome
0,0.0007126927375793,183786,183786.13~A12.K_17,17,,normal,183786.13~A12.K_17L.png,183786.13~A12.K_17R.png,train,/data5/chensx/MyProject/UAE/data/arrangement_merged/chr_17/183786.13~A12.K_17L.png,/data5/chensx/MyProject/UAE/data/arrangement_merged/chr_17/183786.13~A12.K_17R.png,0,-0.3673453481634315,,0.0007126927375793,-1.32570699764027,chromosome
0,0.0007745623588562,183786,183786.13~A29.K_17,17,,normal,183786.13~A29.K_17L.png,183786.13~A29.K_17R.png,train,/data5/chensx/MyProject/UAE/data/arrangement_merged/chr_17/183786.13~A29.K_17L.png,/data5/chensx/MyProject/UAE/data/arrangement_merged/chr_17/183786.13~A29.K_17R.png,0,-0.3350801965852703,,0.0007745623588562,-0.896506677326714,chromosome
0,0.0008720755577087,183786,183786.13~A34.K_17,17,,normal,183786.13~A34.K_17L.png,183786.13~A34.K_17R.png,train,/data5/chensx/MyProject/UAE/data/arrangement_merged/chr_17/183786.13~A34.K_17L.png,/data5/chensx/MyProject/UAE/data/arrangement_merged/chr_17/183786.13~A34.K_17R.png,0,-0.2842268362944498,,0.0008720755577087,-0.2200406618814435,chromosome
0,0.0008206367492675,183786,183786.13~A43.K_17,17,,normal,183786.13~A43.K_17L.png,183786.13~A43.K_17R.png,train,/data5/chensx/MyProject/UAE/data/arrangement_merged/chr_17/183786.13~A43.K_17L.png,/data5/chensx/MyProject/UAE/data/arrangement_merged/chr_17/183786.13~A43.K_17R.png,0,-0.3110522946874682,,0.0008206367492675,-0.5768806199070747,chromosome
0,0.0009493231773376,183786,183786.14~A17.K_17,17,,normal,183786.14~A17.K_17L.png,183786.14~A17.K_17R.png,train,/data5/chensx/MyProject/UAE/data/arrangement_merged/chr_17/183786.14~A17.K_17L.png,/data5/chensx/MyProject/UAE/data/arrangement_merged/chr_17/183786.14~A17.K_17R.png,0,-0.2439420227633352,,0.0009493231773376,0.31583950683331813,chromosome
0,0.0008043050765991,183786,183786.14~A24.K_17,17,,normal,183786.14~A24.K_17L.png,183786.14~A24.K_17R.png,train,/data5/chensx/MyProject/UAE/data/arrangement_merged/chr_17/183786.14~A24.K_17L.png,/data5/chensx/MyProject/UAE/data/arrangement_merged/chr_17/183786.14~A24.K_17R.png,0,-0.3195693000173489,,0.0008043050765991,-0.6901762728602723,chromosome
0,0.0008299350738525,183786,183786.14~A38.K_17,17,,normal,183786.14~A38.K_17L.png,183786.14~A38.K_17R.png,train,/data5/chensx/MyProject/UAE/data/arrangement_merged/chr_17/183786.14~A38.K_17L.png,/data5/chensx/MyProject/UAE/data/arrangement_merged/chr_17/183786.14~A38.K_17R.png,0,-0.3062031967624266,,0.0008299350738525,-0.5123765255244656,chromosome
0,0.0008741021156311,183786,183786.14~A39.K_17,17,,normal,183786.14~A39.K_17L.png,183786.14~A39.K_17R.png,train,/data5/chensx/MyProject/UAE/data/arrangement_merged/chr_17/183786.14~A39.K_17L.png,/data5/chensx/MyProject/UAE/data/arrangement_merged/chr_17/183786.14~A39.K_17R.png,0,-0.2831699816184791,,0.0008741021156311,-0.20598207720811496,chromosome
0,0.0008803606033325,183786,183786.1~A44.K_17,17,,normal,183786.1~A44.K_17L.png,183786.1~A44.K_17R.png,train,/data5/chensx/MyProject/UAE/data/arrangement_merged/chr_17/183786.1~A44.K_17L.png,/data5/chensx/MyProject/UAE/data/arrangement_merged/chr_17/183786.1~A44.K_17R.png,0,-0.2799061657073935,,0.0008803606033325,-0.16256585983549898,chromosome
0,0.0009363889694213,183786,183786.2~A14.K_17,17,,normal,183786.2~A14.K_17L.png,183786.2~A14.K_17R.png,train,/data5/chensx/MyProject/UAE/data/arrangement_merged/chr_17/183786.2~A14.K_17L.png,/data5/chensx/MyProject/UAE/data/arrangement_merged/chr_17/183786.2~A14.K_17R.png,0,-0.2506872423129123,,0.0009363889694213,0.22611265759606938,chromosome
0,0.0008805394172668,183786,183786.2~A4.K_17,17,,normal,183786.2~A4.K_17L.png,183786.2~A4.K_17R.png,train,/data5/chensx/MyProject/UAE/data/arrangement_merged/chr_17/183786.2~A4.K_17L.png,/data5/chensx/MyProject/UAE/data/arrangement_merged/chr_17/183786.2~A4.K_17R.png,0,-0.2798129138242196,,0.0008805394172668,-0.1613253964821745,chromosome
0,0.0009194016456604,183786,183786.2~A49.K_17,17,,normal,183786.2~A49.K_17L.png,183786.2~A49.K_17R.png,train,/data5/chensx/MyProject/UAE/data/arrangement_merged/chr_17/183786.2~A49.K_17L.png,/data5/chensx/MyProject/UAE/data/arrangement_merged/chr_17/183786.2~A49.K_17R.png,0,-0.2595461712144305,,0.0009194016456604,0.10826863901355119,chromosome
0,0.0007424354553222,183786,183786.3~A1.K_17,17,,normal,183786.3~A1.K_17L.png,183786.3~A1.K_17R.png,train,/data5/chensx/MyProject/UAE/data/arrangement_merged/chr_17/183786.3~A1.K_17L.png,/data5/chensx/MyProject/UAE/data/arrangement_merged/chr_17/183786.3~A1.K_17R.png,0,-0.3518344515955101,,0.0007424354553222,-1.1193765931738275,chromosome
0,0.0008860826492309,183786,183786.3~A25.K_17,17,,normal,183786.3~A25.K_17L.png,183786.3~A25.K_17R.png,train,/data5/chensx/MyProject/UAE/data/arrangement_merged/chr_17/183786.3~A25.K_17L.png,/data5/chensx/MyProject/UAE/data/arrangement_merged/chr_17/183786.3~A25.K_17R.png,0,-0.2769221054458294,,0.0008860826492309,-0.12287103252355142,chromosome
0,0.00080406665802,183786,183786.3~A36.K_17,17,,normal,183786.3~A36.K_17L.png,183786.3~A36.K_17R.png,train,/data5/chensx/MyProject/UAE/data/arrangement_merged/chr_17/183786.3~A36.K_17L.png,/data5/chensx/MyProject/UAE/data/arrangement_merged/chr_17/183786.3~A36.K_17R.png,0,-0.3196936358615807,,0.00080406665802,-0.6918302239982697,chromosome
0,0.0008100867271423,183786,183786.3~A37.K_17,17,,normal,183786.3~A37.K_17L.png,183786.3~A37.K_17R.png,train,/data5/chensx/MyProject/UAE/data/arrangement_merged/chr_17/183786.3~A37.K_17L.png,/data5/chensx/MyProject/UAE/data/arrangement_merged/chr_17/183786.3~A37.K_17R.png,0,-0.3165541557947269,,0.0008100867271423,-0.650067957763651,chromosome
0,0.0007562041282653,183786,183786.3~A44.K_17,17,,normal,183786.3~A44.K_17L.png,183786.3~A44.K_17R.png,train,/data5/chensx/MyProject/UAE/data/arrangement_merged/chr_17/183786.3~A44.K_17L.png,/data5/chensx/MyProject/UAE/data/arrangement_merged/chr_17/183786.3~A44.K_17R.png,0,-0.3446540565911216,,0.0007562041282653,-1.0238609149539335,chromosome
0,0.0008389949798583,183786,183786.4~A49.K_17,17,,normal,183786.4~A49.K_17L.png,183786.4~A49.K_17R.png,train,/data5/chensx/MyProject/UAE/data/arrangement_merged/chr_17/183786.4~A49.K_17L.png,/data5/chensx/MyProject/UAE/data/arrangement_merged/chr_17/183786.4~A49.K_17R.png,0,-0.3014784346816169,,0.0008389949798583,-0.44952638228054875,chromosome
0,0.0008322596549987,183786,183786.5~A1.K_17,17,,normal,183786.5~A1.K_17L.png,183786.5~A1.K_17R.png,train,/data5/chensx/MyProject/UAE/data/arrangement_merged/chr_17/183786.5~A1.K_17L.png,/data5/chensx/MyProject/UAE/data/arrangement_merged/chr_17/183786.5~A1.K_17R.png,0,-0.3049909222811662,,0.0008322596549987,-0.4962505019291602,chromosome
0,0.0010026693344116,183786,183786.5~A31.K_17,17,,normal,183786.5~A31.K_17L.png,183786.5~A31.K_17R.png,train,/data5/chensx/MyProject/UAE/data/arrangement_merged/chr_17/183786.5~A31.K_17L.png,/data5/chensx/MyProject/UAE/data/arrangement_merged/chr_17/183786.5~A31.K_17R.png,0,-0.2161218776164621,,0.0010026693344116,0.6859110739629322,chromosome
0,0.0008878111839294,183786,183786.5~A33.K_17,17,,normal,183786.5~A33.K_17L.png,183786.5~A33.K_17R.png,train,/data5/chensx/MyProject/UAE/data/arrangement_merged/chr_17/183786.5~A33.K_17L.png,/data5/chensx/MyProject/UAE/data/arrangement_merged/chr_17/183786.5~A33.K_17R.png,0,-0.2760206705751487,,0.0008878111839294,-0.11087988677289387,chromosome
0,0.0008243918418884,183786,183786.5~A42.K_17,17,,normal,183786.5~A42.K_17L.png,183786.5~A42.K_17R.png,train,/data5/chensx/MyProject/UAE/data/arrangement_merged/chr_17/183786.5~A42.K_17L.png,/data5/chensx/MyProject/UAE/data/arrangement_merged/chr_17/183786.5~A42.K_17R.png,0,-0.3090940051408168,,0.0008243918418884,-0.5508308894830887,chromosome
0,0.0008919239044189,183786,183786.5~A44.K_17,17,,normal,183786.5~A44.K_17L.png,183786.5~A44.K_17R.png,train,/data5/chensx/MyProject/UAE/data/arrangement_merged/chr_17/183786.5~A44.K_17L.png,/data5/chensx/MyProject/UAE/data/arrangement_merged/chr_17/183786.5~A44.K_17R.png,0,-0.2738758772621495,,0.0008919239044189,-0.08234922964225806,chromosome
0,0.0007830262184143,183786,183786.5~A6.K_17,17,,normal,183786.5~A6.K_17L.png,183786.5~A6.K_17R.png,train,/data5/chensx/MyProject/UAE/data/arrangement_merged/chr_17/183786.5~A6.K_17L.png,/data5/chensx/MyProject/UAE/data/arrangement_merged/chr_17/183786.5~A6.K_17R.png,0,-0.3306662741150402,,0.0007830262184143,-0.8377914119274442,chromosome
0,0.0008394718170166,183786,183786.5~A8.K_17,17,,normal,183786.5~A8.K_17L.png,183786.5~A8.K_17R.png,train,/data5/chensx/MyProject/UAE/data/arrangement_merged/chr_17/183786.5~A8.K_17L.png,/data5/chensx/MyProject/UAE/data/arrangement_merged/chr_17/183786.5~A8.K_17R.png,0,-0.3012297629931532,,0.0008394718170166,-0.446218480003859,chromosome
0,0.0007860660552978,184752,184752.11~A43.K_17,17,,normal,184752.11~A43.K_17L.png,184752.11~A43.K_17R.png,train,/data5/chensx/MyProject/UAE/data/arrangement_merged/chr_17/184752.11~A43.K_17L.png,/data5/chensx/MyProject/UAE/data/arrangement_merged/chr_17/184752.11~A43.K_17R.png,0,-0.6219731714988793,,0.0007860660552978,-0.816703534918146,chromosome
0,0.0009485483169555,184752,184752.13~A19.K_17,17,,normal,184752.13~A19.K_17L.png,184752.13~A19.K_17R.png,train,/data5/chensx/MyProject/UAE/data/arrangement_merged/chr_17/184752.13~A19.K_17L.png,/data5/chensx/MyProject/UAE/data/arrangement_merged/chr_17/184752.13~A19.K_17R.png,0,-0.3642249770171898,,0.0009485483169555,0.31046416563465234,chromosome
0,0.0008924007415771,184752,184752.13~A20.K_17,17,,normal,184752.13~A20.K_17L.png,184752.13~A20.K_17R.png,train,/data5/chensx/MyProject/UAE/data/arrangement_merged/chr_17/184752.13~A20.K_17L.png,/data5/chensx/MyProject/UAE/data/arrangement_merged/chr_17/184752.13~A20.K_17R.png,0,-0.4532927683604589,,0.0008924007415771,-0.07904132736626256,chromosome
0,0.0008970499038696,184752,184752.14~A10.K_17,17,,normal,184752.14~A10.K_17L.png,184752.14~A10.K_17R.png,train,/data5/chensx/MyProject/UAE/data/arrangement_merged/chr_17/184752.14~A10.K_17L.png,/data5/chensx/MyProject/UAE/data/arrangement_merged/chr_17/184752.14~A10.K_17R.png,0,-0.4459177283129271,,0.0008970499038696,-0.046789280174958335,chromosome
0,0.0008831620216369,184752,184752.14~A14.K_17,17,,normal,184752.14~A14.K_17L.png,184752.14~A14.K_17R.png,train,/data5/chensx/MyProject/UAE/data/arrangement_merged/chr_17/184752.14~A14.K_17L.png,/data5/chensx/MyProject/UAE/data/arrangement_merged/chr_17/184752.14~A14.K_17R.png,0,-0.4679482966600414,,0.0008831620216369,-0.1431319339641981,chromosome
0,0.0010201930999755,184752,184752.14~A43.K_17,17,,normal,184752.14~A43.K_17L.png,184752.14~A43.K_17R.png,train,/data5/chensx/MyProject/UAE/data/arrangement_merged/chr_17/184752.14~A43.K_17L.png,/data5/chensx/MyProject/UAE/data/arrangement_merged/chr_17/184752.14~A43.K_17R.png,0,-0.2505737188488147,,0.0010201930999755,0.8074764826061188,chromosome
0,0.0008023381233215,184752,184752.2~A30.K_17,17,,normal,184752.2~A30.K_17L.png,184752.2~A30.K_17R.png,train,/data5/chensx/MyProject/UAE/data/arrangement_merged/chr_17/184752.2~A30.K_17L.png,/data5/chensx/MyProject/UAE/data/arrangement_merged/chr_17/184752.2~A30.K_17R.png,0,-0.5961605313325179,,0.0008023381233215,-0.7038213697489272,chromosome
0,0.0009021759033203,184752,184752.2~A50.K_17,17,,normal,184752.2~A50.K_17L.png,184752.2~A50.K_17R.png,train,/data5/chensx/MyProject/UAE/data/arrangement_merged/chr_17/184752.2~A50.K_17L.png,/data5/chensx/MyProject/UAE/data/arrangement_merged/chr_17/184752.2~A50.K_17R.png,0,-0.4377862739015458,,0.0009021759033203,-0.01122933070765786,chromosome
0,0.000706136226654,184752,184752.3~A13.K_17,17,,normal,184752.3~A13.K_17L.png,184752.3~A13.K_17R.png,train,/data5/chensx/MyProject/UAE/data/arrangement_merged/chr_17/184752.3~A13.K_17L.png,/data5/chensx/MyProject/UAE/data/arrangement_merged/chr_17/184752.3~A13.K_17R.png,0,-0.7487671292391382,,0.000706136226654,-1.371190653935556,chromosome
0,0.0008338093757629,184752,184752.3~A16.K_17,17,,normal,184752.3~A16.K_17L.png,184752.3~A16.K_17R.png,train,/data5/chensx/MyProject/UAE/data/arrangement_merged/chr_17/184752.3~A16.K_17L.png,/data5/chensx/MyProject/UAE/data/arrangement_merged/chr_17/184752.3~A16.K_17R.png,0,-0.5462371833184563,,0.0008338093757629,-0.4854998195318279,chromosome
0,0.0010250210762023,184752,184752.4~A27.K_17,17,,normal,184752.4~A27.K_17L.png,184752.4~A27.K_17R.png,train,/data5/chensx/MyProject/UAE/data/arrangement_merged/chr_17/184752.4~A27.K_17L.png,/data5/chensx/MyProject/UAE/data/arrangement_merged/chr_17/184752.4~A27.K_17R.png,0,-0.2429150234148393,,0.0010250210762023,0.8409689931507475,chromosome
0,0.0008085966110229,184793,184793.11~A18.K_17,17,,normal,184793.11~A18.K_17L.png,184793.11~A18.K_17R.png,train,/data5/chensx/MyProject/UAE/data/arrangement_merged/chr_17/184793.11~A18.K_17L.png,/data5/chensx/MyProject/UAE/data/arrangement_merged/chr_17/184793.11~A18.K_17R.png,0,-0.657323185249665,,0.0008085966110229,-0.6604051523763113,chromosome
0,0.0011157393455505,184793,184793.12~A12.K_17,17,,normal,184793.12~A12.K_17L.png,184793.12~A12.K_17R.png,train,/data5/chensx/MyProject/UAE/data/arrangement_merged/chr_17/184793.12~A12.K_17L.png,/data5/chensx/MyProject/UAE/data/arrangement_merged/chr_17/184793.12~A12.K_17R.png,0,-0.2671229474214082,,0.0011157393455505,1.470297401163427,chromosome
0,0.0009831190109252,184793,184793.12~A27.K_17,17,,normal,184793.12~A27.K_17L.png,184793.12~A27.K_17R.png,train,/data5/chensx/MyProject/UAE/data/arrangement_merged/chr_17/184793.12~A27.K_17L.png,/data5/chensx/MyProject/UAE/data/arrangement_merged/chr_17/184793.12~A27.K_17R.png,0,-0.4356064578362872,,0.0009831190109252,0.5502870806457227,chromosome
0,0.0009467601776123,184793,184793.12~A32.K_17,17,,normal,184793.12~A32.K_17L.png,184793.12~A32.K_17R.png,train,/data5/chensx/MyProject/UAE/data/arrangement_merged/chr_17/184793.12~A32.K_17L.png,/data5/chensx/MyProject/UAE/data/arrangement_merged/chr_17/184793.12~A32.K_17R.png,0,-0.4817974427140742,,0.0009467601776123,0.2980595321000154,chromosome
0,0.0009567737579345,184793,184793.12~A38.K_17,17,,normal,184793.12~A38.K_17L.png,184793.12~A38.K_17R.png,train,/data5/chensx/MyProject/UAE/data/arrangement_merged/chr_17/184793.12~A38.K_17L.png,/data5/chensx/MyProject/UAE/data/arrangement_merged/chr_17/184793.12~A38.K_17R.png,0,-0.4690759911411755,,0.0009567737579345,0.36752547989592327,chromosome
0,0.0009682178497314,184793,184793.12~A42.K_17,17,,normal,184793.12~A42.K_17L.png,184793.12~A42.K_17R.png,train,/data5/chensx/MyProject/UAE/data/arrangement_merged/chr_17/184793.12~A42.K_17L.png,/data5/chensx/MyProject/UAE/data/arrangement_merged/chr_17/184793.12~A42.K_17R.png,0,-0.4545371893435769,,0.0009682178497314,0.44691513452051257,chromosome
0,0.0009363889694213,184793,184793.13~A10.K_17,17,,normal,184793.13~A10.K_17L.png,184793.13~A10.K_17R.png,train,/data5/chensx/MyProject/UAE/data/arrangement_merged/chr_17/184793.13~A10.K_17L.png,/data5/chensx/MyProject/UAE/data/arrangement_merged/chr_17/184793.13~A10.K_17R.png,0,-0.4949732318431479,,0.0009363889694213,0.22611265759606938,chromosome
0,0.0008022785186767,184793,184793.13~A16.K_17,17,,normal,184793.13~A16.K_17L.png,184793.13~A16.K_17R.png,train,/data5/chensx/MyProject/UAE/data/arrangement_merged/chr_17/184793.13~A16.K_17L.png,/data5/chensx/MyProject/UAE/data/arrangement_merged/chr_17/184793.13~A16.K_17R.png,0,-0.6653498154087559,,0.0008022785186767,-0.7042348575336,chromosome
0,0.000859260559082,184793,184793.13~A43.K_17,17,,normal,184793.13~A43.K_17L.png,184793.13~A43.K_17R.png,train,/data5/chensx/MyProject/UAE/data/arrangement_merged/chr_17/184793.13~A43.K_17L.png,/data5/chensx/MyProject/UAE/data/arrangement_merged/chr_17/184793.13~A43.K_17R.png,0,-0.5929586981248798,,0.000859260559082,-0.3089405355493465,chromosome
0,0.0008561015129089,184793,184793.14~A14.K_17,17,,normal,184793.14~A14.K_17L.png,184793.14~A14.K_17R.png,train,/data5/chensx/MyProject/UAE/data/arrangement_merged/chr_17/184793.14~A14.K_17L.png,/data5/chensx/MyProject/UAE/data/arrangement_merged/chr_17/184793.14~A14.K_17R.png,0,-0.5969720132044253,,0.0008561015129089,-0.33085538812799126,chromosome
0,0.0007721185684204,184793,184793.14~A26.K_17,17,,normal,184793.14~A26.K_17L.png,184793.14~A26.K_17R.png,train,/data5/chensx/MyProject/UAE/data/arrangement_merged/chr_17/184793.14~A26.K_17L.png,/data5/chensx/MyProject/UAE/data/arrangement_merged/chr_17/184793.14~A26.K_17R.png,0,-0.7036656159795104,,0.0007721185684204,-0.9134596764913652,chromosome
0,0.0011132359504699,184793,184793.14~A27.K_17,17,,normal,184793.14~A27.K_17L.png,184793.14~A27.K_17R.png,train,/data5/chensx/MyProject/UAE/data/arrangement_merged/chr_17/184793.14~A27.K_17L.png,/data5/chensx/MyProject/UAE/data/arrangement_merged/chr_17/184793.14~A27.K_17R.png,0,-0.2703033103146329,,0.0011132359504699,1.452930914214103,chromosome
0,0.0008134841918945,184793,184793.14~A3.K_17,17,,normal,184793.14~A3.K_17L.png,184793.14~A3.K_17R.png,train,/data5/chensx/MyProject/UAE/data/arrangement_merged/chr_17/184793.14~A3.K_17L.png,/data5/chensx/MyProject/UAE/data/arrangement_merged/chr_17/184793.14~A3.K_17R.png,0,-0.651113905315274,,0.0008134841918945,-0.6264991540470088,chromosome
0,0.0010797977447509,184793,184793.14~A30.K_17,17,,normal,184793.14~A30.K_17L.png,184793.14~A30.K_17R.png,train,/data5/chensx/MyProject/UAE/data/arrangement_merged/chr_17/184793.14~A30.K_17L.png,/data5/chensx/MyProject/UAE/data/arrangement_merged/chr_17/184793.14~A30.K_17R.png,0,-0.3127838718169911,,0.0010797977447509,1.220964267108348,chromosome
0,0.0007632374763488,184793,184793.14~A32.K_17,17,,normal,184793.14~A32.K_17L.png,184793.14~A32.K_17R.png,train,/data5/chensx/MyProject/UAE/data/arrangement_merged/chr_17/184793.14~A32.K_17L.png,/data5/chensx/MyProject/UAE/data/arrangement_merged/chr_17/184793.14~A32.K_17R.png,0,-0.7149483319578551,,0.0007632374763488,-0.975069356382651,chromosome
0,0.000954270362854,184793,184793.14~A33.K_17,17,,normal,184793.14~A33.K_17L.png,184793.14~A33.K_17R.png,train,/data5/chensx/MyProject/UAE/data/arrangement_merged/chr_17/184793.14~A33.K_17L.png,/data5/chensx/MyProject/UAE/data/arrangement_merged/chr_17/184793.14~A33.K_17R.png,0,-0.4722563540344002,,0.000954270362854,0.3501589929472934,chromosome
0,0.0009195208549499,184793,184793.14~A4.K_17,17,,normal,184793.14~A4.K_17L.png,184793.14~A4.K_17R.png,train,/data5/chensx/MyProject/UAE/data/arrangement_merged/chr_17/184793.14~A4.K_17L.png,/data5/chensx/MyProject/UAE/data/arrangement_merged/chr_17/184793.14~A4.K_17R.png,0,-0.5164028199094,,0.0009195208549499,0.10909561458220352,chromosome
0,0.0008240938186645,184793,184793.14~A9.K_17,17,,normal,184793.14~A9.K_17L.png,184793.14~A9.K_17R.png,train,/data5/chensx/MyProject/UAE/data/arrangement_merged/chr_17/184793.14~A9.K_17L.png,/data5/chensx/MyProject/UAE/data/arrangement_merged/chr_17/184793.14~A9.K_17R.png,0,-0.6376352244820837,,0.0008240938186645,-0.5528983284057589,chromosome
0,0.0007839798927307,184793,184793.1~A26.K_17,17,,normal,184793.1~A26.K_17L.png,184793.1~A26.K_17R.png,train,/data5/chensx/MyProject/UAE/data/arrangement_merged/chr_17/184793.1~A26.K_17L.png,/data5/chensx/MyProject/UAE/data/arrangement_merged/chr_17/184793.1~A26.K_17R.png,0,-0.6885967536997077,,0.0007839798927307,-0.8311756073754532,chromosome
0,0.0009803175926208,184793,184793.2~A4.K_17,17,,normal,184793.2~A4.K_17L.png,184793.2~A4.K_17R.png,train,/data5/chensx/MyProject/UAE/data/arrangement_merged/chr_17/184793.2~A4.K_17L.png,/data5/chensx/MyProject/UAE/data/arrangement_merged/chr_17/184793.2~A4.K_17R.png,0,-0.4391654353596577,,0.0009803175926208,0.5308531547744219,chromosome
0,0.0009409189224243,184793,184793.3~A8.K_17,17,,normal,184793.3~A8.K_17L.png,184793.3~A8.K_17R.png,train,/data5/chensx/MyProject/UAE/data/arrangement_merged/chr_17/184793.3~A8.K_17L.png,/data5/chensx/MyProject/UAE/data/arrangement_merged/chr_17/184793.3~A8.K_17R.png,0,-0.4892182894649318,,0.0009409189224243,0.25753772921872203,chromosome
0,0.0008091926574707,185290,185290.11~A25.K_17,17,,normal,185290.11~A25.K_17L.png,185290.11~A25.K_17R.png,train,/data5/chensx/MyProject/UAE/data/arrangement_merged/chr_17/185290.11~A25.K_17L.png,/data5/chensx/MyProject/UAE/data/arrangement_merged/chr_17/185290.11~A25.K_17R.png,0,-0.6572458036387545,,0.0008091926574707,-0.6562702745309699,chromosome
0,0.000791311264038,185290,185290.11~A27.K_17,17,,normal,185290.11~A27.K_17L.png,185290.11~A27.K_17R.png,train,/data5/chensx/MyProject/UAE/data/arrangement_merged/chr_17/185290.11~A27.K_17L.png,/data5/chensx/MyProject/UAE/data/arrangement_merged/chr_17/185290.11~A27.K_17R.png,0,-0.6811195145650971,,0.000791311264038,-0.7803166098821939,chromosome
0,0.0012162327766418,185290,185290.11~A38.K_17,17,,normal,185290.11~A38.K_17L.png,185290.11~A38.K_17R.png,train,/data5/chensx/MyProject/UAE/data/arrangement_merged/chr_17/185290.11~A38.K_17L.png,/data5/chensx/MyProject/UAE/data/arrangement_merged/chr_17/185290.11~A38.K_17R.png,0,-0.113800563918777,,0.0012162327766418,2.1674378058340165,chromosome
0,0.0007650256156921,185290,185290.12~A12.K_17,17,,normal,185290.12~A12.K_17L.png,185290.12~A12.K_17R.png,train,/data5/chensx/MyProject/UAE/data/arrangement_merged/chr_17/185290.12~A12.K_17L.png,/data5/chensx/MyProject/UAE/data/arrangement_merged/chr_17/185290.12~A12.K_17R.png,0,-0.7162138696268207,,0.0007650256156921,-0.9626647228473205,chromosome
0,0.0009424090385437,185290,185290.12~A33.K_17,17,,normal,185290.12~A33.K_17L.png,185290.12~A33.K_17R.png,train,/data5/chensx/MyProject/UAE/data/arrangement_merged/chr_17/185290.12~A33.K_17L.png,/data5/chensx/MyProject/UAE/data/arrangement_merged/chr_17/185290.12~A33.K_17R.png,0,-0.4793866572375025,,0.0009424090385437,0.26787492383138145,chromosome
0,0.0008801221847534,185290,185290.12~A35.K_17,17,,normal,185290.12~A35.K_17L.png,185290.12~A35.K_17R.png,train,/data5/chensx/MyProject/UAE/data/arrangement_merged/chr_17/185290.12~A35.K_17L.png,/data5/chensx/MyProject/UAE/data/arrangement_merged/chr_17/185290.12~A35.K_17R.png,0,-0.5625467502975958,,0.0008801221847534,-0.1642198109734971,chromosome
0,0.0008419752120971,185290,185290.12~A49.K_17,17,,normal,185290.12~A49.K_17L.png,185290.12~A49.K_17R.png,train,/data5/chensx/MyProject/UAE/data/arrangement_merged/chr_17/185290.12~A49.K_17L.png,/data5/chensx/MyProject/UAE/data/arrangement_merged/chr_17/185290.12~A49.K_17R.png,0,-0.6134773336071265,,0.0008419752120971,-0.42885199305522914,chromosome
0,0.0007851123809814,185290,185290.12~A5.K_17,17,,normal,185290.12~A5.K_17L.png,185290.12~A5.K_17R.png,train,/data5/chensx/MyProject/UAE/data/arrangement_merged/chr_17/185290.12~A5.K_17L.png,/data5/chensx/MyProject/UAE/data/arrangement_merged/chr_17/185290.12~A5.K_17R.png,0,-0.6893957343528958,,0.0007851123809814,-0.8233193394701369,chromosome
0,0.0009040236473083,185290,185290.12~A50.K_17,17,,normal,185290.12~A50.K_17L.png,185290.12~A50.K_17R.png,train,/data5/chensx/MyProject/UAE/data/arrangement_merged/chr_17/185290.12~A50.K_17L.png,/data5/chensx/MyProject/UAE/data/arrangement_merged/chr_17/185290.12~A50.K_17R.png,0,-0.5306355566927179,,0.0009040236473083,0.0015887906116512616,chromosome
0,0.0007895231246948,185290,185290.12~A7.K_17,17,,normal,185290.12~A7.K_17L.png,185290.12~A7.K_17R.png,train,/data5/chensx/MyProject/UAE/data/arrangement_merged/chr_17/185290.12~A7.K_17L.png,/data5/chensx/MyProject/UAE/data/arrangement_merged/chr_17/185290.12~A7.K_17R.png,0,-0.6835068856577313,,0.0007895231246948,-0.7927212434168301,chromosome
0,0.0011132955551147,185290,185290.12~A8.K_17,17,,normal,185290.12~A8.K_17L.png,185290.12~A8.K_17R.png,train,/data5/chensx/MyProject/UAE/data/arrangement_merged/chr_17/185290.12~A8.K_17L.png,/data5/chensx/MyProject/UAE/data/arrangement_merged/chr_17/185290.12~A8.K_17R.png,0,-0.251233559818089,,0.0011132955551147,1.4533444019987751,chromosome
0,0.0008434057235717,185290,185290.13~A13.K_17,17,,normal,185290.13~A13.K_17L.png,185290.13~A13.K_17R.png,train,/data5/chensx/MyProject/UAE/data/arrangement_merged/chr_17/185290.13~A13.K_17L.png,/data5/chensx/MyProject/UAE/data/arrangement_merged/chr_17/185290.13~A13.K_17R.png,0,-0.6115674367330192,,0.0008434057235717,-0.4189282862272419,chromosome
0,0.0008213520050048,185290,185290.13~A26.K_17,17,,normal,185290.13~A26.K_17L.png,185290.13~A26.K_17R.png,train,/data5/chensx/MyProject/UAE/data/arrangement_merged/chr_17/185290.13~A26.K_17L.png,/data5/chensx/MyProject/UAE/data/arrangement_merged/chr_17/185290.13~A26.K_17R.png,0,-0.6410116802088416,,0.0008213520050048,-0.5719187664930812,chromosome
0,0.0009257793426513,185290,185290.13~A28.K_17,17,,normal,185290.13~A28.K_17L.png,185290.13~A28.K_17R.png,train,/data5/chensx/MyProject/UAE/data/arrangement_merged/chr_17/185290.13~A28.K_17L.png,/data5/chensx/MyProject/UAE/data/arrangement_merged/chr_17/185290.13~A28.K_17R.png,0,-0.5015892083990011,,0.0009257793426513,0.1525118319548195,chromosome
0,0.0010890960693359,185290,185290.13~A30.K_17,17,,normal,185290.13~A30.K_17L.png,185290.13~A30.K_17R.png,train,/data5/chensx/MyProject/UAE/data/arrangement_merged/chr_17/185290.13~A30.K_17L.png,/data5/chensx/MyProject/UAE/data/arrangement_merged/chr_17/185290.13~A30.K_17R.png,0,-0.2835426486050725,,0.0010890960693359,1.2854683614909566,chromosome
0,0.0007081031799316,185290,185290.13~A35.K_17,17,,normal,185290.13~A35.K_17L.png,185290.13~A35.K_17R.png,train,/data5/chensx/MyProject/UAE/data/arrangement_merged/chr_17/185290.13~A35.K_17L.png,/data5/chensx/MyProject/UAE/data/arrangement_merged/chr_17/185290.13~A35.K_17R.png,0,-0.792211849409011,,0.0007081031799316,-1.3575455570469013,chromosome
0,0.0009065866470336,185290,185290.13~A36.K_17,17,,normal,185290.13~A36.K_17L.png,185290.13~A36.K_17R.png,train,/data5/chensx/MyProject/UAE/data/arrangement_merged/chr_17/185290.13~A36.K_17L.png,/data5/chensx/MyProject/UAE/data/arrangement_merged/chr_17/185290.13~A36.K_17R.png,0,-0.5272136581266088,,0.0009065866470336,0.01936876534495477,chromosome
0,0.0010228753089904,185290,185290.13~A46.K_17,17,,normal,185290.13~A46.K_17L.png,185290.13~A46.K_17R.png,train,/data5/chensx/MyProject/UAE/data/arrangement_merged/chr_17/185290.13~A46.K_17L.png,/data5/chensx/MyProject/UAE/data/arrangement_merged/chr_17/185290.13~A46.K_17R.png,0,-0.3719549580689611,,0.0010228753089904,0.8260834329087673,chromosome
0,0.0006967782974243,185290,185290.13~A6.K_17,17,,normal,185290.13~A6.K_17L.png,185290.13~A6.K_17R.png,train,/data5/chensx/MyProject/UAE/data/arrangement_merged/chr_17/185290.13~A6.K_17L.png,/data5/chensx/MyProject/UAE/data/arrangement_merged/chr_17/185290.13~A6.K_17R.png,0,-0.807331866329028,,0.0006967782974243,-1.436108236102144,chromosome
0,0.0007323622703552,185290,185290.13~A7.K_17,17,,normal,185290.13~A7.K_17L.png,185290.13~A7.K_17R.png,train,/data5/chensx/MyProject/UAE/data/arrangement_merged/chr_17/185290.13~A7.K_17L.png,/data5/chensx/MyProject/UAE/data/arrangement_merged/chr_17/185290.13~A7.K_17R.png,0,-0.7598231815856064,,0.0007323622703552,-1.189256028754409,chromosome
0,0.0008862018585205,185290,185290.14~A27.K_17,17,,normal,185290.14~A27.K_17L.png,185290.14~A27.K_17R.png,train,/data5/chensx/MyProject/UAE/data/arrangement_merged/chr_17/185290.14~A27.K_17L.png,/data5/chensx/MyProject/UAE/data/arrangement_merged/chr_17/185290.14~A27.K_17R.png,0,-0.5544296885826393,,0.0008862018585205,-0.12204405695420562,chromosome
0,0.0008509755134582,185290,185290.14~A31.K_17,17,,normal,185290.14~A31.K_17L.png,185290.14~A31.K_17R.png,train,/data5/chensx/MyProject/UAE/data/arrangement_merged/chr_17/185290.14~A31.K_17L.png,/data5/chensx/MyProject/UAE/data/arrangement_merged/chr_17/185290.14~A31.K_17R.png,0,-0.6014608991075341,,0.0008509755134582,-0.366415337595291,chromosome
0,0.0009052753448486,185290,185290.14~A44.K_17,17,,normal,185290.14~A44.K_17L.png,185290.14~A44.K_17R.png,train,/data5/chensx/MyProject/UAE/data/arrangement_merged/chr_17/185290.14~A44.K_17L.png,/data5/chensx/MyProject/UAE/data/arrangement_merged/chr_17/185290.14~A44.K_17R.png,0,-0.5289643969278739,,0.0009052753448486,0.010272034086313298,chromosome
0,0.0007780194282531,185290,185290.14~A47.K_17,17,,normal,185290.14~A47.K_17L.png,185290.14~A47.K_17R.png,train,/data5/chensx/MyProject/UAE/data/arrangement_merged/chr_17/185290.14~A47.K_17L.png,/data5/chensx/MyProject/UAE/data/arrangement_merged/chr_17/185290.14~A47.K_17R.png,0,-0.6988656396870117,,0.0007780194282531,-0.8725243858260924,chromosome
0,0.0010014176368713,185290,185290.1~A31.K_17,17,,normal,185290.1~A31.K_17L.png,185290.1~A31.K_17R.png,train,/data5/chensx/MyProject/UAE/data/arrangement_merged/chr_17/185290.1~A31.K_17L.png,/data5/chensx/MyProject/UAE/data/arrangement_merged/chr_17/185290.1~A31.K_17R.png,0,-0.4006034111805722,,0.0010014176368713,0.6772278304882694,chromosome
0,0.0008748769760131,185290,185290.1~A32.K_17,17,,normal,185290.1~A32.K_17L.png,185290.1~A32.K_17R.png,train,/data5/chensx/MyProject/UAE/data/arrangement_merged/chr_17/185290.1~A32.K_17L.png,/data5/chensx/MyProject/UAE/data/arrangement_merged/chr_17/185290.1~A32.K_17R.png,0,-0.5695497055026563,,0.0008748769760131,-0.20060673601014262,chromosome
0,0.000958502292633,185290,185290.1~A35.K_17,17,,normal,185290.1~A35.K_17L.png,185290.1~A35.K_17R.png,train,/data5/chensx/MyProject/UAE/data/arrangement_merged/chr_17/185290.1~A35.K_17L.png,/data5/chensx/MyProject/UAE/data/arrangement_merged/chr_17/185290.1~A35.K_17R.png,0,-0.4579003174037943,,0.000958502292633,0.37951662564658156,chromosome
0,0.0008955001831054,185290,185290.2~A19.K_17,17,,normal,185290.2~A19.K_17L.png,185290.2~A19.K_17R.png,train,/data5/chensx/MyProject/UAE/data/arrangement_merged/chr_17/185290.2~A19.K_17L.png,/data5/chensx/MyProject/UAE/data/arrangement_merged/chr_17/185290.2~A19.K_17R.png,0,-0.5420153589009412,,0.0008955001831054,-0.057539962572290645,chromosome
0,0.000941514968872,185290,185290.3~A26.K_17,17,,normal,185290.3~A26.K_17L.png,185290.3~A26.K_17R.png,train,/data5/chensx/MyProject/UAE/data/arrangement_merged/chr_17/185290.3~A26.K_17L.png,/data5/chensx/MyProject/UAE/data/arrangement_merged/chr_17/185290.3~A26.K_17R.png,0,-0.4805803427838197,,0.000941514968872,0.26167260706336914,chromosome
0,0.000734806060791,185290,185290.3~A32.K_17,17,,normal,185290.3~A32.K_17L.png,185290.3~A32.K_17R.png,train,/data5/chensx/MyProject/UAE/data/arrangement_merged/chr_17/185290.3~A32.K_17L.png,/data5/chensx/MyProject/UAE/data/arrangement_merged/chr_17/185290.3~A32.K_17R.png,0,-0.7565604410923396,,0.000734806060791,-1.1723030295897579,chromosome
0,0.0008879899978637,185290,185290.4~A11.K_17,17,,normal,185290.4~A11.K_17L.png,185290.4~A11.K_17R.png,train,/data5/chensx/MyProject/UAE/data/arrangement_merged/chr_17/185290.4~A11.K_17L.png,/data5/chensx/MyProject/UAE/data/arrangement_merged/chr_17/185290.4~A11.K_17R.png,0,-0.5520423174900051,,0.0008879899978637,-0.10963942341956864,chromosome
0,0.0009229183197021,185290,185290.4~A15.K_17,17,,normal,185290.4~A15.K_17L.png,185290.4~A15.K_17R.png,train,/data5/chensx/MyProject/UAE/data/arrangement_merged/chr_17/185290.4~A15.K_17L.png,/data5/chensx/MyProject/UAE/data/arrangement_merged/chr_17/185290.4~A15.K_17R.png,0,-0.505409002147216,,0.0009229183197021,0.1326644182988457,chromosome
0,0.0008598566055297,185290,185290.4~A18.K_17,17,,normal,185290.4~A18.K_17L.png,185290.4~A18.K_17R.png,train,/data5/chensx/MyProject/UAE/data/arrangement_merged/chr_17/185290.4~A18.K_17L.png,/data5/chensx/MyProject/UAE/data/arrangement_merged/chr_17/185290.4~A18.K_17R.png,0,-0.589603622680784,,0.0008598566055297,-0.30480565770469864,chromosome
0,0.0009412765502929,185290,185290.4~A28.K_17,17,,normal,185290.4~A28.K_17L.png,185290.4~A28.K_17R.png,train,/data5/chensx/MyProject/UAE/data/arrangement_merged/chr_17/185290.4~A28.K_17L.png,/data5/chensx/MyProject/UAE/data/arrangement_merged/chr_17/185290.4~A28.K_17R.png,0,-0.4808986589295043,,0.0009412765502929,0.26001865592537177,chromosome
0,0.0008239150047302,185290,185290.4~A29.K_17,17,,normal,185290.4~A29.K_17L.png,185290.4~A29.K_17R.png,train,/data5/chensx/MyProject/UAE/data/arrangement_merged/chr_17/185290.4~A29.K_17L.png,/data5/chensx/MyProject/UAE/data/arrangement_merged/chr_17/185290.4~A29.K_17R.png,0,-0.6375897816427325,,0.0008239150047302,-0.5541387917590842,chromosome
0,0.0009201765060424,185290,185290.4~A37.K_17,17,,normal,185290.4~A37.K_17L.png,185290.4~A37.K_17R.png,train,/data5/chensx/MyProject/UAE/data/arrangement_merged/chr_17/185290.4~A37.K_17L.png,/data5/chensx/MyProject/UAE/data/arrangement_merged/chr_17/185290.4~A37.K_17R.png,0,-0.5090696378225885,,0.0009201765060424,0.11364398021152425,chromosome
0,0.0009701251983642,185290,185290.4~A9.K_17,17,,normal,185290.4~A9.K_17L.png,185290.4~A9.K_17R.png,train,/data5/chensx/MyProject/UAE/data/arrangement_merged/chr_17/185290.4~A9.K_17L.png,/data5/chensx/MyProject/UAE/data/arrangement_merged/chr_17/185290.4~A9.K_17R.png,0,-0.4423824053016716,,0.0009701251983642,0.46014674362449537,chromosome
0,0.0008614063262939,185824,185824.11~A10.K_17,17,,normal,185824.11~A10.K_17L.png,185824.11~A10.K_17R.png,train,/data5/chensx/MyProject/UAE/data/arrangement_merged/chr_17/185824.11~A10.K_17L.png,/data5/chensx/MyProject/UAE/data/arrangement_merged/chr_17/185824.11~A10.K_17R.png,0,-0.5459548986526913,,0.0008614063262939,-0.2940549753073663,chromosome
0,0.000825822353363,185824,185824.11~A15.K_17,17,,normal,185824.11~A15.K_17L.png,185824.11~A15.K_17R.png,train,/data5/chensx/MyProject/UAE/data/arrangement_merged/chr_17/185824.11~A15.K_17L.png,/data5/chensx/MyProject/UAE/data/arrangement_merged/chr_17/185824.11~A15.K_17R.png,0,-0.5923266531907633,,0.000825822353363,-0.5409071826551014,chromosome
0,0.0009978413581848,185824,185824.11~A31.K_17,17,,normal,185824.11~A31.K_17L.png,185824.11~A31.K_17R.png,train,/data5/chensx/MyProject/UAE/data/arrangement_merged/chr_17/185824.11~A31.K_17L.png,/data5/chensx/MyProject/UAE/data/arrangement_merged/chr_17/185824.11~A31.K_17R.png,0,-0.3681576689413899,,0.0009978413581848,0.652418563418302,chromosome
0,0.0008679628372192,185824,185824.12~A12.K_17,17,,normal,185824.12~A12.K_17L.png,185824.12~A12.K_17R.png,train,/data5/chensx/MyProject/UAE/data/arrangement_merged/chr_17/185824.12~A12.K_17L.png,/data5/chensx/MyProject/UAE/data/arrangement_merged/chr_17/185824.12~A12.K_17R.png,0,-0.537410689273817,,0.0008679628372192,-0.24857131901207932,chromosome
0,0.0008801221847534,185824,185824.12~A28.K_17,17,,normal,185824.12~A28.K_17L.png,185824.12~A28.K_17R.png,train,/data5/chensx/MyProject/UAE/data/arrangement_merged/chr_17/185824.12~A28.K_17L.png,/data5/chensx/MyProject/UAE/data/arrangement_merged/chr_17/185824.12~A28.K_17R.png,0,-0.5215650646075412,,0.0008801221847534,-0.1642198109734971,chromosome
0,0.0008522272109985,185824,185824.12~A31.K_17,17,,normal,185824.12~A31.K_17L.png,185824.12~A31.K_17R.png,train,/data5/chensx/MyProject/UAE/data/arrangement_merged/chr_17/185824.12~A31.K_17L.png,/data5/chensx/MyProject/UAE/data/arrangement_merged/chr_17/185824.12~A31.K_17R.png,0,-0.5579167917831152,,0.0008522272109985,-0.35773209412062895,chromosome
0,0.0007254481315612,185824,185824.12~A38.K_17,17,,normal,185824.12~A38.K_17L.png,185824.12~A38.K_17R.png,train,/data5/chensx/MyProject/UAE/data/arrangement_merged/chr_17/185824.12~A38.K_17L.png,/data5/chensx/MyProject/UAE/data/arrangement_merged/chr_17/185824.12~A38.K_17R.png,0,-0.7231307313182562,,0.0007254481315612,-1.237220611757039,chromosome
0,0.0008648037910461,185824,185824.12~A48.K_17,17,,normal,185824.12~A48.K_17L.png,185824.12~A48.K_17R.png,train,/data5/chensx/MyProject/UAE/data/arrangement_merged/chr_17/185824.12~A48.K_17L.png,/data5/chensx/MyProject/UAE/data/arrangement_merged/chr_17/185824.12~A48.K_17R.png,0,-0.54152744470182,,0.0008648037910461,-0.27048617159072413,chromosome
0,0.0008454322814941,185824,185824.12~A7.K_17,17,,normal,185824.12~A7.K_17L.png,185824.12~A7.K_17R.png,train,/data5/chensx/MyProject/UAE/data/arrangement_merged/chr_17/185824.12~A7.K_17L.png,/data5/chensx/MyProject/UAE/data/arrangement_merged/chr_17/185824.12~A7.K_17R.png,0,-0.5667716996848576,,0.0008454322814941,-0.4048697015539141,chromosome
0,0.0007842183113098,185824,185824.13~A1.K_17,17,,normal,185824.13~A1.K_17L.png,185824.13~A1.K_17R.png,train,/data5/chensx/MyProject/UAE/data/arrangement_merged/chr_17/185824.13~A1.K_17L.png,/data5/chensx/MyProject/UAE/data/arrangement_merged/chr_17/185824.13~A1.K_17R.png,0,-0.6465435454312563,,0.0007842183113098,-0.8295216562374551,chromosome
0,0.0009385347366333,185824,185824.13~A14.K_17,17,,normal,185824.13~A14.K_17L.png,185824.13~A14.K_17R.png,train,/data5/chensx/MyProject/UAE/data/arrangement_merged/chr_17/185824.13~A14.K_17L.png,/data5/chensx/MyProject/UAE/data/arrangement_merged/chr_17/185824.13~A14.K_17R.png,0,-0.4454439265048434,,0.0009385347366333,0.24099821783874376,chromosome
0,0.0008540749549865,185824,185824.13~A5.K_17,17,,normal,185824.13~A5.K_17L.png,185824.13~A5.K_17R.png,train,/data5/chensx/MyProject/UAE/data/arrangement_merged/chr_17/185824.13~A5.K_17L.png,/data5/chensx/MyProject/UAE/data/arrangement_merged/chr_17/185824.13~A5.K_17R.png,0,-0.555508878230887,,0.0008540749549865,-0.34491397280131986,chromosome
0,0.0008100271224975,185824,185824.1~A10.K_17,17,,normal,185824.1~A10.K_17L.png,185824.1~A10.K_17R.png,train,/data5/chensx/MyProject/UAE/data/arrangement_merged/chr_17/185824.1~A10.K_17L.png,/data5/chensx/MyProject/UAE/data/arrangement_merged/chr_17/185824.1~A10.K_17R.png,0,-0.6129104303307785,,0.0008100271224975,-0.650481445548324,chromosome
0,0.0010219812393188,185824,185824.1~A11.K_17,17,,normal,185824.1~A11.K_17L.png,185824.1~A11.K_17R.png,train,/data5/chensx/MyProject/UAE/data/arrangement_merged/chr_17/185824.1~A11.K_17L.png,/data5/chensx/MyProject/UAE/data/arrangement_merged/chr_17/185824.1~A11.K_17R.png,0,-0.3366994435009893,,0.0010219812393188,0.8198811161414484,chromosome
0,0.0007295608520507,185824,185824.1~A18.K_17,17,,normal,185824.1~A18.K_17L.png,185824.1~A18.K_17R.png,train,/data5/chensx/MyProject/UAE/data/arrangement_merged/chr_17/185824.1~A18.K_17L.png,/data5/chensx/MyProject/UAE/data/arrangement_merged/chr_17/185824.1~A18.K_17R.png,0,-0.7177711817987805,,0.0007295608520507,-1.2086899546264034,chromosome
0,0.0008428692817687,185824,185824.1~A39.K_17,17,,normal,185824.1~A39.K_17L.png,185824.1~A39.K_17R.png,train,/data5/chensx/MyProject/UAE/data/arrangement_merged/chr_17/185824.1~A39.K_17L.png,/data5/chensx/MyProject/UAE/data/arrangement_merged/chr_17/185824.1~A39.K_17R.png,0,-0.5701117088056903,,0.0008428692817687,-0.42264967628791106,chromosome
0,0.0009710788726806,185824,185824.2~A10.K_17,17,,normal,185824.2~A10.K_17L.png,185824.2~A10.K_17R.png,train,/data5/chensx/MyProject/UAE/data/arrangement_merged/chr_17/185824.2~A10.K_17L.png,/data5/chensx/MyProject/UAE/data/arrangement_merged/chr_17/185824.2~A10.K_17R.png,0,-0.4030335781333403,,0.0009710788726806,0.4667625481764864,chromosome
0,0.000902771949768,185824,185824.2~A11.K_17,17,,normal,185824.2~A11.K_17L.png,185824.2~A11.K_17R.png,train,/data5/chensx/MyProject/UAE/data/arrangement_merged/chr_17/185824.2~A11.K_17L.png,/data5/chensx/MyProject/UAE/data/arrangement_merged/chr_17/185824.2~A11.K_17R.png,0,-0.4920487049350664,,0.000902771949768,-0.007094452863010022,chromosome
0,0.0009195208549499,185824,185824.2~A14.K_17,17,,normal,185824.2~A14.K_17L.png,185824.2~A14.K_17R.png,train,/data5/chensx/MyProject/UAE/data/arrangement_merged/chr_17/185824.2~A14.K_17L.png,/data5/chensx/MyProject/UAE/data/arrangement_merged/chr_17/185824.2~A14.K_17R.png,0,-0.4702221337035787,,0.0009195208549499,0.10909561458220352,chromosome
0,0.0009992122650146,185824,185824.2~A17.K_17,17,,normal,185824.2~A17.K_17L.png,185824.2~A17.K_17R.png,train,/data5/chensx/MyProject/UAE/data/arrangement_merged/chr_17/185824.2~A17.K_17L.png,/data5/chensx/MyProject/UAE/data/arrangement_merged/chr_17/185824.2~A17.K_17R.png,0,-0.3663711524348981,,0.0009992122650146,0.6619287824616171,chromosome
0,0.0009852647781372,185824,185824.2~A2.K_17,17,,normal,185824.2~A2.K_17L.png,185824.2~A2.K_17R.png,train,/data5/chensx/MyProject/UAE/data/arrangement_merged/chr_17/185824.2~A2.K_17L.png,/data5/chensx/MyProject/UAE/data/arrangement_merged/chr_17/185824.2~A2.K_17R.png,0,-0.3845470160226851,,0.0009852647781372,0.5651726408883979,chromosome
0,0.0009300112724304,185824,185824.2~A25.K_17,17,,normal,185824.2~A25.K_17L.png,185824.2~A25.K_17R.png,train,/data5/chensx/MyProject/UAE/data/arrangement_merged/chr_17/185824.2~A25.K_17L.png,/data5/chensx/MyProject/UAE/data/arrangement_merged/chr_17/185824.2~A25.K_17R.png,0,-0.4565513986973799,,0.0009300112724304,0.18186946465480108,chromosome
0,0.0008427500724792,185824,185824.2~A27.K_17,17,,normal,185824.2~A27.K_17L.png,185824.2~A27.K_17R.png,train,/data5/chensx/MyProject/UAE/data/arrangement_merged/chr_17/185824.2~A27.K_17L.png,/data5/chensx/MyProject/UAE/data/arrangement_merged/chr_17/185824.2~A27.K_17R.png,0,-0.5702670580671243,,0.0008427500724792,-0.42347665185656264,chromosome
0,0.0008941888809204,185824,185824.2~A7.K_17,17,,normal,185824.2~A7.K_17L.png,185824.2~A7.K_17R.png,train,/data5/chensx/MyProject/UAE/data/arrangement_merged/chr_17/185824.2~A7.K_17L.png,/data5/chensx/MyProject/UAE/data/arrangement_merged/chr_17/185824.2~A7.K_17R.png,0,-0.50323385175832,,0.0008941888809204,-0.06663669383093211,chromosome
0,0.0007856488227844,185824,185824.2~A8.K_17,17,,normal,185824.2~A8.K_17L.png,185824.2~A8.K_17R.png,train,/data5/chensx/MyProject/UAE/data/arrangement_merged/chr_17/185824.2~A8.K_17L.png,/data5/chensx/MyProject/UAE/data/arrangement_merged/chr_17/185824.2~A8.K_17R.png,0,-0.6446793542940473,,0.0007856488227844,-0.8195979494094686,chromosome
0,0.0008471012115478,185824,185824.2~A9.K_17,17,,normal,185824.2~A9.K_17L.png,185824.2~A9.K_17R.png,train,/data5/chensx/MyProject/UAE/data/arrangement_merged/chr_17/185824.2~A9.K_17L.png,/data5/chensx/MyProject/UAE/data/arrangement_merged/chr_17/185824.2~A9.K_17R.png,0,-0.5645968100247805,,0.0008471012115478,-0.39329204358792946,chromosome
0,0.0008585453033447,185824,185824.3~A18.K_17,17,,normal,185824.3~A18.K_17L.png,185824.3~A18.K_17R.png,train,/data5/chensx/MyProject/UAE/data/arrangement_merged/chr_17/185824.3~A18.K_17L.png,/data5/chensx/MyProject/UAE/data/arrangement_merged/chr_17/185824.3~A18.K_17R.png,0,-0.549683280927109,,0.0008585453033447,-0.3139023889633401,chromosome
0,0.0009536147117614,185824,185824.3~A2.K_17,17,,normal,185824.3~A2.K_17L.png,185824.3~A2.K_17R.png,train,/data5/chensx/MyProject/UAE/data/arrangement_merged/chr_17/185824.3~A2.K_17L.png,/data5/chensx/MyProject/UAE/data/arrangement_merged/chr_17/185824.3~A2.K_17R.png,0,-0.4257922449334326,,0.0009536147117614,0.3456106273172792,chromosome
0,0.0007211565971374,185824,185824.3~A28.K_17,17,,normal,185824.3~A28.K_17L.png,185824.3~A28.K_17R.png,train,/data5/chensx/MyProject/UAE/data/arrangement_merged/chr_17/185824.3~A28.K_17L.png,/data5/chensx/MyProject/UAE/data/arrangement_merged/chr_17/185824.3~A28.K_17R.png,0,-0.728723304729883,,0.0007211565971374,-1.2669917322410003,chromosome
0,0.000839352607727,185824,185824.3~A41.K_17,17,,normal,185824.3~A41.K_17L.png,185824.3~A41.K_17R.png,train,/data5/chensx/MyProject/UAE/data/arrangement_merged/chr_17/185824.3~A41.K_17L.png,/data5/chensx/MyProject/UAE/data/arrangement_merged/chr_17/185824.3~A41.K_17R.png,0,-0.5746945120179955,,0.000839352607727,-0.4470454555732048,chromosome
0,0.0009412765502929,185824,185824.3~A43.K_17,17,,normal,185824.3~A43.K_17L.png,185824.3~A43.K_17R.png,train,/data5/chensx/MyProject/UAE/data/arrangement_merged/chr_17/185824.3~A43.K_17L.png,/data5/chensx/MyProject/UAE/data/arrangement_merged/chr_17/185824.3~A43.K_17R.png,0,-0.4418708934918596,,0.0009412765502929,0.26001865592537177,chromosome
0,0.000756561756134,185824,185824.3~A46.K_17,17,,normal,185824.3~A46.K_17L.png,185824.3~A46.K_17R.png,train,/data5/chensx/MyProject/UAE/data/arrangement_merged/chr_17/185824.3~A46.K_17L.png,/data5/chensx/MyProject/UAE/data/arrangement_merged/chr_17/185824.3~A46.K_17R.png,0,-0.6825845740839621,,0.000756561756134,-1.0213799882465895,chromosome
0,0.0008666515350341,186193,186193.11~A23.K_17,17,,normal,186193.11~A23.K_17L.png,186193.11~A23.K_17R.png,train,/data5/chensx/MyProject/UAE/data/arrangement_merged/chr_17/186193.11~A23.K_17L.png,/data5/chensx/MyProject/UAE/data/arrangement_merged/chr_17/186193.11~A23.K_17R.png,0,-0.5742193103373036,,0.0008666515350341,-0.25766805027141426,chromosome
0,0.0008267164230346,186193,186193.12~A4.K_17,17,,normal,186193.12~A4.K_17L.png,186193.12~A4.K_17R.png,train,/data5/chensx/MyProject/UAE/data/arrangement_merged/chr_17/186193.12~A4.K_17L.png,/data5/chensx/MyProject/UAE/data/arrangement_merged/chr_17/186193.12~A4.K_17R.png,0,-0.6238811012221589,,0.0008267164230346,-0.5347048658877833,chromosome
0,0.000973105430603,186193,186193.13~A11.K_17,17,,normal,186193.13~A11.K_17L.png,186193.13~A11.K_17R.png,train,/data5/chensx/MyProject/UAE/data/arrangement_merged/chr_17/186193.13~A11.K_17L.png,/data5/chensx/MyProject/UAE/data/arrangement_merged/chr_17/186193.13~A11.K_17R.png,0,-0.4418372826949876,,0.000973105430603,0.4808211328498149,chromosome
0,0.0007499456405639,186193,186193.13~A22.K_17,17,,normal,186193.13~A22.K_17L.png,186193.13~A22.K_17R.png,train,/data5/chensx/MyProject/UAE/data/arrangement_merged/chr_17/186193.13~A22.K_17L.png,/data5/chensx/MyProject/UAE/data/arrangement_merged/chr_17/186193.13~A22.K_17R.png,0,-0.7193503350425974,,0.0007499456405639,-1.0672771323265495,chromosome
0,0.0008689761161804,186193,186193.13~A4.K_17,17,,normal,186193.13~A4.K_17L.png,186193.13~A4.K_17R.png,train,/data5/chensx/MyProject/UAE/data/arrangement_merged/chr_17/186193.13~A4.K_17L.png,/data5/chensx/MyProject/UAE/data/arrangement_merged/chr_17/186193.13~A4.K_17R.png,0,-0.5713285493753493,,0.0008689761161804,-0.2415420266754154,chromosome
0,0.0008229613304138,186193,186193.13~A41.K_17,17,,normal,186193.13~A41.K_17L.png,186193.13~A41.K_17R.png,train,/data5/chensx/MyProject/UAE/data/arrangement_merged/chr_17/186193.13~A41.K_17L.png,/data5/chensx/MyProject/UAE/data/arrangement_merged/chr_17/186193.13~A41.K_17R.png,0,-0.6285507920068543,,0.0008229613304138,-0.5607545963110752,chromosome
0,0.0009037256240844,186193,186193.13~A5.K_17,17,,normal,186193.13~A5.K_17L.png,186193.13~A5.K_17R.png,train,/data5/chensx/MyProject/UAE/data/arrangement_merged/chr_17/186193.13~A5.K_17L.png,/data5/chensx/MyProject/UAE/data/arrangement_merged/chr_17/186193.13~A5.K_17R.png,0,-0.5281153790979304,,0.0009037256240844,-0.0004786483110190128,chromosome
0,0.0010176301002502,186193,186193.1~A34.K_17,17,,normal,186193.1~A34.K_17L.png,186193.1~A34.K_17R.png,train,/data5/chensx/MyProject/UAE/data/arrangement_merged/chr_17/186193.1~A34.K_17L.png,/data5/chensx/MyProject/UAE/data/arrangement_merged/chr_17/186193.1~A34.K_17R.png,0,-0.3864680919621712,,0.0010176301002502,0.7896965078728145,chromosome
0,0.0009795427322387,186193,186193.1~A38.K_17,17,,normal,186193.1~A38.K_17L.png,186193.1~A38.K_17R.png,train,/data5/chensx/MyProject/UAE/data/arrangement_merged/chr_17/186193.1~A38.K_17L.png,/data5/chensx/MyProject/UAE/data/arrangement_merged/chr_17/186193.1~A38.K_17R.png,0,-0.4338320984926527,,0.0009795427322387,0.5254778135757554,chromosome
0,0.0008562803268432,186193,186193.1~A44.K_17,17,,normal,186193.1~A44.K_17L.png,186193.1~A44.K_17R.png,train,/data5/chensx/MyProject/UAE/data/arrangement_merged/chr_17/186193.1~A44.K_17L.png,/data5/chensx/MyProject/UAE/data/arrangement_merged/chr_17/186193.1~A44.K_17R.png,0,-0.5871165515521765,,0.0008562803268432,-0.32961492477466603,chromosome
0,0.0007820725440979,186193,186193.1~A8.K_17,17,,normal,186193.1~A8.K_17L.png,186193.1~A8.K_17R.png,train,/data5/chensx/MyProject/UAE/data/arrangement_merged/chr_17/186193.1~A8.K_17L.png,/data5/chensx/MyProject/UAE/data/arrangement_merged/chr_17/186193.1~A8.K_17R.png,0,-0.6793985361068704,,0.0007820725440979,-0.844407216479436,chromosome
0,0.0008721947669982,186193,186193.2~A1.K_17,17,,normal,186193.2~A1.K_17L.png,186193.2~A1.K_17R.png,train,/data5/chensx/MyProject/UAE/data/arrangement_merged/chr_17/186193.2~A1.K_17L.png,/data5/chensx/MyProject/UAE/data/arrangement_merged/chr_17/186193.2~A1.K_17R.png,0,-0.5673259572741819,,0.0008721947669982,-0.21921368631279117,chromosome
0,0.0009357929229736,186193,186193.2~A12.K_17,17,,normal,186193.2~A12.K_17L.png,186193.2~A12.K_17R.png,train,/data5/chensx/MyProject/UAE/data/arrangement_merged/chr_17/186193.2~A12.K_17L.png,/data5/chensx/MyProject/UAE/data/arrangement_merged/chr_17/186193.2~A12.K_17R.png,0,-0.488237702238151,,0.0009357929229736,0.22197777975142155,chromosome
0,0.0009712576866149,186193,186193.2~A14.K_17,17,,normal,186193.2~A14.K_17L.png,186193.2~A14.K_17R.png,train,/data5/chensx/MyProject/UAE/data/arrangement_merged/chr_17/186193.2~A14.K_17L.png,/data5/chensx/MyProject/UAE/data/arrangement_merged/chr_17/186193.2~A14.K_17R.png,0,-0.4441350670493615,,0.0009712576866149,0.4680030115298116,chromosome
0,0.0008425116539001,186193,186193.2~A15.K_17,17,,normal,186193.2~A15.K_17L.png,186193.2~A15.K_17R.png,train,/data5/chensx/MyProject/UAE/data/arrangement_merged/chr_17/186193.2~A15.K_17L.png,/data5/chensx/MyProject/UAE/data/arrangement_merged/chr_17/186193.2~A15.K_17R.png,0,-0.6042387510960594,,0.0008425116539001,-0.42513060299456074,chromosome
0,0.0009434819221496,186193,186193.2~A24.K_17,17,,normal,186193.2~A24.K_17L.png,186193.2~A24.K_17R.png,train,/data5/chensx/MyProject/UAE/data/arrangement_merged/chr_17/186193.2~A24.K_17L.png,/data5/chensx/MyProject/UAE/data/arrangement_merged/chr_17/186193.2~A24.K_17R.png,0,-0.4786759544409176,,0.0009434819221496,0.27531770395202476,chromosome
0,0.0010533332824707,186193,186193.2~A3.K_17,17,,normal,186193.2~A3.K_17L.png,186193.2~A3.K_17R.png,train,/data5/chensx/MyProject/UAE/data/arrangement_merged/chr_17/186193.2~A3.K_17L.png,/data5/chensx/MyProject/UAE/data/arrangement_merged/chr_17/186193.2~A3.K_17R.png,0,-0.3420689684695915,,0.0010533332824707,1.037375690789897,chromosome
0,0.0007177591323852,186193,186193.2~A37.K_17,17,,normal,186193.2~A37.K_17L.png,186193.2~A37.K_17R.png,train,/data5/chensx/MyProject/UAE/data/arrangement_merged/chr_17/186193.2~A37.K_17L.png,/data5/chensx/MyProject/UAE/data/arrangement_merged/chr_17/186193.2~A37.K_17R.png,0,-0.7593762560542718,,0.0007177591323852,-1.2905605359576424,chromosome
0,0.0009390115737915,186193,186193.2~A4.K_17,17,,normal,186193.2~A4.K_17L.png,186193.2~A4.K_17R.png,train,/data5/chensx/MyProject/UAE/data/arrangement_merged/chr_17/186193.2~A4.K_17L.png,/data5/chensx/MyProject/UAE/data/arrangement_merged/chr_17/186193.2~A4.K_17R.png,0,-0.4842351101369835,,0.0009390115737915,0.24430612011473926,chromosome
0,0.0009063482284545,186193,186193.2~A42.K_17,17,,normal,186193.2~A42.K_17L.png,186193.2~A42.K_17R.png,train,/data5/chensx/MyProject/UAE/data/arrangement_merged/chr_17/186193.2~A42.K_17L.png,/data5/chensx/MyProject/UAE/data/arrangement_merged/chr_17/186193.2~A42.K_17R.png,0,-0.5248540077562384,,0.0009063482284545,0.017714814206956638,chromosome
0,0.0008245110511779,186193,186193.2~A44.K_17,17,,normal,186193.2~A44.K_17L.png,186193.2~A44.K_17R.png,train,/data5/chensx/MyProject/UAE/data/arrangement_merged/chr_17/186193.2~A44.K_17L.png,/data5/chensx/MyProject/UAE/data/arrangement_merged/chr_17/186193.2~A44.K_17R.png,0,-0.6266236180322181,,0.0008245110511779,-0.5500039139144364,chromosome
0,0.0009012818336486,186193,186193.2~A46.K_17,17,,normal,186193.2~A46.K_17L.png,186193.2~A46.K_17R.png,train,/data5/chensx/MyProject/UAE/data/arrangement_merged/chr_17/186193.2~A46.K_17L.png,/data5/chensx/MyProject/UAE/data/arrangement_merged/chr_17/186193.2~A46.K_17R.png,0,-0.5311543842117797,,0.0009012818336486,-0.017431647475670185,chromosome
0,0.000823974609375,186193,186193.2~A48.K_17,17,,normal,186193.2~A48.K_17L.png,186193.2~A48.K_17R.png,train,/data5/chensx/MyProject/UAE/data/arrangement_merged/chr_17/186193.2~A48.K_17L.png,/data5/chensx/MyProject/UAE/data/arrangement_merged/chr_17/186193.2~A48.K_17R.png,0,-0.627290716715746,,0.000823974609375,-0.5537253039744113,chromosome
0,0.0008549690246582,186193,186193.2~A5.K_17,17,,normal,186193.2~A5.K_17L.png,186193.2~A5.K_17R.png,train,/data5/chensx/MyProject/UAE/data/arrangement_merged/chr_17/186193.2~A5.K_17L.png,/data5/chensx/MyProject/UAE/data/arrangement_merged/chr_17/186193.2~A5.K_17R.png,0,-0.5887472372230225,,0.0008549690246582,-0.3387116560333075,chromosome
0,0.0009227395057678,186193,186193.2~A50.K_17,17,,normal,186193.2~A50.K_17L.png,186193.2~A50.K_17R.png,train,/data5/chensx/MyProject/UAE/data/arrangement_merged/chr_17/186193.2~A50.K_17L.png,/data5/chensx/MyProject/UAE/data/arrangement_merged/chr_17/186193.2~A50.K_17R.png,0,-0.5044704368706634,,0.0009227395057678,0.13142395494552123,chromosome
0,0.0008714199066162,186193,186193.2~A7.K_17,17,,normal,186193.2~A7.K_17L.png,186193.2~A7.K_17R.png,train,/data5/chensx/MyProject/UAE/data/arrangement_merged/chr_17/186193.2~A7.K_17L.png,/data5/chensx/MyProject/UAE/data/arrangement_merged/chr_17/186193.2~A7.K_17R.png,0,-0.5682895442614999,,0.0008714199066162,-0.22458902751076423,chromosome
0,0.0009391903877258,186193,186193.3~A15.K_17,17,,normal,186193.3~A15.K_17L.png,186193.3~A15.K_17R.png,train,/data5/chensx/MyProject/UAE/data/arrangement_merged/chr_17/186193.3~A15.K_17L.png,/data5/chensx/MyProject/UAE/data/arrangement_merged/chr_17/186193.3~A15.K_17R.png,0,-0.4840127439091409,,0.0009391903877258,0.2455465834680645,chromosome
0,0.0008512735366821,186193,186193.3~A6.K_17,17,,normal,186193.3~A6.K_17L.png,186193.3~A6.K_17R.png,train,/data5/chensx/MyProject/UAE/data/arrangement_merged/chr_17/186193.3~A6.K_17L.png,/data5/chensx/MyProject/UAE/data/arrangement_merged/chr_17/186193.3~A6.K_17R.png,0,-0.5933428059317702,,0.0008512735366821,-0.36434789867262074,chromosome
0,0.0007283687591552,Q242362,Q242362.11~A39.K_17,17,,normal,Q242362.11~A39.K_17L.png,Q242362.11~A39.K_17R.png,train,/data5/chensx/MyProject/UAE/data/arrangement_merged/chr_17/Q242362.11~A39.K_17L.png,/data5/chensx/MyProject/UAE/data/arrangement_merged/chr_17/Q242362.11~A39.K_17R.png,0,-0.7745797563231342,,0.0007283687591552,-1.2169597103163925,chromosome
0,0.0011609196662902,Q242362,Q242362.12~A25.K_17,17,,normal,Q242362.12~A25.K_17L.png,Q242362.12~A25.K_17R.png,train,/data5/chensx/MyProject/UAE/data/arrangement_merged/chr_17/Q242362.12~A25.K_17L.png,/data5/chensx/MyProject/UAE/data/arrangement_merged/chr_17/Q242362.12~A25.K_17R.png,0,-0.2064918212663473,,0.0011609196662902,1.7837211418157475,chromosome
0,0.000983715057373,Q242362,Q242362.12~A30.K_17,17,,normal,Q242362.12~A30.K_17L.png,Q242362.12~A30.K_17R.png,train,/data5/chensx/MyProject/UAE/data/arrangement_merged/chr_17/Q242362.12~A30.K_17L.png,/data5/chensx/MyProject/UAE/data/arrangement_merged/chr_17/Q242362.12~A30.K_17R.png,0,-0.4392223477819637,,0.000983715057373,0.5544219584910648,chromosome
0,0.0010464191436767,Q242362,Q242362.12~A6.K_17,17,,normal,Q242362.12~A6.K_17L.png,Q242362.12~A6.K_17R.png,train,/data5/chensx/MyProject/UAE/data/arrangement_merged/chr_17/Q242362.12~A6.K_17L.png,/data5/chensx/MyProject/UAE/data/arrangement_merged/chr_17/Q242362.12~A6.K_17R.png,0,-0.3568703417629834,,0.0010464191436767,0.9894111077872653,chromosome
0,0.0008960962295532,Q242362,Q242362.13~A12.K_17,17,,normal,Q242362.13~A12.K_17L.png,Q242362.13~A12.K_17R.png,train,/data5/chensx/MyProject/UAE/data/arrangement_merged/chr_17/Q242362.13~A12.K_17L.png,/data5/chensx/MyProject/UAE/data/arrangement_merged/chr_17/Q242362.13~A12.K_17R.png,0,-0.5542959683598163,,0.0008960962295532,-0.053405084726949346,chromosome
0,0.0008289813995361,Q242362,Q242362.13~A3.K_17,17,,normal,Q242362.13~A3.K_17L.png,Q242362.13~A3.K_17R.png,train,/data5/chensx/MyProject/UAE/data/arrangement_merged/chr_17/Q242362.13~A3.K_17L.png,/data5/chensx/MyProject/UAE/data/arrangement_merged/chr_17/Q242362.13~A3.K_17R.png,0,-0.6424407960949605,,0.0008289813995361,-0.5189923300764574,chromosome
0,0.0009306073188781,Q242362,Q242362.13~A33.K_17,17,,normal,Q242362.13~A33.K_17L.png,Q242362.13~A33.K_17R.png,train,/data5/chensx/MyProject/UAE/data/arrangement_merged/chr_17/Q242362.13~A33.K_17L.png,/data5/chensx/MyProject/UAE/data/arrangement_merged/chr_17/Q242362.13~A33.K_17R.png,0,-0.5089710524995601,,0.0009306073188781,0.18600434249944894,chromosome
0,0.0010335445404052,Q242362,Q242362.13~A6.K_17,17,,normal,Q242362.13~A6.K_17L.png,Q242362.13~A6.K_17R.png,train,/data5/chensx/MyProject/UAE/data/arrangement_merged/chr_17/Q242362.13~A6.K_17L.png,/data5/chensx/MyProject/UAE/data/arrangement_merged/chr_17/Q242362.13~A6.K_17R.png,0,-0.3737791186642188,,0.0010335445404052,0.9000977463346894,chromosome
0,0.0022857785224914,Q242362,Q242362.14~A13.K_17,17,,normal,Q242362.14~A13.K_17L.png,Q242362.14~A13.K_17R.png,train,/data5/chensx/MyProject/UAE/data/arrangement_merged/chr_17/Q242362.14~A13.K_17L.png,/data5/chensx/MyProject/UAE/data/arrangement_merged/chr_17/Q242362.14~A13.K_17R.png,0,1.2708342791045608,,0.0022857785224914,9.587062610940793,chromosome
0,0.0009137392044067,Q242362,Q242362.14~A25.K_17,17,,normal,Q242362.14~A25.K_17L.png,Q242362.14~A25.K_17R.png,train,/data5/chensx/MyProject/UAE/data/arrangement_merged/chr_17/Q242362.14~A25.K_17L.png,/data5/chensx/MyProject/UAE/data/arrangement_merged/chr_17/Q242362.14~A25.K_17R.png,0,-0.5311246814951602,,0.0009137392044067,0.06898729948558306,chromosome
0,0.0009005665779113,Q242362,Q242362.14~A29.K_17,17,,normal,Q242362.14~A29.K_17L.png,Q242362.14~A29.K_17R.png,train,/data5/chensx/MyProject/UAE/data/arrangement_merged/chr_17/Q242362.14~A29.K_17L.png,/data5/chensx/MyProject/UAE/data/arrangement_merged/chr_17/Q242362.14~A29.K_17R.png,0,-0.5484248652691095,,0.0009005665779113,-0.02239350088966382,chromosome
0,0.0008630752563476,Q242362,Q242362.14~A36.K_17,17,,normal,Q242362.14~A36.K_17L.png,Q242362.14~A36.K_17R.png,train,/data5/chensx/MyProject/UAE/data/arrangement_merged/chr_17/Q242362.14~A36.K_17L.png,/data5/chensx/MyProject/UAE/data/arrangement_merged/chr_17/Q242362.14~A36.K_17R.png,0,-0.5976638498565037,,0.0008630752563476,-0.28247731734138165,chromosome
0,0.000769555568695,Q242362,Q242362.14~A48.K_17,17,,normal,Q242362.14~A48.K_17L.png,Q242362.14~A48.K_17R.png,train,/data5/chensx/MyProject/UAE/data/arrangement_merged/chr_17/Q242362.14~A48.K_17L.png,/data5/chensx/MyProject/UAE/data/arrangement_merged/chr_17/Q242362.14~A48.K_17R.png,0,-0.7204873265140892,,0.000769555568695,-0.9312396512253621,chromosome
0,0.0008167028427124,Q242362,Q242362.1~A28.K_17,17,,normal,Q242362.1~A28.K_17L.png,Q242362.1~A28.K_17R.png,train,/data5/chensx/MyProject/UAE/data/arrangement_merged/chr_17/Q242362.1~A28.K_17L.png,/data5/chensx/MyProject/UAE/data/arrangement_merged/chr_17/Q242362.1~A28.K_17R.png,0,-0.6585667592507685,,0.0008167028427124,-0.6041708136836919,chromosome
0,0.0009840726852416,Q242362,Q242362.1~A32.K_17,17,,normal,Q242362.1~A32.K_17L.png,Q242362.1~A32.K_17R.png,train,/data5/chensx/MyProject/UAE/data/arrangement_merged/chr_17/Q242362.1~A32.K_17L.png,/data5/chensx/MyProject/UAE/data/arrangement_merged/chr_17/Q242362.1~A32.K_17R.png,0,-0.4387526595347071,,0.0009840726852416,0.5569028851977138,chromosome
0,0.0009384751319885,Q242362,Q242362.1~A4.K_17,17,,normal,Q242362.1~A4.K_17L.png,Q242362.1~A4.K_17R.png,train,/data5/chensx/MyProject/UAE/data/arrangement_merged/chr_17/Q242362.1~A4.K_17L.png,/data5/chensx/MyProject/UAE/data/arrangement_merged/chr_17/Q242362.1~A4.K_17R.png,0,-0.4986379110599162,,0.0009384751319885,0.24058473005407086,chromosome
0,0.0009934306144714,Q242362,Q242362.1~A9.K_17,17,,normal,Q242362.1~A9.K_17L.png,Q242362.1~A9.K_17R.png,train,/data5/chensx/MyProject/UAE/data/arrangement_merged/chr_17/Q242362.1~A9.K_17L.png,/data5/chensx/MyProject/UAE/data/arrangement_merged/chr_17/Q242362.1~A9.K_17R.png,0,-0.4264624837314942,,0.0009934306144714,0.6218204673649959,chromosome
0,0.0008458495140075,Q242362,Q242362.2~A14.K_17,17,,normal,Q242362.2~A14.K_17L.png,Q242362.2~A14.K_17R.png,train,/data5/chensx/MyProject/UAE/data/arrangement_merged/chr_17/Q242362.2~A14.K_17L.png,/data5/chensx/MyProject/UAE/data/arrangement_merged/chr_17/Q242362.2~A14.K_17R.png,0,-0.6202871670993604,,0.0008458495140075,-0.4019752870625915,chromosome
0,0.0008511543273925,Q242362,Q242362.2~A2.K_17,17,,normal,Q242362.2~A2.K_17L.png,Q242362.2~A2.K_17R.png,train,/data5/chensx/MyProject/UAE/data/arrangement_merged/chr_17/Q242362.2~A2.K_17L.png,/data5/chensx/MyProject/UAE/data/arrangement_merged/chr_17/Q242362.2~A2.K_17R.png,0,-0.613320124765055,,0.0008511543273925,-0.36517487424196654,chromosome
0,0.0007604360580444,Q242362,Q242362.2~A7.K_17,17,,normal,Q242362.2~A7.K_17L.png,Q242362.2~A7.K_17R.png,train,/data5/chensx/MyProject/UAE/data/arrangement_merged/chr_17/Q242362.2~A7.K_17L.png,/data5/chensx/MyProject/UAE/data/arrangement_merged/chr_17/Q242362.2~A7.K_17R.png,0,-0.732464376819131,,0.0007604360580444,-0.9945032822539519,chromosome
0,0.0008408427238464,Q242362,Q242362.2~A9.K_17,17,,normal,Q242362.2~A9.K_17L.png,Q242362.2~A9.K_17R.png,train,/data5/chensx/MyProject/UAE/data/arrangement_merged/chr_17/Q242362.2~A9.K_17L.png,/data5/chensx/MyProject/UAE/data/arrangement_merged/chr_17/Q242362.2~A9.K_17R.png,0,-0.626862802560952,,0.0008408427238464,-0.4367082609605454,chromosome
0,0.0010603666305541,Q242362,Q242362.3~A15.K_17,17,,normal,Q242362.3~A15.K_17L.png,Q242362.3~A15.K_17R.png,train,/data5/chensx/MyProject/UAE/data/arrangement_merged/chr_17/Q242362.3~A15.K_17L.png,/data5/chensx/MyProject/UAE/data/arrangement_merged/chr_17/Q242362.3~A15.K_17R.png,0,-0.3385525001199783,,0.0010603666305541,1.0861672493604844,chromosome
0,0.0009704828262329,Q242362,Q242362.4~A30.K_17,17,,normal,Q242362.4~A30.K_17L.png,Q242362.4~A30.K_17R.png,train,/data5/chensx/MyProject/UAE/data/arrangement_merged/chr_17/Q242362.4~A30.K_17L.png,/data5/chensx/MyProject/UAE/data/arrangement_merged/chr_17/Q242362.4~A30.K_17R.png,0,-0.4566008129304557,,0.0009704828262329,0.46262767033183855,chromosome
0,0.0009133219718933,Q242362,Q242362.4~A42.K_17,17,,normal,Q242362.4~A42.K_17L.png,Q242362.4~A42.K_17R.png,train,/data5/chensx/MyProject/UAE/data/arrangement_merged/chr_17/Q242362.4~A42.K_17L.png,/data5/chensx/MyProject/UAE/data/arrangement_merged/chr_17/Q242362.4~A42.K_17R.png,0,-0.5316726511169596,,0.0009133219718933,0.06609288499426046,chromosome
0,0.000855267047882,Q242664,Q242664.11~A21.K_17,17,,normal,Q242664.11~A21.K_17L.png,Q242664.11~A21.K_17R.png,train,/data5/chensx/MyProject/UAE/data/arrangement_merged/chr_17/Q242664.11~A21.K_17L.png,/data5/chensx/MyProject/UAE/data/arrangement_merged/chr_17/Q242664.11~A21.K_17R.png,0,-0.5585356941491602,,0.000855267047882,-0.3366442171113307,chromosome
0,0.0008562207221984,Q242664,Q242664.12~A1.K_17,17,,normal,Q242664.12~A1.K_17L.png,Q242664.12~A1.K_17R.png,train,/data5/chensx/MyProject/UAE/data/arrangement_merged/chr_17/Q242664.12~A1.K_17L.png,/data5/chensx/MyProject/UAE/data/arrangement_merged/chr_17/Q242664.12~A1.K_17R.png,0,-0.5572448740171344,,0.0008562207221984,-0.33002841255933896,chromosome
0,0.0008304119110107,Q242664,Q242664.12~A16.K_17,17,,normal,Q242664.12~A16.K_17L.png,Q242664.12~A16.K_17R.png,train,/data5/chensx/MyProject/UAE/data/arrangement_merged/chr_17/Q242664.12~A16.K_17L.png,/data5/chensx/MyProject/UAE/data/arrangement_merged/chr_17/Q242664.12~A16.K_17R.png,0,-0.5921776938400822,,0.0008304119110107,-0.5090686232484701,chromosome
0,0.0008270144462585,Q242664,Q242664.12~A19.K_17,17,,normal,Q242664.12~A19.K_17L.png,Q242664.12~A19.K_17R.png,train,/data5/chensx/MyProject/UAE/data/arrangement_merged/chr_17/Q242664.12~A19.K_17L.png,/data5/chensx/MyProject/UAE/data/arrangement_merged/chr_17/Q242664.12~A19.K_17R.png,0,-0.5967762405604241,,0.0008270144462585,-0.5326374269651123,chromosome
0,0.0009378790855407,Q242664,Q242664.12~A22.K_17,17,,normal,Q242664.12~A22.K_17L.png,Q242664.12~A22.K_17R.png,train,/data5/chensx/MyProject/UAE/data/arrangement_merged/chr_17/Q242664.12~A22.K_17L.png,/data5/chensx/MyProject/UAE/data/arrangement_merged/chr_17/Q242664.12~A22.K_17R.png,0,-0.4467184002124265,,0.0009378790855407,0.23644985220872955,chromosome
0,0.000936210155487,Q242664,Q242664.12~A24.K_17,17,,normal,Q242664.12~A24.K_17L.png,Q242664.12~A24.K_17R.png,train,/data5/chensx/MyProject/UAE/data/arrangement_merged/chr_17/Q242664.12~A24.K_17L.png,/data5/chensx/MyProject/UAE/data/arrangement_merged/chr_17/Q242664.12~A24.K_17R.png,0,-0.4489773354434716,,0.000936210155487,0.2248721942427449,chromosome
0,0.0007835626602172,Q242664,Q242664.12~A29.K_17,17,,normal,Q242664.12~A29.K_17L.png,Q242664.12~A29.K_17R.png,train,/data5/chensx/MyProject/UAE/data/arrangement_merged/chr_17/Q242664.12~A29.K_17L.png,/data5/chensx/MyProject/UAE/data/arrangement_merged/chr_17/Q242664.12~A29.K_17R.png,0,-0.6555892328258489,,0.0007835626602172,-0.8340700218674693,chromosome
0,0.0008643269538879,Q242664,Q242664.12~A34.K_17,17,,normal,Q242664.12~A34.K_17L.png,Q242664.12~A34.K_17R.png,train,/data5/chensx/MyProject/UAE/data/arrangement_merged/chr_17/Q242664.12~A34.K_17L.png,/data5/chensx/MyProject/UAE/data/arrangement_merged/chr_17/Q242664.12~A34.K_17R.png,0,-0.5462729028949153,,0.0008643269538879,-0.27379407386671967,chromosome
0,0.0010859966278076,Q242664,Q242664.12~A37.K_17,17,,normal,Q242664.12~A37.K_17L.png,Q242664.12~A37.K_17R.png,train,/data5/chensx/MyProject/UAE/data/arrangement_merged/chr_17/Q242664.12~A37.K_17L.png,/data5/chensx/MyProject/UAE/data/arrangement_merged/chr_17/Q242664.12~A37.K_17R.png,0,-0.2462378984571717,,0.0010859966278076,1.2639669966969853,chromosome
0,0.0010930299758911,Q242664,Q242664.12~A8.K_17,17,,normal,Q242664.12~A8.K_17L.png,Q242664.12~A8.K_17R.png,train,/data5/chensx/MyProject/UAE/data/arrangement_merged/chr_17/Q242664.12~A8.K_17L.png,/data5/chensx/MyProject/UAE/data/arrangement_merged/chr_17/Q242664.12~A8.K_17R.png,0,-0.2367180999834815,,0.0010930299758911,1.312758555268268,chromosome
0,0.0009078979492187,Q242664,Q242664.13~A20.K_17,17,,normal,Q242664.13~A20.K_17L.png,Q242664.13~A20.K_17R.png,train,/data5/chensx/MyProject/UAE/data/arrangement_merged/chr_17/Q242664.13~A20.K_17L.png,/data5/chensx/MyProject/UAE/data/arrangement_merged/chr_17/Q242664.13~A20.K_17R.png,0,-0.4872985581129871,,0.0009078979492187,0.0284654966042897,chromosome
0,0.0008123517036437,Q242664,Q242664.13~A32.K_17,17,,normal,Q242664.13~A32.K_17L.png,Q242664.13~A32.K_17R.png,train,/data5/chensx/MyProject/UAE/data/arrangement_merged/chr_17/Q242664.13~A32.K_17L.png,/data5/chensx/MyProject/UAE/data/arrangement_merged/chr_17/Q242664.13~A32.K_17R.png,0,-0.6166226000903205,,0.0008123517036437,-0.6343554219530193,chromosome
0,0.0012071132659912,Q242664,Q242664.13~A33.K_17,17,,normal,Q242664.13~A33.K_17L.png,Q242664.13~A33.K_17R.png,train,/data5/chensx/MyProject/UAE/data/arrangement_merged/chr_17/Q242664.13~A33.K_17L.png,/data5/chensx/MyProject/UAE/data/arrangement_merged/chr_17/Q242664.13~A33.K_17R.png,0,-0.0823037416898969,,0.0012071132659912,2.1041741748054275,chromosome
0,0.0009516477584838,Q242664,Q242664.13~A42.K_17,17,,normal,Q242664.13~A42.K_17L.png,Q242664.13~A42.K_17R.png,train,/data5/chensx/MyProject/UAE/data/arrangement_merged/chr_17/Q242664.13~A42.K_17L.png,/data5/chensx/MyProject/UAE/data/arrangement_merged/chr_17/Q242664.13~A42.K_17R.png,0,-0.4280821845563042,,0.0009516477584838,0.33196553042862353,chromosome
0,0.0009137392044067,Q242664,Q242664.13~A50.K_17,17,,normal,Q242664.13~A50.K_17L.png,Q242664.13~A50.K_17R.png,train,/data5/chensx/MyProject/UAE/data/arrangement_merged/chr_17/Q242664.13~A50.K_17L.png,/data5/chensx/MyProject/UAE/data/arrangement_merged/chr_17/Q242664.13~A50.K_17R.png,0,-0.4793922848043292,,0.0009137392044067,0.06898729948558306,chromosome
0,0.0008938908576965,Q242664,Q242664.14~A47.K_17,17,,normal,Q242664.14~A47.K_17L.png,Q242664.14~A47.K_17R.png,train,/data5/chensx/MyProject/UAE/data/arrangement_merged/chr_17/Q242664.14~A47.K_17L.png,/data5/chensx/MyProject/UAE/data/arrangement_merged/chr_17/Q242664.14~A47.K_17R.png,0,-0.5062574788021159,,0.0008938908576965,-0.06870413275360239,chromosome
0,0.0010905265808105,Q242664,Q242664.1~A14.K_17,17,,normal,Q242664.1~A14.K_17L.png,Q242664.1~A14.K_17R.png,train,/data5/chensx/MyProject/UAE/data/arrangement_merged/chr_17/Q242664.1~A14.K_17L.png,/data5/chensx/MyProject/UAE/data/arrangement_merged/chr_17/Q242664.1~A14.K_17R.png,0,-0.2401065028300492,,0.0010905265808105,1.2953920683189437,chromosome
0,0.0010213255882263,Q242664,Q242664.2~A1.K_17,17,,normal,Q242664.2~A1.K_17L.png,Q242664.2~A1.K_17R.png,train,/data5/chensx/MyProject/UAE/data/arrangement_merged/chr_17/Q242664.2~A1.K_17L.png,/data5/chensx/MyProject/UAE/data/arrangement_merged/chr_17/Q242664.2~A1.K_17R.png,0,-0.3337716386601703,,0.0010213255882263,0.8153327505121277,chromosome
0,0.0009233951568603,Q242664,Q242664.2~A10.K_17,17,,normal,Q242664.2~A10.K_17L.png,Q242664.2~A10.K_17R.png,train,/data5/chensx/MyProject/UAE/data/arrangement_merged/chr_17/Q242664.2~A10.K_17L.png,/data5/chensx/MyProject/UAE/data/arrangement_merged/chr_17/Q242664.2~A10.K_17R.png,0,-0.4663227309675681,,0.0009233951568603,0.1359723205748412,chromosome
0,0.0008049011230468,Q242664,Q242664.2~A30.K_17,17,,normal,Q242664.2~A30.K_17L.png,Q242664.2~A30.K_17R.png,train,/data5/chensx/MyProject/UAE/data/arrangement_merged/chr_17/Q242664.2~A30.K_17L.png,/data5/chensx/MyProject/UAE/data/arrangement_merged/chr_17/Q242664.2~A30.K_17R.png,0,-0.626707132371772,,0.0008049011230468,-0.6860413950156244,chromosome
0,0.0007984638214111,Q242664,Q242664.2~A32.K_17,17,,normal,Q242664.2~A32.K_17L.png,Q242664.2~A32.K_17R.png,train,/data5/chensx/MyProject/UAE/data/arrangement_merged/chr_17/Q242664.2~A32.K_17L.png,/data5/chensx/MyProject/UAE/data/arrangement_merged/chr_17/Q242664.2~A32.K_17R.png,0,-0.635420168262946,,0.0007984638214111,-0.7306980757415656,chromosome
0,0.0008241534233093,Q242664,Q242664.2~A6.K_17,17,,normal,Q242664.2~A6.K_17L.png,Q242664.2~A6.K_17R.png,train,/data5/chensx/MyProject/UAE/data/arrangement_merged/chr_17/Q242664.2~A6.K_17L.png,/data5/chensx/MyProject/UAE/data/arrangement_merged/chr_17/Q242664.2~A6.K_17R.png,0,-0.6006487009565015,,0.0008241534233093,-0.552484840621086,chromosome
0,0.0008622407913208,Q242664,Q242664.3~A19.K_17,17,,normal,Q242664.3~A19.K_17L.png,Q242664.3~A19.K_17R.png,train,/data5/chensx/MyProject/UAE/data/arrangement_merged/chr_17/Q242664.3~A19.K_17L.png,/data5/chensx/MyProject/UAE/data/arrangement_merged/chr_17/Q242664.3~A19.K_17R.png,0,-0.5490965719337216,,0.0008622407913208,-0.2882661463240269,chromosome
0,0.0009193420410156,Q242664,Q242664.3~A29.K_17,17,,normal,Q242664.3~A29.K_17L.png,Q242664.3~A29.K_17R.png,train,/data5/chensx/MyProject/UAE/data/arrangement_merged/chr_17/Q242664.3~A29.K_17L.png,/data5/chensx/MyProject/UAE/data/arrangement_merged/chr_17/Q242664.3~A29.K_17R.png,0,-0.4718087165286777,,0.0009193420410156,0.10785515122887829,chromosome
0,0.0008373856544494,Q242664,Q242664.3~A44.K_17,17,,normal,Q242664.3~A44.K_17L.png,Q242664.3~A44.K_17R.png,train,/data5/chensx/MyProject/UAE/data/arrangement_merged/chr_17/Q242664.3~A44.K_17L.png,/data5/chensx/MyProject/UAE/data/arrangement_merged/chr_17/Q242664.3~A44.K_17R.png,0,-0.5827385716246436,,0.0008373856544494,-0.46069055246186047,chromosome
0,0.0007182955741882,Q242664,Q242664.3~A48.K_17,17,,normal,Q242664.3~A48.K_17L.png,Q242664.3~A48.K_17R.png,train,/data5/chensx/MyProject/UAE/data/arrangement_merged/chr_17/Q242664.3~A48.K_17L.png,/data5/chensx/MyProject/UAE/data/arrangement_merged/chr_17/Q242664.3~A48.K_17R.png,0,-0.7439297356113636,,0.0007182955741882,-1.286839145896974,chromosome
0,0.0008648037910461,Q242664,Q242664.4~A14.K_17,17,,normal,Q242664.4~A14.K_17L.png,Q242664.4~A14.K_17R.png,train,/data5/chensx/MyProject/UAE/data/arrangement_merged/chr_17/Q242664.4~A14.K_17L.png,/data5/chensx/MyProject/UAE/data/arrangement_merged/chr_17/Q242664.4~A14.K_17R.png,0,-0.5456274928289023,,0.0008648037910461,-0.27048617159072413,chromosome
0,0.0012191534042358,Q242664,Q242664.4~A34.K_17,17,,normal,Q242664.4~A34.K_17L.png,Q242664.4~A34.K_17R.png,train,/data5/chensx/MyProject/UAE/data/arrangement_merged/chr_17/Q242664.4~A34.K_17L.png,/data5/chensx/MyProject/UAE/data/arrangement_merged/chr_17/Q242664.4~A34.K_17R.png,0,-0.0660071375230714,,0.0012191534042358,2.187698707274663,chromosome
0,0.0008553266525268,Q242664,Q242664.4~A41.K_17,17,,normal,Q242664.4~A41.K_17L.png,Q242664.4~A41.K_17R.png,train,/data5/chensx/MyProject/UAE/data/arrangement_merged/chr_17/Q242664.4~A41.K_17L.png,/data5/chensx/MyProject/UAE/data/arrangement_merged/chr_17/Q242664.4~A41.K_17R.png,0,-0.5584550178909086,,0.0008553266525268,-0.3362307293266578,chromosome
0,0.0010072588920593,Q242664,Q242664.4~A49.K_17,17,,normal,Q242664.4~A49.K_17L.png,Q242664.4~A49.K_17R.png,train,/data5/chensx/MyProject/UAE/data/arrangement_merged/chr_17/Q242664.4~A49.K_17L.png,/data5/chensx/MyProject/UAE/data/arrangement_merged/chr_17/Q242664.4~A49.K_17R.png,0,-0.3528112356075506,,0.0010072588920593,0.7177496333695628,chromosome
0,0.0007733702659606,Q250230,Q250230.11~A30.K_17,17,,normal,Q250230.11~A30.K_17L.png,Q250230.11~A30.K_17R.png,train,/data5/chensx/MyProject/UAE/data/arrangement_merged/chr_17/Q250230.11~A30.K_17L.png,/data5/chensx/MyProject/UAE/data/arrangement_merged/chr_17/Q250230.11~A30.K_17R.png,0,-0.6926553857102932,,0.0007733702659606,-0.9047764330173966,chromosome
0,0.000860571861267,Q250230,Q250230.12~A40.K_17,17,,normal,Q250230.12~A40.K_17L.png,Q250230.12~A40.K_17R.png,train,/data5/chensx/MyProject/UAE/data/arrangement_merged/chr_17/Q250230.12~A40.K_17L.png,/data5/chensx/MyProject/UAE/data/arrangement_merged/chr_17/Q250230.12~A40.K_17R.png,0,-0.5835372368072096,,0.000860571861267,-0.29984380429070573,chromosome
0,0.0008705258369445,Q250230,Q250230.13~A45.K_17,17,,normal,Q250230.13~A45.K_17L.png,Q250230.13~A45.K_17R.png,train,/data5/chensx/MyProject/UAE/data/arrangement_merged/chr_17/Q250230.13~A45.K_17L.png,/data5/chensx/MyProject/UAE/data/arrangement_merged/chr_17/Q250230.13~A45.K_17R.png,0,-0.5710815082584639,,0.0008705258369445,-0.23079134427877657,chromosome
0,0.0007821321487426,Q250230,Q250230.14~A21.K_17,17,,normal,Q250230.14~A21.K_17L.png,Q250230.14~A21.K_17R.png,train,/data5/chensx/MyProject/UAE/data/arrangement_merged/chr_17/Q250230.14~A21.K_17L.png,/data5/chensx/MyProject/UAE/data/arrangement_merged/chr_17/Q250230.14~A21.K_17R.png,0,-0.6816913611793614,,0.0007821321487426,-0.8439937286954565,chromosome
0,0.001379370689392,Q250230,Q250230.14~A43.K_17,17,,normal,Q250230.14~A43.K_17L.png,Q250230.14~A43.K_17R.png,train,/data5/chensx/MyProject/UAE/data/arrangement_merged/chr_17/Q250230.14~A43.K_17L.png,/data5/chensx/MyProject/UAE/data/arrangement_merged/chr_17/Q250230.14~A43.K_17R.png,0,0.0656523517453809,,0.001379370689392,3.2991538720161353,chromosome
0,0.0008577704429626,Q250230,Q250230.15~A8.K_17,17,,normal,Q250230.15~A8.K_17L.png,Q250230.15~A8.K_17R.png,train,/data5/chensx/MyProject/UAE/data/arrangement_merged/chr_17/Q250230.15~A8.K_17L.png,/data5/chensx/MyProject/UAE/data/arrangement_merged/chr_17/Q250230.15~A8.K_17R.png,0,-0.5870427412490722,,0.0008577704429626,-0.3192777301620066,chromosome
0,0.0009295940399169,Q250230,Q250230.1~A20.K_17,17,,normal,Q250230.1~A20.K_17L.png,Q250230.1~A20.K_17R.png,train,/data5/chensx/MyProject/UAE/data/arrangement_merged/chr_17/Q250230.1~A20.K_17L.png,/data5/chensx/MyProject/UAE/data/arrangement_merged/chr_17/Q250230.1~A20.K_17R.png,0,-0.4971675741757873,,0.0009295940399169,0.17897505016278503,chromosome
0,0.0012675523757934,Q250230,Q250230.2~A24.K_17,17,,normal,Q250230.2~A24.K_17L.png,Q250230.2~A24.K_17R.png,train,/data5/chensx/MyProject/UAE/data/arrangement_merged/chr_17/Q250230.2~A24.K_17L.png,/data5/chensx/MyProject/UAE/data/arrangement_merged/chr_17/Q250230.2~A24.K_17R.png,0,-0.0742694851255588,,0.0012675523757934,2.523450788290302,chromosome
0,0.0008561015129089,Q250230,Q250230.2~A27.K_17,17,,normal,Q250230.2~A27.K_17L.png,Q250230.2~A27.K_17R.png,train,/data5/chensx/MyProject/UAE/data/arrangement_merged/chr_17/Q250230.2~A27.K_17L.png,/data5/chensx/MyProject/UAE/data/arrangement_merged/chr_17/Q250230.2~A27.K_17R.png,0,-0.5891311268740116,,0.0008561015129089,-0.33085538812799126,chromosome
0,0.000879168510437,Q250230,Q250230.2~A38.K_17,17,,normal,Q250230.2~A38.K_17L.png,Q250230.2~A38.K_17R.png,train,/data5/chensx/MyProject/UAE/data/arrangement_merged/chr_17/Q250230.2~A38.K_17L.png,/data5/chensx/MyProject/UAE/data/arrangement_merged/chr_17/Q250230.2~A38.K_17R.png,0,-0.5602666541293134,,0.000879168510437,-0.17083561552548812,chromosome
0,0.0009405612945556,Q250230,Q250230.4~A35.K_17,17,,normal,Q250230.4~A35.K_17L.png,Q250230.4~A35.K_17R.png,train,/data5/chensx/MyProject/UAE/data/arrangement_merged/chr_17/Q250230.4~A35.K_17L.png,/data5/chensx/MyProject/UAE/data/arrangement_merged/chr_17/Q250230.4~A35.K_17R.png,0,-0.4834438972118998,,0.0009405612945556,0.25505680251137813,chromosome
0,0.0008851289749145,Q250230,Q250230.5~A21.K_17,17,,normal,Q250230.5~A21.K_17L.png,Q250230.5~A21.K_17R.png,train,/data5/chensx/MyProject/UAE/data/arrangement_merged/chr_17/Q250230.5~A21.K_17L.png,/data5/chensx/MyProject/UAE/data/arrangement_merged/chr_17/Q250230.5~A21.K_17R.png,0,-0.5528081340402441,,0.0008851289749145,-0.12948683707554243,chromosome
0,0.0009496212005615,Q250230,Q250230.5~A42.K_17,17,,normal,Q250230.5~A42.K_17L.png,Q250230.5~A42.K_17R.png,train,/data5/chensx/MyProject/UAE/data/arrangement_merged/chr_17/Q250230.5~A42.K_17L.png,/data5/chensx/MyProject/UAE/data/arrangement_merged/chr_17/Q250230.5~A42.K_17R.png,0,-0.4721069466765145,,0.0009496212005615,0.31790694575598916,chromosome
0,0.0009682178497314,Q250230,Q250230.5~A46.K_17,17,,normal,Q250230.5~A46.K_17L.png,Q250230.5~A46.K_17R.png,train,/data5/chensx/MyProject/UAE/data/arrangement_merged/chr_17/Q250230.5~A46.K_17L.png,/data5/chensx/MyProject/UAE/data/arrangement_merged/chr_17/Q250230.5~A46.K_17R.png,0,-0.4488363639986183,,0.0009682178497314,0.44691513452051257,chromosome
0,0.0008792877197265,Q250230,Q250230.5~A5.K_17,17,,normal,Q250230.5~A5.K_17L.png,Q250230.5~A5.K_17R.png,train,/data5/chensx/MyProject/UAE/data/arrangement_merged/chr_17/Q250230.5~A5.K_17L.png,/data5/chensx/MyProject/UAE/data/arrangement_merged/chr_17/Q250230.5~A5.K_17R.png,0,-0.560117483727532,,0.0008792877197265,-0.1700086399568358,chromosome
0,0.0010439157485961,Q250230,Q250230.5~A6.K_17,17,,normal,Q250230.5~A6.K_17L.png,Q250230.5~A6.K_17R.png,train,/data5/chensx/MyProject/UAE/data/arrangement_merged/chr_17/Q250230.5~A6.K_17L.png,/data5/chensx/MyProject/UAE/data/arrangement_merged/chr_17/Q250230.5~A6.K_17R.png,0,-0.3541131588674384,,0.0010439157485961,0.9720446208379412,chromosome
0,0.0011336803436279,165070,165070.11~A20.K_18,18,,normal,165070.11~A20.K_18L.png,165070.11~A20.K_18R.png,train,/data5/chensx/MyProject/UAE/data/arrangement_merged/chr_18/165070.11~A20.K_18L.png,/data5/chensx/MyProject/UAE/data/arrangement_merged/chr_18/165070.11~A20.K_18R.png,0,-0.1844161305689521,,0.0011336803436279,-0.29639299465947155,chromosome
0,0.0015026330947875,165070,165070.11~A21.K_18,18,,normal,165070.11~A21.K_18L.png,165070.11~A21.K_18R.png,train,/data5/chensx/MyProject/UAE/data/arrangement_merged/chr_18/165070.11~A21.K_18L.png,/data5/chensx/MyProject/UAE/data/arrangement_merged/chr_18/165070.11~A21.K_18R.png,0,0.3353551437419511,,0.0015026330947875,1.4207308171900168,chromosome
0,0.001336932182312,165070,165070.11~A30.K_18,18,,normal,165070.11~A30.K_18L.png,165070.11~A30.K_18R.png,train,/data5/chensx/MyProject/UAE/data/arrangement_merged/chr_18/165070.11~A30.K_18L.png,/data5/chensx/MyProject/UAE/data/arrangement_merged/chr_18/165070.11~A30.K_18R.png,0,0.1019199026136294,,0.001336932182312,0.6495508176843654,chromosome
0,0.001063048839569,165070,165070.12~A1.K_18,18,,normal,165070.12~A1.K_18L.png,165070.12~A1.K_18R.png,train,/data5/chensx/MyProject/UAE/data/arrangement_merged/chr_18/165070.12~A1.K_18L.png,/data5/chensx/MyProject/UAE/data/arrangement_merged/chr_18/165070.12~A1.K_18R.png,0,-0.2839200013376792,,0.001063048839569,-0.6251154045211524,chromosome
0,0.0012272000312805,165070,165070.12~A21.K_18,18,,normal,165070.12~A21.K_18L.png,165070.12~A21.K_18R.png,train,/data5/chensx/MyProject/UAE/data/arrangement_merged/chr_18/165070.12~A21.K_18L.png,/data5/chensx/MyProject/UAE/data/arrangement_merged/chr_18/165070.12~A21.K_18R.png,0,-0.0526679675004857,,0.0012272000312805,0.1388521201697195,chromosome
0,0.000933289527893,165070,165070.12~A41.K_18,18,,normal,165070.12~A41.K_18L.png,165070.12~A41.K_18R.png,train,/data5/chensx/MyProject/UAE/data/arrangement_merged/chr_18/165070.12~A41.K_18L.png,/data5/chensx/MyProject/UAE/data/arrangement_merged/chr_18/165070.12~A41.K_18R.png,0,-0.4667216272140663,,0.000933289527893,-1.2290214688824275,chromosome
0,0.0009799003601074,165070,165070.12~A5.K_18,18,,normal,165070.12~A5.K_18L.png,165070.12~A5.K_18R.png,train,/data5/chensx/MyProject/UAE/data/arrangement_merged/chr_18/165070.12~A5.K_18L.png,/data5/chensx/MyProject/UAE/data/arrangement_merged/chr_18/165070.12~A5.K_18R.png,0,-0.4010574694578262,,0.0009799003601074,-1.0120924186614537,chromosome
0,0.0013995170593261,165070,165070.12~A9.K_18,18,,normal,165070.12~A9.K_18L.png,165070.12~A9.K_18R.png,train,/data5/chensx/MyProject/UAE/data/arrangement_merged/chr_18/165070.12~A9.K_18L.png,/data5/chensx/MyProject/UAE/data/arrangement_merged/chr_18/165070.12~A9.K_18R.png,0,0.1900878893707293,,0.0013995170593261,0.9408238390802562,chromosome
0,0.0010650157928466,165070,165070.13~A24.K_18,18,,normal,165070.13~A24.K_18L.png,165070.13~A24.K_18R.png,train,/data5/chensx/MyProject/UAE/data/arrangement_merged/chr_18/165070.13~A24.K_18L.png,/data5/chensx/MyProject/UAE/data/arrangement_merged/chr_18/165070.13~A24.K_18R.png,0,-0.2811490074681703,,0.0010650157928466,-0.6159611095629306,chromosome
0,0.0012065172195434,165070,165070.13~A25.K_18,18,,normal,165070.13~A25.K_18L.png,165070.13~A25.K_18R.png,train,/data5/chensx/MyProject/UAE/data/arrangement_merged/chr_18/165070.13~A25.K_18L.png,/data5/chensx/MyProject/UAE/data/arrangement_merged/chr_18/165070.13~A25.K_18R.png,0,-0.0818053878859273,,0.0012065172195434,0.042593321670039555,chromosome
0,0.0013046264648437,165070,165070.13~A26.K_18,18,,normal,165070.13~A26.K_18L.png,165070.13~A26.K_18R.png,train,/data5/chensx/MyProject/UAE/data/arrangement_merged/chr_18/165070.13~A26.K_18L.png,/data5/chensx/MyProject/UAE/data/arrangement_merged/chr_18/165070.13~A26.K_18R.png,0,0.0564084275447264,,0.0013046264648437,0.4991984580682589,chromosome
0,0.000797152519226,165070,165070.13~A27.K_18,18,,normal,165070.13~A27.K_18L.png,165070.13~A27.K_18R.png,train,/data5/chensx/MyProject/UAE/data/arrangement_merged/chr_18/165070.13~A27.K_18L.png,/data5/chensx/MyProject/UAE/data/arrangement_merged/chr_18/165070.13~A27.K_18R.png,0,-0.6585079907885579,,0.000797152519226,-1.862609641138515,chromosome
0,0.0009790658950805,165070,165070.13~A28.K_18,18,,normal,165070.13~A28.K_18L.png,165070.13~A28.K_18R.png,train,/data5/chensx/MyProject/UAE/data/arrangement_merged/chr_18/165070.13~A28.K_18L.png,/data5/chensx/MyProject/UAE/data/arrangement_merged/chr_18/165070.13~A28.K_18R.png,0,-0.4022330426145876,,0.0009790658950805,-1.0159760589469429,chromosome
0,0.0012486577033996,165070,165070.13~A3.K_18,18,,normal,165070.13~A3.K_18L.png,165070.13~A3.K_18R.png,train,/data5/chensx/MyProject/UAE/data/arrangement_merged/chr_18/165070.13~A3.K_18L.png,/data5/chensx/MyProject/UAE/data/arrangement_merged/chr_18/165070.13~A3.K_18R.png,0,-0.02243894346948,,0.0012486577033996,0.2387171560767892,chromosome
0,0.0010212659835815,165070,165070.13~A36.K_18,18,,normal,165070.13~A36.K_18L.png,165070.13~A36.K_18R.png,train,/data5/chensx/MyProject/UAE/data/arrangement_merged/chr_18/165070.13~A36.K_18L.png,/data5/chensx/MyProject/UAE/data/arrangement_merged/chr_18/165070.13~A36.K_18R.png,0,-0.342782628686943,,0.0010212659835815,-0.8195748216625591,chromosome
0,0.0012963414192199,165070,165070.13~A40.K_18,18,,normal,165070.13~A40.K_18L.png,165070.13~A40.K_18R.png,train,/data5/chensx/MyProject/UAE/data/arrangement_merged/chr_18/165070.13~A40.K_18L.png,/data5/chensx/MyProject/UAE/data/arrangement_merged/chr_18/165070.13~A40.K_18R.png,0,0.0447366654883103,,0.0012963414192199,0.46063945809286044,chromosome
0,0.0013953447341918,165070,165070.13~A9.K_18,18,,normal,165070.13~A9.K_18L.png,165070.13~A9.K_18R.png,train,/data5/chensx/MyProject/UAE/data/arrangement_merged/chr_18/165070.13~A9.K_18L.png,/data5/chensx/MyProject/UAE/data/arrangement_merged/chr_18/165070.13~A9.K_18R.png,0,0.1842100235869227,,0.0013953447341918,0.921405637653739,chromosome
0,0.0014355182647705,165070,165070.1~A9.K_18,18,,normal,165070.1~A9.K_18L.png,165070.1~A9.K_18R.png,train,/data5/chensx/MyProject/UAE/data/arrangement_merged/chr_18/165070.1~A9.K_18L.png,/data5/chensx/MyProject/UAE/data/arrangement_merged/chr_18/165070.1~A9.K_18R.png,0,0.2408054741338611,,0.0014355182647705,1.108375177102732,chromosome
0,0.0013105869293212,165070,165070.2~A31.K_18,18,,normal,165070.2~A31.K_18L.png,165070.2~A31.K_18R.png,train,/data5/chensx/MyProject/UAE/data/arrangement_merged/chr_18/165070.2~A31.K_18L.png,/data5/chensx/MyProject/UAE/data/arrangement_merged/chr_18/165070.2~A31.K_18R.png,0,0.0648053786644502,,0.0013105869293212,0.5269387458200935,chromosome
0,0.0011055469512939,165070,165070.3~A15.K_18,18,,normal,165070.3~A15.K_18L.png,165070.3~A15.K_18R.png,train,/data5/chensx/MyProject/UAE/data/arrangement_merged/chr_18/165070.3~A15.K_18L.png,/data5/chensx/MyProject/UAE/data/arrangement_merged/chr_18/165070.3~A15.K_18R.png,0,-0.2240497398540485,,0.0011055469512939,-0.4273271528490608,chromosome
0,0.0013047456741333,165070,165070.3~A2.K_18,18,,normal,165070.3~A2.K_18L.png,165070.3~A2.K_18R.png,train,/data5/chensx/MyProject/UAE/data/arrangement_merged/chr_18/165070.3~A2.K_18L.png,/data5/chensx/MyProject/UAE/data/arrangement_merged/chr_18/165070.3~A2.K_18R.png,0,0.0565763665671209,,0.0013047456741333,0.4997532638235283,chromosome
0,0.0008940696716308,165070,165070.3~A30.K_18,18,,normal,165070.3~A30.K_18L.png,165070.3~A30.K_18R.png,train,/data5/chensx/MyProject/UAE/data/arrangement_merged/chr_18/165070.3~A30.K_18L.png,/data5/chensx/MyProject/UAE/data/arrangement_merged/chr_18/165070.3~A30.K_18R.png,0,-0.5219735655818489,,0.0008940696716308,-1.411552562290662,chromosome
0,0.001022458076477,165070,165070.3~A35.K_18,18,,normal,165070.3~A35.K_18L.png,165070.3~A35.K_18R.png,train,/data5/chensx/MyProject/UAE/data/arrangement_merged/chr_18/165070.3~A35.K_18L.png,/data5/chensx/MyProject/UAE/data/arrangement_merged/chr_18/165070.3~A35.K_18R.png,0,-0.3411032384629983,,0.001022458076477,-0.8140267641121922,chromosome
0,0.0011012554168701,165070,165070.3~A43.K_18,18,,normal,165070.3~A43.K_18L.png,165070.3~A43.K_18R.png,train,/data5/chensx/MyProject/UAE/data/arrangement_merged/chr_18/165070.3~A43.K_18L.png,/data5/chensx/MyProject/UAE/data/arrangement_merged/chr_18/165070.3~A43.K_18R.png,0,-0.2300955446602496,,0.0011012554168701,-0.44730016003038126,chromosome
0,0.0012078285217285,179083,179083.12~A20.K_18,18,,normal,179083.12~A20.K_18L.png,179083.12~A20.K_18R.png,train,/data5/chensx/MyProject/UAE/data/arrangement_merged/chr_18/179083.12~A20.K_18L.png,/data5/chensx/MyProject/UAE/data/arrangement_merged/chr_18/179083.12~A20.K_18R.png,0,0.0228306160322004,,0.0012078285217285,0.04869618497567588,chromosome
0,0.0014233589172363,179083,179083.12~A37.K_18,18,,normal,179083.12~A37.K_18L.png,179083.12~A37.K_18R.png,train,/data5/chensx/MyProject/UAE/data/arrangement_merged/chr_18/179083.12~A37.K_18L.png,/data5/chensx/MyProject/UAE/data/arrangement_merged/chr_18/179083.12~A37.K_18R.png,0,0.3469358039655543,,0.0014233589172363,1.051784990088524,chromosome
0,0.0011844635009765,179083,179083.12~A39.K_18,18,,normal,179083.12~A39.K_18L.png,179083.12~A39.K_18R.png,train,/data5/chensx/MyProject/UAE/data/arrangement_merged/chr_18/179083.12~A39.K_18L.png,/data5/chensx/MyProject/UAE/data/arrangement_merged/chr_18/179083.12~A39.K_18R.png,0,-0.0123046808897781,,0.0011844635009765,-0.06004574301244571,chromosome
0,0.0012248754501342,179083,179083.12~A47.K_18,18,,normal,179083.12~A47.K_18L.png,179083.12~A47.K_18R.png,train,/data5/chensx/MyProject/UAE/data/arrangement_merged/chr_18/179083.12~A47.K_18L.png,/data5/chensx/MyProject/UAE/data/arrangement_merged/chr_18/179083.12~A47.K_18R.png,0,0.0484650418477256,,0.0012248754501342,0.12803340794615467,chromosome
0,0.0011537075042724,179083,179083.12~A9.K_18,18,,normal,179083.12~A9.K_18L.png,179083.12~A9.K_18R.png,train,/data5/chensx/MyProject/UAE/data/arrangement_merged/chr_18/179083.12~A9.K_18L.png,/data5/chensx/MyProject/UAE/data/arrangement_merged/chr_18/179083.12~A9.K_18R.png,0,-0.0585542043891173,,0.0011537075042724,-0.20318562781284236,chromosome
0,0.0020514726638793,179083,179083.13~A11.K_18,18,,normal,179083.13~A11.K_18L.png,179083.13~A11.K_18R.png,train,/data5/chensx/MyProject/UAE/data/arrangement_merged/chr_18/179083.13~A11.K_18L.png,/data5/chensx/MyProject/UAE/data/arrangement_merged/chr_18/179083.13~A11.K_18R.png,0,1.2914658013222144,,0.0020514726638793,3.975056513395685,chromosome
0,0.0016689896583557,179083,179083.13~A13.K_18,18,,normal,179083.13~A13.K_18L.png,179083.13~A13.K_18R.png,train,/data5/chensx/MyProject/UAE/data/arrangement_merged/chr_18/179083.13~A13.K_18L.png,/data5/chensx/MyProject/UAE/data/arrangement_merged/chr_18/179083.13~A13.K_18R.png,0,0.7163045759438041,,0.0016689896583557,2.194962248349184,chromosome
0,0.0010154843330383,179083,179083.13~A14.K_18,18,,normal,179083.13~A14.K_18L.png,179083.13~A14.K_18R.png,train,/data5/chensx/MyProject/UAE/data/arrangement_merged/chr_18/179083.13~A14.K_18L.png,/data5/chensx/MyProject/UAE/data/arrangement_merged/chr_18/179083.13~A14.K_18R.png,0,-0.2664081675576593,,0.0010154843330383,-0.8464829007819553,chromosome
0,0.0012694597244262,179083,179083.13~A2.K_18,18,,normal,179083.13~A2.K_18L.png,179083.13~A2.K_18R.png,train,/data5/chensx/MyProject/UAE/data/arrangement_merged/chr_18/179083.13~A2.K_18L.png,/data5/chensx/MyProject/UAE/data/arrangement_merged/chr_18/179083.13~A2.K_18R.png,0,0.1155089247498685,,0.0012694597244262,0.3355307603312723,chromosome
0,0.0014150142669677,179083,179083.13~A22.K_18,18,,normal,179083.13~A22.K_18L.png,179083.13~A22.K_18R.png,train,/data5/chensx/MyProject/UAE/data/arrangement_merged/chr_18/179083.13~A22.K_18L.png,/data5/chensx/MyProject/UAE/data/arrangement_merged/chr_18/179083.13~A22.K_18R.png,0,0.3343874836362762,,0.0014150142669677,1.0129485872354904,chromosome
0,0.0010256171226501,179083,179083.13~A26.K_18,18,,normal,179083.13~A26.K_18L.png,179083.13~A26.K_18R.png,train,/data5/chensx/MyProject/UAE/data/arrangement_merged/chr_18/179083.13~A26.K_18L.png,/data5/chensx/MyProject/UAE/data/arrangement_merged/chr_18/179083.13~A26.K_18R.png,0,-0.2511709214435359,,0.0010256171226501,-0.7993244116036033,chromosome
0,0.0016043782234191,179083,179083.13~A34.K_18,18,,normal,179083.13~A34.K_18L.png,179083.13~A34.K_18R.png,train,/data5/chensx/MyProject/UAE/data/arrangement_merged/chr_18/179083.13~A34.K_18L.png,/data5/chensx/MyProject/UAE/data/arrangement_merged/chr_18/179083.13~A34.K_18R.png,0,0.6191447242513939,,0.0016043782234191,1.8942575291169712,chromosome
0,0.0010701417922973,179083,179083.13~A39.K_18,18,,normal,179083.13~A39.K_18L.png,179083.13~A39.K_18R.png,train,/data5/chensx/MyProject/UAE/data/arrangement_merged/chr_18/179083.13~A39.K_18L.png,/data5/chensx/MyProject/UAE/data/arrangement_merged/chr_18/179083.13~A39.K_18R.png,0,-0.1842166694008878,,0.0010701417922973,-0.5921044620961209,chromosome
0,0.0011723041534423,179083,179083.14~A14.K_18,18,,normal,179083.14~A14.K_18L.png,179083.14~A14.K_18R.png,train,/data5/chensx/MyProject/UAE/data/arrangement_merged/chr_18/179083.14~A14.K_18L.png,/data5/chensx/MyProject/UAE/data/arrangement_merged/chr_18/179083.14~A14.K_18R.png,0,-0.0305893762267262,,0.0011723041534423,-0.11663593002665366,chromosome
0,0.001308262348175,179083,179083.14~A18.K_18,18,,normal,179083.14~A18.K_18L.png,179083.14~A18.K_18R.png,train,/data5/chensx/MyProject/UAE/data/arrangement_merged/chr_18/179083.14~A18.K_18L.png,/data5/chensx/MyProject/UAE/data/arrangement_merged/chr_18/179083.14~A18.K_18R.png,0,0.1738586142810116,,0.001308262348175,0.5161200335969949,chromosome
0,0.0010868906974792,179083,179083.14~A2.K_18,18,,normal,179083.14~A2.K_18L.png,179083.14~A2.K_18R.png,train,/data5/chensx/MyProject/UAE/data/arrangement_merged/chr_18/179083.14~A2.K_18L.png,/data5/chensx/MyProject/UAE/data/arrangement_merged/chr_18/179083.14~A2.K_18R.png,0,-0.1590303978828368,,0.0010868906974792,-0.5141542535128847,chromosome
0,0.0011990070343017,179083,179083.14~A27.K_18,18,,normal,179083.14~A27.K_18L.png,179083.14~A27.K_18R.png,train,/data5/chensx/MyProject/UAE/data/arrangement_merged/chr_18/179083.14~A27.K_18L.png,/data5/chensx/MyProject/UAE/data/arrangement_merged/chr_18/179083.14~A27.K_18R.png,0,0.0095652488269636,,0.0011990070343017,0.007640559102495073,chromosome
0,0.0010654330253601,179083,179083.14~A28.K_18,18,,normal,179083.14~A28.K_18L.png,179083.14~A28.K_18R.png,train,/data5/chensx/MyProject/UAE/data/arrangement_merged/chr_18/179083.14~A28.K_18L.png,/data5/chensx/MyProject/UAE/data/arrangement_merged/chr_18/179083.14~A28.K_18R.png,0,-0.1912975073009805,,0.0010654330253601,-0.6140192894199533,chromosome
0,0.0007598996162414,179083,179083.14~A39.K_18,18,,normal,179083.14~A39.K_18L.png,179083.14~A39.K_18R.png,train,/data5/chensx/MyProject/UAE/data/arrangement_merged/chr_18/179083.14~A39.K_18L.png,/data5/chensx/MyProject/UAE/data/arrangement_merged/chr_18/179083.14~A39.K_18R.png,0,-0.650745293071548,,0.0007598996162414,-2.035986439588527,chromosome
0,0.0011056661605834,179083,179083.14~A44.K_18,18,,normal,179083.14~A44.K_18L.png,179083.14~A44.K_18R.png,train,/data5/chensx/MyProject/UAE/data/arrangement_merged/chr_18/179083.14~A44.K_18L.png,/data5/chensx/MyProject/UAE/data/arrangement_merged/chr_18/179083.14~A44.K_18R.png,0,-0.1307966771419612,,0.0011056661605834,-0.4267723470942566,chromosome
0,0.0009430646896362,179083,179083.14~A7.K_18,18,,normal,179083.14~A7.K_18L.png,179083.14~A7.K_18R.png,train,/data5/chensx/MyProject/UAE/data/arrangement_merged/chr_18/179083.14~A7.K_18L.png,/data5/chensx/MyProject/UAE/data/arrangement_merged/chr_18/179083.14~A7.K_18R.png,0,-0.3753096618438941,,0.0009430646896362,-1.183527396968954,chromosome
0,0.0013062357902526,179083,179083.1~A24.K_18,18,,normal,179083.1~A24.K_18L.png,179083.1~A24.K_18R.png,train,/data5/chensx/MyProject/UAE/data/arrangement_merged/chr_18/179083.1~A24.K_18L.png,/data5/chensx/MyProject/UAE/data/arrangement_merged/chr_18/179083.1~A24.K_18R.png,0,0.1708111650581869,,0.0013062357902526,0.5066883357611378,chromosome
0,0.0009357929229736,179083,179083.2~A1.K_18,18,,normal,179083.2~A1.K_18L.png,179083.2~A1.K_18R.png,train,/data5/chensx/MyProject/UAE/data/arrangement_merged/chr_18/179083.2~A1.K_18L.png,/data5/chensx/MyProject/UAE/data/arrangement_merged/chr_18/179083.2~A1.K_18R.png,0,-0.386244626702265,,0.0009357929229736,-1.2173705480264247,chromosome
0,0.0008944869041442,179083,179083.2~A12.K_18,18,,normal,179083.2~A12.K_18L.png,179083.2~A12.K_18R.png,train,/data5/chensx/MyProject/UAE/data/arrangement_merged/chr_18/179083.2~A12.K_18L.png,/data5/chensx/MyProject/UAE/data/arrangement_merged/chr_18/179083.2~A12.K_18R.png,0,-0.4483588123321915,,0.0008944869041442,-1.4096107421481496,chromosome
0,0.0011317729949951,179083,179083.2~A14.K_18,18,,normal,179083.2~A14.K_18L.png,179083.2~A14.K_18R.png,train,/data5/chensx/MyProject/UAE/data/arrangement_merged/chr_18/179083.2~A14.K_18L.png,/data5/chensx/MyProject/UAE/data/arrangement_merged/chr_18/179083.2~A14.K_18R.png,0,-0.0915383606832197,,0.0011317729949951,-0.3052698867400582,chromosome
0,0.0009482502937316,179083,179083.2~A18.K_18,18,,normal,179083.2~A18.K_18L.png,179083.2~A18.K_18R.png,train,/data5/chensx/MyProject/UAE/data/arrangement_merged/chr_18/179083.2~A18.K_18L.png,/data5/chensx/MyProject/UAE/data/arrangement_merged/chr_18/179083.2~A18.K_18R.png,0,-0.3675117770678427,,0.0009482502937316,-1.1593933466249744,chromosome
0,0.0012989044189453,179083,179083.2~A20.K_18,18,,normal,179083.2~A20.K_18L.png,179083.2~A20.K_18R.png,train,/data5/chensx/MyProject/UAE/data/arrangement_merged/chr_18/179083.2~A20.K_18L.png,/data5/chensx/MyProject/UAE/data/arrangement_merged/chr_18/179083.2~A20.K_18R.png,0,0.1597865693403212,,0.0012989044189453,0.4725677818264979,chromosome
0,0.0012546181678771,179083,179083.2~A26.K_18,18,,normal,179083.2~A26.K_18L.png,179083.2~A26.K_18R.png,train,/data5/chensx/MyProject/UAE/data/arrangement_merged/chr_18/179083.2~A26.K_18L.png,/data5/chensx/MyProject/UAE/data/arrangement_merged/chr_18/179083.2~A26.K_18R.png,0,0.0931908407356525,,0.0012546181678771,0.2664574438286228,chromosome
0,0.0011541843414306,179083,179083.2~A3.K_18,18,,normal,179083.2~A3.K_18L.png,179083.2~A3.K_18R.png,train,/data5/chensx/MyProject/UAE/data/arrangement_merged/chr_18/179083.2~A3.K_18L.png,/data5/chensx/MyProject/UAE/data/arrangement_merged/chr_18/179083.2~A3.K_18R.png,0,-0.0578371575131586,,0.0011541843414306,-0.2009664047926952,chromosome
0,0.0011649131774902,179083,179083.2~A31.K_18,18,,normal,179083.2~A31.K_18L.png,179083.2~A31.K_18R.png,train,/data5/chensx/MyProject/UAE/data/arrangement_merged/chr_18/179083.2~A31.K_18L.png,/data5/chensx/MyProject/UAE/data/arrangement_merged/chr_18/179083.2~A31.K_18R.png,0,-0.0417036028040868,,0.0011649131774902,-0.15103388683892874,chromosome
0,0.0012843608856201,179083,179083.2~A35.K_18,18,,normal,179083.2~A35.K_18L.png,179083.2~A35.K_18R.png,train,/data5/chensx/MyProject/UAE/data/arrangement_merged/chr_18/179083.2~A35.K_18L.png,/data5/chensx/MyProject/UAE/data/arrangement_merged/chr_18/179083.2~A35.K_18R.png,0,0.1379166396235794,,0.0012843608856201,0.40488147971155714,chromosome
0,0.0010336637496948,179083,179083.2~A38.K_18,18,,normal,179083.2~A38.K_18L.png,179083.2~A38.K_18R.png,train,/data5/chensx/MyProject/UAE/data/arrangement_merged/chr_18/179083.2~A38.K_18L.png,/data5/chensx/MyProject/UAE/data/arrangement_merged/chr_18/179083.2~A38.K_18R.png,0,-0.239070755411732,,0.0010336637496948,-0.7618750231382786,chromosome
0,0.0009388923645019,179083,179083.3~A1.K_18,18,,normal,179083.3~A1.K_18L.png,179083.3~A1.K_18R.png,train,/data5/chensx/MyProject/UAE/data/arrangement_merged/chr_18/179083.3~A1.K_18L.png,/data5/chensx/MyProject/UAE/data/arrangement_merged/chr_18/179083.3~A1.K_18R.png,0,-0.3815838220085331,,0.0009388923645019,-1.2029455983954707,chromosome
0,0.0015164613723754,179083,179083.3~A24.K_18,18,,normal,179083.3~A24.K_18L.png,179083.3~A24.K_18R.png,train,/data5/chensx/MyProject/UAE/data/arrangement_merged/chr_18/179083.3~A24.K_18L.png,/data5/chensx/MyProject/UAE/data/arrangement_merged/chr_18/179083.3~A24.K_18R.png,0,0.4869392064964998,,0.0015164613723754,1.485088284774738,chromosome
0,0.0010637640953063,179083,179083.3~A27.K_18,18,,normal,179083.3~A27.K_18L.png,179083.3~A27.K_18R.png,train,/data5/chensx/MyProject/UAE/data/arrangement_merged/chr_18/179083.3~A27.K_18L.png,/data5/chensx/MyProject/UAE/data/arrangement_merged/chr_18/179083.3~A27.K_18R.png,0,-0.1938071713668361,,0.0010637640953063,-0.6217865699909327,chromosome
0,0.0015581846237182,179083,179083.4~A34.K_18,18,,normal,179083.4~A34.K_18L.png,179083.4~A34.K_18R.png,train,/data5/chensx/MyProject/UAE/data/arrangement_merged/chr_18/179083.4~A34.K_18L.png,/data5/chensx/MyProject/UAE/data/arrangement_merged/chr_18/179083.4~A34.K_18R.png,0,0.5496808081428902,,0.0015581846237182,1.6792702990389745,chromosome
0,0.0008915066719055,180371,180371.11~A18.K_18,18,,normal,180371.11~A18.K_18L.png,180371.11~A18.K_18R.png,train,/data5/chensx/MyProject/UAE/data/arrangement_merged/chr_18/180371.11~A18.K_18L.png,/data5/chensx/MyProject/UAE/data/arrangement_merged/chr_18/180371.11~A18.K_18R.png,0,-0.5082059043483905,,0.0008915066719055,-1.4234808860238342,chromosome
0,0.0007581710815429,180371,180371.11~A42.K_18,18,,normal,180371.11~A42.K_18L.png,180371.11~A42.K_18R.png,train,/data5/chensx/MyProject/UAE/data/arrangement_merged/chr_18/180371.11~A42.K_18L.png,/data5/chensx/MyProject/UAE/data/arrangement_merged/chr_18/180371.11~A42.K_18R.png,0,-0.6994738523996128,,0.0007581710815429,-2.0440311230366754,chromosome
0,0.0009410381317138,180371,180371.11~A50.K_18,18,,normal,180371.11~A50.K_18L.png,180371.11~A50.K_18R.png,train,/data5/chensx/MyProject/UAE/data/arrangement_merged/chr_18/180371.11~A50.K_18L.png,/data5/chensx/MyProject/UAE/data/arrangement_merged/chr_18/180371.11~A50.K_18R.png,0,-0.4371537519878337,,0.0009410381317138,-1.1929590948048105,chromosome
0,0.0013372898101806,180371,180371.13~A44.K_18,18,,normal,180371.13~A44.K_18L.png,180371.13~A44.K_18R.png,train,/data5/chensx/MyProject/UAE/data/arrangement_merged/chr_18/180371.13~A44.K_18L.png,/data5/chensx/MyProject/UAE/data/arrangement_merged/chr_18/180371.13~A44.K_18R.png,0,0.1312634668966212,,0.0013372898101806,0.6512152349492432,chromosome
0,0.001315951347351,180371,180371.14~A1.K_18,18,,normal,180371.14~A1.K_18L.png,180371.14~A1.K_18R.png,train,/data5/chensx/MyProject/UAE/data/arrangement_merged/chr_18/180371.14~A1.K_18L.png,/data5/chensx/MyProject/UAE/data/arrangement_merged/chr_18/180371.14~A1.K_18R.png,0,0.1006537550493537,,0.001315951347351,0.5519050047969777,chromosome
0,0.001165747642517,180371,180371.1~A15.K_18,18,,normal,180371.1~A15.K_18L.png,180371.1~A15.K_18R.png,train,/data5/chensx/MyProject/UAE/data/arrangement_merged/chr_18/180371.1~A15.K_18L.png,/data5/chensx/MyProject/UAE/data/arrangement_merged/chr_18/180371.1~A15.K_18R.png,0,-0.114811255719122,,0.001165747642517,-0.1471502465539038,chromosome
0,0.0013726949691772,180371,180371.1~A25.K_18,18,,normal,180371.1~A25.K_18L.png,180371.1~A25.K_18R.png,train,/data5/chensx/MyProject/UAE/data/arrangement_merged/chr_18/180371.1~A25.K_18L.png,/data5/chensx/MyProject/UAE/data/arrangement_merged/chr_18/180371.1~A25.K_18R.png,0,0.1820516480063334,,0.0013726949691772,0.8159925441963023,chromosome
0,0.0010485053062438,180371,180371.1~A33.K_18,18,,normal,180371.1~A33.K_18L.png,180371.1~A33.K_18R.png,train,/data5/chensx/MyProject/UAE/data/arrangement_merged/chr_18/180371.1~A33.K_18L.png,/data5/chensx/MyProject/UAE/data/arrangement_merged/chr_18/180371.1~A33.K_18R.png,0,-0.2829936669022933,,0.0010485053062438,-0.6928017066360942,chromosome
0,0.0009462237358093,180371,180371.1~A35.K_18,18,,normal,180371.1~A35.K_18L.png,180371.1~A35.K_18R.png,train,/data5/chensx/MyProject/UAE/data/arrangement_merged/chr_18/180371.1~A35.K_18L.png,/data5/chensx/MyProject/UAE/data/arrangement_merged/chr_18/180371.1~A35.K_18R.png,0,-0.4297150789970173,,0.0009462237358093,-1.1688250444603652,chromosome
0,0.0009073019027709,180371,180371.2~A15.K_18,18,,normal,180371.2~A15.K_18L.png,180371.2~A15.K_18R.png,train,/data5/chensx/MyProject/UAE/data/arrangement_merged/chr_18/180371.2~A15.K_18L.png,/data5/chensx/MyProject/UAE/data/arrangement_merged/chr_18/180371.2~A15.K_18R.png,0,-0.4855478774223405,,0.0009073019027709,-1.3499691234813564,chromosome
0,0.0011160373687744,180371,180371.2~A16.K_18,18,,normal,180371.2~A16.K_18L.png,180371.2~A16.K_18R.png,train,/data5/chensx/MyProject/UAE/data/arrangement_merged/chr_18/180371.2~A16.K_18L.png,/data5/chensx/MyProject/UAE/data/arrangement_merged/chr_18/180371.2~A16.K_18R.png,0,-0.1861199140448794,,0.0011160373687744,-0.3785042464053669,chromosome
0,0.0009652972221374,180371,180371.2~A21.K_18,18,,normal,180371.2~A21.K_18L.png,180371.2~A21.K_18R.png,train,/data5/chensx/MyProject/UAE/data/arrangement_merged/chr_18/180371.2~A21.K_18L.png,/data5/chensx/MyProject/UAE/data/arrangement_merged/chr_18/180371.2~A21.K_18R.png,0,-0.4023544427089568,,0.0009652972221374,-1.0800561236540298,chromosome
0,0.001257836818695,180371,180371.2~A41.K_18,18,,normal,180371.2~A41.K_18L.png,180371.2~A41.K_18R.png,train,/data5/chensx/MyProject/UAE/data/arrangement_merged/chr_18/180371.2~A41.K_18L.png,/data5/chensx/MyProject/UAE/data/arrangement_merged/chr_18/180371.2~A41.K_18R.png,0,0.0172893163591696,,0.001257836818695,0.2814371992148468,chromosome
0,0.0010856389999389,180371,180371.2~A49.K_18,18,,normal,180371.2~A49.K_18L.png,180371.2~A49.K_18R.png,train,/data5/chensx/MyProject/UAE/data/arrangement_merged/chr_18/180371.2~A49.K_18L.png,/data5/chensx/MyProject/UAE/data/arrangement_merged/chr_18/180371.2~A49.K_18R.png,0,-0.2297259281289757,,0.0010856389999389,-0.5199797139408858,chromosome
0,0.0011136531829833,180371,180371.3~A2.K_18,18,,normal,180371.3~A2.K_18L.png,180371.3~A2.K_18R.png,train,/data5/chensx/MyProject/UAE/data/arrangement_merged/chr_18/180371.3~A2.K_18L.png,/data5/chensx/MyProject/UAE/data/arrangement_merged/chr_18/180371.3~A2.K_18R.png,0,-0.189539993580887,,0.0011136531829833,-0.38960036150656596,chromosome
0,0.0012985467910766,180371,180371.3~A25.K_18,18,,normal,180371.3~A25.K_18L.png,180371.3~A25.K_18R.png,train,/data5/chensx/MyProject/UAE/data/arrangement_merged/chr_18/180371.3~A25.K_18L.png,/data5/chensx/MyProject/UAE/data/arrangement_merged/chr_18/180371.3~A25.K_18R.png,0,0.0756871744364985,,0.0012985467910766,0.47090336456115595,chromosome
0,0.0013084411621093,180371,180371.3~A45.K_18,18,,normal,180371.3~A45.K_18L.png,180371.3~A45.K_18R.png,train,/data5/chensx/MyProject/UAE/data/arrangement_merged/chr_18/180371.3~A45.K_18L.png,/data5/chensx/MyProject/UAE/data/arrangement_merged/chr_18/180371.3~A45.K_18R.png,0,0.0898805045109299,,0.0013084411621093,0.5169522422294333,chromosome
0,0.0012823939323425,180371,180371.3~A9.K_18,18,,normal,180371.3~A9.K_18L.png,180371.3~A9.K_18R.png,train,/data5/chensx/MyProject/UAE/data/arrangement_merged/chr_18/180371.3~A9.K_18L.png,/data5/chensx/MyProject/UAE/data/arrangement_merged/chr_18/180371.3~A9.K_18R.png,0,0.0525161355800474,,0.0012823939323425,0.39572718475333524,chromosome
0,0.0013071298599243,180371,180371.4~A19.K_18,18,,normal,180371.4~A19.K_18L.png,180371.4~A19.K_18R.png,train,/data5/chensx/MyProject/UAE/data/arrangement_merged/chr_18/180371.4~A19.K_18L.png,/data5/chensx/MyProject/UAE/data/arrangement_merged/chr_18/180371.4~A19.K_18R.png,0,0.0879994607661257,,0.0013071298599243,0.5108493789242622,chromosome
0,0.0010467171669006,180371,180371.4~A20.K_18,18,,normal,180371.4~A20.K_18L.png,180371.4~A20.K_18R.png,train,/data5/chensx/MyProject/UAE/data/arrangement_merged/chr_18/180371.4~A20.K_18L.png,/data5/chensx/MyProject/UAE/data/arrangement_merged/chr_18/180371.4~A20.K_18R.png,0,-0.285558726554299,,0.0010467171669006,-0.7011237929614115,chromosome
0,0.0011993646621704,180371,180371.4~A23.K_18,18,,normal,180371.4~A23.K_18L.png,180371.4~A23.K_18R.png,train,/data5/chensx/MyProject/UAE/data/arrangement_merged/chr_18/180371.4~A23.K_18L.png,/data5/chensx/MyProject/UAE/data/arrangement_merged/chr_18/180371.4~A23.K_18R.png,0,-0.0665881342614155,,0.0011993646621704,0.009304976367838067,chromosome
0,0.0014922618865966,180371,180371.4~A27.K_18,18,,normal,180371.4~A27.K_18L.png,180371.4~A27.K_18R.png,train,/data5/chensx/MyProject/UAE/data/arrangement_merged/chr_18/180371.4~A27.K_18L.png,/data5/chensx/MyProject/UAE/data/arrangement_merged/chr_18/180371.4~A27.K_18R.png,0,0.3535686367371121,,0.0014922618865966,1.3724627165015924,chromosome
0,0.0012090802192687,180371,180371.4~A35.K_18,18,,normal,180371.4~A35.K_18L.png,180371.4~A35.K_18R.png,train,/data5/chensx/MyProject/UAE/data/arrangement_merged/chr_18/180371.4~A35.K_18L.png,/data5/chensx/MyProject/UAE/data/arrangement_merged/chr_18/180371.4~A35.K_18R.png,0,-0.0526513101521847,,0.0012090802192687,0.054521645403211756,chromosome
0,0.0011028051376342,180371,180371.4~A39.K_18,18,,normal,180371.4~A39.K_18L.png,180371.4~A39.K_18R.png,train,/data5/chensx/MyProject/UAE/data/arrangement_merged/chr_18/180371.4~A39.K_18L.png,/data5/chensx/MyProject/UAE/data/arrangement_merged/chr_18/180371.4~A39.K_18R.png,0,-0.2051013554697213,,0.0011028051376342,-0.44008768521513764,chromosome
0,0.0012268424034118,180371,180371.4~A44.K_18,18,,normal,180371.4~A44.K_18L.png,180371.4~A44.K_18R.png,train,/data5/chensx/MyProject/UAE/data/arrangement_merged/chr_18/180371.4~A44.K_18L.png,/data5/chensx/MyProject/UAE/data/arrangement_merged/chr_18/180371.4~A44.K_18R.png,0,-0.0271717176089285,,0.0012268424034118,0.13718770290437654,chromosome
0,0.0012020468711853,182418,182418.13~A1.K_18,18,,normal,182418.13~A1.K_18L.png,182418.13~A1.K_18R.png,train,/data5/chensx/MyProject/UAE/data/arrangement_merged/chr_18/182418.13~A1.K_18L.png,/data5/chensx/MyProject/UAE/data/arrangement_merged/chr_18/182418.13~A1.K_18R.png,0,-0.1675353907031818,,0.0012020468711853,0.02178810585627968,chromosome
0,0.0012564063072204,182418,182418.13~A27.K_18,18,,normal,182418.13~A27.K_18L.png,182418.13~A27.K_18R.png,train,/data5/chensx/MyProject/UAE/data/arrangement_merged/chr_18/182418.13~A27.K_18L.png,/data5/chensx/MyProject/UAE/data/arrangement_merged/chr_18/182418.13~A27.K_18R.png,0,-0.0937959666774577,,0.0012564063072204,0.27477953015440626,chromosome
0,0.0012763738632202,182418,182418.13~A6.K_18,18,,normal,182418.13~A6.K_18L.png,182418.13~A6.K_18R.png,train,/data5/chensx/MyProject/UAE/data/arrangement_merged/chr_18/182418.13~A6.K_18L.png,/data5/chensx/MyProject/UAE/data/arrangement_merged/chr_18/182418.13~A6.K_18R.png,0,-0.0667096650890613,,0.0012763738632202,0.3677094941238665,chromosome
0,0.0012192726135253,182418,182418.14~A44.K_18,18,,normal,182418.14~A44.K_18L.png,182418.14~A44.K_18R.png,train,/data5/chensx/MyProject/UAE/data/arrangement_merged/chr_18/182418.14~A44.K_18L.png,/data5/chensx/MyProject/UAE/data/arrangement_merged/chr_18/182418.14~A44.K_18R.png,0,-0.1441684021687145,,0.0012192726135253,0.10195753745919785,chromosome
0,0.0011827945709228,182418,182418.1~A24.K_18,18,,normal,182418.1~A24.K_18L.png,182418.1~A24.K_18R.png,train,/data5/chensx/MyProject/UAE/data/arrangement_merged/chr_18/182418.1~A24.K_18L.png,/data5/chensx/MyProject/UAE/data/arrangement_merged/chr_18/182418.1~A24.K_18R.png,0,-0.1936514367122924,,0.0011827945709228,-0.06781302358295979,chromosome
0,0.0010538101196289,182418,182418.2~A16.K_18,18,,normal,182418.2~A16.K_18L.png,182418.2~A16.K_18R.png,train,/data5/chensx/MyProject/UAE/data/arrangement_merged/chr_18/182418.2~A16.K_18L.png,/data5/chensx/MyProject/UAE/data/arrangement_merged/chr_18/182418.2~A16.K_18R.png,0,-0.3686208595101728,,0.0010538101196289,-0.6681128505363799,chromosome
0,0.0011327266693115,182418,182418.2~A2.K_18,18,,normal,182418.2~A2.K_18L.png,182418.2~A2.K_18R.png,train,/data5/chensx/MyProject/UAE/data/arrangement_merged/chr_18/182418.2~A2.K_18L.png,/data5/chensx/MyProject/UAE/data/arrangement_merged/chr_18/182418.2~A2.K_18R.png,0,-0.2615693272623015,,0.0011327266693115,-0.30083144069976486,chromosome
0,0.001405119895935,182418,182418.2~A3.K_18,18,,normal,182418.2~A3.K_18L.png,182418.2~A3.K_18R.png,train,/data5/chensx/MyProject/UAE/data/arrangement_merged/chr_18/182418.2~A3.K_18L.png,/data5/chensx/MyProject/UAE/data/arrangement_merged/chr_18/182418.2~A3.K_18R.png,0,0.1079363391823904,,0.001405119895935,0.966899709567213,chromosome
0,0.001197338104248,182418,182418.2~A33.K_18,18,,normal,182418.2~A33.K_18L.png,182418.2~A33.K_18R.png,train,/data5/chensx/MyProject/UAE/data/arrangement_merged/chr_18/182418.2~A33.K_18L.png,/data5/chensx/MyProject/UAE/data/arrangement_merged/chr_18/182418.2~A33.K_18R.png,0,-0.173922906600147,,0.001197338104248,-0.00012672146801800109,chromosome
0,0.0011708736419677,182418,182418.2~A38.K_18,18,,normal,182418.2~A38.K_18L.png,182418.2~A38.K_18R.png,train,/data5/chensx/MyProject/UAE/data/arrangement_merged/chr_18/182418.2~A38.K_18L.png,/data5/chensx/MyProject/UAE/data/arrangement_merged/chr_18/182418.2~A38.K_18R.png,0,-0.2098223630337232,,0.0011708736419677,-0.12329359908709417,chromosome
0,0.0008866786956787,182418,182418.3~A15.K_18,18,,normal,182418.3~A15.K_18L.png,182418.3~A15.K_18R.png,train,/data5/chensx/MyProject/UAE/data/arrangement_merged/chr_18/182418.3~A15.K_18L.png,/data5/chensx/MyProject/UAE/data/arrangement_merged/chr_18/182418.3~A15.K_18R.png,0,-0.5953372465366316,,0.0008866786956787,-1.4459505191029365,chromosome
0,0.0010335445404052,182418,182418.3~A25.K_18,18,,normal,182418.3~A25.K_18L.png,182418.3~A25.K_18R.png,train,/data5/chensx/MyProject/UAE/data/arrangement_merged/chr_18/182418.3~A25.K_18L.png,/data5/chensx/MyProject/UAE/data/arrangement_merged/chr_18/182418.3~A25.K_18R.png,0,-0.396111434256605,,0.0010335445404052,-0.7624298288935479,chromosome
0,0.0010359287261962,182418,182418.3~A49.K_18,18,,normal,182418.3~A49.K_18L.png,182418.3~A49.K_18R.png,train,/data5/chensx/MyProject/UAE/data/arrangement_merged/chr_18/182418.3~A49.K_18L.png,/data5/chensx/MyProject/UAE/data/arrangement_merged/chr_18/182418.3~A49.K_18R.png,0,-0.3928772489923189,,0.0010359287261962,-0.7513337137928141,chromosome
0,0.0009039044380187,182418,182418.4~A15.K_18,18,,normal,182418.4~A15.K_18L.png,182418.4~A15.K_18R.png,train,/data5/chensx/MyProject/UAE/data/arrangement_merged/chr_18/182418.4~A15.K_18L.png,/data5/chensx/MyProject/UAE/data/arrangement_merged/chr_18/182418.4~A15.K_18R.png,0,-0.5719702580021642,,0.0009039044380187,-1.365781087500019,chromosome
0,0.0018534660339355,182418,182418.4~A6.K_18,18,,normal,182418.4~A6.K_18L.png,182418.4~A6.K_18R.png,train,/data5/chensx/MyProject/UAE/data/arrangement_merged/chr_18/182418.4~A6.K_18L.png,/data5/chensx/MyProject/UAE/data/arrangement_merged/chr_18/182418.4~A6.K_18R.png,0,0.7161248781313997,,0.0018534660339355,3.0535241542739278,chromosome
0,0.0012275576591491,182418,182418.5~A16.K_18,18,,normal,182418.5~A16.K_18L.png,182418.5~A16.K_18R.png,train,/data5/chensx/MyProject/UAE/data/arrangement_merged/chr_18/182418.5~A16.K_18L.png,/data5/chensx/MyProject/UAE/data/arrangement_merged/chr_18/182418.5~A16.K_18R.png,0,-0.1329296083753201,,0.0012275576591491,0.14051653743459727,chromosome
0,0.001153826713562,182418,182418.5~A17.K_18,18,,normal,182418.5~A17.K_18L.png,182418.5~A17.K_18R.png,train,/data5/chensx/MyProject/UAE/data/arrangement_merged/chr_18/182418.5~A17.K_18L.png,/data5/chensx/MyProject/UAE/data/arrangement_merged/chr_18/182418.5~A17.K_18R.png,0,-0.2329467876733691,,0.001153826713562,-0.20263082205757296,chromosome
0,0.0010703206062316,182418,182418.5~A3.K_18,18,,normal,182418.5~A3.K_18L.png,182418.5~A3.K_18R.png,train,/data5/chensx/MyProject/UAE/data/arrangement_merged/chr_18/182418.5~A3.K_18L.png,/data5/chensx/MyProject/UAE/data/arrangement_merged/chr_18/182418.5~A3.K_18R.png,0,-0.3462241265549913,,0.0010703206062316,-0.5912722534636825,chromosome
0,0.0009486675262451,182418,182418.5~A30.K_18,18,,normal,182418.5~A30.K_18L.png,182418.5~A30.K_18R.png,train,/data5/chensx/MyProject/UAE/data/arrangement_merged/chr_18/182418.5~A30.K_18L.png,/data5/chensx/MyProject/UAE/data/arrangement_merged/chr_18/182418.5~A30.K_18R.png,0,-0.5112484296651918,,0.0009486675262451,-1.1574515264819971,chromosome
0,0.0015366077423095,182418,182418.5~A5.K_18,18,,normal,182418.5~A5.K_18L.png,182418.5~A5.K_18R.png,train,/data5/chensx/MyProject/UAE/data/arrangement_merged/chr_18/182418.5~A5.K_18L.png,/data5/chensx/MyProject/UAE/data/arrangement_merged/chr_18/182418.5~A5.K_18R.png,0,0.2863016565077712,,0.0015366077423095,1.5788504573766364,chromosome
0,0.0014454126358032,182747,182747.11~A42.K_18,18,,normal,182747.11~A42.K_18L.png,182747.11~A42.K_18R.png,train,/data5/chensx/MyProject/UAE/data/arrangement_merged/chr_18/182747.11~A42.K_18L.png,/data5/chensx/MyProject/UAE/data/arrangement_merged/chr_18/182747.11~A42.K_18R.png,0,0.1830002009077755,,0.0014454126358032,1.1544240547710103,chromosome
0,0.0010713338851928,182747,182747.12~A10.K_18,18,,normal,182747.12~A10.K_18L.png,182747.12~A10.K_18R.png,train,/data5/chensx/MyProject/UAE/data/arrangement_merged/chr_18/182747.12~A10.K_18L.png,/data5/chensx/MyProject/UAE/data/arrangement_merged/chr_18/182747.12~A10.K_18R.png,0,-0.3162469804822601,,0.0010713338851928,-0.586556404545754,chromosome
0,0.0011412501335144,182747,182747.12~A14.K_18,18,,normal,182747.12~A14.K_18L.png,182747.12~A14.K_18R.png,train,/data5/chensx/MyProject/UAE/data/arrangement_merged/chr_18/182747.12~A14.K_18L.png,/data5/chensx/MyProject/UAE/data/arrangement_merged/chr_18/182747.12~A14.K_18R.png,0,-0.2229364413218853,,0.0011412501335144,-0.26116282921429285,chromosome
0,0.0012110471725463,182747,182747.12~A18.K_18,18,,normal,182747.12~A18.K_18L.png,182747.12~A18.K_18R.png,train,/data5/chensx/MyProject/UAE/data/arrangement_merged/chr_18/182747.12~A18.K_18L.png,/data5/chensx/MyProject/UAE/data/arrangement_merged/chr_18/182747.12~A18.K_18R.png,0,-0.129784999414981,,0.0012110471725463,0.06367594036143362,chromosome
0,0.0013750791549682,182747,182747.12~A26.K_18,18,,normal,182747.12~A26.K_18L.png,182747.12~A26.K_18R.png,train,/data5/chensx/MyProject/UAE/data/arrangement_merged/chr_18/182747.12~A26.K_18L.png,/data5/chensx/MyProject/UAE/data/arrangement_merged/chr_18/182747.12~A26.K_18R.png,0,0.0891328213602545,,0.0013750791549682,0.8270886592970361,chromosome
0,0.0012022256851196,182747,182747.12~A28.K_18,18,,normal,182747.12~A28.K_18L.png,182747.12~A28.K_18R.png,train,/data5/chensx/MyProject/UAE/data/arrangement_merged/chr_18/182747.12~A28.K_18L.png,/data5/chensx/MyProject/UAE/data/arrangement_merged/chr_18/182747.12~A28.K_18R.png,0,-0.1415581961717887,,0.0012022256851196,0.022620314488719064,chromosome
0,0.0011070966720581,182747,182747.12~A4.K_18,18,,normal,182747.12~A4.K_18L.png,182747.12~A4.K_18R.png,train,/data5/chensx/MyProject/UAE/data/arrangement_merged/chr_18/182747.12~A4.K_18L.png,/data5/chensx/MyProject/UAE/data/arrangement_merged/chr_18/182747.12~A4.K_18R.png,0,-0.2685178044411477,,0.0011070966720581,-0.4201146780333509,chromosome
0,0.0010408759117126,182747,182747.13~A33.K_18,18,,normal,182747.13~A33.K_18L.png,182747.13~A33.K_18R.png,train,/data5/chensx/MyProject/UAE/data/arrangement_merged/chr_18/182747.13~A33.K_18L.png,/data5/chensx/MyProject/UAE/data/arrangement_merged/chr_18/182747.13~A33.K_18R.png,0,-0.3568963287439408,,0.0010408759117126,-0.7283092749584419,chromosome
0,0.001003623008728,182747,182747.13~A45.K_18,18,,normal,182747.13~A45.K_18L.png,182747.13~A45.K_18R.png,train,/data5/chensx/MyProject/UAE/data/arrangement_merged/chr_18/182747.13~A45.K_18L.png,/data5/chensx/MyProject/UAE/data/arrangement_merged/chr_18/182747.13~A45.K_18R.png,0,-0.4066142204534329,,0.001003623008728,-0.9016860734084544,chromosome
0,0.0013607740402221,182747,182747.13~A5.K_18,18,,normal,182747.13~A5.K_18L.png,182747.13~A5.K_18R.png,train,/data5/chensx/MyProject/UAE/data/arrangement_merged/chr_18/182747.13~A5.K_18L.png,/data5/chensx/MyProject/UAE/data/arrangement_merged/chr_18/182747.13~A5.K_18R.png,0,0.0700411509438095,,0.0013607740402221,0.760511968692169,chromosome
0,0.0014965534210205,182747,182747.1~A15.K_18,18,,normal,182747.1~A15.K_18L.png,182747.1~A15.K_18R.png,train,/data5/chensx/MyProject/UAE/data/arrangement_merged/chr_18/182747.1~A15.K_18L.png,/data5/chensx/MyProject/UAE/data/arrangement_merged/chr_18/182747.1~A15.K_18R.png,0,0.2512529226465662,,0.0014965534210205,1.3924357236833782,chromosome
0,0.0014559030532836,182747,182747.1~A42.K_18,18,,normal,182747.1~A42.K_18L.png,182747.1~A42.K_18R.png,train,/data5/chensx/MyProject/UAE/data/arrangement_merged/chr_18/182747.1~A42.K_18L.png,/data5/chensx/MyProject/UAE/data/arrangement_merged/chr_18/182747.1~A42.K_18R.png,0,0.1970007592131685,,0.0014559030532836,1.2032469612142378,chromosome
0,0.0010648965835571,182747,182747.2~A13.K_18,18,,normal,182747.2~A13.K_18L.png,182747.2~A13.K_18R.png,train,/data5/chensx/MyProject/UAE/data/arrangement_merged/chr_18/182747.2~A13.K_18L.png,/data5/chensx/MyProject/UAE/data/arrangement_merged/chr_18/182747.2~A13.K_18R.png,0,-0.3248382321696603,,0.0010648965835571,-0.6165159153177348,chromosome
0,0.0014801025390625,182747,182747.3~A20.K_18,18,,normal,182747.3~A20.K_18L.png,182747.3~A20.K_18R.png,train,/data5/chensx/MyProject/UAE/data/arrangement_merged/chr_18/182747.3~A20.K_18L.png,/data5/chensx/MyProject/UAE/data/arrangement_merged/chr_18/182747.3~A20.K_18R.png,0,0.2292975016676545,,0.0014801025390625,1.3158725294878497,chromosome
0,0.0016831755638122,182747,182747.3~A24.K_18,18,,normal,182747.3~A24.K_18L.png,182747.3~A24.K_18R.png,train,/data5/chensx/MyProject/UAE/data/arrangement_merged/chr_18/182747.3~A24.K_18L.png,/data5/chensx/MyProject/UAE/data/arrangement_merged/chr_18/182747.3~A24.K_18R.png,0,0.5003196729544378,,0.0016831755638122,2.260984133198782,chromosome
0,0.0013868808746337,182747,182747.3~A35.K_18,18,,normal,182747.3~A35.K_18L.png,182747.3~A35.K_18R.png,train,/data5/chensx/MyProject/UAE/data/arrangement_merged/chr_18/182747.3~A35.K_18L.png,/data5/chensx/MyProject/UAE/data/arrangement_merged/chr_18/182747.3~A35.K_18R.png,0,0.1048834494538215,,0.0013868808746337,0.8820144290459011,chromosome
0,0.0012692213058471,182747,182747.4~A1.K_18,18,,normal,182747.4~A1.K_18L.png,182747.4~A1.K_18R.png,train,/data5/chensx/MyProject/UAE/data/arrangement_merged/chr_18/182747.4~A1.K_18L.png,/data5/chensx/MyProject/UAE/data/arrangement_merged/chr_18/182747.4~A1.K_18R.png,0,-0.0521455397214381,,0.0012692213058471,0.3344211488211998,chromosome
0,0.0009735822677612,182747,182747.4~A32.K_18,18,,normal,182747.4~A32.K_18L.png,182747.4~A32.K_18R.png,train,/data5/chensx/MyProject/UAE/data/arrangement_merged/chr_18/182747.4~A32.K_18L.png,/data5/chensx/MyProject/UAE/data/arrangement_merged/chr_18/182747.4~A32.K_18R.png,0,-0.4467067283279673,,0.0009735822677612,-1.0414971236786308,chromosome
0,0.0011934041976928,182747,182747.4~A33.K_18,18,,normal,182747.4~A33.K_18L.png,182747.4~A33.K_18R.png,train,/data5/chensx/MyProject/UAE/data/arrangement_merged/chr_18/182747.4~A33.K_18L.png,/data5/chensx/MyProject/UAE/data/arrangement_merged/chr_18/182747.4~A33.K_18R.png,0,-0.1533313929285964,,0.0011934041976928,-0.018435311384461736,chromosome
0,0.0011284351348876,182747,182747.4~A35.K_18,18,,normal,182747.4~A35.K_18L.png,182747.4~A35.K_18R.png,train,/data5/chensx/MyProject/UAE/data/arrangement_merged/chr_18/182747.4~A35.K_18L.png,/data5/chensx/MyProject/UAE/data/arrangement_merged/chr_18/182747.4~A35.K_18R.png,0,-0.2400393960699506,,0.0011284351348876,-0.3208044478815516,chromosome
0,0.0015212297439575,182747,182747.4~A41.K_18,18,,normal,182747.4~A41.K_18L.png,182747.4~A41.K_18R.png,train,/data5/chensx/MyProject/UAE/data/arrangement_merged/chr_18/182747.4~A41.K_18L.png,/data5/chensx/MyProject/UAE/data/arrangement_merged/chr_18/182747.4~A41.K_18R.png,0,0.2841860541149338,,0.0015212297439575,1.5072805149766708,chromosome
0,0.0014113187789916,182747,182747.4~A43.K_18,18,,normal,182747.4~A43.K_18L.png,182747.4~A43.K_18R.png,train,/data5/chensx/MyProject/UAE/data/arrangement_merged/chr_18/182747.4~A43.K_18L.png,/data5/chensx/MyProject/UAE/data/arrangement_merged/chr_18/182747.4~A43.K_18R.png,0,0.1374983864152484,,0.0014113187789916,0.9957496088291202,chromosome
0,0.0009243488311767,182747,182747.4~A9.K_18,18,,normal,182747.4~A9.K_18L.png,182747.4~A9.K_18R.png,train,/data5/chensx/MyProject/UAE/data/arrangement_merged/chr_18/182747.4~A9.K_18L.png,/data5/chensx/MyProject/UAE/data/arrangement_merged/chr_18/182747.4~A9.K_18R.png,0,-0.512413894011232,,0.0009243488311767,-1.270631900510412,chromosome
0,0.0010185241699218,183038,183038.11~A13.K_18,18,,normal,183038.11~A13.K_18L.png,183038.11~A13.K_18R.png,train,/data5/chensx/MyProject/UAE/data/arrangement_merged/chr_18/183038.11~A13.K_18L.png,/data5/chensx/MyProject/UAE/data/arrangement_merged/chr_18/183038.11~A13.K_18R.png,0,-0.3994405069749184,,0.0010185241699218,-0.8323353540286359,chromosome
0,0.001211404800415,183038,183038.11~A39.K_18,18,,normal,183038.11~A39.K_18L.png,183038.11~A39.K_18R.png,train,/data5/chensx/MyProject/UAE/data/arrangement_merged/chr_18/183038.11~A39.K_18L.png,/data5/chensx/MyProject/UAE/data/arrangement_merged/chr_18/183038.11~A39.K_18R.png,0,-0.1506381905286936,,0.001211404800415,0.06534035762677662,chromosome
0,0.0010300278663635,183038,183038.12~A11.K_18,18,,normal,183038.12~A11.K_18L.png,183038.12~A11.K_18R.png,train,/data5/chensx/MyProject/UAE/data/arrangement_merged/chr_18/183038.12~A11.K_18L.png,/data5/chensx/MyProject/UAE/data/arrangement_merged/chr_18/183038.12~A11.K_18R.png,0,-0.3846015554687004,,0.0010300278663635,-0.7787965986670135,chromosome
0,0.0011918544769287,183038,183038.12~A45.K_18,18,,normal,183038.12~A45.K_18L.png,183038.12~A45.K_18R.png,train,/data5/chensx/MyProject/UAE/data/arrangement_merged/chr_18/183038.12~A45.K_18L.png,/data5/chensx/MyProject/UAE/data/arrangement_merged/chr_18/183038.12~A45.K_18R.png,0,-0.1758567195133543,,0.0011918544769287,-0.025647786199705404,chromosome
0,0.0014987587928771,183038,183038.13~A11.K_18,18,,normal,183038.13~A11.K_18L.png,183038.13~A11.K_18R.png,train,/data5/chensx/MyProject/UAE/data/arrangement_merged/chr_18/183038.13~A11.K_18L.png,/data5/chensx/MyProject/UAE/data/arrangement_merged/chr_18/183038.13~A11.K_18R.png,0,0.2200280540903575,,0.0014987587928771,1.4026996301512074,chromosome
0,0.0012122392654418,183038,183038.13~A29.K_18,18,,normal,183038.13~A29.K_18L.png,183038.13~A29.K_18R.png,train,/data5/chensx/MyProject/UAE/data/arrangement_merged/chr_18/183038.13~A29.K_18L.png,/data5/chensx/MyProject/UAE/data/arrangement_merged/chr_18/183038.13~A29.K_18R.png,0,-0.1495617899012996,,0.0012122392654418,0.06922399791180053,chromosome
0,0.0009651184082031,183038,183038.13~A39.K_18,18,,normal,183038.13~A39.K_18L.png,183038.13~A39.K_18R.png,train,/data5/chensx/MyProject/UAE/data/arrangement_merged/chr_18/183038.13~A39.K_18L.png,/data5/chensx/MyProject/UAE/data/arrangement_merged/chr_18/183038.13~A39.K_18R.png,0,-0.4683301471281377,,0.0009651184082031,-1.0808883322864686,chromosome
0,0.0009555220603942,183038,183038.13~A47.K_18,18,,normal,183038.13~A47.K_18L.png,183038.13~A47.K_18R.png,train,/data5/chensx/MyProject/UAE/data/arrangement_merged/chr_18/183038.13~A47.K_18L.png,/data5/chensx/MyProject/UAE/data/arrangement_merged/chr_18/183038.13~A47.K_18R.png,0,-0.4807087543431692,,0.0009555220603942,-1.1255501955675034,chromosome
0,0.0011367201805114,183038,183038.14~A2.K_18,18,,normal,183038.14~A2.K_18L.png,183038.14~A2.K_18R.png,train,/data5/chensx/MyProject/UAE/data/arrangement_merged/chr_18/183038.14~A2.K_18L.png,/data5/chensx/MyProject/UAE/data/arrangement_merged/chr_18/183038.14~A2.K_18R.png,0,-0.2469760466804612,,0.0011367201805114,-0.2822454479061522,chromosome
0,0.0013525485992431,183038,183038.14~A3.K_18,18,,normal,183038.14~A3.K_18L.png,183038.14~A3.K_18R.png,train,/data5/chensx/MyProject/UAE/data/arrangement_merged/chr_18/183038.14~A3.K_18L.png,/data5/chensx/MyProject/UAE/data/arrangement_merged/chr_18/183038.14~A3.K_18R.png,0,0.0314272870190999,,0.0013525485992431,0.7222303715944047,chromosome
0,0.0010936260223388,183038,183038.14~A30.K_18,18,,normal,183038.14~A30.K_18L.png,183038.14~A30.K_18R.png,train,/data5/chensx/MyProject/UAE/data/arrangement_merged/chr_18/183038.14~A30.K_18L.png,/data5/chensx/MyProject/UAE/data/arrangement_merged/chr_18/183038.14~A30.K_18R.png,0,-0.3025644505094539,,0.0010936260223388,-0.4828077283531952,chromosome
0,0.0010695457458496,183038,183038.14~A34.K_18,18,,normal,183038.14~A34.K_18L.png,183038.14~A34.K_18R.png,train,/data5/chensx/MyProject/UAE/data/arrangement_merged/chr_18/183038.14~A34.K_18L.png,/data5/chensx/MyProject/UAE/data/arrangement_merged/chr_18/183038.14~A34.K_18R.png,0,-0.3336262971856822,,0.0010695457458496,-0.5948784908710713,chromosome
0,0.001096487045288,183038,183038.14~A48.K_18,18,,normal,183038.14~A48.K_18L.png,183038.14~A48.K_18R.png,train,/data5/chensx/MyProject/UAE/data/arrangement_merged/chr_18/183038.14~A48.K_18L.png,/data5/chensx/MyProject/UAE/data/arrangement_merged/chr_18/183038.14~A48.K_18R.png,0,-0.2988739340726743,,0.001096487045288,-0.46949239023231415,chromosome
0,0.0009938478469848,183038,183038.14~A9.K_18,18,,normal,183038.14~A9.K_18L.png,183038.14~A9.K_18R.png,train,/data5/chensx/MyProject/UAE/data/arrangement_merged/chr_18/183038.14~A9.K_18L.png,/data5/chensx/MyProject/UAE/data/arrangement_merged/chr_18/183038.14~A9.K_18R.png,0,-0.4312712112421425,,0.0009938478469848,-0.9471801453219286,chromosome
0,0.0013593435287475,183038,183038.1~A28.K_18,18,,normal,183038.1~A28.K_18L.png,183038.1~A28.K_18R.png,train,/data5/chensx/MyProject/UAE/data/arrangement_merged/chr_18/183038.1~A28.K_18L.png,/data5/chensx/MyProject/UAE/data/arrangement_merged/chr_18/183038.1~A28.K_18R.png,0,0.0401922635564515,,0.0013593435287475,0.7538542996317285,chromosome
0,0.0011013746261596,183038,183038.2~A12.K_18,18,,normal,183038.2~A12.K_18L.png,183038.2~A12.K_18R.png,train,/data5/chensx/MyProject/UAE/data/arrangement_merged/chr_18/183038.2~A12.K_18L.png,/data5/chensx/MyProject/UAE/data/arrangement_merged/chr_18/183038.2~A12.K_18R.png,0,-0.2925693018265092,,0.0011013746261596,-0.4467453542755771,chromosome
0,0.0012511014938354,183038,183038.2~A13.K_18,18,,normal,183038.2~A13.K_18L.png,183038.2~A13.K_18R.png,train,/data5/chensx/MyProject/UAE/data/arrangement_merged/chr_18/183038.2~A13.K_18L.png,/data5/chensx/MyProject/UAE/data/arrangement_merged/chr_18/183038.2~A13.K_18R.png,0,-0.0994322749683767,,0.0012511014938354,0.2500906740551572,chromosome
0,0.0012429356575012,183038,183038.2~A15.K_18,18,,normal,183038.2~A15.K_18L.png,183038.2~A15.K_18R.png,train,/data5/chensx/MyProject/UAE/data/arrangement_merged/chr_18/183038.2~A15.K_18L.png,/data5/chensx/MyProject/UAE/data/arrangement_merged/chr_18/183038.2~A15.K_18R.png,0,-0.1099656239650185,,0.0012429356575012,0.21208647983502824,chromosome
0,0.000996708869934,183038,183038.2~A21.K_18,18,,normal,183038.2~A21.K_18L.png,183038.2~A21.K_18R.png,train,/data5/chensx/MyProject/UAE/data/arrangement_merged/chr_18/183038.2~A21.K_18L.png,/data5/chensx/MyProject/UAE/data/arrangement_merged/chr_18/183038.2~A21.K_18R.png,0,-0.4275806948053629,,0.000996708869934,-0.9338648072010476,chromosome
0,0.0010656118392944,183038,183038.2~A43.K_18,18,,normal,183038.2~A43.K_18L.png,183038.2~A43.K_18R.png,train,/data5/chensx/MyProject/UAE/data/arrangement_merged/chr_18/183038.2~A43.K_18L.png,/data5/chensx/MyProject/UAE/data/arrangement_merged/chr_18/183038.2~A43.K_18R.png,0,-0.3387007572862542,,0.0010656118392944,-0.6131870807875149,chromosome
0,0.001023530960083,183038,183038.2~A46.K_18,18,,normal,183038.2~A46.K_18L.png,183038.2~A46.K_18R.png,train,/data5/chensx/MyProject/UAE/data/arrangement_merged/chr_18/183038.2~A46.K_18L.png,/data5/chensx/MyProject/UAE/data/arrangement_merged/chr_18/183038.2~A46.K_18R.png,0,-0.3929821032105541,,0.001023530960083,-0.8090335123166295,chromosome
0,0.0012071728706359,183038,183038.2~A47.K_18,18,,normal,183038.2~A47.K_18L.png,183038.2~A47.K_18R.png,train,/data5/chensx/MyProject/UAE/data/arrangement_merged/chr_18/183038.2~A47.K_18L.png,/data5/chensx/MyProject/UAE/data/arrangement_merged/chr_18/183038.2~A47.K_18R.png,0,-0.1560970794247635,,0.0012071728706359,0.045644753322625096,chromosome
0,0.000820517539978,183038,183038.3~A12.K_18,18,,normal,183038.3~A12.K_18L.png,183038.3~A12.K_18R.png,train,/data5/chensx/MyProject/UAE/data/arrangement_merged/chr_18/183038.3~A12.K_18L.png,/data5/chensx/MyProject/UAE/data/arrangement_merged/chr_18/183038.3~A12.K_18R.png,0,-0.6548549987037067,,0.000820517539978,-1.7538677131503928,chromosome
0,0.0011900663375854,183038,183038.3~A19.K_18,18,,normal,183038.3~A19.K_18L.png,183038.3~A19.K_18R.png,train,/data5/chensx/MyProject/UAE/data/arrangement_merged/chr_18/183038.3~A19.K_18L.png,/data5/chensx/MyProject/UAE/data/arrangement_merged/chr_18/183038.3~A19.K_18R.png,0,-0.1781632922863415,,0.0011900663375854,-0.033969872525488894,chromosome
0,0.0009344816207885,183038,183038.3~A30.K_18,18,,normal,183038.3~A30.K_18L.png,183038.3~A30.K_18R.png,train,/data5/chensx/MyProject/UAE/data/arrangement_merged/chr_18/183038.3~A30.K_18L.png,/data5/chensx/MyProject/UAE/data/arrangement_merged/chr_18/183038.3~A30.K_18R.png,0,-0.5078494273053192,,0.0009344816207885,-1.2234734113320611,chromosome
0,0.0011996626853942,183038,183038.3~A36.K_18,18,,normal,183038.3~A36.K_18L.png,183038.3~A36.K_18R.png,train,/data5/chensx/MyProject/UAE/data/arrangement_merged/chr_18/183038.3~A36.K_18L.png,/data5/chensx/MyProject/UAE/data/arrangement_merged/chr_18/183038.3~A36.K_18R.png,0,-0.1657846850713099,,0.0011996626853942,0.010691990755080618,chromosome
0,0.001197338104248,183038,183038.4~A15.K_18,18,,normal,183038.4~A15.K_18L.png,183038.4~A15.K_18R.png,train,/data5/chensx/MyProject/UAE/data/arrangement_merged/chr_18/183038.4~A15.K_18L.png,/data5/chensx/MyProject/UAE/data/arrangement_merged/chr_18/183038.4~A15.K_18R.png,0,-0.1687832296761933,,0.001197338104248,-0.00012672146801800109,chromosome
0,0.001393437385559,183038,183038.4~A24.K_18,18,,normal,183038.4~A24.K_18L.png,183038.4~A24.K_18R.png,train,/data5/chensx/MyProject/UAE/data/arrangement_merged/chr_18/183038.4~A24.K_18L.png,/data5/chensx/MyProject/UAE/data/arrangement_merged/chr_18/183038.4~A24.K_18R.png,0,0.0841709177614084,,0.001393437385559,0.9125287455731523,chromosome
0,0.001245379447937,183038,183038.4~A36.K_18,18,,normal,183038.4~A36.K_18L.png,183038.4~A36.K_18R.png,train,/data5/chensx/MyProject/UAE/data/arrangement_merged/chr_18/183038.4~A36.K_18L.png,/data5/chensx/MyProject/UAE/data/arrangement_merged/chr_18/183038.4~A36.K_18R.png,0,-0.1068133078419359,,0.001245379447937,0.22345999781339626,chromosome
0,0.0012066960334777,183038,183038.4~A39.K_18,18,,normal,183038.4~A39.K_18L.png,183038.4~A39.K_18R.png,train,/data5/chensx/MyProject/UAE/data/arrangement_merged/chr_18/183038.4~A39.K_18L.png,/data5/chensx/MyProject/UAE/data/arrangement_merged/chr_18/183038.4~A39.K_18R.png,0,-0.1567121654975601,,0.0012066960334777,0.04342553030247793,chromosome
0,0.001042366027832,183079,183079.11~A27.K_18,18,,normal,183079.11~A27.K_18L.png,183079.11~A27.K_18R.png,train,/data5/chensx/MyProject/UAE/data/arrangement_merged/chr_18/183079.11~A27.K_18L.png,/data5/chensx/MyProject/UAE/data/arrangement_merged/chr_18/183079.11~A27.K_18R.png,0,-0.331037895914741,,0.001042366027832,-0.7213742030203671,chromosome
0,0.0017127990722656,183079,183079.12~A27.K_18,18,,normal,183079.12~A27.K_18L.png,183079.12~A27.K_18R.png,train,/data5/chensx/MyProject/UAE/data/arrangement_merged/chr_18/183079.12~A27.K_18L.png,/data5/chensx/MyProject/UAE/data/arrangement_merged/chr_18/183079.12~A27.K_18R.png,0,0.575556221837106,,0.0017127990722656,2.398853363326447,chromosome
0,0.0012710094451904,183079,183079.12~A37.K_18,18,,normal,183079.12~A37.K_18L.png,183079.12~A37.K_18R.png,train,/data5/chensx/MyProject/UAE/data/arrangement_merged/chr_18/183079.12~A37.K_18L.png,/data5/chensx/MyProject/UAE/data/arrangement_merged/chr_18/183079.12~A37.K_18R.png,0,-0.0218544823571231,,0.0012710094451904,0.34274323514698224,chromosome
0,0.0013290643692016,183079,183079.12~A44.K_18,18,,normal,183079.12~A44.K_18L.png,183079.12~A44.K_18R.png,train,/data5/chensx/MyProject/UAE/data/arrangement_merged/chr_18/183079.12~A44.K_18L.png,/data5/chensx/MyProject/UAE/data/arrangement_merged/chr_18/183079.12~A44.K_18R.png,0,0.0566503781238777,,0.0013290643692016,0.612933637851479,chromosome
0,0.0011295080184936,183079,183079.13~A12.K_18,18,,normal,183079.13~A12.K_18L.png,183079.13~A12.K_18R.png,train,/data5/chensx/MyProject/UAE/data/arrangement_merged/chr_18/183079.13~A12.K_18L.png,/data5/chensx/MyProject/UAE/data/arrangement_merged/chr_18/183079.13~A12.K_18R.png,0,-0.2132000047204664,,0.0011295080184936,-0.31581119608598784,chromosome
0,0.0014734268188476,183079,183079.13~A19.K_18,18,,normal,183079.13~A19.K_18L.png,183079.13~A19.K_18R.png,train,/data5/chensx/MyProject/UAE/data/arrangement_merged/chr_18/183079.13~A19.K_18L.png,/data5/chensx/MyProject/UAE/data/arrangement_merged/chr_18/183079.13~A19.K_18R.png,0,0.2518647231803299,,0.0014734268188476,1.28480340720533,chromosome
0,0.0013144612312316,183079,183079.13~A27.K_18,18,,normal,183079.13~A27.K_18L.png,183079.13~A27.K_18R.png,train,/data5/chensx/MyProject/UAE/data/arrangement_merged/chr_18/183079.13~A27.K_18L.png,/data5/chensx/MyProject/UAE/data/arrangement_merged/chr_18/183079.13~A27.K_18R.png,0,0.0369032622944678,,0.0013144612312316,0.5449699328589019,chromosome
0,0.000973641872406,183079,183079.13~A6.K_18,18,,normal,183079.13~A6.K_18L.png,183079.13~A6.K_18R.png,train,/data5/chensx/MyProject/UAE/data/arrangement_merged/chr_18/183079.13~A6.K_18L.png,/data5/chensx/MyProject/UAE/data/arrangement_merged/chr_18/183079.13~A6.K_18R.png,0,-0.4239702410221271,,0.000973641872406,-1.0412197208009961,chromosome
0,0.0010269284248352,183079,183079.13~A9.K_18,18,,normal,183079.13~A9.K_18L.png,183079.13~A9.K_18R.png,train,/data5/chensx/MyProject/UAE/data/arrangement_merged/chr_18/183079.13~A9.K_18L.png,/data5/chensx/MyProject/UAE/data/arrangement_merged/chr_18/183079.13~A9.K_18R.png,0,-0.3519134183629742,,0.0010269284248352,-0.7932215482979671,chromosome
0,0.0011249780654907,183079,183079.14~A11.K_18,18,,normal,183079.14~A11.K_18L.png,183079.14~A11.K_18R.png,train,/data5/chensx/MyProject/UAE/data/arrangement_merged/chr_18/183079.14~A11.K_18L.png,/data5/chensx/MyProject/UAE/data/arrangement_merged/chr_18/183079.14~A11.K_18R.png,0,-0.2193256406512221,,0.0011249780654907,-0.33689381477738195,chromosome
0,0.001355767250061,183079,183079.14~A13.K_18,18,,normal,183079.14~A13.K_18L.png,183079.14~A13.K_18R.png,train,/data5/chensx/MyProject/UAE/data/arrangement_merged/chr_18/183079.14~A13.K_18L.png,/data5/chensx/MyProject/UAE/data/arrangement_merged/chr_18/183079.14~A13.K_18R.png,0,0.0927593899262273,,0.001355767250061,0.7372101269806277,chromosome
0,0.0009680986404418,183079,183079.14~A23.K_18,18,,normal,183079.14~A23.K_18L.png,183079.14~A23.K_18R.png,train,/data5/chensx/MyProject/UAE/data/arrangement_merged/chr_18/183079.14~A23.K_18L.png,/data5/chensx/MyProject/UAE/data/arrangement_merged/chr_18/183079.14~A23.K_18R.png,0,-0.4314660849900255,,0.0009680986404418,-1.067018188410784,chromosome
0,0.0011017322540283,183079,183079.14~A24.K_18,18,,normal,183079.14~A24.K_18L.png,183079.14~A24.K_18R.png,train,/data5/chensx/MyProject/UAE/data/arrangement_merged/chr_18/183079.14~A24.K_18L.png,/data5/chensx/MyProject/UAE/data/arrangement_merged/chr_18/183079.14~A24.K_18R.png,0,-0.2507598250327317,,0.0011017322540283,-0.4450809370102351,chromosome
0,0.0009241104125976,183079,183079.14~A26.K_18,18,,normal,183079.14~A26.K_18L.png,183079.14~A26.K_18R.png,train,/data5/chensx/MyProject/UAE/data/arrangement_merged/chr_18/183079.14~A26.K_18L.png,/data5/chensx/MyProject/UAE/data/arrangement_merged/chr_18/183079.14~A26.K_18R.png,0,-0.4909492338965745,,0.0009241104125976,-1.2717415120204856,chromosome
0,0.0011929273605346,183079,183079.14~A28.K_18,18,,normal,183079.14~A28.K_18L.png,183079.14~A28.K_18R.png,train,/data5/chensx/MyProject/UAE/data/arrangement_merged/chr_18/183079.14~A28.K_18L.png,/data5/chensx/MyProject/UAE/data/arrangement_merged/chr_18/183079.14~A28.K_18R.png,0,-0.1274411016898863,,0.0011929273605346,-0.020654534404607898,chromosome
0,0.0010187625885009,183079,183079.14~A3.K_18,18,,normal,183079.14~A3.K_18L.png,183079.14~A3.K_18R.png,train,/data5/chensx/MyProject/UAE/data/arrangement_merged/chr_18/183079.14~A3.K_18L.png,/data5/chensx/MyProject/UAE/data/arrangement_merged/chr_18/183079.14~A3.K_18R.png,0,-0.3629556831328892,,0.0010187625885009,-0.8312257425185623,chromosome
0,0.0012146234512329,183079,183079.14~A34.K_18,18,,normal,183079.14~A34.K_18L.png,183079.14~A34.K_18R.png,train,/data5/chensx/MyProject/UAE/data/arrangement_merged/chr_18/183079.14~A34.K_18L.png,/data5/chensx/MyProject/UAE/data/arrangement_merged/chr_18/183079.14~A34.K_18R.png,0,-0.0981025296004773,,0.0012146234512329,0.0803201130129996,chromosome
0,0.0010570287704467,183079,183079.14~A38.K_18,18,,normal,183079.14~A38.K_18L.png,183079.14~A38.K_18R.png,train,/data5/chensx/MyProject/UAE/data/arrangement_merged/chr_18/183079.14~A38.K_18L.png,/data5/chensx/MyProject/UAE/data/arrangement_merged/chr_18/183079.14~A38.K_18R.png,0,-0.311210179612558,,0.0010570287704467,-0.6531330951506222,chromosome
0,0.0015243291854858,183079,183079.14~A6.K_18,18,,normal,183079.14~A6.K_18L.png,183079.14~A6.K_18R.png,train,/data5/chensx/MyProject/UAE/data/arrangement_merged/chr_18/183079.14~A6.K_18L.png,/data5/chensx/MyProject/UAE/data/arrangement_merged/chr_18/183079.14~A6.K_18R.png,0,0.3206975269285586,,0.0015243291854858,1.5217054646076242,chromosome
0,0.000999093055725,183079,183079.2~A40.K_18,18,,normal,183079.2~A40.K_18L.png,183079.2~A40.K_18R.png,train,/data5/chensx/MyProject/UAE/data/arrangement_merged/chr_18/183079.2~A40.K_18L.png,/data5/chensx/MyProject/UAE/data/arrangement_merged/chr_18/183079.2~A40.K_18R.png,0,-0.3895538391480127,,0.000999093055725,-0.9227686921003138,chromosome
0,0.0012465715408325,183079,183079.2~A8.K_18,18,,normal,183079.2~A8.K_18L.png,183079.2~A8.K_18R.png,train,/data5/chensx/MyProject/UAE/data/arrangement_merged/chr_18/183079.2~A8.K_18L.png,/data5/chensx/MyProject/UAE/data/arrangement_merged/chr_18/183079.2~A8.K_18R.png,0,-0.0549006761940948,,0.0012465715408325,0.22900805536376317,chromosome
0,0.0012328624725341,183079,183079.3~A16.K_18,18,,normal,183079.3~A16.K_18L.png,183079.3~A16.K_18R.png,train,/data5/chensx/MyProject/UAE/data/arrangement_merged/chr_18/183079.3~A16.K_18L.png,/data5/chensx/MyProject/UAE/data/arrangement_merged/chr_18/183079.3~A16.K_18R.png,0,-0.0734387849319082,,0.0012328624725341,0.1652053935338463,chromosome
0,0.0014370679855346,183079,183079.3~A22.K_18,18,,normal,183079.3~A22.K_18L.png,183079.3~A22.K_18R.png,train,/data5/chensx/MyProject/UAE/data/arrangement_merged/chr_18/183079.3~A22.K_18L.png,/data5/chensx/MyProject/UAE/data/arrangement_merged/chr_18/183079.3~A22.K_18R.png,0,0.2026984347887379,,0.0014370679855346,1.1155876519179766,chromosome
0,0.0014413595199584,183079,183079.3~A5.K_18,18,,normal,183079.3~A5.K_18L.png,183079.3~A5.K_18R.png,train,/data5/chensx/MyProject/UAE/data/arrangement_merged/chr_18/183079.3~A5.K_18L.png,/data5/chensx/MyProject/UAE/data/arrangement_merged/chr_18/183079.3~A5.K_18R.png,0,0.2085016688284012,,0.0014413595199584,1.135560659099297,chromosome
0,0.0007084608078002,183079,183079.3~A7.K_18,18,,normal,183079.3~A7.K_18L.png,183079.3~A7.K_18R.png,train,/data5/chensx/MyProject/UAE/data/arrangement_merged/chr_18/183079.3~A7.K_18L.png,/data5/chensx/MyProject/UAE/data/arrangement_merged/chr_18/183079.3~A7.K_18R.png,0,-0.7825617443896562,,0.0007084608078002,-2.2753851228886033,chromosome
0,0.0013806819915771,183079,183079.4~A13.K_18,18,,normal,183079.4~A13.K_18L.png,183079.4~A13.K_18R.png,train,/data5/chensx/MyProject/UAE/data/arrangement_merged/chr_18/183079.4~A13.K_18L.png,/data5/chensx/MyProject/UAE/data/arrangement_merged/chr_18/183079.4~A13.K_18R.png,0,0.1264503875453837,,0.0013806819915771,0.853164529783994,chromosome
0,0.0009834766387939,183079,183079.4~A17.K_18,18,,normal,183079.4~A17.K_18L.png,183079.4~A17.K_18R.png,train,/data5/chensx/MyProject/UAE/data/arrangement_merged/chr_18/183079.4~A17.K_18L.png,/data5/chensx/MyProject/UAE/data/arrangement_merged/chr_18/183079.4~A17.K_18R.png,0,-0.4106711630145653,,0.0009834766387939,-0.9954482460103531,chromosome
0,0.0009009838104248,183079,183079.4~A18.K_18,18,,normal,183079.4~A18.K_18L.png,183079.4~A18.K_18R.png,train,/data5/chensx/MyProject/UAE/data/arrangement_merged/chr_18/183079.4~A18.K_18L.png,/data5/chensx/MyProject/UAE/data/arrangement_merged/chr_18/183079.4~A18.K_18R.png,0,-0.5222222173325379,,0.0009009838104248,-1.3793738284980683,chromosome
0,0.0013476610183715,183079,183079.4~A23.K_18,18,,normal,183079.4~A23.K_18L.png,183079.4~A23.K_18R.png,train,/data5/chensx/MyProject/UAE/data/arrangement_merged/chr_18/183079.4~A23.K_18L.png,/data5/chensx/MyProject/UAE/data/arrangement_merged/chr_18/183079.4~A23.K_18R.png,0,0.0817977256290854,,0.0013476610183715,0.6994833356376677,chromosome
0,0.0015722513198852,183079,183079.4~A29.K_18,18,,normal,183079.4~A29.K_18L.png,183079.4~A29.K_18R.png,train,/data5/chensx/MyProject/UAE/data/arrangement_merged/chr_18/183079.4~A29.K_18L.png,/data5/chensx/MyProject/UAE/data/arrangement_merged/chr_18/183079.4~A29.K_18R.png,0,0.3855003070381324,,0.0015722513198852,1.7447373781337692,chromosome
0,0.0009711980819702,183079,183079.4~A4.K_18,18,,normal,183079.4~A4.K_18L.png,183079.4~A4.K_18R.png,train,/data5/chensx/MyProject/UAE/data/arrangement_merged/chr_18/183079.4~A4.K_18L.png,/data5/chensx/MyProject/UAE/data/arrangement_merged/chr_18/183079.4~A4.K_18R.png,0,-0.4272748604058243,,0.0009711980819702,-1.0525932387793646,chromosome
0,0.001117467880249,183079,183079.4~A50.K_18,18,,normal,183079.4~A50.K_18L.png,183079.4~A50.K_18R.png,train,/data5/chensx/MyProject/UAE/data/arrangement_merged/chr_18/183079.4~A50.K_18L.png,/data5/chensx/MyProject/UAE/data/arrangement_merged/chr_18/183079.4~A50.K_18R.png,0,-0.2294813002206329,,0.001117467880249,-0.37184657734492643,chromosome
0,0.0010585784912109,183214,183214.11~A34.K_18,18,,normal,183214.11~A34.K_18L.png,183214.11~A34.K_18R.png,train,/data5/chensx/MyProject/UAE/data/arrangement_merged/chr_18/183214.11~A34.K_18L.png,/data5/chensx/MyProject/UAE/data/arrangement_merged/chr_18/183214.11~A34.K_18R.png,0,-0.3508052845751454,,0.0010585784912109,-0.6459206203349123,chromosome
0,0.0014975666999816,183214,183214.11~A9.K_18,18,,normal,183214.11~A9.K_18L.png,183214.11~A9.K_18R.png,train,/data5/chensx/MyProject/UAE/data/arrangement_merged/chr_18/183214.11~A9.K_18L.png,/data5/chensx/MyProject/UAE/data/arrangement_merged/chr_18/183214.11~A9.K_18R.png,0,0.2249415649323928,,0.0014975666999816,1.3971515726008403,chromosome
0,0.0010700225830078,183214,183214.12~A1.K_18,18,,normal,183214.12~A1.K_18L.png,183214.12~A1.K_18R.png,train,/data5/chensx/MyProject/UAE/data/arrangement_merged/chr_18/183214.12~A1.K_18L.png,/data5/chensx/MyProject/UAE/data/arrangement_merged/chr_18/183214.12~A1.K_18R.png,0,-0.3357959980706719,,0.0010700225830078,-0.592659267850925,chromosome
0,0.0014857649803161,183214,183214.12~A24.K_18,18,,normal,183214.12~A24.K_18L.png,183214.12~A24.K_18R.png,train,/data5/chensx/MyProject/UAE/data/arrangement_merged/chr_18/183214.12~A24.K_18L.png,/data5/chensx/MyProject/UAE/data/arrangement_merged/chr_18/183214.12~A24.K_18R.png,0,0.2094632382246545,,0.0014857649803161,1.3422258028519765,chromosome
0,0.0011643171310424,183214,183214.12~A8.K_18,18,,normal,183214.12~A8.K_18L.png,183214.12~A8.K_18R.png,train,/data5/chensx/MyProject/UAE/data/arrangement_merged/chr_18/183214.12~A8.K_18L.png,/data5/chensx/MyProject/UAE/data/arrangement_merged/chr_18/183214.12~A8.K_18R.png,0,-0.2121257311431871,,0.0011643171310424,-0.15380791561434431,chromosome
0,0.0010170936584472,183214,183214.13~A21.K_18,18,,normal,183214.13~A21.K_18L.png,183214.13~A21.K_18R.png,train,/data5/chensx/MyProject/UAE/data/arrangement_merged/chr_18/183214.13~A21.K_18L.png,/data5/chensx/MyProject/UAE/data/arrangement_merged/chr_18/183214.13~A21.K_18R.png,0,-0.4052139481538618,,0.0010170936584472,-0.8389930230890764,chromosome
0,0.0011165738105773,183214,183214.13~A34.K_18,18,,normal,183214.13~A34.K_18L.png,183214.13~A34.K_18R.png,train,/data5/chensx/MyProject/UAE/data/arrangement_merged/chr_18/183214.13~A34.K_18L.png,/data5/chensx/MyProject/UAE/data/arrangement_merged/chr_18/183214.13~A34.K_18R.png,0,-0.2747425982790375,,0.0011165738105773,-0.37600762050805075,chromosome
0,0.0009909868240356,183214,183214.13~A49.K_18,18,,normal,183214.13~A49.K_18L.png,183214.13~A49.K_18R.png,train,/data5/chensx/MyProject/UAE/data/arrangement_merged/chr_18/183214.13~A49.K_18L.png,/data5/chensx/MyProject/UAE/data/arrangement_merged/chr_18/183214.13~A49.K_18R.png,0,-0.439453882992192,,0.0009909868240356,-0.9604954834428086,chromosome
0,0.0012509822845458,183214,183214.13~A6.K_18,18,,normal,183214.13~A6.K_18L.png,183214.13~A6.K_18R.png,train,/data5/chensx/MyProject/UAE/data/arrangement_merged/chr_18/183214.13~A6.K_18L.png,/data5/chensx/MyProject/UAE/data/arrangement_merged/chr_18/183214.13~A6.K_18R.png,0,-0.0984616552186846,,0.0012509822845458,0.24953586829988783,chromosome
0,0.0011851787567138,183214,183214.14~A11.K_18,18,,normal,183214.14~A11.K_18L.png,183214.14~A11.K_18R.png,train,/data5/chensx/MyProject/UAE/data/arrangement_merged/chr_18/183214.14~A11.K_18L.png,/data5/chensx/MyProject/UAE/data/arrangement_merged/chr_18/183214.14~A11.K_18R.png,0,-0.1847650526194073,,0.0011851787567138,-0.056716908482225964,chromosome
0,0.0012478232383728,183214,183214.14~A17.K_18,18,,normal,183214.14~A17.K_18L.png,183214.14~A17.K_18R.png,train,/data5/chensx/MyProject/UAE/data/arrangement_merged/chr_18/183214.14~A17.K_18L.png,/data5/chensx/MyProject/UAE/data/arrangement_merged/chr_18/183214.14~A17.K_18R.png,0,-0.102604843680857,,0.0012478232383728,0.23483351579176429,chromosome
0,0.0009454488754272,183214,183214.14~A19.K_18,18,,normal,183214.14~A19.K_18L.png,183214.14~A19.K_18R.png,train,/data5/chensx/MyProject/UAE/data/arrangement_merged/chr_18/183214.14~A19.K_18L.png,/data5/chensx/MyProject/UAE/data/arrangement_merged/chr_18/183214.14~A19.K_18R.png,0,-0.4991783355412428,,0.0009454488754272,-1.17243128186822,chromosome
0,0.000920295715332,183214,183214.14~A21.K_18,18,,normal,183214.14~A21.K_18L.png,183214.14~A21.K_18R.png,train,/data5/chensx/MyProject/UAE/data/arrangement_merged/chr_18/183214.14~A21.K_18L.png,/data5/chensx/MyProject/UAE/data/arrangement_merged/chr_18/183214.14~A21.K_18R.png,0,-0.5321674965042003,,0.000920295715332,-1.2894952961816595,chromosome
0,0.0012581944465637,183214,183214.14~A6.K_18,18,,normal,183214.14~A6.K_18L.png,183214.14~A6.K_18R.png,train,/data5/chensx/MyProject/UAE/data/arrangement_merged/chr_18/183214.14~A6.K_18L.png,/data5/chensx/MyProject/UAE/data/arrangement_merged/chr_18/183214.14~A6.K_18R.png,0,-0.0890026777861779,,0.0012581944465637,0.2831016164801898,chromosome
0,0.0014640092849731,183214,183214.2~A19.K_18,18,,normal,183214.2~A19.K_18L.png,183214.2~A19.K_18R.png,train,/data5/chensx/MyProject/UAE/data/arrangement_merged/chr_18/183214.2~A19.K_18L.png,/data5/chensx/MyProject/UAE/data/arrangement_merged/chr_18/183214.2~A19.K_18R.png,0,0.1809299591927127,,0.0014640092849731,1.2409737525571989,chromosome
0,0.0011209249496459,183214,183214.2~A25.K_18,18,,normal,183214.2~A25.K_18L.png,183214.2~A25.K_18R.png,train,/data5/chensx/MyProject/UAE/data/arrangement_merged/chr_18/183214.2~A25.K_18L.png,/data5/chensx/MyProject/UAE/data/arrangement_merged/chr_18/183214.2~A25.K_18R.png,0,-0.2690359424726491,,0.0011209249496459,-0.3557572104490951,chromosome
0,0.0012294054031372,183214,183214.2~A30.K_18,18,,normal,183214.2~A30.K_18L.png,183214.2~A30.K_18R.png,train,/data5/chensx/MyProject/UAE/data/arrangement_merged/chr_18/183214.2~A30.K_18L.png,/data5/chensx/MyProject/UAE/data/arrangement_merged/chr_18/183214.2~A30.K_18R.png,0,-0.126760414148994,,0.0012294054031372,0.149116026638015,chromosome
0,0.0011879205703735,183214,183214.2~A36.K_18,18,,normal,183214.2~A36.K_18L.png,183214.2~A36.K_18R.png,train,/data5/chensx/MyProject/UAE/data/arrangement_merged/chr_18/183214.2~A36.K_18L.png,/data5/chensx/MyProject/UAE/data/arrangement_merged/chr_18/183214.2~A36.K_18R.png,0,-0.1811690777277105,,0.0011879205703735,-0.04395637611614914,chromosome
0,0.0012276768684387,183214,183214.2~A39.K_18,18,,normal,183214.2~A39.K_18L.png,183214.2~A39.K_18R.png,train,/data5/chensx/MyProject/UAE/data/arrangement_merged/chr_18/183214.2~A39.K_18L.png,/data5/chensx/MyProject/UAE/data/arrangement_merged/chr_18/183214.2~A39.K_18R.png,0,-0.1290274417981072,,0.0012276768684387,0.1410713431898667,chromosome
0,0.0010519623756408,183214,183214.2~A45.K_18,18,,normal,183214.2~A45.K_18L.png,183214.2~A45.K_18R.png,train,/data5/chensx/MyProject/UAE/data/arrangement_merged/chr_18/183214.2~A45.K_18L.png,/data5/chensx/MyProject/UAE/data/arrangement_merged/chr_18/183214.2~A45.K_18R.png,0,-0.3594825283355441,,0.0010519623756408,-0.6767123397397976,chromosome
0,0.0011073350906372,183214,183214.2~A6.K_18,18,,normal,183214.2~A6.K_18L.png,183214.2~A6.K_18R.png,train,/data5/chensx/MyProject/UAE/data/arrangement_merged/chr_18/183214.2~A6.K_18L.png,/data5/chensx/MyProject/UAE/data/arrangement_merged/chr_18/183214.2~A6.K_18R.png,0,-0.2868594701967114,,0.0011073350906372,-0.4190050665232773,chromosome
0,0.0015499591827392,183214,183214.3~A12.K_18,18,,normal,183214.3~A12.K_18L.png,183214.3~A12.K_18R.png,train,/data5/chensx/MyProject/UAE/data/arrangement_merged/chr_18/183214.3~A12.K_18L.png,/data5/chensx/MyProject/UAE/data/arrangement_merged/chr_18/183214.3~A12.K_18R.png,0,0.2936559547106856,,0.0015499591827392,1.6409887019412104,chromosome
0,0.0013996362686157,183214,183214.3~A19.K_18,18,,normal,183214.3~A19.K_18L.png,183214.3~A19.K_18R.png,train,/data5/chensx/MyProject/UAE/data/arrangement_merged/chr_18/183214.3~A19.K_18L.png,/data5/chensx/MyProject/UAE/data/arrangement_merged/chr_18/183214.3~A19.K_18R.png,0,0.0965027226050492,,0.0013996362686157,0.9413786448355257,chromosome
0,0.0011872053146362,183214,183214.3~A28.K_18,18,,normal,183214.3~A28.K_18L.png,183214.3~A28.K_18R.png,train,/data5/chensx/MyProject/UAE/data/arrangement_merged/chr_18/183214.3~A28.K_18L.png,/data5/chensx/MyProject/UAE/data/arrangement_merged/chr_18/183214.3~A28.K_18R.png,0,-0.1821071581342401,,0.0011872053146362,-0.047285210646369896,chromosome
0,0.0012702345848083,183214,183214.3~A4.K_18,18,,normal,183214.3~A4.K_18L.png,183214.3~A4.K_18R.png,train,/data5/chensx/MyProject/UAE/data/arrangement_merged/chr_18/183214.3~A4.K_18L.png,/data5/chensx/MyProject/UAE/data/arrangement_merged/chr_18/183214.3~A4.K_18R.png,0,-0.0732116576095964,,0.0012702345848083,0.3391369977391273,chromosome
0,0.0009397268295288,183214,183214.3~A42.K_18,18,,normal,183214.3~A42.K_18L.png,183214.3~A42.K_18R.png,train,/data5/chensx/MyProject/UAE/data/arrangement_merged/chr_18/183214.3~A42.K_18L.png,/data5/chensx/MyProject/UAE/data/arrangement_merged/chr_18/183214.3~A42.K_18R.png,0,-0.5066829787934797,,0.0009397268295288,-1.199061958109981,chromosome
0,0.0010768771171569,183214,183214.3~A43.K_18,18,,normal,183214.3~A43.K_18L.png,183214.3~A43.K_18R.png,train,/data5/chensx/MyProject/UAE/data/arrangement_merged/chr_18/183214.3~A43.K_18L.png,/data5/chensx/MyProject/UAE/data/arrangement_merged/chr_18/183214.3~A43.K_18R.png,0,-0.32680606084143,,0.0010768771171569,-0.5607579369364314,chromosome
0,0.0010294318199157,183214,183214.3~A47.K_18,18,,normal,183214.3~A47.K_18L.png,183214.3~A47.K_18R.png,train,/data5/chensx/MyProject/UAE/data/arrangement_merged/chr_18/183214.3~A47.K_18L.png,/data5/chensx/MyProject/UAE/data/arrangement_merged/chr_18/183214.3~A47.K_18R.png,0,-0.3890320611412264,,0.0010294318199157,-0.7815706274424301,chromosome
0,0.001018464565277,183214,183214.4~A22.K_18,18,,normal,183214.4~A22.K_18L.png,183214.4~A22.K_18R.png,train,/data5/chensx/MyProject/UAE/data/arrangement_merged/chr_18/183214.4~A22.K_18L.png,/data5/chensx/MyProject/UAE/data/arrangement_merged/chr_18/183214.4~A22.K_18R.png,0,-0.4034159607080135,,0.001018464565277,-0.8326127569062701,chromosome
0,0.0011595487594604,183214,183214.4~A24.K_18,18,,normal,183214.4~A24.K_18L.png,183214.4~A24.K_18R.png,train,/data5/chensx/MyProject/UAE/data/arrangement_merged/chr_18/183214.4~A24.K_18L.png,/data5/chensx/MyProject/UAE/data/arrangement_merged/chr_18/183214.4~A24.K_18R.png,0,-0.2183796005200511,,0.0011595487594604,-0.17600014581581197,chromosome
0,0.0011671185493469,183214,183214.4~A26.K_18,18,,normal,183214.4~A26.K_18L.png,183214.4~A26.K_18R.png,train,/data5/chensx/MyProject/UAE/data/arrangement_merged/chr_18/183214.4~A26.K_18L.png,/data5/chensx/MyProject/UAE/data/arrangement_merged/chr_18/183214.4~A26.K_18R.png,0,-0.2084515828842795,,0.0011671185493469,-0.1407699803706333,chromosome
0,0.0013039112091064,183214,183214.4~A28.K_18,18,,normal,183214.4~A28.K_18L.png,183214.4~A28.K_18R.png,train,/data5/chensx/MyProject/UAE/data/arrangement_merged/chr_18/183214.4~A28.K_18L.png,/data5/chensx/MyProject/UAE/data/arrangement_merged/chr_18/183214.4~A28.K_18R.png,0,-0.0290437051354947,,0.0013039112091064,0.49586962353803915,chromosome
0,0.0010144710540771,183214,183214.4~A50.K_18,18,,normal,183214.4~A50.K_18L.png,183214.4~A50.K_18R.png,train,/data5/chensx/MyProject/UAE/data/arrangement_merged/chr_18/183214.4~A50.K_18L.png,/data5/chensx/MyProject/UAE/data/arrangement_merged/chr_18/183214.4~A50.K_18R.png,0,-0.4086535763111371,,0.0010144710540771,-0.8511987496998829,chromosome
0,0.0012495517730712,183214,183214.4~A8.K_18,18,,normal,183214.4~A8.K_18L.png,183214.4~A8.K_18R.png,train,/data5/chensx/MyProject/UAE/data/arrangement_merged/chr_18/183214.4~A8.K_18L.png,/data5/chensx/MyProject/UAE/data/arrangement_merged/chr_18/183214.4~A8.K_18R.png,0,-0.1003378160317438,,0.0012495517730712,0.24287819923944734,chromosome
0,0.0015132427215576,183262,183262.11~A16.K_18,18,,normal,183262.11~A16.K_18L.png,183262.11~A16.K_18R.png,train,/data5/chensx/MyProject/UAE/data/arrangement_merged/chr_18/183262.11~A16.K_18L.png,/data5/chensx/MyProject/UAE/data/arrangement_merged/chr_18/183262.11~A16.K_18R.png,0,0.2239297521123704,,0.0015132427215576,1.4701085293889802,chromosome
0,0.0008924007415771,183262,183262.12~A5.K_18,18,,normal,183262.12~A5.K_18L.png,183262.12~A5.K_18R.png,train,/data5/chensx/MyProject/UAE/data/arrangement_merged/chr_18/183262.12~A5.K_18L.png,/data5/chensx/MyProject/UAE/data/arrangement_merged/chr_18/183262.12~A5.K_18R.png,0,-0.5613146807666547,,0.0008924007415771,-1.4193198428611755,chromosome
0,0.0012030601501464,183262,183262.14~A1.K_18,18,,normal,183262.14~A1.K_18L.png,183262.14~A1.K_18R.png,train,/data5/chensx/MyProject/UAE/data/arrangement_merged/chr_18/183262.14~A1.K_18L.png,/data5/chensx/MyProject/UAE/data/arrangement_merged/chr_18/183262.14~A1.K_18R.png,0,-0.1683909111655142,,0.0012030601501464,0.026503954773742986,chromosome
0,0.0016078948974609,183262,183262.14~A16.K_18,18,,normal,183262.14~A16.K_18L.png,183262.14~A16.K_18R.png,train,/data5/chensx/MyProject/UAE/data/arrangement_merged/chr_18/183262.14~A16.K_18L.png,/data5/chensx/MyProject/UAE/data/arrangement_merged/chr_18/183262.14~A16.K_18R.png,0,0.3436463572786427,,0.0016078948974609,1.910624298890903,chromosome
0,0.0011394619941711,183262,183262.14~A21.K_18,18,,normal,183262.14~A21.K_18L.png,183262.14~A21.K_18R.png,train,/data5/chensx/MyProject/UAE/data/arrangement_merged/chr_18/183262.14~A21.K_18L.png,/data5/chensx/MyProject/UAE/data/arrangement_merged/chr_18/183262.14~A21.K_18R.png,0,-0.2488302170297538,,0.0011394619941711,-0.26948491554007536,chromosome
0,0.0012679696083068,183262,183262.14~A23.K_18,18,,normal,183262.14~A23.K_18L.png,183262.14~A23.K_18R.png,train,/data5/chensx/MyProject/UAE/data/arrangement_merged/chr_18/183262.14~A23.K_18L.png,/data5/chensx/MyProject/UAE/data/arrangement_merged/chr_18/183262.14~A23.K_18R.png,0,-0.0862930629123212,,0.0012679696083068,0.32859568839319764,chromosome
0,0.0013090372085571,183262,183262.14~A29.K_18,18,,normal,183262.14~A29.K_18L.png,183262.14~A29.K_18R.png,train,/data5/chensx/MyProject/UAE/data/arrangement_merged/chr_18/183262.14~A29.K_18L.png,/data5/chensx/MyProject/UAE/data/arrangement_merged/chr_18/183262.14~A29.K_18R.png,0,-0.0343505308219171,,0.0013090372085571,0.5197262710048498,chromosome
0,0.0010624527931213,183262,183262.14~A33.K_18,18,,normal,183262.14~A33.K_18L.png,183262.14~A33.K_18R.png,train,/data5/chensx/MyProject/UAE/data/arrangement_merged/chr_18/183262.14~A33.K_18L.png,/data5/chensx/MyProject/UAE/data/arrangement_merged/chr_18/183262.14~A33.K_18R.png,0,-0.3462318882355622,,0.0010624527931213,-0.6278894332961038,chromosome
0,0.0013919472694396,183262,183262.14~A38.K_18,18,,normal,183262.14~A38.K_18L.png,183262.14~A38.K_18R.png,train,/data5/chensx/MyProject/UAE/data/arrangement_merged/chr_18/183262.14~A38.K_18L.png,/data5/chensx/MyProject/UAE/data/arrangement_merged/chr_18/183262.14~A38.K_18R.png,0,0.0705145811341815,,0.0013919472694396,0.9055936736350766,chromosome
0,0.0013553500175476,183262,183262.14~A45.K_18,18,,normal,183262.14~A45.K_18L.png,183262.14~A45.K_18R.png,train,/data5/chensx/MyProject/UAE/data/arrangement_merged/chr_18/183262.14~A45.K_18L.png,/data5/chensx/MyProject/UAE/data/arrangement_merged/chr_18/183262.14~A45.K_18R.png,0,0.0242261708243004,,0.0013553500175476,0.7352683068381157,chromosome
0,0.0009952783584594,183262,183262.14~A8.K_18,18,,normal,183262.14~A8.K_18L.png,183262.14~A8.K_18R.png,train,/data5/chensx/MyProject/UAE/data/arrangement_merged/chr_18/183262.14~A8.K_18L.png,/data5/chensx/MyProject/UAE/data/arrangement_merged/chr_18/183262.14~A8.K_18R.png,0,-0.4311944915242202,,0.0009952783584594,-0.9405224762614881,chromosome
0,0.0008292198181152,183262,183262.1~A2.K_18,18,,normal,183262.1~A2.K_18L.png,183262.1~A2.K_18R.png,train,/data5/chensx/MyProject/UAE/data/arrangement_merged/chr_18/183262.1~A2.K_18L.png,/data5/chensx/MyProject/UAE/data/arrangement_merged/chr_18/183262.1~A2.K_18R.png,0,-0.6412262685980454,,0.0008292198181152,-1.713366893032482,chromosome
0,0.0014933347702026,183262,183262.1~A24.K_18,18,,normal,183262.1~A24.K_18L.png,183262.1~A24.K_18R.png,train,/data5/chensx/MyProject/UAE/data/arrangement_merged/chr_18/183262.1~A24.K_18L.png,/data5/chensx/MyProject/UAE/data/arrangement_merged/chr_18/183262.1~A24.K_18R.png,0,0.1987500631164416,,0.0014933347702026,1.3774559682971552,chromosome
0,0.0013726353645324,183262,183262.1~A26.K_18,18,,normal,183262.1~A26.K_18L.png,183262.1~A26.K_18R.png,train,/data5/chensx/MyProject/UAE/data/arrangement_merged/chr_18/183262.1~A26.K_18L.png,/data5/chensx/MyProject/UAE/data/arrangement_merged/chr_18/183262.1~A26.K_18R.png,0,0.0460887750423224,,0.0013726353645324,0.8157151413186682,chromosome
0,0.0008667111396789,183262,183262.1~A42.K_18,18,,normal,183262.1~A42.K_18L.png,183262.1~A42.K_18R.png,train,/data5/chensx/MyProject/UAE/data/arrangement_merged/chr_18/183262.1~A42.K_18L.png,/data5/chensx/MyProject/UAE/data/arrangement_merged/chr_18/183262.1~A42.K_18R.png,0,-0.5938070339320598,,0.0008667111396789,-1.5388804830723963,chromosome
0,0.001108169555664,183262,183262.1~A9.K_18,18,,normal,183262.1~A9.K_18L.png,183262.1~A9.K_18R.png,train,/data5/chensx/MyProject/UAE/data/arrangement_merged/chr_18/183262.1~A9.K_18L.png,/data5/chensx/MyProject/UAE/data/arrangement_merged/chr_18/183262.1~A9.K_18R.png,0,-0.2884090694934144,,0.001108169555664,-0.4151214262382534,chromosome
0,0.001222014427185,183262,183262.2~A10.K_18,18,,normal,183262.2~A10.K_18L.png,183262.2~A10.K_18R.png,train,/data5/chensx/MyProject/UAE/data/arrangement_merged/chr_18/183262.2~A10.K_18L.png,/data5/chensx/MyProject/UAE/data/arrangement_merged/chr_18/183262.2~A10.K_18R.png,0,-0.1444174348160969,,0.001222014427185,0.11471806982527467,chromosome
0,0.0010197162628173,183262,183262.2~A22.K_18,18,,normal,183262.2~A22.K_18L.png,183262.2~A22.K_18R.png,train,/data5/chensx/MyProject/UAE/data/arrangement_merged/chr_18/183262.2~A22.K_18L.png,/data5/chensx/MyProject/UAE/data/arrangement_merged/chr_18/183262.2~A22.K_18R.png,0,-0.4002852924573615,,0.0010197162628173,-0.826787296478269,chromosome
0,0.0011619329452514,183262,183262.2~A23.K_18,18,,normal,183262.2~A23.K_18L.png,183262.2~A23.K_18R.png,train,/data5/chensx/MyProject/UAE/data/arrangement_merged/chr_18/183262.2~A23.K_18L.png,/data5/chensx/MyProject/UAE/data/arrangement_merged/chr_18/183262.2~A23.K_18R.png,0,-0.2204088315463252,,0.0011619329452514,-0.16490403071507814,chromosome
0,0.0018360614776611,183262,183262.2~A44.K_18,18,,normal,183262.2~A44.K_18L.png,183262.2~A44.K_18R.png,train,/data5/chensx/MyProject/UAE/data/arrangement_merged/chr_18/183262.2~A44.K_18L.png,/data5/chensx/MyProject/UAE/data/arrangement_merged/chr_18/183262.2~A44.K_18R.png,0,0.6322327329565333,,0.0018360614776611,2.972522514038106,chromosome
0,0.0010253190994262,183262,183262.2~A45.K_18,18,,normal,183262.2~A45.K_18L.png,183262.2~A45.K_18R.png,train,/data5/chensx/MyProject/UAE/data/arrangement_merged/chr_18/183262.2~A45.K_18L.png,/data5/chensx/MyProject/UAE/data/arrangement_merged/chr_18/183262.2~A45.K_18R.png,0,-0.3931987931591061,,0.0010253190994262,-0.8007114259913122,chromosome
0,0.0013181567192077,183262,183262.3~A17.K_18,18,,normal,183262.3~A17.K_18L.png,183262.3~A17.K_18R.png,train,/data5/chensx/MyProject/UAE/data/arrangement_merged/chr_18/183262.3~A17.K_18L.png,/data5/chensx/MyProject/UAE/data/arrangement_merged/chr_18/183262.3~A17.K_18R.png,0,-0.0228161223896504,,0.0013181567192077,0.5621689112652721,chromosome
0,0.0013893842697143,183262,183262.3~A24.K_18,18,,normal,183262.3~A24.K_18L.png,183262.3~A24.K_18R.png,train,/data5/chensx/MyProject/UAE/data/arrangement_merged/chr_18/183262.3~A24.K_18L.png,/data5/chensx/MyProject/UAE/data/arrangement_merged/chr_18/183262.3~A24.K_18R.png,0,0.0672728846466816,,0.0013893842697143,0.8936653499019044,chromosome
0,0.0014346837997436,183262,183262.3~A30.K_18,18,,normal,183262.3~A30.K_18L.png,183262.3~A30.K_18R.png,train,/data5/chensx/MyProject/UAE/data/arrangement_merged/chr_18/183262.3~A30.K_18L.png,/data5/chensx/MyProject/UAE/data/arrangement_merged/chr_18/183262.3~A30.K_18R.png,0,0.1245679853559807,,0.0014346837997436,1.1044915368172428,chromosome
0,0.0012718439102172,183262,183262.3~A41.K_18,18,,normal,183262.3~A41.K_18L.png,183262.3~A41.K_18R.png,train,/data5/chensx/MyProject/UAE/data/arrangement_merged/chr_18/183262.3~A41.K_18L.png,/data5/chensx/MyProject/UAE/data/arrangement_merged/chr_18/183262.3~A41.K_18R.png,0,-0.081392824035868,,0.0012718439102172,0.34662687543200615,chromosome
0,0.0011738538742065,183262,183262.4~A14.K_18,18,,normal,183262.4~A14.K_18L.png,183262.4~A14.K_18R.png,train,/data5/chensx/MyProject/UAE/data/arrangement_merged/chr_18/183262.4~A14.K_18L.png,/data5/chensx/MyProject/UAE/data/arrangement_merged/chr_18/183262.4~A14.K_18R.png,0,-0.2053311734649307,,0.0011738538742065,-0.10942345521094377,chromosome
0,0.00119549036026,183262,183262.4~A19.K_18,18,,normal,183262.4~A19.K_18L.png,183262.4~A19.K_18R.png,train,/data5/chensx/MyProject/UAE/data/arrangement_merged/chr_18/183262.4~A19.K_18L.png,/data5/chensx/MyProject/UAE/data/arrangement_merged/chr_18/183262.4~A19.K_18R.png,0,-0.1779652240471997,,0.00119549036026,-0.00872621067097046,chromosome
0,0.0008449554443359,183262,183262.4~A24.K_18,18,,normal,183262.4~A24.K_18L.png,183262.4~A24.K_18R.png,train,/data5/chensx/MyProject/UAE/data/arrangement_merged/chr_18/183262.4~A24.K_18L.png,/data5/chensx/MyProject/UAE/data/arrangement_merged/chr_18/183262.4~A24.K_18R.png,0,-0.6213237599306047,,0.0008449554443359,-1.6401325333671737,chromosome
0,0.0009949207305908,183262,183262.4~A29.K_18,18,,normal,183262.4~A29.K_18L.png,183262.4~A29.K_18R.png,train,/data5/chensx/MyProject/UAE/data/arrangement_merged/chr_18/183262.4~A29.K_18L.png,/data5/chensx/MyProject/UAE/data/arrangement_merged/chr_18/183262.4~A29.K_18R.png,0,-0.431646821266662,,0.0009949207305908,-0.9421868935263659,chromosome
0,0.001413345336914,183262,183262.4~A31.K_18,18,,normal,183262.4~A31.K_18L.png,183262.4~A31.K_18R.png,train,/data5/chensx/MyProject/UAE/data/arrangement_merged/chr_18/183262.4~A31.K_18L.png,/data5/chensx/MyProject/UAE/data/arrangement_merged/chr_18/183262.4~A31.K_18R.png,0,0.0975789773902846,,0.001413345336914,1.0051813066649773,chromosome
0,0.001236081123352,183262,183262.4~A50.K_18,18,,normal,183262.4~A50.K_18L.png,183262.4~A50.K_18R.png,train,/data5/chensx/MyProject/UAE/data/arrangement_merged/chr_18/183262.4~A50.K_18L.png,/data5/chensx/MyProject/UAE/data/arrangement_merged/chr_18/183262.4~A50.K_18R.png,0,-0.1266257982800514,,0.001236081123352,0.1801851489200693,chromosome
0,0.0011582970619201,183786,183786.11~A44.K_18,18,,normal,183786.11~A44.K_18L.png,183786.11~A44.K_18R.png,train,/data5/chensx/MyProject/UAE/data/arrangement_merged/chr_18/183786.11~A44.K_18L.png,/data5/chensx/MyProject/UAE/data/arrangement_merged/chr_18/183786.11~A44.K_18R.png,0,-0.1349616552941318,,0.0011582970619201,-0.18182560624381308,chromosome
0,0.0011404156684875,183786,183786.12~A1.K_18,18,,normal,183786.12~A1.K_18L.png,183786.12~A1.K_18R.png,train,/data5/chensx/MyProject/UAE/data/arrangement_merged/chr_18/183786.12~A1.K_18L.png,/data5/chensx/MyProject/UAE/data/arrangement_merged/chr_18/183786.12~A1.K_18R.png,0,-0.1442868436115194,,0.0011404156684875,-0.265046469499782,chromosome
0,0.0012036561965942,183786,183786.12~A12.K_18,18,,normal,183786.12~A12.K_18L.png,183786.12~A12.K_18R.png,train,/data5/chensx/MyProject/UAE/data/arrangement_merged/chr_18/183786.12~A12.K_18L.png,/data5/chensx/MyProject/UAE/data/arrangement_merged/chr_18/183786.12~A12.K_18R.png,0,-0.1113067609290251,,0.0012036561965942,0.029277983549158556,chromosome
0,0.0014950037002563,183786,183786.12~A15.K_18,18,,normal,183786.12~A15.K_18L.png,183786.12~A15.K_18R.png,train,/data5/chensx/MyProject/UAE/data/arrangement_merged/chr_18/183786.12~A15.K_18L.png,/data5/chensx/MyProject/UAE/data/arrangement_merged/chr_18/183786.12~A15.K_18R.png,0,0.0406316407222773,,0.0014950037002563,1.3852232488676681,chromosome
0,0.0010062456130981,183786,183786.12~A16.K_18,18,,normal,183786.12~A16.K_18L.png,183786.12~A16.K_18R.png,train,/data5/chensx/MyProject/UAE/data/arrangement_merged/chr_18/183786.12~A16.K_18L.png,/data5/chensx/MyProject/UAE/data/arrangement_merged/chr_18/183786.12~A16.K_18R.png,0,-0.2142568399529846,,0.0010062456130981,-0.8894803467976471,chromosome
0,0.001365303993225,183786,183786.12~A34.K_18,18,,normal,183786.12~A34.K_18L.png,183786.12~A34.K_18R.png,train,/data5/chensx/MyProject/UAE/data/arrangement_merged/chr_18/183786.12~A34.K_18L.png,/data5/chensx/MyProject/UAE/data/arrangement_merged/chr_18/183786.12~A34.K_18R.png,0,-0.0270070585398409,,0.001365303993225,0.781594587383563,chromosome
0,0.0014178752899169,183786,183786.12~A41.K_18,18,,normal,183786.12~A41.K_18L.png,183786.12~A41.K_18R.png,train,/data5/chensx/MyProject/UAE/data/arrangement_merged/chr_18/183786.12~A41.K_18L.png,/data5/chensx/MyProject/UAE/data/arrangement_merged/chr_18/183786.12~A41.K_18R.png,0,0.0004089951132786,,0.0014178752899169,1.0262639253563715,chromosome
0,0.0011560320854187,183786,183786.12~A47.K_18,18,,normal,183786.12~A47.K_18L.png,183786.12~A47.K_18R.png,train,/data5/chensx/MyProject/UAE/data/arrangement_merged/chr_18/183786.12~A47.K_18L.png,/data5/chensx/MyProject/UAE/data/arrangement_merged/chr_18/183786.12~A47.K_18R.png,0,-0.1361428458143342,,0.0011560320854187,-0.1923669155892775,chromosome
0,0.0010303854942321,183786,183786.13~A10.K_18,18,,normal,183786.13~A10.K_18L.png,183786.13~A10.K_18R.png,train,/data5/chensx/MyProject/UAE/data/arrangement_merged/chr_18/183786.13~A10.K_18L.png,/data5/chensx/MyProject/UAE/data/arrangement_merged/chr_18/183786.13~A10.K_18R.png,0,-0.2016678357245113,,0.0010303854942321,-0.7771321814021357,chromosome
0,0.0010523796081542,183786,183786.13~A12.K_18,18,,normal,183786.13~A12.K_18L.png,183786.13~A12.K_18R.png,train,/data5/chensx/MyProject/UAE/data/arrangement_merged/chr_18/183786.13~A12.K_18L.png,/data5/chensx/MyProject/UAE/data/arrangement_merged/chr_18/183786.13~A12.K_18R.png,0,-0.1901978540941245,,0.0010523796081542,-0.6747705195972857,chromosome
0,0.0012955665588378,183786,183786.13~A29.K_18,18,,normal,183786.13~A29.K_18L.png,183786.13~A29.K_18R.png,train,/data5/chensx/MyProject/UAE/data/arrangement_merged/chr_18/183786.13~A29.K_18L.png,/data5/chensx/MyProject/UAE/data/arrangement_merged/chr_18/183786.13~A29.K_18R.png,0,-0.0633752929776527,,0.0012955665588378,0.4570332206850055,chromosome
0,0.0012966394424438,183786,183786.13~A34.K_18,18,,normal,183786.13~A34.K_18L.png,183786.13~A34.K_18R.png,train,/data5/chensx/MyProject/UAE/data/arrangement_merged/chr_18/183786.13~A34.K_18L.png,/data5/chensx/MyProject/UAE/data/arrangement_merged/chr_18/183786.13~A34.K_18R.png,0,-0.0628157816786094,,0.0012966394424438,0.4620264724805683,chromosome
0,0.0008951425552368,183786,183786.13~A43.K_18,18,,normal,183786.13~A43.K_18L.png,183786.13~A43.K_18R.png,train,/data5/chensx/MyProject/UAE/data/arrangement_merged/chr_18/183786.13~A43.K_18L.png,/data5/chensx/MyProject/UAE/data/arrangement_merged/chr_18/183786.13~A43.K_18R.png,0,-0.2721973433650198,,0.0008951425552368,-1.4065593104950989,chromosome
0,0.0015957951545715,183786,183786.14~A17.K_18,18,,normal,183786.14~A17.K_18L.png,183786.14~A17.K_18R.png,train,/data5/chensx/MyProject/UAE/data/arrangement_merged/chr_18/183786.14~A17.K_18L.png,/data5/chensx/MyProject/UAE/data/arrangement_merged/chr_18/183786.14~A17.K_18R.png,0,0.0931946188712855,,0.0015957951545715,1.85431151475433,chromosome
0,0.0011767148971557,183786,183786.14~A24.K_18,18,,normal,183786.14~A24.K_18L.png,183786.14~A24.K_18R.png,train,/data5/chensx/MyProject/UAE/data/arrangement_merged/chr_18/183786.14~A24.K_18L.png,/data5/chensx/MyProject/UAE/data/arrangement_merged/chr_18/183786.14~A24.K_18R.png,0,-0.1253567113272225,,0.0011767148971557,-0.09610811709006377,chromosome
0,0.000927984714508,183786,183786.14~A38.K_18,18,,normal,183786.14~A38.K_18L.png,183786.14~A38.K_18R.png,train,/data5/chensx/MyProject/UAE/data/arrangement_merged/chr_18/183786.14~A38.K_18L.png,/data5/chensx/MyProject/UAE/data/arrangement_merged/chr_18/183786.14~A38.K_18R.png,0,-0.2550700808220845,,0.000927984714508,-1.2537103249816766,chromosome
0,0.0013138055801391,183786,183786.14~A39.K_18,18,,normal,183786.14~A39.K_18L.png,183786.14~A39.K_18R.png,train,/data5/chensx/MyProject/UAE/data/arrangement_merged/chr_18/183786.14~A39.K_18L.png,/data5/chensx/MyProject/UAE/data/arrangement_merged/chr_18/183786.14~A39.K_18R.png,0,-0.0538636008939173,,0.0013138055801391,0.5419185012063175,chromosome
0,0.0012915134429931,183786,183786.1~A44.K_18,18,,normal,183786.1~A44.K_18L.png,183786.1~A44.K_18R.png,train,/data5/chensx/MyProject/UAE/data/arrangement_merged/chr_18/183786.1~A44.K_18L.png,/data5/chensx/MyProject/UAE/data/arrangement_merged/chr_18/183786.1~A44.K_18R.png,0,-0.0654890023295939,,0.0012915134429931,0.4381698250137586,chromosome
0,0.00110924243927,183786,183786.2~A14.K_18,18,,normal,183786.2~A14.K_18L.png,183786.2~A14.K_18R.png,train,/data5/chensx/MyProject/UAE/data/arrangement_merged/chr_18/183786.2~A14.K_18L.png,/data5/chensx/MyProject/UAE/data/arrangement_merged/chr_18/183786.2~A14.K_18R.png,0,-0.1605437552448318,,0.00110924243927,-0.4101281744426906,chromosome
0,0.0011925101280212,183786,183786.2~A4.K_18,18,,normal,183786.2~A4.K_18L.png,183786.2~A4.K_18R.png,train,/data5/chensx/MyProject/UAE/data/arrangement_merged/chr_18/183786.2~A4.K_18L.png,/data5/chensx/MyProject/UAE/data/arrangement_merged/chr_18/183786.2~A4.K_18R.png,0,-0.1171194616468634,,0.0011925101280212,-0.02259635454712087,chromosome
0,0.0008785724639892,183786,183786.2~A49.K_18,18,,normal,183786.2~A49.K_18L.png,183786.2~A49.K_18R.png,train,/data5/chensx/MyProject/UAE/data/arrangement_merged/chr_18/183786.2~A49.K_18L.png,/data5/chensx/MyProject/UAE/data/arrangement_merged/chr_18/183786.2~A49.K_18R.png,0,-0.2808386845391323,,0.0008785724639892,-1.4836773104458967,chromosome
0,0.001172661781311,183786,183786.3~A1.K_18,18,,normal,183786.3~A1.K_18L.png,183786.3~A1.K_18R.png,train,/data5/chensx/MyProject/UAE/data/arrangement_merged/chr_18/183786.3~A1.K_18L.png,/data5/chensx/MyProject/UAE/data/arrangement_merged/chr_18/183786.3~A1.K_18R.png,0,-0.1274704206791637,,0.001172661781311,-0.11497151276131068,chromosome
0,0.0010899305343627,183786,183786.3~A25.K_18,18,,normal,183786.3~A25.K_18L.png,183786.3~A25.K_18R.png,train,/data5/chensx/MyProject/UAE/data/arrangement_merged/chr_18/183786.3~A25.K_18L.png,/data5/chensx/MyProject/UAE/data/arrangement_merged/chr_18/183786.3~A25.K_18R.png,0,-0.1706149586276105,,0.0010899305343627,-0.5000067067595653,chromosome
0,0.0011608600616455,183786,183786.3~A36.K_18,18,,normal,183786.3~A36.K_18L.png,183786.3~A36.K_18R.png,train,/data5/chensx/MyProject/UAE/data/arrangement_merged/chr_18/183786.3~A36.K_18L.png,/data5/chensx/MyProject/UAE/data/arrangement_merged/chr_18/183786.3~A36.K_18R.png,0,-0.1336250449686395,,0.0011608600616455,-0.16989728251017563,chromosome
0,0.0010236501693725,183786,183786.3~A37.K_18,18,,normal,183786.3~A37.K_18L.png,183786.3~A37.K_18R.png,train,/data5/chensx/MyProject/UAE/data/arrangement_merged/chr_18/183786.3~A37.K_18L.png,/data5/chensx/MyProject/UAE/data/arrangement_merged/chr_18/183786.3~A37.K_18R.png,0,-0.2051803233240606,,0.0010236501693725,-0.8084787065618253,chromosome
0,0.0010815262794494,183786,183786.3~A44.K_18,18,,normal,183786.3~A44.K_18L.png,183786.3~A44.K_18R.png,train,/data5/chensx/MyProject/UAE/data/arrangement_merged/chr_18/183786.3~A44.K_18L.png,/data5/chensx/MyProject/UAE/data/arrangement_merged/chr_18/183786.3~A44.K_18R.png,0,-0.1749977971367826,,0.0010815262794494,-0.5391205124897679,chromosome
0,0.0010601878166198,183786,183786.4~A49.K_18,18,,normal,183786.4~A49.K_18L.png,183786.4~A49.K_18R.png,train,/data5/chensx/MyProject/UAE/data/arrangement_merged/chr_18/183786.4~A49.K_18L.png,/data5/chensx/MyProject/UAE/data/arrangement_merged/chr_18/183786.4~A49.K_18R.png,0,-0.1861258551955319,,0.0010601878166198,-0.6384307426420335,chromosome
0,0.0009503364562988,183786,183786.5~A1.K_18,18,,normal,183786.5~A1.K_18L.png,183786.5~A1.K_18R.png,train,/data5/chensx/MyProject/UAE/data/arrangement_merged/chr_18/183786.5~A1.K_18L.png,/data5/chensx/MyProject/UAE/data/arrangement_merged/chr_18/183786.5~A1.K_18R.png,0,-0.2434135954253499,,0.0009503364562988,-1.149684245911483,chromosome
0,0.001584768295288,183786,183786.5~A31.K_18,18,,normal,183786.5~A31.K_18L.png,183786.5~A31.K_18R.png,train,/data5/chensx/MyProject/UAE/data/arrangement_merged/chr_18/183786.5~A31.K_18L.png,/data5/chensx/MyProject/UAE/data/arrangement_merged/chr_18/183786.5~A31.K_18R.png,0,0.0874440860755632,,0.001584768295288,1.8029919824128549,chromosome
0,0.0009688138961791,183786,183786.5~A33.K_18,18,,normal,183786.5~A33.K_18L.png,183786.5~A33.K_18R.png,train,/data5/chensx/MyProject/UAE/data/arrangement_merged/chr_18/183786.5~A33.K_18L.png,/data5/chensx/MyProject/UAE/data/arrangement_merged/chr_18/183786.5~A33.K_18R.png,0,-0.2337775674973827,,0.0009688138961791,-1.0636893538805638,chromosome
0,0.0008662939071655,183786,183786.5~A42.K_18,18,,normal,183786.5~A42.K_18L.png,183786.5~A42.K_18R.png,train,/data5/chensx/MyProject/UAE/data/arrangement_merged/chr_18/183786.5~A42.K_18L.png,/data5/chensx/MyProject/UAE/data/arrangement_merged/chr_18/183786.5~A42.K_18R.png,0,-0.2872419805170718,,0.0008662939071655,-1.5408223032149082,chromosome
0,0.0011245608329772,183786,183786.5~A44.K_18,18,,normal,183786.5~A44.K_18L.png,183786.5~A44.K_18R.png,train,/data5/chensx/MyProject/UAE/data/arrangement_merged/chr_18/183786.5~A44.K_18L.png,/data5/chensx/MyProject/UAE/data/arrangement_merged/chr_18/183786.5~A44.K_18R.png,0,-0.1525551772529364,,0.0011245608329772,-0.3388356349203601,chromosome
0,0.0010751485824584,183786,183786.5~A6.K_18,18,,normal,183786.5~A6.K_18L.png,183786.5~A6.K_18R.png,train,/data5/chensx/MyProject/UAE/data/arrangement_merged/chr_18/183786.5~A6.K_18L.png,/data5/chensx/MyProject/UAE/data/arrangement_merged/chr_18/183786.5~A6.K_18R.png,0,-0.1783237809699842,,0.0010751485824584,-0.5688026203845796,chromosome
0,0.0010706186294555,183786,183786.5~A8.K_18,18,,normal,183786.5~A8.K_18L.png,183786.5~A8.K_18R.png,train,/data5/chensx/MyProject/UAE/data/arrangement_merged/chr_18/183786.5~A8.K_18L.png,/data5/chensx/MyProject/UAE/data/arrangement_merged/chr_18/183786.5~A8.K_18R.png,0,-0.1806861620103891,,0.0010706186294555,-0.5898852390759738,chromosome
0,0.0014062523841857,184752,184752.11~A43.K_18,18,,normal,184752.11~A43.K_18L.png,184752.11~A43.K_18R.png,train,/data5/chensx/MyProject/UAE/data/arrangement_merged/chr_18/184752.11~A43.K_18L.png,/data5/chensx/MyProject/UAE/data/arrangement_merged/chr_18/184752.11~A43.K_18R.png,0,0.361838260482771,,0.0014062523841857,0.9721703642399447,chromosome
0,0.0014622211456298,184752,184752.13~A19.K_18,18,,normal,184752.13~A19.K_18L.png,184752.13~A19.K_18R.png,train,/data5/chensx/MyProject/UAE/data/arrangement_merged/chr_18/184752.13~A19.K_18L.png,/data5/chensx/MyProject/UAE/data/arrangement_merged/chr_18/184752.13~A19.K_18R.png,0,0.4506223964395966,,0.0014622211456298,1.2326516662314155,chromosome
0,0.0012030601501464,184752,184752.13~A20.K_18,18,,normal,184752.13~A20.K_18L.png,184752.13~A20.K_18R.png,train,/data5/chensx/MyProject/UAE/data/arrangement_merged/chr_18/184752.13~A20.K_18L.png,/data5/chensx/MyProject/UAE/data/arrangement_merged/chr_18/184752.13~A20.K_18R.png,0,0.0395111896874374,,0.0012030601501464,0.026503954773742986,chromosome
0,0.0010974407196044,184752,184752.14~A10.K_18,18,,normal,184752.14~A10.K_18L.png,184752.14~A10.K_18R.png,train,/data5/chensx/MyProject/UAE/data/arrangement_merged/chr_18/184752.14~A10.K_18L.png,/data5/chensx/MyProject/UAE/data/arrangement_merged/chr_18/184752.14~A10.K_18R.png,0,-0.1280345919052088,,0.0010974407196044,-0.46505394419202084,chromosome
0,0.0016605854034423,184752,184752.14~A14.K_18,18,,normal,184752.14~A14.K_18L.png,184752.14~A14.K_18R.png,train,/data5/chensx/MyProject/UAE/data/arrangement_merged/chr_18/184752.14~A14.K_18L.png,/data5/chensx/MyProject/UAE/data/arrangement_merged/chr_18/184752.14~A14.K_18R.png,0,0.7652907718009548,,0.0016605854034423,2.1558484426185154,chromosome
0,0.0010273456573486,184752,184752.14~A43.K_18,18,,normal,184752.14~A43.K_18L.png,184752.14~A43.K_18R.png,train,/data5/chensx/MyProject/UAE/data/arrangement_merged/chr_18/184752.14~A43.K_18L.png,/data5/chensx/MyProject/UAE/data/arrangement_merged/chr_18/184752.14~A43.K_18R.png,0,-0.2392275033910734,,0.0010273456573486,-0.7912797281554551,chromosome
0,0.0010580420494079,184752,184752.2~A30.K_18,18,,normal,184752.2~A30.K_18L.png,184752.2~A30.K_18R.png,train,/data5/chensx/MyProject/UAE/data/arrangement_merged/chr_18/184752.2~A30.K_18L.png,/data5/chensx/MyProject/UAE/data/arrangement_merged/chr_18/184752.2~A30.K_18R.png,0,-0.190533328718267,,0.0010580420494079,-0.6484172462326937,chromosome
0,0.0012102127075195,184752,184752.2~A50.K_18,18,,normal,184752.2~A50.K_18L.png,184752.2~A50.K_18R.png,train,/data5/chensx/MyProject/UAE/data/arrangement_merged/chr_18/184752.2~A50.K_18L.png,/data5/chensx/MyProject/UAE/data/arrangement_merged/chr_18/184752.2~A50.K_18R.png,0,0.0508574051451787,,0.0012102127075195,0.059792300076409705,chromosome
0,0.0011791586875915,184752,184752.3~A13.K_18,18,,normal,184752.3~A13.K_18L.png,184752.3~A13.K_18R.png,train,/data5/chensx/MyProject/UAE/data/arrangement_merged/chr_18/184752.3~A13.K_18L.png,/data5/chensx/MyProject/UAE/data/arrangement_merged/chr_18/184752.3~A13.K_18R.png,0,0.0015959196994853,,0.0011791586875915,-0.08473459911169473,chromosome
0,0.0015425682067871,184752,184752.3~A16.K_18,18,,normal,184752.3~A16.K_18L.png,184752.3~A16.K_18R.png,train,/data5/chensx/MyProject/UAE/data/arrangement_merged/chr_18/184752.3~A16.K_18L.png,/data5/chensx/MyProject/UAE/data/arrangement_merged/chr_18/184752.3~A16.K_18R.png,0,0.5780782167482237,,0.0015425682067871,1.6065907451289363,chromosome
0,0.0014036893844604,184752,184752.4~A27.K_18,18,,normal,184752.4~A27.K_18L.png,184752.4~A27.K_18R.png,train,/data5/chensx/MyProject/UAE/data/arrangement_merged/chr_18/184752.4~A27.K_18L.png,/data5/chensx/MyProject/UAE/data/arrangement_merged/chr_18/184752.4~A27.K_18R.png,0,0.3577725332770805,,0.0014036893844604,0.9602420405067725,chromosome
0,0.0015250444412231,184793,184793.11~A18.K_18,18,,normal,184793.11~A18.K_18L.png,184793.11~A18.K_18R.png,train,/data5/chensx/MyProject/UAE/data/arrangement_merged/chr_18/184793.11~A18.K_18L.png,/data5/chensx/MyProject/UAE/data/arrangement_merged/chr_18/184793.11~A18.K_18R.png,0,0.2528663856208273,,0.0015250444412231,1.5250342991378452,chromosome
0,0.0010926723480224,184793,184793.12~A12.K_18,18,,normal,184793.12~A12.K_18L.png,184793.12~A12.K_18R.png,train,/data5/chensx/MyProject/UAE/data/arrangement_merged/chr_18/184793.12~A12.K_18L.png,/data5/chensx/MyProject/UAE/data/arrangement_merged/chr_18/184793.12~A12.K_18R.png,0,-0.2964277197946928,,0.0010926723480224,-0.4872461743934885,chromosome
0,0.0009756684303283,184793,184793.12~A27.K_18,18,,normal,184793.12~A27.K_18L.png,184793.12~A27.K_18R.png,train,/data5/chensx/MyProject/UAE/data/arrangement_merged/chr_18/184793.12~A27.K_18L.png,/data5/chensx/MyProject/UAE/data/arrangement_merged/chr_18/184793.12~A27.K_18R.png,0,-0.4450718235899321,,0.0009756684303283,-1.0317880229656053,chromosome
0,0.0011155605316162,184793,184793.12~A32.K_18,18,,normal,184793.12~A32.K_18L.png,184793.12~A32.K_18R.png,train,/data5/chensx/MyProject/UAE/data/arrangement_merged/chr_18/184793.12~A32.K_18L.png,/data5/chensx/MyProject/UAE/data/arrangement_merged/chr_18/184793.12~A32.K_18R.png,0,-0.2673501161994956,,0.0011155605316162,-0.38072346942551305,chromosome
0,0.0011937618255615,184793,184793.12~A38.K_18,18,,normal,184793.12~A38.K_18L.png,184793.12~A38.K_18R.png,train,/data5/chensx/MyProject/UAE/data/arrangement_merged/chr_18/184793.12~A38.K_18L.png,/data5/chensx/MyProject/UAE/data/arrangement_merged/chr_18/184793.12~A38.K_18R.png,0,-0.1680016372492389,,0.0011937618255615,-0.016770894119118744,chromosome
0,0.0011379718780517,184793,184793.12~A42.K_18,18,,normal,184793.12~A42.K_18L.png,184793.12~A42.K_18R.png,train,/data5/chensx/MyProject/UAE/data/arrangement_merged/chr_18/184793.12~A42.K_18L.png,/data5/chensx/MyProject/UAE/data/arrangement_merged/chr_18/184793.12~A42.K_18R.png,0,-0.2388782960125318,,0.0011379718780517,-0.27641998747815105,chromosome
0,0.0015047788619995,184793,184793.13~A10.K_18,18,,normal,184793.13~A10.K_18L.png,184793.13~A10.K_18R.png,train,/data5/chensx/MyProject/UAE/data/arrangement_merged/chr_18/184793.13~A10.K_18L.png,/data5/chensx/MyProject/UAE/data/arrangement_merged/chr_18/184793.13~A10.K_18R.png,0,0.2271205907709133,,0.0015047788619995,1.4307173207811423,chromosome
0,0.0012089014053344,184793,184793.13~A16.K_18,18,,normal,184793.13~A16.K_18L.png,184793.13~A16.K_18R.png,train,/data5/chensx/MyProject/UAE/data/arrangement_merged/chr_18/184793.13~A16.K_18L.png,/data5/chensx/MyProject/UAE/data/arrangement_merged/chr_18/184793.13~A16.K_18R.png,0,-0.1487680140378325,,0.0012089014053344,0.05368943677077338,chromosome
0,0.0010968446731567,184793,184793.13~A43.K_18,18,,normal,184793.13~A43.K_18L.png,184793.13~A43.K_18R.png,train,/data5/chensx/MyProject/UAE/data/arrangement_merged/chr_18/184793.13~A43.K_18L.png,/data5/chensx/MyProject/UAE/data/arrangement_merged/chr_18/184793.13~A43.K_18R.png,0,-0.2911271149726516,,0.0010968446731567,-0.4678279729669722,chromosome
0,0.0013678073883056,184793,184793.14~A14.K_18,18,,normal,184793.14~A14.K_18L.png,184793.14~A14.K_18R.png,train,/data5/chensx/MyProject/UAE/data/arrangement_merged/chr_18/184793.14~A14.K_18L.png,/data5/chensx/MyProject/UAE/data/arrangement_merged/chr_18/184793.14~A14.K_18R.png,0,0.0531093067559056,,0.0013678073883056,0.7932455082395663,chromosome
0,0.0011026859283447,184793,184793.14~A26.K_18,18,,normal,184793.14~A26.K_18L.png,184793.14~A26.K_18R.png,train,/data5/chensx/MyProject/UAE/data/arrangement_merged/chr_18/184793.14~A26.K_18L.png,/data5/chensx/MyProject/UAE/data/arrangement_merged/chr_18/184793.14~A26.K_18R.png,0,-0.283706268221794,,0.0011026859283447,-0.4406424909699408,chromosome
0,0.000736117362976,184793,184793.14~A27.K_18,18,,normal,184793.14~A27.K_18L.png,184793.14~A27.K_18R.png,train,/data5/chensx/MyProject/UAE/data/arrangement_merged/chr_18/184793.14~A27.K_18L.png,/data5/chensx/MyProject/UAE/data/arrangement_merged/chr_18/184793.14~A27.K_18R.png,0,-0.7494022633011225,,0.000736117362976,-2.146670187719161,chromosome
0,0.001027762889862,184793,184793.14~A3.K_18,18,,normal,184793.14~A3.K_18L.png,184793.14~A3.K_18R.png,train,/data5/chensx/MyProject/UAE/data/arrangement_merged/chr_18/184793.14~A3.K_18L.png,/data5/chensx/MyProject/UAE/data/arrangement_merged/chr_18/184793.14~A3.K_18R.png,0,-0.378889986240447,,0.001027762889862,-0.7893379080129431,chromosome
0,0.0008325576782226,184793,184793.14~A30.K_18,18,,normal,184793.14~A30.K_18L.png,184793.14~A30.K_18R.png,train,/data5/chensx/MyProject/UAE/data/arrangement_merged/chr_18/184793.14~A30.K_18L.png,/data5/chensx/MyProject/UAE/data/arrangement_merged/chr_18/184793.14~A30.K_18R.png,0,-0.6268825689859431,,0.0008325576782226,-1.6978323318914548,chromosome
0,0.001572847366333,184793,184793.14~A32.K_18,18,,normal,184793.14~A32.K_18L.png,184793.14~A32.K_18R.png,train,/data5/chensx/MyProject/UAE/data/arrangement_merged/chr_18/184793.14~A32.K_18L.png,/data5/chensx/MyProject/UAE/data/arrangement_merged/chr_18/184793.14~A32.K_18R.png,0,0.3135961722962129,,0.001572847366333,1.7475114069091857,chromosome
0,0.0012558698654174,184793,184793.14~A33.K_18,18,,normal,184793.14~A33.K_18L.png,184793.14~A33.K_18R.png,train,/data5/chensx/MyProject/UAE/data/arrangement_merged/chr_18/184793.14~A33.K_18L.png,/data5/chensx/MyProject/UAE/data/arrangement_merged/chr_18/184793.14~A33.K_18R.png,0,-0.0890983483268551,,0.0012558698654174,0.2722829042566249,chromosome
0,0.0011917352676391,184793,184793.14~A4.K_18,18,,normal,184793.14~A4.K_18L.png,184793.14~A4.K_18R.png,train,/data5/chensx/MyProject/UAE/data/arrangement_merged/chr_18/184793.14~A4.K_18L.png,/data5/chensx/MyProject/UAE/data/arrangement_merged/chr_18/184793.14~A4.K_18R.png,0,-0.1705762167342303,,0.0011917352676391,-0.026202591954974812,chromosome
0,0.0008182525634765,184793,184793.14~A9.K_18,18,,normal,184793.14~A9.K_18L.png,184793.14~A9.K_18R.png,train,/data5/chensx/MyProject/UAE/data/arrangement_merged/chr_18/184793.14~A9.K_18L.png,/data5/chensx/MyProject/UAE/data/arrangement_merged/chr_18/184793.14~A9.K_18R.png,0,-0.6450560712329413,,0.0008182525634765,-1.7644090224963225,chromosome
0,0.000931978225708,184793,184793.1~A26.K_18,18,,normal,184793.1~A26.K_18L.png,184793.1~A26.K_18R.png,train,/data5/chensx/MyProject/UAE/data/arrangement_merged/chr_18/184793.1~A26.K_18L.png,/data5/chensx/MyProject/UAE/data/arrangement_merged/chr_18/184793.1~A26.K_18R.png,0,-0.5005767283693057,,0.000931978225708,-1.2351243321875987,chromosome
0,0.000899851322174,184793,184793.2~A4.K_18,18,,normal,184793.2~A4.K_18L.png,184793.2~A4.K_18R.png,train,/data5/chensx/MyProject/UAE/data/arrangement_merged/chr_18/184793.2~A4.K_18L.png,/data5/chensx/MyProject/UAE/data/arrangement_merged/chr_18/184793.2~A4.K_18R.png,0,-0.5413913854990224,,0.000899851322174,-1.3846444831712663,chromosome
0,0.0013324618339538,184793,184793.3~A8.K_18,18,,normal,184793.3~A8.K_18L.png,184793.3~A8.K_18R.png,train,/data5/chensx/MyProject/UAE/data/arrangement_merged/chr_18/184793.3~A8.K_18L.png,/data5/chensx/MyProject/UAE/data/arrangement_merged/chr_18/184793.3~A8.K_18R.png,0,0.0082056116206143,,0.0013324618339538,0.6287456018701404,chromosome
0,0.001412034034729,185290,185290.11~A25.K_18,18,,normal,185290.11~A25.K_18L.png,185290.11~A25.K_18R.png,train,/data5/chensx/MyProject/UAE/data/arrangement_merged/chr_18/185290.11~A25.K_18L.png,/data5/chensx/MyProject/UAE/data/arrangement_merged/chr_18/185290.11~A25.K_18R.png,0,0.1476165707246737,,0.001412034034729,0.9990784433598062,chromosome
0,0.0009981393814086,185290,185290.11~A27.K_18,18,,normal,185290.11~A27.K_18L.png,185290.11~A27.K_18R.png,train,/data5/chensx/MyProject/UAE/data/arrangement_merged/chr_18/185290.11~A27.K_18L.png,/data5/chensx/MyProject/UAE/data/arrangement_merged/chr_18/185290.11~A27.K_18R.png,0,-0.4049802581837349,,0.0009981393814086,-0.9272071381406081,chromosome
0,0.0012048482894897,185290,185290.11~A38.K_18,18,,normal,185290.11~A38.K_18L.png,185290.11~A38.K_18R.png,train,/data5/chensx/MyProject/UAE/data/arrangement_merged/chr_18/185290.11~A38.K_18L.png,/data5/chensx/MyProject/UAE/data/arrangement_merged/chr_18/185290.11~A38.K_18R.png,0,-0.1290001598752151,,0.0012048482894897,0.034826041099525466,chromosome
0,0.0011447072029113,185290,185290.12~A12.K_18,18,,normal,185290.12~A12.K_18L.png,185290.12~A12.K_18R.png,train,/data5/chensx/MyProject/UAE/data/arrangement_merged/chr_18/185290.12~A12.K_18L.png,/data5/chensx/MyProject/UAE/data/arrangement_merged/chr_18/185290.12~A12.K_18R.png,0,-0.2092954076241472,,0.0011447072029113,-0.24507346231846153,chromosome
0,0.0013571381568908,185290,185290.12~A33.K_18,18,,normal,185290.12~A33.K_18L.png,185290.12~A33.K_18R.png,train,/data5/chensx/MyProject/UAE/data/arrangement_merged/chr_18/185290.12~A33.K_18L.png,/data5/chensx/MyProject/UAE/data/arrangement_merged/chr_18/185290.12~A33.K_18R.png,0,0.0743242781808021,,0.0013571381568908,0.743590393163433,chromosome
0,0.0013881921768188,185290,185290.12~A35.K_18,18,,normal,185290.12~A35.K_18L.png,185290.12~A35.K_18R.png,train,/data5/chensx/MyProject/UAE/data/arrangement_merged/chr_18/185290.12~A35.K_18L.png,/data5/chensx/MyProject/UAE/data/arrangement_merged/chr_18/185290.12~A35.K_18R.png,0,0.115784956156217,,0.0013881921768188,0.8881172923515375,chromosome
0,0.0010916590690612,185290,185290.12~A49.K_18,18,,normal,185290.12~A49.K_18L.png,185290.12~A49.K_18R.png,train,/data5/chensx/MyProject/UAE/data/arrangement_merged/chr_18/185290.12~A49.K_18L.png,/data5/chensx/MyProject/UAE/data/arrangement_merged/chr_18/185290.12~A49.K_18R.png,0,-0.2801207500389635,,0.0010916590690612,-0.49196202331141703,chromosome
0,0.0011339783668518,185290,185290.12~A5.K_18,18,,normal,185290.12~A5.K_18L.png,185290.12~A5.K_18R.png,train,/data5/chensx/MyProject/UAE/data/arrangement_merged/chr_18/185290.12~A5.K_18L.png,/data5/chensx/MyProject/UAE/data/arrangement_merged/chr_18/185290.12~A5.K_18R.png,0,-0.2236196341799528,,0.0011339783668518,-0.2950059802717638,chromosome
0,0.001350462436676,185290,185290.12~A50.K_18,18,,normal,185290.12~A50.K_18L.png,185290.12~A50.K_18R.png,train,/data5/chensx/MyProject/UAE/data/arrangement_merged/chr_18/185290.12~A50.K_18L.png,/data5/chensx/MyProject/UAE/data/arrangement_merged/chr_18/185290.12~A50.K_18R.png,0,0.0654114261016342,,0.001350462436676,0.7125212708813787,chromosome
0,0.0010454654693603,185290,185290.12~A7.K_18,18,,normal,185290.12~A7.K_18L.png,185290.12~A7.K_18R.png,train,/data5/chensx/MyProject/UAE/data/arrangement_merged/chr_18/185290.12~A7.K_18L.png,/data5/chensx/MyProject/UAE/data/arrangement_merged/chr_18/185290.12~A7.K_18R.png,0,-0.3417945032653484,,0.0010454654693603,-0.7069492533894136,chromosome
0,0.0012794733047485,185290,185290.12~A8.K_18,18,,normal,185290.12~A8.K_18L.png,185290.12~A8.K_18R.png,train,/data5/chensx/MyProject/UAE/data/arrangement_merged/chr_18/185290.12~A8.K_18L.png,/data5/chensx/MyProject/UAE/data/arrangement_merged/chr_18/185290.12~A8.K_18R.png,0,-0.0293672062759456,,0.0012794733047485,0.3821344437548201,chromosome
0,0.0011476278305053,185290,185290.13~A13.K_18,18,,normal,185290.13~A13.K_18L.png,185290.13~A13.K_18R.png,train,/data5/chensx/MyProject/UAE/data/arrangement_merged/chr_18/185290.13~A13.K_18L.png,/data5/chensx/MyProject/UAE/data/arrangement_merged/chr_18/185290.13~A13.K_18R.png,0,-0.2053960348395113,,0.0011476278305053,-0.23148072131994635,chromosome
0,0.0010945200920104,185290,185290.13~A26.K_18,18,,normal,185290.13~A26.K_18L.png,185290.13~A26.K_18R.png,train,/data5/chensx/MyProject/UAE/data/arrangement_merged/chr_18/185290.13~A26.K_18L.png,/data5/chensx/MyProject/UAE/data/arrangement_merged/chr_18/185290.13~A26.K_18R.png,0,-0.2763009562907487,,0.0010945200920104,-0.47864668519053605,chromosome
0,0.0011221766471862,185290,185290.13~A28.K_18,18,,normal,185290.13~A28.K_18L.png,185290.13~A28.K_18R.png,train,/data5/chensx/MyProject/UAE/data/arrangement_merged/chr_18/185290.13~A28.K_18L.png,/data5/chensx/MyProject/UAE/data/arrangement_merged/chr_18/185290.13~A28.K_18R.png,0,-0.2393762833913388,,0.0011221766471862,-0.34993175002109395,chromosome
0,0.001078724861145,185290,185290.13~A30.K_18,18,,normal,185290.13~A30.K_18L.png,185290.13~A30.K_18R.png,train,/data5/chensx/MyProject/UAE/data/arrangement_merged/chr_18/185290.13~A30.K_18L.png,/data5/chensx/MyProject/UAE/data/arrangement_merged/chr_18/185290.13~A30.K_18R.png,0,-0.2973894009423512,,0.001078724861145,-0.5521584477330137,chromosome
0,0.0009906291961669,185290,185290.13~A35.K_18,18,,normal,185290.13~A35.K_18L.png,185290.13~A35.K_18R.png,train,/data5/chensx/MyProject/UAE/data/arrangement_merged/chr_18/185290.13~A35.K_18L.png,/data5/chensx/MyProject/UAE/data/arrangement_merged/chr_18/185290.13~A35.K_18R.png,0,-0.4150072167727988,,0.0009906291961669,-0.9621599007081516,chromosome
0,0.0011106133460998,185290,185290.13~A36.K_18,18,,normal,185290.13~A36.K_18L.png,185290.13~A36.K_18R.png,train,/data5/chensx/MyProject/UAE/data/arrangement_merged/chr_18/185290.13~A36.K_18L.png,/data5/chensx/MyProject/UAE/data/arrangement_merged/chr_18/185290.13~A36.K_18R.png,0,-0.2548146164570404,,0.0011106133460998,-0.4037479082598853,chromosome
0,0.0010493993759155,185290,185290.13~A46.K_18,18,,normal,185290.13~A46.K_18L.png,185290.13~A46.K_18R.png,train,/data5/chensx/MyProject/UAE/data/arrangement_merged/chr_18/185290.13~A46.K_18L.png,/data5/chensx/MyProject/UAE/data/arrangement_merged/chr_18/185290.13~A46.K_18R.png,0,-0.336542286861553,,0.0010493993759155,-0.6886406634729698,chromosome
0,0.0010729432106018,185290,185290.13~A6.K_18,18,,normal,185290.13~A6.K_18L.png,185290.13~A6.K_18R.png,train,/data5/chensx/MyProject/UAE/data/arrangement_merged/chr_18/185290.13~A6.K_18L.png,/data5/chensx/MyProject/UAE/data/arrangement_merged/chr_18/185290.13~A6.K_18R.png,0,-0.305108567475202,,0.0010729432106018,-0.5790665268524099,chromosome
0,0.0012021660804748,185290,185290.13~A7.K_18,18,,normal,185290.13~A7.K_18L.png,185290.13~A7.K_18R.png,train,/data5/chensx/MyProject/UAE/data/arrangement_merged/chr_18/185290.13~A7.K_18L.png,/data5/chensx/MyProject/UAE/data/arrangement_merged/chr_18/185290.13~A7.K_18R.png,0,-0.1325812165141665,,0.0012021660804748,0.022342911611083857,chromosome
0,0.0012643337249755,185290,185290.14~A27.K_18,18,,normal,185290.14~A27.K_18L.png,185290.14~A27.K_18R.png,train,/data5/chensx/MyProject/UAE/data/arrangement_merged/chr_18/185290.14~A27.K_18L.png,/data5/chensx/MyProject/UAE/data/arrangement_merged/chr_18/185290.14~A27.K_18R.png,0,-0.0495802815269156,,0.0012643337249755,0.3116741128644627,chromosome
0,0.0011355280876159,185290,185290.14~A31.K_18,18,,normal,185290.14~A31.K_18L.png,185290.14~A31.K_18R.png,train,/data5/chensx/MyProject/UAE/data/arrangement_merged/chr_18/185290.14~A31.K_18L.png,/data5/chensx/MyProject/UAE/data/arrangement_merged/chr_18/185290.14~A31.K_18R.png,0,-0.2215505792330031,,0.0011355280876159,-0.2877935054565191,chromosome
0,0.001127004623413,185290,185290.14~A44.K_18,18,,normal,185290.14~A44.K_18L.png,185290.14~A44.K_18R.png,train,/data5/chensx/MyProject/UAE/data/arrangement_merged/chr_18/185290.14~A44.K_18L.png,/data5/chensx/MyProject/UAE/data/arrangement_merged/chr_18/185290.14~A44.K_18R.png,0,-0.2329303814412263,,0.001127004623413,-0.3274621169419911,chromosome
0,0.0013143420219421,185290,185290.14~A47.K_18,18,,normal,185290.14~A47.K_18L.png,185290.14~A47.K_18R.png,train,/data5/chensx/MyProject/UAE/data/arrangement_merged/chr_18/185290.14~A47.K_18L.png,/data5/chensx/MyProject/UAE/data/arrangement_merged/chr_18/185290.14~A47.K_18R.png,0,0.0171865300304223,,0.0013143420219421,0.5444151271040988,chromosome
0,0.0016707777976989,185290,185290.1~A31.K_18,18,,normal,185290.1~A31.K_18L.png,185290.1~A31.K_18R.png,train,/data5/chensx/MyProject/UAE/data/arrangement_merged/chr_18/185290.1~A31.K_18L.png,/data5/chensx/MyProject/UAE/data/arrangement_merged/chr_18/185290.1~A31.K_18R.png,0,0.4930691678288504,,0.0016707777976989,2.2032843346745015,chromosome
0,0.0015128254890441,185290,185290.1~A32.K_18,18,,normal,185290.1~A32.K_18L.png,185290.1~A32.K_18R.png,train,/data5/chensx/MyProject/UAE/data/arrangement_merged/chr_18/185290.1~A32.K_18L.png,/data5/chensx/MyProject/UAE/data/arrangement_merged/chr_18/185290.1~A32.K_18R.png,0,0.2821847213128245,,0.0015128254890441,1.468166709246002,chromosome
0,0.0008867383003234,185290,185290.1~A35.K_18,18,,normal,185290.1~A35.K_18L.png,185290.1~A35.K_18R.png,train,/data5/chensx/MyProject/UAE/data/arrangement_merged/chr_18/185290.1~A35.K_18L.png,/data5/chensx/MyProject/UAE/data/arrangement_merged/chr_18/185290.1~A35.K_18R.png,0,-0.553713477254849,,0.0008867383003234,-1.4456731162257672,chromosome
0,0.0012836456298828,185290,185290.2~A19.K_18,18,,normal,185290.2~A19.K_18L.png,185290.2~A19.K_18R.png,train,/data5/chensx/MyProject/UAE/data/arrangement_merged/chr_18/185290.2~A19.K_18L.png,/data5/chensx/MyProject/UAE/data/arrangement_merged/chr_18/185290.2~A19.K_18R.png,0,-0.0237966737264656,,0.0012836456298828,0.4015526451813364,chromosome
0,0.0010492801666259,185290,185290.3~A26.K_18,18,,normal,185290.3~A26.K_18L.png,185290.3~A26.K_18R.png,train,/data5/chensx/MyProject/UAE/data/arrangement_merged/chr_18/185290.3~A26.K_18L.png,/data5/chensx/MyProject/UAE/data/arrangement_merged/chr_18/185290.3~A26.K_18R.png,0,-0.3367014449343953,,0.0010492801666259,-0.6891954692282393,chromosome
0,0.0012916326522827,185290,185290.3~A32.K_18,18,,normal,185290.3~A32.K_18L.png,185290.3~A32.K_18R.png,train,/data5/chensx/MyProject/UAE/data/arrangement_merged/chr_18/185290.3~A32.K_18L.png,/data5/chensx/MyProject/UAE/data/arrangement_merged/chr_18/185290.3~A32.K_18R.png,0,-0.0131330828460326,,0.0012916326522827,0.438724630769028,chromosome
0,0.0011482238769531,185290,185290.4~A11.K_18,18,,normal,185290.4~A11.K_18L.png,185290.4~A11.K_18R.png,train,/data5/chensx/MyProject/UAE/data/arrangement_merged/chr_18/185290.4~A11.K_18L.png,/data5/chensx/MyProject/UAE/data/arrangement_merged/chr_18/185290.4~A11.K_18R.png,0,-0.2046002444752999,,0.0011482238769531,-0.22870669254452977,chromosome
0,0.0013515353202819,185290,185290.4~A15.K_18,18,,normal,185290.4~A15.K_18L.png,185290.4~A15.K_18R.png,train,/data5/chensx/MyProject/UAE/data/arrangement_merged/chr_18/185290.4~A15.K_18L.png,/data5/chensx/MyProject/UAE/data/arrangement_merged/chr_18/185290.4~A15.K_18R.png,0,0.0668438487572148,,0.0013515353202819,0.7175145226764762,chromosome
0,0.0015927553176879,185290,185290.4~A18.K_18,18,,normal,185290.4~A18.K_18L.png,185290.4~A18.K_18R.png,train,/data5/chensx/MyProject/UAE/data/arrangement_merged/chr_18/185290.4~A18.K_18L.png,/data5/chensx/MyProject/UAE/data/arrangement_merged/chr_18/185290.4~A18.K_18R.png,0,0.3889002091535757,,0.0015927553176879,1.8401639680005455,chromosome
0,0.00130295753479,185290,185290.4~A28.K_18,18,,normal,185290.4~A28.K_18L.png,185290.4~A28.K_18R.png,train,/data5/chensx/MyProject/UAE/data/arrangement_merged/chr_18/185290.4~A28.K_18L.png,/data5/chensx/MyProject/UAE/data/arrangement_merged/chr_18/185290.4~A28.K_18R.png,0,0.0019869340739842,,0.00130295753479,0.49143117749774584,chromosome
0,0.0015079379081726,185290,185290.4~A29.K_18,18,,normal,185290.4~A29.K_18L.png,185290.4~A29.K_18R.png,train,/data5/chensx/MyProject/UAE/data/arrangement_merged/chr_18/185290.4~A29.K_18L.png,/data5/chensx/MyProject/UAE/data/arrangement_merged/chr_18/185290.4~A29.K_18R.png,0,0.2756592403262909,,0.0015079379081726,1.445419673289731,chromosome
0,0.001513123512268,185290,185290.4~A37.K_18,18,,normal,185290.4~A37.K_18L.png,185290.4~A37.K_18R.png,train,/data5/chensx/MyProject/UAE/data/arrangement_merged/chr_18/185290.4~A37.K_18L.png,/data5/chensx/MyProject/UAE/data/arrangement_merged/chr_18/185290.4~A37.K_18R.png,0,0.2825826164949302,,0.001513123512268,1.4695537236337106,chromosome
0,0.000823438167572,185290,185290.4~A9.K_18,18,,normal,185290.4~A9.K_18L.png,185290.4~A9.K_18R.png,train,/data5/chensx/MyProject/UAE/data/arrangement_merged/chr_18/185290.4~A9.K_18L.png,/data5/chensx/MyProject/UAE/data/arrangement_merged/chr_18/185290.4~A9.K_18R.png,0,-0.6382264139341016,,0.000823438167572,-1.7402749721518778,chromosome
0,0.0011892914772033,185824,185824.11~A10.K_18,18,,normal,185824.11~A10.K_18L.png,185824.11~A10.K_18R.png,train,/data5/chensx/MyProject/UAE/data/arrangement_merged/chr_18/185824.11~A10.K_18L.png,/data5/chensx/MyProject/UAE/data/arrangement_merged/chr_18/185824.11~A10.K_18R.png,0,-0.1186667550782621,,0.0011892914772033,-0.03757610993334385,chromosome
0,0.0012929439544677,185824,185824.11~A15.K_18,18,,normal,185824.11~A15.K_18L.png,185824.11~A15.K_18R.png,train,/data5/chensx/MyProject/UAE/data/arrangement_merged/chr_18/185824.11~A15.K_18L.png,/data5/chensx/MyProject/UAE/data/arrangement_merged/chr_18/185824.11~A15.K_18R.png,0,0.0164094277386679,,0.0012929439544677,0.4448274940741981,chromosome
0,0.0011090040206909,185824,185824.11~A31.K_18,18,,normal,185824.11~A31.K_18L.png,185824.11~A31.K_18R.png,train,/data5/chensx/MyProject/UAE/data/arrangement_merged/chr_18/185824.11~A31.K_18L.png,/data5/chensx/MyProject/UAE/data/arrangement_merged/chr_18/185824.11~A31.K_18R.png,0,-0.223294482654113,,0.0011090040206909,-0.4112377859527642,chromosome
0,0.0014899969100952,185824,185824.12~A12.K_18,18,,normal,185824.12~A12.K_18L.png,185824.12~A12.K_18R.png,train,/data5/chensx/MyProject/UAE/data/arrangement_merged/chr_18/185824.12~A12.K_18L.png,/data5/chensx/MyProject/UAE/data/arrangement_merged/chr_18/185824.12~A12.K_18R.png,0,0.2732017568891974,,0.0014899969100952,1.3619214071561279,chromosome
0,0.0009105205535888,185824,185824.12~A28.K_18,18,,normal,185824.12~A28.K_18L.png,185824.12~A28.K_18R.png,train,/data5/chensx/MyProject/UAE/data/arrangement_merged/chr_18/185824.12~A28.K_18L.png,/data5/chensx/MyProject/UAE/data/arrangement_merged/chr_18/185824.12~A28.K_18R.png,0,-0.4819510029418515,,0.0009105205535888,-1.3349893680951335,chromosome
0,0.0016462206840515,185824,185824.12~A31.K_18,18,,normal,185824.12~A31.K_18L.png,185824.12~A31.K_18R.png,train,/data5/chensx/MyProject/UAE/data/arrangement_merged/chr_18/185824.12~A31.K_18L.png,/data5/chensx/MyProject/UAE/data/arrangement_merged/chr_18/185824.12~A31.K_18R.png,0,0.4767869639985555,,0.0016462206840515,2.0889943491364784,chromosome
0,0.0015463232994079,185824,185824.12~A38.K_18,18,,normal,185824.12~A38.K_18L.png,185824.12~A38.K_18R.png,train,/data5/chensx/MyProject/UAE/data/arrangement_merged/chr_18/185824.12~A38.K_18L.png,/data5/chensx/MyProject/UAE/data/arrangement_merged/chr_18/185824.12~A38.K_18R.png,0,0.3466042829167989,,0.0015463232994079,1.6240671264124753,chromosome
0,0.0014835000038146,185824,185824.12~A48.K_18,18,,normal,185824.12~A48.K_18L.png,185824.12~A48.K_18R.png,train,/data5/chensx/MyProject/UAE/data/arrangement_merged/chr_18/185824.12~A48.K_18L.png,/data5/chensx/MyProject/UAE/data/arrangement_merged/chr_18/185824.12~A48.K_18R.png,0,0.2647352221410402,,0.0014835000038146,1.3316844935060457,chromosome
0,0.0015183687210083,185824,185824.12~A7.K_18,18,,normal,185824.12~A7.K_18L.png,185824.12~A7.K_18R.png,train,/data5/chensx/MyProject/UAE/data/arrangement_merged/chr_18/185824.12~A7.K_18L.png,/data5/chensx/MyProject/UAE/data/arrangement_merged/chr_18/185824.12~A7.K_18R.png,0,0.3101748811105078,,0.0015183687210083,1.4939651768557898,chromosome
0,0.0008248090744018,185824,185824.13~A1.K_18,18,,normal,185824.13~A1.K_18L.png,185824.13~A1.K_18R.png,train,/data5/chensx/MyProject/UAE/data/arrangement_merged/chr_18/185824.13~A1.K_18L.png,/data5/chensx/MyProject/UAE/data/arrangement_merged/chr_18/185824.13~A1.K_18R.png,0,-0.593647121912953,,0.0008248090744018,-1.7338947059690724,chromosome
0,0.0012346506118774,185824,185824.13~A14.K_18,18,,normal,185824.13~A14.K_18L.png,185824.13~A14.K_18R.png,train,/data5/chensx/MyProject/UAE/data/arrangement_merged/chr_18/185824.13~A14.K_18L.png,/data5/chensx/MyProject/UAE/data/arrangement_merged/chr_18/185824.13~A14.K_18R.png,0,-0.0595563611025957,,0.0012346506118774,0.1735274798596288,chromosome
0,0.0014334321022033,185824,185824.13~A5.K_18,18,,normal,185824.13~A5.K_18L.png,185824.13~A5.K_18R.png,train,/data5/chensx/MyProject/UAE/data/arrangement_merged/chr_18/185824.13~A5.K_18L.png,/data5/chensx/MyProject/UAE/data/arrangement_merged/chr_18/185824.13~A5.K_18R.png,0,0.1994885323387278,,0.0014334321022033,1.0986660763892406,chromosome
0,0.0017523765563964,185824,185824.1~A10.K_18,18,,normal,185824.1~A10.K_18L.png,185824.1~A10.K_18R.png,train,/data5/chensx/MyProject/UAE/data/arrangement_merged/chr_18/185824.1~A10.K_18L.png,/data5/chensx/MyProject/UAE/data/arrangement_merged/chr_18/185824.1~A10.K_18R.png,0,0.6151254813056012,,0.0017523765563964,2.5830488739995583,chromosome
0,0.001368761062622,185824,185824.1~A11.K_18,18,,normal,185824.1~A11.K_18L.png,185824.1~A11.K_18R.png,train,/data5/chensx/MyProject/UAE/data/arrangement_merged/chr_18/185824.1~A11.K_18L.png,/data5/chensx/MyProject/UAE/data/arrangement_merged/chr_18/185824.1~A11.K_18R.png,0,0.115211558010741,,0.001368761062622,0.7976839542798596,chromosome
0,0.0012704133987426,185824,185824.1~A18.K_18,18,,normal,185824.1~A18.K_18L.png,185824.1~A18.K_18R.png,train,/data5/chensx/MyProject/UAE/data/arrangement_merged/chr_18/185824.1~A18.K_18L.png,/data5/chensx/MyProject/UAE/data/arrangement_merged/chr_18/185824.1~A18.K_18R.png,0,-0.0129515826723726,,0.0012704133987426,0.3399692063715667,chromosome
0,0.0016336441040039,185824,185824.1~A39.K_18,18,,normal,185824.1~A39.K_18L.png,185824.1~A39.K_18R.png,train,/data5/chensx/MyProject/UAE/data/arrangement_merged/chr_18/185824.1~A39.K_18L.png,/data5/chensx/MyProject/UAE/data/arrangement_merged/chr_18/185824.1~A39.K_18R.png,0,0.4603976169172604,,0.0016336441040039,2.0304623419797583,chromosome
0,0.0011234879493713,185824,185824.2~A10.K_18,18,,normal,185824.2~A10.K_18L.png,185824.2~A10.K_18R.png,train,/data5/chensx/MyProject/UAE/data/arrangement_merged/chr_18/185824.2~A10.K_18L.png,/data5/chensx/MyProject/UAE/data/arrangement_merged/chr_18/185824.2~A10.K_18R.png,0,-0.2044195473898727,,0.0011234879493713,-0.34382888671545764,chromosome
0,0.001157522201538,185824,185824.2~A11.K_18,18,,normal,185824.2~A11.K_18L.png,185824.2~A11.K_18R.png,train,/data5/chensx/MyProject/UAE/data/arrangement_merged/chr_18/185824.2~A11.K_18L.png,/data5/chensx/MyProject/UAE/data/arrangement_merged/chr_18/185824.2~A11.K_18R.png,0,-0.1600673332504436,,0.001157522201538,-0.18543184365166804,chromosome
0,0.0011790990829467,185824,185824.2~A14.K_18,18,,normal,185824.2~A14.K_18L.png,185824.2~A14.K_18R.png,train,/data5/chensx/MyProject/UAE/data/arrangement_merged/chr_18/185824.2~A14.K_18L.png,/data5/chensx/MyProject/UAE/data/arrangement_merged/chr_18/185824.2~A14.K_18R.png,0,-0.1319491169308757,,0.0011790990829467,-0.08501200198932994,chromosome
0,0.0016137361526489,185824,185824.2~A17.K_18,18,,normal,185824.2~A17.K_18L.png,185824.2~A17.K_18R.png,train,/data5/chensx/MyProject/UAE/data/arrangement_merged/chr_18/185824.2~A17.K_18L.png,/data5/chensx/MyProject/UAE/data/arrangement_merged/chr_18/185824.2~A17.K_18R.png,0,0.4344542902577695,,0.0016137361526489,1.9378097808879333,chromosome
0,0.001183271408081,185824,185824.2~A2.K_18,18,,normal,185824.2~A2.K_18L.png,185824.2~A2.K_18R.png,train,/data5/chensx/MyProject/UAE/data/arrangement_merged/chr_18/185824.2~A2.K_18L.png,/data5/chensx/MyProject/UAE/data/arrangement_merged/chr_18/185824.2~A2.K_18R.png,0,-0.126511892780683,,0.001183271408081,-0.06559380056281262,chromosome
0,0.0010461211204528,185824,185824.2~A25.K_18,18,,normal,185824.2~A25.K_18L.png,185824.2~A25.K_18R.png,train,/data5/chensx/MyProject/UAE/data/arrangement_merged/chr_18/185824.2~A25.K_18L.png,/data5/chensx/MyProject/UAE/data/arrangement_merged/chr_18/185824.2~A25.K_18R.png,0,-0.3052412180605887,,0.0010461211204528,-0.703897821736828,chromosome
0,0.0013761520385742,185824,185824.2~A27.K_18,18,,normal,185824.2~A27.K_18L.png,185824.2~A27.K_18R.png,train,/data5/chensx/MyProject/UAE/data/arrangement_merged/chr_18/185824.2~A27.K_18L.png,/data5/chensx/MyProject/UAE/data/arrangement_merged/chr_18/185824.2~A27.K_18R.png,0,0.1248432122196537,,0.0013761520385742,0.8320819110925999,chromosome
0,0.0009881854057312,185824,185824.2~A7.K_18,18,,normal,185824.2~A7.K_18L.png,185824.2~A7.K_18R.png,train,/data5/chensx/MyProject/UAE/data/arrangement_merged/chr_18/185824.2~A7.K_18L.png,/data5/chensx/MyProject/UAE/data/arrangement_merged/chr_18/185824.2~A7.K_18R.png,0,-0.3807409591175502,,0.0009881854057312,-0.9735334186860544,chromosome
0,0.0014879703521728,185824,185824.2~A8.K_18,18,,normal,185824.2~A8.K_18L.png,185824.2~A8.K_18R.png,train,/data5/chensx/MyProject/UAE/data/arrangement_merged/chr_18/185824.2~A8.K_18L.png,/data5/chensx/MyProject/UAE/data/arrangement_merged/chr_18/185824.2~A8.K_18R.png,0,0.2705608194448181,,0.0014879703521728,1.3524897093202708,chromosome
0,0.0012510418891906,185824,185824.2~A9.K_18,18,,normal,185824.2~A9.K_18L.png,185824.2~A9.K_18R.png,train,/data5/chensx/MyProject/UAE/data/arrangement_merged/chr_18/185824.2~A9.K_18L.png,/data5/chensx/MyProject/UAE/data/arrangement_merged/chr_18/185824.2~A9.K_18R.png,0,-0.0381958376554101,,0.0012510418891906,0.24981327117752303,chromosome
0,0.0011858940124511,185824,185824.3~A18.K_18,18,,normal,185824.3~A18.K_18L.png,185824.3~A18.K_18R.png,train,/data5/chensx/MyProject/UAE/data/arrangement_merged/chr_18/185824.3~A18.K_18L.png,/data5/chensx/MyProject/UAE/data/arrangement_merged/chr_18/185824.3~A18.K_18R.png,0,-0.1230942090291333,,0.0011858940124511,-0.053388073952005205,chromosome
0,0.001165747642517,185824,185824.3~A2.K_18,18,,normal,185824.3~A2.K_18L.png,185824.3~A2.K_18R.png,train,/data5/chensx/MyProject/UAE/data/arrangement_merged/chr_18/185824.3~A2.K_18L.png,/data5/chensx/MyProject/UAE/data/arrangement_merged/chr_18/185824.3~A2.K_18R.png,0,-0.1493482342114923,,0.001165747642517,-0.1471502465539038,chromosome
0,0.0013044476509094,185824,185824.3~A28.K_18,18,,normal,185824.3~A28.K_18L.png,185824.3~A28.K_18R.png,train,/data5/chensx/MyProject/UAE/data/arrangement_merged/chr_18/185824.3~A28.K_18L.png,/data5/chensx/MyProject/UAE/data/arrangement_merged/chr_18/185824.3~A28.K_18R.png,0,0.0314006314670564,,0.0013044476509094,0.49836624943582053,chromosome
0,0.0009363889694213,185824,185824.3~A41.K_18,18,,normal,185824.3~A41.K_18L.png,185824.3~A41.K_18R.png,train,/data5/chensx/MyProject/UAE/data/arrangement_merged/chr_18/185824.3~A41.K_18L.png,/data5/chensx/MyProject/UAE/data/arrangement_merged/chr_18/185824.3~A41.K_18R.png,0,-0.4482402132106567,,0.0009363889694213,-1.214596519251474,chromosome
0,0.0015962123870849,185824,185824.3~A43.K_18,18,,normal,185824.3~A43.K_18L.png,185824.3~A43.K_18R.png,train,/data5/chensx/MyProject/UAE/data/arrangement_merged/chr_18/185824.3~A43.K_18L.png,/data5/chensx/MyProject/UAE/data/arrangement_merged/chr_18/185824.3~A43.K_18R.png,0,0.4116179488269602,,0.0015962123870849,1.8562533348968422,chromosome
0,0.0015726089477539,185824,185824.3~A46.K_18,18,,normal,185824.3~A46.K_18L.png,185824.3~A46.K_18R.png,train,/data5/chensx/MyProject/UAE/data/arrangement_merged/chr_18/185824.3~A46.K_18L.png,/data5/chensx/MyProject/UAE/data/arrangement_merged/chr_18/185824.3~A46.K_18R.png,0,0.3808587950630129,,0.0015726089477539,1.7464017953991122,chromosome
0,0.0012531280517578,186193,186193.11~A23.K_18,18,,normal,186193.11~A23.K_18L.png,186193.11~A23.K_18R.png,train,/data5/chensx/MyProject/UAE/data/arrangement_merged/chr_18/186193.11~A23.K_18L.png,/data5/chensx/MyProject/UAE/data/arrangement_merged/chr_18/186193.11~A23.K_18R.png,0,-0.0936117698934196,,0.0012531280517578,0.2595223718910133,chromosome
0,0.0008295774459838,186193,186193.12~A4.K_18,18,,normal,186193.12~A4.K_18L.png,186193.12~A4.K_18R.png,train,/data5/chensx/MyProject/UAE/data/arrangement_merged/chr_18/186193.12~A4.K_18L.png,/data5/chensx/MyProject/UAE/data/arrangement_merged/chr_18/186193.12~A4.K_18R.png,0,-0.6203232415766767,,0.0008295774459838,-1.7117024757676047,chromosome
0,0.0013679265975952,186193,186193.13~A11.K_18,18,,normal,186193.13~A11.K_18L.png,186193.13~A11.K_18R.png,train,/data5/chensx/MyProject/UAE/data/arrangement_merged/chr_18/186193.13~A11.K_18L.png,/data5/chensx/MyProject/UAE/data/arrangement_merged/chr_18/186193.13~A11.K_18R.png,0,0.0491473483815527,,0.0013679265975952,0.7938003139948356,chromosome
0,0.0013514161109924,186193,186193.13~A22.K_18,18,,normal,186193.13~A22.K_18L.png,186193.13~A22.K_18R.png,train,/data5/chensx/MyProject/UAE/data/arrangement_merged/chr_18/186193.13~A22.K_18L.png,/data5/chensx/MyProject/UAE/data/arrangement_merged/chr_18/186193.13~A22.K_18R.png,0,0.0286155333440826,,0.0013514161109924,0.716959716921672,chromosome
0,0.0010626316070556,186193,186193.13~A4.K_18,18,,normal,186193.13~A4.K_18L.png,186193.13~A4.K_18R.png,train,/data5/chensx/MyProject/UAE/data/arrangement_merged/chr_18/186193.13~A4.K_18L.png,/data5/chensx/MyProject/UAE/data/arrangement_merged/chr_18/186193.13~A4.K_18R.png,0,-0.3305059246217745,,0.0010626316070556,-0.6270572246636644,chromosome
0,0.0012688636779785,186193,186193.13~A41.K_18,18,,normal,186193.13~A41.K_18L.png,186193.13~A41.K_18R.png,train,/data5/chensx/MyProject/UAE/data/arrangement_merged/chr_18/186193.13~A41.K_18L.png,/data5/chensx/MyProject/UAE/data/arrangement_merged/chr_18/186193.13~A41.K_18R.png,0,-0.0740435418432676,,0.0012688636779785,0.332756731556322,chromosome
0,0.002280056476593,186193,186193.13~A5.K_18,18,,normal,186193.13~A5.K_18L.png,186193.13~A5.K_18R.png,train,/data5/chensx/MyProject/UAE/data/arrangement_merged/chr_18/186193.13~A5.K_18L.png,/data5/chensx/MyProject/UAE/data/arrangement_merged/chr_18/186193.13~A5.K_18R.png,0,1.183437476606839,,0.002280056476593,5.038896548685864,chromosome
0,0.0013015270233154,186193,186193.1~A34.K_18,18,,normal,186193.1~A34.K_18L.png,186193.1~A34.K_18R.png,train,/data5/chensx/MyProject/UAE/data/arrangement_merged/chr_18/186193.1~A34.K_18L.png,/data5/chensx/MyProject/UAE/data/arrangement_merged/chr_18/186193.1~A34.K_18R.png,0,-0.0334246442240128,,0.0013015270233154,0.4847735084373053,chromosome
0,0.001102864742279,186193,186193.1~A38.K_18,18,,normal,186193.1~A38.K_18L.png,186193.1~A38.K_18R.png,train,/data5/chensx/MyProject/UAE/data/arrangement_merged/chr_18/186193.1~A38.K_18L.png,/data5/chensx/MyProject/UAE/data/arrangement_merged/chr_18/186193.1~A38.K_18R.png,0,-0.2804735233571814,,0.001102864742279,-0.4398102823375024,chromosome
0,0.0009658336639404,186193,186193.1~A44.K_18,18,,normal,186193.1~A44.K_18L.png,186193.1~A44.K_18R.png,train,/data5/chensx/MyProject/UAE/data/arrangement_merged/chr_18/186193.1~A44.K_18L.png,/data5/chensx/MyProject/UAE/data/arrangement_merged/chr_18/186193.1~A44.K_18R.png,0,-0.4508801759605881,,0.0009658336639404,-1.0775594977562484,chromosome
0,0.0013068914413452,186193,186193.1~A8.K_18,18,,normal,186193.1~A8.K_18L.png,186193.1~A8.K_18R.png,train,/data5/chensx/MyProject/UAE/data/arrangement_merged/chr_18/186193.1~A8.K_18L.png,/data5/chensx/MyProject/UAE/data/arrangement_merged/chr_18/186193.1~A8.K_18R.png,0,-0.0267536573887337,,0.0013068914413452,0.5097397674141896,chromosome
0,0.0014813542366027,186193,186193.2~A1.K_18,18,,normal,186193.2~A1.K_18L.png,186193.2~A1.K_18R.png,train,/data5/chensx/MyProject/UAE/data/arrangement_merged/chr_18/186193.2~A1.K_18L.png,/data5/chensx/MyProject/UAE/data/arrangement_merged/chr_18/186193.2~A1.K_18R.png,0,0.1902016589097314,,0.0014813542366027,1.3216979899153856,chromosome
0,0.0016913414001464,186193,186193.2~A12.K_18,18,,normal,186193.2~A12.K_18L.png,186193.2~A12.K_18R.png,train,/data5/chensx/MyProject/UAE/data/arrangement_merged/chr_18/186193.2~A12.K_18L.png,/data5/chensx/MyProject/UAE/data/arrangement_merged/chr_18/186193.2~A12.K_18R.png,0,0.4513337324729337,,0.0016913414001464,2.298988327418912,chromosome
0,0.0013642311096191,186193,186193.2~A14.K_18,18,,normal,186193.2~A14.K_18L.png,186193.2~A14.K_18R.png,train,/data5/chensx/MyProject/UAE/data/arrangement_merged/chr_18/186193.2~A14.K_18L.png,/data5/chensx/MyProject/UAE/data/arrangement_merged/chr_18/186193.2~A14.K_18R.png,0,0.0445517796728048,,0.0013642311096191,0.7766013355884656,chromosome
0,0.0011345148086547,186193,186193.2~A15.K_18,18,,normal,186193.2~A15.K_18L.png,186193.2~A15.K_18R.png,train,/data5/chensx/MyProject/UAE/data/arrangement_merged/chr_18/186193.2~A15.K_18L.png,/data5/chensx/MyProject/UAE/data/arrangement_merged/chr_18/186193.2~A15.K_18R.png,0,-0.2411147010290348,,0.0011345148086547,-0.29250935437444764,chromosome
0,0.0011599063873291,186193,186193.2~A24.K_18,18,,normal,186193.2~A24.K_18L.png,186193.2~A24.K_18R.png,train,/data5/chensx/MyProject/UAE/data/arrangement_merged/chr_18/186193.2~A24.K_18L.png,/data5/chensx/MyProject/UAE/data/arrangement_merged/chr_18/186193.2~A24.K_18R.png,0,-0.2095386966753805,,0.0011599063873291,-0.17433572855046897,chromosome
0,0.0014708638191223,186193,186193.2~A3.K_18,18,,normal,186193.2~A3.K_18L.png,186193.2~A3.K_18R.png,train,/data5/chensx/MyProject/UAE/data/arrangement_merged/chr_18/186193.2~A3.K_18L.png,/data5/chensx/MyProject/UAE/data/arrangement_merged/chr_18/186193.2~A3.K_18R.png,0,0.1771561735429635,,0.0014708638191223,1.272875083472157,chromosome
0,0.0009784698486328,186193,186193.2~A37.K_18,18,,normal,186193.2~A37.K_18L.png,186193.2~A37.K_18R.png,train,/data5/chensx/MyProject/UAE/data/arrangement_merged/chr_18/186193.2~A37.K_18L.png,/data5/chensx/MyProject/UAE/data/arrangement_merged/chr_18/186193.2~A37.K_18R.png,0,-0.4351662958597085,,0.0009784698486328,-1.0187500877218942,chromosome
0,0.0012627840042114,186193,186193.2~A4.K_18,18,,normal,186193.2~A4.K_18L.png,186193.2~A4.K_18R.png,train,/data5/chensx/MyProject/UAE/data/arrangement_merged/chr_18/186193.2~A4.K_18L.png,/data5/chensx/MyProject/UAE/data/arrangement_merged/chr_18/186193.2~A4.K_18R.png,0,-0.0816039935899172,,0.0012627840042114,0.30446163804921805,chromosome
0,0.0012200474739074,186193,186193.2~A42.K_18,18,,normal,186193.2~A42.K_18L.png,186193.2~A42.K_18R.png,train,/data5/chensx/MyProject/UAE/data/arrangement_merged/chr_18/186193.2~A42.K_18L.png,/data5/chensx/MyProject/UAE/data/arrangement_merged/chr_18/186193.2~A42.K_18R.png,0,-0.1347495220443072,,0.0012200474739074,0.1055637748670528,chromosome
0,0.0010803937911987,186193,186193.2~A44.K_18,18,,normal,186193.2~A44.K_18L.png,186193.2~A44.K_18R.png,train,/data5/chensx/MyProject/UAE/data/arrangement_merged/chr_18/186193.2~A44.K_18L.png,/data5/chensx/MyProject/UAE/data/arrangement_merged/chr_18/186193.2~A44.K_18R.png,0,-0.308417545989406,,0.0010803937911987,-0.5443911671625006,chromosome
0,0.0013887882232666,186193,186193.2~A46.K_18,18,,normal,186193.2~A46.K_18L.png,186193.2~A46.K_18R.png,train,/data5/chensx/MyProject/UAE/data/arrangement_merged/chr_18/186193.2~A46.K_18L.png,/data5/chensx/MyProject/UAE/data/arrangement_merged/chr_18/186193.2~A46.K_18R.png,0,0.0750900749631935,,0.0013887882232666,0.890891321126954,chromosome
0,0.0014100074768066,186193,186193.2~A48.K_18,18,,normal,186193.2~A48.K_18L.png,186193.2~A48.K_18R.png,train,/data5/chensx/MyProject/UAE/data/arrangement_merged/chr_18/186193.2~A48.K_18L.png,/data5/chensx/MyProject/UAE/data/arrangement_merged/chr_18/186193.2~A48.K_18R.png,0,0.1014775340005197,,0.0014100074768066,0.9896467455239502,chromosome
0,0.0010337829589843,186193,186193.2~A5.K_18,18,,normal,186193.2~A5.K_18L.png,186193.2~A5.K_18R.png,train,/data5/chensx/MyProject/UAE/data/arrangement_merged/chr_18/186193.2~A5.K_18L.png,/data5/chensx/MyProject/UAE/data/arrangement_merged/chr_18/186193.2~A5.K_18R.png,0,-0.3663810093803864,,0.0010337829589843,-0.7613202173834743,chromosome
0,0.00162935256958,186193,186193.2~A50.K_18,18,,normal,186193.2~A50.K_18L.png,186193.2~A50.K_18R.png,train,/data5/chensx/MyProject/UAE/data/arrangement_merged/chr_18/186193.2~A50.K_18L.png,/data5/chensx/MyProject/UAE/data/arrangement_merged/chr_18/186193.2~A50.K_18R.png,0,0.3742467734874865,,0.00162935256958,2.0104893347979726,chromosome
0,0.0014108419418334,186193,186193.2~A7.K_18,18,,normal,186193.2~A7.K_18L.png,186193.2~A7.K_18R.png,train,/data5/chensx/MyProject/UAE/data/arrangement_merged/chr_18/186193.2~A7.K_18L.png,/data5/chensx/MyProject/UAE/data/arrangement_merged/chr_18/186193.2~A7.K_18R.png,0,0.1025152430637853,,0.0014108419418334,0.993530385808974,chromosome
0,0.0011084079742431,186193,186193.3~A15.K_18,18,,normal,186193.3~A15.K_18L.png,186193.3~A15.K_18R.png,train,/data5/chensx/MyProject/UAE/data/arrangement_merged/chr_18/186193.3~A15.K_18L.png,/data5/chensx/MyProject/UAE/data/arrangement_merged/chr_18/186193.3~A15.K_18R.png,0,-0.2735801702940597,,0.0011084079742431,-0.4140118147281798,chromosome
0,0.001083493232727,186193,186193.3~A6.K_18,18,,normal,186193.3~A6.K_18L.png,186193.3~A6.K_18R.png,train,/data5/chensx/MyProject/UAE/data/arrangement_merged/chr_18/186193.3~A6.K_18L.png,/data5/chensx/MyProject/UAE/data/arrangement_merged/chr_18/186193.3~A6.K_18R.png,0,-0.3045631980401336,,0.001083493232727,-0.529966217531546,chromosome
0,0.0013962984085083,Q242362,Q242362.11~A39.K_18,18,,normal,Q242362.11~A39.K_18L.png,Q242362.11~A39.K_18R.png,train,/data5/chensx/MyProject/UAE/data/arrangement_merged/chr_18/Q242362.11~A39.K_18L.png,/data5/chensx/MyProject/UAE/data/arrangement_merged/chr_18/Q242362.11~A39.K_18R.png,0,0.1026413268029996,,0.0013962984085083,0.9258440836944976,chromosome
0,0.0011576414108276,Q242362,Q242362.12~A25.K_18,18,,normal,Q242362.12~A25.K_18L.png,Q242362.12~A25.K_18R.png,train,/data5/chensx/MyProject/UAE/data/arrangement_merged/chr_18/Q242362.12~A25.K_18L.png,/data5/chensx/MyProject/UAE/data/arrangement_merged/chr_18/Q242362.12~A25.K_18R.png,0,-0.210797296866199,,0.0011576414108276,-0.18487703789639862,chromosome
0,0.0008052587509155,Q242362,Q242362.12~A30.K_18,18,,normal,Q242362.12~A30.K_18L.png,Q242362.12~A30.K_18R.png,train,/data5/chensx/MyProject/UAE/data/arrangement_merged/chr_18/Q242362.12~A30.K_18L.png,/data5/chensx/MyProject/UAE/data/arrangement_merged/chr_18/Q242362.12~A30.K_18R.png,0,-0.6735967831629778,,0.0008052587509155,-1.8248828497955545,chromosome
0,0.0011210441589355,Q242362,Q242362.12~A6.K_18,18,,normal,Q242362.12~A6.K_18L.png,Q242362.12~A6.K_18R.png,train,/data5/chensx/MyProject/UAE/data/arrangement_merged/chr_18/Q242362.12~A6.K_18L.png,/data5/chensx/MyProject/UAE/data/arrangement_merged/chr_18/Q242362.12~A6.K_18R.png,0,-0.2588620608354517,,0.0011210441589355,-0.3552024046938257,chromosome
0,0.0011947751045227,Q242362,Q242362.13~A12.K_18,18,,normal,Q242362.13~A12.K_18L.png,Q242362.13~A12.K_18R.png,train,/data5/chensx/MyProject/UAE/data/arrangement_merged/chr_18/Q242362.13~A12.K_18L.png,/data5/chensx/MyProject/UAE/data/arrangement_merged/chr_18/Q242362.13~A12.K_18R.png,0,-0.1620280005260614,,0.0011947751045227,-0.012055045201190204,chromosome
0,0.0012286305427551,Q242362,Q242362.13~A3.K_18,18,,normal,Q242362.13~A3.K_18L.png,Q242362.13~A3.K_18R.png,train,/data5/chensx/MyProject/UAE/data/arrangement_merged/chr_18/Q242362.13~A3.K_18L.png,/data5/chensx/MyProject/UAE/data/arrangement_merged/chr_18/Q242362.13~A3.K_18R.png,0,-0.1175641797857755,,0.0012286305427551,0.14550978923016003,chromosome
0,0.0010228157043457,Q242362,Q242362.13~A33.K_18,18,,normal,Q242362.13~A33.K_18L.png,Q242362.13~A33.K_18R.png,train,/data5/chensx/MyProject/UAE/data/arrangement_merged/chr_18/Q242362.13~A33.K_18L.png,/data5/chensx/MyProject/UAE/data/arrangement_merged/chr_18/Q242362.13~A33.K_18R.png,0,-0.3878697660819151,,0.0010228157043457,-0.8123623468468492,chromosome
0,0.0009541511535644,Q242362,Q242362.13~A6.K_18,18,,normal,Q242362.13~A6.K_18L.png,Q242362.13~A6.K_18R.png,train,/data5/chensx/MyProject/UAE/data/arrangement_merged/chr_18/Q242362.13~A6.K_18L.png,/data5/chensx/MyProject/UAE/data/arrangement_merged/chr_18/Q242362.13~A6.K_18R.png,0,-0.478049909555171,,0.0009541511535644,-1.1319304617503092,chromosome
0,0.0011094808578491,Q242362,Q242362.14~A13.K_18,18,,normal,Q242362.14~A13.K_18L.png,Q242362.14~A13.K_18R.png,train,/data5/chensx/MyProject/UAE/data/arrangement_merged/chr_18/Q242362.14~A13.K_18L.png,/data5/chensx/MyProject/UAE/data/arrangement_merged/chr_18/Q242362.14~A13.K_18R.png,0,-0.2740486474967465,,0.0011094808578491,-0.40901856293261707,chromosome
0,0.0011017322540283,Q242362,Q242362.14~A25.K_18,18,,normal,Q242362.14~A25.K_18L.png,Q242362.14~A25.K_18R.png,train,/data5/chensx/MyProject/UAE/data/arrangement_merged/chr_18/Q242362.14~A25.K_18L.png,/data5/chensx/MyProject/UAE/data/arrangement_merged/chr_18/Q242362.14~A25.K_18R.png,0,-0.284225226187305,,0.0011017322540283,-0.4450809370102351,chromosome
0,0.0016258955001831,Q242362,Q242362.14~A29.K_18,18,,normal,Q242362.14~A29.K_18L.png,Q242362.14~A29.K_18R.png,train,/data5/chensx/MyProject/UAE/data/arrangement_merged/chr_18/Q242362.14~A29.K_18L.png,/data5/chensx/MyProject/UAE/data/arrangement_merged/chr_18/Q242362.14~A29.K_18R.png,0,0.4041811815416992,,0.0016258955001831,1.9943999679021414,chromosome
0,0.0012819766998291,Q242362,Q242362.14~A36.K_18,18,,normal,Q242362.14~A36.K_18L.png,Q242362.14~A36.K_18R.png,train,/data5/chensx/MyProject/UAE/data/arrangement_merged/chr_18/Q242362.14~A36.K_18L.png,/data5/chensx/MyProject/UAE/data/arrangement_merged/chr_18/Q242362.14~A36.K_18R.png,0,-0.0475023495700081,,0.0012819766998291,0.3937853646108233,chromosome
0,0.0010378360748291,Q242362,Q242362.14~A48.K_18,18,,normal,Q242362.14~A48.K_18L.png,Q242362.14~A48.K_18R.png,train,/data5/chensx/MyProject/UAE/data/arrangement_merged/chr_18/Q242362.14~A48.K_18L.png,/data5/chensx/MyProject/UAE/data/arrangement_merged/chr_18/Q242362.14~A48.K_18R.png,0,-0.3681428596971404,,0.0010378360748291,-0.7424568217117612,chromosome
0,0.0011023879051208,Q242362,Q242362.1~A28.K_18,18,,normal,Q242362.1~A28.K_18L.png,Q242362.1~A28.K_18R.png,train,/data5/chensx/MyProject/UAE/data/arrangement_merged/chr_18/Q242362.1~A28.K_18L.png,/data5/chensx/MyProject/UAE/data/arrangement_merged/chr_18/Q242362.1~A28.K_18R.png,0,-0.2833641310673346,,0.0011023879051208,-0.44202950535764957,chromosome
0,0.0011491179466247,Q242362,Q242362.1~A32.K_18,18,,normal,Q242362.1~A32.K_18L.png,Q242362.1~A32.K_18R.png,train,/data5/chensx/MyProject/UAE/data/arrangement_merged/chr_18/Q242362.1~A32.K_18L.png,/data5/chensx/MyProject/UAE/data/arrangement_merged/chr_18/Q242362.1~A32.K_18R.png,0,-0.2219915334258132,,0.0011491179466247,-0.22454564938187163,chromosome
0,0.0009913444519042,Q242362,Q242362.1~A4.K_18,18,,normal,Q242362.1~A4.K_18L.png,Q242362.1~A4.K_18R.png,train,/data5/chensx/MyProject/UAE/data/arrangement_merged/chr_18/Q242362.1~A4.K_18L.png,/data5/chensx/MyProject/UAE/data/arrangement_merged/chr_18/Q242362.1~A4.K_18R.png,0,-0.4292023318404908,,0.0009913444519042,-0.9588310661779318,chromosome
0,0.0010018944740295,Q242362,Q242362.1~A9.K_18,18,,normal,Q242362.1~A9.K_18L.png,Q242362.1~A9.K_18R.png,train,/data5/chensx/MyProject/UAE/data/arrangement_merged/chr_18/Q242362.1~A9.K_18L.png,/data5/chensx/MyProject/UAE/data/arrangement_merged/chr_18/Q242362.1~A9.K_18R.png,0,-0.4153465285464228,,0.0010018944740295,-0.9097307568566028,chromosome
0,0.0010186433792114,Q242362,Q242362.2~A14.K_18,18,,normal,Q242362.2~A14.K_18L.png,Q242362.2~A14.K_18R.png,train,/data5/chensx/MyProject/UAE/data/arrangement_merged/chr_18/Q242362.2~A14.K_18L.png,/data5/chensx/MyProject/UAE/data/arrangement_merged/chr_18/Q242362.2~A14.K_18R.png,0,-0.3933494622999081,,0.0010186433792114,-0.8317805482733666,chromosome
0,0.0014334917068481,Q242362,Q242362.2~A2.K_18,18,,normal,Q242362.2~A2.K_18L.png,Q242362.2~A2.K_18R.png,train,/data5/chensx/MyProject/UAE/data/arrangement_merged/chr_18/Q242362.2~A2.K_18L.png,/data5/chensx/MyProject/UAE/data/arrangement_merged/chr_18/Q242362.2~A2.K_18R.png,0,0.1514889045176799,,0.0014334917068481,1.098943479266876,chromosome
0,0.0010181069374084,Q242362,Q242362.2~A7.K_18,18,,normal,Q242362.2~A7.K_18L.png,Q242362.2~A7.K_18R.png,train,/data5/chensx/MyProject/UAE/data/arrangement_merged/chr_18/Q242362.2~A7.K_18L.png,/data5/chensx/MyProject/UAE/data/arrangement_merged/chr_18/Q242362.2~A7.K_18R.png,0,-0.3940539946707929,,0.0010181069374084,-0.8342771741711479,chromosome
0,0.0009856224060058,Q242362,Q242362.2~A9.K_18,18,,normal,Q242362.2~A9.K_18L.png,Q242362.2~A9.K_18R.png,train,/data5/chensx/MyProject/UAE/data/arrangement_merged/chr_18/Q242362.2~A9.K_18L.png,/data5/chensx/MyProject/UAE/data/arrangement_merged/chr_18/Q242362.2~A9.K_18R.png,0,-0.4367173437965954,,0.0009856224060058,-0.9854617424196929,chromosome
0,0.0012217760086059,Q242362,Q242362.3~A15.K_18,18,,normal,Q242362.3~A15.K_18L.png,Q242362.3~A15.K_18R.png,train,/data5/chensx/MyProject/UAE/data/arrangement_merged/chr_18/Q242362.3~A15.K_18L.png,/data5/chensx/MyProject/UAE/data/arrangement_merged/chr_18/Q242362.3~A15.K_18R.png,0,-0.1265665378581925,,0.0012217760086059,0.11360845831520108,chromosome
0,0.0011284351348876,Q242362,Q242362.4~A30.K_18,18,,normal,Q242362.4~A30.K_18L.png,Q242362.4~A30.K_18R.png,train,/data5/chensx/MyProject/UAE/data/arrangement_merged/chr_18/Q242362.4~A30.K_18L.png,/data5/chensx/MyProject/UAE/data/arrangement_merged/chr_18/Q242362.4~A30.K_18R.png,0,-0.2491551703921499,,0.0011284351348876,-0.3208044478815516,chromosome
0,0.0012699365615844,Q242362,Q242362.4~A42.K_18,18,,normal,Q242362.4~A42.K_18L.png,Q242362.4~A42.K_18R.png,train,/data5/chensx/MyProject/UAE/data/arrangement_merged/chr_18/Q242362.4~A42.K_18L.png,/data5/chensx/MyProject/UAE/data/arrangement_merged/chr_18/Q242362.4~A42.K_18R.png,0,-0.063315187227645,,0.0012699365615844,0.33774998335141954,chromosome
0,0.0010204911231994,Q242664,Q242664.11~A21.K_18,18,,normal,Q242664.11~A21.K_18L.png,Q242664.11~A21.K_18R.png,train,/data5/chensx/MyProject/UAE/data/arrangement_merged/chr_18/Q242664.11~A21.K_18L.png,/data5/chensx/MyProject/UAE/data/arrangement_merged/chr_18/Q242664.11~A21.K_18R.png,0,-0.3349011062756928,,0.0010204911231994,-0.8231810590704141,chromosome
0,0.0012471675872802,Q242664,Q242664.12~A1.K_18,18,,normal,Q242664.12~A1.K_18L.png,Q242664.12~A1.K_18R.png,train,/data5/chensx/MyProject/UAE/data/arrangement_merged/chr_18/Q242664.12~A1.K_18L.png,/data5/chensx/MyProject/UAE/data/arrangement_merged/chr_18/Q242664.12~A1.K_18R.png,0,-0.0280892961448139,,0.0012471675872802,0.2317820841387135,chromosome
0,0.0013293623924255,Q242664,Q242664.12~A16.K_18,18,,normal,Q242664.12~A16.K_18L.png,Q242664.12~A16.K_18R.png,train,/data5/chensx/MyProject/UAE/data/arrangement_merged/chr_18/Q242664.12~A16.K_18L.png,/data5/chensx/MyProject/UAE/data/arrangement_merged/chr_18/Q242664.12~A16.K_18R.png,0,0.0831632639841584,,0.0013293623924255,0.6143206522391867,chromosome
0,0.0011378526687622,Q242664,Q242664.12~A19.K_18,18,,normal,Q242664.12~A19.K_18L.png,Q242664.12~A19.K_18R.png,train,/data5/chensx/MyProject/UAE/data/arrangement_merged/chr_18/Q242664.12~A19.K_18L.png,/data5/chensx/MyProject/UAE/data/arrangement_merged/chr_18/Q242664.12~A19.K_18R.png,0,-0.1760495537782696,,0.0011378526687622,-0.2769747932329542,chromosome
0,0.0012615919113159,Q242664,Q242664.12~A22.K_18,18,,normal,Q242664.12~A22.K_18L.png,Q242664.12~A22.K_18R.png,train,/data5/chensx/MyProject/UAE/data/arrangement_merged/chr_18/Q242664.12~A22.K_18L.png,/data5/chensx/MyProject/UAE/data/arrangement_merged/chr_18/Q242664.12~A22.K_18R.png,0,-0.0085656416479239,,0.0012615919113159,0.29891358049885114,chromosome
0,0.0009112358093261,Q242664,Q242664.12~A24.K_18,18,,normal,Q242664.12~A24.K_18L.png,Q242664.12~A24.K_18R.png,train,/data5/chensx/MyProject/UAE/data/arrangement_merged/chr_18/Q242664.12~A24.K_18L.png,/data5/chensx/MyProject/UAE/data/arrangement_merged/chr_18/Q242664.12~A24.K_18R.png,0,-0.4827806876508969,,0.0009112358093261,-1.3316605335649132,chromosome
0,0.0014809370040893,Q242664,Q242664.12~A29.K_18,18,,normal,Q242664.12~A29.K_18L.png,Q242664.12~A29.K_18R.png,train,/data5/chensx/MyProject/UAE/data/arrangement_merged/chr_18/Q242664.12~A29.K_18L.png,/data5/chensx/MyProject/UAE/data/arrangement_merged/chr_18/Q242664.12~A29.K_18R.png,0,0.2883229887180066,,0.0014809370040893,1.3197561697728735,chromosome
0,0.0009644031524658,Q242664,Q242664.12~A34.K_18,18,,normal,Q242664.12~A34.K_18L.png,Q242664.12~A34.K_18R.png,train,/data5/chensx/MyProject/UAE/data/arrangement_merged/chr_18/Q242664.12~A34.K_18L.png,/data5/chensx/MyProject/UAE/data/arrangement_merged/chr_18/Q242664.12~A34.K_18R.png,0,-0.4108174652904593,,0.0009644031524658,-1.0842171668166884,chromosome
0,0.0009909272193908,Q242664,Q242664.12~A37.K_18,18,,normal,Q242664.12~A37.K_18L.png,Q242664.12~A37.K_18R.png,train,/data5/chensx/MyProject/UAE/data/arrangement_merged/chr_18/Q242664.12~A37.K_18L.png,/data5/chensx/MyProject/UAE/data/arrangement_merged/chr_18/Q242664.12~A37.K_18R.png,0,-0.3749165303684922,,0.0009909272193908,-0.9607728863204438,chromosome
0,0.0013433098793029,Q242664,Q242664.12~A8.K_18,18,,normal,Q242664.12~A8.K_18L.png,Q242664.12~A8.K_18R.png,train,/data5/chensx/MyProject/UAE/data/arrangement_merged/chr_18/Q242664.12~A8.K_18L.png,/data5/chensx/MyProject/UAE/data/arrangement_merged/chr_18/Q242664.12~A8.K_18R.png,0,0.1020415084150355,,0.0013433098793029,0.679232925578712,chromosome
0,0.0010156035423278,Q242664,Q242664.13~A20.K_18,18,,normal,Q242664.13~A20.K_18L.png,Q242664.13~A20.K_18R.png,train,/data5/chensx/MyProject/UAE/data/arrangement_merged/chr_18/Q242664.13~A20.K_18L.png,/data5/chensx/MyProject/UAE/data/arrangement_merged/chr_18/Q242664.13~A20.K_18R.png,0,-0.341516559452325,,0.0010156035423278,-0.8459280950271512,chromosome
0,0.0008916854858398,Q242664,Q242664.13~A32.K_18,18,,normal,Q242664.13~A32.K_18L.png,Q242664.13~A32.K_18R.png,train,/data5/chensx/MyProject/UAE/data/arrangement_merged/chr_18/Q242664.13~A32.K_18L.png,/data5/chensx/MyProject/UAE/data/arrangement_merged/chr_18/Q242664.13~A32.K_18R.png,0,-0.5092425003574255,,0.0008916854858398,-1.4226486773913958,chromosome
0,0.0011709928512573,Q242664,Q242664.13~A33.K_18,18,,normal,Q242664.13~A33.K_18L.png,Q242664.13~A33.K_18R.png,train,/data5/chensx/MyProject/UAE/data/arrangement_merged/chr_18/Q242664.13~A33.K_18L.png,/data5/chensx/MyProject/UAE/data/arrangement_merged/chr_18/Q242664.13~A33.K_18R.png,0,-0.1311935541903736,,0.0011709928512573,-0.12273879333182476,chromosome
0,0.0011658072471618,Q242664,Q242664.13~A42.K_18,18,,normal,Q242664.13~A42.K_18L.png,Q242664.13~A42.K_18R.png,train,/data5/chensx/MyProject/UAE/data/arrangement_merged/chr_18/Q242664.13~A42.K_18L.png,/data5/chensx/MyProject/UAE/data/arrangement_merged/chr_18/Q242664.13~A42.K_18R.png,0,-0.1382123886582638,,0.0011658072471618,-0.1468728436762696,chromosome
0,0.0010681748390197,Q242664,Q242664.13~A50.K_18,18,,normal,Q242664.13~A50.K_18L.png,Q242664.13~A50.K_18R.png,train,/data5/chensx/MyProject/UAE/data/arrangement_merged/chr_18/Q242664.13~A50.K_18L.png,/data5/chensx/MyProject/UAE/data/arrangement_merged/chr_18/Q242664.13~A50.K_18R.png,0,-0.2703600996744035,,0.0010681748390197,-0.6012587570543428,chromosome
0,0.001024305820465,Q242664,Q242664.14~A47.K_18,18,,normal,Q242664.14~A47.K_18L.png,Q242664.14~A47.K_18R.png,train,/data5/chensx/MyProject/UAE/data/arrangement_merged/chr_18/Q242664.14~A47.K_18L.png,/data5/chensx/MyProject/UAE/data/arrangement_merged/chr_18/Q242664.14~A47.K_18R.png,0,-0.3297378257475897,,0.001024305820465,-0.8054272749092397,chromosome
0,0.0011050105094909,Q242664,Q242664.1~A14.K_18,18,,normal,Q242664.1~A14.K_18L.png,Q242664.1~A14.K_18R.png,train,/data5/chensx/MyProject/UAE/data/arrangement_merged/chr_18/Q242664.1~A14.K_18L.png,/data5/chensx/MyProject/UAE/data/arrangement_merged/chr_18/Q242664.1~A14.K_18R.png,0,-0.2205021720749076,,0.0011050105094909,-0.42982377874684213,chromosome
0,0.0013448596000671,Q242664,Q242664.2~A1.K_18,18,,normal,Q242664.2~A1.K_18L.png,Q242664.2~A1.K_18R.png,train,/data5/chensx/MyProject/UAE/data/arrangement_merged/chr_18/Q242664.2~A1.K_18L.png,/data5/chensx/MyProject/UAE/data/arrangement_merged/chr_18/Q242664.2~A1.K_18R.png,0,0.1041390911295774,,0.0013448596000671,0.6864454003944219,chromosome
0,0.0011676549911499,Q242664,Q242664.2~A10.K_18,18,,normal,Q242664.2~A10.K_18L.png,Q242664.2~A10.K_18R.png,train,/data5/chensx/MyProject/UAE/data/arrangement_merged/chr_18/Q242664.2~A10.K_18L.png,/data5/chensx/MyProject/UAE/data/arrangement_merged/chr_18/Q242664.2~A10.K_18R.png,0,-0.1357114246524638,,0.0011676549911499,-0.1382733544728519,chromosome
0,0.0011634826660156,Q242664,Q242664.2~A30.K_18,18,,normal,Q242664.2~A30.K_18L.png,Q242664.2~A30.K_18R.png,train,/data5/chensx/MyProject/UAE/data/arrangement_merged/chr_18/Q242664.2~A30.K_18L.png,/data5/chensx/MyProject/UAE/data/arrangement_merged/chr_18/Q242664.2~A30.K_18R.png,0,-0.1413587627300766,,0.0011634826660156,-0.15769155589936823,chromosome
0,0.0009605884552001,Q242664,Q242664.2~A32.K_18,18,,normal,Q242664.2~A32.K_18L.png,Q242664.2~A32.K_18R.png,train,/data5/chensx/MyProject/UAE/data/arrangement_merged/chr_18/Q242664.2~A32.K_18L.png,/data5/chensx/MyProject/UAE/data/arrangement_merged/chr_18/Q242664.2~A32.K_18R.png,0,-0.4159807458185625,,0.0009605884552001,-1.101970950978328,chromosome
0,0.0013786554336547,Q242664,Q242664.2~A6.K_18,18,,normal,Q242664.2~A6.K_18L.png,Q242664.2~A6.K_18R.png,train,/data5/chensx/MyProject/UAE/data/arrangement_merged/chr_18/Q242664.2~A6.K_18L.png,/data5/chensx/MyProject/UAE/data/arrangement_merged/chr_18/Q242664.2~A6.K_18R.png,0,0.1498825295582412,,0.0013786554336547,0.8437328319481369,chromosome
0,0.0010966658592224,Q242664,Q242664.3~A19.K_18,18,,normal,Q242664.3~A19.K_18L.png,Q242664.3~A19.K_18R.png,train,/data5/chensx/MyProject/UAE/data/arrangement_merged/chr_18/Q242664.3~A19.K_18L.png,/data5/chensx/MyProject/UAE/data/arrangement_merged/chr_18/Q242664.3~A19.K_18R.png,0,-0.2317968482301332,,0.0010966658592224,-0.46866018159941053,chromosome
0,0.0008583068847656,Q242664,Q242664.3~A29.K_18,18,,normal,Q242664.3~A29.K_18L.png,Q242664.3~A29.K_18R.png,train,/data5/chensx/MyProject/UAE/data/arrangement_merged/chr_18/Q242664.3~A29.K_18L.png,/data5/chensx/MyProject/UAE/data/arrangement_merged/chr_18/Q242664.3~A29.K_18R.png,0,-0.554421204978328,,0.0008583068847656,-1.5779942888025995,chromosome
0,0.0011628866195678,Q242664,Q242664.3~A44.K_18,18,,normal,Q242664.3~A44.K_18L.png,Q242664.3~A44.K_18R.png,train,/data5/chensx/MyProject/UAE/data/arrangement_merged/chr_18/Q242664.3~A44.K_18L.png,/data5/chensx/MyProject/UAE/data/arrangement_merged/chr_18/Q242664.3~A44.K_18R.png,0,-0.1421655253125927,,0.0011628866195678,-0.1604655846747848,chromosome
0,0.0011252760887145,Q242664,Q242664.3~A48.K_18,18,,normal,Q242664.3~A48.K_18L.png,Q242664.3~A48.K_18R.png,train,/data5/chensx/MyProject/UAE/data/arrangement_merged/chr_18/Q242664.3~A48.K_18L.png,/data5/chensx/MyProject/UAE/data/arrangement_merged/chr_18/Q242664.3~A48.K_18R.png,0,-0.1930722442693596,,0.0011252760887145,-0.33550680039013936,chromosome
0,0.001319408416748,Q242664,Q242664.4~A14.K_18,18,,normal,Q242664.4~A14.K_18L.png,Q242664.4~A14.K_18R.png,train,/data5/chensx/MyProject/UAE/data/arrangement_merged/chr_18/Q242664.4~A14.K_18L.png,/data5/chensx/MyProject/UAE/data/arrangement_merged/chr_18/Q242664.4~A14.K_18R.png,0,0.0696903288561392,,0.001319408416748,0.5679943716932743,chromosome
0,0.0011746883392333,Q242664,Q242664.4~A34.K_18,18,,normal,Q242664.4~A34.K_18L.png,Q242664.4~A34.K_18R.png,train,/data5/chensx/MyProject/UAE/data/arrangement_merged/chr_18/Q242664.4~A34.K_18L.png,/data5/chensx/MyProject/UAE/data/arrangement_merged/chr_18/Q242664.4~A34.K_18R.png,0,-0.1261916261787736,,0.0011746883392333,-0.10553981492591984,chromosome
0,0.0010305643081665,Q242664,Q242664.4~A41.K_18,18,,normal,Q242664.4~A41.K_18L.png,Q242664.4~A41.K_18R.png,train,/data5/chensx/MyProject/UAE/data/arrangement_merged/chr_18/Q242664.4~A41.K_18L.png,/data5/chensx/MyProject/UAE/data/arrangement_merged/chr_18/Q242664.4~A41.K_18R.png,0,-0.3212668186311705,,0.0010305643081665,-0.7762999727692321,chromosome
0,0.001138150691986,Q242664,Q242664.4~A49.K_18,18,,normal,Q242664.4~A49.K_18L.png,Q242664.4~A49.K_18R.png,train,/data5/chensx/MyProject/UAE/data/arrangement_merged/chr_18/Q242664.4~A49.K_18L.png,/data5/chensx/MyProject/UAE/data/arrangement_merged/chr_18/Q242664.4~A49.K_18R.png,0,-0.1756461724870116,,0.001138150691986,-0.2755877788457117,chromosome
0,0.0011613368988037,Q250230,Q250230.11~A30.K_18,18,,normal,Q250230.11~A30.K_18L.png,Q250230.11~A30.K_18R.png,train,/data5/chensx/MyProject/UAE/data/arrangement_merged/chr_18/Q250230.11~A30.K_18L.png,/data5/chensx/MyProject/UAE/data/arrangement_merged/chr_18/Q250230.11~A30.K_18R.png,0,-0.2071803131127735,,0.0011613368988037,-0.16767805949002848,chromosome
0,0.0014064311981201,Q250230,Q250230.12~A40.K_18,18,,normal,Q250230.12~A40.K_18L.png,Q250230.12~A40.K_18R.png,train,/data5/chensx/MyProject/UAE/data/arrangement_merged/chr_18/Q250230.12~A40.K_18L.png,/data5/chensx/MyProject/UAE/data/arrangement_merged/chr_18/Q250230.12~A40.K_18R.png,0,0.0995140329497554,,0.0014064311981201,0.9730025728728494,chromosome
0,0.0012829303741455,Q250230,Q250230.13~A45.K_18,18,,normal,Q250230.13~A45.K_18L.png,Q250230.13~A45.K_18R.png,train,/data5/chensx/MyProject/UAE/data/arrangement_merged/chr_18/Q250230.13~A45.K_18L.png,/data5/chensx/MyProject/UAE/data/arrangement_merged/chr_18/Q250230.13~A45.K_18R.png,0,-0.05502650329576,,0.0012829303741455,0.3982238106511166,chromosome
0,0.0009916424751281,Q250230,Q250230.14~A21.K_18,18,,normal,Q250230.14~A21.K_18L.png,Q250230.14~A21.K_18R.png,train,/data5/chensx/MyProject/UAE/data/arrangement_merged/chr_18/Q250230.14~A21.K_18L.png,/data5/chensx/MyProject/UAE/data/arrangement_merged/chr_18/Q250230.14~A21.K_18R.png,0,-0.419524380048576,,0.0009916424751281,-0.9574440517902231,chromosome
0,0.0009904503822326,Q250230,Q250230.14~A43.K_18,18,,normal,Q250230.14~A43.K_18L.png,Q250230.14~A43.K_18R.png,train,/data5/chensx/MyProject/UAE/data/arrangement_merged/chr_18/Q250230.14~A43.K_18L.png,/data5/chensx/MyProject/UAE/data/arrangement_merged/chr_18/Q250230.14~A43.K_18R.png,0,-0.4210160840663899,,0.0009904503822326,-0.96299210934059,chromosome
0,0.0010555982589721,Q250230,Q250230.15~A8.K_18,18,,normal,Q250230.15~A8.K_18L.png,Q250230.15~A8.K_18R.png,train,/data5/chensx/MyProject/UAE/data/arrangement_merged/chr_18/Q250230.15~A8.K_18L.png,/data5/chensx/MyProject/UAE/data/arrangement_merged/chr_18/Q250230.15~A8.K_18R.png,0,-0.3394944594928626,,0.0010555982589721,-0.6597907642110618,chromosome
0,0.0015690326690673,Q250230,Q250230.1~A20.K_18,18,,normal,Q250230.1~A20.K_18L.png,Q250230.1~A20.K_18R.png,train,/data5/chensx/MyProject/UAE/data/arrangement_merged/chr_18/Q250230.1~A20.K_18L.png,/data5/chensx/MyProject/UAE/data/arrangement_merged/chr_18/Q250230.1~A20.K_18R.png,0,0.3029824609795655,,0.0015690326690673,1.7297576227475462,chromosome
0,0.0011659264564514,Q250230,Q250230.2~A24.K_18,18,,normal,Q250230.2~A24.K_18L.png,Q250230.2~A24.K_18R.png,train,/data5/chensx/MyProject/UAE/data/arrangement_merged/chr_18/Q250230.2~A24.K_18L.png,/data5/chensx/MyProject/UAE/data/arrangement_merged/chr_18/Q250230.2~A24.K_18R.png,0,-0.2014372526441901,,0.0011659264564514,-0.1463180379210002,chromosome
0,0.0008749961853027,Q250230,Q250230.2~A27.K_18,18,,normal,Q250230.2~A27.K_18L.png,Q250230.2~A27.K_18R.png,train,/data5/chensx/MyProject/UAE/data/arrangement_merged/chr_18/Q250230.2~A27.K_18L.png,/data5/chensx/MyProject/UAE/data/arrangement_merged/chr_18/Q250230.2~A27.K_18R.png,0,-0.5654876181916619,,0.0008749961853027,-1.5003214830969973,chromosome
0,0.0011981725692749,Q250230,Q250230.2~A38.K_18,18,,normal,Q250230.2~A38.K_18L.png,Q250230.2~A38.K_18R.png,train,/data5/chensx/MyProject/UAE/data/arrangement_merged/chr_18/Q250230.2~A38.K_18L.png,/data5/chensx/MyProject/UAE/data/arrangement_merged/chr_18/Q250230.2~A38.K_18R.png,0,-0.1610866589623253,,0.0011981725692749,0.0037569188174711534,chromosome
0,0.0010328292846679,Q250230,Q250230.4~A35.K_18,18,,normal,Q250230.4~A35.K_18L.png,Q250230.4~A35.K_18R.png,train,/data5/chensx/MyProject/UAE/data/arrangement_merged/chr_18/Q250230.4~A35.K_18L.png,/data5/chensx/MyProject/UAE/data/arrangement_merged/chr_18/Q250230.4~A35.K_18R.png,0,-0.3679860062331073,,0.0010328292846679,-0.7657586634237677,chromosome
0,0.0011032819747924,Q250230,Q250230.5~A21.K_18,18,,normal,Q250230.5~A21.K_18L.png,Q250230.5~A21.K_18R.png,train,/data5/chensx/MyProject/UAE/data/arrangement_merged/chr_18/Q250230.5~A21.K_18L.png,/data5/chensx/MyProject/UAE/data/arrangement_merged/chr_18/Q250230.5~A21.K_18R.png,0,-0.2798262987803083,,0.0011032819747924,-0.4378684621949904,chromosome
0,0.0011956095695495,Q250230,Q250230.5~A42.K_18,18,,normal,Q250230.5~A42.K_18L.png,Q250230.5~A42.K_18R.png,train,/data5/chensx/MyProject/UAE/data/arrangement_merged/chr_18/Q250230.5~A42.K_18L.png,/data5/chensx/MyProject/UAE/data/arrangement_merged/chr_18/Q250230.5~A42.K_18R.png,0,-0.1642938226006251,,0.0011956095695495,-0.008171404916166285,chromosome
0,0.0010819435119628,Q250230,Q250230.5~A46.K_18,18,,normal,Q250230.5~A46.K_18L.png,Q250230.5~A46.K_18R.png,train,/data5/chensx/MyProject/UAE/data/arrangement_merged/chr_18/Q250230.5~A46.K_18L.png,/data5/chensx/MyProject/UAE/data/arrangement_merged/chr_18/Q250230.5~A46.K_18R.png,0,-0.3065278006991763,,0.0010819435119628,-0.5371786923472559,chromosome
0,0.0011674165725708,Q250230,Q250230.5~A5.K_18,18,,normal,Q250230.5~A5.K_18L.png,Q250230.5~A5.K_18R.png,train,/data5/chensx/MyProject/UAE/data/arrangement_merged/chr_18/Q250230.5~A5.K_18L.png,/data5/chensx/MyProject/UAE/data/arrangement_merged/chr_18/Q250230.5~A5.K_18R.png,0,-0.1995726226219228,,0.0011674165725708,-0.1393829659829255,chromosome
0,0.0007739067077636,Q250230,Q250230.5~A6.K_18,18,,normal,Q250230.5~A6.K_18L.png,Q250230.5~A6.K_18R.png,train,/data5/chensx/MyProject/UAE/data/arrangement_merged/chr_18/Q250230.5~A6.K_18L.png,/data5/chensx/MyProject/UAE/data/arrangement_merged/chr_18/Q250230.5~A6.K_18R.png,0,-0.691984118902277,,0.0007739067077636,-1.9707967633713672,chromosome
0,0.0012186169624328,Q251136,Q251136.12~A20.K_18,18,,normal,Q251136.12~A20.K_18L.png,Q251136.12~A20.K_18R.png,train,/data5/chensx/MyProject/UAE/data/arrangement_merged/chr_18/Q251136.12~A20.K_18L.png,/data5/chensx/MyProject/UAE/data/arrangement_merged/chr_18/Q251136.12~A20.K_18R.png,0,-0.1123817489291931,,0.0012186169624328,0.0989061058066123,chromosome
0,0.0008493065834045,Q251136,Q251136.12~A23.K_18,18,,normal,Q251136.12~A23.K_18L.png,Q251136.12~A23.K_18R.png,train,/data5/chensx/MyProject/UAE/data/arrangement_merged/chr_18/Q251136.12~A23.K_18L.png,/data5/chensx/MyProject/UAE/data/arrangement_merged/chr_18/Q251136.12~A23.K_18R.png,0,-0.4757797897425662,,0.0008493065834045,-1.6198821233082181,chromosome
0,0.0011669993400573,Q251136,Q251136.14~A16.K_18,18,,normal,Q251136.14~A16.K_18L.png,Q251136.14~A16.K_18R.png,train,/data5/chensx/MyProject/UAE/data/arrangement_merged/chr_18/Q251136.14~A16.K_18L.png,/data5/chensx/MyProject/UAE/data/arrangement_merged/chr_18/Q251136.14~A16.K_18R.png,0,-0.1631730180293192,,0.0011669993400573,-0.14132478612590268,chromosome
0,0.0013535022735595,Q251136,Q251136.14~A17.K_18,18,,normal,Q251136.14~A17.K_18L.png,Q251136.14~A17.K_18R.png,train,/data5/chensx/MyProject/UAE/data/arrangement_merged/chr_18/Q251136.14~A17.K_18L.png,/data5/chensx/MyProject/UAE/data/arrangement_merged/chr_18/Q251136.14~A17.K_18R.png,0,0.0203441655899584,,0.0013535022735595,0.726668817634698,chromosome
0,0.001244306564331,Q251136,Q251136.14~A18.K_18,18,,normal,Q251136.14~A18.K_18L.png,Q251136.14~A18.K_18R.png,train,/data5/chensx/MyProject/UAE/data/arrangement_merged/chr_18/Q251136.14~A18.K_18L.png,/data5/chensx/MyProject/UAE/data/arrangement_merged/chr_18/Q251136.14~A18.K_18R.png,0,-0.0871034152315553,,0.001244306564331,0.2184667460178335,chromosome
0,0.0012618899345397,Q251136,Q251136.14~A2.K_18,18,,normal,Q251136.14~A2.K_18L.png,Q251136.14~A2.K_18R.png,train,/data5/chensx/MyProject/UAE/data/arrangement_merged/chr_18/Q251136.14~A2.K_18L.png,/data5/chensx/MyProject/UAE/data/arrangement_merged/chr_18/Q251136.14~A2.K_18R.png,0,-0.0698015394988334,,0.0012618899345397,0.3003005948860937,chromosome
0,0.0015726685523986,Q251136,Q251136.14~A31.K_18,18,,normal,Q251136.14~A31.K_18L.png,Q251136.14~A31.K_18R.png,train,/data5/chensx/MyProject/UAE/data/arrangement_merged/chr_18/Q251136.14~A31.K_18L.png,/data5/chensx/MyProject/UAE/data/arrangement_merged/chr_18/Q251136.14~A31.K_18R.png,0,0.23600178277375,,0.0015726685523986,1.746679198276281,chromosome
0,0.0009630322456359,Q251136,Q251136.14~A39.K_18,18,,normal,Q251136.14~A39.K_18L.png,Q251136.14~A39.K_18R.png,train,/data5/chensx/MyProject/UAE/data/arrangement_merged/chr_18/Q251136.14~A39.K_18L.png,/data5/chensx/MyProject/UAE/data/arrangement_merged/chr_18/Q251136.14~A39.K_18R.png,0,-0.3638747765288935,,0.0009630322456359,-1.0905974329999595,chromosome
0,0.0015269517898559,Q251136,Q251136.1~A12.K_18,18,,normal,Q251136.1~A12.K_18L.png,Q251136.1~A12.K_18R.png,train,/data5/chensx/MyProject/UAE/data/arrangement_merged/chr_18/Q251136.1~A12.K_18L.png,/data5/chensx/MyProject/UAE/data/arrangement_merged/chr_18/Q251136.1~A12.K_18R.png,0,0.191016905868673,,0.0015269517898559,1.5339111912184318,chromosome
0,0.0011483430862426,Q251136,Q251136.1~A38.K_18,18,,normal,Q251136.1~A38.K_18L.png,Q251136.1~A38.K_18R.png,train,/data5/chensx/MyProject/UAE/data/arrangement_merged/chr_18/Q251136.1~A38.K_18L.png,/data5/chensx/MyProject/UAE/data/arrangement_merged/chr_18/Q251136.1~A38.K_18R.png,0,-0.1815306014338682,,0.0011483430862426,-0.2281518867897256,chromosome
0,0.0014173984527587,Q251136,Q251136.2~A15.K_18,18,,normal,Q251136.2~A15.K_18L.png,Q251136.2~A15.K_18R.png,train,/data5/chensx/MyProject/UAE/data/arrangement_merged/chr_18/Q251136.2~A15.K_18L.png,/data5/chensx/MyProject/UAE/data/arrangement_merged/chr_18/Q251136.2~A15.K_18R.png,0,0.0832174224898835,,0.0014173984527587,1.0240447023362242,chromosome
0,0.0012238025665283,Q251136,Q251136.2~A2.K_18,18,,normal,Q251136.2~A2.K_18L.png,Q251136.2~A2.K_18R.png,train,/data5/chensx/MyProject/UAE/data/arrangement_merged/chr_18/Q251136.2~A2.K_18L.png,/data5/chensx/MyProject/UAE/data/arrangement_merged/chr_18/Q251136.2~A2.K_18R.png,0,-0.1072791618486954,,0.0012238025665283,0.12304015615105715,chromosome
0,0.0010331869125366,Q251136,Q251136.2~A20.K_18,18,,normal,Q251136.2~A20.K_18L.png,Q251136.2~A20.K_18R.png,train,/data5/chensx/MyProject/UAE/data/arrangement_merged/chr_18/Q251136.2~A20.K_18L.png,/data5/chensx/MyProject/UAE/data/arrangement_merged/chr_18/Q251136.2~A20.K_18R.png,0,-0.2948432248766436,,0.0010331869125366,-0.7640942461584247,chromosome
0,0.0010814666748046,Q251136,Q251136.2~A25.K_18,18,,normal,Q251136.2~A25.K_18L.png,Q251136.2~A25.K_18R.png,train,/data5/chensx/MyProject/UAE/data/arrangement_merged/chr_18/Q251136.2~A25.K_18L.png,/data5/chensx/MyProject/UAE/data/arrangement_merged/chr_18/Q251136.2~A25.K_18R.png,0,-0.2473363796444241,,0.0010814666748046,-0.5393979153674031,chromosome
0,0.0010390281677246,Q251136,Q251136.2~A36.K_18,18,,normal,Q251136.2~A36.K_18L.png,Q251136.2~A36.K_18R.png,train,/data5/chensx/MyProject/UAE/data/arrangement_merged/chr_18/Q251136.2~A36.K_18L.png,/data5/chensx/MyProject/UAE/data/arrangement_merged/chr_18/Q251136.2~A36.K_18R.png,0,-0.2890954831078072,,0.0010390281677246,-0.7369087641613943,chromosome
0,0.0013392567634582,Q251136,Q251136.2~A5.K_18,18,,normal,Q251136.2~A5.K_18L.png,Q251136.2~A5.K_18R.png,train,/data5/chensx/MyProject/UAE/data/arrangement_merged/chr_18/Q251136.2~A5.K_18L.png,/data5/chensx/MyProject/UAE/data/arrangement_merged/chr_18/Q251136.2~A5.K_18R.png,0,0.006326713725143,,0.0013392567634582,0.6603695299074641,chromosome
0,0.0013240575790405,Q251136,Q251136.2~A7.K_18,18,,normal,Q251136.2~A7.K_18L.png,Q251136.2~A7.K_18R.png,train,/data5/chensx/MyProject/UAE/data/arrangement_merged/chr_18/Q251136.2~A7.K_18L.png,/data5/chensx/MyProject/UAE/data/arrangement_merged/chr_18/Q251136.2~A7.K_18R.png,0,-0.0086291449590741,,0.0013240575790405,0.5896317961399378,chromosome
0,0.0014994144439697,Q251136,Q251136.3~A16.K_18,18,,normal,Q251136.3~A16.K_18L.png,Q251136.3~A16.K_18R.png,train,/data5/chensx/MyProject/UAE/data/arrangement_merged/chr_18/Q251136.3~A16.K_18L.png,/data5/chensx/MyProject/UAE/data/arrangement_merged/chr_18/Q251136.3~A16.K_18R.png,0,0.1639204089584441,,0.0014994144439697,1.405751061804259,chromosome
0,0.0010601878166198,Q251136,Q251136.3~A21.K_18,18,,normal,Q251136.3~A21.K_18L.png,Q251136.3~A21.K_18R.png,train,/data5/chensx/MyProject/UAE/data/arrangement_merged/chr_18/Q251136.3~A21.K_18L.png,/data5/chensx/MyProject/UAE/data/arrangement_merged/chr_18/Q251136.3~A21.K_18R.png,0,-0.2682745818023283,,0.0010601878166198,-0.6384307426420335,chromosome
0,0.0011649131774902,Q251136,Q251136.3~A23.K_18,18,,normal,Q251136.3~A23.K_18L.png,Q251136.3~A23.K_18R.png,train,/data5/chensx/MyProject/UAE/data/arrangement_merged/chr_18/Q251136.3~A23.K_18L.png,/data5/chensx/MyProject/UAE/data/arrangement_merged/chr_18/Q251136.3~A23.K_18R.png,0,-0.1652257829467607,,0.0011649131774902,-0.15103388683892874,chromosome
0,0.0009663701057434,Q251136,Q251136.3~A26.K_18,18,,normal,Q251136.3~A26.K_18L.png,Q251136.3~A26.K_18R.png,train,/data5/chensx/MyProject/UAE/data/arrangement_merged/chr_18/Q251136.3~A26.K_18L.png,/data5/chensx/MyProject/UAE/data/arrangement_merged/chr_18/Q251136.3~A26.K_18R.png,0,-0.360590352660987,,0.0009663701057434,-1.075062871858467,chromosome
0,0.0022222399711608,Q251136,Q251136.3~A32.K_18,18,,normal,Q251136.3~A32.K_18L.png,Q251136.3~A32.K_18R.png,train,/data5/chensx/MyProject/UAE/data/arrangement_merged/chr_18/Q251136.3~A32.K_18L.png,/data5/chensx/MyProject/UAE/data/arrangement_merged/chr_18/Q251136.3~A32.K_18R.png,0,0.8751741276388468,,0.0022222399711608,4.769815757490978,chromosome
0,0.0012608170509338,Q251136,Q251136.3~A36.K_18,18,,normal,Q251136.3~A36.K_18L.png,Q251136.3~A36.K_18R.png,train,/data5/chensx/MyProject/UAE/data/arrangement_merged/chr_18/Q251136.3~A36.K_18L.png,/data5/chensx/MyProject/UAE/data/arrangement_merged/chr_18/Q251136.3~A36.K_18R.png,0,-0.0708572471706605,,0.0012608170509338,0.29530734309099615,chromosome
0,0.0011242032051086,Q251136,Q251136.3~A40.K_18,18,,normal,Q251136.3~A40.K_18L.png,Q251136.3~A40.K_18R.png,train,/data5/chensx/MyProject/UAE/data/arrangement_merged/chr_18/Q251136.3~A40.K_18L.png,/data5/chensx/MyProject/UAE/data/arrangement_merged/chr_18/Q251136.3~A40.K_18R.png,0,-0.2052840240499779,,0.0011242032051086,-0.3405000521852369,chromosome
0,0.0012184381484985,Q251136,Q251136.3~A41.K_18,18,,normal,Q251136.3~A41.K_18L.png,Q251136.3~A41.K_18R.png,train,/data5/chensx/MyProject/UAE/data/arrangement_merged/chr_18/Q251136.3~A41.K_18L.png,/data5/chensx/MyProject/UAE/data/arrangement_merged/chr_18/Q251136.3~A41.K_18R.png,0,-0.1125577002078309,,0.0012184381484985,0.09807389717417393,chromosome
0,0.0014407634735107,Q251136,Q251136.4~A12.K_18,18,,normal,Q251136.4~A12.K_18L.png,Q251136.4~A12.K_18R.png,train,/data5/chensx/MyProject/UAE/data/arrangement_merged/chr_18/Q251136.4~A12.K_18L.png,/data5/chensx/MyProject/UAE/data/arrangement_merged/chr_18/Q251136.4~A12.K_18R.png,0,0.1062083895652293,,0.0014407634735107,1.1327866303243457,chromosome
0,0.0013797283172607,Q251136,Q251136.4~A13.K_18,18,,normal,Q251136.4~A13.K_18L.png,Q251136.4~A13.K_18R.png,train,/data5/chensx/MyProject/UAE/data/arrangement_merged/chr_18/Q251136.4~A13.K_18L.png,/data5/chensx/MyProject/UAE/data/arrangement_merged/chr_18/Q251136.4~A13.K_18R.png,0,0.0461503531235098,,0.0013797283172607,0.8487260837436996,chromosome
0,0.0009672045707702,Q251136,Q251136.4~A15.K_18,18,,normal,Q251136.4~A15.K_18L.png,Q251136.4~A15.K_18R.png,train,/data5/chensx/MyProject/UAE/data/arrangement_merged/chr_18/Q251136.4~A15.K_18L.png,/data5/chensx/MyProject/UAE/data/arrangement_merged/chr_18/Q251136.4~A15.K_18R.png,0,-0.3597692466940103,,0.0009672045707702,-1.0711792315734425,chromosome
0,0.0012493729591369,Q251136,Q251136.4~A16.K_18,18,,normal,Q251136.4~A16.K_18L.png,Q251136.4~A16.K_18R.png,train,/data5/chensx/MyProject/UAE/data/arrangement_merged/chr_18/Q251136.4~A16.K_18L.png,/data5/chensx/MyProject/UAE/data/arrangement_merged/chr_18/Q251136.4~A16.K_18R.png,0,-0.0821181290034829,,0.0012493729591369,0.24204599060700896,chromosome
0,0.00093674659729,Q251136,Q251136.4~A19.K_18,18,,normal,Q251136.4~A19.K_18L.png,Q251136.4~A19.K_18R.png,train,/data5/chensx/MyProject/UAE/data/arrangement_merged/chr_18/Q251136.4~A19.K_18L.png,/data5/chensx/MyProject/UAE/data/arrangement_merged/chr_18/Q251136.4~A19.K_18R.png,0,-0.3897396144886575,,0.00093674659729,-1.212932101986131,chromosome
0,0.0010424256324768,Q251136,Q251136.4~A2.K_18,18,,normal,Q251136.4~A2.K_18L.png,Q251136.4~A2.K_18R.png,train,/data5/chensx/MyProject/UAE/data/arrangement_merged/chr_18/Q251136.4~A2.K_18L.png,/data5/chensx/MyProject/UAE/data/arrangement_merged/chr_18/Q251136.4~A2.K_18R.png,0,-0.2857524088136881,,0.0010424256324768,-0.7210968001427329,chromosome
0,0.0015798211097717,Q251136,Q251136.4~A36.K_18,18,,normal,Q251136.4~A36.K_18L.png,Q251136.4~A36.K_18R.png,train,/data5/chensx/MyProject/UAE/data/arrangement_merged/chr_18/Q251136.4~A36.K_18L.png,/data5/chensx/MyProject/UAE/data/arrangement_merged/chr_18/Q251136.4~A36.K_18R.png,0,0.243039833919264,,0.0015798211097717,1.779967543578948,chromosome
0,0.0010063648223876,Q251136,Q251136.4~A5.K_18,18,,normal,Q251136.4~A5.K_18L.png,Q251136.4~A5.K_18R.png,train,/data5/chensx/MyProject/UAE/data/arrangement_merged/chr_18/Q251136.4~A5.K_18L.png,/data5/chensx/MyProject/UAE/data/arrangement_merged/chr_18/Q251136.4~A5.K_18R.png,0,-0.3212359166723212,,0.0010063648223876,-0.8889255410428438,chromosome
0,0.0010039210319519,165070,165070.11~A20.K_19,19,,normal,165070.11~A20.K_19L.png,165070.11~A20.K_19R.png,train,/data5/chensx/MyProject/UAE/data/arrangement_merged/chr_19/165070.11~A20.K_19L.png,/data5/chensx/MyProject/UAE/data/arrangement_merged/chr_19/165070.11~A20.K_19R.png,0,-0.3672177564453393,,0.0010039210319519,-0.4785899652552478,chromosome
0,0.0010188221931457,165070,165070.11~A21.K_19,19,,normal,165070.11~A21.K_19L.png,165070.11~A21.K_19R.png,train,/data5/chensx/MyProject/UAE/data/arrangement_merged/chr_19/165070.11~A21.K_19L.png,/data5/chensx/MyProject/UAE/data/arrangement_merged/chr_19/165070.11~A21.K_19R.png,0,-0.3462253786460298,,0.0010188221931457,-0.40586599457101313,chromosome
0,0.0010249018669128,165070,165070.11~A30.K_19,19,,normal,165070.11~A30.K_19L.png,165070.11~A30.K_19R.png,train,/data5/chensx/MyProject/UAE/data/arrangement_merged/chr_19/165070.11~A30.K_19L.png,/data5/chensx/MyProject/UAE/data/arrangement_merged/chr_19/165070.11~A30.K_19R.png,0,-0.3376604885039115,,0.0010249018669128,-0.3761946145317007,chromosome
0,0.0009753108024597,165070,165070.12~A1.K_19,19,,normal,165070.12~A1.K_19L.png,165070.12~A1.K_19R.png,train,/data5/chensx/MyProject/UAE/data/arrangement_merged/chr_19/165070.12~A1.K_19L.png,/data5/chensx/MyProject/UAE/data/arrangement_merged/chr_19/165070.12~A1.K_19R.png,0,-0.4075231218200135,,0.0009753108024597,-0.618219988969486,chromosome
0,0.0015580058097839,165070,165070.12~A21.K_19,19,,normal,165070.12~A21.K_19L.png,165070.12~A21.K_19R.png,train,/data5/chensx/MyProject/UAE/data/arrangement_merged/chr_19/165070.12~A21.K_19L.png,/data5/chensx/MyProject/UAE/data/arrangement_merged/chr_19/165070.12~A21.K_19R.png,0,0.4133628196441852,,0.0015580058097839,2.2255781606758362,chromosome
0,0.0012274384498596,165070,165070.12~A41.K_19,19,,normal,165070.12~A41.K_19L.png,165070.12~A41.K_19R.png,train,/data5/chensx/MyProject/UAE/data/arrangement_merged/chr_19/165070.12~A41.K_19L.png,/data5/chensx/MyProject/UAE/data/arrangement_merged/chr_19/165070.12~A41.K_19R.png,0,-0.0523320894556967,,0.0012274384498596,0.6122695950116914,chromosome
0,0.0010329484939575,165070,165070.12~A5.K_19,19,,normal,165070.12~A5.K_19L.png,165070.12~A5.K_19R.png,train,/data5/chensx/MyProject/UAE/data/arrangement_merged/chr_19/165070.12~A5.K_19L.png,/data5/chensx/MyProject/UAE/data/arrangement_merged/chr_19/165070.12~A5.K_19R.png,0,-0.3263246044922844,,0.0010329484939575,-0.3369236703619793,chromosome
0,0.0010977983474731,165070,165070.12~A9.K_19,19,,normal,165070.12~A9.K_19L.png,165070.12~A9.K_19R.png,train,/data5/chensx/MyProject/UAE/data/arrangement_merged/chr_19/165070.12~A9.K_19L.png,/data5/chensx/MyProject/UAE/data/arrangement_merged/chr_19/165070.12~A9.K_19R.png,0,-0.2349657763096894,,0.0010977983474731,-0.020428949943298833,chromosome
0,0.0010921359062194,165070,165070.13~A24.K_19,19,,normal,165070.13~A24.K_19L.png,165070.13~A24.K_19R.png,train,/data5/chensx/MyProject/UAE/data/arrangement_merged/chr_19/165070.13~A24.K_19L.png,/data5/chensx/MyProject/UAE/data/arrangement_merged/chr_19/165070.13~A24.K_19R.png,0,-0.242942879873427,,0.0010921359062194,-0.048064058803581645,chromosome
0,0.0009233355522155,165070,165070.13~A25.K_19,19,,normal,165070.13~A25.K_19L.png,165070.13~A25.K_19R.png,train,/data5/chensx/MyProject/UAE/data/arrangement_merged/chr_19/165070.13~A25.K_19L.png,/data5/chensx/MyProject/UAE/data/arrangement_merged/chr_19/165070.13~A25.K_19R.png,0,-0.4807445355840051,,0.0009233355522155,-0.8718811987171984,chromosome
0,0.001268982887268,165070,165070.13~A26.K_19,19,,normal,165070.13~A26.K_19L.png,165070.13~A26.K_19R.png,train,/data5/chensx/MyProject/UAE/data/arrangement_merged/chr_19/165070.13~A26.K_19L.png,/data5/chensx/MyProject/UAE/data/arrangement_merged/chr_19/165070.13~A26.K_19R.png,0,0.0061946598487781,,0.001268982887268,0.8150240252797559,chromosome
0,0.0023472905158996,165070,165070.13~A27.K_19,19,,normal,165070.13~A27.K_19L.png,165070.13~A27.K_19R.png,train,/data5/chensx/MyProject/UAE/data/arrangement_merged/chr_19/165070.13~A27.K_19L.png,/data5/chensx/MyProject/UAE/data/arrangement_merged/chr_19/165070.13~A27.K_19R.png,0,1.5252870869180108,,0.0023472905158996,6.077621439890596,chromosome
0,0.0010484457015991,165070,165070.13~A28.K_19,19,,normal,165070.13~A28.K_19L.png,165070.13~A28.K_19R.png,train,/data5/chensx/MyProject/UAE/data/arrangement_merged/chr_19/165070.13~A28.K_19L.png,/data5/chensx/MyProject/UAE/data/arrangement_merged/chr_19/165070.13~A28.K_19R.png,0,-0.3044925315810025,,0.0010484457015991,-0.2612907408501406,chromosome
0,0.001131534576416,165070,165070.13~A3.K_19,19,,normal,165070.13~A3.K_19L.png,165070.13~A3.K_19R.png,train,/data5/chensx/MyProject/UAE/data/arrangement_merged/chr_19/165070.13~A3.K_19L.png,/data5/chensx/MyProject/UAE/data/arrangement_merged/chr_19/165070.13~A3.K_19R.png,0,-0.1874390329720527,,0.001131534576416,0.14421811968647613,chromosome
0,0.001047134399414,165070,165070.13~A36.K_19,19,,normal,165070.13~A36.K_19L.png,165070.13~A36.K_19R.png,train,/data5/chensx/MyProject/UAE/data/arrangement_merged/chr_19/165070.13~A36.K_19L.png,/data5/chensx/MyProject/UAE/data/arrangement_merged/chr_19/165070.13~A36.K_19R.png,0,-0.3063398608273417,,0.001047134399414,-0.26769045027057586,chromosome
0,0.000937283039093,165070,165070.13~A40.K_19,19,,normal,165070.13~A40.K_19L.png,165070.13~A40.K_19R.png,train,/data5/chensx/MyProject/UAE/data/arrangement_merged/chr_19/165070.13~A40.K_19L.png,/data5/chensx/MyProject/UAE/data/arrangement_merged/chr_19/165070.13~A40.K_19R.png,0,-0.4610956699638514,,0.000937283039093,-0.8038115621562506,chromosome
0,0.0008774995803833,165070,165070.13~A9.K_19,19,,normal,165070.13~A9.K_19L.png,165070.13~A9.K_19R.png,train,/data5/chensx/MyProject/UAE/data/arrangement_merged/chr_19/165070.13~A9.K_19L.png,/data5/chensx/MyProject/UAE/data/arrangement_merged/chr_19/165070.13~A9.K_19R.png,0,-0.5453170896946812,,0.0008774995803833,-1.0955801325422518,chromosome
0,0.0011320114135742,165070,165070.1~A9.K_19,19,,normal,165070.1~A9.K_19L.png,165070.1~A9.K_19R.png,train,/data5/chensx/MyProject/UAE/data/arrangement_merged/chr_19/165070.1~A9.K_19L.png,/data5/chensx/MyProject/UAE/data/arrangement_merged/chr_19/165070.1~A9.K_19R.png,0,-0.1867672768824748,,0.0011320114135742,0.14654528674836428,chromosome
0,0.0009301900863647,165070,165070.2~A31.K_19,19,,normal,165070.2~A31.K_19L.png,165070.2~A31.K_19R.png,train,/data5/chensx/MyProject/UAE/data/arrangement_merged/chr_19/165070.2~A31.K_19L.png,/data5/chensx/MyProject/UAE/data/arrangement_merged/chr_19/165070.2~A31.K_19R.png,0,-0.4710880417963227,,0.0009301900863647,-0.8384281722021962,chromosome
0,0.0010576844215393,165070,165070.3~A15.K_19,19,,normal,165070.3~A15.K_19L.png,165070.3~A15.K_19R.png,train,/data5/chensx/MyProject/UAE/data/arrangement_merged/chr_19/165070.3~A15.K_19L.png,/data5/chensx/MyProject/UAE/data/arrangement_merged/chr_19/165070.3~A15.K_19R.png,0,-0.2914772573454306,,0.0010576844215393,-0.21620187902570095,chromosome
0,0.0009790658950805,165070,165070.3~A2.K_19,19,,normal,165070.3~A2.K_19L.png,165070.3~A2.K_19R.png,train,/data5/chensx/MyProject/UAE/data/arrangement_merged/chr_19/165070.3~A2.K_19L.png,/data5/chensx/MyProject/UAE/data/arrangement_merged/chr_19/165070.3~A2.K_19R.png,0,-0.4022330426145876,,0.0009790658950805,-0.5998935483572421,chromosome
0,0.001118779182434,165070,165070.3~A30.K_19,19,,normal,165070.3~A30.K_19L.png,165070.3~A30.K_19R.png,train,/data5/chensx/MyProject/UAE/data/arrangement_merged/chr_19/165070.3~A30.K_19L.png,/data5/chensx/MyProject/UAE/data/arrangement_merged/chr_19/165070.3~A30.K_19R.png,0,-0.2054085083682616,,0.001118779182434,0.08196640078024821,chromosome
0,0.0012024044990539,165070,165070.3~A35.K_19,19,,normal,165070.3~A35.K_19L.png,165070.3~A35.K_19R.png,train,/data5/chensx/MyProject/UAE/data/arrangement_merged/chr_19/165070.3~A35.K_19L.png,/data5/chensx/MyProject/UAE/data/arrangement_merged/chr_19/165070.3~A35.K_19R.png,0,-0.0875992841585367,,0.0012024044990539,0.49009332426161056,chromosome
0,0.00103759765625,165070,165070.3~A43.K_19,19,,normal,165070.3~A43.K_19L.png,165070.3~A43.K_19R.png,train,/data5/chensx/MyProject/UAE/data/arrangement_merged/chr_19/165070.3~A43.K_19L.png,/data5/chensx/MyProject/UAE/data/arrangement_merged/chr_19/165070.3~A43.K_19R.png,0,-0.3197749826188998,,0.00103759765625,-0.31423379150833025,chromosome
0,0.0010434389114379,170215,170215.12~A1.K_19,19,,normal,170215.12~A1.K_19L.png,170215.12~A1.K_19R.png,train,/data5/chensx/MyProject/UAE/data/arrangement_merged/chr_19/170215.12~A1.K_19L.png,/data5/chensx/MyProject/UAE/data/arrangement_merged/chr_19/170215.12~A1.K_19R.png,0,-0.3764377992445396,,0.0010434389114379,-0.2857259950004497,chromosome
0,0.0013206601142883,170215,170215.12~A24.K_19,19,,normal,170215.12~A24.K_19L.png,170215.12~A24.K_19R.png,train,/data5/chensx/MyProject/UAE/data/arrangement_merged/chr_19/170215.12~A24.K_19L.png,/data5/chensx/MyProject/UAE/data/arrangement_merged/chr_19/170215.12~A24.K_19R.png,0,-0.0125425507666914,,0.0013206601142883,1.0672307556136655,chromosome
0,0.0012712478637695,170215,170215.12~A31.K_19,19,,normal,170215.12~A31.K_19L.png,170215.12~A31.K_19R.png,train,/data5/chensx/MyProject/UAE/data/arrangement_merged/chr_19/170215.12~A31.K_19L.png,/data5/chensx/MyProject/UAE/data/arrangement_merged/chr_19/170215.12~A31.K_19R.png,0,-0.077403690519032,,0.0012712478637695,0.8260780688239664,chromosome
0,0.0010448694229125,170215,170215.12~A33.K_19,19,,normal,170215.12~A33.K_19L.png,170215.12~A33.K_19R.png,train,/data5/chensx/MyProject/UAE/data/arrangement_merged/chr_19/170215.12~A33.K_19L.png,/data5/chensx/MyProject/UAE/data/arrangement_merged/chr_19/170215.12~A33.K_19R.png,0,-0.3745600340406118,,0.0010448694229125,-0.27874449381478633,chromosome
0,0.0014961957931518,170215,170215.12~A44.K_19,19,,normal,170215.12~A44.K_19L.png,170215.12~A44.K_19R.png,train,/data5/chensx/MyProject/UAE/data/arrangement_merged/chr_19/170215.12~A44.K_19L.png,/data5/chensx/MyProject/UAE/data/arrangement_merged/chr_19/170215.12~A44.K_19R.png,0,0.2178748877986198,,0.0014961957931518,1.923919130276568,chromosome
0,0.0012969374656677,170215,170215.12~A47.K_19,19,,normal,170215.12~A47.K_19L.png,170215.12~A47.K_19R.png,train,/data5/chensx/MyProject/UAE/data/arrangement_merged/chr_19/170215.12~A47.K_19L.png,/data5/chensx/MyProject/UAE/data/arrangement_merged/chr_19/170215.12~A47.K_19R.png,0,-0.0436821570651613,,0.0012969374656677,0.951454194284021,chromosome
0,0.0009796023368835,170215,170215.12~A48.K_19,19,,normal,170215.12~A48.K_19L.png,170215.12~A48.K_19R.png,train,/data5/chensx/MyProject/UAE/data/arrangement_merged/chr_19/170215.12~A48.K_19L.png,/data5/chensx/MyProject/UAE/data/arrangement_merged/chr_19/170215.12~A48.K_19R.png,0,-0.4602330714698192,,0.0009796023368835,-0.5972754854124964,chromosome
0,0.0009411573410034,170215,170215.12~A49.K_19,19,,normal,170215.12~A49.K_19L.png,170215.12~A49.K_19R.png,train,/data5/chensx/MyProject/UAE/data/arrangement_merged/chr_19/170215.12~A49.K_19L.png,/data5/chensx/MyProject/UAE/data/arrangement_merged/chr_19/170215.12~A49.K_19R.png,0,-0.5106980113253798,,0.0009411573410034,-0.7849033297782911,chromosome
0,0.001067578792572,170215,170215.12~A6.K_19,19,,normal,170215.12~A6.K_19L.png,170215.12~A6.K_19R.png,train,/data5/chensx/MyProject/UAE/data/arrangement_merged/chr_19/170215.12~A6.K_19L.png,/data5/chensx/MyProject/UAE/data/arrangement_merged/chr_19/170215.12~A6.K_19R.png,0,-0.3447505114282574,,0.001067578792572,-0.16791316249128657,chromosome
0,0.0010236501693725,170215,170215.12~A7.K_19,19,,normal,170215.12~A7.K_19L.png,170215.12~A7.K_19R.png,train,/data5/chensx/MyProject/UAE/data/arrangement_merged/chr_19/170215.12~A7.K_19L.png,/data5/chensx/MyProject/UAE/data/arrangement_merged/chr_19/170215.12~A7.K_19R.png,0,-0.402413551232208,,0.0010236501693725,-0.3823034280692775,chromosome
0,0.0010889768600463,170215,170215.13~A21.K_19,19,,normal,170215.13~A21.K_19L.png,170215.13~A21.K_19R.png,train,/data5/chensx/MyProject/UAE/data/arrangement_merged/chr_19/170215.13~A21.K_19L.png,/data5/chensx/MyProject/UAE/data/arrangement_merged/chr_19/170215.13~A21.K_19R.png,0,-0.3166622735861703,,0.0010889768600463,-0.0634815405887099,chromosome
0,0.0013099908828735,170215,170215.13~A36.K_19,19,,normal,170215.13~A36.K_19L.png,170215.13~A36.K_19R.png,train,/data5/chensx/MyProject/UAE/data/arrangement_merged/chr_19/170215.13~A36.K_19L.png,/data5/chensx/MyProject/UAE/data/arrangement_merged/chr_19/170215.13~A36.K_19R.png,0,-0.0265475495793198,,0.0013099908828735,1.0151603926035626,chromosome
0,0.0012018680572509,170215,170215.13~A44.K_19,19,,normal,170215.13~A44.K_19L.png,170215.13~A44.K_19R.png,train,/data5/chensx/MyProject/UAE/data/arrangement_merged/chr_19/170215.13~A44.K_19L.png,/data5/chensx/MyProject/UAE/data/arrangement_merged/chr_19/170215.13~A44.K_19R.png,0,-0.168475302909532,,0.0012018680572509,0.48747526131686497,chromosome
0,0.0010621547698974,170215,170215.13~A47.K_19,19,,normal,170215.13~A47.K_19L.png,170215.13~A47.K_19R.png,train,/data5/chensx/MyProject/UAE/data/arrangement_merged/chr_19/170215.13~A47.K_19L.png,/data5/chensx/MyProject/UAE/data/arrangement_merged/chr_19/170215.13~A47.K_19R.png,0,-0.3518703711598172,,0.0010621547698974,-0.19438468782062532,chromosome
0,0.001037061214447,170215,170215.13~A5.K_19,19,,normal,170215.13~A5.K_19L.png,170215.13~A5.K_19R.png,train,/data5/chensx/MyProject/UAE/data/arrangement_merged/chr_19/170215.13~A5.K_19L.png,/data5/chensx/MyProject/UAE/data/arrangement_merged/chr_19/170215.13~A5.K_19R.png,0,-0.3848095024453846,,0.001037061214447,-0.31685185445307584,chromosome
0,0.0010951161384582,170215,170215.1~A9.K_19,19,,normal,170215.1~A9.K_19L.png,170215.1~A9.K_19R.png,train,/data5/chensx/MyProject/UAE/data/arrangement_merged/chr_19/170215.1~A9.K_19L.png,/data5/chensx/MyProject/UAE/data/arrangement_merged/chr_19/170215.1~A9.K_19R.png,0,-0.3086035312526466,,0.0010951161384582,-0.033519264666540004,chromosome
0,0.0010250806808471,170215,170215.2~A19.K_19,19,,normal,170215.2~A19.K_19L.png,170215.2~A19.K_19R.png,train,/data5/chensx/MyProject/UAE/data/arrangement_merged/chr_19/170215.2~A19.K_19L.png,/data5/chensx/MyProject/UAE/data/arrangement_merged/chr_19/170215.2~A19.K_19R.png,0,-0.4005357860282801,,0.0010250806808471,-0.3753219268836141,chromosome
0,0.0009921789169311,170215,170215.2~A2.K_19,19,,normal,170215.2~A2.K_19L.png,170215.2~A2.K_19R.png,train,/data5/chensx/MyProject/UAE/data/arrangement_merged/chr_19/170215.2~A2.K_19L.png,/data5/chensx/MyProject/UAE/data/arrangement_merged/chr_19/170215.2~A2.K_19R.png,0,-0.4437243857186204,,0.0009921789169311,-0.535896454154842,chromosome
0,0.0009187459945678,170215,170215.2~A23.K_19,19,,normal,170215.2~A23.K_19L.png,170215.2~A23.K_19R.png,train,/data5/chensx/MyProject/UAE/data/arrangement_merged/chr_19/170215.2~A23.K_19L.png,/data5/chensx/MyProject/UAE/data/arrangement_merged/chr_19/170215.2~A23.K_19R.png,0,-0.5401163328535825,,0.0009187459945678,-0.8942801816879894,chromosome
0,0.0010711550712585,170215,170215.2~A33.K_19,19,,normal,170215.2~A33.K_19L.png,170215.2~A33.K_19R.png,train,/data5/chensx/MyProject/UAE/data/arrangement_merged/chr_19/170215.2~A33.K_19L.png,/data5/chensx/MyProject/UAE/data/arrangement_merged/chr_19/170215.2~A33.K_19R.png,0,-0.3400560984184378,,0.0010711550712585,-0.1504594095271287,chromosome
0,0.0011259913444519,170215,170215.2~A4.K_19,19,,normal,170215.2~A4.K_19L.png,170215.2~A4.K_19R.png,train,/data5/chensx/MyProject/UAE/data/arrangement_merged/chr_19/170215.2~A4.K_19L.png,/data5/chensx/MyProject/UAE/data/arrangement_merged/chr_19/170215.2~A4.K_19R.png,0,-0.2680750989345375,,0.0011259913444519,0.1171648025919093,chromosome
0,0.0009901523590087,170215,170215.3~A32.K_19,19,,normal,170215.3~A32.K_19L.png,170215.3~A32.K_19R.png,train,/data5/chensx/MyProject/UAE/data/arrangement_merged/chr_19/170215.3~A32.K_19L.png,/data5/chensx/MyProject/UAE/data/arrangement_merged/chr_19/170215.3~A32.K_19R.png,0,-0.4463845530908514,,0.0009901523590087,-0.5457869141681094,chromosome
0,0.0010863542556762,170215,170215.3~A33.K_19,19,,normal,170215.3~A33.K_19L.png,170215.3~A33.K_19R.png,train,/data5/chensx/MyProject/UAE/data/arrangement_merged/chr_19/170215.3~A33.K_19L.png,/data5/chensx/MyProject/UAE/data/arrangement_merged/chr_19/170215.3~A33.K_19R.png,0,-0.3201048431267046,,0.0010863542556762,-0.07628095942909256,chromosome
0,0.0009462833404541,170215,170215.3~A38.K_19,19,,normal,170215.3~A38.K_19L.png,170215.3~A38.K_19R.png,train,/data5/chensx/MyProject/UAE/data/arrangement_merged/chr_19/170215.3~A38.K_19L.png,/data5/chensx/MyProject/UAE/data/arrangement_merged/chr_19/170215.3~A38.K_19R.png,0,-0.5039693526779717,,0.0009462833404541,-0.7598862838627539,chromosome
0,0.0009974837303161,170215,170215.3~A41.K_19,19,,normal,170215.3~A41.K_19L.png,170215.3~A41.K_19R.png,train,/data5/chensx/MyProject/UAE/data/arrangement_merged/chr_19/170215.3~A41.K_19L.png,/data5/chensx/MyProject/UAE/data/arrangement_merged/chr_19/170215.3~A41.K_19R.png,0,-0.4367610064207213,,0.0009974837303161,-0.5100067205912192,chromosome
0,0.0009152889251708,170215,170215.3~A47.K_19,19,,normal,170215.3~A47.K_19L.png,170215.3~A47.K_19R.png,train,/data5/chensx/MyProject/UAE/data/arrangement_merged/chr_19/170215.3~A47.K_19L.png,/data5/chensx/MyProject/UAE/data/arrangement_merged/chr_19/170215.3~A47.K_19R.png,0,-0.5446542654297415,,0.0009152889251708,-0.9111521428869193,chromosome
0,0.0010690093040466,179083,179083.12~A20.K_19,19,,normal,179083.12~A20.K_19L.png,179083.12~A20.K_19R.png,train,/data5/chensx/MyProject/UAE/data/arrangement_merged/chr_19/179083.12~A20.K_19L.png,/data5/chensx/MyProject/UAE/data/arrangement_merged/chr_19/179083.12~A20.K_19R.png,0,-0.1859196557312899,,0.0010690093040466,-0.1609316613056232,chromosome
0,0.0011930465698242,179083,179083.12~A37.K_19,19,,normal,179083.12~A37.K_19L.png,179083.12~A37.K_19R.png,train,/data5/chensx/MyProject/UAE/data/arrangement_merged/chr_19/179083.12~A37.K_19L.png,/data5/chensx/MyProject/UAE/data/arrangement_merged/chr_19/179083.12~A37.K_19R.png,0,0.0006021628774792,,0.0011930465698242,0.4444226706719428,chromosome
0,0.0010218620300292,179083,179083.12~A39.K_19,19,,normal,179083.12~A39.K_19L.png,179083.12~A39.K_19R.png,train,/data5/chensx/MyProject/UAE/data/arrangement_merged/chr_19/179083.12~A39.K_19L.png,/data5/chensx/MyProject/UAE/data/arrangement_merged/chr_19/179083.12~A39.K_19R.png,0,-0.2568176655917111,,0.0010218620300292,-0.39103030455160087,chromosome
0,0.0009800195693969,179083,179083.12~A47.K_19,19,,normal,179083.12~A47.K_19L.png,179083.12~A47.K_19R.png,train,/data5/chensx/MyProject/UAE/data/arrangement_merged/chr_19/179083.12~A47.K_19L.png,/data5/chensx/MyProject/UAE/data/arrangement_merged/chr_19/179083.12~A47.K_19R.png,0,-0.3197385289570911,,0.0009800195693969,-0.5952392142334668,chromosome
0,0.0009630918502807,179083,179083.12~A9.K_19,19,,normal,179083.12~A9.K_19L.png,179083.12~A9.K_19R.png,train,/data5/chensx/MyProject/UAE/data/arrangement_merged/chr_19/179083.12~A9.K_19L.png,/data5/chensx/MyProject/UAE/data/arrangement_merged/chr_19/179083.12~A9.K_19R.png,0,-0.3451936930536267,,0.0009630918502807,-0.6778536449309683,chromosome
0,0.001304805278778,179083,179083.13~A11.K_19,19,,normal,179083.13~A11.K_19L.png,179083.13~A11.K_19R.png,train,/data5/chensx/MyProject/UAE/data/arrangement_merged/chr_19/179083.13~A11.K_19L.png,/data5/chensx/MyProject/UAE/data/arrangement_merged/chr_19/179083.13~A11.K_19R.png,0,0.1686600244303107,,0.001304805278778,0.9898524508051679,chromosome
0,0.0010861754417419,179083,179083.13~A13.K_19,19,,normal,179083.13~A13.K_19L.png,179083.13~A13.K_19R.png,train,/data5/chensx/MyProject/UAE/data/arrangement_merged/chr_19/179083.13~A13.K_19L.png,/data5/chensx/MyProject/UAE/data/arrangement_merged/chr_19/179083.13~A13.K_19R.png,0,-0.160105968196775,,0.0010861754417419,-0.07715364707717812,chromosome
0,0.0016781687736511,179083,179083.13~A14.K_19,19,,normal,179083.13~A14.K_19L.png,179083.13~A14.K_19R.png,train,/data5/chensx/MyProject/UAE/data/arrangement_merged/chr_19/179083.13~A14.K_19L.png,/data5/chensx/MyProject/UAE/data/arrangement_merged/chr_19/179083.13~A14.K_19R.png,0,0.73010772830601,,0.0016781687736511,2.8120242602754426,chromosome
0,0.0014242529869079,179083,179083.13~A2.K_19,19,,normal,179083.13~A2.K_19L.png,179083.13~A2.K_19R.png,train,/data5/chensx/MyProject/UAE/data/arrangement_merged/chr_19/179083.13~A2.K_19L.png,/data5/chensx/MyProject/UAE/data/arrangement_merged/chr_19/179083.13~A2.K_19R.png,0,0.348280266857977,,0.0014242529869079,1.5728077998119423,chromosome
0,0.0010413527488708,179083,179083.13~A22.K_19,19,,normal,179083.13~A22.K_19L.png,179083.13~A22.K_19R.png,train,/data5/chensx/MyProject/UAE/data/arrangement_merged/chr_19/179083.13~A22.K_19L.png,/data5/chensx/MyProject/UAE/data/arrangement_merged/chr_19/179083.13~A22.K_19R.png,0,-0.2275083745368972,,0.0010413527488708,-0.2959073508960868,chromosome
0,0.0010941624641418,179083,179083.13~A26.K_19,19,,normal,179083.13~A26.K_19L.png,179083.13~A26.K_19R.png,train,/data5/chensx/MyProject/UAE/data/arrangement_merged/chr_19/179083.13~A26.K_19L.png,/data5/chensx/MyProject/UAE/data/arrangement_merged/chr_19/179083.13~A26.K_19R.png,0,-0.1480954330244659,,0.0010941624641418,-0.03817359879031523,chromosome
0,0.001111090183258,179083,179083.13~A34.K_19,19,,normal,179083.13~A34.K_19L.png,179083.13~A34.K_19R.png,train,/data5/chensx/MyProject/UAE/data/arrangement_merged/chr_19/179083.13~A34.K_19L.png,/data5/chensx/MyProject/UAE/data/arrangement_merged/chr_19/179083.13~A34.K_19R.png,0,-0.1226402689279304,,0.001111090183258,0.04444083190718683,chromosome
0,0.0009235143661499,179083,179083.13~A39.K_19,19,,normal,179083.13~A39.K_19L.png,179083.13~A39.K_19R.png,train,/data5/chensx/MyProject/UAE/data/arrangement_merged/chr_19/179083.13~A39.K_19L.png,/data5/chensx/MyProject/UAE/data/arrangement_merged/chr_19/179083.13~A39.K_19R.png,0,-0.4047085837582027,,0.0009235143661499,-0.8710085110686244,chromosome
0,0.0010508894920349,179083,179083.14~A14.K_19,19,,normal,179083.14~A14.K_19L.png,179083.14~A14.K_19R.png,train,/data5/chensx/MyProject/UAE/data/arrangement_merged/chr_19/179083.14~A14.K_19L.png,/data5/chensx/MyProject/UAE/data/arrangement_merged/chr_19/179083.14~A14.K_19R.png,0,-0.2131674370177223,,0.0010508894920349,-0.24936400965784455,chromosome
0,0.0010664463043212,179083,179083.14~A18.K_19,19,,normal,179083.14~A18.K_19L.png,179083.14~A18.K_19R.png,train,/data5/chensx/MyProject/UAE/data/arrangement_merged/chr_19/179083.14~A18.K_19L.png,/data5/chensx/MyProject/UAE/data/arrangement_merged/chr_19/179083.14~A18.K_19R.png,0,-0.1897737826895681,,0.0010664463043212,-0.17344018426363628,chromosome
0,0.0011262893676757,179083,179083.14~A2.K_19,19,,normal,179083.14~A2.K_19L.png,179083.14~A2.K_19R.png,train,/data5/chensx/MyProject/UAE/data/arrangement_merged/chr_19/179083.14~A2.K_19L.png,/data5/chensx/MyProject/UAE/data/arrangement_merged/chr_19/179083.14~A2.K_19R.png,0,-0.0997843997567453,,0.0011262893676757,0.11861928200522295,chromosome
0,0.0009368658065795,179083,179083.14~A27.K_19,19,,normal,179083.14~A27.K_19L.png,179083.14~A27.K_19R.png,train,/data5/chensx/MyProject/UAE/data/arrangement_merged/chr_19/179083.14~A27.K_19L.png,/data5/chensx/MyProject/UAE/data/arrangement_merged/chr_19/179083.14~A27.K_19R.png,0,-0.3846312712313578,,0.0009368658065795,-0.8058478333357686,chromosome
0,0.0008343458175659,179083,179083.14~A28.K_19,19,,normal,179083.14~A28.K_19L.png,179083.14~A28.K_19R.png,train,/data5/chensx/MyProject/UAE/data/arrangement_merged/chr_19/179083.14~A28.K_19L.png,/data5/chensx/MyProject/UAE/data/arrangement_merged/chr_19/179083.14~A28.K_19R.png,0,-0.5387963495624886,,0.0008343458175659,-1.3061887516445536,chromosome
0,0.0009740591049194,179083,179083.14~A39.K_19,19,,normal,179083.14~A39.K_19L.png,179083.14~A39.K_19R.png,train,/data5/chensx/MyProject/UAE/data/arrangement_merged/chr_19/179083.14~A39.K_19L.png,/data5/chensx/MyProject/UAE/data/arrangement_merged/chr_19/179083.14~A39.K_19R.png,0,-0.3287016149065755,,0.0009740591049194,-0.6243288025070634,chromosome
0,0.000904381275177,179083,179083.14~A44.K_19,19,,normal,179083.14~A44.K_19L.png,179083.14~A44.K_19R.png,train,/data5/chensx/MyProject/UAE/data/arrangement_merged/chr_19/179083.14~A44.K_19L.png,/data5/chensx/MyProject/UAE/data/arrangement_merged/chr_19/179083.14~A44.K_19R.png,0,-0.4334800896560475,,0.000904381275177,-0.9643860894274784,chromosome
0,0.0011391639709472,179083,179083.14~A7.K_19,19,,normal,179083.14~A7.K_19L.png,179083.14~A7.K_19R.png,train,/data5/chensx/MyProject/UAE/data/arrangement_merged/chr_19/179083.14~A7.K_19L.png,/data5/chensx/MyProject/UAE/data/arrangement_merged/chr_19/179083.14~A7.K_19R.png,0,-0.0804241341058591,,0.0011391639709472,0.181452792676679,chromosome
0,0.0015439987182617,179083,179083.1~A24.K_19,19,,normal,179083.1~A24.K_19L.png,179083.1~A24.K_19R.png,train,/data5/chensx/MyProject/UAE/data/arrangement_merged/chr_19/179083.1~A24.K_19L.png,/data5/chensx/MyProject/UAE/data/arrangement_merged/chr_19/179083.1~A24.K_19R.png,0,0.5283486635831175,,0.0015439987182617,2.1572176282325195,chromosome
0,0.0011336803436279,179083,179083.2~A1.K_19,19,,normal,179083.2~A1.K_19L.png,179083.2~A1.K_19R.png,train,/data5/chensx/MyProject/UAE/data/arrangement_merged/chr_19/179083.2~A1.K_19L.png,/data5/chensx/MyProject/UAE/data/arrangement_merged/chr_19/179083.2~A1.K_19R.png,0,-0.0886701731793847,,0.0011336803436279,0.15469037146497067,chromosome
0,0.0011240243911743,179083,179083.2~A12.K_19,19,,normal,179083.2~A12.K_19L.png,179083.2~A12.K_19R.png,train,/data5/chensx/MyProject/UAE/data/arrangement_merged/chr_19/179083.2~A12.K_19L.png,/data5/chensx/MyProject/UAE/data/arrangement_merged/chr_19/179083.2~A12.K_19R.png,0,-0.1031903724175494,,0.0011240243911743,0.10756523846150033,chromosome
0,0.0010443925857543,179083,179083.2~A14.K_19,19,,normal,179083.2~A14.K_19L.png,179083.2~A14.K_19R.png,train,/data5/chensx/MyProject/UAE/data/arrangement_merged/chr_19/179083.2~A14.K_19L.png,/data5/chensx/MyProject/UAE/data/arrangement_merged/chr_19/179083.2~A14.K_19R.png,0,-0.2229372007026602,,0.0010443925857543,-0.2810716608766745,chromosome
0,0.0009185075759887,179083,179083.2~A18.K_19,19,,normal,179083.2~A18.K_19L.png,179083.2~A18.K_19R.png,train,/data5/chensx/MyProject/UAE/data/arrangement_merged/chr_19/179083.2~A18.K_19L.png,/data5/chensx/MyProject/UAE/data/arrangement_merged/chr_19/179083.2~A18.K_19R.png,0,-0.4122375759557696,,0.0009185075759887,-0.895443765218933,chromosome
0,0.0010457038879394,179083,179083.2~A20.K_19,19,,normal,179083.2~A20.K_19L.png,179083.2~A20.K_19R.png,train,/data5/chensx/MyProject/UAE/data/arrangement_merged/chr_19/179083.2~A20.K_19L.png,/data5/chensx/MyProject/UAE/data/arrangement_merged/chr_19/179083.2~A20.K_19R.png,0,-0.2209653217937737,,0.0010457038879394,-0.27467195145623924,chromosome
0,0.0010322332382202,179083,179083.2~A26.K_19,19,,normal,179083.2~A26.K_19L.png,179083.2~A26.K_19R.png,train,/data5/chensx/MyProject/UAE/data/arrangement_merged/chr_19/179083.2~A26.K_19L.png,/data5/chensx/MyProject/UAE/data/arrangement_merged/chr_19/179083.2~A26.K_19R.png,0,-0.2412218960396083,,0.0010322332382202,-0.34041442095481045,chromosome
0,0.0011552572250366,179083,179083.2~A3.K_19,19,,normal,179083.2~A3.K_19L.png,179083.2~A3.K_19R.png,train,/data5/chensx/MyProject/UAE/data/arrangement_merged/chr_19/179083.2~A3.K_19L.png,/data5/chensx/MyProject/UAE/data/arrangement_merged/chr_19/179083.2~A3.K_19R.png,0,-0.0562238020422514,,0.0011552572250366,0.2599946810161218,chromosome
0,0.0012333393096923,179083,179083.2~A31.K_19,19,,normal,179083.2~A31.K_19L.png,179083.2~A31.K_19R.png,train,/data5/chensx/MyProject/UAE/data/arrangement_merged/chr_19/179083.2~A31.K_19L.png,/data5/chensx/MyProject/UAE/data/arrangement_merged/chr_19/179083.2~A31.K_19R.png,0,0.0611926238959934,,0.0012333393096923,0.6410682874024294,chromosome
0,0.0009540319442749,179083,179083.2~A35.K_19,19,,normal,179083.2~A35.K_19L.png,179083.2~A35.K_19R.png,train,/data5/chensx/MyProject/UAE/data/arrangement_merged/chr_19/179083.2~A35.K_19L.png,/data5/chensx/MyProject/UAE/data/arrangement_merged/chr_19/179083.2~A35.K_19R.png,0,-0.3588175836968429,,0.0009540319442749,-0.7220698191068351,chromosome
0,0.0010544657707214,179083,179083.2~A38.K_19,19,,normal,179083.2~A38.K_19L.png,179083.2~A38.K_19R.png,train,/data5/chensx/MyProject/UAE/data/arrangement_merged/chr_19/179083.2~A38.K_19L.png,/data5/chensx/MyProject/UAE/data/arrangement_merged/chr_19/179083.2~A38.K_19R.png,0,-0.2077895854480317,,0.0010544657707214,-0.23191025669368667,chromosome
0,0.0009959936141967,179083,179083.3~A1.K_19,19,,normal,179083.3~A1.K_19L.png,179083.3~A1.K_19R.png,train,/data5/chensx/MyProject/UAE/data/arrangement_merged/chr_19/179083.3~A1.K_19L.png,/data5/chensx/MyProject/UAE/data/arrangement_merged/chr_19/179083.3~A1.K_19R.png,0,-0.2957174586124731,,0.0009959936141967,-0.5172791176597411,chromosome
0,0.0010273456573486,179083,179083.3~A24.K_19,19,,normal,179083.3~A24.K_19L.png,179083.3~A24.K_19R.png,train,/data5/chensx/MyProject/UAE/data/arrangement_merged/chr_19/179083.3~A24.K_19L.png,/data5/chensx/MyProject/UAE/data/arrangement_merged/chr_19/179083.3~A24.K_19R.png,0,-0.2485716265181854,,0.0010273456573486,-0.36426788333940363,chromosome
0,0.0010257959365844,179083,179083.3~A27.K_19,19,,normal,179083.3~A27.K_19L.png,179083.3~A27.K_19R.png,train,/data5/chensx/MyProject/UAE/data/arrangement_merged/chr_19/179083.3~A27.K_19L.png,/data5/chensx/MyProject/UAE/data/arrangement_merged/chr_19/179083.3~A27.K_19R.png,0,-0.2509020288650514,,0.0010257959365844,-0.37183117629078294,chromosome
0,0.0010915994644165,179083,179083.4~A34.K_19,19,,normal,179083.4~A34.K_19L.png,179083.4~A34.K_19R.png,train,/data5/chensx/MyProject/UAE/data/arrangement_merged/chr_19/179083.4~A34.K_19L.png,/data5/chensx/MyProject/UAE/data/arrangement_merged/chr_19/179083.4~A34.K_19R.png,0,-0.1519495599827442,,0.0010915994644165,-0.05068212174783938,chromosome
0,0.0015710592269897,180371,180371.11~A18.K_19,19,,normal,180371.11~A18.K_19L.png,180371.11~A18.K_19R.png,train,/data5/chensx/MyProject/UAE/data/arrangement_merged/chr_19/180371.11~A18.K_19L.png,/data5/chensx/MyProject/UAE/data/arrangement_merged/chr_19/180371.11~A18.K_19R.png,0,0.4666022654021616,,0.0015710592269897,2.2892843589953777,chromosome
0,0.0011681318283081,180371,180371.11~A42.K_19,19,,normal,180371.11~A42.K_19L.png,180371.11~A42.K_19R.png,train,/data5/chensx/MyProject/UAE/data/arrangement_merged/chr_19/180371.11~A42.K_19L.png,/data5/chensx/MyProject/UAE/data/arrangement_merged/chr_19/180371.11~A42.K_19R.png,0,-0.1113911761831144,,0.0011681318283081,0.3228281916875778,chromosome
0,0.0011603236198425,180371,180371.11~A50.K_19,19,,normal,180371.11~A50.K_19L.png,180371.11~A50.K_19R.png,train,/data5/chensx/MyProject/UAE/data/arrangement_merged/chr_19/180371.11~A50.K_19L.png,/data5/chensx/MyProject/UAE/data/arrangement_merged/chr_19/180371.11~A50.K_19R.png,0,-0.1225919366635391,,0.0011603236198425,0.2847208310488005,chromosome
0,0.001051902770996,180371,180371.13~A44.K_19,19,,normal,180371.13~A44.K_19L.png,180371.13~A44.K_19R.png,train,/data5/chensx/MyProject/UAE/data/arrangement_merged/chr_19/180371.13~A44.K_19L.png,/data5/chensx/MyProject/UAE/data/arrangement_merged/chr_19/180371.13~A44.K_19R.png,0,-0.2781200535634825,,0.001051902770996,-0.2444187796516987,chromosome
0,0.0009443759918212,180371,180371.14~A1.K_19,19,,normal,180371.14~A1.K_19L.png,180371.14~A1.K_19R.png,train,/data5/chensx/MyProject/UAE/data/arrangement_merged/chr_19/180371.14~A1.K_19L.png,/data5/chensx/MyProject/UAE/data/arrangement_merged/chr_19/180371.14~A1.K_19R.png,0,-0.4323656406374231,,0.0009443759918212,-0.7691949521107928,chromosome
0,0.0014083385467529,180371,180371.1~A15.K_19,19,,normal,180371.1~A15.K_19L.png,180371.1~A15.K_19R.png,train,/data5/chensx/MyProject/UAE/data/arrangement_merged/chr_19/180371.1~A15.K_19L.png,/data5/chensx/MyProject/UAE/data/arrangement_merged/chr_19/180371.1~A15.K_19R.png,0,0.2331818370696463,,0.0014083385467529,1.495138599121074,chromosome
0,0.0010628104209899,180371,180371.1~A25.K_19,19,,normal,180371.1~A25.K_19L.png,180371.1~A25.K_19R.png,train,/data5/chensx/MyProject/UAE/data/arrangement_merged/chr_19/180371.1~A25.K_19L.png,/data5/chensx/MyProject/UAE/data/arrangement_merged/chr_19/180371.1~A25.K_19R.png,0,-0.262473189686248,,0.0010628104209899,-0.19118483311065163,chromosome
0,0.0011395812034606,180371,180371.1~A33.K_19,19,,normal,180371.1~A33.K_19L.png,180371.1~A33.K_19R.png,train,/data5/chensx/MyProject/UAE/data/arrangement_merged/chr_19/180371.1~A33.K_19L.png,/data5/chensx/MyProject/UAE/data/arrangement_merged/chr_19/180371.1~A33.K_19R.png,0,-0.1523466286268048,,0.0011395812034606,0.18348906385570862,chromosome
0,0.0012747049331665,180371,180371.1~A35.K_19,19,,normal,180371.1~A35.K_19L.png,180371.1~A35.K_19R.png,train,/data5/chensx/MyProject/UAE/data/arrangement_merged/chr_19/180371.1~A35.K_19L.png,/data5/chensx/MyProject/UAE/data/arrangement_merged/chr_19/180371.1~A35.K_19R.png,0,0.041486379076423,,0.0012747049331665,0.8429500300228961,chromosome
0,0.0011849403381347,180371,180371.2~A15.K_19,19,,normal,180371.2~A15.K_19L.png,180371.2~A15.K_19R.png,train,/data5/chensx/MyProject/UAE/data/arrangement_merged/chr_19/180371.2~A15.K_19L.png,/data5/chensx/MyProject/UAE/data/arrangement_merged/chr_19/180371.2~A15.K_19R.png,0,-0.0872796154542612,,0.0011849403381347,0.4048608306193629,chromosome
0,0.001419186592102,180371,180371.2~A16.K_19,19,,normal,180371.2~A16.K_19L.png,180371.2~A16.K_19R.png,train,/data5/chensx/MyProject/UAE/data/arrangement_merged/chr_19/180371.2~A16.K_19L.png,/data5/chensx/MyProject/UAE/data/arrangement_merged/chr_19/180371.2~A16.K_19R.png,0,0.2487431989584806,,0.001419186592102,1.5480816497792635,chromosome
0,0.0011498928070068,180371,180371.2~A21.K_19,19,,normal,180371.2~A21.K_19L.png,180371.2~A21.K_19R.png,train,/data5/chensx/MyProject/UAE/data/arrangement_merged/chr_19/180371.2~A21.K_19L.png,/data5/chensx/MyProject/UAE/data/arrangement_merged/chr_19/180371.2~A21.K_19R.png,0,-0.1375547846335722,,0.0011498928070068,0.23381405156964052,chromosome
0,0.0011095404624938,180371,180371.2~A41.K_19,19,,normal,180371.2~A41.K_19L.png,180371.2~A41.K_19R.png,train,/data5/chensx/MyProject/UAE/data/arrangement_merged/chr_19/180371.2~A41.K_19L.png,/data5/chensx/MyProject/UAE/data/arrangement_merged/chr_19/180371.2~A41.K_19R.png,0,-0.1954396307805,,0.0011095404624938,0.036877538955807504,chromosome
0,0.0012629628181457,180371,180371.2~A49.K_19,19,,normal,180371.2~A49.K_19L.png,180371.2~A49.K_19R.png,train,/data5/chensx/MyProject/UAE/data/arrangement_merged/chr_19/180371.2~A49.K_19L.png,/data5/chensx/MyProject/UAE/data/arrangement_merged/chr_19/180371.2~A49.K_19R.png,0,0.0246424873615858,,0.0012629628181457,0.7856435411233009,chromosome
0,0.0009145736694335,180371,180371.3~A2.K_19,19,,normal,180371.3~A2.K_19L.png,180371.3~A2.K_19R.png,train,/data5/chensx/MyProject/UAE/data/arrangement_merged/chr_19/180371.3~A2.K_19L.png,/data5/chensx/MyProject/UAE/data/arrangement_merged/chr_19/180371.3~A2.K_19R.png,0,-0.4751166348375175,,0.0009145736694335,-0.9146428934797509,chromosome
0,0.0017039775848388,180371,180371.3~A25.K_19,19,,normal,180371.3~A25.K_19L.png,180371.3~A25.K_19R.png,train,/data5/chensx/MyProject/UAE/data/arrangement_merged/chr_19/180371.3~A25.K_19L.png,/data5/chensx/MyProject/UAE/data/arrangement_merged/chr_19/180371.3~A25.K_19R.png,0,0.6572716995345826,,0.0017039775848388,2.937982177500724,chromosome
0,0.001367449760437,180371,180371.3~A45.K_19,19,,normal,180371.3~A45.K_19L.png,180371.3~A45.K_19R.png,train,/data5/chensx/MyProject/UAE/data/arrangement_merged/chr_19/180371.3~A45.K_19L.png,/data5/chensx/MyProject/UAE/data/arrangement_merged/chr_19/180371.3~A45.K_19R.png,0,0.1745274730271168,,0.001367449760437,1.2955840235629832,chromosome
0,0.0011664032936096,180371,180371.3~A9.K_19,19,,normal,180371.3~A9.K_19L.png,180371.3~A9.K_19R.png,train,/data5/chensx/MyProject/UAE/data/arrangement_merged/chr_19/180371.3~A9.K_19L.png,/data5/chensx/MyProject/UAE/data/arrangement_merged/chr_19/180371.3~A9.K_19R.png,0,-0.1138707338467199,,0.0011664032936096,0.31439221108811294,chromosome
0,0.0015286207199096,180371,180371.4~A19.K_19,19,,normal,180371.4~A19.K_19L.png,180371.4~A19.K_19R.png,train,/data5/chensx/MyProject/UAE/data/arrangement_merged/chr_19/180371.4~A19.K_19L.png,/data5/chensx/MyProject/UAE/data/arrangement_merged/chr_19/180371.4~A19.K_19R.png,0,0.4057248496612272,,0.0015286207199096,2.0821664904859087,chromosome
0,0.0009447336196899,180371,180371.4~A20.K_19,19,,normal,180371.4~A20.K_19L.png,180371.4~A20.K_19R.png,train,/data5/chensx/MyProject/UAE/data/arrangement_merged/chr_19/180371.4~A20.K_19L.png,/data5/chensx/MyProject/UAE/data/arrangement_merged/chr_19/180371.4~A20.K_19R.png,0,-0.4318526287070219,,0.0009447336196899,-0.7674495768141333,chromosome
0,0.0010033845901489,180371,180371.4~A23.K_19,19,,normal,180371.4~A23.K_19L.png,180371.4~A23.K_19R.png,train,/data5/chensx/MyProject/UAE/data/arrangement_merged/chr_19/180371.4~A23.K_19L.png,/data5/chensx/MyProject/UAE/data/arrangement_merged/chr_19/180371.4~A23.K_19R.png,0,-0.3477186721212362,,0.0010033845901489,-0.48120802819999337,chromosome
0,0.0012514591217041,180371,180371.4~A27.K_19,19,,normal,180371.4~A27.K_19L.png,180371.4~A27.K_19R.png,train,/data5/chensx/MyProject/UAE/data/arrangement_merged/chr_19/180371.4~A27.K_19L.png,/data5/chensx/MyProject/UAE/data/arrangement_merged/chr_19/180371.4~A27.K_19R.png,0,0.0081406036003494,,0.0012514591217041,0.7295006357551387,chromosome
0,0.0012134313583374,180371,180371.4~A35.K_19,19,,normal,180371.4~A35.K_19L.png,180371.4~A35.K_19R.png,train,/data5/chensx/MyProject/UAE/data/arrangement_merged/chr_19/180371.4~A35.K_19L.png,/data5/chensx/MyProject/UAE/data/arrangement_merged/chr_19/180371.4~A35.K_19R.png,0,-0.0464096649989709,,0.0012134313583374,0.5439090625683736,chromosome
0,0.0009752511978149,180371,180371.4~A39.K_19,19,,normal,180371.4~A39.K_19L.png,180371.4~A39.K_19R.png,train,/data5/chensx/MyProject/UAE/data/arrangement_merged/chr_19/180371.4~A39.K_19L.png,/data5/chensx/MyProject/UAE/data/arrangement_merged/chr_19/180371.4~A39.K_19R.png,0,-0.3880756106461253,,0.0009752511978149,-0.6185108848523441,chromosome
0,0.0009690523147583,180371,180371.4~A44.K_19,19,,normal,180371.4~A44.K_19L.png,180371.4~A44.K_19R.png,train,/data5/chensx/MyProject/UAE/data/arrangement_merged/chr_19/180371.4~A44.K_19L.png,/data5/chensx/MyProject/UAE/data/arrangement_merged/chr_19/180371.4~A44.K_19R.png,0,-0.3969678174397449,,0.0009690523147583,-0.6487640566568841,chromosome
0,0.0013278126716613,182747,182747.11~A42.K_19,19,,normal,182747.11~A42.K_19L.png,182747.11~A42.K_19R.png,train,/data5/chensx/MyProject/UAE/data/arrangement_merged/chr_19/182747.11~A42.K_19L.png,/data5/chensx/MyProject/UAE/data/arrangement_merged/chr_19/182747.11~A42.K_19R.png,0,0.0260507603592509,,0.0013278126716613,1.1021382615419815,chromosome
0,0.0011240243911743,182747,182747.12~A10.K_19,19,,normal,182747.12~A10.K_19L.png,182747.12~A10.K_19R.png,train,/data5/chensx/MyProject/UAE/data/arrangement_merged/chr_19/182747.12~A10.K_19L.png,/data5/chensx/MyProject/UAE/data/arrangement_merged/chr_19/182747.12~A10.K_19R.png,0,-0.2459259944483545,,0.0011240243911743,0.10756523846150033,chromosome
0,0.001097559928894,182747,182747.12~A14.K_19,19,,normal,182747.12~A14.K_19L.png,182747.12~A14.K_19R.png,train,/data5/chensx/MyProject/UAE/data/arrangement_merged/chr_19/182747.12~A14.K_19L.png,/data5/chensx/MyProject/UAE/data/arrangement_merged/chr_19/182747.12~A14.K_19R.png,0,-0.2812455847187777,,0.001097559928894,-0.021592533474242902,chromosome
0,0.0010443329811096,182747,182747.12~A18.K_19,19,,normal,182747.12~A18.K_19L.png,182747.12~A18.K_19R.png,train,/data5/chensx/MyProject/UAE/data/arrangement_merged/chr_19/182747.12~A18.K_19L.png,/data5/chensx/MyProject/UAE/data/arrangement_merged/chr_19/182747.12~A18.K_19R.png,0,-0.3522825083932999,,0.0010443329811096,-0.2813625567590441,chromosome
0,0.0011028051376342,182747,182747.12~A26.K_19,19,,normal,182747.12~A26.K_19L.png,182747.12~A26.K_19R.png,train,/data5/chensx/MyProject/UAE/data/arrangement_merged/chr_19/182747.12~A26.K_19L.png,/data5/chensx/MyProject/UAE/data/arrangement_merged/chr_19/182747.12~A26.K_19R.png,0,-0.2742453055660812,,0.0011028051376342,0.0040063042065213595,chromosome
0,0.0010888576507568,182747,182747.12~A28.K_19,19,,normal,182747.12~A28.K_19L.png,182747.12~A28.K_19R.png,train,/data5/chensx/MyProject/UAE/data/arrangement_merged/chr_19/182747.12~A28.K_19L.png,/data5/chensx/MyProject/UAE/data/arrangement_merged/chr_19/182747.12~A28.K_19R.png,0,-0.292859684222115,,0.0010888576507568,-0.064063332353938,chromosome
0,0.0011073350906372,182747,182747.12~A4.K_19,19,,normal,182747.12~A4.K_19L.png,182747.12~A4.K_19R.png,train,/data5/chensx/MyProject/UAE/data/arrangement_merged/chr_19/182747.12~A4.K_19L.png,/data5/chensx/MyProject/UAE/data/arrangement_merged/chr_19/182747.12~A4.K_19R.png,0,-0.2681996099342069,,0.0011073350906372,0.026114391294943393,chromosome
0,0.0010323524475097,182747,182747.13~A33.K_19,19,,normal,182747.13~A33.K_19L.png,182747.13~A33.K_19R.png,train,/data5/chensx/MyProject/UAE/data/arrangement_merged/chr_19/182747.13~A33.K_19L.png,/data5/chensx/MyProject/UAE/data/arrangement_merged/chr_19/182747.13~A33.K_19R.png,0,-0.3682717823670726,,0.0010323524475097,-0.3398326291895834,chromosome
0,0.0012367367744445,182747,182747.13~A45.K_19,19,,normal,182747.13~A45.K_19L.png,182747.13~A45.K_19R.png,train,/data5/chensx/MyProject/UAE/data/arrangement_merged/chr_19/182747.13~A45.K_19L.png,/data5/chensx/MyProject/UAE/data/arrangement_merged/chr_19/182747.13~A45.K_19R.png,0,-0.0954995412921152,,0.0012367367744445,0.6576493527185018,chromosome
0,0.0013028383255004,182747,182747.13~A5.K_19,19,,normal,182747.13~A5.K_19L.png,182747.13~A5.K_19R.png,train,/data5/chensx/MyProject/UAE/data/arrangement_merged/chr_19/182747.13~A5.K_19L.png,/data5/chensx/MyProject/UAE/data/arrangement_merged/chr_19/182747.13~A5.K_19R.png,0,-0.0072801142427925,,0.0013028383255004,0.980252886674759,chromosome
0,0.0012123584747314,182747,182747.1~A15.K_19,19,,normal,182747.1~A15.K_19L.png,182747.1~A15.K_19R.png,train,/data5/chensx/MyProject/UAE/data/arrangement_merged/chr_19/182747.1~A15.K_19L.png,/data5/chensx/MyProject/UAE/data/arrangement_merged/chr_19/182747.1~A15.K_19R.png,0,-0.1280349296268069,,0.0012123584747314,0.5386729366788824,chromosome
0,0.0010966062545776,182747,182747.1~A42.K_19,19,,normal,182747.1~A42.K_19L.png,182747.1~A42.K_19R.png,train,/data5/chensx/MyProject/UAE/data/arrangement_merged/chr_19/182747.1~A42.K_19L.png,/data5/chensx/MyProject/UAE/data/arrangement_merged/chr_19/182747.1~A42.K_19R.png,0,-0.2825183627465407,,0.0010966062545776,-0.026246867598018128,chromosome
0,0.0010435581207275,182747,182747.2~A13.K_19,19,,normal,182747.2~A13.K_19L.png,182747.2~A13.K_19R.png,train,/data5/chensx/MyProject/UAE/data/arrangement_merged/chr_19/182747.2~A13.K_19L.png,/data5/chensx/MyProject/UAE/data/arrangement_merged/chr_19/182747.2~A13.K_19R.png,0,-0.3533166405408574,,0.0010435581207275,-0.2851442032347338,chromosome
0,0.0010970830917358,182747,182747.3~A20.K_19,19,,normal,182747.3~A20.K_19L.png,182747.3~A20.K_19R.png,train,/data5/chensx/MyProject/UAE/data/arrangement_merged/chr_19/182747.3~A20.K_19L.png,/data5/chensx/MyProject/UAE/data/arrangement_merged/chr_19/182747.3~A20.K_19R.png,0,-0.2818819737326591,,0.0010970830917358,-0.023919700536131044,chromosome
0,0.0010334849357604,182747,182747.3~A24.K_19,19,,normal,182747.3~A24.K_19L.png,182747.3~A24.K_19R.png,train,/data5/chensx/MyProject/UAE/data/arrangement_merged/chr_19/182747.3~A24.K_19L.png,/data5/chensx/MyProject/UAE/data/arrangement_merged/chr_19/182747.3~A24.K_19R.png,0,-0.366760358459104,,0.0010334849357604,-0.3343056074177216,chromosome
0,0.0010843276977539,182747,182747.3~A35.K_19,19,,normal,182747.3~A35.K_19L.png,182747.3~A35.K_19R.png,train,/data5/chensx/MyProject/UAE/data/arrangement_merged/chr_19/182747.3~A35.K_19L.png,/data5/chensx/MyProject/UAE/data/arrangement_merged/chr_19/182747.3~A35.K_19R.png,0,-0.2989053798539892,,0.0010843276977539,-0.08617141944187112,chromosome
0,0.0009716749191284,182747,182747.4~A1.K_19,19,,normal,182747.4~A1.K_19L.png,182747.4~A1.K_19R.png,train,/data5/chensx/MyProject/UAE/data/arrangement_merged/chr_19/182747.4~A1.K_19L.png,/data5/chensx/MyProject/UAE/data/arrangement_merged/chr_19/182747.4~A1.K_19R.png,0,-0.4492522843834933,,0.0009716749191284,-0.6359646378165019,chromosome
0,0.0011428594589233,182747,182747.4~A32.K_19,19,,normal,182747.4~A32.K_19L.png,182747.4~A32.K_19R.png,train,/data5/chensx/MyProject/UAE/data/arrangement_merged/chr_19/182747.4~A32.K_19L.png,/data5/chensx/MyProject/UAE/data/arrangement_merged/chr_19/182747.4~A32.K_19R.png,0,-0.2207886284000353,,0.0011428594589233,0.19948833740655283,chromosome
0,0.0013118386268615,182747,182747.4~A33.K_19,19,,normal,182747.4~A33.K_19L.png,182747.4~A33.K_19R.png,train,/data5/chensx/MyProject/UAE/data/arrangement_merged/chr_19/182747.4~A33.K_19L.png,/data5/chensx/MyProject/UAE/data/arrangement_merged/chr_19/182747.4~A33.K_19R.png,0,0.0047317283942207,,0.0013118386268615,1.0241781649682555,chromosome
0,0.0010585188865661,182747,182747.4~A35.K_19,19,,normal,182747.4~A35.K_19L.png,182747.4~A35.K_19R.png,train,/data5/chensx/MyProject/UAE/data/arrangement_merged/chr_19/182747.4~A35.K_19L.png,/data5/chensx/MyProject/UAE/data/arrangement_merged/chr_19/182747.4~A35.K_19R.png,0,-0.3333499352303253,,0.0010585188865661,-0.21212933666764064,chromosome
0,0.0013850927352905,182747,182747.4~A41.K_19,19,,normal,182747.4~A41.K_19L.png,182747.4~A41.K_19R.png,train,/data5/chensx/MyProject/UAE/data/arrangement_merged/chr_19/182747.4~A41.K_19L.png,/data5/chensx/MyProject/UAE/data/arrangement_merged/chr_19/182747.4~A41.K_19R.png,0,0.1024969906517659,,0.0013850927352905,1.3816892048533165,chromosome
0,0.0013273954391479,182747,182747.4~A43.K_19,19,,normal,182747.4~A43.K_19L.png,182747.4~A43.K_19R.png,train,/data5/chensx/MyProject/UAE/data/arrangement_merged/chr_19/182747.4~A43.K_19L.png,/data5/chensx/MyProject/UAE/data/arrangement_merged/chr_19/182747.4~A43.K_19R.png,0,0.0254939199721046,,0.0013273954391479,1.1001019903629519,chromosome
0,0.0009957551956176,182747,182747.4~A9.K_19,19,,normal,182747.4~A9.K_19L.png,182747.4~A9.K_19R.png,train,/data5/chensx/MyProject/UAE/data/arrangement_merged/chr_19/182747.4~A9.K_19L.png,/data5/chensx/MyProject/UAE/data/arrangement_merged/chr_19/182747.4~A9.K_19R.png,0,-0.4171146391824776,,0.0009957551956176,-0.518442701190684,chromosome
0,0.0010223984718322,183038,183038.11~A13.K_19,19,,normal,183038.11~A13.K_19L.png,183038.11~A13.K_19R.png,train,/data5/chensx/MyProject/UAE/data/arrangement_merged/chr_19/183038.11~A13.K_19L.png,/data5/chensx/MyProject/UAE/data/arrangement_merged/chr_19/183038.11~A13.K_19R.png,0,-0.3944429326334461,,0.0010223984718322,-0.3884122416068553,chromosome
0,0.0011603236198425,183038,183038.11~A39.K_19,19,,normal,183038.11~A39.K_19L.png,183038.11~A39.K_19R.png,train,/data5/chensx/MyProject/UAE/data/arrangement_merged/chr_19/183038.11~A39.K_19L.png,/data5/chensx/MyProject/UAE/data/arrangement_merged/chr_19/183038.11~A39.K_19R.png,0,-0.2165292860770294,,0.0011603236198425,0.2847208310488005,chromosome
0,0.0012516379356384,183038,183038.12~A11.K_19,19,,normal,183038.12~A11.K_19L.png,183038.12~A11.K_19R.png,train,/data5/chensx/MyProject/UAE/data/arrangement_merged/chr_19/183038.12~A11.K_19L.png,/data5/chensx/MyProject/UAE/data/arrangement_merged/chr_19/183038.12~A11.K_19R.png,0,-0.0987403031364805,,0.0012516379356384,0.7303733234032243,chromosome
0,0.0016762614250183,183038,183038.12~A45.K_19,19,,normal,183038.12~A45.K_19L.png,183038.12~A45.K_19R.png,train,/data5/chensx/MyProject/UAE/data/arrangement_merged/chr_19/183038.12~A45.K_19L.png,/data5/chensx/MyProject/UAE/data/arrangement_merged/chr_19/183038.12~A45.K_19R.png,0,0.4489938446888919,,0.0016762614250183,2.8027155920278912,chromosome
0,0.0010216832160949,183038,183038.13~A11.K_19,19,,normal,183038.13~A11.K_19L.png,183038.13~A11.K_19R.png,train,/data5/chensx/MyProject/UAE/data/arrangement_merged/chr_19/183038.13~A11.K_19L.png,/data5/chensx/MyProject/UAE/data/arrangement_merged/chr_19/183038.13~A11.K_19R.png,0,-0.395365561742641,,0.0010216832160949,-0.39190299219968644,chromosome
0,0.0010091066360473,183038,183038.13~A29.K_19,19,,normal,183038.13~A29.K_19L.png,183038.13~A29.K_19R.png,train,/data5/chensx/MyProject/UAE/data/arrangement_merged/chr_19/183038.13~A29.K_19L.png,/data5/chensx/MyProject/UAE/data/arrangement_merged/chr_19/183038.13~A29.K_19R.png,0,-0.4115884569126513,,0.0010091066360473,-0.4532820234573409,chromosome
0,0.0017156600952148,183038,183038.13~A39.K_19,19,,normal,183038.13~A39.K_19L.png,183038.13~A39.K_19R.png,train,/data5/chensx/MyProject/UAE/data/arrangement_merged/chr_19/183038.13~A39.K_19L.png,/data5/chensx/MyProject/UAE/data/arrangement_merged/chr_19/183038.13~A39.K_19R.png,0,0.499815331453711,,0.0017156600952148,2.994997770517461,chromosome
0,0.0010576844215393,183038,183038.13~A47.K_19,19,,normal,183038.13~A47.K_19L.png,183038.13~A47.K_19R.png,train,/data5/chensx/MyProject/UAE/data/arrangement_merged/chr_19/183038.13~A47.K_19L.png,/data5/chensx/MyProject/UAE/data/arrangement_merged/chr_19/183038.13~A47.K_19R.png,0,-0.3489265632464977,,0.0010576844215393,-0.21620187902570095,chromosome
0,0.0010605454444885,183038,183038.14~A2.K_19,19,,normal,183038.14~A2.K_19L.png,183038.14~A2.K_19R.png,train,/data5/chensx/MyProject/UAE/data/arrangement_merged/chr_19/183038.14~A2.K_19L.png,/data5/chensx/MyProject/UAE/data/arrangement_merged/chr_19/183038.14~A2.K_19R.png,0,-0.3452360468097181,,0.0010605454444885,-0.20223887665437423,chromosome
0,0.0010153651237487,183038,183038.14~A3.K_19,19,,normal,183038.14~A3.K_19L.png,183038.14~A3.K_19R.png,train,/data5/chensx/MyProject/UAE/data/arrangement_merged/chr_19/183038.14~A3.K_19L.png,/data5/chensx/MyProject/UAE/data/arrangement_merged/chr_19/183038.14~A3.K_19R.png,0,-0.4035154522071959,,0.0010153651237487,-0.42273795576994294,chromosome
0,0.0009368658065795,183038,183038.14~A30.K_19,19,,normal,183038.14~A30.K_19L.png,183038.14~A30.K_19R.png,train,/data5/chensx/MyProject/UAE/data/arrangement_merged/chr_19/183038.14~A30.K_19L.png,/data5/chensx/MyProject/UAE/data/arrangement_merged/chr_19/183038.14~A30.K_19R.png,0,-0.5047739969413363,,0.0009368658065795,-0.8058478333357686,chromosome
0,0.0012605190277099,183038,183038.14~A34.K_19,19,,normal,183038.14~A34.K_19L.png,183038.14~A34.K_19R.png,train,/data5/chensx/MyProject/UAE/data/arrangement_merged/chr_19/183038.14~A34.K_19L.png,/data5/chensx/MyProject/UAE/data/arrangement_merged/chr_19/183038.14~A34.K_19R.png,0,-0.0872843250306438,,0.0012605190277099,0.7737168099310049,chromosome
0,0.0012396574020385,183038,183038.14~A48.K_19,19,,normal,183038.14~A48.K_19L.png,183038.14~A48.K_19R.png,train,/data5/chensx/MyProject/UAE/data/arrangement_merged/chr_19/183038.14~A48.K_19L.png,/data5/chensx/MyProject/UAE/data/arrangement_merged/chr_19/183038.14~A48.K_19R.png,0,-0.1141943407154951,,0.0012396574020385,0.671903250972686,chromosome
0,0.0010367631912231,183038,183038.14~A9.K_19,19,,normal,183038.14~A9.K_19L.png,183038.14~A9.K_19R.png,train,/data5/chensx/MyProject/UAE/data/arrangement_merged/chr_19/183038.14~A9.K_19L.png,/data5/chensx/MyProject/UAE/data/arrangement_merged/chr_19/183038.14~A9.K_19R.png,0,-0.3759134646904485,,0.0010367631912231,-0.31830633386687734,chromosome
0,0.0009945034980773,183038,183038.1~A28.K_19,19,,normal,183038.1~A28.K_19L.png,183038.1~A28.K_19R.png,train,/data5/chensx/MyProject/UAE/data/arrangement_merged/chr_19/183038.1~A28.K_19L.png,/data5/chensx/MyProject/UAE/data/arrangement_merged/chr_19/183038.1~A28.K_19R.png,0,-0.4304254678920471,,0.0009945034980773,-0.5245515147282619,chromosome
0,0.0020500421524047,183038,183038.2~A12.K_19,19,,normal,183038.2~A12.K_19L.png,183038.2~A12.K_19R.png,train,/data5/chensx/MyProject/UAE/data/arrangement_merged/chr_19/183038.2~A12.K_19L.png,/data5/chensx/MyProject/UAE/data/arrangement_merged/chr_19/183038.2~A12.K_19R.png,0,0.9311444400023268,,0.0020500421524047,4.626923672676709,chromosome
0,0.001028299331665,183038,183038.2~A13.K_19,19,,normal,183038.2~A13.K_19L.png,183038.2~A13.K_19R.png,train,/data5/chensx/MyProject/UAE/data/arrangement_merged/chr_19/183038.2~A13.K_19L.png,/data5/chensx/MyProject/UAE/data/arrangement_merged/chr_19/183038.2~A13.K_19R.png,0,-0.3868312424825881,,0.001028299331665,-0.3596135492156284,chromosome
0,0.0015416145324707,183038,183038.2~A15.K_19,19,,normal,183038.2~A15.K_19L.png,183038.2~A15.K_19R.png,train,/data5/chensx/MyProject/UAE/data/arrangement_merged/chr_19/183038.2~A15.K_19L.png,/data5/chensx/MyProject/UAE/data/arrangement_merged/chr_19/183038.2~A15.K_19R.png,0,0.2753089148829519,,0.0015416145324707,2.1455817929230805,chromosome
0,0.0010077953338623,183038,183038.2~A21.K_19,19,,normal,183038.2~A21.K_19L.png,183038.2~A21.K_19R.png,train,/data5/chensx/MyProject/UAE/data/arrangement_merged/chr_19/183038.2~A21.K_19L.png,/data5/chensx/MyProject/UAE/data/arrangement_merged/chr_19/183038.2~A21.K_19R.png,0,-0.413279943612842,,0.0010077953338623,-0.45968173287728836,chromosome
0,0.0013165473937988,183038,183038.2~A43.K_19,19,,normal,183038.2~A43.K_19L.png,183038.2~A43.K_19R.png,train,/data5/chensx/MyProject/UAE/data/arrangement_merged/chr_19/183038.2~A43.K_19L.png,/data5/chensx/MyProject/UAE/data/arrangement_merged/chr_19/183038.2~A43.K_19R.png,0,-0.0150117114770433,,0.0013165473937988,1.047158939704762,chromosome
0,0.0009841918945312,183038,183038.2~A46.K_19,19,,normal,183038.2~A46.K_19L.png,183038.2~A46.K_19R.png,train,/data5/chensx/MyProject/UAE/data/arrangement_merged/chr_19/183038.2~A46.K_19L.png,/data5/chensx/MyProject/UAE/data/arrangement_merged/chr_19/183038.2~A46.K_19R.png,0,-0.4437267042162737,,0.0009841918945312,-0.5748765024417059,chromosome
0,0.0009646415710449,183038,183038.2~A47.K_19,19,,normal,183038.2~A47.K_19L.png,183038.2~A47.K_19R.png,train,/data5/chensx/MyProject/UAE/data/arrangement_merged/chr_19/183038.2~A47.K_19L.png,/data5/chensx/MyProject/UAE/data/arrangement_merged/chr_19/183038.2~A47.K_19R.png,0,-0.4689452332009343,,0.0009646415710449,-0.6702903519795895,chromosome
0,0.0008891820907592,183038,183038.3~A12.K_19,19,,normal,183038.3~A12.K_19L.png,183038.3~A12.K_19R.png,train,/data5/chensx/MyProject/UAE/data/arrangement_merged/chr_19/183038.3~A12.K_19L.png,/data5/chensx/MyProject/UAE/data/arrangement_merged/chr_19/183038.3~A12.K_19R.png,0,-0.5662826042209963,,0.0008891820907592,-1.038564539526003,chromosome
0,0.0010862946510314,183038,183038.3~A19.K_19,19,,normal,183038.3~A19.K_19L.png,183038.3~A19.K_19R.png,train,/data5/chensx/MyProject/UAE/data/arrangement_merged/chr_19/183038.3~A19.K_19L.png,/data5/chensx/MyProject/UAE/data/arrangement_merged/chr_19/183038.3~A19.K_19R.png,0,-0.3120213988787017,,0.0010862946510314,-0.07657185531195002,chromosome
0,0.0012485980987548,183038,183038.3~A30.K_19,19,,normal,183038.3~A30.K_19L.png,183038.3~A30.K_19R.png,train,/data5/chensx/MyProject/UAE/data/arrangement_merged/chr_19/183038.3~A30.K_19L.png,/data5/chensx/MyProject/UAE/data/arrangement_merged/chr_19/183038.3~A30.K_19R.png,0,-0.1026614768505588,,0.0012485980987548,0.7155376333833241,chromosome
0,0.0010141134262084,183038,183038.3~A36.K_19,19,,normal,183038.3~A36.K_19L.png,183038.3~A36.K_19R.png,train,/data5/chensx/MyProject/UAE/data/arrangement_merged/chr_19/183038.3~A36.K_19L.png,/data5/chensx/MyProject/UAE/data/arrangement_merged/chr_19/183038.3~A36.K_19R.png,0,-0.405130053148287,,0.0010141134262084,-0.4288467693075197,chromosome
0,0.0010576248168945,183038,183038.4~A15.K_19,19,,normal,183038.4~A15.K_19L.png,183038.4~A15.K_19R.png,train,/data5/chensx/MyProject/UAE/data/arrangement_merged/chr_19/183038.4~A15.K_19L.png,/data5/chensx/MyProject/UAE/data/arrangement_merged/chr_19/183038.4~A15.K_19R.png,0,-0.3490034490055972,,0.0010576248168945,-0.21649277490855842,chromosome
0,0.0009848475456237,183038,183038.4~A24.K_19,19,,normal,183038.4~A24.K_19L.png,183038.4~A24.K_19R.png,train,/data5/chensx/MyProject/UAE/data/arrangement_merged/chr_19/183038.4~A24.K_19L.png,/data5/chensx/MyProject/UAE/data/arrangement_merged/chr_19/183038.4~A24.K_19R.png,0,-0.4428809608661783,,0.0009848475456237,-0.5716766477317322,chromosome
0,0.0010961294174194,183038,183038.4~A36.K_19,19,,normal,183038.4~A36.K_19L.png,183038.4~A36.K_19R.png,train,/data5/chensx/MyProject/UAE/data/arrangement_merged/chr_19/183038.4~A36.K_19L.png,/data5/chensx/MyProject/UAE/data/arrangement_merged/chr_19/183038.4~A36.K_19R.png,0,-0.2993352486272718,,0.0010961294174194,-0.02857403465990627,chromosome
0,0.0010351538658142,183038,183038.4~A39.K_19,19,,normal,183038.4~A39.K_19L.png,183038.4~A39.K_19R.png,train,/data5/chensx/MyProject/UAE/data/arrangement_merged/chr_19/183038.4~A39.K_19L.png,/data5/chensx/MyProject/UAE/data/arrangement_merged/chr_19/183038.4~A39.K_19R.png,0,-0.377989380186137,,0.0010351538658142,-0.3261605227006263,chromosome
0,0.001125693321228,183079,183079.11~A27.K_19,19,,normal,183079.11~A27.K_19L.png,183079.11~A27.K_19R.png,train,/data5/chensx/MyProject/UAE/data/arrangement_merged/chr_19/183079.11~A27.K_19L.png,/data5/chensx/MyProject/UAE/data/arrangement_merged/chr_19/183079.11~A27.K_19R.png,0,-0.2183584349779449,,0.001125693321228,0.11571032317810777,chromosome
0,0.0010648965835571,183079,183079.12~A27.K_19,19,,normal,183079.12~A27.K_19L.png,183079.12~A27.K_19R.png,train,/data5/chensx/MyProject/UAE/data/arrangement_merged/chr_19/183079.12~A27.K_19L.png,/data5/chensx/MyProject/UAE/data/arrangement_merged/chr_19/183079.12~A27.K_19R.png,0,-0.3005709172065085,,0.0010648965835571,-0.18100347721452667,chromosome
0,0.0010938048362731,183079,183079.12~A37.K_19,19,,normal,183079.12~A37.K_19L.png,183079.12~A37.K_19R.png,train,/data5/chensx/MyProject/UAE/data/arrangement_merged/chr_19/183079.12~A37.K_19L.png,/data5/chensx/MyProject/UAE/data/arrangement_merged/chr_19/183079.12~A37.K_19R.png,0,-0.2614796879115542,,0.0010938048362731,-0.03991897408697527,chromosome
0,0.0009523630142211,183079,183079.12~A44.K_19,19,,normal,183079.12~A44.K_19L.png,183079.12~A44.K_19R.png,train,/data5/chensx/MyProject/UAE/data/arrangement_merged/chr_19/183079.12~A44.K_19L.png,/data5/chensx/MyProject/UAE/data/arrangement_merged/chr_19/183079.12~A44.K_19R.png,0,-0.4527446098021244,,0.0009523630142211,-0.7302149038239298,chromosome
0,0.0010449886322021,183079,183079.13~A12.K_19,19,,normal,183079.13~A12.K_19L.png,183079.13~A12.K_19R.png,train,/data5/chensx/MyProject/UAE/data/arrangement_merged/chr_19/183079.13~A12.K_19L.png,/data5/chensx/MyProject/UAE/data/arrangement_merged/chr_19/183079.13~A12.K_19R.png,0,-0.3274914751127245,,0.0010449886322021,-0.2781627020490704,chromosome
0,0.0009849071502685,183079,183079.13~A19.K_19,19,,normal,183079.13~A19.K_19L.png,183079.13~A19.K_19R.png,train,/data5/chensx/MyProject/UAE/data/arrangement_merged/chr_19/183079.13~A19.K_19L.png,/data5/chensx/MyProject/UAE/data/arrangement_merged/chr_19/183079.13~A19.K_19R.png,0,-0.4087367516680109,,0.0009849071502685,-0.5713857518488736,chromosome
0,0.0010677576065063,183079,183079.13~A27.K_19,19,,normal,183079.13~A27.K_19L.png,183079.13~A27.K_19R.png,train,/data5/chensx/MyProject/UAE/data/arrangement_merged/chr_19/183079.13~A27.K_19L.png,/data5/chensx/MyProject/UAE/data/arrangement_merged/chr_19/183079.13~A27.K_19R.png,0,-0.2967020945133997,,0.0010677576065063,-0.167040474843201,chromosome
0,0.0010023713111877,183079,183079.13~A6.K_19,19,,normal,183079.13~A6.K_19L.png,183079.13~A6.K_19R.png,train,/data5/chensx/MyProject/UAE/data/arrangement_merged/chr_19/183079.13~A6.K_19L.png,/data5/chensx/MyProject/UAE/data/arrangement_merged/chr_19/183079.13~A6.K_19R.png,0,-0.3851208131454921,,0.0010023713111877,-0.4861532582066271,chromosome
0,0.0010112524032592,183079,183079.13~A9.K_19,19,,normal,183079.13~A9.K_19L.png,183079.13~A9.K_19R.png,train,/data5/chensx/MyProject/UAE/data/arrangement_merged/chr_19/183079.13~A9.K_19L.png,/data5/chensx/MyProject/UAE/data/arrangement_merged/chr_19/183079.13~A9.K_19R.png,0,-0.3731113427023,,0.0010112524032592,-0.44280977167884644,chromosome
0,0.0010895133018493,183079,183079.14~A11.K_19,19,,normal,183079.14~A11.K_19L.png,183079.14~A11.K_19R.png,train,/data5/chensx/MyProject/UAE/data/arrangement_merged/chr_19/183079.14~A11.K_19L.png,/data5/chensx/MyProject/UAE/data/arrangement_merged/chr_19/183079.14~A11.K_19R.png,0,-0.2672829219512175,,0.0010895133018493,-0.06086347764396431,chromosome
0,0.001092791557312,183079,183079.14~A13.K_19,19,,normal,183079.14~A13.K_19L.png,183079.14~A13.K_19R.png,train,/data5/chensx/MyProject/UAE/data/arrangement_merged/chr_19/183079.14~A13.K_19L.png,/data5/chensx/MyProject/UAE/data/arrangement_merged/chr_19/183079.14~A13.K_19R.png,0,-0.262849895948697,,0.001092791557312,-0.044864204093120086,chromosome
0,0.0009483098983764,183079,183079.14~A23.K_19,19,,normal,183079.14~A23.K_19L.png,183079.14~A23.K_19R.png,train,/data5/chensx/MyProject/UAE/data/arrangement_merged/chr_19/183079.14~A23.K_19L.png,/data5/chensx/MyProject/UAE/data/arrangement_merged/chr_19/183079.14~A23.K_19R.png,0,-0.4582254419506953,,0.0009483098983764,-0.7499958238499754,chromosome
0,0.0018098950386047,183079,183079.14~A24.K_19,19,,normal,183079.14~A24.K_19L.png,183079.14~A24.K_19R.png,train,/data5/chensx/MyProject/UAE/data/arrangement_merged/chr_19/183079.14~A24.K_19L.png,/data5/chensx/MyProject/UAE/data/arrangement_merged/chr_19/183079.14~A24.K_19R.png,0,0.7068543919844884,,0.0018098950386047,3.454904161126069,chromosome
0,0.0010958313941955,183079,183079.14~A26.K_19,19,,normal,183079.14~A26.K_19L.png,183079.14~A26.K_19R.png,train,/data5/chensx/MyProject/UAE/data/arrangement_merged/chr_19/183079.14~A26.K_19L.png,/data5/chensx/MyProject/UAE/data/arrangement_merged/chr_19/183079.14~A26.K_19R.png,0,-0.2587392718372688,,0.0010958313941955,-0.030028514073707796,chromosome
0,0.0010641813278198,183079,183079.14~A28.K_19,19,,normal,183079.14~A28.K_19L.png,183079.14~A28.K_19R.png,train,/data5/chensx/MyProject/UAE/data/arrangement_merged/chr_19/183079.14~A28.K_19L.png,/data5/chensx/MyProject/UAE/data/arrangement_merged/chr_19/183079.14~A28.K_19R.png,0,-0.3015381228797857,,0.0010641813278198,-0.18449422780735888,chromosome
0,0.0010285973548889,183079,183079.14~A3.K_19,19,,normal,183079.14~A3.K_19L.png,183079.14~A3.K_19R.png,train,/data5/chensx/MyProject/UAE/data/arrangement_merged/chr_19/183079.14~A3.K_19L.png,/data5/chensx/MyProject/UAE/data/arrangement_merged/chr_19/183079.14~A3.K_19R.png,0,-0.3496566051253274,,0.0010285973548889,-0.3581590698018269,chromosome
0,0.0008934736251831,183079,183079.14~A34.K_19,19,,normal,183079.14~A34.K_19L.png,183079.14~A34.K_19R.png,train,/data5/chensx/MyProject/UAE/data/arrangement_merged/chr_19/183079.14~A34.K_19L.png,/data5/chensx/MyProject/UAE/data/arrangement_merged/chr_19/183079.14~A34.K_19R.png,0,-0.5323778769019488,,0.0008934736251831,-1.0176200359685255,chromosome
0,0.00101900100708,183079,183079.14~A38.K_19,19,,normal,183079.14~A38.K_19L.png,183079.14~A38.K_19R.png,train,/data5/chensx/MyProject/UAE/data/arrangement_merged/chr_19/183079.14~A38.K_19L.png,/data5/chensx/MyProject/UAE/data/arrangement_merged/chr_19/183079.14~A38.K_19R.png,0,-0.3626332812417968,,0.00101900100708,-0.40499330692292657,chromosome
0,0.0010277032852172,183079,183079.14~A6.K_19,19,,normal,183079.14~A6.K_19L.png,183079.14~A6.K_19R.png,train,/data5/chensx/MyProject/UAE/data/arrangement_merged/chr_19/183079.14~A6.K_19L.png,/data5/chensx/MyProject/UAE/data/arrangement_merged/chr_19/183079.14~A6.K_19R.png,0,-0.3508656122169239,,0.0010277032852172,-0.3625225080432325,chromosome
0,0.0009276270866394,183079,183079.2~A40.K_19,19,,normal,183079.2~A40.K_19L.png,183079.2~A40.K_19R.png,train,/data5/chensx/MyProject/UAE/data/arrangement_merged/chr_19/183079.2~A40.K_19L.png,/data5/chensx/MyProject/UAE/data/arrangement_merged/chr_19/183079.2~A40.K_19R.png,0,-0.4861938060029615,,0.0009276270866394,-0.8509366951597209,chromosome
0,0.0010586977005004,183079,183079.2~A8.K_19,19,,normal,183079.2~A8.K_19L.png,183079.2~A8.K_19R.png,train,/data5/chensx/MyProject/UAE/data/arrangement_merged/chr_19/183079.2~A8.K_19L.png,/data5/chensx/MyProject/UAE/data/arrangement_merged/chr_19/183079.2~A8.K_19R.png,0,-0.3089533663749111,,0.0010586977005004,-0.2112566490195551,chromosome
0,0.0011199712753295,183079,183079.3~A16.K_19,19,,normal,183079.3~A16.K_19L.png,183079.3~A16.K_19R.png,train,/data5/chensx/MyProject/UAE/data/arrangement_merged/chr_19/183079.3~A16.K_19L.png,/data5/chensx/MyProject/UAE/data/arrangement_merged/chr_19/183079.3~A16.K_19R.png,0,-0.2260960803641626,,0.0011199712753295,0.08778431843496749,chromosome
0,0.0012193322181701,183079,183079.3~A22.K_19,19,,normal,183079.3~A22.K_19L.png,183079.3~A22.K_19R.png,train,/data5/chensx/MyProject/UAE/data/arrangement_merged/chr_19/183079.3~A22.K_19L.png,/data5/chensx/MyProject/UAE/data/arrangement_merged/chr_19/183079.3~A22.K_19R.png,0,-0.0917350922514022,,0.0012193322181701,0.5727077549591126,chromosome
0,0.0012489557266235,183079,183079.3~A5.K_19,19,,normal,183079.3~A5.K_19L.png,183079.3~A5.K_19R.png,train,/data5/chensx/MyProject/UAE/data/arrangement_merged/chr_19/183079.3~A5.K_19L.png,/data5/chensx/MyProject/UAE/data/arrangement_merged/chr_19/183079.3~A5.K_19R.png,0,-0.0516766572831707,,0.0012489557266235,0.7172830086799841,chromosome
0,0.0009739995002746,183079,183079.3~A7.K_19,19,,normal,183079.3~A7.K_19L.png,183079.3~A7.K_19R.png,train,/data5/chensx/MyProject/UAE/data/arrangement_merged/chr_19/183079.3~A7.K_19L.png,/data5/chensx/MyProject/UAE/data/arrangement_merged/chr_19/183079.3~A7.K_19R.png,0,-0.4234866381854885,,0.0009739995002746,-0.6246196983899213,chromosome
0,0.0009682178497314,183079,183079.4~A13.K_19,19,,normal,183079.4~A13.K_19L.png,183079.4~A13.K_19R.png,train,/data5/chensx/MyProject/UAE/data/arrangement_merged/chr_19/183079.4~A13.K_19L.png,/data5/chensx/MyProject/UAE/data/arrangement_merged/chr_19/183079.4~A13.K_19R.png,0,-0.4313048840444793,,0.0009682178497314,-0.6528365990154317,chromosome
0,0.0009997487068176,183079,183079.4~A17.K_19,19,,normal,183079.4~A17.K_19L.png,183079.4~A17.K_19R.png,train,/data5/chensx/MyProject/UAE/data/arrangement_merged/chr_19/183079.4~A17.K_19L.png,/data5/chensx/MyProject/UAE/data/arrangement_merged/chr_19/183079.4~A17.K_19R.png,0,-0.3886672339475086,,0.0009997487068176,-0.4989526770470087,chromosome
0,0.0010467767715454,183079,183079.4~A18.K_19,19,,normal,183079.4~A18.K_19L.png,183079.4~A18.K_19R.png,train,/data5/chensx/MyProject/UAE/data/arrangement_merged/chr_19/183079.4~A18.K_19L.png,/data5/chensx/MyProject/UAE/data/arrangement_merged/chr_19/183079.4~A18.K_19R.png,0,-0.3250734609295314,,0.0010467767715454,-0.26943582556674806,chromosome
0,0.001000702381134,183079,183079.4~A23.K_19,19,,normal,183079.4~A23.K_19L.png,183079.4~A23.K_19R.png,train,/data5/chensx/MyProject/UAE/data/arrangement_merged/chr_19/183079.4~A23.K_19L.png,/data5/chensx/MyProject/UAE/data/arrangement_merged/chr_19/183079.4~A23.K_19R.png,0,-0.387377626383139,,0.001000702381134,-0.49429834292323344,chromosome
0,0.0009768605232238,183079,183079.4~A29.K_19,19,,normal,183079.4~A29.K_19L.png,183079.4~A29.K_19R.png,train,/data5/chensx/MyProject/UAE/data/arrangement_merged/chr_19/183079.4~A29.K_19L.png,/data5/chensx/MyProject/UAE/data/arrangement_merged/chr_19/183079.4~A29.K_19R.png,0,-0.4196178154923796,,0.0009768605232238,-0.6106566960185951,chromosome
0,0.0011503100395202,183079,183079.4~A4.K_19,19,,normal,183079.4~A4.K_19L.png,183079.4~A4.K_19R.png,train,/data5/chensx/MyProject/UAE/data/arrangement_merged/chr_19/183079.4~A4.K_19L.png,/data5/chensx/MyProject/UAE/data/arrangement_merged/chr_19/183079.4~A4.K_19R.png,0,-0.1850704397226539,,0.0011503100395202,0.23585032274867013,chromosome
0,0.0010304450988769,183079,183079.4~A50.K_19,19,,normal,183079.4~A50.K_19L.png,183079.4~A50.K_19R.png,train,/data5/chensx/MyProject/UAE/data/arrangement_merged/chr_19/183079.4~A50.K_19L.png,/data5/chensx/MyProject/UAE/data/arrangement_merged/chr_19/183079.4~A50.K_19R.png,0,-0.3471579904693613,,0.0010304450988769,-0.34914129743713385,chromosome
0,0.0009254813194274,183214,183214.11~A34.K_19,19,,normal,183214.11~A34.K_19L.png,183214.11~A34.K_19R.png,train,/data5/chensx/MyProject/UAE/data/arrangement_merged/chr_19/183214.11~A34.K_19L.png,/data5/chensx/MyProject/UAE/data/arrangement_merged/chr_19/183214.11~A34.K_19R.png,0,-0.5253664135568608,,0.0009254813194274,-0.8614089469387033,chromosome
0,0.0010708570480346,183214,183214.11~A9.K_19,19,,normal,183214.11~A9.K_19L.png,183214.11~A9.K_19R.png,train,/data5/chensx/MyProject/UAE/data/arrangement_merged/chr_19/183214.11~A9.K_19L.png,/data5/chensx/MyProject/UAE/data/arrangement_merged/chr_19/183214.11~A9.K_19R.png,0,-0.3347015709297207,,0.0010708570480346,-0.15191388894093022,chromosome
0,0.0010099411010742,183214,183214.12~A1.K_19,19,,normal,183214.12~A1.K_19L.png,183214.12~A1.K_19R.png,train,/data5/chensx/MyProject/UAE/data/arrangement_merged/chr_19/183214.12~A1.K_19L.png,/data5/chensx/MyProject/UAE/data/arrangement_merged/chr_19/183214.12~A1.K_19R.png,0,-0.4145947522191578,,0.0010099411010742,-0.4492094810987928,chromosome
0,0.0010140538215637,183214,183214.12~A24.K_19,19,,normal,183214.12~A24.K_19L.png,183214.12~A24.K_19R.png,train,/data5/chensx/MyProject/UAE/data/arrangement_merged/chr_19/183214.12~A24.K_19L.png,/data5/chensx/MyProject/UAE/data/arrangement_merged/chr_19/183214.12~A24.K_19R.png,0,-0.4092007898816127,,0.0010140538215637,-0.4291376651898893,chromosome
0,0.0010265111923217,183214,183214.12~A8.K_19,19,,normal,183214.12~A8.K_19L.png,183214.12~A8.K_19R.png,train,/data5/chensx/MyProject/UAE/data/arrangement_merged/chr_19/183214.12~A8.K_19L.png,/data5/chensx/MyProject/UAE/data/arrangement_merged/chr_19/183214.12~A8.K_19R.png,0,-0.3928625561345555,,0.0010265111923217,-0.3683404256979518,chromosome
0,0.0010292530059814,183214,183214.13~A21.K_19,19,,normal,183214.13~A21.K_19L.png,183214.13~A21.K_19R.png,train,/data5/chensx/MyProject/UAE/data/arrangement_merged/chr_19/183214.13~A21.K_19L.png,/data5/chensx/MyProject/UAE/data/arrangement_merged/chr_19/183214.13~A21.K_19R.png,0,-0.3892665812428588,,0.0010292530059814,-0.3549592150918532,chromosome
0,0.001071274280548,183214,183214.13~A34.K_19,19,,normal,183214.13~A34.K_19L.png,183214.13~A34.K_19R.png,train,/data5/chensx/MyProject/UAE/data/arrangement_merged/chr_19/183214.13~A34.K_19L.png,/data5/chensx/MyProject/UAE/data/arrangement_merged/chr_19/183214.13~A34.K_19R.png,0,-0.3341543573592451,,0.001071274280548,-0.1498776177619006,chromosome
0,0.0010401010513305,183214,183214.13~A49.K_19,19,,normal,183214.13~A49.K_19L.png,183214.13~A49.K_19R.png,train,/data5/chensx/MyProject/UAE/data/arrangement_merged/chr_19/183214.13~A49.K_19L.png,/data5/chensx/MyProject/UAE/data/arrangement_merged/chr_19/183214.13~A49.K_19R.png,0,-0.3750390284104933,,0.0010401010513305,-0.3020161644336635,chromosome
0,0.0010303258895874,183214,183214.13~A6.K_19,19,,normal,183214.13~A6.K_19L.png,183214.13~A6.K_19R.png,train,/data5/chensx/MyProject/UAE/data/arrangement_merged/chr_19/183214.13~A6.K_19L.png,/data5/chensx/MyProject/UAE/data/arrangement_merged/chr_19/183214.13~A6.K_19R.png,0,-0.3878594606330644,,0.0010303258895874,-0.34972308920236195,chromosome
0,0.0009211301803588,183214,183214.14~A11.K_19,19,,normal,183214.14~A11.K_19L.png,183214.14~A11.K_19R.png,train,/data5/chensx/MyProject/UAE/data/arrangement_merged/chr_19/183214.14~A11.K_19L.png,/data5/chensx/MyProject/UAE/data/arrangement_merged/chr_19/183214.14~A11.K_19R.png,0,-0.531073069363249,,0.0009211301803588,-0.8826443463785508,chromosome
0,0.0009400844573974,183214,183214.14~A17.K_19,19,,normal,183214.14~A17.K_19L.png,183214.14~A17.K_19R.png,train,/data5/chensx/MyProject/UAE/data/arrangement_merged/chr_19/183214.14~A17.K_19L.png,/data5/chensx/MyProject/UAE/data/arrangement_merged/chr_19/183214.14~A17.K_19R.png,0,-0.5062139385902148,,0.0009400844573974,-0.7901394556677823,chromosome
0,0.0010788440704345,183214,183214.14~A19.K_19,19,,normal,183214.14~A19.K_19L.png,183214.14~A19.K_19R.png,train,/data5/chensx/MyProject/UAE/data/arrangement_merged/chr_19/183214.14~A19.K_19L.png,/data5/chensx/MyProject/UAE/data/arrangement_merged/chr_19/183214.14~A19.K_19R.png,0,-0.3242263397234736,,0.0010788440704345,-0.11293384065406732,chromosome
0,0.0009390115737915,183214,183214.14~A21.K_19,19,,normal,183214.14~A21.K_19L.png,183214.14~A21.K_19R.png,train,/data5/chensx/MyProject/UAE/data/arrangement_merged/chr_19/183214.14~A21.K_19L.png,/data5/chensx/MyProject/UAE/data/arrangement_merged/chr_19/183214.14~A21.K_19R.png,0,-0.5076210592000092,,0.0009390115737915,-0.7953755815567857,chromosome
0,0.001213252544403,183214,183214.14~A6.K_19,19,,normal,183214.14~A6.K_19L.png,183214.14~A6.K_19R.png,train,/data5/chensx/MyProject/UAE/data/arrangement_merged/chr_19/183214.14~A6.K_19L.png,/data5/chensx/MyProject/UAE/data/arrangement_merged/chr_19/183214.14~A6.K_19R.png,0,-0.1479453966631207,,0.001213252544403,0.5430363749198002,chromosome
0,0.0009058117866516,183214,183214.2~A19.K_19,19,,normal,183214.2~A19.K_19L.png,183214.2~A19.K_19R.png,train,/data5/chensx/MyProject/UAE/data/arrangement_merged/chr_19/183214.2~A19.K_19L.png,/data5/chensx/MyProject/UAE/data/arrangement_merged/chr_19/183214.2~A19.K_19R.png,0,-0.5511636247364246,,0.0009058117866516,-0.9574045882418151,chromosome
0,0.0016745328903198,183214,183214.2~A25.K_19,19,,normal,183214.2~A25.K_19L.png,183214.2~A25.K_19R.png,train,/data5/chensx/MyProject/UAE/data/arrangement_merged/chr_19/183214.2~A25.K_19L.png,/data5/chensx/MyProject/UAE/data/arrangement_merged/chr_19/183214.2~A25.K_19R.png,0,0.4570382921812565,,0.0016745328903198,2.7942796114284265,chromosome
0,0.0009766817092895,183214,183214.2~A30.K_19,19,,normal,183214.2~A30.K_19L.png,183214.2~A30.K_19R.png,train,/data5/chensx/MyProject/UAE/data/arrangement_merged/chr_19/183214.2~A30.K_19L.png,/data5/chensx/MyProject/UAE/data/arrangement_merged/chr_19/183214.2~A30.K_19R.png,0,-0.4582154911227839,,0.0009766817092895,-0.6115293836666806,chromosome
0,0.001025915145874,183214,183214.2~A36.K_19,19,,normal,183214.2~A36.K_19L.png,183214.2~A36.K_19R.png,train,/data5/chensx/MyProject/UAE/data/arrangement_merged/chr_19/183214.2~A36.K_19L.png,/data5/chensx/MyProject/UAE/data/arrangement_merged/chr_19/183214.2~A36.K_19R.png,0,-0.3936442898066635,,0.001025915145874,-0.37124938452506695,chromosome
0,0.00093674659729,183214,183214.2~A39.K_19,19,,normal,183214.2~A39.K_19L.png,183214.2~A39.K_19R.png,train,/data5/chensx/MyProject/UAE/data/arrangement_merged/chr_19/183214.2~A39.K_19L.png,/data5/chensx/MyProject/UAE/data/arrangement_merged/chr_19/183214.2~A39.K_19R.png,0,-0.5105916471540196,,0.00093674659729,-0.8064296251009961,chromosome
0,0.0011031031608581,183214,183214.2~A45.K_19,19,,normal,183214.2~A45.K_19L.png,183214.2~A45.K_19R.png,train,/data5/chensx/MyProject/UAE/data/arrangement_merged/chr_19/183214.2~A45.K_19L.png,/data5/chensx/MyProject/UAE/data/arrangement_merged/chr_19/183214.2~A45.K_19R.png,0,-0.2924097792686782,,0.0011031031608581,0.005460783620323943,chromosome
0,0.0012227296829223,183214,183214.2~A6.K_19,19,,normal,183214.2~A6.K_19L.png,183214.2~A6.K_19R.png,train,/data5/chensx/MyProject/UAE/data/arrangement_merged/chr_19/183214.2~A6.K_19L.png,/data5/chensx/MyProject/UAE/data/arrangement_merged/chr_19/183214.2~A6.K_19R.png,0,-0.1355158312766036,,0.0012227296829223,0.5892888202751839,chromosome
0,0.0010775327682495,183214,183214.3~A12.K_19,19,,normal,183214.3~A12.K_19L.png,183214.3~A12.K_19R.png,train,/data5/chensx/MyProject/UAE/data/arrangement_merged/chr_19/183214.3~A12.K_19L.png,/data5/chensx/MyProject/UAE/data/arrangement_merged/chr_19/183214.3~A12.K_19R.png,0,-0.3259461538021111,,0.0010775327682495,-0.11933355007401472,chromosome
0,0.0010228753089904,183214,183214.3~A19.K_19,19,,normal,183214.3~A19.K_19L.png,183214.3~A19.K_19R.png,train,/data5/chensx/MyProject/UAE/data/arrangement_merged/chr_19/183214.3~A19.K_19L.png,/data5/chensx/MyProject/UAE/data/arrangement_merged/chr_19/183214.3~A19.K_19R.png,0,-0.3976311315344143,,0.0010228753089904,-0.38608507454496716,chromosome
0,0.000994324684143,183214,183214.3~A28.K_19,19,,normal,183214.3~A28.K_19L.png,183214.3~A28.K_19R.png,train,/data5/chensx/MyProject/UAE/data/arrangement_merged/chr_19/183214.3~A28.K_19L.png,/data5/chensx/MyProject/UAE/data/arrangement_merged/chr_19/183214.3~A28.K_19R.png,0,-0.4350761744283873,,0.000994324684143,-0.5254242023763475,chromosome
0,0.0009267926216125,183214,183214.3~A4.K_19,19,,normal,183214.3~A4.K_19L.png,183214.3~A4.K_19R.png,train,/data5/chensx/MyProject/UAE/data/arrangement_merged/chr_19/183214.3~A4.K_19L.png,/data5/chensx/MyProject/UAE/data/arrangement_merged/chr_19/183214.3~A4.K_19R.png,0,-0.5236465994782231,,0.0009267926216125,-0.8550092375182681,chromosome
0,0.0011107325553894,183214,183214.3~A42.K_19,19,,normal,183214.3~A42.K_19L.png,183214.3~A42.K_19R.png,train,/data5/chensx/MyProject/UAE/data/arrangement_merged/chr_19/183214.3~A42.K_19L.png,/data5/chensx/MyProject/UAE/data/arrangement_merged/chr_19/183214.3~A42.K_19R.png,0,-0.2824035882656959,,0.0011107325553894,0.04269545661101466,chromosome
0,0.0009706616401672,183214,183214.3~A43.K_19,19,,normal,183214.3~A43.K_19L.png,183214.3~A43.K_19R.png,train,/data5/chensx/MyProject/UAE/data/arrangement_merged/chr_19/183214.3~A43.K_19L.png,/data5/chensx/MyProject/UAE/data/arrangement_merged/chr_19/183214.3~A43.K_19R.png,0,-0.4661110012110747,,0.0009706616401672,-0.6409098678231351,chromosome
0,0.0011683702468872,183214,183214.3~A47.K_19,19,,normal,183214.3~A47.K_19L.png,183214.3~A47.K_19R.png,train,/data5/chensx/MyProject/UAE/data/arrangement_merged/chr_19/183214.3~A47.K_19L.png,/data5/chensx/MyProject/UAE/data/arrangement_merged/chr_19/183214.3~A47.K_19R.png,0,-0.2068099421728527,,0.0011683702468872,0.3239917752185219,chromosome
0,0.000999093055725,183214,183214.4~A22.K_19,19,,normal,183214.4~A22.K_19L.png,183214.4~A22.K_19R.png,train,/data5/chensx/MyProject/UAE/data/arrangement_merged/chr_19/183214.4~A22.K_19L.png,/data5/chensx/MyProject/UAE/data/arrangement_merged/chr_19/183214.4~A22.K_19R.png,0,-0.4288223050515233,,0.000999093055725,-0.5021525317574702,chromosome
0,0.0009828209877014,183214,183214.4~A24.K_19,19,,normal,183214.4~A24.K_19L.png,183214.4~A24.K_19R.png,train,/data5/chensx/MyProject/UAE/data/arrangement_merged/chr_19/183214.4~A24.K_19L.png,/data5/chensx/MyProject/UAE/data/arrangement_merged/chr_19/183214.4~A24.K_19R.png,0,-0.4501636343000716,,0.0009828209877014,-0.5815671077445107,chromosome
0,0.000898003578186,183214,183214.4~A26.K_19,19,,normal,183214.4~A26.K_19L.png,183214.4~A26.K_19R.png,train,/data5/chensx/MyProject/UAE/data/arrangement_merged/chr_19/183214.4~A26.K_19L.png,/data5/chensx/MyProject/UAE/data/arrangement_merged/chr_19/183214.4~A26.K_19R.png,0,-0.5614043358410393,,0.000898003578186,-0.9955119488805924,chromosome
0,0.0008625984191894,183214,183214.4~A28.K_19,19,,normal,183214.4~A28.K_19L.png,183214.4~A28.K_19R.png,train,/data5/chensx/MyProject/UAE/data/arrangement_merged/chr_19/183214.4~A28.K_19L.png,/data5/chensx/MyProject/UAE/data/arrangement_merged/chr_19/183214.4~A28.K_19R.png,0,-0.6078393159642542,,0.0008625984191894,-1.1683041032269748,chromosome
0,0.0009602904319763,183214,183214.4~A50.K_19,19,,normal,183214.4~A50.K_19L.png,183214.4~A50.K_19R.png,train,/data5/chensx/MyProject/UAE/data/arrangement_merged/chr_19/183214.4~A50.K_19L.png,/data5/chensx/MyProject/UAE/data/arrangement_merged/chr_19/183214.4~A50.K_19R.png,0,-0.4797131671057538,,0.0009602904319763,-0.6915257514194366,chromosome
0,0.0011097192764282,183214,183214.4~A8.K_19,19,,normal,183214.4~A8.K_19L.png,183214.4~A8.K_19R.png,train,/data5/chensx/MyProject/UAE/data/arrangement_merged/chr_19/183214.4~A8.K_19L.png,/data5/chensx/MyProject/UAE/data/arrangement_merged/chr_19/183214.4~A8.K_19R.png,0,-0.2837325355082795,,0.0011097192764282,0.03775022660438198,chromosome
0,0.0010526180267333,183262,183262.11~A16.K_19,19,,normal,183262.11~A16.K_19L.png,183262.11~A16.K_19R.png,train,/data5/chensx/MyProject/UAE/data/arrangement_merged/chr_19/183262.11~A16.K_19L.png,/data5/chensx/MyProject/UAE/data/arrangement_merged/chr_19/183262.11~A16.K_19R.png,0,-0.3586709561527127,,0.0010526180267333,-0.24092802905886754,chromosome
0,0.0010384917259216,183262,183262.12~A5.K_19,19,,normal,183262.12~A5.K_19L.png,183262.12~A5.K_19R.png,train,/data5/chensx/MyProject/UAE/data/arrangement_merged/chr_19/183262.12~A5.K_19L.png,/data5/chensx/MyProject/UAE/data/arrangement_merged/chr_19/183262.12~A5.K_19R.png,0,-0.3765379809791652,,0.0010384917259216,-0.30987035326741247,chromosome
0,0.0010230541229248,183262,183262.14~A1.K_19,19,,normal,183262.14~A1.K_19L.png,183262.14~A1.K_19R.png,train,/data5/chensx/MyProject/UAE/data/arrangement_merged/chr_19/183262.14~A1.K_19L.png,/data5/chensx/MyProject/UAE/data/arrangement_merged/chr_19/183262.14~A1.K_19R.png,0,-0.396063548194571,,0.0010230541229248,-0.3852123868963937,chromosome
0,0.0010745525360107,183262,183262.14~A16.K_19,19,,normal,183262.14~A16.K_19L.png,183262.14~A16.K_19R.png,train,/data5/chensx/MyProject/UAE/data/arrangement_merged/chr_19/183262.14~A16.K_19L.png,/data5/chensx/MyProject/UAE/data/arrangement_merged/chr_19/183262.14~A16.K_19R.png,0,-0.3309280652829468,,0.0010745525360107,-0.1338783442110574,chromosome
0,0.000881016254425,183262,183262.14~A21.K_19,19,,normal,183262.14~A21.K_19L.png,183262.14~A21.K_19R.png,train,/data5/chensx/MyProject/UAE/data/arrangement_merged/chr_19/183262.14~A21.K_19L.png,/data5/chensx/MyProject/UAE/data/arrangement_merged/chr_19/183262.14~A21.K_19R.png,0,-0.5757138442343864,,0.000881016254425,-1.078417275460952,chromosome
0,0.0010080933570861,183262,183262.14~A23.K_19,19,,normal,183262.14~A23.K_19L.png,183262.14~A23.K_19R.png,train,/data5/chensx/MyProject/UAE/data/arrangement_merged/chr_19/183262.14~A23.K_19L.png,/data5/chensx/MyProject/UAE/data/arrangement_merged/chr_19/183262.14~A23.K_19R.png,0,-0.4149860090867211,,0.0010080933570861,-0.4582272534639747,chromosome
0,0.0010590553283691,183262,183262.14~A29.K_19,19,,normal,183262.14~A29.K_19L.png,183262.14~A29.K_19R.png,train,/data5/chensx/MyProject/UAE/data/arrangement_merged/chr_19/183262.14~A29.K_19L.png,/data5/chensx/MyProject/UAE/data/arrangement_merged/chr_19/183262.14~A29.K_19R.png,0,-0.3505290207887597,,0.0010590553283691,-0.20951127372289505,chromosome
0,0.0009663105010986,183262,183262.14~A33.K_19,19,,normal,183262.14~A33.K_19L.png,183262.14~A33.K_19R.png,train,/data5/chensx/MyProject/UAE/data/arrangement_merged/chr_19/183262.14~A33.K_19L.png,/data5/chensx/MyProject/UAE/data/arrangement_merged/chr_19/183262.14~A33.K_19R.png,0,-0.4678332006620088,,0.0009663105010986,-0.6621452672629826,chromosome
0,0.0011488199234008,183262,183262.14~A38.K_19,19,,normal,183262.14~A38.K_19L.png,183262.14~A38.K_19R.png,train,/data5/chensx/MyProject/UAE/data/arrangement_merged/chr_19/183262.14~A38.K_19L.png,/data5/chensx/MyProject/UAE/data/arrangement_merged/chr_19/183262.14~A38.K_19R.png,0,-0.2369942554358591,,0.0011488199234008,0.2285779256801493,chromosome
0,0.001043677330017,183262,183262.14~A45.K_19,19,,normal,183262.14~A45.K_19L.png,183262.14~A45.K_19R.png,train,/data5/chensx/MyProject/UAE/data/arrangement_merged/chr_19/183262.14~A45.K_19L.png,/data5/chensx/MyProject/UAE/data/arrangement_merged/chr_19/183262.14~A45.K_19R.png,0,-0.3699791997137586,,0.001043677330017,-0.28456241146950567,chromosome
0,0.0010883808135986,183262,183262.14~A8.K_19,19,,normal,183262.14~A8.K_19L.png,183262.14~A8.K_19R.png,train,/data5/chensx/MyProject/UAE/data/arrangement_merged/chr_19/183262.14~A8.K_19L.png,/data5/chensx/MyProject/UAE/data/arrangement_merged/chr_19/183262.14~A8.K_19R.png,0,-0.3134379819085292,,0.0010883808135986,-0.06639049941582509,chromosome
0,0.0015850067138671,183262,183262.1~A2.K_19,19,,normal,183262.1~A2.K_19L.png,183262.1~A2.K_19R.png,train,/data5/chensx/MyProject/UAE/data/arrangement_merged/chr_19/183262.1~A2.K_19L.png,/data5/chensx/MyProject/UAE/data/arrangement_merged/chr_19/183262.1~A2.K_19R.png,0,0.3146972537623653,,0.0015850067138671,2.357353995555837,chromosome
0,0.0010799169540405,183262,183262.1~A24.K_19,19,,normal,183262.1~A24.K_19L.png,183262.1~A24.K_19R.png,train,/data5/chensx/MyProject/UAE/data/arrangement_merged/chr_19/183262.1~A24.K_19L.png,/data5/chensx/MyProject/UAE/data/arrangement_merged/chr_19/183262.1~A24.K_19R.png,0,-0.3241431191463193,,0.0010799169540405,-0.10769771476457612,chromosome
0,0.001016616821289,183262,183262.1~A26.K_19,19,,normal,183262.1~A26.K_19L.png,183262.1~A26.K_19R.png,train,/data5/chensx/MyProject/UAE/data/arrangement_merged/chr_19/183262.1~A26.K_19L.png,/data5/chensx/MyProject/UAE/data/arrangement_merged/chr_19/183262.1~A26.K_19R.png,0,-0.404205483558524,,0.001016616821289,-0.41662914223236514,chromosome
0,0.0010350346565246,183262,183262.1~A42.K_19,19,,normal,183262.1~A42.K_19L.png,183262.1~A42.K_19R.png,train,/data5/chensx/MyProject/UAE/data/arrangement_merged/chr_19/183262.1~A42.K_19L.png,/data5/chensx/MyProject/UAE/data/arrangement_merged/chr_19/183262.1~A42.K_19R.png,0,-0.3809105018227696,,0.0010350346565246,-0.3267423144663422,chromosome
0,0.0009414553642272,183262,183262.1~A9.K_19,19,,normal,183262.1~A9.K_19L.png,183262.1~A9.K_19R.png,train,/data5/chensx/MyProject/UAE/data/arrangement_merged/chr_19/183262.1~A9.K_19L.png,/data5/chensx/MyProject/UAE/data/arrangement_merged/chr_19/183262.1~A9.K_19R.png,0,-0.4992701177617163,,0.0009414553642272,-0.783448850364977,chromosome
0,0.0010018348693847,183262,183262.2~A10.K_19,19,,normal,183262.2~A10.K_19L.png,183262.2~A10.K_19R.png,train,/data5/chensx/MyProject/UAE/data/arrangement_merged/chr_19/183262.2~A10.K_19L.png,/data5/chensx/MyProject/UAE/data/arrangement_merged/chr_19/183262.2~A10.K_19R.png,0,-0.4229017795794532,,0.0010018348693847,-0.4887713211513727,chromosome
0,0.0009968280792236,183262,183262.2~A22.K_19,19,,normal,183262.2~A22.K_19L.png,183262.2~A22.K_19R.png,train,/data5/chensx/MyProject/UAE/data/arrangement_merged/chr_19/183262.2~A22.K_19L.png,/data5/chensx/MyProject/UAE/data/arrangement_merged/chr_19/183262.2~A22.K_19R.png,0,-0.4292343959736389,,0.0009968280792236,-0.5132065753011928,chromosome
0,0.0011847019195556,183262,183262.2~A23.K_19,19,,normal,183262.2~A23.K_19L.png,183262.2~A23.K_19R.png,train,/data5/chensx/MyProject/UAE/data/arrangement_merged/chr_19/183262.2~A23.K_19L.png,/data5/chensx/MyProject/UAE/data/arrangement_merged/chr_19/183262.2~A23.K_19R.png,0,-0.1916105046108617,,0.0011847019195556,0.40369724708841986,chromosome
0,0.001442015171051,183262,183262.2~A44.K_19,19,,normal,183262.2~A44.K_19L.png,183262.2~A44.K_19R.png,train,/data5/chensx/MyProject/UAE/data/arrangement_merged/chr_19/183262.2~A44.K_19L.png,/data5/chensx/MyProject/UAE/data/arrangement_merged/chr_19/183262.2~A44.K_19R.png,0,0.1338407450760383,,0.001442015171051,1.6594947728679914,chromosome
0,0.0010134577751159,183262,183262.2~A45.K_19,19,,normal,183262.2~A45.K_19L.png,183262.2~A45.K_19R.png,train,/data5/chensx/MyProject/UAE/data/arrangement_merged/chr_19/183262.2~A45.K_19L.png,/data5/chensx/MyProject/UAE/data/arrangement_merged/chr_19/183262.2~A45.K_19R.png,0,-0.4082010629500936,,0.0010134577751159,-0.4320466240174934,chromosome
0,0.0010944604873657,183262,183262.3~A17.K_19,19,,normal,183262.3~A17.K_19L.png,183262.3~A17.K_19R.png,train,/data5/chensx/MyProject/UAE/data/arrangement_merged/chr_19/183262.3~A17.K_19L.png,/data5/chensx/MyProject/UAE/data/arrangement_merged/chr_19/183262.3~A17.K_19R.png,0,-0.305748376287018,,0.0010944604873657,-0.03671911937651265,chromosome
0,0.0010297894477844,183262,183262.3~A24.K_19,19,,normal,183262.3~A24.K_19L.png,183262.3~A24.K_19R.png,train,/data5/chensx/MyProject/UAE/data/arrangement_merged/chr_19/183262.3~A24.K_19L.png,/data5/chensx/MyProject/UAE/data/arrangement_merged/chr_19/183262.3~A24.K_19R.png,0,-0.3875446713785831,,0.0010297894477844,-0.35234115214710754,chromosome
0,0.0011728405952453,183262,183262.3~A30.K_19,19,,normal,183262.3~A30.K_19L.png,183262.3~A30.K_19R.png,train,/data5/chensx/MyProject/UAE/data/arrangement_merged/chr_19/183262.3~A30.K_19L.png,/data5/chensx/MyProject/UAE/data/arrangement_merged/chr_19/183262.3~A30.K_19R.png,0,-0.2066127744018492,,0.0011728405952453,0.3458089664235965,chromosome
0,0.0010385513305664,183262,183262.3~A41.K_19,19,,normal,183262.3~A41.K_19L.png,183262.3~A41.K_19R.png,train,/data5/chensx/MyProject/UAE/data/arrangement_merged/chr_19/183262.3~A41.K_19L.png,/data5/chensx/MyProject/UAE/data/arrangement_merged/chr_19/183262.3~A41.K_19R.png,0,-0.3764625926887582,,0.0010385513305664,-0.309579457384555,chromosome
0,0.0010459423065185,183262,183262.4~A14.K_19,19,,normal,183262.4~A14.K_19L.png,183262.4~A14.K_19R.png,train,/data5/chensx/MyProject/UAE/data/arrangement_merged/chr_19/183262.4~A14.K_19L.png,/data5/chensx/MyProject/UAE/data/arrangement_merged/chr_19/183262.4~A14.K_19R.png,0,-0.3671144446782936,,0.0010459423065185,-0.27350836792529515,chromosome
0,0.0009636282920837,183262,183262.4~A19.K_19,19,,normal,183262.4~A19.K_19L.png,183262.4~A19.K_19R.png,train,/data5/chensx/MyProject/UAE/data/arrangement_merged/chr_19/183262.4~A19.K_19L.png,/data5/chensx/MyProject/UAE/data/arrangement_merged/chr_19/183262.4~A19.K_19R.png,0,-0.4712256737303226,,0.0009636282920837,-0.6752355819862228,chromosome
0,0.0013062357902526,183262,183262.4~A24.K_19,19,,normal,183262.4~A24.K_19L.png,183262.4~A24.K_19R.png,train,/data5/chensx/MyProject/UAE/data/arrangement_merged/chr_19/183262.4~A24.K_19L.png,/data5/chensx/MyProject/UAE/data/arrangement_merged/chr_19/183262.4~A24.K_19R.png,0,-0.0378937804710448,,0.0013062357902526,0.9968339519908302,chromosome
0,0.0012564063072204,183262,183262.4~A29.K_19,19,,normal,183262.4~A29.K_19L.png,183262.4~A29.K_19R.png,train,/data5/chensx/MyProject/UAE/data/arrangement_merged/chr_19/183262.4~A29.K_19L.png,/data5/chensx/MyProject/UAE/data/arrangement_merged/chr_19/183262.4~A29.K_19R.png,0,-0.1009183912512738,,0.0012564063072204,0.7536449940221014,chromosome
0,0.0011101961135864,183262,183262.4~A31.K_19,19,,normal,183262.4~A31.K_19L.png,183262.4~A31.K_19R.png,train,/data5/chensx/MyProject/UAE/data/arrangement_merged/chr_19/183262.4~A31.K_19L.png,/data5/chensx/MyProject/UAE/data/arrangement_merged/chr_19/183262.4~A31.K_19R.png,0,-0.2858458676195773,,0.0011101961135864,0.040077393666269064,chromosome
0,0.0011368989944458,183262,183262.4~A50.K_19,19,,normal,183262.4~A50.K_19L.png,183262.4~A50.K_19R.png,train,/data5/chensx/MyProject/UAE/data/arrangement_merged/chr_19/183262.4~A50.K_19L.png,/data5/chensx/MyProject/UAE/data/arrangement_merged/chr_19/183262.4~A50.K_19R.png,0,-0.2520719135172536,,0.0011368989944458,0.17039874913295636,chromosome
0,0.0015407800674438,183786,183786.11~A44.K_19,19,,normal,183786.11~A44.K_19L.png,183786.11~A44.K_19R.png,train,/data5/chensx/MyProject/UAE/data/arrangement_merged/chr_19/183786.11~A44.K_19L.png,/data5/chensx/MyProject/UAE/data/arrangement_merged/chr_19/183786.11~A44.K_19R.png,0,0.0645041228147896,,0.0015407800674438,2.1415092505645323,chromosome
0,0.0010581016540527,183786,183786.12~A1.K_19,19,,normal,183786.12~A1.K_19L.png,183786.12~A1.K_19R.png,train,/data5/chensx/MyProject/UAE/data/arrangement_merged/chr_19/183786.12~A1.K_19L.png,/data5/chensx/MyProject/UAE/data/arrangement_merged/chr_19/183786.12~A1.K_19R.png,0,-0.1872137938325604,,0.0010581016540527,-0.21416560784667135,chromosome
0,0.0010846853256225,183786,183786.12~A12.K_19,19,,normal,183786.12~A12.K_19L.png,183786.12~A12.K_19R.png,train,/data5/chensx/MyProject/UAE/data/arrangement_merged/chr_19/183786.12~A12.K_19L.png,/data5/chensx/MyProject/UAE/data/arrangement_merged/chr_19/183786.12~A12.K_19R.png,0,-0.1733503472007108,,0.0010846853256225,-0.08442604414569894,chromosome
0,0.0011330842971801,183786,183786.12~A15.K_19,19,,normal,183786.12~A15.K_19L.png,183786.12~A15.K_19R.png,train,/data5/chensx/MyProject/UAE/data/arrangement_merged/chr_19/183786.12~A15.K_19L.png,/data5/chensx/MyProject/UAE/data/arrangement_merged/chr_19/183786.12~A15.K_19R.png,0,-0.1481101708216483,,0.0011330842971801,0.1517814126373676,chromosome
0,0.0009704828262329,183786,183786.12~A16.K_19,19,,normal,183786.12~A16.K_19L.png,183786.12~A16.K_19R.png,train,/data5/chensx/MyProject/UAE/data/arrangement_merged/chr_19/183786.12~A16.K_19L.png,/data5/chensx/MyProject/UAE/data/arrangement_merged/chr_19/183786.12~A16.K_19R.png,0,-0.2329072165877598,,0.0009704828262329,-0.6417825554712212,chromosome
0,0.0011452436447143,183786,183786.12~A34.K_19,19,,normal,183786.12~A34.K_19L.png,183786.12~A34.K_19R.png,train,/data5/chensx/MyProject/UAE/data/arrangement_merged/chr_19/183786.12~A34.K_19L.png,/data5/chensx/MyProject/UAE/data/arrangement_merged/chr_19/183786.12~A34.K_19R.png,0,-0.1417690427658247,,0.0011452436447143,0.21112417271599143,chromosome
0,0.0012825727462768,183786,183786.12~A41.K_19,19,,normal,183786.12~A41.K_19L.png,183786.12~A41.K_19R.png,train,/data5/chensx/MyProject/UAE/data/arrangement_merged/chr_19/183786.12~A41.K_19L.png,/data5/chensx/MyProject/UAE/data/arrangement_merged/chr_19/183786.12~A41.K_19R.png,0,-0.0701515964882877,,0.0012825727462768,0.8813482865440431,chromosome
0,0.0011526346206665,183786,183786.12~A47.K_19,19,,normal,183786.12~A47.K_19L.png,183786.12~A47.K_19R.png,train,/data5/chensx/MyProject/UAE/data/arrangement_merged/chr_19/183786.12~A47.K_19L.png,/data5/chensx/MyProject/UAE/data/arrangement_merged/chr_19/183786.12~A47.K_19R.png,0,-0.1379146315946378,,0.0011526346206665,0.24719526217573914,chromosome
0,0.0008891820907592,183786,183786.13~A10.K_19,19,,normal,183786.13~A10.K_19L.png,183786.13~A10.K_19R.png,train,/data5/chensx/MyProject/UAE/data/arrangement_merged/chr_19/183786.13~A10.K_19L.png,/data5/chensx/MyProject/UAE/data/arrangement_merged/chr_19/183786.13~A10.K_19R.png,0,-0.2753057394708156,,0.0008891820907592,-1.038564539526003,chromosome
0,0.0009182691574096,183786,183786.13~A12.K_19,19,,normal,183786.13~A12.K_19L.png,183786.13~A12.K_19R.png,train,/data5/chensx/MyProject/UAE/data/arrangement_merged/chr_19/183786.13~A12.K_19L.png,/data5/chensx/MyProject/UAE/data/arrangement_merged/chr_19/183786.13~A12.K_19R.png,0,-0.2601367664745317,,0.0009182691574096,-0.896607348749877,chromosome
0,0.0009257793426513,183786,183786.13~A29.K_19,19,,normal,183786.13~A29.K_19L.png,183786.13~A29.K_19R.png,train,/data5/chensx/MyProject/UAE/data/arrangement_merged/chr_19/183786.13~A29.K_19L.png,/data5/chensx/MyProject/UAE/data/arrangement_merged/chr_19/183786.13~A29.K_19R.png,0,-0.2562201873812289,,0.0009257793426513,-0.8599544675249018,chromosome
0,0.001108169555664,183786,183786.13~A34.K_19,19,,normal,183786.13~A34.K_19L.png,183786.13~A34.K_19R.png,train,/data5/chensx/MyProject/UAE/data/arrangement_merged/chr_19/183786.13~A34.K_19L.png,/data5/chensx/MyProject/UAE/data/arrangement_merged/chr_19/183786.13~A34.K_19R.png,0,-0.1611032665438751,,0.001108169555664,0.030186933653002648,chromosome
0,0.0016681551933288,183786,183786.13~A43.K_19,19,,normal,183786.13~A43.K_19L.png,183786.13~A43.K_19R.png,train,/data5/chensx/MyProject/UAE/data/arrangement_merged/chr_19/183786.13~A43.K_19L.png,/data5/chensx/MyProject/UAE/data/arrangement_merged/chr_19/183786.13~A43.K_19R.png,0,0.1309305475956475,,0.0016681551933288,2.763153751975312,chromosome
0,0.0009844303131103,183786,183786.14~A17.K_19,19,,normal,183786.14~A17.K_19L.png,183786.14~A17.K_19R.png,train,/data5/chensx/MyProject/UAE/data/arrangement_merged/chr_19/183786.14~A17.K_19L.png,/data5/chensx/MyProject/UAE/data/arrangement_merged/chr_19/183786.14~A17.K_19R.png,0,-0.2256335697001975,,0.0009844303131103,-0.5737129189107618,chromosome
0,0.0009875893592834,183786,183786.14~A24.K_19,19,,normal,183786.14~A24.K_19L.png,183786.14~A24.K_19R.png,train,/data5/chensx/MyProject/UAE/data/arrangement_merged/chr_19/183786.14~A24.K_19L.png,/data5/chensx/MyProject/UAE/data/arrangement_merged/chr_19/183786.14~A24.K_19R.png,0,-0.2239861197641257,,0.0009875893592834,-0.5582954371256336,chromosome
0,0.0010193586349487,183786,183786.14~A38.K_19,19,,normal,183786.14~A38.K_19L.png,183786.14~A38.K_19R.png,train,/data5/chensx/MyProject/UAE/data/arrangement_merged/chr_19/183786.14~A38.K_19L.png,/data5/chensx/MyProject/UAE/data/arrangement_merged/chr_19/183786.14~A38.K_19R.png,0,-0.2074183685202336,,0.0010193586349487,-0.40324793162626754,chromosome
0,0.0010817050933837,183786,183786.14~A39.K_19,19,,normal,183786.14~A39.K_19L.png,183786.14~A39.K_19R.png,train,/data5/chensx/MyProject/UAE/data/arrangement_merged/chr_19/183786.14~A39.K_19L.png,/data5/chensx/MyProject/UAE/data/arrangement_merged/chr_19/183786.14~A39.K_19R.png,0,-0.1749045452536088,,0.0010817050933837,-0.09897083828274164,chromosome
0,0.0013692378997802,183786,183786.1~A44.K_19,19,,normal,183786.1~A44.K_19L.png,183786.1~A44.K_19R.png,train,/data5/chensx/MyProject/UAE/data/arrangement_merged/chr_19/183786.1~A44.K_19L.png,/data5/chensx/MyProject/UAE/data/arrangement_merged/chr_19/183786.1~A44.K_19R.png,0,-0.0249555171100156,,0.0013692378997802,1.3043109000448176,chromosome
0,0.0011569261550903,183786,183786.2~A14.K_19,19,,normal,183786.2~A14.K_19L.png,183786.2~A14.K_19R.png,train,/data5/chensx/MyProject/UAE/data/arrangement_merged/chr_19/183786.2~A14.K_19L.png,/data5/chensx/MyProject/UAE/data/arrangement_merged/chr_19/183786.2~A14.K_19R.png,0,-0.1356765863984648,,0.0011569261550903,0.2681397657327282,chromosome
0,0.001205027103424,183786,183786.2~A4.K_19,19,,normal,183786.2~A4.K_19L.png,183786.2~A4.K_19R.png,train,/data5/chensx/MyProject/UAE/data/arrangement_merged/chr_19/183786.2~A4.K_19L.png,/data5/chensx/MyProject/UAE/data/arrangement_merged/chr_19/183786.2~A4.K_19R.png,0,-0.1105918298246921,,0.001205027103424,0.5028927431019932,chromosome
0,0.001089334487915,183786,183786.2~A49.K_19,19,,normal,183786.2~A49.K_19L.png,183786.2~A49.K_19R.png,train,/data5/chensx/MyProject/UAE/data/arrangement_merged/chr_19/183786.2~A49.K_19L.png,/data5/chensx/MyProject/UAE/data/arrangement_merged/chr_19/183786.2~A49.K_19R.png,0,-0.17092579823819,,0.001089334487915,-0.061736165292049866,chromosome
0,0.0010340809822082,183786,183786.3~A1.K_19,19,,normal,183786.3~A1.K_19L.png,183786.3~A1.K_19R.png,train,/data5/chensx/MyProject/UAE/data/arrangement_merged/chr_19/183786.3~A1.K_19L.png,/data5/chensx/MyProject/UAE/data/arrangement_merged/chr_19/183786.3~A1.K_19R.png,0,-0.1997406301389178,,0.0010340809822082,-0.3313966485901185,chromosome
0,0.0014961957931518,183786,183786.3~A25.K_19,19,,normal,183786.3~A25.K_19L.png,183786.3~A25.K_19R.png,train,/data5/chensx/MyProject/UAE/data/arrangement_merged/chr_19/183786.3~A25.K_19L.png,/data5/chensx/MyProject/UAE/data/arrangement_merged/chr_19/183786.3~A25.K_19R.png,0,0.0412533199434364,,0.0014961957931518,1.923919130276568,chromosome
0,0.0009866952896118,183786,183786.3~A36.K_19,19,,normal,183786.3~A36.K_19L.png,183786.3~A36.K_19R.png,train,/data5/chensx/MyProject/UAE/data/arrangement_merged/chr_19/183786.3~A36.K_19L.png,/data5/chensx/MyProject/UAE/data/arrangement_merged/chr_19/183786.3~A36.K_19R.png,0,-0.224452379179995,,0.0009866952896118,-0.5626588753665513,chromosome
0,0.0009312629699707,183786,183786.3~A37.K_19,19,,normal,183786.3~A37.K_19L.png,183786.3~A37.K_19R.png,train,/data5/chensx/MyProject/UAE/data/arrangement_merged/chr_19/183786.3~A37.K_19L.png,/data5/chensx/MyProject/UAE/data/arrangement_merged/chr_19/183786.3~A37.K_19R.png,0,-0.2533604629638967,,0.0009312629699707,-0.833192046312705,chromosome
0,0.0010333061218261,183786,183786.3~A44.K_19,19,,normal,183786.3~A44.K_19L.png,183786.3~A44.K_19R.png,train,/data5/chensx/MyProject/UAE/data/arrangement_merged/chr_19/183786.3~A44.K_19L.png,/data5/chensx/MyProject/UAE/data/arrangement_merged/chr_19/183786.3~A44.K_19R.png,0,-0.2001447216326713,,0.0010333061218261,-0.33517829506580715,chromosome
0,0.0009998083114624,183786,183786.4~A49.K_19,19,,normal,183786.4~A49.K_19L.png,183786.4~A49.K_19R.png,train,/data5/chensx/MyProject/UAE/data/arrangement_merged/chr_19/183786.4~A49.K_19L.png,/data5/chensx/MyProject/UAE/data/arrangement_merged/chr_19/183786.4~A49.K_19R.png,0,-0.2176139077472441,,0.0009998083114624,-0.4986617811641512,chromosome
0,0.0019310712814331,183786,183786.5~A1.K_19,19,,normal,183786.5~A1.K_19L.png,183786.5~A1.K_19R.png,train,/data5/chensx/MyProject/UAE/data/arrangement_merged/chr_19/183786.5~A1.K_19L.png,/data5/chensx/MyProject/UAE/data/arrangement_merged/chr_19/183786.5~A1.K_19R.png,0,0.2680418998223036,,0.0019310712814331,4.04629549073231,chromosome
0,0.0010733008384704,183786,183786.5~A31.K_19,19,,normal,183786.5~A31.K_19L.png,183786.5~A31.K_19R.png,train,/data5/chensx/MyProject/UAE/data/arrangement_merged/chr_19/183786.5~A31.K_19L.png,/data5/chensx/MyProject/UAE/data/arrangement_merged/chr_19/183786.5~A31.K_19R.png,0,-0.179287383762781,,0.0010733008384704,-0.13998715774863416,chromosome
0,0.0009107589721679,183786,183786.5~A33.K_19,19,,normal,183786.5~A33.K_19L.png,183786.5~A33.K_19R.png,train,/data5/chensx/MyProject/UAE/data/arrangement_merged/chr_19/183786.5~A33.K_19L.png,/data5/chensx/MyProject/UAE/data/arrangement_merged/chr_19/183786.5~A33.K_19R.png,0,-0.2640533455678345,,0.0009107589721679,-0.9332602299748524,chromosome
0,0.0008896589279174,183786,183786.5~A42.K_19,19,,normal,183786.5~A42.K_19L.png,183786.5~A42.K_19R.png,train,/data5/chensx/MyProject/UAE/data/arrangement_merged/chr_19/183786.5~A42.K_19L.png,/data5/chensx/MyProject/UAE/data/arrangement_merged/chr_19/183786.5~A42.K_19R.png,0,-0.2750570677823519,,0.0008896589279174,-1.0362373724641154,chromosome
0,0.0010750293731689,183786,183786.5~A44.K_19,19,,normal,183786.5~A44.K_19L.png,183786.5~A44.K_19R.png,train,/data5/chensx/MyProject/UAE/data/arrangement_merged/chr_19/183786.5~A44.K_19L.png,/data5/chensx/MyProject/UAE/data/arrangement_merged/chr_19/183786.5~A44.K_19R.png,0,-0.1783859488921002,,0.0010750293731689,-0.13155117714916928,chromosome
0,0.0010393261909484,183786,183786.5~A6.K_19,19,,normal,183786.5~A6.K_19L.png,183786.5~A6.K_19R.png,train,/data5/chensx/MyProject/UAE/data/arrangement_merged/chr_19/183786.5~A6.K_19L.png,/data5/chensx/MyProject/UAE/data/arrangement_merged/chr_19/183786.5~A6.K_19R.png,0,-0.1970052415658174,,0.0010393261909484,-0.3057978109093532,chromosome
0,0.0011846423149108,183786,183786.5~A8.K_19,19,,normal,183786.5~A8.K_19L.png,183786.5~A8.K_19R.png,train,/data5/chensx/MyProject/UAE/data/arrangement_merged/chr_19/183786.5~A8.K_19L.png,/data5/chensx/MyProject/UAE/data/arrangement_merged/chr_19/183786.5~A8.K_19R.png,0,-0.121222544506514,,0.0011846423149108,0.40340635120556134,chromosome
0,0.0014656782150268,184752,184752.11~A43.K_19,19,,normal,184752.11~A43.K_19L.png,184752.11~A43.K_19R.png,train,/data5/chensx/MyProject/UAE/data/arrangement_merged/chr_19/184752.11~A43.K_19L.png,/data5/chensx/MyProject/UAE/data/arrangement_merged/chr_19/184752.11~A43.K_19R.png,0,0.4561064005775049,,0.0014656782150268,1.7749804383147787,chromosome
0,0.0011299848556518,184752,184752.13~A19.K_19,19,,normal,184752.13~A19.K_19L.png,184752.13~A19.K_19R.png,train,/data5/chensx/MyProject/UAE/data/arrangement_merged/chr_19/184752.13~A19.K_19L.png,/data5/chensx/MyProject/UAE/data/arrangement_merged/chr_19/184752.13~A19.K_19R.png,0,-0.0764093115724859,,0.0011299848556518,0.1366548267350968,chromosome
0,0.0009527802467346,184752,184752.13~A20.K_19,19,,normal,184752.13~A20.K_19L.png,184752.13~A20.K_19R.png,train,/data5/chensx/MyProject/UAE/data/arrangement_merged/chr_19/184752.13~A20.K_19L.png,/data5/chensx/MyProject/UAE/data/arrangement_merged/chr_19/184752.13~A20.K_19R.png,0,-0.3575117995380262,,0.0009527802467346,-0.7281786326444124,chromosome
0,0.0011741518974304,184752,184752.14~A10.K_19,19,,normal,184752.14~A10.K_19L.png,184752.14~A10.K_19R.png,train,/data5/chensx/MyProject/UAE/data/arrangement_merged/chr_19/184752.14~A10.K_19L.png,/data5/chensx/MyProject/UAE/data/arrangement_merged/chr_19/184752.14~A10.K_19R.png,0,-0.0063464311209335,,0.0011741518974304,0.35220867584403176,chromosome
0,0.0012192130088806,184752,184752.14~A14.K_19,19,,normal,184752.14~A14.K_19L.png,184752.14~A14.K_19R.png,train,/data5/chensx/MyProject/UAE/data/arrangement_merged/chr_19/184752.14~A14.K_19L.png,/data5/chensx/MyProject/UAE/data/arrangement_merged/chr_19/184752.14~A14.K_19R.png,0,0.0651347262628365,,0.0012192130088806,0.5721259631938845,chromosome
0,0.0010445117950439,184752,184752.14~A43.K_19,19,,normal,184752.14~A43.K_19L.png,184752.14~A43.K_19R.png,train,/data5/chensx/MyProject/UAE/data/arrangement_merged/chr_19/184752.14~A43.K_19L.png,/data5/chensx/MyProject/UAE/data/arrangement_merged/chr_19/184752.14~A43.K_19R.png,0,-0.2119965862924943,,0.0010445117950439,-0.2804898691109585,chromosome
0,0.001141607761383,184752,184752.2~A30.K_19,19,,normal,184752.2~A30.K_19L.png,184752.2~A30.K_19R.png,train,/data5/chensx/MyProject/UAE/data/arrangement_merged/chr_19/184752.2~A30.K_19L.png,/data5/chensx/MyProject/UAE/data/arrangement_merged/chr_19/184752.2~A30.K_19R.png,0,-0.0579717114536564,,0.001141607761383,0.19337952386897608,chromosome
0,0.0010069608688354,184752,184752.2~A50.K_19,19,,normal,184752.2~A50.K_19L.png,184752.2~A50.K_19R.png,train,/data5/chensx/MyProject/UAE/data/arrangement_merged/chr_19/184752.2~A50.K_19L.png,/data5/chensx/MyProject/UAE/data/arrangement_merged/chr_19/184752.2~A50.K_19R.png,0,-0.2715642174456361,,0.0010069608688354,-0.46375427523583546,chromosome
0,0.0010063648223876,184752,184752.3~A13.K_19,19,,normal,184752.3~A13.K_19L.png,184752.3~A13.K_19R.png,train,/data5/chensx/MyProject/UAE/data/arrangement_merged/chr_19/184752.3~A13.K_19L.png,/data5/chensx/MyProject/UAE/data/arrangement_merged/chr_19/184752.3~A13.K_19R.png,0,-0.2725097354004478,,0.0010063648223876,-0.46666323406343957,chromosome
0,0.0014562606811523,184752,184752.3~A16.K_19,19,,normal,184752.3~A16.K_19L.png,184752.3~A16.K_19R.png,train,/data5/chensx/MyProject/UAE/data/arrangement_merged/chr_19/184752.3~A16.K_19L.png,/data5/chensx/MyProject/UAE/data/arrangement_merged/chr_19/184752.3~A16.K_19R.png,0,0.4411672168914788,,0.0014562606811523,1.7290188888422524,chromosome
0,0.0010786056518554,184752,184752.4~A27.K_19,19,,normal,184752.4~A27.K_19L.png,184752.4~A27.K_19R.png,train,/data5/chensx/MyProject/UAE/data/arrangement_merged/chr_19/184752.4~A27.K_19L.png,/data5/chensx/MyProject/UAE/data/arrangement_merged/chr_19/184752.4~A27.K_19R.png,0,-0.1579129592772608,,0.0010786056518554,-0.11409742418501138,chromosome
0,0.0009350180625915,184793,184793.11~A18.K_19,19,,normal,184793.11~A18.K_19L.png,184793.11~A18.K_19R.png,train,/data5/chensx/MyProject/UAE/data/arrangement_merged/chr_19/184793.11~A18.K_19L.png,/data5/chensx/MyProject/UAE/data/arrangement_merged/chr_19/184793.11~A18.K_19R.png,0,-0.4967148591418186,,0.0009350180625915,-0.8148656057004611,chromosome
0,0.0010997056961059,184793,184793.12~A12.K_19,19,,normal,184793.12~A12.K_19L.png,184793.12~A12.K_19R.png,train,/data5/chensx/MyProject/UAE/data/arrangement_merged/chr_19/184793.12~A12.K_19L.png,/data5/chensx/MyProject/UAE/data/arrangement_merged/chr_19/184793.12~A12.K_19R.png,0,-0.2874924145232519,,0.0010997056961059,-0.011120281695748385,chromosome
0,0.0010614395141601,184793,184793.12~A27.K_19,19,,normal,184793.12~A27.K_19L.png,184793.12~A27.K_19R.png,train,/data5/chensx/MyProject/UAE/data/arrangement_merged/chr_19/184793.12~A27.K_19L.png,/data5/chensx/MyProject/UAE/data/arrangement_merged/chr_19/184793.12~A27.K_19R.png,0,-0.3361065330339721,,0.0010614395141601,-0.19787543841345648,chromosome
0,0.0010185837745666,184793,184793.12~A32.K_19,19,,normal,184793.12~A32.K_19L.png,184793.12~A32.K_19R.png,train,/data5/chensx/MyProject/UAE/data/arrangement_merged/chr_19/184793.12~A32.K_19L.png,/data5/chensx/MyProject/UAE/data/arrangement_merged/chr_19/184793.12~A32.K_19R.png,0,-0.3905513168489375,,0.0010185837745666,-0.40702957810195617,chromosome
0,0.0010563135147094,184793,184793.12~A38.K_19,19,,normal,184793.12~A38.K_19L.png,184793.12~A38.K_19R.png,train,/data5/chensx/MyProject/UAE/data/arrangement_merged/chr_19/184793.12~A38.K_19L.png,/data5/chensx/MyProject/UAE/data/arrangement_merged/chr_19/184793.12~A38.K_19R.png,0,-0.3426187046724798,,0.0010563135147094,-0.2228924843289937,chromosome
0,0.0010555982589721,184793,184793.12~A42.K_19,19,,normal,184793.12~A42.K_19L.png,184793.12~A42.K_19R.png,train,/data5/chensx/MyProject/UAE/data/arrangement_merged/chr_19/184793.12~A42.K_19L.png,/data5/chensx/MyProject/UAE/data/arrangement_merged/chr_19/184793.12~A42.K_19R.png,0,-0.3435273797848297,,0.0010555982589721,-0.22638323492182483,chromosome
0,0.0010927319526672,184793,184793.13~A10.K_19,19,,normal,184793.13~A10.K_19L.png,184793.13~A10.K_19R.png,train,/data5/chensx/MyProject/UAE/data/arrangement_merged/chr_19/184793.13~A10.K_19L.png,/data5/chensx/MyProject/UAE/data/arrangement_merged/chr_19/184793.13~A10.K_19R.png,0,-0.2963519968686636,,0.0010927319526672,-0.0451550999759786,chromosome
0,0.0009218454360961,184793,184793.13~A16.K_19,19,,normal,184793.13~A16.K_19L.png,184793.13~A16.K_19R.png,train,/data5/chensx/MyProject/UAE/data/arrangement_merged/chr_19/184793.13~A16.K_19L.png,/data5/chensx/MyProject/UAE/data/arrangement_merged/chr_19/184793.13~A16.K_19R.png,0,-0.5134496257942628,,0.0009218454360961,-0.8791535957857192,chromosome
0,0.0009356141090393,184793,184793.13~A43.K_19,19,,normal,184793.13~A43.K_19L.png,184793.13~A43.K_19R.png,train,/data5/chensx/MyProject/UAE/data/arrangement_merged/chr_19/184793.13~A43.K_19L.png,/data5/chensx/MyProject/UAE/data/arrangement_merged/chr_19/184793.13~A43.K_19R.png,0,-0.495957629881527,,0.0009356141090393,-0.8119566468728575,chromosome
0,0.0010210275650024,184793,184793.14~A14.K_19,19,,normal,184793.14~A14.K_19L.png,184793.14~A14.K_19R.png,train,/data5/chensx/MyProject/UAE/data/arrangement_merged/chr_19/184793.14~A14.K_19L.png,/data5/chensx/MyProject/UAE/data/arrangement_merged/chr_19/184793.14~A14.K_19R.png,0,-0.387446676881742,,0.0010210275650024,-0.39510284690966013,chromosome
0,0.0010613799095153,184793,184793.14~A26.K_19,19,,normal,184793.14~A26.K_19L.png,184793.14~A26.K_19R.png,train,/data5/chensx/MyProject/UAE/data/arrangement_merged/chr_19/184793.14~A26.K_19L.png,/data5/chensx/MyProject/UAE/data/arrangement_merged/chr_19/184793.14~A26.K_19R.png,0,-0.3361822559600013,,0.0010613799095153,-0.19816633429631497,chromosome
0,0.0010002851486206,184793,184793.14~A27.K_19,19,,normal,184793.14~A27.K_19L.png,184793.14~A27.K_19R.png,train,/data5/chensx/MyProject/UAE/data/arrangement_merged/chr_19/184793.14~A27.K_19L.png,/data5/chensx/MyProject/UAE/data/arrangement_merged/chr_19/184793.14~A27.K_19R.png,0,-0.4137982551398894,,0.0010002851486206,-0.4963346141022631,chromosome
0,0.0010315179824829,184793,184793.14~A3.K_19,19,,normal,184793.14~A3.K_19L.png,184793.14~A3.K_19R.png,train,/data5/chensx/MyProject/UAE/data/arrangement_merged/chr_19/184793.14~A3.K_19L.png,/data5/chensx/MyProject/UAE/data/arrangement_merged/chr_19/184793.14~A3.K_19R.png,0,-0.37411944190061,,0.0010315179824829,-0.34390517154764266,chromosome
0,0.0013008117675781,184793,184793.14~A30.K_19,19,,normal,184793.14~A30.K_19L.png,184793.14~A30.K_19R.png,train,/data5/chensx/MyProject/UAE/data/arrangement_merged/chr_19/184793.14~A30.K_19L.png,/data5/chensx/MyProject/UAE/data/arrangement_merged/chr_19/184793.14~A30.K_19R.png,0,-0.0320032621008691,,0.0013008117675781,0.9703624266619805,chromosome
0,0.0009926557540893,184793,184793.14~A32.K_19,19,,normal,184793.14~A32.K_19L.png,184793.14~A32.K_19R.png,train,/data5/chensx/MyProject/UAE/data/arrangement_merged/chr_19/184793.14~A32.K_19L.png,/data5/chensx/MyProject/UAE/data/arrangement_merged/chr_19/184793.14~A32.K_19R.png,0,-0.4234907896716217,,0.0009926557540893,-0.5335692870929548,chromosome
0,0.0013314485549926,184793,184793.14~A33.K_19,19,,normal,184793.14~A33.K_19L.png,184793.14~A33.K_19R.png,train,/data5/chensx/MyProject/UAE/data/arrangement_merged/chr_19/184793.14~A33.K_19L.png,/data5/chensx/MyProject/UAE/data/arrangement_merged/chr_19/184793.14~A33.K_19R.png,0,0.0069183218781186,,0.0013314485549926,1.1198829103889978,chromosome
0,0.0010520815849304,184793,184793.14~A4.K_19,19,,normal,184793.14~A4.K_19L.png,184793.14~A4.K_19R.png,train,/data5/chensx/MyProject/UAE/data/arrangement_merged/chr_19/184793.14~A4.K_19L.png,/data5/chensx/MyProject/UAE/data/arrangement_merged/chr_19/184793.14~A4.K_19R.png,0,-0.3479950324205501,,0.0010520815849304,-0.24354609200312527,chromosome
0,0.001596987247467,184793,184793.14~A9.K_19,19,,normal,184793.14~A9.K_19L.png,184793.14~A9.K_19R.png,train,/data5/chensx/MyProject/UAE/data/arrangement_merged/chr_19/184793.14~A9.K_19L.png,/data5/chensx/MyProject/UAE/data/arrangement_merged/chr_19/184793.14~A9.K_19R.png,0,0.3442639573380224,,0.001596987247467,2.4158240679863763,chromosome
0,0.0009475946426391,184793,184793.1~A26.K_19,19,,normal,184793.1~A26.K_19L.png,184793.1~A26.K_19R.png,train,/data5/chensx/MyProject/UAE/data/arrangement_merged/chr_19/184793.1~A26.K_19L.png,/data5/chensx/MyProject/UAE/data/arrangement_merged/chr_19/184793.1~A26.K_19R.png,0,-0.480737321749666,,0.0009475946426391,-0.7534865744428071,chromosome
0,0.0010372400283813,184793,184793.2~A4.K_19,19,,normal,184793.2~A4.K_19L.png,184793.2~A4.K_19R.png,train,/data5/chensx/MyProject/UAE/data/arrangement_merged/chr_19/184793.2~A4.K_19L.png,/data5/chensx/MyProject/UAE/data/arrangement_merged/chr_19/184793.2~A4.K_19R.png,0,-0.3668500410018107,,0.0010372400283813,-0.3159791668049903,chromosome
0,0.00105482339859,184793,184793.3~A8.K_19,19,,normal,184793.3~A8.K_19L.png,184793.3~A8.K_19R.png,train,/data5/chensx/MyProject/UAE/data/arrangement_merged/chr_19/184793.3~A8.K_19L.png,/data5/chensx/MyProject/UAE/data/arrangement_merged/chr_19/184793.3~A8.K_19R.png,0,-0.3445117778232088,,0.00105482339859,-0.2301648813975145,chromosome
0,0.0012520551681518,185290,185290.11~A25.K_19,19,,normal,185290.11~A25.K_19L.png,185290.11~A25.K_19R.png,train,/data5/chensx/MyProject/UAE/data/arrangement_merged/chr_19/185290.11~A25.K_19L.png,/data5/chensx/MyProject/UAE/data/arrangement_merged/chr_19/185290.11~A25.K_19R.png,0,-0.0659735630296708,,0.0012520551681518,0.7324095945822539,chromosome
0,0.000912070274353,185290,185290.11~A27.K_19,19,,normal,185290.11~A27.K_19L.png,185290.11~A27.K_19R.png,train,/data5/chensx/MyProject/UAE/data/arrangement_merged/chr_19/185290.11~A27.K_19L.png,/data5/chensx/MyProject/UAE/data/arrangement_merged/chr_19/185290.11~A27.K_19R.png,0,-0.5198923867758638,,0.000912070274353,-0.926860520554417,chromosome
0,0.0011757612228393,185290,185290.11~A38.K_19,19,,normal,185290.11~A38.K_19L.png,185290.11~A38.K_19R.png,train,/data5/chensx/MyProject/UAE/data/arrangement_merged/chr_19/185290.11~A38.K_19L.png,/data5/chensx/MyProject/UAE/data/arrangement_merged/chr_19/185290.11~A38.K_19R.png,0,-0.1678347296487323,,0.0011757612228393,0.3600628646777807,chromosome
0,0.0009585618972778,185290,185290.12~A12.K_19,19,,normal,185290.12~A12.K_19L.png,185290.12~A12.K_19R.png,train,/data5/chensx/MyProject/UAE/data/arrangement_merged/chr_19/185290.12~A12.K_19L.png,/data5/chensx/MyProject/UAE/data/arrangement_merged/chr_19/185290.12~A12.K_19R.png,0,-0.4578207383673731,,0.0009585618972778,-0.6999617320189014,chromosome
0,0.0008964538574218,185290,185290.12~A33.K_19,19,,normal,185290.12~A33.K_19L.png,185290.12~A33.K_19R.png,train,/data5/chensx/MyProject/UAE/data/arrangement_merged/chr_19/185290.12~A33.K_19L.png,/data5/chensx/MyProject/UAE/data/arrangement_merged/chr_19/185290.12~A33.K_19R.png,0,-0.5407420943182029,,0.0008964538574218,-1.0030752418319717,chromosome
0,0.0010091662406921,185290,185290.12~A35.K_19,19,,normal,185290.12~A35.K_19L.png,185290.12~A35.K_19R.png,train,/data5/chensx/MyProject/UAE/data/arrangement_merged/chr_19/185290.12~A35.K_19L.png,/data5/chensx/MyProject/UAE/data/arrangement_merged/chr_19/185290.12~A35.K_19R.png,0,-0.3902581364458237,,0.0010091662406921,-0.45299112757448246,chromosome
0,0.0010409951210021,185290,185290.12~A49.K_19,19,,normal,185290.12~A49.K_19L.png,185290.12~A49.K_19R.png,train,/data5/chensx/MyProject/UAE/data/arrangement_merged/chr_19/185290.12~A49.K_19L.png,/data5/chensx/MyProject/UAE/data/arrangement_merged/chr_19/185290.12~A49.K_19R.png,0,-0.347762930996934,,0.0010409951210021,-0.29765272619274685,chromosome
0,0.0010145306587219,185290,185290.12~A5.K_19,19,,normal,185290.12~A5.K_19L.png,185290.12~A5.K_19R.png,train,/data5/chensx/MyProject/UAE/data/arrangement_merged/chr_19/185290.12~A5.K_19L.png,/data5/chensx/MyProject/UAE/data/arrangement_merged/chr_19/185290.12~A5.K_19R.png,0,-0.3830960231679209,,0.0010145306587219,-0.4268104981280022,chromosome
0,0.0009217262268066,185290,185290.12~A50.K_19,19,,normal,185290.12~A50.K_19L.png,185290.12~A50.K_19R.png,train,/data5/chensx/MyProject/UAE/data/arrangement_merged/chr_19/185290.12~A50.K_19L.png,/data5/chensx/MyProject/UAE/data/arrangement_merged/chr_19/185290.12~A50.K_19R.png,0,-0.5070005828756388,,0.0009217262268066,-0.8797353875509473,chromosome
0,0.0012910366058349,185290,185290.12~A7.K_19,19,,normal,185290.12~A7.K_19L.png,185290.12~A7.K_19R.png,train,/data5/chensx/MyProject/UAE/data/arrangement_merged/chr_19/185290.12~A7.K_19L.png,/data5/chensx/MyProject/UAE/data/arrangement_merged/chr_19/185290.12~A7.K_19R.png,0,-0.0139288732102441,,0.0012910366058349,0.9226555018927941,chromosome
0,0.0011147260665893,185290,185290.12~A8.K_19,19,,normal,185290.12~A8.K_19L.png,185290.12~A8.K_19R.png,train,/data5/chensx/MyProject/UAE/data/arrangement_merged/chr_19/185290.12~A8.K_19L.png,/data5/chensx/MyProject/UAE/data/arrangement_merged/chr_19/185290.12~A8.K_19R.png,0,-0.2493236629439816,,0.0011147260665893,0.062185480754202174,chromosome
0,0.0010111331939697,185290,185290.13~A13.K_19,19,,normal,185290.13~A13.K_19L.png,185290.13~A13.K_19R.png,train,/data5/chensx/MyProject/UAE/data/arrangement_merged/chr_19/185290.13~A13.K_19L.png,/data5/chensx/MyProject/UAE/data/arrangement_merged/chr_19/185290.13~A13.K_19R.png,0,-0.387632028243926,,0.0010111331939697,-0.4433915634440735,chromosome
0,0.0010573267936706,185290,185290.13~A26.K_19,19,,normal,185290.13~A26.K_19L.png,185290.13~A26.K_19R.png,train,/data5/chensx/MyProject/UAE/data/arrangement_merged/chr_19/185290.13~A26.K_19L.png,/data5/chensx/MyProject/UAE/data/arrangement_merged/chr_19/185290.13~A26.K_19R.png,0,-0.3259582750175411,,0.0010573267936706,-0.21794725432235995,chromosome
0,0.0011569857597351,185290,185290.13~A28.K_19,19,,normal,185290.13~A28.K_19L.png,185290.13~A28.K_19R.png,train,/data5/chensx/MyProject/UAE/data/arrangement_merged/chr_19/185290.13~A28.K_19L.png,/data5/chensx/MyProject/UAE/data/arrangement_merged/chr_19/185290.13~A28.K_19R.png,0,-0.192902126121392,,0.0011569857597351,0.2684306616155867,chromosome
0,0.0010184049606323,185290,185290.13~A30.K_19,19,,normal,185290.13~A30.K_19L.png,185290.13~A30.K_19R.png,train,/data5/chensx/MyProject/UAE/data/arrangement_merged/chr_19/185290.13~A30.K_19L.png,/data5/chensx/MyProject/UAE/data/arrangement_merged/chr_19/185290.13~A30.K_19R.png,0,-0.3779233858005467,,0.0010184049606323,-0.4079022657500428,chromosome
0,0.0009331703186035,185290,185290.13~A35.K_19,19,,normal,185290.13~A35.K_19L.png,185290.13~A35.K_19R.png,train,/data5/chensx/MyProject/UAE/data/arrangement_merged/chr_19/185290.13~A35.K_19L.png,/data5/chensx/MyProject/UAE/data/arrangement_merged/chr_19/185290.13~A35.K_19R.png,0,-0.4917214078827795,,0.0009331703186035,-0.8238833780651541,chromosome
0,0.0011400580406188,185290,185290.13~A36.K_19,19,,normal,185290.13~A36.K_19L.png,185290.13~A36.K_19R.png,train,/data5/chensx/MyProject/UAE/data/arrangement_merged/chr_19/185290.13~A36.K_19L.png,/data5/chensx/MyProject/UAE/data/arrangement_merged/chr_19/185290.13~A36.K_19R.png,0,-0.2155025724649963,,0.0011400580406188,0.18581623091759678,chromosome
0,0.0009617805480957,185290,185290.13~A46.K_19,19,,normal,185290.13~A46.K_19L.png,185290.13~A46.K_19R.png,train,/data5/chensx/MyProject/UAE/data/arrangement_merged/chr_19/185290.13~A46.K_19L.png,/data5/chensx/MyProject/UAE/data/arrangement_merged/chr_19/185290.13~A46.K_19R.png,0,-0.4535234704006315,,0.0009617805480957,-0.6842533543509157,chromosome
0,0.0009160041809082,185290,185290.13~A6.K_19,19,,normal,185290.13~A6.K_19L.png,185290.13~A6.K_19R.png,train,/data5/chensx/MyProject/UAE/data/arrangement_merged/chr_19/185290.13~A6.K_19L.png,/data5/chensx/MyProject/UAE/data/arrangement_merged/chr_19/185290.13~A6.K_19R.png,0,-0.5146401703720684,,0.0009160041809082,-0.9076613922935997,chromosome
0,0.0010775327682495,185290,185290.13~A7.K_19,19,,normal,185290.13~A7.K_19L.png,185290.13~A7.K_19R.png,train,/data5/chensx/MyProject/UAE/data/arrangement_merged/chr_19/185290.13~A7.K_19L.png,/data5/chensx/MyProject/UAE/data/arrangement_merged/chr_19/185290.13~A7.K_19R.png,0,-0.2989809816707741,,0.0010775327682495,-0.11933355007401472,chromosome
0,0.0011781454086303,185290,185290.14~A27.K_19,19,,normal,185290.14~A27.K_19L.png,185290.14~A27.K_19R.png,train,/data5/chensx/MyProject/UAE/data/arrangement_merged/chr_19/185290.14~A27.K_19L.png,/data5/chensx/MyProject/UAE/data/arrangement_merged/chr_19/185290.14~A27.K_19R.png,0,-0.1646515681918867,,0.0011781454086303,0.37169869998721927,chromosome
0,0.0010066628456115,185290,185290.14~A31.K_19,19,,normal,185290.14~A31.K_19L.png,185290.14~A31.K_19R.png,train,/data5/chensx/MyProject/UAE/data/arrangement_merged/chr_19/185290.14~A31.K_19L.png,/data5/chensx/MyProject/UAE/data/arrangement_merged/chr_19/185290.14~A31.K_19R.png,0,-0.3936004559755117,,0.0010066628456115,-0.46520875464963696,chromosome
0,0.0009688735008239,185290,185290.14~A44.K_19,19,,normal,185290.14~A44.K_19L.png,185290.14~A44.K_19R.png,train,/data5/chensx/MyProject/UAE/data/arrangement_merged/chr_19/185290.14~A44.K_19L.png,/data5/chensx/MyProject/UAE/data/arrangement_merged/chr_19/185290.14~A44.K_19R.png,0,-0.4440535650665156,,0.0009688735008239,-0.649636744305458,chromosome
0,0.0010623931884765,185290,185290.14~A47.K_19,19,,normal,185290.14~A47.K_19L.png,185290.14~A47.K_19R.png,train,/data5/chensx/MyProject/UAE/data/arrangement_merged/chr_19/185290.14~A47.K_19L.png,/data5/chensx/MyProject/UAE/data/arrangement_merged/chr_19/185290.14~A47.K_19R.png,0,-0.3191940569217441,,0.0010623931884765,-0.19322110428968123,chromosome
0,0.0009170174598693,185290,185290.1~A31.K_19,19,,normal,185290.1~A31.K_19L.png,185290.1~A31.K_19R.png,train,/data5/chensx/MyProject/UAE/data/arrangement_merged/chr_19/185290.1~A31.K_19L.png,/data5/chensx/MyProject/UAE/data/arrangement_merged/chr_19/185290.1~A31.K_19R.png,0,-0.513287326752909,,0.0009170174598693,-0.9027161622874543,chromosome
0,0.0010353922843933,185290,185290.1~A32.K_19,19,,normal,185290.1~A32.K_19L.png,185290.1~A32.K_19R.png,train,/data5/chensx/MyProject/UAE/data/arrangement_merged/chr_19/185290.1~A32.K_19L.png,/data5/chensx/MyProject/UAE/data/arrangement_merged/chr_19/185290.1~A32.K_19R.png,0,-0.3552433604205213,,0.0010353922843933,-0.32499693916968325,chromosome
0,0.0010390877723693,185290,185290.1~A35.K_19,19,,normal,185290.1~A35.K_19L.png,185290.1~A35.K_19R.png,train,/data5/chensx/MyProject/UAE/data/arrangement_merged/chr_19/185290.1~A35.K_19L.png,/data5/chensx/MyProject/UAE/data/arrangement_merged/chr_19/185290.1~A35.K_19R.png,0,-0.3503094601624105,,0.0010390877723693,-0.3069613944402973,chromosome
0,0.0011885166168212,185290,185290.2~A19.K_19,19,,normal,185290.2~A19.K_19L.png,185290.2~A19.K_19R.png,train,/data5/chensx/MyProject/UAE/data/arrangement_merged/chr_19/185290.2~A19.K_19L.png,/data5/chensx/MyProject/UAE/data/arrangement_merged/chr_19/185290.2~A19.K_19R.png,0,-0.150804815854608,,0.0011885166168212,0.42231458358352075,chromosome
0,0.0013655424118041,185290,185290.3~A26.K_19,19,,normal,185290.3~A26.K_19L.png,185290.3~A26.K_19R.png,train,/data5/chensx/MyProject/UAE/data/arrangement_merged/chr_19/185290.3~A26.K_19L.png,/data5/chensx/MyProject/UAE/data/arrangement_merged/chr_19/185290.3~A26.K_19R.png,0,0.0855449223161831,,0.0013655424118041,1.286275355314944,chromosome
0,0.0010021924972534,185290,185290.3~A32.K_19,19,,normal,185290.3~A32.K_19L.png,185290.3~A32.K_19R.png,train,/data5/chensx/MyProject/UAE/data/arrangement_merged/chr_19/185290.3~A32.K_19L.png,/data5/chensx/MyProject/UAE/data/arrangement_merged/chr_19/185290.3~A32.K_19R.png,0,-0.3995688837070973,,0.0010021924972534,-0.48702594585471265,chromosome
0,0.0011464357376098,185290,185290.4~A11.K_19,19,,normal,185290.4~A11.K_19L.png,185290.4~A11.K_19R.png,train,/data5/chensx/MyProject/UAE/data/arrangement_merged/chr_19/185290.4~A11.K_19L.png,/data5/chensx/MyProject/UAE/data/arrangement_merged/chr_19/185290.4~A11.K_19R.png,0,-0.2069876155679341,,0.0011464357376098,0.21694209037071074,chromosome
0,0.0010588765144348,185290,185290.4~A15.K_19,19,,normal,185290.4~A15.K_19L.png,185290.4~A15.K_19R.png,train,/data5/chensx/MyProject/UAE/data/arrangement_merged/chr_19/185290.4~A15.K_19L.png,/data5/chensx/MyProject/UAE/data/arrangement_merged/chr_19/185290.4~A15.K_19R.png,0,-0.3238892200705914,,0.0010588765144348,-0.21038396137098167,chromosome
0,0.001030683517456,185290,185290.4~A18.K_19,19,,normal,185290.4~A18.K_19L.png,185290.4~A18.K_19R.png,train,/data5/chensx/MyProject/UAE/data/arrangement_merged/chr_19/185290.4~A18.K_19L.png,/data5/chensx/MyProject/UAE/data/arrangement_merged/chr_19/185290.4~A18.K_19R.png,0,-0.3615301042977915,,0.001030683517456,-0.3479777139061898,chromosome
0,0.0010483264923095,185290,185290.4~A28.K_19,19,,normal,185290.4~A28.K_19L.png,185290.4~A28.K_19R.png,train,/data5/chensx/MyProject/UAE/data/arrangement_merged/chr_19/185290.4~A28.K_19L.png,/data5/chensx/MyProject/UAE/data/arrangement_merged/chr_19/185290.4~A28.K_19R.png,0,-0.3379747095171336,,0.0010483264923095,-0.2618725326158566,chromosome
0,0.0010713338851928,185290,185290.4~A29.K_19,19,,normal,185290.4~A29.K_19L.png,185290.4~A29.K_19R.png,train,/data5/chensx/MyProject/UAE/data/arrangement_merged/chr_19/185290.4~A29.K_19L.png,/data5/chensx/MyProject/UAE/data/arrangement_merged/chr_19/185290.4~A29.K_19R.png,0,-0.3072572014585728,,0.0010713338851928,-0.14958672187904312,chromosome
0,0.0010765790939331,185290,185290.4~A37.K_19,19,,normal,185290.4~A37.K_19L.png,185290.4~A37.K_19R.png,train,/data5/chensx/MyProject/UAE/data/arrangement_merged/chr_19/185290.4~A37.K_19L.png,/data5/chensx/MyProject/UAE/data/arrangement_merged/chr_19/185290.4~A37.K_19R.png,0,-0.3002542462535123,,0.0010765790939331,-0.12398788419778994,chromosome
0,0.0009183883666992,185290,185290.4~A9.K_19,19,,normal,185290.4~A9.K_19L.png,185290.4~A9.K_19R.png,train,/data5/chensx/MyProject/UAE/data/arrangement_merged/chr_19/185290.4~A9.K_19L.png,/data5/chensx/MyProject/UAE/data/arrangement_merged/chr_19/185290.4~A9.K_19R.png,0,-0.5114570089152227,,0.0009183883666992,-0.8960255569841611,chromosome
0,0.0011651515960693,185824,185824.11~A10.K_19,19,,normal,185824.11~A10.K_19L.png,185824.11~A10.K_19R.png,train,/data5/chensx/MyProject/UAE/data/arrangement_merged/chr_19/185824.11~A10.K_19L.png,/data5/chensx/MyProject/UAE/data/arrangement_merged/chr_19/185824.11~A10.K_19R.png,0,-0.1501249805186627,,0.0011651515960693,0.30828339755053513,chromosome
0,0.0009992718696594,185824,185824.11~A15.K_19,19,,normal,185824.11~A15.K_19L.png,185824.11~A15.K_19R.png,train,/data5/chensx/MyProject/UAE/data/arrangement_merged/chr_19/185824.11~A15.K_19L.png,/data5/chensx/MyProject/UAE/data/arrangement_merged/chr_19/185824.11~A15.K_19R.png,0,-0.366293477804181,,0.0009992718696594,-0.5012798441088968,chromosome
0,0.0011096000671386,185824,185824.11~A31.K_19,19,,normal,185824.11~A31.K_19L.png,185824.11~A31.K_19R.png,train,/data5/chensx/MyProject/UAE/data/arrangement_merged/chr_19/185824.11~A31.K_19L.png,/data5/chensx/MyProject/UAE/data/arrangement_merged/chr_19/185824.11~A31.K_19R.png,0,-0.2225177363469426,,0.0011096000671386,0.03716843483866601,chromosome
0,0.0008749961853027,185824,185824.12~A12.K_19,19,,normal,185824.12~A12.K_19L.png,185824.12~A12.K_19R.png,train,/data5/chensx/MyProject/UAE/data/arrangement_merged/chr_19/185824.12~A12.K_19L.png,/data5/chensx/MyProject/UAE/data/arrangement_merged/chr_19/185824.12~A12.K_19R.png,0,-0.5282450828492065,,0.0008749961853027,-1.1077977596174065,chromosome
0,0.0009669661521911,185824,185824.12~A28.K_19,19,,normal,185824.12~A28.K_19L.png,185824.12~A28.K_19R.png,train,/data5/chensx/MyProject/UAE/data/arrangement_merged/chr_19/185824.12~A28.K_19L.png,/data5/chensx/MyProject/UAE/data/arrangement_merged/chr_19/185824.12~A28.K_19R.png,0,-0.4083931276528159,,0.0009669661521911,-0.658945412553009,chromosome
0,0.0009772777557373,185824,185824.12~A31.K_19,19,,normal,185824.12~A31.K_19L.png,185824.12~A31.K_19R.png,train,/data5/chensx/MyProject/UAE/data/arrangement_merged/chr_19/185824.12~A31.K_19L.png,/data5/chensx/MyProject/UAE/data/arrangement_merged/chr_19/185824.12~A31.K_19R.png,0,-0.3949554165387683,,0.0009772777557373,-0.6086204248390776,chromosome
0,0.0011196732521057,185824,185824.12~A38.K_19,19,,normal,185824.12~A38.K_19L.png,185824.12~A38.K_19R.png,train,/data5/chensx/MyProject/UAE/data/arrangement_merged/chr_19/185824.12~A38.K_19L.png,/data5/chensx/MyProject/UAE/data/arrangement_merged/chr_19/185824.12~A38.K_19R.png,0,-0.2093907237557631,,0.0011196732521057,0.08632983902165384,chromosome
0,0.0012577772140502,185824,185824.12~A48.K_19,19,,normal,185824.12~A48.K_19L.png,185824.12~A48.K_19R.png,train,/data5/chensx/MyProject/UAE/data/arrangement_merged/chr_19/185824.12~A48.K_19L.png,/data5/chensx/MyProject/UAE/data/arrangement_merged/chr_19/185824.12~A48.K_19R.png,0,-0.0294186043843847,,0.0012577772140502,0.7603355993249062,chromosome
0,0.0011512041091918,185824,185824.12~A7.K_19,19,,normal,185824.12~A7.K_19L.png,185824.12~A7.K_19R.png,train,/data5/chensx/MyProject/UAE/data/arrangement_merged/chr_19/185824.12~A7.K_19L.png,/data5/chensx/MyProject/UAE/data/arrangement_merged/chr_19/185824.12~A7.K_19R.png,0,-0.1683008441064497,,0.0011512041091918,0.2402137609895879,chromosome
0,0.0010297894477844,185824,185824.13~A1.K_19,19,,normal,185824.13~A1.K_19L.png,185824.13~A1.K_19R.png,train,/data5/chensx/MyProject/UAE/data/arrangement_merged/chr_19/185824.13~A1.K_19L.png,/data5/chensx/MyProject/UAE/data/arrangement_merged/chr_19/185824.13~A1.K_19R.png,0,-0.3265240668770573,,0.0010297894477844,-0.35234115214710754,chromosome
0,0.0009607076644897,185824,185824.13~A14.K_19,19,,normal,185824.13~A14.K_19L.png,185824.13~A14.K_19R.png,train,/data5/chensx/MyProject/UAE/data/arrangement_merged/chr_19/185824.13~A14.K_19L.png,/data5/chensx/MyProject/UAE/data/arrangement_merged/chr_19/185824.13~A14.K_19R.png,0,-0.416548963878105,,0.0009607076644897,-0.689489480240407,chromosome
0,0.0009300708770751,185824,185824.13~A5.K_19,19,,normal,185824.13~A5.K_19L.png,185824.13~A5.K_19R.png,train,/data5/chensx/MyProject/UAE/data/arrangement_merged/chr_19/185824.13~A5.K_19L.png,/data5/chensx/MyProject/UAE/data/arrangement_merged/chr_19/185824.13~A5.K_19R.png,0,-0.4564737240666628,,0.0009300708770751,-0.8390099639679122,chromosome
0,0.0010262727737426,185824,185824.1~A10.K_19,19,,normal,185824.1~A10.K_19L.png,185824.1~A10.K_19R.png,train,/data5/chensx/MyProject/UAE/data/arrangement_merged/chr_19/185824.1~A10.K_19L.png,/data5/chensx/MyProject/UAE/data/arrangement_merged/chr_19/185824.1~A10.K_19R.png,0,-0.3311068700893625,,0.0010262727737426,-0.3695040092288948,chromosome
0,0.0015250444412231,185824,185824.1~A11.K_19,19,,normal,185824.1~A11.K_19L.png,185824.1~A11.K_19R.png,train,/data5/chensx/MyProject/UAE/data/arrangement_merged/chr_19/185824.1~A11.K_19L.png,/data5/chensx/MyProject/UAE/data/arrangement_merged/chr_19/185824.1~A11.K_19R.png,0,0.3188744397508161,,0.0015250444412231,2.064712737521751,chromosome
0,0.0009680986404418,185824,185824.1~A18.K_19,19,,normal,185824.1~A18.K_19L.png,185824.1~A18.K_19R.png,train,/data5/chensx/MyProject/UAE/data/arrangement_merged/chr_19/185824.1~A18.K_19L.png,/data5/chensx/MyProject/UAE/data/arrangement_merged/chr_19/185824.1~A18.K_19R.png,0,-0.4069173096691922,,0.0009680986404418,-0.6534183907811476,chromosome
0,0.0009848475456237,185824,185824.1~A39.K_19,19,,normal,185824.1~A39.K_19L.png,185824.1~A39.K_19R.png,train,/data5/chensx/MyProject/UAE/data/arrangement_merged/chr_19/185824.1~A39.K_19L.png,/data5/chensx/MyProject/UAE/data/arrangement_merged/chr_19/185824.1~A39.K_19R.png,0,-0.3850907384377043,,0.0009848475456237,-0.5716766477317322,chromosome
0,0.0010809302330017,185824,185824.2~A10.K_19,19,,normal,185824.2~A10.K_19L.png,185824.2~A10.K_19R.png,train,/data5/chensx/MyProject/UAE/data/arrangement_merged/chr_19/185824.2~A10.K_19L.png,/data5/chensx/MyProject/UAE/data/arrangement_merged/chr_19/185824.2~A10.K_19R.png,0,-0.2598792337218382,,0.0010809302330017,-0.10275248475794238,chromosome
0,0.0010731220245361,185824,185824.2~A11.K_19,19,,normal,185824.2~A11.K_19L.png,185824.2~A11.K_19R.png,train,/data5/chensx/MyProject/UAE/data/arrangement_merged/chr_19/185824.2~A11.K_19L.png,/data5/chensx/MyProject/UAE/data/arrangement_merged/chr_19/185824.2~A11.K_19R.png,0,-0.2700546103457703,,0.0010731220245361,-0.14085984539671972,chromosome
0,0.0009851455688476,185824,185824.2~A14.K_19,19,,normal,185824.2~A14.K_19L.png,185824.2~A14.K_19R.png,train,/data5/chensx/MyProject/UAE/data/arrangement_merged/chr_19/185824.2~A14.K_19L.png,/data5/chensx/MyProject/UAE/data/arrangement_merged/chr_19/185824.2~A14.K_19R.png,0,-0.3847023652841192,,0.0009851455688476,-0.5702221683179296,chromosome
0,0.0009522438049316,185824,185824.2~A17.K_19,19,,normal,185824.2~A17.K_19L.png,185824.2~A17.K_19R.png,train,/data5/chensx/MyProject/UAE/data/arrangement_merged/chr_19/185824.2~A17.K_19L.png,/data5/chensx/MyProject/UAE/data/arrangement_merged/chr_19/185824.2~A17.K_19R.png,0,-0.4275787614399244,,0.0009522438049316,-0.7307966955891579,chromosome
0,0.0010620355606079,185824,185824.2~A2.K_19,19,,normal,185824.2~A2.K_19L.png,185824.2~A2.K_19R.png,train,/data5/chensx/MyProject/UAE/data/arrangement_merged/chr_19/185824.2~A2.K_19L.png,/data5/chensx/MyProject/UAE/data/arrangement_merged/chr_19/185824.2~A2.K_19R.png,0,-0.2845020916591394,,0.0010620355606079,-0.19496647958585342,chromosome
0,0.0010298490524291,185824,185824.2~A25.K_19,19,,normal,185824.2~A25.K_19L.png,185824.2~A25.K_19R.png,train,/data5/chensx/MyProject/UAE/data/arrangement_merged/chr_19/185824.2~A25.K_19L.png,/data5/chensx/MyProject/UAE/data/arrangement_merged/chr_19/185824.2~A25.K_19R.png,0,-0.3264463922463402,,0.0010298490524291,-0.35205025626473796,chromosome
0,0.0009048581123352,185824,185824.2~A27.K_19,19,,normal,185824.2~A27.K_19L.png,185824.2~A27.K_19R.png,train,/data5/chensx/MyProject/UAE/data/arrangement_merged/chr_19/185824.2~A27.K_19L.png,/data5/chensx/MyProject/UAE/data/arrangement_merged/chr_19/185824.2~A27.K_19R.png,0,-0.4893300928599701,,0.0009048581123352,-0.9620589223655908,chromosome
0,0.0011666417121887,185824,185824.2~A7.K_19,19,,normal,185824.2~A7.K_19L.png,185824.2~A7.K_19R.png,train,/data5/chensx/MyProject/UAE/data/arrangement_merged/chr_19/185824.2~A7.K_19L.png,/data5/chensx/MyProject/UAE/data/arrangement_merged/chr_19/185824.2~A7.K_19R.png,0,-0.1481831147507367,,0.0011666417121887,0.31555579461905703,chromosome
0,0.0011305809020996,185824,185824.2~A8.K_19,19,,normal,185824.2~A8.K_19L.png,185824.2~A8.K_19R.png,train,/data5/chensx/MyProject/UAE/data/arrangement_merged/chr_19/185824.2~A8.K_19L.png,/data5/chensx/MyProject/UAE/data/arrangement_merged/chr_19/185824.2~A8.K_19R.png,0,-0.1951762663345451,,0.0011305809020996,0.1395637855627009,chromosome
0,0.0009936094284057,185824,185824.2~A9.K_19,19,,normal,185824.2~A9.K_19L.png,185824.2~A9.K_19R.png,train,/data5/chensx/MyProject/UAE/data/arrangement_merged/chr_19/185824.2~A9.K_19L.png,/data5/chensx/MyProject/UAE/data/arrangement_merged/chr_19/185824.2~A9.K_19R.png,0,-0.3736725677222997,,0.0009936094284057,-0.5289149529691797,chromosome
0,0.0010626912117004,185824,185824.3~A18.K_19,19,,normal,185824.3~A18.K_19L.png,185824.3~A18.K_19R.png,train,/data5/chensx/MyProject/UAE/data/arrangement_merged/chr_19/185824.3~A18.K_19L.png,/data5/chensx/MyProject/UAE/data/arrangement_merged/chr_19/185824.3~A18.K_19R.png,0,-0.283647670721252,,0.0010626912117004,-0.19176662487587973,chromosome
0,0.0008936524391174,185824,185824.3~A2.K_19,19,,normal,185824.3~A2.K_19L.png,185824.3~A2.K_19R.png,train,/data5/chensx/MyProject/UAE/data/arrangement_merged/chr_19/185824.3~A2.K_19L.png,/data5/chensx/MyProject/UAE/data/arrangement_merged/chr_19/185824.3~A2.K_19R.png,0,-0.5039329234347734,,0.0008936524391174,-1.01674734832044,chromosome
0,0.0009379386901855,185824,185824.3~A28.K_19,19,,normal,185824.3~A28.K_19L.png,185824.3~A28.K_19R.png,train,/data5/chensx/MyProject/UAE/data/arrangement_merged/chr_19/185824.3~A28.K_19L.png,/data5/chensx/MyProject/UAE/data/arrangement_merged/chr_19/185824.3~A28.K_19R.png,0,-0.4462206728120137,,0.0009379386901855,-0.8006117074462769,chromosome
0,0.0013867616653442,185824,185824.3~A41.K_19,19,,normal,185824.3~A41.K_19L.png,185824.3~A41.K_19R.png,train,/data5/chensx/MyProject/UAE/data/arrangement_merged/chr_19/185824.3~A41.K_19L.png,/data5/chensx/MyProject/UAE/data/arrangement_merged/chr_19/185824.3~A41.K_19R.png,0,0.1386692964872866,,0.0013867616653442,1.389834289569923,chromosome
0,0.0009784698486328,185824,185824.3~A43.K_19,19,,normal,185824.3~A43.K_19L.png,185824.3~A43.K_19R.png,train,/data5/chensx/MyProject/UAE/data/arrangement_merged/chr_19/185824.3~A43.K_19L.png,/data5/chensx/MyProject/UAE/data/arrangement_merged/chr_19/185824.3~A43.K_19R.png,0,-0.3934019239244275,,0.0009784698486328,-0.6028025071843583,chromosome
0,0.0009992122650146,185824,185824.3~A46.K_19,19,,normal,185824.3~A46.K_19L.png,185824.3~A46.K_19R.png,train,/data5/chensx/MyProject/UAE/data/arrangement_merged/chr_19/185824.3~A46.K_19L.png,/data5/chensx/MyProject/UAE/data/arrangement_merged/chr_19/185824.3~A46.K_19R.png,0,-0.3663711524348981,,0.0009992122650146,-0.5015707399917543,chromosome
0,0.0011965036392211,186193,186193.11~A23.K_19,19,,normal,186193.11~A23.K_19L.png,186193.11~A23.K_19R.png,train,/data5/chensx/MyProject/UAE/data/arrangement_merged/chr_19/186193.11~A23.K_19L.png,/data5/chensx/MyProject/UAE/data/arrangement_merged/chr_19/186193.11~A23.K_19R.png,0,-0.1640277420435876,,0.0011965036392211,0.46129463187038366,chromosome
0,0.001184344291687,186193,186193.12~A4.K_19,19,,normal,186193.12~A4.K_19L.png,186193.12~A4.K_19R.png,train,/data5/chensx/MyProject/UAE/data/arrangement_merged/chr_19/186193.12~A4.K_19L.png,/data5/chensx/MyProject/UAE/data/arrangement_merged/chr_19/186193.12~A4.K_19R.png,0,-0.1791486455368869,,0.001184344291687,0.4019518717922477,chromosome
0,0.0009130835533142,186193,186193.13~A11.K_19,19,,normal,186193.13~A11.K_19L.png,186193.13~A11.K_19R.png,train,/data5/chensx/MyProject/UAE/data/arrangement_merged/chr_19/186193.13~A11.K_19L.png,/data5/chensx/MyProject/UAE/data/arrangement_merged/chr_19/186193.13~A11.K_19R.png,0,-0.5164782131741658,,0.0009130835533142,-0.9219152905477839,chromosome
0,0.0011557340621948,186193,186193.13~A22.K_19,19,,normal,186193.13~A22.K_19L.png,186193.13~A22.K_19R.png,train,/data5/chensx/MyProject/UAE/data/arrangement_merged/chr_19/186193.13~A22.K_19L.png,/data5/chensx/MyProject/UAE/data/arrangement_merged/chr_19/186193.13~A22.K_19R.png,0,-0.2147272419917087,,0.0011557340621948,0.2623218480780089,chromosome
0,0.0010812878608703,186193,186193.13~A4.K_19,19,,normal,186193.13~A4.K_19L.png,186193.13~A4.K_19R.png,train,/data5/chensx/MyProject/UAE/data/arrangement_merged/chr_19/186193.13~A4.K_19L.png,/data5/chensx/MyProject/UAE/data/arrangement_merged/chr_19/186193.13~A4.K_19R.png,0,-0.3073057148501928,,0.0010812878608703,-0.10100710946177127,chromosome
0,0.0011109709739685,186193,186193.13~A41.K_19,19,,normal,186193.13~A41.K_19L.png,186193.13~A41.K_19R.png,train,/data5/chensx/MyProject/UAE/data/arrangement_merged/chr_19/186193.13~A41.K_19L.png,/data5/chensx/MyProject/UAE/data/arrangement_merged/chr_19/186193.13~A41.K_19R.png,0,-0.2703929210283152,,0.0011109709739685,0.04385904014195873,chromosome
0,0.0011721849441528,186193,186193.13~A5.K_19,19,,normal,186193.13~A5.K_19L.png,186193.13~A5.K_19R.png,train,/data5/chensx/MyProject/UAE/data/arrangement_merged/chr_19/186193.13~A5.K_19L.png,/data5/chensx/MyProject/UAE/data/arrangement_merged/chr_19/186193.13~A5.K_19R.png,0,-0.1942695490301861,,0.0011721849441528,0.3426091117136228,chromosome
0,0.0011135339736938,186193,186193.1~A34.K_19,19,,normal,186193.1~A34.K_19L.png,186193.1~A34.K_19R.png,train,/data5/chensx/MyProject/UAE/data/arrangement_merged/chr_19/186193.1~A34.K_19L.png,/data5/chensx/MyProject/UAE/data/arrangement_merged/chr_19/186193.1~A34.K_19R.png,0,-0.2672056717625707,,0.0011135339736938,0.05636756309948288,chromosome
0,0.0015013813972473,186193,186193.1~A38.K_19,19,,normal,186193.1~A38.K_19L.png,186193.1~A38.K_19R.png,train,/data5/chensx/MyProject/UAE/data/arrangement_merged/chr_19/186193.1~A38.K_19L.png,/data5/chensx/MyProject/UAE/data/arrangement_merged/chr_19/186193.1~A38.K_19R.png,0,0.2151066764281067,,0.0015013813972473,1.9492270720749627,chromosome
0,0.0011730194091796,186193,186193.1~A44.K_19,19,,normal,186193.1~A44.K_19L.png,186193.1~A44.K_19R.png,train,/data5/chensx/MyProject/UAE/data/arrangement_merged/chr_19/186193.1~A44.K_19L.png,/data5/chensx/MyProject/UAE/data/arrangement_merged/chr_19/186193.1~A44.K_19R.png,0,-0.1932318399669205,,0.0011730194091796,0.34668165407168205,chromosome
0,0.0009433627128601,186193,186193.1~A8.K_19,19,,normal,186193.1~A8.K_19L.png,186193.1~A8.K_19R.png,train,/data5/chensx/MyProject/UAE/data/arrangement_merged/chr_19/186193.1~A8.K_19L.png,/data5/chensx/MyProject/UAE/data/arrangement_merged/chr_19/186193.1~A8.K_19R.png,0,-0.4788241985928127,,0.0009433627128601,-0.7741401821169381,chromosome
0,0.0009841918945312,186193,186193.2~A1.K_19,19,,normal,186193.2~A1.K_19L.png,186193.2~A1.K_19R.png,train,/data5/chensx/MyProject/UAE/data/arrangement_merged/chr_19/186193.2~A1.K_19L.png,/data5/chensx/MyProject/UAE/data/arrangement_merged/chr_19/186193.2~A1.K_19R.png,0,-0.4280505765687442,,0.0009841918945312,-0.5748765024417059,chromosome
0,0.0009944438934326,186193,186193.2~A12.K_19,19,,normal,186193.2~A12.K_19L.png,186193.2~A12.K_19R.png,train,/data5/chensx/MyProject/UAE/data/arrangement_merged/chr_19/186193.2~A12.K_19L.png,/data5/chensx/MyProject/UAE/data/arrangement_merged/chr_19/186193.2~A12.K_19R.png,0,-0.4153015795057663,,0.0009944438934326,-0.5248424106106314,chromosome
0,0.0010006427764892,186193,186193.2~A14.K_19,19,,normal,186193.2~A14.K_19L.png,186193.2~A14.K_19R.png,train,/data5/chensx/MyProject/UAE/data/arrangement_merged/chr_19/186193.2~A14.K_19L.png,/data5/chensx/MyProject/UAE/data/arrangement_merged/chr_19/186193.2~A14.K_19R.png,0,-0.4075928836072216,,0.0010006427764892,-0.49458923880609196,chromosome
0,0.0010058879852294,186193,186193.2~A15.K_19,19,,normal,186193.2~A15.K_19L.png,186193.2~A15.K_19R.png,train,/data5/chensx/MyProject/UAE/data/arrangement_merged/chr_19/186193.2~A15.K_19L.png,/data5/chensx/MyProject/UAE/data/arrangement_merged/chr_19/186193.2~A15.K_19R.png,0,-0.4010701409238376,,0.0010058879852294,-0.46899040112532664,chromosome
0,0.0013008117675781,186193,186193.2~A24.K_19,19,,normal,186193.2~A24.K_19L.png,186193.2~A24.K_19R.png,train,/data5/chensx/MyProject/UAE/data/arrangement_merged/chr_19/186193.2~A24.K_19L.png,/data5/chensx/MyProject/UAE/data/arrangement_merged/chr_19/186193.2~A24.K_19R.png,0,-0.0343141091353833,,0.0013008117675781,0.9703624266619805,chromosome
0,0.0010120272636413,186193,186193.2~A3.K_19,19,,normal,186193.2~A3.K_19L.png,186193.2~A3.K_19R.png,train,/data5/chensx/MyProject/UAE/data/arrangement_merged/chr_19/186193.2~A3.K_19L.png,/data5/chensx/MyProject/UAE/data/arrangement_merged/chr_19/186193.2~A3.K_19R.png,0,-0.3934355671012405,,0.0010120272636413,-0.43902812520315676,chromosome
0,0.0012295246124267,186193,186193.2~A37.K_19,19,,normal,186193.2~A37.K_19L.png,186193.2~A37.K_19R.png,train,/data5/chensx/MyProject/UAE/data/arrangement_merged/chr_19/186193.2~A37.K_19L.png,/data5/chensx/MyProject/UAE/data/arrangement_merged/chr_19/186193.2~A37.K_19R.png,0,-0.1229641119686475,,0.0012295246124267,0.6224509509073275,chromosome
0,0.0010732412338256,186193,186193.2~A4.K_19,19,,normal,186193.2~A4.K_19L.png,186193.2~A4.K_19R.png,train,/data5/chensx/MyProject/UAE/data/arrangement_merged/chr_19/186193.2~A4.K_19L.png,/data5/chensx/MyProject/UAE/data/arrangement_merged/chr_19/186193.2~A4.K_19R.png,0,-0.3173121951031114,,0.0010732412338256,-0.14027805363149268,chromosome
0,0.0013572573661804,186193,186193.2~A42.K_19,19,,normal,186193.2~A42.K_19L.png,186193.2~A42.K_19R.png,train,/data5/chensx/MyProject/UAE/data/arrangement_merged/chr_19/186193.2~A42.K_19L.png,/data5/chensx/MyProject/UAE/data/arrangement_merged/chr_19/186193.2~A42.K_19R.png,0,0.035879496786942,,0.0013572573661804,1.2458408276147674,chromosome
0,0.0009609460830688,186193,186193.2~A44.K_19,19,,normal,186193.2~A44.K_19L.png,186193.2~A44.K_19R.png,train,/data5/chensx/MyProject/UAE/data/arrangement_merged/chr_19/186193.2~A44.K_19L.png,/data5/chensx/MyProject/UAE/data/arrangement_merged/chr_19/186193.2~A44.K_19R.png,0,-0.4569581861882868,,0.0009609460830688,-0.6883258967094634,chromosome
0,0.0008953809738159,186193,186193.2~A46.K_19,19,,normal,186193.2~A46.K_19L.png,186193.2~A46.K_19R.png,train,/data5/chensx/MyProject/UAE/data/arrangement_merged/chr_19/186193.2~A46.K_19L.png,/data5/chensx/MyProject/UAE/data/arrangement_merged/chr_19/186193.2~A46.K_19R.png,0,-0.5384924697305867,,0.0008953809738159,-1.008311367720975,chromosome
0,0.0009739398956298,186193,186193.2~A48.K_19,19,,normal,186193.2~A48.K_19L.png,186193.2~A48.K_19R.png,train,/data5/chensx/MyProject/UAE/data/arrangement_merged/chr_19/186193.2~A48.K_19L.png,/data5/chensx/MyProject/UAE/data/arrangement_merged/chr_19/186193.2~A48.K_19R.png,0,-0.4407995736317219,,0.0009739398956298,-0.6249105942727793,chromosome
0,0.0009898543357849,186193,186193.2~A5.K_19,19,,normal,186193.2~A5.K_19L.png,186193.2~A5.K_19R.png,train,/data5/chensx/MyProject/UAE/data/arrangement_merged/chr_19/186193.2~A5.K_19L.png,/data5/chensx/MyProject/UAE/data/arrangement_merged/chr_19/186193.2~A5.K_19R.png,0,-0.4210089793537273,,0.0009898543357849,-0.5472413935814231,chromosome
0,0.0009897351264953,186193,186193.2~A50.K_19,19,,normal,186193.2~A50.K_19L.png,186193.2~A50.K_19R.png,train,/data5/chensx/MyProject/UAE/data/arrangement_merged/chr_19/186193.2~A50.K_19L.png,/data5/chensx/MyProject/UAE/data/arrangement_merged/chr_19/186193.2~A50.K_19R.png,0,-0.4211572235056224,,0.0009897351264953,-0.547823185347139,chromosome
0,0.001108169555664,186193,186193.2~A7.K_19,19,,normal,186193.2~A7.K_19L.png,186193.2~A7.K_19R.png,train,/data5/chensx/MyProject/UAE/data/arrangement_merged/chr_19/186193.2~A7.K_19L.png,/data5/chensx/MyProject/UAE/data/arrangement_merged/chr_19/186193.2~A7.K_19R.png,0,-0.2738766585978499,,0.001108169555664,0.030186933653002648,chromosome
0,0.0011345148086547,186193,186193.3~A15.K_19,19,,normal,186193.3~A15.K_19L.png,186193.3~A15.K_19R.png,train,/data5/chensx/MyProject/UAE/data/arrangement_merged/chr_19/186193.3~A15.K_19L.png,/data5/chensx/MyProject/UAE/data/arrangement_merged/chr_19/186193.3~A15.K_19R.png,0,-0.2411147010290348,,0.0011345148086547,0.15876291382302993,chromosome
0,0.0019400119781494,186193,186193.3~A6.K_19,19,,normal,186193.3~A6.K_19L.png,186193.3~A6.K_19R.png,train,/data5/chensx/MyProject/UAE/data/arrangement_merged/chr_19/186193.3~A6.K_19L.png,/data5/chensx/MyProject/UAE/data/arrangement_merged/chr_19/186193.3~A6.K_19R.png,0,0.7605710333260929,,0.0019400119781494,4.089929873142948,chromosome
0,0.0013415217399597,Q242362,Q242362.11~A39.K_19,19,,normal,Q242362.11~A39.K_19L.png,Q242362.11~A39.K_19R.png,train,/data5/chensx/MyProject/UAE/data/arrangement_merged/chr_19/Q242362.11~A39.K_19L.png,/data5/chensx/MyProject/UAE/data/arrangement_merged/chr_19/Q242362.11~A39.K_19R.png,0,0.030700743598206,,0.0013415217399597,1.1690443145719855,chromosome
0,0.0011042356491088,Q242362,Q242362.12~A25.K_19,19,,normal,Q242362.12~A25.K_19L.png,Q242362.12~A25.K_19R.png,train,/data5/chensx/MyProject/UAE/data/arrangement_merged/chr_19/Q242362.12~A25.K_19L.png,/data5/chensx/MyProject/UAE/data/arrangement_merged/chr_19/Q242362.12~A25.K_19R.png,0,-0.2809374084565092,,0.0011042356491088,0.010987805392184725,chromosome
0,0.0010859966278076,Q242362,Q242362.12~A30.K_19,19,,normal,Q242362.12~A30.K_19L.png,Q242362.12~A30.K_19R.png,train,/data5/chensx/MyProject/UAE/data/arrangement_merged/chr_19/Q242362.12~A30.K_19L.png,/data5/chensx/MyProject/UAE/data/arrangement_merged/chr_19/Q242362.12~A30.K_19R.png,0,-0.3048915090665928,,0.0010859966278076,-0.07802633472526369,chromosome
0,0.0012626647949218,Q242362,Q242362.12~A6.K_19,19,,normal,Q242362.12~A6.K_19L.png,Q242362.12~A6.K_19R.png,train,/data5/chensx/MyProject/UAE/data/arrangement_merged/chr_19/Q242362.12~A6.K_19L.png,/data5/chensx/MyProject/UAE/data/arrangement_merged/chr_19/Q242362.12~A6.K_19R.png,0,-0.0728655149218613,,0.0012626647949218,0.7841890617094994,chromosome
0,0.0010523200035095,Q242362,Q242362.13~A12.K_19,19,,normal,Q242362.13~A12.K_19L.png,Q242362.13~A12.K_19R.png,train,/data5/chensx/MyProject/UAE/data/arrangement_merged/chr_19/Q242362.13~A12.K_19L.png,/data5/chensx/MyProject/UAE/data/arrangement_merged/chr_19/Q242362.13~A12.K_19R.png,0,-0.3491204856832504,,0.0010523200035095,-0.2423825084721812,chromosome
0,0.0010423064231872,Q242362,Q242362.13~A3.K_19,19,,normal,Q242362.13~A3.K_19L.png,Q242362.13~A3.K_19R.png,train,/data5/chensx/MyProject/UAE/data/arrangement_merged/chr_19/Q242362.13~A3.K_19L.png,/data5/chensx/MyProject/UAE/data/arrangement_merged/chr_19/Q242362.13~A3.K_19R.png,0,-0.3622717566064336,,0.0010423064231872,-0.2912530167723116,chromosome
0,0.001281201839447,Q242362,Q242362.13~A33.K_19,19,,normal,Q242362.13~A33.K_19L.png,Q242362.13~A33.K_19R.png,train,/data5/chensx/MyProject/UAE/data/arrangement_merged/chr_19/Q242362.13~A33.K_19L.png,/data5/chensx/MyProject/UAE/data/arrangement_merged/chr_19/Q242362.13~A33.K_19R.png,0,-0.0485200074390639,,0.001281201839447,0.8746576812412382,chromosome
0,0.001055359840393,Q242362,Q242362.13~A6.K_19,19,,normal,Q242362.13~A6.K_19L.png,Q242362.13~A6.K_19R.png,train,/data5/chensx/MyProject/UAE/data/arrangement_merged/chr_19/Q242362.13~A6.K_19L.png,/data5/chensx/MyProject/UAE/data/arrangement_merged/chr_19/Q242362.13~A6.K_19R.png,0,-0.3451281355815698,,0.001055359840393,-0.22754681845276892,chromosome
0,0.000998318195343,Q242362,Q242362.14~A13.K_19,19,,normal,Q242362.14~A13.K_19L.png,Q242362.14~A13.K_19R.png,train,/data5/chensx/MyProject/UAE/data/arrangement_merged/chr_19/Q242362.14~A13.K_19L.png,/data5/chensx/MyProject/UAE/data/arrangement_merged/chr_19/Q242362.14~A13.K_19R.png,0,-0.4200434110189882,,0.000998318195343,-0.5059341782326721,chromosome
0,0.0011359453201293,Q242362,Q242362.14~A25.K_19,19,,normal,Q242362.14~A25.K_19L.png,Q242362.14~A25.K_19R.png,train,/data5/chensx/MyProject/UAE/data/arrangement_merged/chr_19/Q242362.14~A25.K_19L.png,/data5/chensx/MyProject/UAE/data/arrangement_merged/chr_19/Q242362.14~A25.K_19R.png,0,-0.2392917171997625,,0.0011359453201293,0.16574441500869327,chromosome
0,0.0010972619056701,Q242362,Q242362.14~A29.K_19,19,,normal,Q242362.14~A29.K_19L.png,Q242362.14~A29.K_19R.png,train,/data5/chensx/MyProject/UAE/data/arrangement_merged/chr_19/Q242362.14~A29.K_19L.png,/data5/chensx/MyProject/UAE/data/arrangement_merged/chr_19/Q242362.14~A29.K_19R.png,0,-0.2900963292780117,,0.0010972619056701,-0.02304701288804443,chromosome
0,0.0010539889335632,Q242362,Q242362.14~A36.K_19,19,,normal,Q242362.14~A36.K_19L.png,Q242362.14~A36.K_19R.png,train,/data5/chensx/MyProject/UAE/data/arrangement_merged/chr_19/Q242362.14~A36.K_19L.png,/data5/chensx/MyProject/UAE/data/arrangement_merged/chr_19/Q242362.14~A36.K_19R.png,0,-0.3469286071960533,,0.0010539889335632,-0.23423742375557483,chromosome
0,0.0011220574378967,Q242362,Q242362.14~A48.K_19,19,,normal,Q242362.14~A48.K_19L.png,Q242362.14~A48.K_19R.png,train,/data5/chensx/MyProject/UAE/data/arrangement_merged/chr_19/Q242362.14~A48.K_19L.png,/data5/chensx/MyProject/UAE/data/arrangement_merged/chr_19/Q242362.14~A48.K_19R.png,0,-0.2575312774682249,,0.0011220574378967,0.09796567433109137,chromosome
0,0.0008655786514282,Q242362,Q242362.1~A28.K_19,19,,normal,Q242362.1~A28.K_19L.png,Q242362.1~A28.K_19R.png,train,/data5/chensx/MyProject/UAE/data/arrangement_merged/chr_19/Q242362.1~A28.K_19L.png,/data5/chensx/MyProject/UAE/data/arrangement_merged/chr_19/Q242362.1~A28.K_19R.png,0,-0.5943760321257079,,0.0008655786514282,-1.1537593090899327,chromosome
0,0.0010513067245483,Q242362,Q242362.1~A32.K_19,19,,normal,Q242362.1~A32.K_19L.png,Q242362.1~A32.K_19R.png,train,/data5/chensx/MyProject/UAE/data/arrangement_merged/chr_19/Q242362.1~A32.K_19L.png,/data5/chensx/MyProject/UAE/data/arrangement_merged/chr_19/Q242362.1~A32.K_19R.png,0,-0.3504512690504773,,0.0010513067245483,-0.24732773847881492,chromosome
0,0.0012403130531311,Q242362,Q242362.1~A4.K_19,19,,normal,Q242362.1~A4.K_19L.png,Q242362.1~A4.K_19R.png,train,/data5/chensx/MyProject/UAE/data/arrangement_merged/chr_19/Q242362.1~A4.K_19L.png,/data5/chensx/MyProject/UAE/data/arrangement_merged/chr_19/Q242362.1~A4.K_19R.png,0,-0.1022210303753951,,0.0012403130531311,0.6751031056831475,chromosome
0,0.0011097788810729,Q242362,Q242362.1~A9.K_19,19,,normal,Q242362.1~A9.K_19L.png,Q242362.1~A9.K_19R.png,train,/data5/chensx/MyProject/UAE/data/arrangement_merged/chr_19/Q242362.1~A9.K_19L.png,/data5/chensx/MyProject/UAE/data/arrangement_merged/chr_19/Q242362.1~A9.K_19R.png,0,-0.2736572406240328,,0.0011097788810729,0.03804112248675157,chromosome
0,0.0010514259338378,Q242362,Q242362.2~A14.K_19,19,,normal,Q242362.2~A14.K_19L.png,Q242362.2~A14.K_19R.png,train,/data5/chensx/MyProject/UAE/data/arrangement_merged/chr_19/Q242362.2~A14.K_19L.png,/data5/chensx/MyProject/UAE/data/arrangement_merged/chr_19/Q242362.2~A14.K_19R.png,0,-0.3502947063013918,,0.0010514259338378,-0.24674594671358682,chromosome
0,0.0010579824447631,Q242362,Q242362.2~A2.K_19,19,,normal,Q242362.2~A2.K_19L.png,Q242362.2~A2.K_19R.png,train,/data5/chensx/MyProject/UAE/data/arrangement_merged/chr_19/Q242362.2~A2.K_19L.png,/data5/chensx/MyProject/UAE/data/arrangement_merged/chr_19/Q242362.2~A2.K_19R.png,0,-0.3416837551016886,,0.0010579824447631,-0.2147473996123873,chromosome
0,0.0008966922760009,Q242362,Q242362.2~A7.K_19,19,,normal,Q242362.2~A7.K_19L.png,Q242362.2~A7.K_19R.png,train,/data5/chensx/MyProject/UAE/data/arrangement_merged/chr_19/Q242362.2~A7.K_19L.png,/data5/chensx/MyProject/UAE/data/arrangement_merged/chr_19/Q242362.2~A7.K_19R.png,0,-0.5535131546143888,,0.0008966922760009,-1.0019116583010277,chromosome
0,0.0011399984359741,Q242362,Q242362.2~A9.K_19,19,,normal,Q242362.2~A9.K_19L.png,Q242362.2~A9.K_19R.png,train,/data5/chensx/MyProject/UAE/data/arrangement_merged/chr_19/Q242362.2~A9.K_19L.png,/data5/chensx/MyProject/UAE/data/arrangement_merged/chr_19/Q242362.2~A9.K_19R.png,0,-0.233968583730855,,0.0011399984359741,0.18552533503522717,chromosome
0,0.0012811422348022,Q242362,Q242362.3~A15.K_19,19,,normal,Q242362.3~A15.K_19L.png,Q242362.3~A15.K_19R.png,train,/data5/chensx/MyProject/UAE/data/arrangement_merged/chr_19/Q242362.3~A15.K_19L.png,/data5/chensx/MyProject/UAE/data/arrangement_merged/chr_19/Q242362.3~A15.K_19R.png,0,-0.0485982888136067,,0.0012811422348022,0.8743667853583798,chromosome
0,0.0009779930114746,Q242362,Q242362.4~A30.K_19,19,,normal,Q242362.4~A30.K_19L.png,Q242362.4~A30.K_19R.png,train,/data5/chensx/MyProject/UAE/data/arrangement_merged/chr_19/Q242362.4~A30.K_19L.png,/data5/chensx/MyProject/UAE/data/arrangement_merged/chr_19/Q242362.4~A30.K_19R.png,0,-0.4467373597380683,,0.0009779930114746,-0.6051296742462454,chromosome
0,0.0008586049079895,Q242362,Q242362.4~A42.K_19,19,,normal,Q242362.4~A42.K_19L.png,Q242362.4~A42.K_19R.png,train,/data5/chensx/MyProject/UAE/data/arrangement_merged/chr_19/Q242362.4~A42.K_19L.png,/data5/chensx/MyProject/UAE/data/arrangement_merged/chr_19/Q242362.4~A42.K_19R.png,0,-0.6035349529472104,,0.0008586049079895,-1.1877941273701622,chromosome
0,0.001017153263092,Q242664,Q242664.11~A21.K_19,19,,normal,Q242664.11~A21.K_19L.png,Q242664.11~A21.K_19R.png,train,/data5/chensx/MyProject/UAE/data/arrangement_merged/chr_19/Q242664.11~A21.K_19L.png,/data5/chensx/MyProject/UAE/data/arrangement_merged/chr_19/Q242664.11~A21.K_19R.png,0,-0.3394189767377831,,0.001017153263092,-0.41401107928761954,chromosome
0,0.000910460948944,Q242664,Q242664.12~A1.K_19,19,,normal,Q242664.12~A1.K_19L.png,Q242664.12~A1.K_19R.png,train,/data5/chensx/MyProject/UAE/data/arrangement_merged/chr_19/Q242664.12~A1.K_19L.png,/data5/chensx/MyProject/UAE/data/arrangement_merged/chr_19/Q242664.12~A1.K_19R.png,0,-0.4838294790081678,,0.000910460948944,-0.9347147093886544,chromosome
0,0.0013136267662048,Q242664,Q242664.12~A16.K_19,19,,normal,Q242664.12~A16.K_19L.png,Q242664.12~A16.K_19R.png,train,/data5/chensx/MyProject/UAE/data/arrangement_merged/chr_19/Q242664.12~A16.K_19L.png,/data5/chensx/MyProject/UAE/data/arrangement_merged/chr_19/Q242664.12~A16.K_19R.png,0,0.0618647318057329,,0.0013136267662048,1.032905041450578,chromosome
0,0.0010467767715454,Q242664,Q242664.12~A19.K_19,19,,normal,Q242664.12~A19.K_19L.png,Q242664.12~A19.K_19R.png,train,/data5/chensx/MyProject/UAE/data/arrangement_merged/chr_19/Q242664.12~A19.K_19L.png,/data5/chensx/MyProject/UAE/data/arrangement_merged/chr_19/Q242664.12~A19.K_19R.png,0,-0.2993228763867321,,0.0010467767715454,-0.26943582556674806,chromosome
0,0.002398133277893,Q242664,Q242664.12~A22.K_19,19,,normal,Q242664.12~A22.K_19L.png,Q242664.12~A22.K_19R.png,train,/data5/chensx/MyProject/UAE/data/arrangement_merged/chr_19/Q242664.12~A22.K_19L.png,/data5/chensx/MyProject/UAE/data/arrangement_merged/chr_19/Q242664.12~A22.K_19R.png,0,1.529769250693806,,0.002398133277893,6.325755627865958,chromosome
0,0.0010038614273071,Q242664,Q242664.12~A24.K_19,19,,normal,Q242664.12~A24.K_19L.png,Q242664.12~A24.K_19R.png,train,/data5/chensx/MyProject/UAE/data/arrangement_merged/chr_19/Q242664.12~A24.K_19L.png,/data5/chensx/MyProject/UAE/data/arrangement_merged/chr_19/Q242664.12~A24.K_19R.png,0,-0.3574097823278925,,0.0010038614273071,-0.4788808611381052,chromosome
0,0.001074731349945,Q242664,Q242664.12~A29.K_19,19,,normal,Q242664.12~A29.K_19L.png,Q242664.12~A29.K_19R.png,train,/data5/chensx/MyProject/UAE/data/arrangement_merged/chr_19/Q242664.12~A29.K_19L.png,/data5/chensx/MyProject/UAE/data/arrangement_merged/chr_19/Q242664.12~A29.K_19R.png,0,-0.2614857112667263,,0.001074731349945,-0.1330056565629708,chromosome
0,0.0009753704071044,Q242664,Q242664.12~A34.K_19,19,,normal,Q242664.12~A34.K_19L.png,Q242664.12~A34.K_19R.png,train,/data5/chensx/MyProject/UAE/data/arrangement_merged/chr_19/Q242664.12~A34.K_19L.png,/data5/chensx/MyProject/UAE/data/arrangement_merged/chr_19/Q242664.12~A34.K_19R.png,0,-0.3959730337721628,,0.0009753704071044,-0.617929093087116,chromosome
0,0.0009002685546875,Q242664,Q242664.12~A37.K_19,19,,normal,Q242664.12~A37.K_19L.png,Q242664.12~A37.K_19R.png,train,/data5/chensx/MyProject/UAE/data/arrangement_merged/chr_19/Q242664.12~A37.K_19L.png,/data5/chensx/MyProject/UAE/data/arrangement_merged/chr_19/Q242664.12~A37.K_19R.png,0,-0.4976251191691934,,0.0009002685546875,-0.9844579053363819,chromosome
0,0.0012155175209045,Q242664,Q242664.12~A8.K_19,19,,normal,Q242664.12~A8.K_19L.png,Q242664.12~A8.K_19R.png,train,/data5/chensx/MyProject/UAE/data/arrangement_merged/chr_19/Q242664.12~A8.K_19L.png,/data5/chensx/MyProject/UAE/data/arrangement_merged/chr_19/Q242664.12~A8.K_19R.png,0,-0.0709283892764197,,0.0012155175209045,0.5540904184640106,chromosome
0,0.0009578466415405,Q242664,Q242664.13~A20.K_19,19,,normal,Q242664.13~A20.K_19L.png,Q242664.13~A20.K_19R.png,train,/data5/chensx/MyProject/UAE/data/arrangement_merged/chr_19/Q242664.13~A20.K_19L.png,/data5/chensx/MyProject/UAE/data/arrangement_merged/chr_19/Q242664.13~A20.K_19R.png,0,-0.4196918536981366,,0.0009578466415405,-0.7034524826117332,chromosome
0,0.0011063814163208,Q242664,Q242664.13~A32.K_19,19,,normal,Q242664.13~A32.K_19L.png,Q242664.13~A32.K_19R.png,train,/data5/chensx/MyProject/UAE/data/arrangement_merged/chr_19/Q242664.13~A32.K_19L.png,/data5/chensx/MyProject/UAE/data/arrangement_merged/chr_19/Q242664.13~A32.K_19R.png,0,-0.2186466181351205,,0.0011063814163208,0.02146005717116711,chromosome
0,0.0010440945625305,Q242664,Q242664.13~A33.K_19,19,,normal,Q242664.13~A33.K_19L.png,Q242664.13~A33.K_19R.png,train,/data5/chensx/MyProject/UAE/data/arrangement_merged/chr_19/Q242664.13~A33.K_19L.png,/data5/chensx/MyProject/UAE/data/arrangement_merged/chr_19/Q242664.13~A33.K_19R.png,0,-0.3029533080080546,,0.0010440945625305,-0.2825261402899882,chromosome
0,0.0012627840042114,Q242664,Q242664.13~A42.K_19,19,,normal,Q242664.13~A42.K_19L.png,Q242664.13~A42.K_19R.png,train,/data5/chensx/MyProject/UAE/data/arrangement_merged/chr_19/Q242664.13~A42.K_19L.png,/data5/chensx/MyProject/UAE/data/arrangement_merged/chr_19/Q242664.13~A42.K_19R.png,0,-0.0069521164828917,,0.0012627840042114,0.7847708534752154,chromosome
0,0.0010781288146972,Q242664,Q242664.13~A50.K_19,19,,normal,Q242664.13~A50.K_19L.png,Q242664.13~A50.K_19R.png,train,/data5/chensx/MyProject/UAE/data/arrangement_merged/chr_19/Q242664.13~A50.K_19L.png,/data5/chensx/MyProject/UAE/data/arrangement_merged/chr_19/Q242664.13~A50.K_19R.png,0,-0.2568871645463844,,0.0010781288146972,-0.11642459124689952,chromosome
0,0.0011549592018127,Q242664,Q242664.14~A47.K_19,19,,normal,Q242664.14~A47.K_19L.png,Q242664.14~A47.K_19R.png,train,/data5/chensx/MyProject/UAE/data/arrangement_merged/chr_19/Q242664.14~A47.K_19L.png,/data5/chensx/MyProject/UAE/data/arrangement_merged/chr_19/Q242664.14~A47.K_19R.png,0,-0.1528954676600571,,0.0011549592018127,0.2585402016023192,chromosome
0,0.0010965466499328,Q242664,Q242664.1~A14.K_19,19,,normal,Q242664.1~A14.K_19L.png,Q242664.1~A14.K_19R.png,train,/data5/chensx/MyProject/UAE/data/arrangement_merged/chr_19/Q242664.1~A14.K_19L.png,/data5/chensx/MyProject/UAE/data/arrangement_merged/chr_19/Q242664.1~A14.K_19R.png,0,-0.2319582007466364,,0.0010965466499328,-0.026537763480876643,chromosome
0,0.0011200904846191,Q242664,Q242664.2~A1.K_19,19,,normal,Q242664.2~A1.K_19L.png,Q242664.2~A1.K_19R.png,train,/data5/chensx/MyProject/UAE/data/arrangement_merged/chr_19/Q242664.2~A1.K_19L.png,/data5/chensx/MyProject/UAE/data/arrangement_merged/chr_19/Q242664.2~A1.K_19R.png,0,-0.2000910787372498,,0.0011200904846191,0.08836611020068347,chromosome
0,0.0009679198265075,Q242664,Q242664.2~A10.K_19,19,,normal,Q242664.2~A10.K_19L.png,Q242664.2~A10.K_19R.png,train,/data5/chensx/MyProject/UAE/data/arrangement_merged/chr_19/Q242664.2~A10.K_19L.png,/data5/chensx/MyProject/UAE/data/arrangement_merged/chr_19/Q242664.2~A10.K_19R.png,0,-0.4060575660536142,,0.0009679198265075,-0.6542910784292337,chromosome
0,0.0011883974075317,Q242664,Q242664.2~A30.K_19,19,,normal,Q242664.2~A30.K_19L.png,Q242664.2~A30.K_19R.png,train,/data5/chensx/MyProject/UAE/data/arrangement_merged/chr_19/Q242664.2~A30.K_19L.png,/data5/chensx/MyProject/UAE/data/arrangement_merged/chr_19/Q242664.2~A30.K_19R.png,0,-0.107636086780903,,0.0011883974075317,0.42173279181829265,chromosome
0,0.0010371208190917,Q242664,Q242664.2~A32.K_19,19,,normal,Q242664.2~A32.K_19L.png,Q242664.2~A32.K_19R.png,train,/data5/chensx/MyProject/UAE/data/arrangement_merged/chr_19/Q242664.2~A32.K_19L.png,/data5/chensx/MyProject/UAE/data/arrangement_merged/chr_19/Q242664.2~A32.K_19R.png,0,-0.3123924302234932,,0.0010371208190917,-0.31656095857070626,chromosome
0,0.0010291337966918,Q242664,Q242664.2~A6.K_19,19,,normal,Q242664.2~A6.K_19L.png,Q242664.2~A6.K_19R.png,train,/data5/chensx/MyProject/UAE/data/arrangement_merged/chr_19/Q242664.2~A6.K_19L.png,/data5/chensx/MyProject/UAE/data/arrangement_merged/chr_19/Q242664.2~A6.K_19R.png,0,-0.3232030488292092,,0.0010291337966918,-0.3555410068575691,chromosome
0,0.0008295774459838,Q242664,Q242664.3~A19.K_19,19,,normal,Q242664.3~A19.K_19L.png,Q242664.3~A19.K_19R.png,train,/data5/chensx/MyProject/UAE/data/arrangement_merged/chr_19/Q242664.3~A19.K_19L.png,/data5/chensx/MyProject/UAE/data/arrangement_merged/chr_19/Q242664.3~A19.K_19R.png,0,-0.5933071614556048,,0.0008295774459838,-1.3294604222639186,chromosome
0,0.0011030435562133,Q242664,Q242664.3~A29.K_19,19,,normal,Q242664.3~A29.K_19L.png,Q242664.3~A29.K_19R.png,train,/data5/chensx/MyProject/UAE/data/arrangement_merged/chr_19/Q242664.3~A29.K_19L.png,/data5/chensx/MyProject/UAE/data/arrangement_merged/chr_19/Q242664.3~A29.K_19R.png,0,-0.2231644885972108,,0.0011030435562133,0.0051698877374654305,chromosome
0,0.0010844469070434,Q242664,Q242664.3~A44.K_19,19,,normal,Q242664.3~A44.K_19L.png,Q242664.3~A44.K_19R.png,train,/data5/chensx/MyProject/UAE/data/arrangement_merged/chr_19/Q242664.3~A44.K_19L.png,/data5/chensx/MyProject/UAE/data/arrangement_merged/chr_19/Q242664.3~A44.K_19R.png,0,-0.2483354811717136,,0.0010844469070434,-0.08558962767664302,chromosome
0,0.0026299953460693,Q242664,Q242664.3~A48.K_19,19,,normal,Q242664.3~A48.K_19L.png,Q242664.3~A48.K_19R.png,train,/data5/chensx/MyProject/UAE/data/arrangement_merged/chr_19/Q242664.3~A48.K_19L.png,/data5/chensx/MyProject/UAE/data/arrangement_merged/chr_19/Q242664.3~A48.K_19R.png,0,1.843599895292575,,0.0026299953460693,7.45734061171642,chromosome
0,0.0010173916816711,Q242664,Q242664.4~A14.K_19,19,,normal,Q242664.4~A14.K_19L.png,Q242664.4~A14.K_19R.png,train,/data5/chensx/MyProject/UAE/data/arrangement_merged/chr_19/Q242664.4~A14.K_19L.png,/data5/chensx/MyProject/UAE/data/arrangement_merged/chr_19/Q242664.4~A14.K_19R.png,0,-0.3390962717047766,,0.0010173916816711,-0.41284749575667545,chromosome
0,0.0010211467742919,Q242664,Q242664.4~A34.K_19,19,,normal,Q242664.4~A34.K_19L.png,Q242664.4~A34.K_19R.png,train,/data5/chensx/MyProject/UAE/data/arrangement_merged/chr_19/Q242664.4~A34.K_19L.png,/data5/chensx/MyProject/UAE/data/arrangement_merged/chr_19/Q242664.4~A34.K_19R.png,0,-0.3340136674349251,,0.0010211467742919,-0.39452105514443203,chromosome
0,0.00098717212677,Q242664,Q242664.4~A41.K_19,19,,normal,Q242664.4~A41.K_19L.png,Q242664.4~A41.K_19R.png,train,/data5/chensx/MyProject/UAE/data/arrangement_merged/chr_19/Q242664.4~A41.K_19L.png,/data5/chensx/MyProject/UAE/data/arrangement_merged/chr_19/Q242664.4~A41.K_19R.png,0,-0.3799991346383437,,0.00098717212677,-0.5603317083046632,chromosome
0,0.0009807348251342,Q242664,Q242664.4~A49.K_19,19,,normal,Q242664.4~A49.K_19L.png,Q242664.4~A49.K_19R.png,train,/data5/chensx/MyProject/UAE/data/arrangement_merged/chr_19/Q242664.4~A49.K_19L.png,/data5/chensx/MyProject/UAE/data/arrangement_merged/chr_19/Q242664.4~A49.K_19R.png,0,-0.3887121705295178,,0.0009807348251342,-0.5917484636406357,chromosome
0,0.0014789104461669,Q250230,Q250230.11~A30.K_19,19,,normal,Q250230.11~A30.K_19L.png,Q250230.11~A30.K_19R.png,train,/data5/chensx/MyProject/UAE/data/arrangement_merged/chr_19/Q250230.11~A30.K_19L.png,/data5/chensx/MyProject/UAE/data/arrangement_merged/chr_19/Q250230.11~A30.K_19R.png,0,0.1902096372328379,,0.0014789104461669,1.8395593242824069,chromosome
0,0.0010628104209899,Q250230,Q250230.12~A40.K_19,19,,normal,Q250230.12~A40.K_19L.png,Q250230.12~A40.K_19R.png,train,/data5/chensx/MyProject/UAE/data/arrangement_merged/chr_19/Q250230.12~A40.K_19L.png,/data5/chensx/MyProject/UAE/data/arrangement_merged/chr_19/Q250230.12~A40.K_19R.png,0,-0.3304696501850888,,0.0010628104209899,-0.19118483311065163,chromosome
0,0.0011559724807739,Q250230,Q250230.13~A45.K_19,19,,normal,Q250230.13~A45.K_19L.png,Q250230.13~A45.K_19R.png,train,/data5/chensx/MyProject/UAE/data/arrangement_merged/chr_19/Q250230.13~A45.K_19L.png,/data5/chensx/MyProject/UAE/data/arrangement_merged/chr_19/Q250230.13~A45.K_19R.png,0,-0.2138929811929358,,0.0011559724807739,0.26348543160895294,chromosome
0,0.0010614991188049,Q250230,Q250230.14~A21.K_19,19,,normal,Q250230.14~A21.K_19L.png,Q250230.14~A21.K_19R.png,train,/data5/chensx/MyProject/UAE/data/arrangement_merged/chr_19/Q250230.14~A21.K_19L.png,/data5/chensx/MyProject/UAE/data/arrangement_merged/chr_19/Q250230.14~A21.K_19R.png,0,-0.332110524604684,,0.0010614991188049,-0.197584542530599,chromosome
0,0.001000165939331,Q250230,Q250230.14~A43.K_19,19,,normal,Q250230.14~A43.K_19L.png,Q250230.14~A43.K_19R.png,train,/data5/chensx/MyProject/UAE/data/arrangement_merged/chr_19/Q250230.14~A43.K_19L.png,/data5/chensx/MyProject/UAE/data/arrangement_merged/chr_19/Q250230.14~A43.K_19R.png,0,-0.4088586963212069,,0.001000165939331,-0.4969164058679791,chromosome
0,0.0009897351264953,Q250230,Q250230.15~A8.K_19,19,,normal,Q250230.15~A8.K_19L.png,Q250230.15~A8.K_19R.png,train,/data5/chensx/MyProject/UAE/data/arrangement_merged/chr_19/Q250230.15~A8.K_19L.png,/data5/chensx/MyProject/UAE/data/arrangement_merged/chr_19/Q250230.15~A8.K_19R.png,0,-0.4219111064770782,,0.0009897351264953,-0.547823185347139,chromosome
0,0.0010128617286682,Q250230,Q250230.1~A20.K_19,19,,normal,Q250230.1~A20.K_19L.png,Q250230.1~A20.K_19R.png,train,/data5/chensx/MyProject/UAE/data/arrangement_merged/chr_19/Q250230.1~A20.K_19L.png,/data5/chensx/MyProject/UAE/data/arrangement_merged/chr_19/Q250230.1~A20.K_19R.png,0,-0.3929720485314893,,0.0010128617286682,-0.43495558284460856,chromosome
0,0.0014677643775939,Q250230,Q250230.2~A24.K_19,19,,normal,Q250230.2~A24.K_19L.png,Q250230.2~A24.K_19R.png,train,/data5/chensx/MyProject/UAE/data/arrangement_merged/chr_19/Q250230.2~A24.K_19L.png,/data5/chensx/MyProject/UAE/data/arrangement_merged/chr_19/Q250230.2~A24.K_19R.png,0,0.1762622046662784,,0.0014677643775939,1.7851617942104157,chromosome
0,0.0009512305259704,Q250230,Q250230.2~A27.K_19,19,,normal,Q250230.2~A27.K_19L.png,Q250230.2~A27.K_19R.png,train,/data5/chensx/MyProject/UAE/data/arrangement_merged/chr_19/Q250230.2~A27.K_19L.png,/data5/chensx/MyProject/UAE/data/arrangement_merged/chr_19/Q250230.2~A27.K_19R.png,0,-0.4700931462524658,,0.0009512305259704,-0.7357419255957912,chromosome
0,0.0009793043136596,Q250230,Q250230.2~A38.K_19,19,,normal,Q250230.2~A38.K_19L.png,Q250230.2~A38.K_19R.png,train,/data5/chensx/MyProject/UAE/data/arrangement_merged/chr_19/Q250230.2~A38.K_19L.png,/data5/chensx/MyProject/UAE/data/arrangement_merged/chr_19/Q250230.2~A38.K_19R.png,0,-0.4349635166329494,,0.0009793043136596,-0.598729964826298,chromosome
0,0.0011436939239501,Q250230,Q250230.4~A35.K_19,19,,normal,Q250230.4~A35.K_19L.png,Q250230.4~A35.K_19R.png,train,/data5/chensx/MyProject/UAE/data/arrangement_merged/chr_19/Q250230.4~A35.K_19L.png,/data5/chensx/MyProject/UAE/data/arrangement_merged/chr_19/Q250230.4~A35.K_19R.png,0,-0.2292575325764185,,0.0011436939239501,0.2035608797646121,chromosome
0,0.001203715801239,Q250230,Q250230.5~A21.K_19,19,,normal,Q250230.5~A21.K_19L.png,Q250230.5~A21.K_19R.png,train,/data5/chensx/MyProject/UAE/data/arrangement_merged/chr_19/Q250230.5~A21.K_19L.png,/data5/chensx/MyProject/UAE/data/arrangement_merged/chr_19/Q250230.5~A21.K_19R.png,0,-0.1541502352794908,,0.001203715801239,0.4964930336820458,chromosome
0,0.0010063648223876,Q250230,Q250230.5~A42.K_19,19,,normal,Q250230.5~A42.K_19L.png,Q250230.5~A42.K_19R.png,train,/data5/chensx/MyProject/UAE/data/arrangement_merged/chr_19/Q250230.5~A42.K_19L.png,/data5/chensx/MyProject/UAE/data/arrangement_merged/chr_19/Q250230.5~A42.K_19R.png,0,-0.4011018354285749,,0.0010063648223876,-0.46666323406343957,chromosome
0,0.0009881854057312,Q250230,Q250230.5~A46.K_19,19,,normal,Q250230.5~A46.K_19L.png,Q250230.5~A46.K_19R.png,train,/data5/chensx/MyProject/UAE/data/arrangement_merged/chr_19/Q250230.5~A46.K_19L.png,/data5/chensx/MyProject/UAE/data/arrangement_merged/chr_19/Q250230.5~A46.K_19R.png,0,-0.4238503217002362,,0.0009881854057312,-0.5553864782980295,chromosome
0,0.0010074973106384,Q250230,Q250230.5~A5.K_19,19,,normal,Q250230.5~A5.K_19L.png,Q250230.5~A5.K_19R.png,train,/data5/chensx/MyProject/UAE/data/arrangement_merged/chr_19/Q250230.5~A5.K_19L.png,/data5/chensx/MyProject/UAE/data/arrangement_merged/chr_19/Q250230.5~A5.K_19R.png,0,-0.3996847166116517,,0.0010074973106384,-0.46113621229108986,chromosome
0,0.0010170936584472,Q250230,Q250230.5~A6.K_19,19,,normal,Q250230.5~A6.K_19L.png,Q250230.5~A6.K_19R.png,train,/data5/chensx/MyProject/UAE/data/arrangement_merged/chr_19/Q250230.5~A6.K_19L.png,/data5/chensx/MyProject/UAE/data/arrangement_merged/chr_19/Q250230.5~A6.K_19R.png,0,-0.3876764992682502,,0.0010170936584472,-0.41430197517047807,chromosome
0,0.0010237693786621,Q251136,Q251136.12~A20.K_19,19,,normal,Q251136.12~A20.K_19L.png,Q251136.12~A20.K_19R.png,train,/data5/chensx/MyProject/UAE/data/arrangement_merged/chr_19/Q251136.12~A20.K_19L.png,/data5/chensx/MyProject/UAE/data/arrangement_merged/chr_19/Q251136.12~A20.K_19R.png,0,-0.3041099922182371,,0.0010237693786621,-0.3817216363035615,chromosome
0,0.0011144876480102,Q251136,Q251136.12~A23.K_19,19,,normal,Q251136.12~A23.K_19L.png,Q251136.12~A23.K_19R.png,train,/data5/chensx/MyProject/UAE/data/arrangement_merged/chr_19/Q251136.12~A23.K_19L.png,/data5/chensx/MyProject/UAE/data/arrangement_merged/chr_19/Q251136.12~A23.K_19R.png,0,-0.2148440435226345,,0.0011144876480102,0.061021897223258105,chromosome
0,0.0009925365447998,Q251136,Q251136.14~A16.K_19,19,,normal,Q251136.14~A16.K_19L.png,Q251136.14~A16.K_19R.png,train,/data5/chensx/MyProject/UAE/data/arrangement_merged/chr_19/Q251136.14~A16.K_19L.png,/data5/chensx/MyProject/UAE/data/arrangement_merged/chr_19/Q251136.14~A16.K_19R.png,0,-0.3348428155536482,,0.0009925365447998,-0.5341510788581829,chromosome
0,0.0009904503822326,Q251136,Q251136.14~A17.K_19,19,,normal,Q251136.14~A17.K_19L.png,Q251136.14~A17.K_19R.png,train,/data5/chensx/MyProject/UAE/data/arrangement_merged/chr_19/Q251136.14~A17.K_19L.png,/data5/chensx/MyProject/UAE/data/arrangement_merged/chr_19/Q251136.14~A17.K_19R.png,0,-0.3368955804710898,,0.0009904503822326,-0.5443324347543068,chromosome
0,0.001105785369873,Q251136,Q251136.14~A18.K_19,19,,normal,Q251136.14~A18.K_19L.png,Q251136.14~A18.K_19R.png,train,/data5/chensx/MyProject/UAE/data/arrangement_merged/chr_19/Q251136.14~A18.K_19L.png,/data5/chensx/MyProject/UAE/data/arrangement_merged/chr_19/Q251136.14~A18.K_19R.png,0,-0.2234070057496765,,0.001105785369873,0.018551098343564058,chromosome
0,0.0009911060333251,Q251136,Q251136.14~A2.K_19,19,,normal,Q251136.14~A2.K_19L.png,Q251136.14~A2.K_19R.png,train,/data5/chensx/MyProject/UAE/data/arrangement_merged/chr_19/Q251136.14~A2.K_19L.png,/data5/chensx/MyProject/UAE/data/arrangement_merged/chr_19/Q251136.14~A2.K_19R.png,0,-0.336250425782751,,0.0009911060333251,-0.5411325800443342,chromosome
0,0.0012874007225036,Q251136,Q251136.14~A31.K_19,19,,normal,Q251136.14~A31.K_19L.png,Q251136.14~A31.K_19R.png,train,/data5/chensx/MyProject/UAE/data/arrangement_merged/chr_19/Q251136.14~A31.K_19L.png,/data5/chensx/MyProject/UAE/data/arrangement_merged/chr_19/Q251136.14~A31.K_19R.png,0,-0.0446991570798334,,0.0012874007225036,0.9049108530457788,chromosome
0,0.0009698867797851,Q251136,Q251136.14~A39.K_19,19,,normal,Q251136.14~A39.K_19L.png,Q251136.14~A39.K_19R.png,train,/data5/chensx/MyProject/UAE/data/arrangement_merged/chr_19/Q251136.14~A39.K_19L.png,/data5/chensx/MyProject/UAE/data/arrangement_merged/chr_19/Q251136.14~A39.K_19R.png,0,-0.3571299775144426,,0.0009698867797851,-0.6446915142988248,chromosome
0,0.0021818876266479,Q251136,Q251136.1~A12.K_19,19,,normal,Q251136.1~A12.K_19L.png,Q251136.1~A12.K_19R.png,train,/data5/chensx/MyProject/UAE/data/arrangement_merged/chr_19/Q251136.1~A12.K_19L.png,/data5/chensx/MyProject/UAE/data/arrangement_merged/chr_19/Q251136.1~A12.K_19R.png,0,0.8354677890929053,,0.0021818876266479,5.270385365293052,chromosome
0,0.0013065338134765,Q251136,Q251136.1~A38.K_19,19,,normal,Q251136.1~A38.K_19L.png,Q251136.1~A38.K_19R.png,train,/data5/chensx/MyProject/UAE/data/arrangement_merged/chr_19/Q251136.1~A38.K_19L.png,/data5/chensx/MyProject/UAE/data/arrangement_merged/chr_19/Q251136.1~A38.K_19R.png,0,-0.0258723702655835,,0.0013065338134765,0.9982884314046329,chromosome
0,0.0009516477584838,Q251136,Q251136.2~A15.K_19,19,,normal,Q251136.2~A15.K_19L.png,Q251136.2~A15.K_19R.png,train,/data5/chensx/MyProject/UAE/data/arrangement_merged/chr_19/Q251136.2~A15.K_19L.png,/data5/chensx/MyProject/UAE/data/arrangement_merged/chr_19/Q251136.2~A15.K_19R.png,0,-0.3750770079355033,,0.0009516477584838,-0.7337056544167616,chromosome
0,0.0010209679603576,Q251136,Q251136.2~A2.K_19,19,,normal,Q251136.2~A2.K_19L.png,Q251136.2~A2.K_19R.png,train,/data5/chensx/MyProject/UAE/data/arrangement_merged/chr_19/Q251136.2~A2.K_19L.png,/data5/chensx/MyProject/UAE/data/arrangement_merged/chr_19/Q251136.2~A2.K_19R.png,0,-0.30686656225023,,0.0010209679603576,-0.3953937427925176,chromosome
0,0.0010289549827575,Q251136,Q251136.2~A20.K_19,19,,normal,Q251136.2~A20.K_19L.png,Q251136.2~A20.K_19R.png,train,/data5/chensx/MyProject/UAE/data/arrangement_merged/chr_19/Q251136.2~A20.K_19L.png,/data5/chensx/MyProject/UAE/data/arrangement_merged/chr_19/Q251136.2~A20.K_19R.png,0,-0.2990074051377394,,0.0010289549827575,-0.3564136945056547,chromosome
0,0.0008296966552734,Q251136,Q251136.2~A25.K_19,19,,normal,Q251136.2~A25.K_19L.png,Q251136.2~A25.K_19R.png,train,/data5/chensx/MyProject/UAE/data/arrangement_merged/chr_19/Q251136.2~A25.K_19L.png,/data5/chensx/MyProject/UAE/data/arrangement_merged/chr_19/Q251136.2~A25.K_19R.png,0,-0.4950757799665171,,0.0008296966552734,-1.3288786304982025,chromosome
0,0.0009011030197143,Q251136,Q251136.2~A36.K_19,19,,normal,Q251136.2~A36.K_19L.png,Q251136.2~A36.K_19R.png,train,/data5/chensx/MyProject/UAE/data/arrangement_merged/chr_19/Q251136.2~A36.K_19L.png,/data5/chensx/MyProject/UAE/data/arrangement_merged/chr_19/Q251136.2~A36.K_19R.png,0,-0.4248125693638023,,0.0009011030197143,-0.9803853629783227,chromosome
0,0.0009989142417907,Q251136,Q251136.2~A5.K_19,19,,normal,Q251136.2~A5.K_19L.png,Q251136.2~A5.K_19R.png,train,/data5/chensx/MyProject/UAE/data/arrangement_merged/chr_19/Q251136.2~A5.K_19L.png,/data5/chensx/MyProject/UAE/data/arrangement_merged/chr_19/Q251136.2~A5.K_19R.png,0,-0.3285672199488982,,0.0009989142417907,-0.5030252194055569,chromosome
0,0.0010719299316406,Q251136,Q251136.2~A7.K_19,19,,normal,Q251136.2~A7.K_19L.png,Q251136.2~A7.K_19R.png,train,/data5/chensx/MyProject/UAE/data/arrangement_merged/chr_19/Q251136.2~A7.K_19L.png,/data5/chensx/MyProject/UAE/data/arrangement_merged/chr_19/Q251136.2~A7.K_19R.png,0,-0.2567204478384428,,0.0010719299316406,-0.146677763051439,chromosome
0,0.0012437105178833,Q251136,Q251136.3~A16.K_19,19,,normal,Q251136.3~A16.K_19L.png,Q251136.3~A16.K_19R.png,train,/data5/chensx/MyProject/UAE/data/arrangement_merged/chr_19/Q251136.3~A16.K_19L.png,/data5/chensx/MyProject/UAE/data/arrangement_merged/chr_19/Q251136.3~A16.K_19R.png,0,-0.0876899194936815,,0.0012437105178833,0.6916841709992188,chromosome
0,0.0012130141258239,Q251136,Q251136.3~A21.K_19,19,,normal,Q251136.3~A21.K_19L.png,Q251136.3~A21.K_19R.png,train,/data5/chensx/MyProject/UAE/data/arrangement_merged/chr_19/Q251136.3~A21.K_19L.png,/data5/chensx/MyProject/UAE/data/arrangement_merged/chr_19/Q251136.3~A21.K_19R.png,0,-0.1178948889931791,,0.0012130141258239,0.5418727913888561,chromosome
0,0.0018408894538879,Q251136,Q251136.3~A23.K_19,19,,normal,Q251136.3~A23.K_19L.png,Q251136.3~A23.K_19R.png,train,/data5/chensx/MyProject/UAE/data/arrangement_merged/chr_19/Q251136.3~A23.K_19L.png,/data5/chensx/MyProject/UAE/data/arrangement_merged/chr_19/Q251136.3~A23.K_19R.png,0,0.4999287007305252,,0.0018408894538879,3.6061700201497464,chromosome
0,0.0009465217590332,Q251136,Q251136.3~A26.K_19,19,,normal,Q251136.3~A26.K_19L.png,Q251136.3~A26.K_19R.png,train,/data5/chensx/MyProject/UAE/data/arrangement_merged/chr_19/Q251136.3~A26.K_19L.png,/data5/chensx/MyProject/UAE/data/arrangement_merged/chr_19/Q251136.3~A26.K_19R.png,0,-0.3801209445897883,,0.0009465217590332,-0.7587227003318104,chromosome
0,0.0009723901748657,Q251136,Q251136.3~A32.K_19,19,,normal,Q251136.3~A32.K_19L.png,Q251136.3~A32.K_19R.png,train,/data5/chensx/MyProject/UAE/data/arrangement_merged/chr_19/Q251136.3~A32.K_19L.png,/data5/chensx/MyProject/UAE/data/arrangement_merged/chr_19/Q251136.3~A32.K_19R.png,0,-0.3546666596135127,,0.0009723901748657,-0.6324738872236703,chromosome
0,0.0008621215820312,Q251136,Q251136.3~A36.K_19,19,,normal,Q251136.3~A36.K_19L.png,Q251136.3~A36.K_19R.png,train,/data5/chensx/MyProject/UAE/data/arrangement_merged/chr_19/Q251136.3~A36.K_19L.png,/data5/chensx/MyProject/UAE/data/arrangement_merged/chr_19/Q251136.3~A36.K_19R.png,0,-0.4631699481068536,,0.0008621215820312,-1.1706312702888624,chromosome
0,0.0011669397354125,Q251136,Q251136.3~A40.K_19,19,,normal,Q251136.3~A40.K_19L.png,Q251136.3~A40.K_19R.png,train,/data5/chensx/MyProject/UAE/data/arrangement_merged/chr_19/Q251136.3~A40.K_19L.png,/data5/chensx/MyProject/UAE/data/arrangement_merged/chr_19/Q251136.3~A40.K_19R.png,0,-0.1632316684555318,,0.0011669397354125,0.3170102740323707,chromosome
0,0.0009896755218505,Q251136,Q251136.3~A41.K_19,19,,normal,Q251136.3~A41.K_19L.png,Q251136.3~A41.K_19R.png,train,/data5/chensx/MyProject/UAE/data/arrangement_merged/chr_19/Q251136.3~A41.K_19L.png,/data5/chensx/MyProject/UAE/data/arrangement_merged/chr_19/Q251136.3~A41.K_19R.png,0,-0.3376580360118538,,0.0009896755218505,-0.5481140812299965,chromosome
0,0.001135230064392,Q251136,Q251136.4~A12.K_19,19,,normal,Q251136.4~A12.K_19L.png,Q251136.4~A12.K_19R.png,train,/data5/chensx/MyProject/UAE/data/arrangement_merged/chr_19/Q251136.4~A12.K_19L.png,/data5/chensx/MyProject/UAE/data/arrangement_merged/chr_19/Q251136.4~A12.K_19R.png,0,-0.1944336952006438,,0.001135230064392,0.16225366441586211,chromosome
0,0.0010604858398437,Q251136,Q251136.4~A13.K_19,19,,normal,Q251136.4~A13.K_19L.png,Q251136.4~A13.K_19R.png,train,/data5/chensx/MyProject/UAE/data/arrangement_merged/chr_19/Q251136.4~A13.K_19L.png,/data5/chensx/MyProject/UAE/data/arrangement_merged/chr_19/Q251136.4~A13.K_19R.png,0,-0.2679813296712652,,0.0010604858398437,-0.20252977253723276,chromosome
0,0.0009875893592834,Q251136,Q251136.4~A15.K_19,19,,normal,Q251136.4~A15.K_19L.png,Q251136.4~A15.K_19R.png,train,/data5/chensx/MyProject/UAE/data/arrangement_merged/chr_19/Q251136.4~A15.K_19L.png,/data5/chensx/MyProject/UAE/data/arrangement_merged/chr_19/Q251136.4~A15.K_19R.png,0,-0.3397108009292954,,0.0009875893592834,-0.5582954371256336,chromosome
0,0.0009262561798095,Q251136,Q251136.4~A16.K_19,19,,normal,Q251136.4~A16.K_19L.png,Q251136.4~A16.K_19R.png,train,/data5/chensx/MyProject/UAE/data/arrangement_merged/chr_19/Q251136.4~A16.K_19L.png,/data5/chensx/MyProject/UAE/data/arrangement_merged/chr_19/Q251136.4~A16.K_19R.png,0,-0.400062089502078,,0.0009262561798095,-0.8576273004630142,chromosome
0,0.0009674429893493,Q251136,Q251136.4~A19.K_19,19,,normal,Q251136.4~A19.K_19L.png,Q251136.4~A19.K_19R.png,train,/data5/chensx/MyProject/UAE/data/arrangement_merged/chr_19/Q251136.4~A19.K_19L.png,/data5/chensx/MyProject/UAE/data/arrangement_merged/chr_19/Q251136.4~A19.K_19R.png,0,-0.3595346449891599,,0.0009674429893493,-0.6566182454911214,chromosome
0,0.0008370280265808,Q251136,Q251136.4~A2.K_19,19,,normal,Q251136.4~A2.K_19L.png,Q251136.4~A2.K_19R.png,train,/data5/chensx/MyProject/UAE/data/arrangement_merged/chr_19/Q251136.4~A2.K_19L.png,/data5/chensx/MyProject/UAE/data/arrangement_merged/chr_19/Q251136.4~A2.K_19R.png,0,-0.4878617775423652,,0.0008370280265808,-1.293098436921313,chromosome
0,0.0009361505508422,Q251136,Q251136.4~A36.K_19,19,,normal,Q251136.4~A36.K_19L.png,Q251136.4~A36.K_19R.png,train,/data5/chensx/MyProject/UAE/data/arrangement_merged/chr_19/Q251136.4~A36.K_19L.png,/data5/chensx/MyProject/UAE/data/arrangement_merged/chr_19/Q251136.4~A36.K_19R.png,0,-0.3903261187507836,,0.0009361505508422,-0.8093385839285997,chromosome
0,0.0009856820106506,Q251136,Q251136.4~A5.K_19,19,,normal,Q251136.4~A5.K_19L.png,Q251136.4~A5.K_19R.png,train,/data5/chensx/MyProject/UAE/data/arrangement_merged/chr_19/Q251136.4~A5.K_19L.png,/data5/chensx/MyProject/UAE/data/arrangement_merged/chr_19/Q251136.4~A5.K_19R.png,0,-0.3415876145680991,,0.0009856820106506,-0.5676041053731841,chromosome
0,0.0029096603393554,165070,165070.11~A20.K_2,2,,normal,165070.11~A20.K_2L.png,165070.11~A20.K_2R.png,train,/data5/chensx/MyProject/UAE/data/arrangement_merged/chr_02/165070.11~A20.K_2L.png,/data5/chensx/MyProject/UAE/data/arrangement_merged/chr_02/165070.11~A20.K_2R.png,0,2.317539425063952,,0.0029096603393554,-0.4560334454920325,chromosome
0,0.0030395984649658,165070,165070.11~A21.K_2,2,,normal,165070.11~A21.K_2L.png,165070.11~A21.K_2R.png,train,/data5/chensx/MyProject/UAE/data/arrangement_merged/chr_02/165070.11~A21.K_2L.png,/data5/chensx/MyProject/UAE/data/arrangement_merged/chr_02/165070.11~A21.K_2R.png,0,2.5005929594739302,,0.0030395984649658,-0.058450610775393624,chromosome
0,0.002518355846405,165070,165070.11~A30.K_2,2,,normal,165070.11~A30.K_2L.png,165070.11~A30.K_2R.png,train,/data5/chensx/MyProject/UAE/data/arrangement_merged/chr_02/165070.11~A30.K_2L.png,/data5/chensx/MyProject/UAE/data/arrangement_merged/chr_02/165070.11~A30.K_2R.png,0,1.766279584054084,,0.002518355846405,-1.653341385819324,chromosome
0,0.0028151869773864,165070,165070.12~A1.K_2,2,,normal,165070.12~A1.K_2L.png,165070.12~A1.K_2R.png,train,/data5/chensx/MyProject/UAE/data/arrangement_merged/chr_02/165070.12~A1.K_2L.png,/data5/chensx/MyProject/UAE/data/arrangement_merged/chr_02/165070.12~A1.K_2R.png,0,2.184447749816329,,0.0028151869773864,-0.7451016991735346,chromosome
0,0.0023664832115173,165070,165070.12~A21.K_2,2,,normal,165070.12~A21.K_2L.png,165070.12~A21.K_2R.png,train,/data5/chensx/MyProject/UAE/data/arrangement_merged/chr_02/165070.12~A21.K_2L.png,/data5/chensx/MyProject/UAE/data/arrangement_merged/chr_02/165070.12~A21.K_2R.png,0,1.5523252695235217,,0.0023664832115173,-2.118039121075125,chromosome
0,0.0024884343147277,165070,165070.12~A41.K_2,2,,normal,165070.12~A41.K_2L.png,165070.12~A41.K_2R.png,train,/data5/chensx/MyProject/UAE/data/arrangement_merged/chr_02/165070.12~A41.K_2L.png,/data5/chensx/MyProject/UAE/data/arrangement_merged/chr_02/165070.12~A41.K_2R.png,0,1.7241268894330706,,0.0024884343147277,-1.7448948642725517,chromosome
0,0.0032098293304443,165070,165070.12~A5.K_2,2,,normal,165070.12~A5.K_2L.png,165070.12~A5.K_2R.png,train,/data5/chensx/MyProject/UAE/data/arrangement_merged/chr_02/165070.12~A5.K_2L.png,/data5/chensx/MyProject/UAE/data/arrangement_merged/chr_02/165070.12~A5.K_2R.png,0,2.740409883453242,,0.0032098293304443,0.4624193781925844,chromosome
0,0.0028318762779235,165070,165070.12~A9.K_2,2,,normal,165070.12~A9.K_2L.png,165070.12~A9.K_2R.png,train,/data5/chensx/MyProject/UAE/data/arrangement_merged/chr_02/165070.12~A9.K_2L.png,/data5/chensx/MyProject/UAE/data/arrangement_merged/chr_02/165070.12~A9.K_2R.png,0,2.207959212951556,,0.0028318762779235,-0.6940360139806201,chromosome
0,0.0028527379035949,165070,165070.13~A24.K_2,2,,normal,165070.13~A24.K_2L.png,165070.13~A24.K_2R.png,train,/data5/chensx/MyProject/UAE/data/arrangement_merged/chr_02/165070.13~A24.K_2L.png,/data5/chensx/MyProject/UAE/data/arrangement_merged/chr_02/165070.13~A24.K_2R.png,0,2.237348541870589,,0.0028527379035949,-0.6302039074893994,chromosome
0,0.0028193593025207,165070,165070.13~A25.K_2,2,,normal,165070.13~A25.K_2L.png,165070.13~A25.K_2R.png,train,/data5/chensx/MyProject/UAE/data/arrangement_merged/chr_02/165070.13~A25.K_2L.png,/data5/chensx/MyProject/UAE/data/arrangement_merged/chr_02/165070.13~A25.K_2R.png,0,2.190325615600136,,0.0028193593025207,-0.7323352778752297,chromosome
0,0.0030611753463745,165070,165070.13~A26.K_2,2,,normal,165070.13~A26.K_2L.png,165070.13~A26.K_2R.png,train,/data5/chensx/MyProject/UAE/data/arrangement_merged/chr_02/165070.13~A26.K_2L.png,/data5/chensx/MyProject/UAE/data/arrangement_merged/chr_02/165070.13~A26.K_2R.png,0,2.5309899225273305,,0.0030611753463745,0.007570025081224418,chromosome
0,0.0027938485145568,165070,165070.13~A27.K_2,2,,normal,165070.13~A27.K_2L.png,165070.13~A27.K_2R.png,train,/data5/chensx/MyProject/UAE/data/arrangement_merged/chr_02/165070.13~A27.K_2L.png,/data5/chensx/MyProject/UAE/data/arrangement_merged/chr_02/165070.13~A27.K_2R.png,0,2.154386664807718,,0.0027938485145568,-0.810392825241686,chromosome
0,0.0038079619407653,165070,165070.13~A28.K_2,2,,normal,165070.13~A28.K_2L.png,165070.13~A28.K_2R.png,train,/data5/chensx/MyProject/UAE/data/arrangement_merged/chr_02/165070.13~A28.K_2L.png,/data5/chensx/MyProject/UAE/data/arrangement_merged/chr_02/165070.13~A28.K_2R.png,1,3.583043928317525,,0.0038079619407653,2.2925770600181266,chromosome
0,0.003180980682373,165070,165070.13~A3.K_2,2,,normal,165070.13~A3.K_2L.png,165070.13~A3.K_2R.png,train,/data5/chensx/MyProject/UAE/data/arrangement_merged/chr_02/165070.13~A3.K_2L.png,/data5/chensx/MyProject/UAE/data/arrangement_merged/chr_02/165070.13~A3.K_2R.png,0,2.699768640033779,,0.003180980682373,0.3741486937876056,chromosome
0,0.0031793713569641,165070,165070.13~A36.K_2,2,,normal,165070.13~A36.K_2L.png,165070.13~A36.K_2R.png,train,/data5/chensx/MyProject/UAE/data/arrangement_merged/chr_02/165070.13~A36.K_2L.png,/data5/chensx/MyProject/UAE/data/arrangement_merged/chr_02/165070.13~A36.K_2R.png,0,2.6975014632314536,,0.0031793713569641,0.36922450271553775,chromosome
0,0.0030093193054199,165070,165070.13~A40.K_2,2,,normal,165070.13~A40.K_2L.png,165070.13~A40.K_2R.png,train,/data5/chensx/MyProject/UAE/data/arrangement_merged/chr_02/165070.13~A40.K_2L.png,/data5/chensx/MyProject/UAE/data/arrangement_merged/chr_02/165070.13~A40.K_2R.png,0,2.457936447785733,,0.0030093193054199,-0.15109835391116688,chromosome
0,0.0033707022666931,165070,165070.13~A9.K_2,2,,normal,165070.13~A9.K_2L.png,165070.13~A9.K_2R.png,train,/data5/chensx/MyProject/UAE/data/arrangement_merged/chr_02/165070.13~A9.K_2L.png,/data5/chensx/MyProject/UAE/data/arrangement_merged/chr_02/165070.13~A9.K_2R.png,0,2.967043594174588,,0.0033707022666931,0.9546561079632018,chromosome
0,0.0027876496315002,165070,165070.1~A9.K_2,2,,normal,165070.1~A9.K_2L.png,165070.1~A9.K_2R.png,train,/data5/chensx/MyProject/UAE/data/arrangement_merged/chr_02/165070.1~A9.K_2L.png,/data5/chensx/MyProject/UAE/data/arrangement_merged/chr_02/165070.1~A9.K_2R.png,0,2.1456538356432056,,0.0027876496315002,-0.8293600797417988,chromosome
0,0.0030148029327392,165070,165070.2~A31.K_2,2,,normal,165070.2~A31.K_2L.png,165070.2~A31.K_2R.png,train,/data5/chensx/MyProject/UAE/data/arrangement_merged/chr_02/165070.2~A31.K_2L.png,/data5/chensx/MyProject/UAE/data/arrangement_merged/chr_02/165070.2~A31.K_2R.png,0,2.4656616428158795,,0.0030148029327392,-0.13431962877645268,chromosome
0,0.0027788877487182,165070,165070.3~A15.K_2,2,,normal,165070.3~A15.K_2L.png,165070.3~A15.K_2R.png,train,/data5/chensx/MyProject/UAE/data/arrangement_merged/chr_02/165070.3~A15.K_2L.png,/data5/chensx/MyProject/UAE/data/arrangement_merged/chr_02/165070.3~A15.K_2R.png,0,2.1333103174972115,,0.0027788877487182,-0.8561695644681474,chromosome
0,0.003190279006958,165070,165070.3~A2.K_2,2,,normal,165070.3~A2.K_2L.png,165070.3~A2.K_2R.png,train,/data5/chensx/MyProject/UAE/data/arrangement_merged/chr_02/165070.3~A2.K_2L.png,/data5/chensx/MyProject/UAE/data/arrangement_merged/chr_02/165070.3~A2.K_2R.png,0,2.712867883780548,,0.003190279006958,0.4025995755380794,chromosome
0,0.0022249221801757,165070,165070.3~A30.K_2,2,,normal,165070.3~A30.K_2L.png,165070.3~A30.K_2R.png,train,/data5/chensx/MyProject/UAE/data/arrangement_merged/chr_02/165070.3~A30.K_2L.png,/data5/chensx/MyProject/UAE/data/arrangement_merged/chr_02/165070.3~A30.K_2R.png,0,1.3528976804300814,,0.0022249221801757,-2.5511855579797027,chromosome
0,0.003147006034851,165070,165070.3~A35.K_2,2,,normal,165070.3~A35.K_2L.png,165070.3~A35.K_2R.png,train,/data5/chensx/MyProject/UAE/data/arrangement_merged/chr_02/165070.3~A35.K_2L.png,/data5/chensx/MyProject/UAE/data/arrangement_merged/chr_02/165070.3~A35.K_2R.png,0,2.651906018651353,,0.003147006034851,0.2701935489304581,chromosome
0,0.0031771659851074,165070,165070.3~A43.K_2,2,,normal,165070.3~A43.K_2L.png,165070.3~A43.K_2R.png,train,/data5/chensx/MyProject/UAE/data/arrangement_merged/chr_02/165070.3~A43.K_2L.png,/data5/chensx/MyProject/UAE/data/arrangement_merged/chr_02/165070.3~A43.K_2R.png,0,2.694394591317156,,0.0031771659851074,0.3624765371721526,chromosome
0,0.0031027793884277,170215,170215.12~A1.K_2,2,,normal,170215.12~A1.K_2L.png,170215.12~A1.K_2R.png,train,/data5/chensx/MyProject/UAE/data/arrangement_merged/chr_02/170215.12~A1.K_2L.png,/data5/chensx/MyProject/UAE/data/arrangement_merged/chr_02/170215.12~A1.K_2R.png,0,2.326761692243238,,0.0031027793884277,0.13486948316927935,chromosome
0,0.00342458486557,170215,170215.12~A24.K_2,2,,normal,170215.12~A24.K_2L.png,170215.12~A24.K_2R.png,train,/data5/chensx/MyProject/UAE/data/arrangement_merged/chr_02/170215.12~A24.K_2L.png,/data5/chensx/MyProject/UAE/data/arrangement_merged/chr_02/170215.12~A24.K_2R.png,0,2.7491806229101705,,0.00342458486557,1.1195253201573998,chromosome
0,0.0030760169029235,170215,170215.12~A31.K_2,2,,normal,170215.12~A31.K_2L.png,170215.12~A31.K_2R.png,train,/data5/chensx/MyProject/UAE/data/arrangement_merged/chr_02/170215.12~A31.K_2L.png,/data5/chensx/MyProject/UAE/data/arrangement_merged/chr_02/170215.12~A31.K_2R.png,0,2.291631834886421,,0.0030760169029235,0.052982009413299176,chromosome
0,0.0035668015480041,170215,170215.12~A33.K_2,2,,normal,170215.12~A33.K_2L.png,170215.12~A33.K_2R.png,train,/data5/chensx/MyProject/UAE/data/arrangement_merged/chr_02/170215.12~A33.K_2L.png,/data5/chensx/MyProject/UAE/data/arrangement_merged/chr_02/170215.12~A33.K_2R.png,1,2.935861780267329,,0.0035668015480041,1.5546779089801828,chromosome
0,0.0027570128440856,170215,170215.12~A44.K_2,2,,normal,170215.12~A44.K_2L.png,170215.12~A44.K_2R.png,train,/data5/chensx/MyProject/UAE/data/arrangement_merged/chr_02/170215.12~A44.K_2L.png,/data5/chensx/MyProject/UAE/data/arrangement_merged/chr_02/170215.12~A44.K_2R.png,0,1.8728901944105147,,0.0027570128440856,-0.923102087560424,chromosome
0,0.0034471750259399,170215,170215.12~A47.K_2,2,,normal,170215.12~A47.K_2L.png,170215.12~A47.K_2R.png,train,/data5/chensx/MyProject/UAE/data/arrangement_merged/chr_02/170215.12~A47.K_2L.png,/data5/chensx/MyProject/UAE/data/arrangement_merged/chr_02/170215.12~A47.K_2R.png,1,2.778833665088864,,0.0034471750259399,1.1886463726150749,chromosome
0,0.0029607415199279,170215,170215.12~A48.K_2,2,,normal,170215.12~A48.K_2L.png,170215.12~A48.K_2R.png,train,/data5/chensx/MyProject/UAE/data/arrangement_merged/chr_02/170215.12~A48.K_2L.png,/data5/chensx/MyProject/UAE/data/arrangement_merged/chr_02/170215.12~A48.K_2R.png,0,2.1403152555365703,,0.0029607415199279,-0.29973597331223045,chromosome
0,0.0028402209281921,170215,170215.12~A49.K_2,2,,normal,170215.12~A49.K_2L.png,170215.12~A49.K_2R.png,train,/data5/chensx/MyProject/UAE/data/arrangement_merged/chr_02/170215.12~A49.K_2L.png,/data5/chensx/MyProject/UAE/data/arrangement_merged/chr_02/170215.12~A49.K_2R.png,0,1.9821135371056504,,0.0028402209281921,-0.6685031713840089,chromosome
0,0.0034296512603759,170215,170215.12~A6.K_2,2,,normal,170215.12~A6.K_2L.png,170215.12~A6.K_2R.png,train,/data5/chensx/MyProject/UAE/data/arrangement_merged/chr_02/170215.12~A6.K_2L.png,/data5/chensx/MyProject/UAE/data/arrangement_merged/chr_02/170215.12~A6.K_2R.png,1,2.7558310413407483,,0.0034296512603759,1.1350274031623753,chromosome
0,0.0023075938224792,170215,170215.12~A7.K_2,2,,normal,170215.12~A7.K_2L.png,170215.12~A7.K_2R.png,train,/data5/chensx/MyProject/UAE/data/arrangement_merged/chr_02/170215.12~A7.K_2L.png,/data5/chensx/MyProject/UAE/data/arrangement_merged/chr_02/170215.12~A7.K_2R.png,0,1.2829589595098534,,0.0023075938224792,-2.298228038827413,chromosome
0,0.0030192136764526,170215,170215.13~A21.K_2,2,,normal,170215.13~A21.K_2L.png,170215.13~A21.K_2R.png,train,/data5/chensx/MyProject/UAE/data/arrangement_merged/chr_02/170215.13~A21.K_2L.png,/data5/chensx/MyProject/UAE/data/arrangement_merged/chr_02/170215.13~A21.K_2R.png,0,2.2170689082471204,,0.0030192136764526,-0.12082369768968243,chromosome
0,0.0031175017356872,170215,170215.13~A36.K_2,2,,normal,170215.13~A36.K_2L.png,170215.13~A36.K_2R.png,train,/data5/chensx/MyProject/UAE/data/arrangement_merged/chr_02/170215.13~A36.K_2L.png,/data5/chensx/MyProject/UAE/data/arrangement_merged/chr_02/170215.13~A36.K_2R.png,0,2.346087025800329,,0.0031175017356872,0.17991671260727407,chromosome
0,0.0035828351974487,170215,170215.13~A44.K_2,2,,normal,170215.13~A44.K_2L.png,170215.13~A44.K_2R.png,train,/data5/chensx/MyProject/UAE/data/arrangement_merged/chr_02/170215.13~A44.K_2L.png,/data5/chensx/MyProject/UAE/data/arrangement_merged/chr_02/170215.13~A44.K_2R.png,1,2.956908398594688,,0.0035828351974487,1.6037374422548933,chromosome
0,0.0031335949897766,170215,170215.13~A47.K_2,2,,normal,170215.13~A47.K_2L.png,170215.13~A47.K_2R.png,train,/data5/chensx/MyProject/UAE/data/arrangement_merged/chr_02/170215.13~A47.K_2L.png,/data5/chensx/MyProject/UAE/data/arrangement_merged/chr_02/170215.13~A47.K_2R.png,0,2.367211884344517,,0.0031335949897766,0.22915862332917789,chromosome
0,0.0033956170082092,170215,170215.13~A5.K_2,2,,normal,170215.13~A5.K_2L.png,170215.13~A5.K_2R.png,train,/data5/chensx/MyProject/UAE/data/arrangement_merged/chr_02/170215.13~A5.K_2L.png,/data5/chensx/MyProject/UAE/data/arrangement_merged/chr_02/170215.13~A5.K_2R.png,0,2.711155877530632,,0.0033956170082092,1.0308898808583409,chromosome
0,0.0033548474311828,170215,170215.1~A9.K_2,2,,normal,170215.1~A9.K_2L.png,170215.1~A9.K_2R.png,train,/data5/chensx/MyProject/UAE/data/arrangement_merged/chr_02/170215.1~A9.K_2L.png,/data5/chensx/MyProject/UAE/data/arrangement_merged/chr_02/170215.1~A9.K_2R.png,0,2.6576395692186887,,0.0033548474311828,0.9061437070297647,chromosome
0,0.002896249294281,170215,170215.2~A19.K_2,2,,normal,170215.2~A19.K_2L.png,170215.2~A19.K_2R.png,train,/data5/chensx/MyProject/UAE/data/arrangement_merged/chr_02/170215.2~A19.K_2L.png,/data5/chensx/MyProject/UAE/data/arrangement_merged/chr_02/170215.2~A19.K_2R.png,0,2.055659340926157,,0.002896249294281,-0.4970683710933127,chromosome
0,0.002686321735382,170215,170215.2~A2.K_2,2,,normal,170215.2~A2.K_2L.png,170215.2~A2.K_2R.png,train,/data5/chensx/MyProject/UAE/data/arrangement_merged/chr_02/170215.2~A2.K_2L.png,/data5/chensx/MyProject/UAE/data/arrangement_merged/chr_02/170215.2~A2.K_2R.png,0,1.7800972972497475,,0.002686321735382,-1.1394017398419243,chromosome
0,0.0025577545166015,170215,170215.2~A23.K_2,2,,normal,170215.2~A23.K_2L.png,170215.2~A23.K_2R.png,train,/data5/chensx/MyProject/UAE/data/arrangement_merged/chr_02/170215.2~A23.K_2L.png,/data5/chensx/MyProject/UAE/data/arrangement_merged/chr_02/170215.2~A23.K_2R.png,0,1.6113331495467331,,0.0025577545166015,-1.532789893274654,chromosome
0,0.0026420950889587,170215,170215.2~A33.K_2,2,,normal,170215.2~A33.K_2L.png,170215.2~A33.K_2R.png,train,/data5/chensx/MyProject/UAE/data/arrangement_merged/chr_02/170215.2~A33.K_2L.png,/data5/chensx/MyProject/UAE/data/arrangement_merged/chr_02/170215.2~A33.K_2R.png,0,1.7220430563616451,,0.0026420950889587,-1.274725805603103,chromosome
0,0.0028934478759765,170215,170215.2~A4.K_2,2,,normal,170215.2~A4.K_2L.png,170215.2~A4.K_2R.png,train,/data5/chensx/MyProject/UAE/data/arrangement_merged/chr_02/170215.2~A4.K_2L.png,/data5/chensx/MyProject/UAE/data/arrangement_merged/chr_02/170215.2~A4.K_2R.png,0,2.051982050735132,,0.0028934478759765,-0.505640111108015,chromosome
0,0.0028934478759765,170215,170215.3~A32.K_2,2,,normal,170215.3~A32.K_2L.png,170215.3~A32.K_2R.png,train,/data5/chensx/MyProject/UAE/data/arrangement_merged/chr_02/170215.3~A32.K_2L.png,/data5/chensx/MyProject/UAE/data/arrangement_merged/chr_02/170215.3~A32.K_2R.png,0,2.051982050735132,,0.0028934478759765,-0.505640111108015,chromosome
0,0.0025297403335571,170215,170215.3~A33.K_2,2,,normal,170215.3~A33.K_2L.png,170215.3~A33.K_2R.png,train,/data5/chensx/MyProject/UAE/data/arrangement_merged/chr_02/170215.3~A33.K_2L.png,/data5/chensx/MyProject/UAE/data/arrangement_merged/chr_02/170215.3~A33.K_2R.png,0,1.57456024763648,,0.0025297403335571,-1.6185072934198503,chromosome
0,0.0036410093307495,170215,170215.3~A38.K_2,2,,normal,170215.3~A38.K_2L.png,170215.3~A38.K_2R.png,train,/data5/chensx/MyProject/UAE/data/arrangement_merged/chr_02/170215.3~A38.K_2L.png,/data5/chensx/MyProject/UAE/data/arrangement_merged/chr_02/170215.3~A38.K_2R.png,1,3.033270850221086,,0.0036410093307495,1.7817378306417828,chromosome
0,0.0027128458023071,170215,170215.3~A41.K_2,2,,normal,170215.3~A41.K_2L.png,170215.3~A41.K_2R.png,train,/data5/chensx/MyProject/UAE/data/arrangement_merged/chr_02/170215.3~A41.K_2L.png,/data5/chensx/MyProject/UAE/data/arrangement_merged/chr_02/170215.3~A41.K_2R.png,0,1.8149141937392428,,0.0027128458023071,-1.0582437758744108,chromosome
0,0.0028408169746398,170215,170215.3~A47.K_2,2,,normal,170215.3~A47.K_2L.png,170215.3~A47.K_2R.png,train,/data5/chensx/MyProject/UAE/data/arrangement_merged/chr_02/170215.3~A47.K_2L.png,/data5/chensx/MyProject/UAE/data/arrangement_merged/chr_02/170215.3~A47.K_2R.png,0,1.9828959392739536,,0.0028408169746398,-0.6666793969129969,chromosome
0,0.0031504034996032,179083,179083.12~A20.K_2,2,,normal,179083.12~A20.K_2L.png,179083.12~A20.K_2R.png,train,/data5/chensx/MyProject/UAE/data/arrangement_merged/chr_02/179083.12~A20.K_2L.png,/data5/chensx/MyProject/UAE/data/arrangement_merged/chr_02/179083.12~A20.K_2R.png,0,2.943989957828643,,0.0031504034996032,0.28058906341617246,chromosome
0,0.0031590461730957,179083,179083.12~A37.K_2,2,,normal,179083.12~A37.K_2L.png,179083.12~A37.K_2R.png,train,/data5/chensx/MyProject/UAE/data/arrangement_merged/chr_02/179083.12~A37.K_2L.png,/data5/chensx/MyProject/UAE/data/arrangement_merged/chr_02/179083.12~A37.K_2R.png,0,2.956986432455395,,0.0031590461730957,0.30703379324844227,chromosome
0,0.0029780268669128,179083,179083.12~A39.K_2,2,,normal,179083.12~A39.K_2L.png,179083.12~A39.K_2R.png,train,/data5/chensx/MyProject/UAE/data/arrangement_merged/chr_02/179083.12~A39.K_2L.png,/data5/chensx/MyProject/UAE/data/arrangement_merged/chr_02/179083.12~A39.K_2R.png,0,2.684777512169556,,0.0029780268669128,-0.24684651364799737,chromosome
0,0.0035195350646972,179083,179083.12~A47.K_2,2,,normal,179083.12~A47.K_2L.png,179083.12~A47.K_2R.png,train,/data5/chensx/MyProject/UAE/data/arrangement_merged/chr_02/179083.12~A47.K_2L.png,/data5/chensx/MyProject/UAE/data/arrangement_merged/chr_02/179083.12~A47.K_2R.png,1,3.4990738706802085,,0.0035195350646972,1.4100525934158352,chromosome
0,0.0028592944145202,179083,179083.12~A9.K_2,2,,normal,179083.12~A9.K_2L.png,179083.12~A9.K_2R.png,train,/data5/chensx/MyProject/UAE/data/arrangement_merged/chr_02/179083.12~A9.K_2L.png,/data5/chensx/MyProject/UAE/data/arrangement_merged/chr_02/179083.12~A9.K_2R.png,0,2.506232840055828,,0.0028592944145202,-0.610142388306436,chromosome
0,0.0024384260177612,179083,179083.13~A11.K_2,2,,normal,179083.13~A11.K_2L.png,179083.13~A11.K_2R.png,train,/data5/chensx/MyProject/UAE/data/arrangement_merged/chr_02/179083.13~A11.K_2L.png,/data5/chensx/MyProject/UAE/data/arrangement_merged/chr_02/179083.13~A11.K_2R.png,0,1.8733493411627384,,0.0024384260177612,-1.8979095424041033,chromosome
0,0.0027660727500915,179083,179083.13~A13.K_2,2,,normal,179083.13~A13.K_2L.png,179083.13~A13.K_2R.png,train,/data5/chensx/MyProject/UAE/data/arrangement_merged/chr_02/179083.13~A13.K_2L.png,/data5/chensx/MyProject/UAE/data/arrangement_merged/chr_02/179083.13~A13.K_2R.png,0,2.3660501758058925,,0.0027660727500915,-0.8953807155984169,chromosome
0,0.0026042461395263,179083,179083.13~A14.K_2,2,,normal,179083.13~A14.K_2L.png,179083.13~A14.K_2R.png,train,/data5/chensx/MyProject/UAE/data/arrangement_merged/chr_02/179083.13~A14.K_2L.png,/data5/chensx/MyProject/UAE/data/arrangement_merged/chr_02/179083.13~A14.K_2R.png,0,2.1227023922773927,,0.0026042461395263,-1.390535484522897,chromosome
0,0.0032897591590881,179083,179083.13~A2.K_2,2,,normal,179083.13~A2.K_2L.png,179083.13~A2.K_2R.png,train,/data5/chensx/MyProject/UAE/data/arrangement_merged/chr_02/179083.13~A2.K_2L.png,/data5/chensx/MyProject/UAE/data/arrangement_merged/chr_02/179083.13~A2.K_2R.png,0,3.153546907327587,,0.0032897591590881,0.7069875347773652,chromosome
0,0.0033204555511474,179083,179083.13~A22.K_2,2,,normal,179083.13~A22.K_2L.png,179083.13~A22.K_2R.png,train,/data5/chensx/MyProject/UAE/data/arrangement_merged/chr_02/179083.13~A22.K_2L.png,/data5/chensx/MyProject/UAE/data/arrangement_merged/chr_02/179083.13~A22.K_2R.png,0,3.199706799967432,,0.0033204555511474,0.800911920042877,chromosome
0,0.0033209323883056,179083,179083.13~A26.K_2,2,,normal,179083.13~A26.K_2L.png,179083.13~A26.K_2R.png,train,/data5/chensx/MyProject/UAE/data/arrangement_merged/chr_02/179083.13~A26.K_2L.png,/data5/chensx/MyProject/UAE/data/arrangement_merged/chr_02/179083.13~A26.K_2R.png,0,3.2004238468433903,,0.0033209323883056,0.8023709396198091,chromosome
0,0.0030651092529296,179083,179083.13~A34.K_2,2,,normal,179083.13~A34.K_2L.png,179083.13~A34.K_2R.png,train,/data5/chensx/MyProject/UAE/data/arrangement_merged/chr_02/179083.13~A34.K_2L.png,/data5/chensx/MyProject/UAE/data/arrangement_merged/chr_02/179083.13~A34.K_2R.png,0,2.815728197891522,,0.0030651092529296,0.0196069365907575,chromosome
0,0.003780722618103,179083,179083.13~A39.K_2,2,,normal,179083.13~A39.K_2L.png,179083.13~A39.K_2R.png,train,/data5/chensx/MyProject/UAE/data/arrangement_merged/chr_02/179083.13~A39.K_2L.png,/data5/chensx/MyProject/UAE/data/arrangement_merged/chr_02/179083.13~A39.K_2R.png,1,3.891836296986612,,0.003780722618103,2.209230566685521,chromosome
0,0.0032033920288085,179083,179083.14~A14.K_2,2,,normal,179083.14~A14.K_2L.png,179083.14~A14.K_2R.png,train,/data5/chensx/MyProject/UAE/data/arrangement_merged/chr_02/179083.14~A14.K_2L.png,/data5/chensx/MyProject/UAE/data/arrangement_merged/chr_02/179083.14~A14.K_2R.png,0,3.023671791919559,,0.0032033920288085,0.44272261390370105,chromosome
0,0.0036478042602539,179083,179083.14~A18.K_2,2,,normal,179083.14~A18.K_2L.png,179083.14~A18.K_2R.png,train,/data5/chensx/MyProject/UAE/data/arrangement_merged/chr_02/179083.14~A18.K_2L.png,/data5/chensx/MyProject/UAE/data/arrangement_merged/chr_02/179083.14~A18.K_2R.png,1,3.691959480313112,,0.0036478042602539,1.8025288596132127,chromosome
0,0.0028057694435119,179083,179083.14~A2.K_2,2,,normal,179083.14~A2.K_2L.png,179083.14~A2.K_2R.png,train,/data5/chensx/MyProject/UAE/data/arrangement_merged/chr_02/179083.14~A2.K_2L.png,/data5/chensx/MyProject/UAE/data/arrangement_merged/chr_02/179083.14~A2.K_2R.png,0,2.425744328229458,,0.0028057694435119,-0.7739173358180884,chromosome
0,0.0033077597618103,179083,179083.14~A27.K_2,2,,normal,179083.14~A27.K_2L.png,179083.14~A27.K_2R.png,train,/data5/chensx/MyProject/UAE/data/arrangement_merged/chr_02/179083.14~A27.K_2L.png,/data5/chensx/MyProject/UAE/data/arrangement_merged/chr_02/179083.14~A27.K_2R.png,0,3.180615426895029,,0.0033077597618103,0.7620655238069954,chromosome
0,0.0030022859573364,179083,179083.14~A28.K_2,2,,normal,179083.14~A28.K_2L.png,179083.14~A28.K_2R.png,train,/data5/chensx/MyProject/UAE/data/arrangement_merged/chr_02/179083.14~A28.K_2L.png,/data5/chensx/MyProject/UAE/data/arrangement_merged/chr_02/179083.14~A28.K_2R.png,0,2.721257271983957,,0.0030022859573364,-0.17261889267106226,chromosome
0,0.003390610218048,179083,179083.14~A39.K_2,2,,normal,179083.14~A39.K_2L.png,179083.14~A39.K_2R.png,train,/data5/chensx/MyProject/UAE/data/arrangement_merged/chr_02/179083.14~A39.K_2L.png,/data5/chensx/MyProject/UAE/data/arrangement_merged/chr_02/179083.14~A39.K_2R.png,0,3.305202321592862,,0.003390610218048,1.0155701753002522,chromosome
0,0.0031445622444152,179083,179083.14~A44.K_2,2,,normal,179083.14~A44.K_2L.png,179083.14~A44.K_2R.png,train,/data5/chensx/MyProject/UAE/data/arrangement_merged/chr_02/179083.14~A44.K_2L.png,/data5/chensx/MyProject/UAE/data/arrangement_merged/chr_02/179083.14~A44.K_2R.png,0,2.9352061335981485,,0.0031445622444152,0.2627160735986063,chromosome
0,0.0030881166458129,179083,179083.14~A7.K_2,2,,normal,179083.14~A7.K_2L.png,179083.14~A7.K_2R.png,train,/data5/chensx/MyProject/UAE/data/arrangement_merged/chr_02/179083.14~A7.K_2L.png,/data5/chensx/MyProject/UAE/data/arrangement_merged/chr_02/179083.14~A7.K_2R.png,0,2.8503257096565315,,0.0030881166458129,0.09000463117817009,chromosome
0,0.0034378767013549,179083,179083.1~A24.K_2,2,,normal,179083.1~A24.K_2L.png,179083.1~A24.K_2R.png,train,/data5/chensx/MyProject/UAE/data/arrangement_merged/chr_02/179083.1~A24.K_2L.png,/data5/chensx/MyProject/UAE/data/arrangement_merged/chr_02/179083.1~A24.K_2R.png,1,3.376279593172273,,0.0034378767013549,1.1601954908646,chromosome
0,0.0036550760269165,179083,179083.2~A1.K_2,2,,normal,179083.2~A1.K_2L.png,179083.2~A1.K_2R.png,train,/data5/chensx/MyProject/UAE/data/arrangement_merged/chr_02/179083.2~A1.K_2L.png,/data5/chensx/MyProject/UAE/data/arrangement_merged/chr_02/179083.2~A1.K_2R.png,1,3.7028944451714825,,0.0036550760269165,1.8247789081615735,chromosome
0,0.0032025575637817,179083,179083.2~A12.K_2,2,,normal,179083.2~A12.K_2L.png,179083.2~A12.K_2R.png,train,/data5/chensx/MyProject/UAE/data/arrangement_merged/chr_02/179083.2~A12.K_2L.png,/data5/chensx/MyProject/UAE/data/arrangement_merged/chr_02/179083.2~A12.K_2R.png,0,3.022416959886631,,0.0032025575637817,0.4401693296442237,chromosome
0,0.0032589435577392,179083,179083.2~A14.K_2,2,,normal,179083.2~A14.K_2L.png,179083.2~A14.K_2R.png,train,/data5/chensx/MyProject/UAE/data/arrangement_merged/chr_02/179083.2~A14.K_2L.png,/data5/chensx/MyProject/UAE/data/arrangement_merged/chr_02/179083.2~A14.K_2R.png,0,3.107207752968753,,0.0032589435577392,0.6126983946174667,chromosome
0,0.0034976005554199,179083,179083.2~A18.K_2,2,,normal,179083.2~A18.K_2L.png,179083.2~A18.K_2R.png,train,/data5/chensx/MyProject/UAE/data/arrangement_merged/chr_02/179083.2~A18.K_2L.png,/data5/chensx/MyProject/UAE/data/arrangement_merged/chr_02/179083.2~A18.K_2R.png,1,3.466089714386106,,0.0034976005554199,1.3429376928766716,chromosome
0,0.002981424331665,179083,179083.2~A20.K_2,2,,normal,179083.2~A20.K_2L.png,179083.2~A20.K_2R.png,train,/data5/chensx/MyProject/UAE/data/arrangement_merged/chr_02/179083.2~A20.K_2L.png,/data5/chensx/MyProject/UAE/data/arrangement_merged/chr_02/179083.2~A20.K_2R.png,0,2.689886471160762,,0.002981424331665,-0.23645099916228302,chromosome
0,0.0030585527420043,179083,179083.2~A26.K_2,2,,normal,179083.2~A26.K_2L.png,179083.2~A26.K_2R.png,train,/data5/chensx/MyProject/UAE/data/arrangement_merged/chr_02/179083.2~A26.K_2L.png,/data5/chensx/MyProject/UAE/data/arrangement_merged/chr_02/179083.2~A26.K_2R.png,0,2.805868803347089,,0.0030585527420043,-0.0004545825922059011,chromosome
0,0.0028191804885864,179083,179083.2~A3.K_2,2,,normal,179083.2~A3.K_2L.png,179083.2~A3.K_2R.png,train,/data5/chensx/MyProject/UAE/data/arrangement_merged/chr_02/179083.2~A3.K_2L.png,/data5/chensx/MyProject/UAE/data/arrangement_merged/chr_02/179083.2~A3.K_2R.png,0,2.445911271615798,,0.0028191804885864,-0.7328824102165017,chromosome
0,0.0028769969940185,179083,179083.2~A31.K_2,2,,normal,179083.2~A31.K_2L.png,179083.2~A31.K_2R.png,train,/data5/chensx/MyProject/UAE/data/arrangement_merged/chr_02/179083.2~A31.K_2L.png,/data5/chensx/MyProject/UAE/data/arrangement_merged/chr_02/179083.2~A31.K_2R.png,0,2.532853205325796,,0.0028769969940185,-0.5559762865124642,chromosome
0,0.0033864974975585,179083,179083.2~A35.K_2,2,,normal,179083.2~A35.K_2L.png,179083.2~A35.K_2R.png,train,/data5/chensx/MyProject/UAE/data/arrangement_merged/chr_02/179083.2~A35.K_2L.png,/data5/chensx/MyProject/UAE/data/arrangement_merged/chr_02/179083.2~A35.K_2R.png,0,3.2990177922877177,,0.0033864974975585,1.0029861314491404,chromosome
0,0.0032318830490112,179083,179083.2~A38.K_2,2,,normal,179083.2~A38.K_2L.png,179083.2~A38.K_2R.png,train,/data5/chensx/MyProject/UAE/data/arrangement_merged/chr_02/179083.2~A38.K_2L.png,/data5/chensx/MyProject/UAE/data/arrangement_merged/chr_02/179083.2~A38.K_2R.png,0,3.066515342758094,,0.0032318830490112,0.5298990336261343,chromosome
0,0.0026180744171142,179083,179083.3~A1.K_2,2,,normal,179083.3~A1.K_2L.png,179083.3~A1.K_2R.png,train,/data5/chensx/MyProject/UAE/data/arrangement_merged/chr_02/179083.3~A1.K_2L.png,/data5/chensx/MyProject/UAE/data/arrangement_merged/chr_02/179083.3~A1.K_2R.png,0,2.143496751680196,,0.0026180744171142,-1.3482239167915715,chromosome
0,0.0028533935546875,179083,179083.3~A24.K_2,2,,normal,179083.3~A24.K_2L.png,179083.3~A24.K_2R.png,train,/data5/chensx/MyProject/UAE/data/arrangement_merged/chr_02/179083.3~A24.K_2L.png,/data5/chensx/MyProject/UAE/data/arrangement_merged/chr_02/179083.3~A24.K_2R.png,0,2.497359384965838,,0.0028533935546875,-0.6281977555708889,chromosome
0,0.0028121471405029,179083,179083.3~A27.K_2,2,,normal,179083.3~A27.K_2L.png,179083.3~A27.K_2R.png,train,/data5/chensx/MyProject/UAE/data/arrangement_merged/chr_02/179083.3~A27.K_2L.png,/data5/chensx/MyProject/UAE/data/arrangement_merged/chr_02/179083.3~A27.K_2R.png,0,2.4353348301954063,,0.0028121471405029,-0.754402948976397,chromosome
0,0.0030536651611328,179083,179083.4~A34.K_2,2,,normal,179083.4~A34.K_2L.png,179083.4~A34.K_2R.png,train,/data5/chensx/MyProject/UAE/data/arrangement_merged/chr_02/179083.4~A34.K_2L.png,/data5/chensx/MyProject/UAE/data/arrangement_merged/chr_02/179083.4~A34.K_2R.png,0,2.7985190728685123,,0.0030536651611328,-0.015409533255602901,chromosome
0,0.003438115119934,180371,180371.11~A18.K_2,2,,normal,180371.11~A18.K_2L.png,180371.11~A18.K_2R.png,train,/data5/chensx/MyProject/UAE/data/arrangement_merged/chr_02/180371.11~A18.K_2L.png,/data5/chensx/MyProject/UAE/data/arrangement_merged/chr_02/180371.11~A18.K_2R.png,1,3.144866550049674,,0.003438115119934,1.1609250006530665,chromosome
0,0.0032570958137512,180371,180371.11~A42.K_2,2,,normal,180371.11~A42.K_2L.png,180371.11~A42.K_2R.png,train,/data5/chensx/MyProject/UAE/data/arrangement_merged/chr_02/180371.11~A42.K_2L.png,/data5/chensx/MyProject/UAE/data/arrangement_merged/chr_02/180371.11~A42.K_2R.png,0,2.885197011278301,,0.0032570958137512,0.607044693756932,chromosome
0,0.0025069117546081,180371,180371.11~A50.K_2,2,,normal,180371.11~A50.K_2L.png,180371.11~A50.K_2R.png,train,/data5/chensx/MyProject/UAE/data/arrangement_merged/chr_02/180371.11~A50.K_2L.png,/data5/chensx/MyProject/UAE/data/arrangement_merged/chr_02/180371.11~A50.K_2R.png,0,1.8090689852735256,,0.0025069117546081,-1.6883578556659895,chromosome
0,0.0030562877655029,180371,180371.13~A44.K_2,2,,normal,180371.13~A44.K_2L.png,180371.13~A44.K_2R.png,train,/data5/chensx/MyProject/UAE/data/arrangement_merged/chr_02/180371.13~A44.K_2L.png,/data5/chensx/MyProject/UAE/data/arrangement_merged/chr_02/180371.13~A44.K_2R.png,0,2.5971408123580657,,0.0030562877655029,-0.007384925582477786,chromosome
0,0.0029845237731933,180371,180371.14~A1.K_2,2,,normal,180371.14~A1.K_2L.png,180371.14~A1.K_2R.png,train,/data5/chensx/MyProject/UAE/data/arrangement_merged/chr_02/180371.14~A1.K_2L.png,/data5/chensx/MyProject/UAE/data/arrangement_merged/chr_02/180371.14~A1.K_2R.png,0,2.4941964183242384,,0.0029845237731933,-0.22696737191222727,chromosome
0,0.0030273795127868,180371,180371.1~A15.K_2,2,,normal,180371.1~A15.K_2L.png,180371.1~A15.K_2R.png,train,/data5/chensx/MyProject/UAE/data/arrangement_merged/chr_02/180371.1~A15.K_2L.png,/data5/chensx/MyProject/UAE/data/arrangement_merged/chr_02/180371.1~A15.K_2R.png,0,2.555672347983974,,0.0030273795127868,-0.0958379874346498,chromosome
0,0.0029019117355346,180371,180371.1~A25.K_2,2,,normal,180371.1~A25.K_2L.png,180371.1~A25.K_2R.png,train,/data5/chensx/MyProject/UAE/data/arrangement_merged/chr_02/180371.1~A25.K_2L.png,/data5/chensx/MyProject/UAE/data/arrangement_merged/chr_02/180371.1~A25.K_2R.png,0,2.375690662401577,,0.0029019117355346,-0.4797425136173251,chromosome
0,0.0033805966377258,180371,180371.1~A33.K_2,2,,normal,180371.1~A33.K_2L.png,180371.1~A33.K_2R.png,train,/data5/chensx/MyProject/UAE/data/arrangement_merged/chr_02/180371.1~A33.K_2L.png,/data5/chensx/MyProject/UAE/data/arrangement_merged/chr_02/180371.1~A33.K_2R.png,0,3.0623571312434925,,0.0033805966377258,0.9849307641846876,chromosome
0,0.003702163696289,180371,180371.1~A35.K_2,2,,normal,180371.1~A35.K_2L.png,180371.1~A35.K_2R.png,train,/data5/chensx/MyProject/UAE/data/arrangement_merged/chr_02/180371.1~A35.K_2L.png,/data5/chensx/MyProject/UAE/data/arrangement_merged/chr_02/180371.1~A35.K_2R.png,1,3.5236403586625107,,0.003702163696289,1.9688570913843426,chromosome
0,0.0031328201293945,180371,180371.2~A15.K_2,2,,normal,180371.2~A15.K_2L.png,180371.2~A15.K_2R.png,train,/data5/chensx/MyProject/UAE/data/arrangement_merged/chr_02/180371.2~A15.K_2L.png,/data5/chensx/MyProject/UAE/data/arrangement_merged/chr_02/180371.2~A15.K_2R.png,0,2.706925365463908,,0.0031328201293945,0.2267877165165873,chromosome
0,0.0031113624572753,180371,180371.2~A16.K_2,2,,normal,180371.2~A16.K_2L.png,180371.2~A16.K_2R.png,train,/data5/chensx/MyProject/UAE/data/arrangement_merged/chr_02/180371.2~A16.K_2L.png,/data5/chensx/MyProject/UAE/data/arrangement_merged/chr_02/180371.2~A16.K_2R.png,0,2.67614464963984,,0.0031113624572753,0.16113183555404934,chromosome
0,0.0033583641052246,180371,180371.2~A21.K_2,2,,normal,180371.2~A21.K_2L.png,180371.2~A21.K_2R.png,train,/data5/chensx/MyProject/UAE/data/arrangement_merged/chr_02/180371.2~A21.K_2L.png,/data5/chensx/MyProject/UAE/data/arrangement_merged/chr_02/180371.2~A21.K_2R.png,0,3.0304648895702218,,0.0033583641052246,0.9169039764098642,chromosome
0,0.0032567977905273,180371,180371.2~A41.K_2,2,,normal,180371.2~A41.K_2L.png,180371.2~A41.K_2R.png,train,/data5/chensx/MyProject/UAE/data/arrangement_merged/chr_02/180371.2~A41.K_2L.png,/data5/chensx/MyProject/UAE/data/arrangement_merged/chr_02/180371.2~A41.K_2R.png,0,2.8847695013363004,,0.0032567977905273,0.6061328065212734,chromosome
0,0.002513825893402,180371,180371.2~A49.K_2,2,,normal,180371.2~A49.K_2L.png,180371.2~A49.K_2R.png,train,/data5/chensx/MyProject/UAE/data/arrangement_merged/chr_02/180371.2~A49.K_2L.png,/data5/chensx/MyProject/UAE/data/arrangement_merged/chr_02/180371.2~A49.K_2R.png,0,1.8189872159279477,,0.002513825893402,-1.6672020718004807,chromosome
0,0.0026419162750244,180371,180371.3~A2.K_2,2,,normal,180371.3~A2.K_2L.png,180371.3~A2.K_2R.png,train,/data5/chensx/MyProject/UAE/data/arrangement_merged/chr_02/180371.3~A2.K_2L.png,/data5/chensx/MyProject/UAE/data/arrangement_merged/chr_02/180371.3~A2.K_2R.png,0,2.002730988999953,,0.0026419162750244,-1.275272937944375,chromosome
0,0.0027579069137573,180371,180371.3~A25.K_2,2,,normal,180371.3~A25.K_2L.png,180371.3~A25.K_2R.png,train,/data5/chensx/MyProject/UAE/data/arrangement_merged/chr_02/180371.3~A25.K_2L.png,/data5/chensx/MyProject/UAE/data/arrangement_merged/chr_02/180371.3~A25.K_2R.png,0,2.1691178584267203,,0.0027579069137573,-0.9203664258534482,chromosome
0,0.0036226511001586,180371,180371.3~A45.K_2,2,,normal,180371.3~A45.K_2L.png,180371.3~A45.K_2R.png,train,/data5/chensx/MyProject/UAE/data/arrangement_merged/chr_02/180371.3~A45.K_2L.png,/data5/chensx/MyProject/UAE/data/arrangement_merged/chr_02/180371.3~A45.K_2R.png,1,3.409580706136659,,0.0036226511001586,1.7255655769293006,chromosome
0,0.0028824806213378,180371,180371.3~A9.K_2,2,,normal,180371.3~A9.K_2L.png,180371.3~A9.K_2R.png,train,/data5/chensx/MyProject/UAE/data/arrangement_merged/chr_02/180371.3~A9.K_2L.png,/data5/chensx/MyProject/UAE/data/arrangement_merged/chr_02/180371.3~A9.K_2R.png,0,2.347817014183115,,0.0028824806213378,-0.53919756137775,chromosome
0,0.0027453899383544,180371,180371.4~A19.K_2,2,,normal,180371.4~A19.K_2L.png,180371.4~A19.K_2R.png,train,/data5/chensx/MyProject/UAE/data/arrangement_merged/chr_02/180371.4~A19.K_2L.png,/data5/chensx/MyProject/UAE/data/arrangement_merged/chr_02/180371.4~A19.K_2R.png,0,2.151162440862681,,0.0027453899383544,-0.9586656897483643,chromosome
0,0.0030006766319274,180371,180371.4~A20.K_2,2,,normal,180371.4~A20.K_2L.png,180371.4~A20.K_2R.png,train,/data5/chensx/MyProject/UAE/data/arrangement_merged/chr_02/180371.4~A20.K_2L.png,/data5/chensx/MyProject/UAE/data/arrangement_merged/chr_02/180371.4~A20.K_2R.png,0,2.517367457180689,,0.0030006766319274,-0.1775430837434367,chromosome
0,0.0031585693359375,180371,180371.4~A23.K_2,2,,normal,180371.4~A23.K_2L.png,180371.4~A23.K_2R.png,train,/data5/chensx/MyProject/UAE/data/arrangement_merged/chr_02/180371.4~A23.K_2L.png,/data5/chensx/MyProject/UAE/data/arrangement_merged/chr_02/180371.4~A23.K_2R.png,0,2.7438622244527893,,0.0031585693359375,0.30557477367151026,chromosome
0,0.0032563209533691,180371,180371.4~A27.K_2,2,,normal,180371.4~A27.K_2L.png,180371.4~A27.K_2R.png,train,/data5/chensx/MyProject/UAE/data/arrangement_merged/chr_02/180371.4~A27.K_2L.png,/data5/chensx/MyProject/UAE/data/arrangement_merged/chr_02/180371.4~A27.K_2R.png,0,2.884085485429099,,0.0032563209533691,0.6046737869443415,chromosome
0,0.00302654504776,180371,180371.4~A35.K_2,2,,normal,180371.4~A35.K_2L.png,180371.4~A35.K_2R.png,train,/data5/chensx/MyProject/UAE/data/arrangement_merged/chr_02/180371.4~A35.K_2L.png,/data5/chensx/MyProject/UAE/data/arrangement_merged/chr_02/180371.4~A35.K_2R.png,0,2.5544753201463712,,0.00302654504776,-0.09839127169412845,chromosome
0,0.0033333301544189,180371,180371.4~A39.K_2,2,,normal,180371.4~A39.K_2L.png,180371.4~A39.K_2R.png,train,/data5/chensx/MyProject/UAE/data/arrangement_merged/chr_02/180371.4~A39.K_2L.png,/data5/chensx/MyProject/UAE/data/arrangement_merged/chr_02/180371.4~A39.K_2R.png,0,2.9945540544421427,,0.0033333301544189,0.8403054486203398,chromosome
0,0.0030667781829833,180371,180371.4~A44.K_2,2,,normal,180371.4~A44.K_2L.png,180371.4~A44.K_2R.png,train,/data5/chensx/MyProject/UAE/data/arrangement_merged/chr_02/180371.4~A44.K_2L.png,/data5/chensx/MyProject/UAE/data/arrangement_merged/chr_02/180371.4~A44.K_2R.png,0,2.612189162316499,,0.0030667781829833,0.024713505110018696,chromosome
0,0.0031476020812988,182418,182418.13~A1.K_2,2,,normal,182418.13~A1.K_2L.png,182418.13~A1.K_2R.png,train,/data5/chensx/MyProject/UAE/data/arrangement_merged/chr_02/182418.13~A1.K_2L.png,/data5/chensx/MyProject/UAE/data/arrangement_merged/chr_02/182418.13~A1.K_2R.png,0,2.4716406395859183,,0.0031476020812988,0.2720173234017753,chromosome
0,0.0031271576881408,182418,182418.13~A27.K_2,2,,normal,182418.13~A27.K_2L.png,182418.13~A27.K_2R.png,train,/data5/chensx/MyProject/UAE/data/arrangement_merged/chr_02/182418.13~A27.K_2L.png,/data5/chensx/MyProject/UAE/data/arrangement_merged/chr_02/182418.13~A27.K_2R.png,0,2.4439075009446647,,0.0031271576881408,0.20946185904029455,chromosome
0,0.0031707286834716,182418,182418.13~A6.K_2,2,,normal,182418.13~A6.K_2L.png,182418.13~A6.K_2R.png,train,/data5/chensx/MyProject/UAE/data/arrangement_merged/chr_02/182418.13~A6.K_2L.png,/data5/chensx/MyProject/UAE/data/arrangement_merged/chr_02/182418.13~A6.K_2R.png,0,2.5030122366494942,,0.0031707286834716,0.34277977288326794,chromosome
0,0.0025871396064758,182418,182418.14~A44.K_2,2,,normal,182418.14~A44.K_2L.png,182418.14~A44.K_2R.png,train,/data5/chensx/MyProject/UAE/data/arrangement_merged/chr_02/182418.14~A44.K_2L.png,/data5/chensx/MyProject/UAE/data/arrangement_merged/chr_02/182418.14~A44.K_2R.png,0,1.7113645385838532,,0.0025871396064758,-1.44287781184555,chromosome
0,0.0032956600189208,182418,182418.1~A24.K_2,2,,normal,182418.1~A24.K_2L.png,182418.1~A24.K_2R.png,train,/data5/chensx/MyProject/UAE/data/arrangement_merged/chr_02/182418.1~A24.K_2L.png,/data5/chensx/MyProject/UAE/data/arrangement_merged/chr_02/182418.1~A24.K_2R.png,0,2.672483544498088,,0.0032956600189208,0.725042902041818,chromosome
0,0.0031797885894775,182418,182418.2~A16.K_2,2,,normal,182418.2~A16.K_2L.png,182418.2~A16.K_2R.png,train,/data5/chensx/MyProject/UAE/data/arrangement_merged/chr_02/182418.2~A16.K_2L.png,/data5/chensx/MyProject/UAE/data/arrangement_merged/chr_02/182418.2~A16.K_2R.png,0,2.515302140653781,,0.0031797885894775,0.3705011448452764,chromosome
0,0.0030251741409301,182418,182418.2~A2.K_2,2,,normal,182418.2~A2.K_2L.png,182418.2~A2.K_2R.png,train,/data5/chensx/MyProject/UAE/data/arrangement_merged/chr_02/182418.2~A2.K_2L.png,/data5/chensx/MyProject/UAE/data/arrangement_merged/chr_02/182418.2~A2.K_2R.png,0,2.305565226264825,,0.0030251741409301,-0.10258595297803624,chromosome
0,0.002834141254425,182418,182418.2~A3.K_2,2,,normal,182418.2~A3.K_2L.png,182418.2~A3.K_2R.png,train,/data5/chensx/MyProject/UAE/data/arrangement_merged/chr_02/182418.2~A3.K_2L.png,/data5/chensx/MyProject/UAE/data/arrangement_merged/chr_02/182418.2~A3.K_2R.png,0,2.046426131963898,,0.002834141254425,-0.6871056709900417,chromosome
0,0.0032638907432556,182418,182418.2~A33.K_2,2,,normal,182418.2~A33.K_2L.png,182418.2~A33.K_2R.png,train,/data5/chensx/MyProject/UAE/data/arrangement_merged/chr_02/182418.2~A33.K_2L.png,/data5/chensx/MyProject/UAE/data/arrangement_merged/chr_02/182418.2~A33.K_2R.png,0,2.6293880258514752,,0.0032638907432556,0.6278357227283621,chromosome
0,0.0031334161758422,182418,182418.2~A38.K_2,2,,normal,182418.2~A38.K_2L.png,182418.2~A38.K_2R.png,train,/data5/chensx/MyProject/UAE/data/arrangement_merged/chr_02/182418.2~A38.K_2L.png,/data5/chensx/MyProject/UAE/data/arrangement_merged/chr_02/182418.2~A38.K_2R.png,0,2.452397237263416,,0.0031334161758422,0.22861149098759934,chromosome
0,0.0030128955841064,182418,182418.3~A15.K_2,2,,normal,182418.3~A15.K_2L.png,182418.3~A15.K_2R.png,train,/data5/chensx/MyProject/UAE/data/arrangement_merged/chr_02/182418.3~A15.K_2L.png,/data5/chensx/MyProject/UAE/data/arrangement_merged/chr_02/182418.3~A15.K_2R.png,0,2.288909172153752,,0.0030128955841064,-0.14015570708417918,chromosome
0,0.0031858682632446,182418,182418.3~A25.K_2,2,,normal,182418.3~A25.K_2L.png,182418.3~A25.K_2R.png,train,/data5/chensx/MyProject/UAE/data/arrangement_merged/chr_02/182418.3~A25.K_2L.png,/data5/chensx/MyProject/UAE/data/arrangement_merged/chr_02/182418.3~A25.K_2R.png,0,2.523549313077711,,0.0031858682632446,0.38910364445130785,chromosome
0,0.0036277174949645,182418,182418.3~A49.K_2,2,,normal,182418.3~A49.K_2L.png,182418.3~A49.K_2R.png,train,/data5/chensx/MyProject/UAE/data/arrangement_merged/chr_02/182418.3~A49.K_2L.png,/data5/chensx/MyProject/UAE/data/arrangement_merged/chr_02/182418.3~A49.K_2R.png,1,3.1229246971815403,,0.0036277174949645,1.741067659934276,chromosome
0,0.0032017230987548,182418,182418.4~A15.K_2,2,,normal,182418.4~A15.K_2L.png,182418.4~A15.K_2R.png,train,/data5/chensx/MyProject/UAE/data/arrangement_merged/chr_02/182418.4~A15.K_2L.png,/data5/chensx/MyProject/UAE/data/arrangement_merged/chr_02/182418.4~A15.K_2R.png,0,2.545056645085214,,0.0032017230987548,0.4376160453844398,chromosome
0,0.0023391246795654,182418,182418.4~A6.K_2,2,,normal,182418.4~A6.K_2L.png,182418.4~A6.K_2R.png,train,/data5/chensx/MyProject/UAE/data/arrangement_merged/chr_02/182418.4~A6.K_2L.png,/data5/chensx/MyProject/UAE/data/arrangement_merged/chr_02/182418.4~A6.K_2R.png,0,1.3749284164664872,,0.0023391246795654,-2.2017503693021157,chromosome
0,0.0030916333198547,182418,182418.5~A16.K_2,2,,normal,182418.5~A16.K_2L.png,182418.5~A16.K_2R.png,train,/data5/chensx/MyProject/UAE/data/arrangement_merged/chr_02/182418.5~A16.K_2L.png,/data5/chensx/MyProject/UAE/data/arrangement_merged/chr_02/182418.5~A16.K_2R.png,0,2.3957181405068013,,0.0030916333198547,0.10076490055827103,chromosome
0,0.0027764439582824,182418,182418.5~A17.K_2,2,,normal,182418.5~A17.K_2L.png,182418.5~A17.K_2R.png,train,/data5/chensx/MyProject/UAE/data/arrangement_merged/chr_02/182418.5~A17.K_2L.png,/data5/chensx/MyProject/UAE/data/arrangement_merged/chr_02/182418.5~A17.K_2R.png,0,1.9681588485681727,,0.0027764439582824,-0.8636470397999991,chromosome
0,0.0034803748130798,182418,182418.5~A3.K_2,2,,normal,182418.5~A3.K_2L.png,182418.5~A3.K_2R.png,train,/data5/chensx/MyProject/UAE/data/arrangement_merged/chr_02/182418.5~A3.K_2L.png,/data5/chensx/MyProject/UAE/data/arrangement_merged/chr_02/182418.5~A3.K_2R.png,1,2.923052047848657,,0.0034803748130798,1.290230610659632,chromosome
0,0.0033768415451049,182418,182418.5~A30.K_2,2,,normal,182418.5~A30.K_2L.png,182418.5~A30.K_2R.png,train,/data5/chensx/MyProject/UAE/data/arrangement_merged/chr_02/182418.5~A30.K_2L.png,/data5/chensx/MyProject/UAE/data/arrangement_merged/chr_02/182418.5~A30.K_2R.png,0,2.782607552747031,,0.0033768415451049,0.97344098501612,chromosome
0,0.0027384161949157,182418,182418.5~A5.K_2,2,,normal,182418.5~A5.K_2L.png,182418.5~A5.K_2R.png,train,/data5/chensx/MyProject/UAE/data/arrangement_merged/chr_02/182418.5~A5.K_2L.png,/data5/chensx/MyProject/UAE/data/arrangement_merged/chr_02/182418.5~A5.K_2R.png,0,1.916573593602809,,0.0027384161949157,-0.9800038510610664,chromosome
0,0.0029797554016113,182747,182747.11~A42.K_2,2,,normal,182747.11~A42.K_2L.png,182747.11~A42.K_2R.png,train,/data5/chensx/MyProject/UAE/data/arrangement_merged/chr_02/182747.11~A42.K_2L.png,/data5/chensx/MyProject/UAE/data/arrangement_merged/chr_02/182747.11~A42.K_2R.png,0,2.230740950324968,,0.0029797554016113,-0.2415575676815442,chromosome
0,0.0023443698883056,182747,182747.12~A10.K_2,2,,normal,182747.12~A10.K_2L.png,182747.12~A10.K_2R.png,train,/data5/chensx/MyProject/UAE/data/arrangement_merged/chr_02/182747.12~A10.K_2L.png,/data5/chensx/MyProject/UAE/data/arrangement_merged/chr_02/182747.12~A10.K_2R.png,0,1.3827525893278707,,0.0023443698883056,-2.185701153955868,chromosome
0,0.0031757950782775,182747,182747.12~A14.K_2,2,,normal,182747.12~A14.K_2L.png,182747.12~A14.K_2R.png,train,/data5/chensx/MyProject/UAE/data/arrangement_merged/chr_02/182747.12~A14.K_2L.png,/data5/chensx/MyProject/UAE/data/arrangement_merged/chr_02/182747.12~A14.K_2R.png,0,2.4923763836569988,,0.0031757950782775,0.3582818558882435,chromosome
0,0.0030508041381835,182747,182747.12~A18.K_2,2,,normal,182747.12~A18.K_2L.png,182747.12~A18.K_2R.png,train,/data5/chensx/MyProject/UAE/data/arrangement_merged/chr_02/182747.12~A18.K_2L.png,/data5/chensx/MyProject/UAE/data/arrangement_merged/chr_02/182747.12~A18.K_2R.png,0,2.325562913393311,,0.0030508041381835,-0.024163650717498538,chromosome
0,0.0028423070907592,182747,182747.12~A26.K_2,2,,normal,182747.12~A26.K_2L.png,182747.12~A26.K_2R.png,train,/data5/chensx/MyProject/UAE/data/arrangement_merged/chr_02/182747.12~A26.K_2L.png,/data5/chensx/MyProject/UAE/data/arrangement_merged/chr_02/182747.12~A26.K_2R.png,0,2.0473018170736257,,0.0028423070907592,-0.6621199607350091,chromosome
0,0.0029125213623046,182747,182747.12~A28.K_2,2,,normal,182747.12~A28.K_2L.png,182747.12~A28.K_2R.png,train,/data5/chensx/MyProject/UAE/data/arrangement_merged/chr_02/182747.12~A28.K_2L.png,/data5/chensx/MyProject/UAE/data/arrangement_merged/chr_02/182747.12~A28.K_2R.png,0,2.1410100993676764,,0.0029125213623046,-0.44727932803044207,chromosome
0,0.0029622316360473,182747,182747.12~A4.K_2,2,,normal,182747.12~A4.K_2L.png,182747.12~A4.K_2R.png,train,/data5/chensx/MyProject/UAE/data/arrangement_merged/chr_02/182747.12~A4.K_2L.png,/data5/chensx/MyProject/UAE/data/arrangement_merged/chr_02/182747.12~A4.K_2R.png,0,2.207353654064822,,0.0029622316360473,-0.2951765371342426,chromosome
0,0.0029838681221008,182747,182747.13~A33.K_2,2,,normal,182747.13~A33.K_2L.png,182747.13~A33.K_2R.png,train,/data5/chensx/MyProject/UAE/data/arrangement_merged/chr_02/182747.13~A33.K_2L.png,/data5/chensx/MyProject/UAE/data/arrangement_merged/chr_02/182747.13~A33.K_2R.png,0,2.236229805569696,,0.0029838681221008,-0.22897352383043124,chromosome
0,0.0025417804718017,182747,182747.13~A45.K_2,2,,normal,182747.13~A45.K_2L.png,182747.13~A45.K_2R.png,train,/data5/chensx/MyProject/UAE/data/arrangement_merged/chr_02/182747.13~A45.K_2L.png,/data5/chensx/MyProject/UAE/data/arrangement_merged/chr_02/182747.13~A45.K_2R.png,0,1.646217641074811,,0.0025417804718017,-1.5816670491021714,chromosome
0,0.0031689405441284,182747,182747.13~A5.K_2,2,,normal,182747.13~A5.K_2L.png,182747.13~A5.K_2R.png,train,/data5/chensx/MyProject/UAE/data/arrangement_merged/chr_02/182747.13~A5.K_2L.png,/data5/chensx/MyProject/UAE/data/arrangement_merged/chr_02/182747.13~A5.K_2R.png,0,2.483228291582452,,0.0031689405441284,0.33730844946992805,chromosome
0,0.0028967857360839,182747,182747.1~A15.K_2,2,,normal,182747.1~A15.K_2L.png,182747.1~A15.K_2R.png,train,/data5/chensx/MyProject/UAE/data/arrangement_merged/chr_02/182747.1~A15.K_2L.png,/data5/chensx/MyProject/UAE/data/arrangement_merged/chr_02/182747.1~A15.K_2R.png,0,2.120009261909587,,0.0028967857360839,-0.495426974069494,chromosome
0,0.0035167932510375,182747,182747.1~A42.K_2,2,,normal,182747.1~A42.K_2L.png,182747.1~A42.K_2R.png,train,/data5/chensx/MyProject/UAE/data/arrangement_merged/chr_02/182747.1~A42.K_2L.png,/data5/chensx/MyProject/UAE/data/arrangement_merged/chr_02/182747.1~A42.K_2R.png,1,2.9474740772090056,,0.0035167932510375,1.4016632308483248,chromosome
0,0.0033912062644958,182747,182747.2~A13.K_2,2,,normal,182747.2~A13.K_2L.png,182747.2~A13.K_2R.png,train,/data5/chensx/MyProject/UAE/data/arrangement_merged/chr_02/182747.2~A13.K_2L.png,/data5/chensx/MyProject/UAE/data/arrangement_merged/chr_02/182747.2~A13.K_2R.png,0,2.779865120677966,,0.0033912062644958,1.0173939497715707,chromosome
0,0.0027257800102233,182747,182747.3~A20.K_2,2,,normal,182747.3~A20.K_2L.png,182747.3~A20.K_2R.png,train,/data5/chensx/MyProject/UAE/data/arrangement_merged/chr_02/182747.3~A20.K_2L.png,/data5/chensx/MyProject/UAE/data/arrangement_merged/chr_02/182747.3~A20.K_2R.png,0,1.8917842518063344,,0.0027257800102233,-1.0186678698500613,chromosome
0,0.0027679800987243,182747,182747.3~A24.K_2,2,,normal,182747.3~A24.K_2L.png,182747.3~A24.K_2R.png,train,/data5/chensx/MyProject/UAE/data/arrangement_merged/chr_02/182747.3~A24.K_2L.png,/data5/chensx/MyProject/UAE/data/arrangement_merged/chr_02/182747.3~A24.K_2R.png,0,1.9481046795348471,,0.0027679800987243,-0.889544637290689,chromosome
0,0.0025503635406494,182747,182747.3~A35.K_2,2,,normal,182747.3~A35.K_2L.png,182747.3~A35.K_2R.png,train,/data5/chensx/MyProject/UAE/data/arrangement_merged/chr_02/182747.3~A35.K_2L.png,/data5/chensx/MyProject/UAE/data/arrangement_merged/chr_02/182747.3~A35.K_2R.png,0,1.6576726433246782,,0.0025503635406494,-1.555404696717095,chromosome
0,0.0028733015060424,182747,182747.4~A1.K_2,2,,normal,182747.4~A1.K_2L.png,182747.4~A1.K_2R.png,train,/data5/chensx/MyProject/UAE/data/arrangement_merged/chr_02/182747.4~A1.K_2L.png,/data5/chensx/MyProject/UAE/data/arrangement_merged/chr_02/182747.4~A1.K_2R.png,0,2.088667102975923,,0.0028733015060424,-0.5672836882338386,chromosome
0,0.0028365850448608,182747,182747.4~A32.K_2,2,,normal,182747.4~A32.K_2L.png,182747.4~A32.K_2R.png,train,/data5/chensx/MyProject/UAE/data/arrangement_merged/chr_02/182747.4~A32.K_2L.png,/data5/chensx/MyProject/UAE/data/arrangement_merged/chr_02/182747.4~A32.K_2R.png,0,2.039665148907048,,0.0028365850448608,-0.67962819565819,chromosome
0,0.0033755302429199,182747,182747.4~A33.K_2,2,,normal,182747.4~A33.K_2L.png,182747.4~A33.K_2R.png,train,/data5/chensx/MyProject/UAE/data/arrangement_merged/chr_02/182747.4~A33.K_2L.png,/data5/chensx/MyProject/UAE/data/arrangement_merged/chr_02/182747.4~A33.K_2R.png,0,2.7589438318466115,,0.0033755302429199,0.969428681179712,chromosome
0,0.0032236576080322,182747,182747.4~A35.K_2,2,,normal,182747.4~A35.K_2L.png,182747.4~A35.K_2R.png,train,/data5/chensx/MyProject/UAE/data/arrangement_merged/chr_02/182747.4~A35.K_2L.png,/data5/chensx/MyProject/UAE/data/arrangement_merged/chr_02/182747.4~A35.K_2R.png,0,2.556253930925354,,0.0032236576080322,0.5047309459239098,chromosome
0,0.0025322437286376,182747,182747.4~A41.K_2,2,,normal,182747.4~A41.K_2L.png,182747.4~A41.K_2R.png,train,/data5/chensx/MyProject/UAE/data/arrangement_merged/chr_02/182747.4~A41.K_2L.png,/data5/chensx/MyProject/UAE/data/arrangement_merged/chr_02/182747.4~A41.K_2R.png,0,1.6334898607971813,,0.0025322437286376,-1.6108474406411117,chromosome
0,0.0033066868782043,182747,182747.4~A43.K_2,2,,normal,182747.4~A43.K_2L.png,182747.4~A43.K_2R.png,train,/data5/chensx/MyProject/UAE/data/arrangement_merged/chr_02/182747.4~A43.K_2L.png,/data5/chensx/MyProject/UAE/data/arrangement_merged/chr_02/182747.4~A43.K_2R.png,0,2.66706516796747,,0.0033066868782043,0.7587827297587463,chromosome
0,0.0027484893798828,182747,182747.4~A9.K_2,2,,normal,182747.4~A9.K_2L.png,182747.4~A9.K_2R.png,train,/data5/chensx/MyProject/UAE/data/arrangement_merged/chr_02/182747.4~A9.K_2L.png,/data5/chensx/MyProject/UAE/data/arrangement_merged/chr_02/182747.4~A9.K_2R.png,0,1.9220922785924408,,0.0027484893798828,-0.9491820624980021,chromosome
0,0.0032352209091186,183038,183038.11~A13.K_2,2,,normal,183038.11~A13.K_2L.png,183038.11~A13.K_2R.png,train,/data5/chensx/MyProject/UAE/data/arrangement_merged/chr_02/183038.11~A13.K_2L.png,/data5/chensx/MyProject/UAE/data/arrangement_merged/chr_02/183038.11~A13.K_2R.png,0,2.4599408739382764,,0.0032352209091186,0.5401121706646554,chromosome
0,0.0028845071792602,183038,183038.11~A39.K_2,2,,normal,183038.11~A39.K_2L.png,183038.11~A39.K_2R.png,train,/data5/chensx/MyProject/UAE/data/arrangement_merged/chr_02/183038.11~A39.K_2L.png,/data5/chensx/MyProject/UAE/data/arrangement_merged/chr_02/183038.11~A39.K_2R.png,0,2.0075450673963773,,0.0028845071792602,-0.5329967281756369,chromosome
0,0.0030886530876159,183038,183038.12~A11.K_2,2,,normal,183038.12~A11.K_2L.png,183038.12~A11.K_2R.png,train,/data5/chensx/MyProject/UAE/data/arrangement_merged/chr_02/183038.12~A11.K_2L.png,/data5/chensx/MyProject/UAE/data/arrangement_merged/chr_02/183038.12~A11.K_2R.png,0,2.2708787923124216,,0.0030886530876159,0.09164602820229535,chromosome
0,0.002946138381958,183038,183038.12~A45.K_2,2,,normal,183038.12~A45.K_2L.png,183038.12~A45.K_2R.png,train,/data5/chensx/MyProject/UAE/data/arrangement_merged/chr_02/183038.12~A45.K_2L.png,/data5/chensx/MyProject/UAE/data/arrangement_merged/chr_02/183038.12~A45.K_2R.png,0,2.087044942305338,,0.002946138381958,-0.34441844785583986,chromosome
0,0.0031218528747558,183038,183038.13~A11.K_2,2,,normal,183038.13~A11.K_2L.png,183038.13~A11.K_2R.png,train,/data5/chensx/MyProject/UAE/data/arrangement_merged/chr_02/183038.13~A11.K_2L.png,/data5/chensx/MyProject/UAE/data/arrangement_merged/chr_02/183038.13~A11.K_2R.png,0,2.313704160130885,,0.0031218528747558,0.19323026624685233,chromosome
0,0.0029781460762023,183038,183038.13~A29.K_2,2,,normal,183038.13~A29.K_2L.png,183038.13~A29.K_2R.png,train,/data5/chensx/MyProject/UAE/data/arrangement_merged/chr_02/183038.13~A29.K_2L.png,/data5/chensx/MyProject/UAE/data/arrangement_merged/chr_02/183038.13~A29.K_2R.png,0,2.128332594941809,,0.0029781460762023,-0.2464817587539173,chromosome
0,0.0033928155899047,183038,183038.13~A39.K_2,2,,normal,183038.13~A39.K_2L.png,183038.13~A39.K_2R.png,train,/data5/chensx/MyProject/UAE/data/arrangement_merged/chr_02/183038.13~A39.K_2L.png,/data5/chensx/MyProject/UAE/data/arrangement_merged/chr_02/183038.13~A39.K_2R.png,0,2.663226820997553,,0.0033928155899047,1.0223181408436386,chromosome
0,0.0029900074005126,183038,183038.13~A47.K_2,2,,normal,183038.13~A47.K_2L.png,183038.13~A47.K_2R.png,train,/data5/chensx/MyProject/UAE/data/arrangement_merged/chr_02/183038.13~A47.K_2L.png,/data5/chensx/MyProject/UAE/data/arrangement_merged/chr_02/183038.13~A47.K_2R.png,0,2.143632861002625,,0.0029900074005126,-0.21018864677751303,chromosome
0,0.0031777024269104,183038,183038.14~A2.K_2,2,,normal,183038.14~A2.K_2L.png,183038.14~A2.K_2R.png,train,/data5/chensx/MyProject/UAE/data/arrangement_merged/chr_02/183038.14~A2.K_2L.png,/data5/chensx/MyProject/UAE/data/arrangement_merged/chr_02/183038.14~A2.K_2R.png,0,2.3857461164071867,,0.0031777024269104,0.3641179341962765,chromosome
0,0.0028333663940429,183038,183038.14~A3.K_2,2,,normal,183038.14~A3.K_2L.png,183038.14~A3.K_2R.png,train,/data5/chensx/MyProject/UAE/data/arrangement_merged/chr_02/183038.14~A3.K_2L.png,/data5/chensx/MyProject/UAE/data/arrangement_merged/chr_02/183038.14~A3.K_2R.png,0,1.9415770860889416,,0.0028333663940429,-0.6894765778026323,chromosome
0,0.002986192703247,183038,183038.14~A30.K_2,2,,normal,183038.14~A30.K_2L.png,183038.14~A30.K_2R.png,train,/data5/chensx/MyProject/UAE/data/arrangement_merged/chr_02/183038.14~A30.K_2L.png,/data5/chensx/MyProject/UAE/data/arrangement_merged/chr_02/183038.14~A30.K_2R.png,0,2.138712172420252,,0.002986192703247,-0.22186080339296607,chromosome
0,0.0031280517578125,183038,183038.14~A34.K_2,2,,normal,183038.14~A34.K_2L.png,183038.14~A34.K_2R.png,train,/data5/chensx/MyProject/UAE/data/arrangement_merged/chr_02/183038.14~A34.K_2L.png,/data5/chensx/MyProject/UAE/data/arrangement_merged/chr_02/183038.14~A34.K_2R.png,0,2.3217002790772407,,0.0031280517578125,0.21219752074727036,chromosome
0,0.0032865405082702,183038,183038.14~A48.K_2,2,,normal,183038.14~A48.K_2L.png,183038.14~A48.K_2R.png,train,/data5/chensx/MyProject/UAE/data/arrangement_merged/chr_02/183038.14~A48.K_2L.png,/data5/chensx/MyProject/UAE/data/arrangement_merged/chr_02/183038.14~A48.K_2R.png,0,2.526139512523011,,0.0032865405082702,0.6971391526329228,chromosome
0,0.0029205679893493,183038,183038.14~A9.K_2,2,,normal,183038.14~A9.K_2L.png,183038.14~A9.K_2R.png,train,/data5/chensx/MyProject/UAE/data/arrangement_merged/chr_02/183038.14~A9.K_2L.png,/data5/chensx/MyProject/UAE/data/arrangement_merged/chr_02/183038.14~A9.K_2R.png,0,2.05406095165162,,0.0029205679893493,-0.42265837266948947,chromosome
0,0.0030386447906494,183038,183038.1~A28.K_2,2,,normal,183038.1~A28.K_2L.png,183038.1~A28.K_2R.png,train,/data5/chensx/MyProject/UAE/data/arrangement_merged/chr_02/183038.1~A28.K_2L.png,/data5/chensx/MyProject/UAE/data/arrangement_merged/chr_02/183038.1~A28.K_2R.png,0,2.206371640427878,,0.0030386447906494,-0.06136864992925622,chromosome
0,0.0046989321708679,183038,183038.2~A12.K_2,2,,normal,183038.2~A12.K_2L.png,183038.2~A12.K_2R.png,train,/data5/chensx/MyProject/UAE/data/arrangement_merged/chr_02/183038.2~A12.K_2L.png,/data5/chensx/MyProject/UAE/data/arrangement_merged/chr_02/183038.2~A12.K_2R.png,1,4.34802446014654,,0.0046989321708679,5.018755139533035,chromosome
0,0.0028629302978515,183038,183038.2~A13.K_2,2,,normal,183038.2~A13.K_2L.png,183038.2~A13.K_2R.png,train,/data5/chensx/MyProject/UAE/data/arrangement_merged/chr_02/183038.2~A13.K_2L.png,/data5/chensx/MyProject/UAE/data/arrangement_merged/chr_02/183038.2~A13.K_2R.png,0,1.979712422602331,,0.0028629302978515,-0.5990173640322549,chromosome
0,0.0038400888442993,183038,183038.2~A15.K_2,2,,normal,183038.2~A15.K_2L.png,183038.2~A15.K_2R.png,train,/data5/chensx/MyProject/UAE/data/arrangement_merged/chr_02/183038.2~A15.K_2L.png,/data5/chensx/MyProject/UAE/data/arrangement_merged/chr_02/183038.2~A15.K_2R.png,1,3.240177557280764,,0.0038400888442993,2.3908785040147396,chromosome
0,0.0028456449508666,183038,183038.2~A21.K_2,2,,normal,183038.2~A21.K_2L.png,183038.2~A21.K_2R.png,train,/data5/chensx/MyProject/UAE/data/arrangement_merged/chr_02/183038.2~A21.K_2L.png,/data5/chensx/MyProject/UAE/data/arrangement_merged/chr_02/183038.2~A21.K_2R.png,0,1.9574155524634544,,0.0028456449508666,-0.651906823696488,chromosome
0,0.0031816363334655,183038,183038.2~A43.K_2,2,,normal,183038.2~A43.K_2L.png,183038.2~A43.K_2R.png,train,/data5/chensx/MyProject/UAE/data/arrangement_merged/chr_02/183038.2~A43.K_2L.png,/data5/chensx/MyProject/UAE/data/arrangement_merged/chr_02/183038.2~A43.K_2R.png,0,2.3908205765077586,,0.0031816363334655,0.37615484570580965,chromosome
0,0.0029132366180419,183038,183038.2~A46.K_2,2,,normal,183038.2~A46.K_2L.png,183038.2~A46.K_2R.png,train,/data5/chensx/MyProject/UAE/data/arrangement_merged/chr_02/183038.2~A46.K_2L.png,/data5/chensx/MyProject/UAE/data/arrangement_merged/chr_02/183038.2~A46.K_2R.png,0,2.044604003282372,,0.0029132366180419,-0.4450907986650448,chromosome
0,0.00263512134552,183038,183038.2~A47.K_2,2,,normal,183038.2~A47.K_2L.png,183038.2~A47.K_2R.png,train,/data5/chensx/MyProject/UAE/data/arrangement_merged/chr_02/183038.2~A47.K_2L.png,/data5/chensx/MyProject/UAE/data/arrangement_merged/chr_02/183038.2~A47.K_2R.png,0,1.6858550513237551,,0.00263512134552,-1.2960639669158052,chromosome
0,0.0032715797424316,183038,183038.3~A12.K_2,2,,normal,183038.3~A12.K_2L.png,183038.3~A12.K_2R.png,train,/data5/chensx/MyProject/UAE/data/arrangement_merged/chr_02/183038.3~A12.K_2L.png,/data5/chensx/MyProject/UAE/data/arrangement_merged/chr_02/183038.3~A12.K_2R.png,0,2.5068411869890173,,0.0032715797424316,0.6513624134064615,chromosome
0,0.0029529929161071,183038,183038.3~A19.K_2,2,,normal,183038.3~A19.K_2L.png,183038.3~A19.K_2R.png,train,/data5/chensx/MyProject/UAE/data/arrangement_merged/chr_02/183038.3~A19.K_2L.png,/data5/chensx/MyProject/UAE/data/arrangement_merged/chr_02/183038.3~A19.K_2R.png,0,2.095886804601789,,0.0029529929161071,-0.32344504143752306,chromosome
0,0.0032821893692016,183038,183038.3~A30.K_2,2,,normal,183038.3~A30.K_2L.png,183038.3~A30.K_2R.png,train,/data5/chensx/MyProject/UAE/data/arrangement_merged/chr_02/183038.3~A30.K_2L.png,/data5/chensx/MyProject/UAE/data/arrangement_merged/chr_02/183038.3~A30.K_2R.png,0,2.5205268521087416,,0.0032821893692016,0.6838255989933445,chromosome
0,0.002614140510559,183038,183038.3~A36.K_2,2,,normal,183038.3~A36.K_2L.png,183038.3~A36.K_2R.png,train,/data5/chensx/MyProject/UAE/data/arrangement_merged/chr_02/183038.3~A36.K_2L.png,/data5/chensx/MyProject/UAE/data/arrangement_merged/chr_02/183038.3~A36.K_2R.png,0,1.658791264120705,,0.002614140510559,-1.360260828301411,chromosome
0,0.003066062927246,183038,183038.4~A15.K_2,2,,normal,183038.4~A15.K_2L.png,183038.4~A15.K_2R.png,train,/data5/chensx/MyProject/UAE/data/arrangement_merged/chr_02/183038.4~A15.K_2L.png,/data5/chensx/MyProject/UAE/data/arrangement_merged/chr_02/183038.4~A15.K_2R.png,0,2.241739089613682,,0.003066062927246,0.02252497574462142,chromosome
0,0.002969741821289,183038,183038.4~A24.K_2,2,,normal,183038.4~A24.K_2L.png,183038.4~A24.K_2R.png,train,/data5/chensx/MyProject/UAE/data/arrangement_merged/chr_02/183038.4~A24.K_2L.png,/data5/chensx/MyProject/UAE/data/arrangement_merged/chr_02/183038.4~A24.K_2R.png,0,2.1174917029087696,,0.002969741821289,-0.2721969787974153,chromosome
0,0.0031780004501342,183038,183038.4~A36.K_2,2,,normal,183038.4~A36.K_2L.png,183038.4~A36.K_2R.png,train,/data5/chensx/MyProject/UAE/data/arrangement_merged/chr_02/183038.4~A36.K_2L.png,/data5/chensx/MyProject/UAE/data/arrangement_merged/chr_02/183038.4~A36.K_2R.png,0,2.3861305452026844,,0.0031780004501342,0.36502982143163,chromosome
0,0.0022476315498352,183038,183038.4~A39.K_2,2,,normal,183038.4~A39.K_2L.png,183038.4~A39.K_2R.png,train,/data5/chensx/MyProject/UAE/data/arrangement_merged/chr_02/183038.4~A39.K_2L.png,/data5/chensx/MyProject/UAE/data/arrangement_merged/chr_02/183038.4~A39.K_2R.png,0,1.186020731417418,,0.0022476315498352,-2.4816997506276435,chromosome
0,0.003171682357788,183079,183079.11~A27.K_2,2,,normal,183079.11~A27.K_2L.png,183079.11~A27.K_2R.png,train,/data5/chensx/MyProject/UAE/data/arrangement_merged/chr_02/183079.11~A27.K_2L.png,/data5/chensx/MyProject/UAE/data/arrangement_merged/chr_02/183079.11~A27.K_2R.png,0,2.548333393431541,,0.003171682357788,0.3456978120371319,chromosome
0,0.0029375553131103,183079,183079.12~A27.K_2,2,,normal,183079.12~A27.K_2L.png,183079.12~A27.K_2R.png,train,/data5/chensx/MyProject/UAE/data/arrangement_merged/chr_02/183079.12~A27.K_2L.png,/data5/chensx/MyProject/UAE/data/arrangement_merged/chr_02/183079.12~A27.K_2R.png,0,2.231734736378798,,0.0029375553131103,-0.3706808002409164,chromosome
0,0.0028730034828186,183079,183079.12~A37.K_2,2,,normal,183079.12~A37.K_2L.png,183079.12~A37.K_2R.png,train,/data5/chensx/MyProject/UAE/data/arrangement_merged/chr_02/183079.12~A37.K_2L.png,/data5/chensx/MyProject/UAE/data/arrangement_merged/chr_02/183079.12~A37.K_2R.png,0,2.144444424365529,,0.0028730034828186,-0.5681955754691906,chromosome
0,0.0030120015144348,183079,183079.12~A44.K_2,2,,normal,183079.12~A44.K_2L.png,183079.12~A44.K_2R.png,train,/data5/chensx/MyProject/UAE/data/arrangement_merged/chr_02/183079.12~A44.K_2L.png,/data5/chensx/MyProject/UAE/data/arrangement_merged/chr_02/183079.12~A44.K_2R.png,0,2.3324047268724017,,0.0030120015144348,-0.14289136879084982,chromosome
0,0.0030030608177185,183079,183079.13~A12.K_2,2,,normal,183079.13~A12.K_2L.png,183079.13~A12.K_2R.png,train,/data5/chensx/MyProject/UAE/data/arrangement_merged/chr_02/183079.13~A12.K_2L.png,/data5/chensx/MyProject/UAE/data/arrangement_merged/chr_02/183079.13~A12.K_2R.png,0,2.3203146559564365,,0.0030030608177185,-0.170247985858473,chromosome
0,0.0028284788131713,183079,183079.13~A19.K_2,2,,normal,183079.13~A19.K_2L.png,183079.13~A19.K_2R.png,train,/data5/chensx/MyProject/UAE/data/arrangement_merged/chr_02/183079.13~A19.K_2L.png,/data5/chensx/MyProject/UAE/data/arrangement_merged/chr_02/183079.13~A19.K_2R.png,0,2.084235871204022,,0.0028284788131713,-0.7044315284663345,chromosome
0,0.0027961134910583,183079,183079.13~A27.K_2,2,,normal,183079.13~A27.K_2L.png,183079.13~A27.K_2R.png,train,/data5/chensx/MyProject/UAE/data/arrangement_merged/chr_02/183079.13~A27.K_2L.png,/data5/chensx/MyProject/UAE/data/arrangement_merged/chr_02/183079.13~A27.K_2R.png,0,2.040469814488228,,0.0027961134910583,-0.8034624822511076,chromosome
0,0.002773642539978,183079,183079.13~A6.K_2,2,,normal,183079.13~A6.K_2L.png,183079.13~A6.K_2R.png,train,/data5/chensx/MyProject/UAE/data/arrangement_merged/chr_02/183079.13~A6.K_2L.png,/data5/chensx/MyProject/UAE/data/arrangement_merged/chr_02/183079.13~A6.K_2R.png,0,2.0100834362527684,,0.002773642539978,-0.8722187798143963,chromosome
0,0.0031056404113769,183079,183079.13~A9.K_2,2,,normal,183079.13~A9.K_2L.png,183079.13~A9.K_2R.png,train,/data5/chensx/MyProject/UAE/data/arrangement_merged/chr_02/183079.13~A9.K_2L.png,/data5/chensx/MyProject/UAE/data/arrangement_merged/chr_02/183079.13~A9.K_2R.png,0,2.4590280695989444,,0.0031056404113769,0.1436236006308698,chromosome
0,0.003474473953247,183079,183079.14~A11.K_2,2,,normal,183079.14~A11.K_2L.png,183079.14~A11.K_2R.png,train,/data5/chensx/MyProject/UAE/data/arrangement_merged/chr_02/183079.14~A11.K_2L.png,/data5/chensx/MyProject/UAE/data/arrangement_merged/chr_02/183079.14~A11.K_2R.png,1,2.957783795118897,,0.003474473953247,1.2721752433948725,chromosome
0,0.002500832080841,183079,183079.14~A13.K_2,2,,normal,183079.14~A13.K_2L.png,183079.14~A13.K_2R.png,train,/data5/chensx/MyProject/UAE/data/arrangement_merged/chr_02/183079.14~A13.K_2L.png,/data5/chensx/MyProject/UAE/data/arrangement_merged/chr_02/183079.14~A13.K_2R.png,0,1.6411750723702825,,0.002500832080841,-1.7069603552720223,chromosome
0,0.0028656721115112,183079,183079.14~A23.K_2,2,,normal,183079.14~A23.K_2L.png,183079.14~A23.K_2R.png,train,/data5/chensx/MyProject/UAE/data/arrangement_merged/chr_02/183079.14~A23.K_2L.png,/data5/chensx/MyProject/UAE/data/arrangement_merged/chr_02/183079.14~A23.K_2R.png,0,2.1345305662144374,,0.0028656721115112,-0.5906280014647446,chromosome
0,0.0036248564720153,183079,183079.14~A24.K_2,2,,normal,183079.14~A24.K_2L.png,183079.14~A24.K_2R.png,train,/data5/chensx/MyProject/UAE/data/arrangement_merged/chr_02/183079.14~A24.K_2L.png,/data5/chensx/MyProject/UAE/data/arrangement_merged/chr_02/183079.14~A24.K_2R.png,1,3.1611387879254327,,0.0036248564720153,1.732313542472687,chromosome
0,0.0027492642402648,183079,183079.14~A26.K_2,2,,normal,183079.14~A26.K_2L.png,183079.14~A26.K_2R.png,train,/data5/chensx/MyProject/UAE/data/arrangement_merged/chr_02/183079.14~A26.K_2L.png,/data5/chensx/MyProject/UAE/data/arrangement_merged/chr_02/183079.14~A26.K_2R.png,0,1.9771178428885696,,0.0027492642402648,-0.9468111556857166,chromosome
0,0.0031456351280212,183079,183079.14~A28.K_2,2,,normal,183079.14~A28.K_2L.png,183079.14~A28.K_2R.png,train,/data5/chensx/MyProject/UAE/data/arrangement_merged/chr_02/183079.14~A28.K_2L.png,/data5/chensx/MyProject/UAE/data/arrangement_merged/chr_02/183079.14~A28.K_2R.png,0,2.5131109868296955,,0.0031456351280212,0.2659988676468555,chromosome
0,0.002669334411621,183079,183079.14~A3.K_2,2,,normal,183079.14~A3.K_2L.png,183079.14~A3.K_2R.png,train,/data5/chensx/MyProject/UAE/data/arrangement_merged/chr_02/183079.14~A3.K_2L.png,/data5/chensx/MyProject/UAE/data/arrangement_merged/chr_02/183079.14~A3.K_2R.png,0,1.8690326088998408,,0.002669334411621,-1.1913793122704974,chromosome
0,0.0032634139060974,183079,183079.14~A34.K_2,2,,normal,183079.14~A34.K_2L.png,183079.14~A34.K_2R.png,train,/data5/chensx/MyProject/UAE/data/arrangement_merged/chr_02/183079.14~A34.K_2L.png,/data5/chensx/MyProject/UAE/data/arrangement_merged/chr_02/183079.14~A34.K_2R.png,0,2.672377521029345,,0.0032634139060974,0.6263767031514301,chromosome
0,0.0034590363502502,183079,183079.14~A38.K_2,2,,normal,183079.14~A38.K_2L.png,183079.14~A38.K_2R.png,train,/data5/chensx/MyProject/UAE/data/arrangement_merged/chr_02/183079.14~A38.K_2L.png,/data5/chensx/MyProject/UAE/data/arrangement_merged/chr_02/183079.14~A38.K_2R.png,1,2.936908272670664,,0.0034590363502502,1.2249394845914792,chromosome
0,0.0026730298995971,183079,183079.14~A6.K_2,2,,normal,183079.14~A6.K_2L.png,183079.14~A6.K_2R.png,train,/data5/chensx/MyProject/UAE/data/arrangement_merged/chr_02/183079.14~A6.K_2L.png,/data5/chensx/MyProject/UAE/data/arrangement_merged/chr_02/183079.14~A6.K_2R.png,0,1.8740298382117728,,0.0026730298995971,-1.1800719105491244,chromosome
0,0.0032696723937988,183079,183079.2~A40.K_2,2,,normal,183079.2~A40.K_2L.png,183079.2~A40.K_2R.png,train,/data5/chensx/MyProject/UAE/data/arrangement_merged/chr_02/183079.2~A40.K_2L.png,/data5/chensx/MyProject/UAE/data/arrangement_merged/chr_02/183079.2~A40.K_2R.png,0,2.68084057067052,,0.0032696723937988,0.6455263350987349,chromosome
0,0.0029370784759521,183079,183079.2~A8.K_2,2,,normal,183079.2~A8.K_2L.png,183079.2~A8.K_2R.png,train,/data5/chensx/MyProject/UAE/data/arrangement_merged/chr_02/183079.2~A8.K_2L.png,/data5/chensx/MyProject/UAE/data/arrangement_merged/chr_02/183079.2~A8.K_2R.png,0,2.231089932596613,,0.0029370784759521,-0.3721398198178483,chromosome
0,0.0032489299774169,183079,183079.3~A16.K_2,2,,normal,183079.3~A16.K_2L.png,183079.3~A16.K_2R.png,train,/data5/chensx/MyProject/UAE/data/arrangement_merged/chr_02/183079.3~A16.K_2L.png,/data5/chensx/MyProject/UAE/data/arrangement_merged/chr_02/183079.3~A16.K_2R.png,0,2.652791606145481,,0.0032489299774169,0.5820589835015942,chromosome
0,0.0025428533554077,183079,183079.3~A22.K_2,2,,normal,183079.3~A22.K_2L.png,183079.3~A22.K_2R.png,train,/data5/chensx/MyProject/UAE/data/arrangement_merged/chr_02/183079.3~A22.K_2L.png,/data5/chensx/MyProject/UAE/data/arrangement_merged/chr_02/183079.3~A22.K_2R.png,0,1.697998405675319,,0.0025428533554077,-1.5783842550539222,chromosome
0,0.0025961995124816,183079,183079.3~A5.K_2,2,,normal,183079.3~A5.K_2L.png,183079.3~A5.K_2R.png,train,/data5/chensx/MyProject/UAE/data/arrangement_merged/chr_02/183079.3~A5.K_2L.png,/data5/chensx/MyProject/UAE/data/arrangement_merged/chr_02/183079.3~A5.K_2R.png,0,1.7701358288072448,,0.0025961995124816,-1.415156439883848,chromosome
0,0.0035613179206848,183079,183079.3~A7.K_2,2,,normal,183079.3~A7.K_2L.png,183079.3~A7.K_2R.png,train,/data5/chensx/MyProject/UAE/data/arrangement_merged/chr_02/183079.3~A7.K_2L.png,/data5/chensx/MyProject/UAE/data/arrangement_merged/chr_02/183079.3~A7.K_2R.png,1,3.0752186839493065,,0.0035613179206848,1.5378991838454685,chromosome
0,0.0032745003700256,183079,183079.4~A13.K_2,2,,normal,183079.4~A13.K_2L.png,183079.4~A13.K_2R.png,train,/data5/chensx/MyProject/UAE/data/arrangement_merged/chr_02/183079.4~A13.K_2L.png,/data5/chensx/MyProject/UAE/data/arrangement_merged/chr_02/183079.4~A13.K_2R.png,0,2.687369208965141,,0.0032745003700256,0.6602989083152452,chromosome
0,0.0030198693275451,183079,183079.4~A17.K_2,2,,normal,183079.4~A17.K_2L.png,183079.4~A17.K_2R.png,train,/data5/chensx/MyProject/UAE/data/arrangement_merged/chr_02/183079.4~A17.K_2L.png,/data5/chensx/MyProject/UAE/data/arrangement_merged/chr_02/183079.4~A17.K_2R.png,0,2.343043989278451,,0.0030198693275451,-0.11881754577147711,chromosome
0,0.0032073259353637,183079,183079.4~A18.K_2,2,,normal,183079.4~A18.K_2L.png,183079.4~A18.K_2R.png,train,/data5/chensx/MyProject/UAE/data/arrangement_merged/chr_02/183079.4~A18.K_2L.png,/data5/chensx/MyProject/UAE/data/arrangement_merged/chr_02/183079.4~A18.K_2R.png,0,2.596532476149856,,0.0032073259353637,0.45475952541354064,chromosome
0,0.0029562711715698,183079,183079.4~A23.K_2,2,,normal,183079.4~A23.K_2L.png,183079.4~A23.K_2R.png,train,/data5/chensx/MyProject/UAE/data/arrangement_merged/chr_02/183079.4~A23.K_2L.png,/data5/chensx/MyProject/UAE/data/arrangement_merged/chr_02/183079.4~A23.K_2R.png,0,2.257043284829552,,0.0029562711715698,-0.31341428184588876,chromosome
0,0.0029298067092895,183079,183079.4~A29.K_2,2,,normal,183079.4~A29.K_2L.png,183079.4~A29.K_2R.png,train,/data5/chensx/MyProject/UAE/data/arrangement_merged/chr_02/183079.4~A29.K_2L.png,/data5/chensx/MyProject/UAE/data/arrangement_merged/chr_02/183079.4~A29.K_2R.png,0,2.2212566749182945,,0.0029298067092895,-0.394389868366209,chromosome
0,0.0029160976409912,183079,183079.4~A4.K_2,2,,normal,183079.4~A4.K_2L.png,183079.4~A4.K_2R.png,train,/data5/chensx/MyProject/UAE/data/arrangement_merged/chr_02/183079.4~A4.K_2L.png,/data5/chensx/MyProject/UAE/data/arrangement_merged/chr_02/183079.4~A4.K_2R.png,0,2.202718566180481,,0.0029160976409912,-0.43633668120314784,chromosome
0,0.0023651719093322,183079,183079.4~A50.K_2,2,,normal,183079.4~A50.K_2L.png,183079.4~A50.K_2R.png,train,/data5/chensx/MyProject/UAE/data/arrangement_merged/chr_02/183079.4~A50.K_2L.png,/data5/chensx/MyProject/UAE/data/arrangement_merged/chr_02/183079.4~A50.K_2R.png,0,1.457728396338703,,0.0023651719093322,-2.1220514249118407,chromosome
0,0.0031822919845581,183214,183214.11~A34.K_2,2,,normal,183214.11~A34.K_2L.png,183214.11~A34.K_2R.png,train,/data5/chensx/MyProject/UAE/data/arrangement_merged/chr_02/183214.11~A34.K_2L.png,/data5/chensx/MyProject/UAE/data/arrangement_merged/chr_02/183214.11~A34.K_2R.png,0,2.4345117891456405,,0.0031822919845581,0.37816099762432015,chromosome
0,0.002930462360382,183214,183214.11~A9.K_2,2,,normal,183214.11~A9.K_2L.png,183214.11~A9.K_2R.png,train,/data5/chensx/MyProject/UAE/data/arrangement_merged/chr_02/183214.11~A9.K_2L.png,/data5/chensx/MyProject/UAE/data/arrangement_merged/chr_02/183214.11~A9.K_2R.png,0,2.1042293126800127,,0.002930462360382,-0.392383716448005,chromosome
0,0.0025523900985717,183214,183214.12~A1.K_2,2,,normal,183214.12~A1.K_2L.png,183214.12~A1.K_2R.png,train,/data5/chensx/MyProject/UAE/data/arrangement_merged/chr_02/183214.12~A1.K_2L.png,/data5/chensx/MyProject/UAE/data/arrangement_merged/chr_02/183214.12~A1.K_2R.png,0,1.6083756444619115,,0.0025523900985717,-1.5492038635152883,chromosome
0,0.0025791525840759,183214,183214.12~A24.K_2,2,,normal,183214.12~A24.K_2L.png,183214.12~A24.K_2R.png,train,/data5/chensx/MyProject/UAE/data/arrangement_merged/chr_02/183214.12~A24.K_2L.png,/data5/chensx/MyProject/UAE/data/arrangement_merged/chr_02/183214.12~A24.K_2R.png,0,1.6434754863395604,,0.0025791525840759,-1.4673163897593093,chromosome
0,0.0034269094467163,183214,183214.12~A8.K_2,2,,normal,183214.12~A8.K_2L.png,183214.12~A8.K_2R.png,train,/data5/chensx/MyProject/UAE/data/arrangement_merged/chr_02/183214.12~A8.K_2L.png,/data5/chensx/MyProject/UAE/data/arrangement_merged/chr_02/183214.12~A8.K_2R.png,0,2.755335288178762,,0.0034269094467163,1.1266380405951715,chromosome
0,0.0029456615447998,183214,183214.13~A21.K_2,2,,normal,183214.13~A21.K_2L.png,183214.13~A21.K_2R.png,train,/data5/chensx/MyProject/UAE/data/arrangement_merged/chr_02/183214.13~A21.K_2L.png,/data5/chensx/MyProject/UAE/data/arrangement_merged/chr_02/183214.13~A21.K_2R.png,0,2.124163521318766,,0.0029456615447998,-0.3458774674327718,chromosome
0,0.0028137564659118,183214,183214.13~A34.K_2,2,,normal,183214.13~A34.K_2L.png,183214.13~A34.K_2R.png,train,/data5/chensx/MyProject/UAE/data/arrangement_merged/chr_02/183214.13~A34.K_2L.png,/data5/chensx/MyProject/UAE/data/arrangement_merged/chr_02/183214.13~A34.K_2R.png,0,1.9511658596812675,,0.0028137564659118,-0.7494787579043292,chromosome
0,0.0029330253601074,183214,183214.13~A49.K_2,2,,normal,183214.13~A49.K_2L.png,183214.13~A49.K_2R.png,train,/data5/chensx/MyProject/UAE/data/arrangement_merged/chr_02/183214.13~A49.K_2L.png,/data5/chensx/MyProject/UAE/data/arrangement_merged/chr_02/183214.13~A49.K_2R.png,0,2.107590767470077,,0.0029330253601074,-0.38454148622176665,chromosome
0,0.0033068060874938,183214,183214.13~A6.K_2,2,,normal,183214.13~A6.K_2L.png,183214.13~A6.K_2R.png,train,/data5/chensx/MyProject/UAE/data/arrangement_merged/chr_02/183214.13~A6.K_2L.png,/data5/chensx/MyProject/UAE/data/arrangement_merged/chr_02/183214.13~A6.K_2R.png,0,2.597815953249001,,0.0033068060874938,0.7591474846528263,chromosome
0,0.0029938220977783,183214,183214.14~A11.K_2,2,,normal,183214.14~A11.K_2L.png,183214.14~A11.K_2R.png,train,/data5/chensx/MyProject/UAE/data/arrangement_merged/chr_02/183214.14~A11.K_2L.png,/data5/chensx/MyProject/UAE/data/arrangement_merged/chr_02/183214.14~A11.K_2R.png,0,2.1873276020250927,,0.0029938220977783,-0.1985164901617535,chromosome
0,0.0031872391700744,183214,183214.14~A17.K_2,2,,normal,183214.14~A17.K_2L.png,183214.14~A17.K_2R.png,train,/data5/chensx/MyProject/UAE/data/arrangement_merged/chr_02/183214.14~A17.K_2L.png,/data5/chensx/MyProject/UAE/data/arrangement_merged/chr_02/183214.14~A17.K_2R.png,0,2.441000178624137,,0.0031872391700744,0.3932983257349104,chromosome
0,0.0033274888992309,183214,183214.14~A19.K_2,2,,normal,183214.14~A19.K_2L.png,183214.14~A19.K_2R.png,train,/data5/chensx/MyProject/UAE/data/arrangement_merged/chr_02/183214.14~A19.K_2L.png,/data5/chensx/MyProject/UAE/data/arrangement_merged/chr_02/183214.14~A19.K_2R.png,0,2.624942111671148,,0.0033274888992309,0.8224324588027725,chromosome
0,0.0028598308563232,183214,183214.14~A21.K_2,2,,normal,183214.14~A21.K_2L.png,183214.14~A21.K_2R.png,train,/data5/chensx/MyProject/UAE/data/arrangement_merged/chr_02/183214.14~A21.K_2L.png,/data5/chensx/MyProject/UAE/data/arrangement_merged/chr_02/183214.14~A21.K_2R.png,0,2.011593872535215,,0.0028598308563232,-0.6085009912823107,chromosome
0,0.0030367970466613,183214,183214.14~A6.K_2,2,,normal,183214.14~A6.K_2L.png,183214.14~A6.K_2R.png,train,/data5/chensx/MyProject/UAE/data/arrangement_merged/chr_02/183214.14~A6.K_2L.png,/data5/chensx/MyProject/UAE/data/arrangement_merged/chr_02/183214.14~A6.K_2R.png,0,2.243690599784079,,0.0030367970466613,-0.06702235079009597,chromosome
0,0.0029050111770629,183214,183214.2~A19.K_2,2,,normal,183214.2~A19.K_2L.png,183214.2~A19.K_2R.png,train,/data5/chensx/MyProject/UAE/data/arrangement_merged/chr_02/183214.2~A19.K_2L.png,/data5/chensx/MyProject/UAE/data/arrangement_merged/chr_02/183214.2~A19.K_2R.png,0,2.0708492848810014,,0.0029050111770629,-0.47025888636726937,chromosome
0,0.0031412839889526,183214,183214.2~A25.K_2,2,,normal,183214.2~A25.K_2L.png,183214.2~A25.K_2R.png,train,/data5/chensx/MyProject/UAE/data/arrangement_merged/chr_02/183214.2~A25.K_2L.png,/data5/chensx/MyProject/UAE/data/arrangement_merged/chr_02/183214.2~A25.K_2R.png,0,2.3807285125046107,,0.0031412839889526,0.25268531400727723,chromosome
0,0.0034720301628112,183214,183214.2~A30.K_2,2,,normal,183214.2~A30.K_2L.png,183214.2~A30.K_2R.png,train,/data5/chensx/MyProject/UAE/data/arrangement_merged/chr_02/183214.2~A30.K_2L.png,/data5/chensx/MyProject/UAE/data/arrangement_merged/chr_02/183214.2~A30.K_2R.png,1,2.814512527157337,,0.0034720301628112,1.2646977680630207,chromosome
0,0.0029513239860534,183214,183214.2~A36.K_2,2,,normal,183214.2~A36.K_2L.png,183214.2~A36.K_2R.png,train,/data5/chensx/MyProject/UAE/data/arrangement_merged/chr_02/183214.2~A36.K_2L.png,/data5/chensx/MyProject/UAE/data/arrangement_merged/chr_02/183214.2~A36.K_2R.png,0,2.1315899912037923,,0.0029513239860534,-0.3285516099567843,chromosome
0,0.0029296875,183214,183214.2~A39.K_2,2,,normal,183214.2~A39.K_2L.png,183214.2~A39.K_2R.png,train,/data5/chensx/MyProject/UAE/data/arrangement_merged/chr_02/183214.2~A39.K_2L.png,/data5/chensx/MyProject/UAE/data/arrangement_merged/chr_02/183214.2~A39.K_2R.png,0,2.103213058906272,,0.0029296875,-0.39475462326028904,chromosome
0,0.0029243230819702,183214,183214.2~A45.K_2,2,,normal,183214.2~A45.K_2L.png,183214.2~A45.K_2R.png,train,/data5/chensx/MyProject/UAE/data/arrangement_merged/chr_02/183214.2~A45.K_2L.png,/data5/chensx/MyProject/UAE/data/arrangement_merged/chr_02/183214.2~A45.K_2R.png,0,2.0961774558573003,,0.0029243230819702,-0.4111685935009232,chromosome
0,0.0030844211578369,183214,183214.2~A6.K_2,2,,normal,183214.2~A6.K_2L.png,183214.2~A6.K_2R.png,train,/data5/chensx/MyProject/UAE/data/arrangement_merged/chr_02/183214.2~A6.K_2L.png,/data5/chensx/MyProject/UAE/data/arrangement_merged/chr_02/183214.2~A6.K_2R.png,0,2.306151120185508,,0.0030844211578369,0.07869722945710365,chromosome
0,0.0028189420700073,183214,183214.3~A12.K_2,2,,normal,183214.3~A12.K_2L.png,183214.3~A12.K_2R.png,train,/data5/chensx/MyProject/UAE/data/arrangement_merged/chr_02/183214.3~A12.K_2L.png,/data5/chensx/MyProject/UAE/data/arrangement_merged/chr_02/183214.3~A12.K_2R.png,0,1.9579669426286068,,0.0028189420700073,-0.7336119200049683,chromosome
0,0.0029852390289306,183214,183214.3~A19.K_2,2,,normal,183214.3~A19.K_2L.png,183214.3~A19.K_2R.png,train,/data5/chensx/MyProject/UAE/data/arrangement_merged/chr_02/183214.3~A19.K_2L.png,/data5/chensx/MyProject/UAE/data/arrangement_merged/chr_02/183214.3~A19.K_2R.png,0,2.1760706371467373,,0.0029852390289306,-0.22477884254682998,chromosome
0,0.0026537775993347,183214,183214.3~A28.K_2,2,,normal,183214.3~A28.K_2L.png,183214.3~A28.K_2R.png,train,/data5/chensx/MyProject/UAE/data/arrangement_merged/chr_02/183214.3~A28.K_2L.png,/data5/chensx/MyProject/UAE/data/arrangement_merged/chr_02/183214.3~A28.K_2R.png,0,1.7413485420874817,,0.0026537775993347,-1.2389798259679707,chromosome
0,0.002779483795166,183214,183214.3~A4.K_2,2,,normal,183214.3~A4.K_2L.png,183214.3~A4.K_2R.png,train,/data5/chensx/MyProject/UAE/data/arrangement_merged/chr_02/183214.3~A4.K_2L.png,/data5/chensx/MyProject/UAE/data/arrangement_merged/chr_02/183214.3~A4.K_2R.png,0,1.9062161735350576,,0.002779483795166,-0.8543457899968302,chromosome
0,0.0032093524932861,183214,183214.3~A42.K_2,2,,normal,183214.3~A42.K_2L.png,183214.3~A42.K_2R.png,train,/data5/chensx/MyProject/UAE/data/arrangement_merged/chr_02/183214.3~A42.K_2L.png,/data5/chensx/MyProject/UAE/data/arrangement_merged/chr_02/183214.3~A42.K_2R.png,0,2.470002497859344,,0.0032093524932861,0.46096035861565243,chromosome
0,0.0031917095184326,183214,183214.3~A43.K_2,2,,normal,183214.3~A43.K_2L.png,183214.3~A43.K_2R.png,train,/data5/chensx/MyProject/UAE/data/arrangement_merged/chr_02/183214.3~A43.K_2L.png,/data5/chensx/MyProject/UAE/data/arrangement_merged/chr_02/183214.3~A43.K_2R.png,0,2.446863181164947,,0.0031917095184326,0.406976634268874,chromosome
0,0.0028960108757019,183214,183214.3~A47.K_2,2,,normal,183214.3~A47.K_2L.png,183214.3~A47.K_2R.png,train,/data5/chensx/MyProject/UAE/data/arrangement_merged/chr_02/183214.3~A47.K_2L.png,/data5/chensx/MyProject/UAE/data/arrangement_merged/chr_02/183214.3~A47.K_2R.png,0,2.0590451064321704,,0.0028960108757019,-0.497797880881778,chromosome
0,0.0030259490013122,183214,183214.4~A22.K_2,2,,normal,183214.4~A22.K_2L.png,183214.4~A22.K_2R.png,train,/data5/chensx/MyProject/UAE/data/arrangement_merged/chr_02/183214.4~A22.K_2L.png,/data5/chensx/MyProject/UAE/data/arrangement_merged/chr_02/183214.4~A22.K_2R.png,0,2.2294630469517136,,0.0030259490013122,-0.10021504616544567,chromosome
0,0.0029831528663635,183214,183214.4~A24.K_2,2,,normal,183214.4~A24.K_2L.png,183214.4~A24.K_2R.png,train,/data5/chensx/MyProject/UAE/data/arrangement_merged/chr_02/183214.4~A24.K_2L.png,/data5/chensx/MyProject/UAE/data/arrangement_merged/chr_02/183214.4~A24.K_2R.png,0,2.1733345692943598,,0.0029831528663635,-0.23116205319582986,chromosome
0,0.0037035346031188,183214,183214.4~A26.K_2,2,,normal,183214.4~A26.K_2L.png,183214.4~A26.K_2R.png,train,/data5/chensx/MyProject/UAE/data/arrangement_merged/chr_02/183214.4~A26.K_2L.png,/data5/chensx/MyProject/UAE/data/arrangement_merged/chr_02/183214.4~A26.K_2R.png,1,3.118137885404082,,0.0037035346031188,1.9730517726679453,chromosome
0,0.003650963306427,183214,183214.4~A28.K_2,2,,normal,183214.4~A28.K_2L.png,183214.4~A28.K_2R.png,train,/data5/chensx/MyProject/UAE/data/arrangement_merged/chr_02/183214.4~A28.K_2L.png,/data5/chensx/MyProject/UAE/data/arrangement_merged/chr_02/183214.4~A28.K_2R.png,1,3.049188975524157,,0.003650963306427,1.8121948643104606,chromosome
0,0.0028793811798095,183214,183214.4~A50.K_2,2,,normal,183214.4~A50.K_2L.png,183214.4~A50.K_2R.png,train,/data5/chensx/MyProject/UAE/data/arrangement_merged/chr_02/183214.4~A50.K_2L.png,/data5/chensx/MyProject/UAE/data/arrangement_merged/chr_02/183214.4~A50.K_2R.png,0,2.0372347369803574,,0.0028793811798095,-0.5486811886278058,chromosome
0,0.0029562711715698,183214,183214.4~A8.K_2,2,,normal,183214.4~A8.K_2L.png,183214.4~A8.K_2R.png,train,/data5/chensx/MyProject/UAE/data/arrangement_merged/chr_02/183214.4~A8.K_2L.png,/data5/chensx/MyProject/UAE/data/arrangement_merged/chr_02/183214.4~A8.K_2R.png,0,2.138078380682289,,0.0029562711715698,-0.31341428184588876,chromosome
0,0.0034629106521606,183262,183262.11~A16.K_2,2,,normal,183262.11~A16.K_2L.png,183262.11~A16.K_2R.png,train,/data5/chensx/MyProject/UAE/data/arrangement_merged/chr_02/183262.11~A16.K_2L.png,/data5/chensx/MyProject/UAE/data/arrangement_merged/chr_02/183262.11~A16.K_2R.png,1,2.68988073132444,,0.0034629106521606,1.2367940186541255,chromosome
0,0.0032166838645935,183262,183262.12~A5.K_2,2,,normal,183262.12~A5.K_2L.png,183262.12~A5.K_2R.png,train,/data5/chensx/MyProject/UAE/data/arrangement_merged/chr_02/183262.12~A5.K_2L.png,/data5/chensx/MyProject/UAE/data/arrangement_merged/chr_02/183262.12~A5.K_2R.png,0,2.378451703653236,,0.0032166838645935,0.4833927846112064,chromosome
0,0.0032029151916503,183262,183262.14~A1.K_2,2,,normal,183262.14~A1.K_2L.png,183262.14~A1.K_2R.png,train,/data5/chensx/MyProject/UAE/data/arrangement_merged/chr_02/183262.14~A1.K_2L.png,/data5/chensx/MyProject/UAE/data/arrangement_merged/chr_02/183262.14~A1.K_2R.png,0,2.361037008569226,,0.0032029151916503,0.44126359432676904,chromosome
0,0.0028178691864013,183262,183262.14~A16.K_2,2,,normal,183262.14~A16.K_2L.png,183262.14~A16.K_2R.png,train,/data5/chensx/MyProject/UAE/data/arrangement_merged/chr_02/183262.14~A16.K_2L.png,/data5/chensx/MyProject/UAE/data/arrangement_merged/chr_02/183262.14~A16.K_2R.png,0,1.874028652540184,,0.0028178691864013,-0.7368947140532175,chromosome
0,0.0027087330818176,183262,183262.14~A21.K_2,2,,normal,183262.14~A21.K_2L.png,183262.14~A21.K_2R.png,train,/data5/chensx/MyProject/UAE/data/arrangement_merged/chr_02/183262.14~A21.K_2L.png,/data5/chensx/MyProject/UAE/data/arrangement_merged/chr_02/183262.14~A21.K_2R.png,0,1.7359926928050171,,0.0027087330818176,-1.0708278197255223,chromosome
0,0.0027410984039306,183262,183262.14~A23.K_2,2,,normal,183262.14~A23.K_2L.png,183262.14~A23.K_2R.png,train,/data5/chensx/MyProject/UAE/data/arrangement_merged/chr_02/183262.14~A23.K_2L.png,/data5/chensx/MyProject/UAE/data/arrangement_merged/chr_02/183262.14~A23.K_2R.png,0,1.776928534496003,,0.0027410984039306,-0.9717968659407493,chromosome
0,0.0030758380889892,183262,183262.14~A29.K_2,2,,normal,183262.14~A29.K_2L.png,183262.14~A29.K_2R.png,train,/data5/chensx/MyProject/UAE/data/arrangement_merged/chr_02/183262.14~A29.K_2L.png,/data5/chensx/MyProject/UAE/data/arrangement_merged/chr_02/183262.14~A29.K_2R.png,0,2.2003091734215605,,0.0030758380889892,0.05243487707202715,chromosome
0,0.0034064054489135,183262,183262.14~A33.K_2,2,,normal,183262.14~A33.K_2L.png,183262.14~A33.K_2R.png,train,/data5/chensx/MyProject/UAE/data/arrangement_merged/chr_02/183262.14~A33.K_2L.png,/data5/chensx/MyProject/UAE/data/arrangement_merged/chr_02/183262.14~A33.K_2R.png,0,2.6184126320186296,,0.0034064054489135,1.0639001987864973,chromosome
0,0.002805471420288,183262,183262.14~A38.K_2,2,,normal,183262.14~A38.K_2L.png,183262.14~A38.K_2R.png,train,/data5/chensx/MyProject/UAE/data/arrangement_merged/chr_02/183262.14~A38.K_2L.png,/data5/chensx/MyProject/UAE/data/arrangement_merged/chr_02/183262.14~A38.K_2R.png,0,1.8583478881355333,,0.002805471420288,-0.774829223053747,chromosome
0,0.0030604600906372,183262,183262.14~A45.K_2,2,,normal,183262.14~A45.K_2L.png,183262.14~A45.K_2R.png,train,/data5/chensx/MyProject/UAE/data/arrangement_merged/chr_02/183262.14~A45.K_2L.png,/data5/chensx/MyProject/UAE/data/arrangement_merged/chr_02/183262.14~A45.K_2R.png,0,2.1808589944965613,,0.0030604600906372,0.0053814957158271415,chromosome
0,0.0029659271240234,183262,183262.14~A8.K_2,2,,normal,183262.14~A8.K_2L.png,183262.14~A8.K_2R.png,train,/data5/chensx/MyProject/UAE/data/arrangement_merged/chr_02/183262.14~A8.K_2L.png,/data5/chensx/MyProject/UAE/data/arrangement_merged/chr_02/183262.14~A8.K_2R.png,0,2.061293165911103,,0.0029659271240234,-0.2838691354128683,chromosome
0,0.0028627514839172,183262,183262.1~A2.K_2,2,,normal,183262.1~A2.K_2L.png,183262.1~A2.K_2R.png,train,/data5/chensx/MyProject/UAE/data/arrangement_merged/chr_02/183262.1~A2.K_2L.png,/data5/chensx/MyProject/UAE/data/arrangement_merged/chr_02/183262.1~A2.K_2R.png,0,1.9307960352166336,,0.0028627514839172,-0.5995644963735283,chromosome
0,0.0030288696289062,183262,183262.1~A24.K_2,2,,normal,183262.1~A24.K_2L.png,183262.1~A24.K_2R.png,train,/data5/chensx/MyProject/UAE/data/arrangement_merged/chr_02/183262.1~A24.K_2L.png,/data5/chensx/MyProject/UAE/data/arrangement_merged/chr_02/183262.1~A24.K_2R.png,0,2.140903200580866,,0.0030288696289062,-0.09127855125666196,chromosome
0,0.0031157732009887,183262,183262.1~A26.K_2,2,,normal,183262.1~A26.K_2L.png,183262.1~A26.K_2R.png,train,/data5/chensx/MyProject/UAE/data/arrangement_merged/chr_02/183262.1~A26.K_2L.png,/data5/chensx/MyProject/UAE/data/arrangement_merged/chr_02/183262.1~A26.K_2R.png,0,2.250819327994232,,0.0031157732009887,0.1746277666408209,chromosome
0,0.0034005045890808,183262,183262.1~A42.K_2,2,,normal,183262.1~A42.K_2L.png,183262.1~A42.K_2R.png,train,/data5/chensx/MyProject/UAE/data/arrangement_merged/chr_02/183262.1~A42.K_2L.png,/data5/chensx/MyProject/UAE/data/arrangement_merged/chr_02/183262.1~A42.K_2R.png,0,2.61094919126834,,0.0034005045890808,1.0458448315220445,chromosome
0,0.0028560161590576,183262,183262.1~A9.K_2,2,,normal,183262.1~A9.K_2L.png,183262.1~A9.K_2R.png,train,/data5/chensx/MyProject/UAE/data/arrangement_merged/chr_02/183262.1~A9.K_2L.png,/data5/chensx/MyProject/UAE/data/arrangement_merged/chr_02/183262.1~A9.K_2R.png,0,1.922277158400646,,0.0028560161590576,-0.620173147897765,chromosome
0,0.0030254125595092,183262,183262.2~A10.K_2,2,,normal,183262.2~A10.K_2L.png,183262.2~A10.K_2R.png,train,/data5/chensx/MyProject/UAE/data/arrangement_merged/chr_02/183262.2~A10.K_2L.png,/data5/chensx/MyProject/UAE/data/arrangement_merged/chr_02/183262.2~A10.K_2R.png,0,2.1365306797372616,,0.0030254125595092,-0.1018564431895696,chromosome
0,0.003651738166809,183262,183262.2~A22.K_2,2,,normal,183262.2~A22.K_2L.png,183262.2~A22.K_2R.png,train,/data5/chensx/MyProject/UAE/data/arrangement_merged/chr_02/183262.2~A22.K_2L.png,/data5/chensx/MyProject/UAE/data/arrangement_merged/chr_02/183262.2~A22.K_2R.png,1,2.928710835333728,,0.003651738166809,1.8145657711227459,chromosome
0,0.0028994083404541,183262,183262.2~A23.K_2,2,,normal,183262.2~A23.K_2L.png,183262.2~A23.K_2R.png,train,/data5/chensx/MyProject/UAE/data/arrangement_merged/chr_02/183262.2~A23.K_2L.png,/data5/chensx/MyProject/UAE/data/arrangement_merged/chr_02/183262.2~A23.K_2R.png,0,1.9771598338169216,,0.0028994083404541,-0.48740236639606366,chromosome
0,0.0032377243041992,183262,183262.2~A44.K_2,2,,normal,183262.2~A44.K_2L.png,183262.2~A44.K_2R.png,train,/data5/chensx/MyProject/UAE/data/arrangement_merged/chr_02/183262.2~A44.K_2L.png,/data5/chensx/MyProject/UAE/data/arrangement_merged/chr_02/183262.2~A44.K_2R.png,0,2.405063770166897,,0.0032377243041992,0.5477720234437005,chromosome
0,0.0030521154403686,183262,183262.2~A45.K_2,2,,normal,183262.2~A45.K_2L.png,183262.2~A45.K_2R.png,train,/data5/chensx/MyProject/UAE/data/arrangement_merged/chr_02/183262.2~A45.K_2L.png,/data5/chensx/MyProject/UAE/data/arrangement_merged/chr_02/183262.2~A45.K_2R.png,0,2.170304633839585,,0.0030521154403686,-0.02015134688078404,chromosome
0,0.002440333366394,183262,183262.3~A17.K_2,2,,normal,183262.3~A17.K_2L.png,183262.3~A17.K_2R.png,train,/data5/chensx/MyProject/UAE/data/arrangement_merged/chr_02/183262.3~A17.K_2L.png,/data5/chensx/MyProject/UAE/data/arrangement_merged/chr_02/183262.3~A17.K_2R.png,0,1.39651922110242,,0.002440333366394,-1.8920734640963768,chromosome
0,0.003549575805664,183262,183262.3~A24.K_2,2,,normal,183262.3~A24.K_2L.png,183262.3~A24.K_2R.png,train,/data5/chensx/MyProject/UAE/data/arrangement_merged/chr_02/183262.3~A24.K_2L.png,/data5/chensx/MyProject/UAE/data/arrangement_merged/chr_02/183262.3~A24.K_2R.png,1,2.799495305576177,,0.003549575805664,1.501970826763143,chromosome
0,0.0033032894134521,183262,183262.3~A30.K_2,2,,normal,183262.3~A30.K_2L.png,183262.3~A30.K_2R.png,train,/data5/chensx/MyProject/UAE/data/arrangement_merged/chr_02/183262.3~A30.K_2L.png,/data5/chensx/MyProject/UAE/data/arrangement_merged/chr_02/183262.3~A30.K_2R.png,0,2.4879908896145677,,0.0033032894134521,0.7483872152730306,chromosome
0,0.0028862953186035,183262,183262.3~A41.K_2,2,,normal,183262.3~A41.K_2L.png,183262.3~A41.K_2R.png,train,/data5/chensx/MyProject/UAE/data/arrangement_merged/chr_02/183262.3~A41.K_2L.png,/data5/chensx/MyProject/UAE/data/arrangement_merged/chr_02/183262.3~A41.K_2R.png,0,1.960574409927388,,0.0028862953186035,-0.5275254047619905,chromosome
0,0.0030766725540161,183262,183262.4~A14.K_2,2,,normal,183262.4~A14.K_2L.png,183262.4~A14.K_2R.png,train,/data5/chensx/MyProject/UAE/data/arrangement_merged/chr_02/183262.4~A14.K_2L.png,/data5/chensx/MyProject/UAE/data/arrangement_merged/chr_02/183262.4~A14.K_2R.png,0,2.201364609487258,,0.0030766725540161,0.05498816133180969,chromosome
0,0.003181517124176,183262,183262.4~A19.K_2,2,,normal,183262.4~A19.K_2L.png,183262.4~A19.K_2R.png,train,/data5/chensx/MyProject/UAE/data/arrangement_merged/chr_02/183262.4~A19.K_2L.png,/data5/chensx/MyProject/UAE/data/arrangement_merged/chr_02/183262.4~A19.K_2R.png,0,2.3339726123131226,,0.003181517124176,0.3757900908117296,chromosome
0,0.0029064416885375,183262,183262.4~A24.K_2,2,,normal,183262.4~A24.K_2L.png,183262.4~A24.K_2R.png,train,/data5/chensx/MyProject/UAE/data/arrangement_merged/chr_02/183262.4~A24.K_2L.png,/data5/chensx/MyProject/UAE/data/arrangement_merged/chr_02/183262.4~A24.K_2R.png,0,1.9860556520849448,,0.0029064416885375,-0.4658818276364735,chromosome
0,0.0036048889160156,183262,183262.4~A29.K_2,2,,normal,183262.4~A29.K_2L.png,183262.4~A29.K_2R.png,train,/data5/chensx/MyProject/UAE/data/arrangement_merged/chr_02/183262.4~A29.K_2L.png,/data5/chensx/MyProject/UAE/data/arrangement_merged/chr_02/183262.4~A29.K_2R.png,1,2.869455639073848,,0.0036048889160156,1.671217097688442,chromosome
0,0.0030726790428161,183262,183262.4~A31.K_2,2,,normal,183262.4~A31.K_2L.png,183262.4~A31.K_2R.png,train,/data5/chensx/MyProject/UAE/data/arrangement_merged/chr_02/183262.4~A31.K_2L.png,/data5/chensx/MyProject/UAE/data/arrangement_merged/chr_02/183262.4~A31.K_2R.png,0,2.196313594029991,,0.0030726790428161,0.04276887237477811,chromosome
0,0.0030956268310546,183262,183262.4~A50.K_2,2,,normal,183262.4~A50.K_2L.png,183262.4~A50.K_2R.png,train,/data5/chensx/MyProject/UAE/data/arrangement_merged/chr_02/183262.4~A50.K_2L.png,/data5/chensx/MyProject/UAE/data/arrangement_merged/chr_02/183262.4~A50.K_2R.png,0,2.225338085836676,,0.0030956268310546,0.1129841895149974,chromosome
0,0.0031511187553405,183786,183786.11~A44.K_2,2,,normal,183786.11~A44.K_2L.png,183786.11~A44.K_2R.png,train,/data5/chensx/MyProject/UAE/data/arrangement_merged/chr_02/183786.11~A44.K_2L.png,/data5/chensx/MyProject/UAE/data/arrangement_merged/chr_02/183786.11~A44.K_2R.png,0,0.9042994987176616,,0.0031511187553405,0.2827775927815697,chromosome
0,0.002759575843811,183786,183786.12~A1.K_2,2,,normal,183786.12~A1.K_2L.png,183786.12~A1.K_2R.png,train,/data5/chensx/MyProject/UAE/data/arrangement_merged/chr_02/183786.12~A1.K_2L.png,/data5/chensx/MyProject/UAE/data/arrangement_merged/chr_02/183786.12~A1.K_2R.png,0,0.7001089585279305,,0.002759575843811,-0.915259857334187,chromosome
0,0.003471553325653,183786,183786.12~A12.K_2,2,,normal,183786.12~A12.K_2L.png,183786.12~A12.K_2R.png,train,/data5/chensx/MyProject/UAE/data/arrangement_merged/chr_02/183786.12~A12.K_2L.png,/data5/chensx/MyProject/UAE/data/arrangement_merged/chr_02/183786.12~A12.K_2R.png,1,1.071406873365248,,0.003471553325653,1.2632387484860887,chromosome
0,0.0031210780143737,183786,183786.12~A15.K_2,2,,normal,183786.12~A15.K_2L.png,183786.12~A15.K_2R.png,train,/data5/chensx/MyProject/UAE/data/arrangement_merged/chr_02/183786.12~A15.K_2L.png,/data5/chensx/MyProject/UAE/data/arrangement_merged/chr_02/183786.12~A15.K_2R.png,0,0.8886331823444505,,0.0031210780143737,0.19085935943426177,chromosome
0,0.002970814704895,183786,183786.12~A16.K_2,2,,normal,183786.12~A16.K_2L.png,183786.12~A16.K_2R.png,train,/data5/chensx/MyProject/UAE/data/arrangement_merged/chr_02/183786.12~A16.K_2L.png,/data5/chensx/MyProject/UAE/data/arrangement_merged/chr_02/183786.12~A16.K_2R.png,0,0.8102705165173364,,0.002970814704895,-0.26891418474916606,chromosome
0,0.0035527944564819,183786,183786.12~A34.K_2,2,,normal,183786.12~A34.K_2L.png,183786.12~A34.K_2R.png,train,/data5/chensx/MyProject/UAE/data/arrangement_merged/chr_02/183786.12~A34.K_2L.png,/data5/chensx/MyProject/UAE/data/arrangement_merged/chr_02/183786.12~A34.K_2R.png,1,1.113774312287246,,0.0035527944564819,1.5118192089075855,chromosome
0,0.003071904182434,183786,183786.12~A41.K_2,2,,normal,183786.12~A41.K_2L.png,183786.12~A41.K_2R.png,train,/data5/chensx/MyProject/UAE/data/arrangement_merged/chr_02/183786.12~A41.K_2L.png,/data5/chensx/MyProject/UAE/data/arrangement_merged/chr_02/183786.12~A41.K_2R.png,0,0.8629889144716345,,0.003071904182434,0.04039796556218754,chromosome
0,0.0031286478042602,183786,183786.12~A47.K_2,2,,normal,183786.12~A47.K_2L.png,183786.12~A47.K_2R.png,train,/data5/chensx/MyProject/UAE/data/arrangement_merged/chr_02/183786.12~A47.K_2L.png,/data5/chensx/MyProject/UAE/data/arrangement_merged/chr_02/183786.12~A47.K_2R.png,0,0.8925808453988112,,0.0031286478042602,0.2140212952182824,chromosome
0,0.0030689239501953,183786,183786.13~A10.K_2,2,,normal,183786.13~A10.K_2L.png,183786.13~A10.K_2R.png,train,/data5/chensx/MyProject/UAE/data/arrangement_merged/chr_02/183786.13~A10.K_2L.png,/data5/chensx/MyProject/UAE/data/arrangement_merged/chr_02/183786.13~A10.K_2R.png,0,0.8614347164187366,,0.0030689239501953,0.031279093206517054,chromosome
0,0.0028902888298034,183786,183786.13~A12.K_2,2,,normal,183786.13~A12.K_2L.png,183786.13~A12.K_2R.png,train,/data5/chensx/MyProject/UAE/data/arrangement_merged/chr_02/183786.13~A12.K_2L.png,/data5/chensx/MyProject/UAE/data/arrangement_merged/chr_02/183786.13~A12.K_2R.png,0,0.7682760851280341,,0.0028902888298034,-0.5153061158052641,chromosome
0,0.0029226541519165,183786,183786.13~A29.K_2,2,,normal,183786.13~A29.K_2L.png,183786.13~A29.K_2R.png,train,/data5/chensx/MyProject/UAE/data/arrangement_merged/chr_02/183786.13~A29.K_2L.png,/data5/chensx/MyProject/UAE/data/arrangement_merged/chr_02/183786.13~A29.K_2R.png,0,0.7851546759825058,,0.0029226541519165,-0.41627516202018444,chromosome
0,0.0033135414123535,183786,183786.13~A34.K_2,2,,normal,183786.13~A34.K_2L.png,183786.13~A34.K_2R.png,train,/data5/chensx/MyProject/UAE/data/arrangement_merged/chr_02/183786.13~A34.K_2L.png,/data5/chensx/MyProject/UAE/data/arrangement_merged/chr_02/183786.13~A34.K_2R.png,0,0.9890032926005994,,0.0033135414123535,0.7797561361773683,chromosome
0,0.0028917789459228,183786,183786.13~A43.K_2,2,,normal,183786.13~A43.K_2L.png,183786.13~A43.K_2R.png,train,/data5/chensx/MyProject/UAE/data/arrangement_merged/chr_02/183786.13~A43.K_2L.png,/data5/chensx/MyProject/UAE/data/arrangement_merged/chr_02/183786.13~A43.K_2R.png,0,0.7690531841544831,,0.0028917789459228,-0.5107466796272763,chromosome
0,0.0031507015228271,183786,183786.14~A17.K_2,2,,normal,183786.14~A17.K_2L.png,183786.14~A17.K_2R.png,train,/data5/chensx/MyProject/UAE/data/arrangement_merged/chr_02/183786.14~A17.K_2L.png,/data5/chensx/MyProject/UAE/data/arrangement_merged/chr_02/183786.14~A17.K_2R.png,0,0.904081910990256,,0.0031507015228271,0.28150095065183106,chromosome
0,0.0028721094131469,183786,183786.14~A24.K_2,2,,normal,183786.14~A24.K_2L.png,183786.14~A24.K_2R.png,train,/data5/chensx/MyProject/UAE/data/arrangement_merged/chr_02/183786.14~A24.K_2L.png,/data5/chensx/MyProject/UAE/data/arrangement_merged/chr_02/183786.14~A24.K_2R.png,0,0.7587954770053568,,0.0028721094131469,-0.5709312371761678,chromosome
0,0.0028839111328125,183786,183786.14~A38.K_2,2,,normal,183786.14~A38.K_2L.png,183786.14~A38.K_2R.png,train,/data5/chensx/MyProject/UAE/data/arrangement_merged/chr_02/183786.14~A38.K_2L.png,/data5/chensx/MyProject/UAE/data/arrangement_merged/chr_02/183786.14~A38.K_2R.png,0,0.7649501012948325,,0.0028839111328125,-0.5348205026466489,chromosome
0,0.0028685927391052,183786,183786.14~A39.K_2,2,,normal,183786.14~A39.K_2L.png,183786.14~A39.K_2R.png,train,/data5/chensx/MyProject/UAE/data/arrangement_merged/chr_02/183786.14~A39.K_2L.png,/data5/chensx/MyProject/UAE/data/arrangement_merged/chr_02/183786.14~A39.K_2R.png,0,0.7569615233029372,,0.0028685927391052,-0.5816915065559621,chromosome
0,0.0030779838562011,183786,183786.1~A44.K_2,2,,normal,183786.1~A44.K_2L.png,183786.1~A44.K_2R.png,train,/data5/chensx/MyProject/UAE/data/arrangement_merged/chr_02/183786.1~A44.K_2L.png,/data5/chensx/MyProject/UAE/data/arrangement_merged/chr_02/183786.1~A44.K_2R.png,0,0.8661594784995463,,0.0030779838562011,0.05900046516821898,chromosome
0,0.0029016137123107,183786,183786.2~A14.K_2,2,,normal,183786.2~A14.K_2L.png,183786.2~A14.K_2R.png,train,/data5/chensx/MyProject/UAE/data/arrangement_merged/chr_02/183786.2~A14.K_2L.png,/data5/chensx/MyProject/UAE/data/arrangement_merged/chr_02/183786.2~A14.K_2R.png,0,0.7741820377290463,,0.0029016137123107,-0.4806544008529837,chromosome
0,0.0027716159820556,183786,183786.2~A4.K_2,2,,normal,183786.2~A4.K_2L.png,183786.2~A4.K_2R.png,train,/data5/chensx/MyProject/UAE/data/arrangement_merged/chr_02/183786.2~A4.K_2L.png,/data5/chensx/MyProject/UAE/data/arrangement_merged/chr_02/183786.2~A4.K_2R.png,0,0.7063879186616382,,0.0027716159820556,-0.8784196130165094,chromosome
0,0.0032241344451904,183786,183786.2~A49.K_2,2,,normal,183786.2~A49.K_2L.png,183786.2~A49.K_2R.png,train,/data5/chensx/MyProject/UAE/data/arrangement_merged/chr_02/183786.2~A49.K_2L.png,/data5/chensx/MyProject/UAE/data/arrangement_merged/chr_02/183786.2~A49.K_2R.png,0,0.9423773510136612,,0.0032241344451904,0.5061899655008417,chromosome
0,0.0027705430984497,183786,183786.3~A1.K_2,2,,normal,183786.3~A1.K_2L.png,183786.3~A1.K_2R.png,train,/data5/chensx/MyProject/UAE/data/arrangement_merged/chr_02/183786.3~A1.K_2L.png,/data5/chensx/MyProject/UAE/data/arrangement_merged/chr_02/183786.3~A1.K_2R.png,0,0.705828407362595,,0.0027705430984497,-0.881702407064452,chromosome
0,0.003383994102478,183786,183786.3~A25.K_2,2,,normal,183786.3~A25.K_2L.png,183786.3~A25.K_2R.png,train,/data5/chensx/MyProject/UAE/data/arrangement_merged/chr_02/183786.3~A25.K_2L.png,/data5/chensx/MyProject/UAE/data/arrangement_merged/chr_02/183786.3~A25.K_2R.png,0,1.0257445345711067,,0.003383994102478,0.995326278670402,chromosome
0,0.0032868385314941,183786,183786.3~A36.K_2,2,,normal,183786.3~A36.K_2L.png,183786.3~A36.K_2R.png,train,/data5/chensx/MyProject/UAE/data/arrangement_merged/chr_02/183786.3~A36.K_2L.png,/data5/chensx/MyProject/UAE/data/arrangement_merged/chr_02/183786.3~A36.K_2R.png,0,0.9750776780466338,,0.0032868385314941,0.6980510398685814,chromosome
0,0.0035161972045898,183786,183786.3~A37.K_2,2,,normal,183786.3~A37.K_2L.png,183786.3~A37.K_2R.png,train,/data5/chensx/MyProject/UAE/data/arrangement_merged/chr_02/183786.3~A37.K_2L.png,/data5/chensx/MyProject/UAE/data/arrangement_merged/chr_02/183786.3~A37.K_2R.png,1,1.0946887601976591,,0.0035161972045898,1.3998394563773127,chromosome
0,0.003322422504425,183786,183786.3~A44.K_2,2,,normal,183786.3~A44.K_2L.png,183786.3~A44.K_2R.png,train,/data5/chensx/MyProject/UAE/data/arrangement_merged/chr_02/183786.3~A44.K_2L.png,/data5/chensx/MyProject/UAE/data/arrangement_merged/chr_02/183786.3~A44.K_2R.png,0,0.9936348027982352,,0.003322422504425,0.8069303757977969,chromosome
0,0.0026690363883972,183786,183786.4~A49.K_2,2,,normal,183786.4~A49.K_2L.png,183786.4~A49.K_2R.png,train,/data5/chensx/MyProject/UAE/data/arrangement_merged/chr_02/183786.4~A49.K_2L.png,/data5/chensx/MyProject/UAE/data/arrangement_merged/chr_02/183786.4~A49.K_2R.png,0,0.6528924216808912,,0.0026690363883972,-1.192291199505851,chromosome
0,0.0028188824653625,183786,183786.5~A1.K_2,2,,normal,183786.5~A1.K_2L.png,183786.5~A1.K_2R.png,train,/data5/chensx/MyProject/UAE/data/arrangement_merged/chr_02/183786.5~A1.K_2L.png,/data5/chensx/MyProject/UAE/data/arrangement_merged/chr_02/183786.5~A1.K_2R.png,0,0.7310374997805995,,0.0028188824653625,-0.7337942974521616,chromosome
0,0.0030869245529174,183786,183786.5~A31.K_2,2,,normal,183786.5~A31.K_2L.png,183786.5~A31.K_2R.png,train,/data5/chensx/MyProject/UAE/data/arrangement_merged/chr_02/183786.5~A31.K_2L.png,/data5/chensx/MyProject/UAE/data/arrangement_merged/chr_02/183786.5~A31.K_2R.png,0,0.8708220726582401,,0.0030869245529174,0.08635708223584085,chromosome
0,0.0029734373092651,183786,183786.5~A33.K_2,2,,normal,183786.5~A33.K_2L.png,183786.5~A33.K_2R.png,train,/data5/chensx/MyProject/UAE/data/arrangement_merged/chr_02/183786.5~A33.K_2L.png,/data5/chensx/MyProject/UAE/data/arrangement_merged/chr_02/183786.5~A33.K_2R.png,0,0.8116382108038867,,0.0029734373092651,-0.26088957707604227,chromosome
0,0.0033265352249145,183786,183786.5~A42.K_2,2,,normal,183786.5~A42.K_2L.png,183786.5~A42.K_2R.png,train,/data5/chensx/MyProject/UAE/data/arrangement_merged/chr_02/183786.5~A42.K_2L.png,/data5/chensx/MyProject/UAE/data/arrangement_merged/chr_02/183786.5~A42.K_2R.png,0,0.9957795961112345,,0.0033265352249145,0.8195144196489098,chromosome
0,0.0031100511550903,183786,183786.5~A44.K_2,2,,normal,183786.5~A44.K_2L.png,183786.5~A44.K_2R.png,train,/data5/chensx/MyProject/UAE/data/arrangement_merged/chr_02/183786.5~A44.K_2L.png,/data5/chensx/MyProject/UAE/data/arrangement_merged/chr_02/183786.5~A44.K_2R.png,0,0.8828826495487281,,0.0031100511550903,0.15711953171764004,chromosome
0,0.0028324723243713,183786,183786.5~A6.K_2,2,,normal,183786.5~A6.K_2L.png,183786.5~A6.K_2R.png,train,/data5/chensx/MyProject/UAE/data/arrangement_merged/chr_02/183786.5~A6.K_2L.png,/data5/chensx/MyProject/UAE/data/arrangement_merged/chr_02/183786.5~A6.K_2R.png,0,0.7381246429018141,,0.0028324723243713,-0.6922122395093016,chromosome
0,0.0030919909477233,183786,183786.5~A8.K_2,2,,normal,183786.5~A8.K_2L.png,183786.5~A8.K_2R.png,train,/data5/chensx/MyProject/UAE/data/arrangement_merged/chr_02/183786.5~A8.K_2L.png,/data5/chensx/MyProject/UAE/data/arrangement_merged/chr_02/183786.5~A8.K_2R.png,0,0.8734642093481666,,0.0030919909477233,0.10185916524081774,chromosome
0,0.0029239654541015,184793,184793.11~A18.K_2,2,,normal,184793.11~A18.K_2L.png,184793.11~A18.K_2R.png,train,/data5/chensx/MyProject/UAE/data/arrangement_merged/chr_02/184793.11~A18.K_2L.png,/data5/chensx/MyProject/UAE/data/arrangement_merged/chr_02/184793.11~A18.K_2R.png,0,2.0300834595251915,,0.0029239654541015,-0.4122628581837751,chromosome
0,0.002892255783081,184793,184793.12~A12.K_2,2,,normal,184793.12~A12.K_2L.png,184793.12~A12.K_2R.png,train,/data5/chensx/MyProject/UAE/data/arrangement_merged/chr_02/184793.12~A12.K_2L.png,/data5/chensx/MyProject/UAE/data/arrangement_merged/chr_02/184793.12~A12.K_2R.png,0,1.9897988628776788,,0.002892255783081,-0.5092876600503443,chromosome
0,0.0030258297920227,184793,184793.12~A27.K_2,2,,normal,184793.12~A27.K_2L.png,184793.12~A27.K_2R.png,train,/data5/chensx/MyProject/UAE/data/arrangement_merged/chr_02/184793.12~A27.K_2L.png,/data5/chensx/MyProject/UAE/data/arrangement_merged/chr_02/184793.12~A27.K_2R.png,0,2.1594939401090243,,0.0030258297920227,-0.10057980105952573,chromosome
0,0.0029482841491699,184793,184793.12~A32.K_2,2,,normal,184793.12~A32.K_2L.png,184793.12~A32.K_2R.png,train,/data5/chensx/MyProject/UAE/data/arrangement_merged/chr_02/184793.12~A32.K_2L.png,/data5/chensx/MyProject/UAE/data/arrangement_merged/chr_02/184793.12~A32.K_2R.png,0,2.0609784133450884,,0.0029482841491699,-0.33785285975964674,chromosome
0,0.003048837184906,184793,184793.12~A38.K_2,2,,normal,184793.12~A38.K_2L.png,184793.12~A38.K_2R.png,train,/data5/chensx/MyProject/UAE/data/arrangement_merged/chr_02/184793.12~A38.K_2L.png,/data5/chensx/MyProject/UAE/data/arrangement_merged/chr_02/184793.12~A38.K_2R.png,0,2.18872298955628,,0.003048837184906,-0.03018210647211314,chromosome
0,0.0033462047576904,184793,184793.12~A42.K_2,2,,normal,184793.12~A42.K_2L.png,184793.12~A42.K_2R.png,train,/data5/chensx/MyProject/UAE/data/arrangement_merged/chr_02/184793.12~A42.K_2L.png,/data5/chensx/MyProject/UAE/data/arrangement_merged/chr_02/184793.12~A42.K_2R.png,0,2.5665046675157543,,0.0033462047576904,0.8796989771978014,chromosome
0,0.0029723644256591,184793,184793.13~A10.K_2,2,,normal,184793.13~A10.K_2L.png,184793.13~A10.K_2R.png,train,/data5/chensx/MyProject/UAE/data/arrangement_merged/chr_02/184793.13~A10.K_2L.png,/data5/chensx/MyProject/UAE/data/arrangement_merged/chr_02/184793.13~A10.K_2R.png,0,2.091570475460869,,0.0029723644256591,-0.2641723711242915,chromosome
0,0.0031878948211669,184793,184793.13~A16.K_2,2,,normal,184793.13~A16.K_2L.png,184793.13~A16.K_2R.png,train,/data5/chensx/MyProject/UAE/data/arrangement_merged/chr_02/184793.13~A16.K_2L.png,/data5/chensx/MyProject/UAE/data/arrangement_merged/chr_02/184793.13~A16.K_2R.png,0,2.365384575982308,,0.0031878948211669,0.39530447765311444,chromosome
0,0.0034921169281005,184793,184793.13~A43.K_2,2,,normal,184793.13~A43.K_2L.png,184793.13~A43.K_2R.png,train,/data5/chensx/MyProject/UAE/data/arrangement_merged/chr_02/184793.13~A43.K_2L.png,/data5/chensx/MyProject/UAE/data/arrangement_merged/chr_02/184793.13~A43.K_2R.png,1,2.751874390435136,,0.0034921169281005,1.326158967741651,chromosome
0,0.0034790635108947,184793,184793.14~A14.K_2,2,,normal,184793.14~A14.K_2L.png,184793.14~A14.K_2R.png,train,/data5/chensx/MyProject/UAE/data/arrangement_merged/chr_02/184793.14~A14.K_2L.png,/data5/chensx/MyProject/UAE/data/arrangement_merged/chr_02/184793.14~A14.K_2R.png,1,2.73529106963475,,0.0034790635108947,1.286218306822916,chromosome
0,0.0035657286643981,184793,184793.14~A26.K_2,2,,normal,184793.14~A26.K_2L.png,184793.14~A26.K_2R.png,train,/data5/chensx/MyProject/UAE/data/arrangement_merged/chr_02/184793.14~A26.K_2L.png,/data5/chensx/MyProject/UAE/data/arrangement_merged/chr_02/184793.14~A26.K_2R.png,1,2.8453922040811475,,0.0035657286643981,1.5513951149319336,chromosome
0,0.0032609701156616,184793,184793.14~A27.K_2,2,,normal,184793.14~A27.K_2L.png,184793.14~A27.K_2R.png,train,/data5/chensx/MyProject/UAE/data/arrangement_merged/chr_02/184793.14~A27.K_2L.png,/data5/chensx/MyProject/UAE/data/arrangement_merged/chr_02/184793.14~A27.K_2R.png,0,2.4582208832940573,,0.0032609701156616,0.6188992278195784,chromosome
0,0.0032877922058105,184793,184793.14~A3.K_2,2,,normal,184793.14~A3.K_2L.png,184793.14~A3.K_2R.png,train,/data5/chensx/MyProject/UAE/data/arrangement_merged/chr_02/184793.14~A3.K_2L.png,/data5/chensx/MyProject/UAE/data/arrangement_merged/chr_02/184793.14~A3.K_2R.png,0,2.4922962000071784,,0.0032877922058105,0.7009690790224453,chromosome
0,0.0022324919700622,184793,184793.14~A30.K_2,2,,normal,184793.14~A30.K_2L.png,184793.14~A30.K_2R.png,train,/data5/chensx/MyProject/UAE/data/arrangement_merged/chr_02/184793.14~A30.K_2L.png,/data5/chensx/MyProject/UAE/data/arrangement_merged/chr_02/184793.14~A30.K_2R.png,0,1.1516217946609169,,0.0022324919700622,-2.5280236221956836,chromosome
0,0.0039829015731811,184793,184793.14~A32.K_2,2,,normal,184793.14~A32.K_2L.png,184793.14~A32.K_2R.png,train,/data5/chensx/MyProject/UAE/data/arrangement_merged/chr_02/184793.14~A32.K_2L.png,/data5/chensx/MyProject/UAE/data/arrangement_merged/chr_02/184793.14~A32.K_2R.png,1,3.375376963359232,,0.0039829015731811,2.8278548673085346,chromosome
0,0.0027506947517395,184793,184793.14~A33.K_2,2,,normal,184793.14~A33.K_2L.png,184793.14~A33.K_2R.png,train,/data5/chensx/MyProject/UAE/data/arrangement_merged/chr_02/184793.14~A33.K_2L.png,/data5/chensx/MyProject/UAE/data/arrangement_merged/chr_02/184793.14~A33.K_2R.png,0,1.809956913558426,,0.0027506947517395,-0.9424340969546169,chromosome
0,0.0036050677299499,184793,184793.14~A4.K_2,2,,normal,184793.14~A4.K_2L.png,184793.14~A4.K_2R.png,train,/data5/chensx/MyProject/UAE/data/arrangement_merged/chr_02/184793.14~A4.K_2L.png,/data5/chensx/MyProject/UAE/data/arrangement_merged/chr_02/184793.14~A4.K_2R.png,1,2.8953693352603924,,0.0036050677299499,1.6717642300297153,chromosome
0,0.0032550692558288,184793,184793.14~A9.K_2,2,,normal,184793.14~A9.K_2L.png,184793.14~A9.K_2R.png,train,/data5/chensx/MyProject/UAE/data/arrangement_merged/chr_02/184793.14~A9.K_2L.png,/data5/chensx/MyProject/UAE/data/arrangement_merged/chr_02/184793.14~A9.K_2R.png,0,2.45072431361717,,0.0032550692558288,0.6008438605548203,chromosome
0,0.0028366446495056,184793,184793.1~A26.K_2,2,,normal,184793.1~A26.K_2L.png,184793.1~A26.K_2R.png,train,/data5/chensx/MyProject/UAE/data/arrangement_merged/chr_02/184793.1~A26.K_2L.png,/data5/chensx/MyProject/UAE/data/arrangement_merged/chr_02/184793.1~A26.K_2R.png,0,1.9191493728924736,,0.0028366446495056,-0.6794458182109967,chromosome
0,0.003312349319458,184793,184793.2~A4.K_2,2,,normal,184793.2~A4.K_2L.png,184793.2~A4.K_2R.png,train,/data5/chensx/MyProject/UAE/data/arrangement_merged/chr_02/184793.2~A4.K_2L.png,/data5/chensx/MyProject/UAE/data/arrangement_merged/chr_02/184793.2~A4.K_2R.png,0,2.523494045531192,,0.003312349319458,0.7761085872350391,chromosome
0,0.002735435962677,184793,184793.3~A8.K_2,2,,normal,184793.3~A8.K_2L.png,184793.3~A8.K_2R.png,train,/data5/chensx/MyProject/UAE/data/arrangement_merged/chr_02/184793.3~A8.K_2L.png,/data5/chensx/MyProject/UAE/data/arrangement_merged/chr_02/184793.3~A8.K_2R.png,0,1.7905718444949612,,0.002735435962677,-0.9891227234167369,chromosome
0,0.0028239488601684,185290,185290.11~A25.K_2,2,,normal,185290.11~A25.K_2L.png,185290.11~A25.K_2R.png,train,/data5/chensx/MyProject/UAE/data/arrangement_merged/chr_02/185290.11~A25.K_2L.png,/data5/chensx/MyProject/UAE/data/arrangement_merged/chr_02/185290.11~A25.K_2R.png,0,2.032684785468681,,0.0028239488601684,-0.7182922144471862,chromosome
0,0.0028436183929443,185290,185290.11~A27.K_2,2,,normal,185290.11~A27.K_2L.png,185290.11~A27.K_2R.png,train,/data5/chensx/MyProject/UAE/data/arrangement_merged/chr_02/185290.11~A27.K_2L.png,/data5/chensx/MyProject/UAE/data/arrangement_merged/chr_02/185290.11~A27.K_2R.png,0,2.0589458674876577,,0.0028436183929443,-0.6581076568982945,chromosome
0,0.0028361678123474,185290,185290.11~A38.K_2,2,,normal,185290.11~A38.K_2L.png,185290.11~A38.K_2R.png,train,/data5/chensx/MyProject/UAE/data/arrangement_merged/chr_02/185290.11~A38.K_2L.png,/data5/chensx/MyProject/UAE/data/arrangement_merged/chr_02/185290.11~A38.K_2R.png,0,2.048998487935015,,0.0028361678123474,-0.6809048377879287,chromosome
0,0.0032475590705871,185290,185290.12~A12.K_2,2,,normal,185290.12~A12.K_2L.png,185290.12~A12.K_2R.png,train,/data5/chensx/MyProject/UAE/data/arrangement_merged/chr_02/185290.12~A12.K_2L.png,/data5/chensx/MyProject/UAE/data/arrangement_merged/chr_02/185290.12~A12.K_2R.png,0,2.598252997313736,,0.0032475590705871,0.577864302217993,chromosome
0,0.0031152963638305,185290,185290.12~A33.K_2,2,,normal,185290.12~A33.K_2L.png,185290.12~A33.K_2R.png,train,/data5/chensx/MyProject/UAE/data/arrangement_merged/chr_02/185290.12~A33.K_2L.png,/data5/chensx/MyProject/UAE/data/arrangement_merged/chr_02/185290.12~A33.K_2R.png,0,2.421667115495222,,0.0031152963638305,0.17316874706388893,chromosome
0,0.0029221177101135,185290,185290.12~A35.K_2,2,,normal,185290.12~A35.K_2L.png,185290.12~A35.K_2R.png,train,/data5/chensx/MyProject/UAE/data/arrangement_merged/chr_02/185290.12~A35.K_2L.png,/data5/chensx/MyProject/UAE/data/arrangement_merged/chr_02/185290.12~A35.K_2R.png,0,2.1637514584543016,,0.0029221177101135,-0.4179165590443097,chromosome
0,0.002876877784729,185290,185290.12~A49.K_2,2,,normal,185290.12~A49.K_2L.png,185290.12~A49.K_2R.png,train,/data5/chensx/MyProject/UAE/data/arrangement_merged/chr_02/185290.12~A49.K_2L.png,/data5/chensx/MyProject/UAE/data/arrangement_merged/chr_02/185290.12~A49.K_2R.png,0,2.103350969810655,,0.002876877784729,-0.5563410414065443,chromosome
0,0.0022190809249877,185290,185290.12~A5.K_2,2,,normal,185290.12~A5.K_2L.png,185290.12~A5.K_2R.png,train,/data5/chensx/MyProject/UAE/data/arrangement_merged/chr_02/185290.12~A5.K_2L.png,/data5/chensx/MyProject/UAE/data/arrangement_merged/chr_02/185290.12~A5.K_2R.png,0,1.225116723866934,,0.0022190809249877,-2.569058547797269,chromosome
0,0.0027648210525512,185290,185290.12~A50.K_2,2,,normal,185290.12~A50.K_2L.png,185290.12~A50.K_2R.png,train,/data5/chensx/MyProject/UAE/data/arrangement_merged/chr_02/185290.12~A50.K_2L.png,/data5/chensx/MyProject/UAE/data/arrangement_merged/chr_02/185290.12~A50.K_2R.png,0,1.9537423813389083,,0.0027648210525512,-0.8992106419879381,chromosome
0,0.0031514167785644,185290,185290.12~A7.K_2,2,,normal,185290.12~A7.K_2L.png,185290.12~A7.K_2R.png,train,/data5/chensx/MyProject/UAE/data/arrangement_merged/chr_02/185290.12~A7.K_2L.png,/data5/chensx/MyProject/UAE/data/arrangement_merged/chr_02/185290.12~A7.K_2R.png,0,2.4698920115664342,,0.0031514167785644,0.28368948001722966,chromosome
0,0.002943992614746,185290,185290.12~A8.K_2,2,,normal,185290.12~A8.K_2L.png,185290.12~A8.K_2R.png,train,/data5/chensx/MyProject/UAE/data/arrangement_merged/chr_02/185290.12~A8.K_2L.png,/data5/chensx/MyProject/UAE/data/arrangement_merged/chr_02/185290.12~A8.K_2R.png,0,2.1929569648208607,,0.002943992614746,-0.35098403595233824,chromosome
0,0.00220787525177,185290,185290.13~A13.K_2,2,,normal,185290.13~A13.K_2L.png,185290.13~A13.K_2R.png,train,/data5/chensx/MyProject/UAE/data/arrangement_merged/chr_02/185290.13~A13.K_2L.png,/data5/chensx/MyProject/UAE/data/arrangement_merged/chr_02/185290.13~A13.K_2R.png,0,1.2101558650197592,,0.00220787525177,-2.6033455078551637,chromosome
0,0.0026327967643737,185290,185290.13~A26.K_2,2,,normal,185290.13~A26.K_2L.png,185290.13~A26.K_2R.png,train,/data5/chensx/MyProject/UAE/data/arrangement_merged/chr_02/185290.13~A26.K_2L.png,/data5/chensx/MyProject/UAE/data/arrangement_merged/chr_02/185290.13~A26.K_2R.png,0,1.7774748156660791,,0.0026327967643737,-1.3031766873535768,chromosome
0,0.0030305385589599,185290,185290.13~A28.K_2,2,,normal,185290.13~A28.K_2L.png,185290.13~A28.K_2R.png,train,/data5/chensx/MyProject/UAE/data/arrangement_merged/chr_02/185290.13~A28.K_2L.png,/data5/chensx/MyProject/UAE/data/arrangement_merged/chr_02/185290.13~A28.K_2R.png,0,2.308505725704358,,0.0030305385589599,-0.08617198273740208,chromosome
0,0.0029319524765014,185290,185290.13~A30.K_2,2,,normal,185290.13~A30.K_2L.png,185290.13~A30.K_2R.png,train,/data5/chensx/MyProject/UAE/data/arrangement_merged/chr_02/185290.13~A30.K_2L.png,/data5/chensx/MyProject/UAE/data/arrangement_merged/chr_02/185290.13~A30.K_2R.png,0,2.1768819994637902,,0.0029319524765014,-0.3878242802700172,chromosome
0,0.0029321312904357,185290,185290.13~A35.K_2,2,,normal,185290.13~A35.K_2L.png,185290.13~A35.K_2R.png,train,/data5/chensx/MyProject/UAE/data/arrangement_merged/chr_02/185290.13~A35.K_2L.png,/data5/chensx/MyProject/UAE/data/arrangement_merged/chr_02/185290.13~A35.K_2R.png,0,2.1771207365730536,,0.0029321312904357,-0.38727714792874385,chromosome
0,0.0029681921005249,185290,185290.13~A36.K_2,2,,normal,185290.13~A36.K_2L.png,185290.13~A36.K_2R.png,train,/data5/chensx/MyProject/UAE/data/arrangement_merged/chr_02/185290.13~A36.K_2L.png,/data5/chensx/MyProject/UAE/data/arrangement_merged/chr_02/185290.13~A36.K_2R.png,0,2.2252660536078444,,0.0029681921005249,-0.27693879242228986,chromosome
0,0.0013489127159118,185290,185290.13~A46.K_2,2,,normal,185290.13~A46.K_2L.png,185290.13~A46.K_2R.png,train,/data5/chensx/MyProject/UAE/data/arrangement_merged/chr_02/185290.13~A46.K_2L.png,/data5/chensx/MyProject/UAE/data/arrangement_merged/chr_02/185290.13~A46.K_2R.png,0,0.0633423711546845,,0.0013489127159118,-5.231586898267846,chromosome
0,0.0027517080307006,185290,185290.13~A6.K_2,2,,normal,185290.13~A6.K_2L.png,185290.13~A6.K_2R.png,train,/data5/chensx/MyProject/UAE/data/arrangement_merged/chr_02/185290.13~A6.K_2L.png,/data5/chensx/MyProject/UAE/data/arrangement_merged/chr_02/185290.13~A6.K_2R.png,0,1.9362349933262573,,0.0027517080307006,-0.9393336803538662,chromosome
0,0.00282883644104,185290,185290.13~A7.K_2,2,,normal,185290.13~A7.K_2L.png,185290.13~A7.K_2R.png,train,/data5/chensx/MyProject/UAE/data/arrangement_merged/chr_02/185290.13~A7.K_2L.png,/data5/chensx/MyProject/UAE/data/arrangement_merged/chr_02/185290.13~A7.K_2R.png,0,2.0392102664552145,,0.00282883644104,-0.7033372637834826,chromosome
0,0.0029265880584716,185290,185290.14~A27.K_2,2,,normal,185290.14~A27.K_2L.png,185290.14~A27.K_2R.png,train,/data5/chensx/MyProject/UAE/data/arrangement_merged/chr_02/185290.14~A27.K_2L.png,/data5/chensx/MyProject/UAE/data/arrangement_merged/chr_02/185290.14~A27.K_2R.png,0,2.169719886185887,,0.0029265880584716,-0.4042382505106513,chromosome
0,0.0027368664741516,185290,185290.14~A31.K_2,2,,normal,185290.14~A31.K_2L.png,185290.14~A31.K_2R.png,train,/data5/chensx/MyProject/UAE/data/arrangement_merged/chr_02/185290.14~A31.K_2L.png,/data5/chensx/MyProject/UAE/data/arrangement_merged/chr_02/185290.14~A31.K_2R.png,0,1.9164198132573929,,0.0027368664741516,-0.9847456646859409,chromosome
0,0.0025979280471801,185290,185290.14~A44.K_2,2,,normal,185290.14~A44.K_2L.png,185290.14~A44.K_2R.png,train,/data5/chensx/MyProject/UAE/data/arrangement_merged/chr_02/185290.14~A44.K_2L.png,/data5/chensx/MyProject/UAE/data/arrangement_merged/chr_02/185290.14~A44.K_2R.png,0,1.7309210793597114,,0.0025979280471801,-1.409867493917395,chromosome
0,0.0024568438529968,185290,185290.14~A47.K_2,2,,normal,185290.14~A47.K_2L.png,185290.14~A47.K_2R.png,train,/data5/chensx/MyProject/UAE/data/arrangement_merged/chr_02/185290.14~A47.K_2L.png,/data5/chensx/MyProject/UAE/data/arrangement_merged/chr_02/185290.14~A47.K_2R.png,0,1.542557500150869,,0.0024568438529968,-1.8415549112447342,chromosome
0,0.0027850866317749,185290,185290.1~A31.K_2,2,,normal,185290.1~A31.K_2L.png,185290.1~A31.K_2R.png,train,/data5/chensx/MyProject/UAE/data/arrangement_merged/chr_02/185290.1~A31.K_2L.png,/data5/chensx/MyProject/UAE/data/arrangement_merged/chr_02/185290.1~A31.K_2R.png,0,1.9807992537220969,,0.0027850866317749,-0.8372023099677294,chromosome
0,0.0026665925979614,185290,185290.1~A32.K_2,2,,normal,185290.1~A32.K_2L.png,185290.1~A32.K_2R.png,train,/data5/chensx/MyProject/UAE/data/arrangement_merged/chr_02/185290.1~A32.K_2L.png,/data5/chensx/MyProject/UAE/data/arrangement_merged/chr_02/185290.1~A32.K_2R.png,0,1.8225961293168669,,0.0026665925979614,-1.1997686748377012,chromosome
0,0.0030996203422546,185290,185290.1~A35.K_2,2,,normal,185290.1~A35.K_2L.png,185290.1~A35.K_2R.png,train,/data5/chensx/MyProject/UAE/data/arrangement_merged/chr_02/185290.1~A35.K_2L.png,/data5/chensx/MyProject/UAE/data/arrangement_merged/chr_02/185290.1~A35.K_2R.png,0,2.400737828916462,,0.0030996203422546,0.1252034784720303,chromosome
0,0.0023766160011291,185290,185290.2~A19.K_2,2,,normal,185290.2~A19.K_2L.png,185290.2~A19.K_2R.png,train,/data5/chensx/MyProject/UAE/data/arrangement_merged/chr_02/185290.2~A19.K_2L.png,/data5/chensx/MyProject/UAE/data/arrangement_merged/chr_02/185290.2~A19.K_2R.png,0,1.4354441171280117,,0.0023766160011291,-2.0870349550651737,chromosome
0,0.0023097991943359,185290,185290.3~A26.K_2,2,,normal,185290.3~A26.K_2L.png,185290.3~A26.K_2R.png,train,/data5/chensx/MyProject/UAE/data/arrangement_merged/chr_02/185290.3~A26.K_2L.png,/data5/chensx/MyProject/UAE/data/arrangement_merged/chr_02/185290.3~A26.K_2R.png,0,1.3462360172999115,,0.0023097991943359,-2.2914800732840264,chromosome
0,0.003115177154541,185290,185290.3~A32.K_2,2,,normal,185290.3~A32.K_2L.png,185290.3~A32.K_2R.png,train,/data5/chensx/MyProject/UAE/data/arrangement_merged/chr_02/185290.3~A32.K_2L.png,/data5/chensx/MyProject/UAE/data/arrangement_merged/chr_02/185290.3~A32.K_2R.png,0,2.42150795742238,,0.003115177154541,0.17280399216980888,chromosome
0,0.0030401945114135,185290,185290.4~A11.K_2,2,,normal,185290.4~A11.K_2L.png,185290.4~A11.K_2R.png,train,/data5/chensx/MyProject/UAE/data/arrangement_merged/chr_02/185290.4~A11.K_2L.png,/data5/chensx/MyProject/UAE/data/arrangement_merged/chr_02/185290.4~A11.K_2R.png,0,2.3213975296045835,,0.0030401945114135,-0.0566268363043816,chromosome
0,0.0029829740524291,185290,185290.4~A15.K_2,2,,normal,185290.4~A15.K_2L.png,185290.4~A15.K_2R.png,train,/data5/chensx/MyProject/UAE/data/arrangement_merged/chr_02/185290.4~A15.K_2L.png,/data5/chensx/MyProject/UAE/data/arrangement_merged/chr_02/185290.4~A15.K_2R.png,0,2.245001654640288,,0.0029829740524291,-0.2317091855374084,chromosome
0,0.0029373168945312,185290,185290.4~A18.K_2,2,,normal,185290.4~A18.K_2L.png,185290.4~A18.K_2R.png,train,/data5/chensx/MyProject/UAE/data/arrangement_merged/chr_02/185290.4~A18.K_2L.png,/data5/chensx/MyProject/UAE/data/arrangement_merged/chr_02/185290.4~A18.K_2R.png,0,2.184044112741693,,0.0029373168945312,-0.3714103100293817,chromosome
0,0.002826452255249,185290,185290.4~A28.K_2,2,,normal,185290.4~A28.K_2L.png,185290.4~A28.K_2R.png,train,/data5/chensx/MyProject/UAE/data/arrangement_merged/chr_02/185290.4~A28.K_2L.png,/data5/chensx/MyProject/UAE/data/arrangement_merged/chr_02/185290.4~A28.K_2R.png,0,2.036027104998369,,0.002826452255249,-0.710632361668141,chromosome
0,0.0025275349617004,185290,185290.4~A29.K_2,2,,normal,185290.4~A29.K_2L.png,185290.4~A29.K_2R.png,train,/data5/chensx/MyProject/UAE/data/arrangement_merged/chr_02/185290.4~A29.K_2L.png,/data5/chensx/MyProject/UAE/data/arrangement_merged/chr_02/185290.4~A29.K_2R.png,0,1.6369382373463428,,0.0025275349617004,-1.6252552589632354,chromosome
0,0.00303316116333,185290,185290.4~A37.K_2,2,,normal,185290.4~A37.K_2L.png,185290.4~A37.K_2R.png,train,/data5/chensx/MyProject/UAE/data/arrangement_merged/chr_02/185290.4~A37.K_2L.png,/data5/chensx/MyProject/UAE/data/arrangement_merged/chr_02/185290.4~A37.K_2R.png,0,2.312007203306889,,0.00303316116333,-0.07814737506427696,chromosome
0,0.0028011798858642,185290,185290.4~A9.K_2,2,,normal,185290.4~A9.K_2L.png,185290.4~A9.K_2R.png,train,/data5/chensx/MyProject/UAE/data/arrangement_merged/chr_02/185290.4~A9.K_2L.png,/data5/chensx/MyProject/UAE/data/arrangement_merged/chr_02/185290.4~A9.K_2R.png,0,2.002285593555805,,0.0028011798858642,-0.787960399246132,chromosome
0,0.0031173229217529,185824,185824.11~A10.K_2,2,,normal,185824.11~A10.K_2L.png,185824.11~A10.K_2R.png,train,/data5/chensx/MyProject/UAE/data/arrangement_merged/chr_02/185824.11~A10.K_2L.png,/data5/chensx/MyProject/UAE/data/arrangement_merged/chr_02/185824.11~A10.K_2R.png,0,2.3938745247257844,,0.0031173229217529,0.17936958026600203,chromosome
0,0.0031324625015258,185824,185824.11~A15.K_2,2,,normal,185824.11~A15.K_2L.png,185824.11~A15.K_2R.png,train,/data5/chensx/MyProject/UAE/data/arrangement_merged/chr_02/185824.11~A15.K_2L.png,/data5/chensx/MyProject/UAE/data/arrangement_merged/chr_02/185824.11~A15.K_2R.png,0,2.413603880927912,,0.0031324625015258,0.2256934518337354,chromosome
0,0.0031800270080566,185824,185824.11~A31.K_2,2,,normal,185824.11~A31.K_2L.png,185824.11~A31.K_2R.png,train,/data5/chensx/MyProject/UAE/data/arrangement_merged/chr_02/185824.11~A31.K_2L.png,/data5/chensx/MyProject/UAE/data/arrangement_merged/chr_02/185824.11~A31.K_2R.png,0,2.475588236240109,,0.0031800270080566,0.3712306546337417,chromosome
0,0.0030593872070312,185824,185824.12~A12.K_2,2,,normal,185824.12~A12.K_2L.png,185824.12~A12.K_2R.png,train,/data5/chensx/MyProject/UAE/data/arrangement_merged/chr_02/185824.12~A12.K_2L.png,/data5/chensx/MyProject/UAE/data/arrangement_merged/chr_02/185824.12~A12.K_2R.png,0,2.318374783668823,,0.0030593872070312,0.002098701667577962,chromosome
0,0.0034292936325073,185824,185824.12~A28.K_2,2,,normal,185824.12~A28.K_2L.png,185824.12~A28.K_2R.png,train,/data5/chensx/MyProject/UAE/data/arrangement_merged/chr_02/185824.12~A28.K_2L.png,/data5/chensx/MyProject/UAE/data/arrangement_merged/chr_02/185824.12~A28.K_2R.png,1,2.8004235418987644,,0.0034292936325073,1.13393313847983,chromosome
0,0.0029212236404418,185824,185824.12~A31.K_2,2,,normal,185824.12~A31.K_2L.png,185824.12~A31.K_2R.png,train,/data5/chensx/MyProject/UAE/data/arrangement_merged/chr_02/185824.12~A31.K_2L.png,/data5/chensx/MyProject/UAE/data/arrangement_merged/chr_02/185824.12~A31.K_2R.png,0,2.138324989666728,,0.0029212236404418,-0.4206522207512855,chromosome
0,0.0028101205825805,185824,185824.12~A38.K_2,2,,normal,185824.12~A38.K_2L.png,185824.12~A38.K_2R.png,train,/data5/chensx/MyProject/UAE/data/arrangement_merged/chr_02/185824.12~A38.K_2L.png,/data5/chensx/MyProject/UAE/data/arrangement_merged/chr_02/185824.12~A38.K_2R.png,0,1.993539478010168,,0.0028101205825805,-0.7606037821785102,chromosome
0,0.0027558803558349,185824,185824.12~A48.K_2,2,,normal,185824.12~A48.K_2L.png,185824.12~A48.K_2R.png,train,/data5/chensx/MyProject/UAE/data/arrangement_merged/chr_02/185824.12~A48.K_2L.png,/data5/chensx/MyProject/UAE/data/arrangement_merged/chr_02/185824.12~A48.K_2R.png,0,1.9228555640576623,,0.0027558803558349,-0.9265672590555613,chromosome
0,0.0029386281967163,185824,185824.12~A7.K_2,2,,normal,185824.12~A7.K_2L.png,185824.12~A7.K_2R.png,train,/data5/chensx/MyProject/UAE/data/arrangement_merged/chr_02/185824.12~A7.K_2L.png,/data5/chensx/MyProject/UAE/data/arrangement_merged/chr_02/185824.12~A7.K_2R.png,0,2.161005981836103,,0.0029386281967163,-0.3673980061926672,chromosome
0,0.0032805204391479,185824,185824.13~A1.K_2,2,,normal,185824.13~A1.K_2L.png,185824.13~A1.K_2R.png,train,/data5/chensx/MyProject/UAE/data/arrangement_merged/chr_02/185824.13~A1.K_2L.png,/data5/chensx/MyProject/UAE/data/arrangement_merged/chr_02/185824.13~A1.K_2R.png,0,2.606547663629036,,0.0032805204391479,0.6787190304740847,chromosome
0,0.0033944845199584,185824,185824.13~A14.K_2,2,,normal,185824.13~A14.K_2L.png,185824.13~A14.K_2R.png,train,/data5/chensx/MyProject/UAE/data/arrangement_merged/chr_02/185824.13~A14.K_2L.png,/data5/chensx/MyProject/UAE/data/arrangement_merged/chr_02/185824.13~A14.K_2R.png,0,2.7550615575600137,,0.0033944845199584,1.0274247093628985,chromosome
0,0.0027342438697814,185824,185824.13~A5.K_2,2,,normal,185824.13~A5.K_2L.png,185824.13~A5.K_2R.png,train,/data5/chensx/MyProject/UAE/data/arrangement_merged/chr_02/185824.13~A5.K_2L.png,/data5/chensx/MyProject/UAE/data/arrangement_merged/chr_02/185824.13~A5.K_2R.png,0,1.8946596731073773,,0.0027342438697814,-0.9927702723593713,chromosome
0,0.0032475590705871,185824,185824.1~A10.K_2,2,,normal,185824.1~A10.K_2L.png,185824.1~A10.K_2R.png,train,/data5/chensx/MyProject/UAE/data/arrangement_merged/chr_02/185824.1~A10.K_2L.png,/data5/chensx/MyProject/UAE/data/arrangement_merged/chr_02/185824.1~A10.K_2R.png,0,2.5635935928425138,,0.0032475590705871,0.577864302217993,chromosome
0,0.0031877756118774,185824,185824.1~A11.K_2,2,,normal,185824.1~A11.K_2L.png,185824.1~A11.K_2R.png,train,/data5/chensx/MyProject/UAE/data/arrangement_merged/chr_02/185824.1~A11.K_2L.png,/data5/chensx/MyProject/UAE/data/arrangement_merged/chr_02/185824.1~A11.K_2R.png,0,2.485685938233324,,0.0031877756118774,0.3949397227590357,chromosome
0,0.0031099915504455,185824,185824.1~A18.K_2,2,,normal,185824.1~A18.K_2L.png,185824.1~A18.K_2R.png,train,/data5/chensx/MyProject/UAE/data/arrangement_merged/chr_02/185824.1~A18.K_2L.png,/data5/chensx/MyProject/UAE/data/arrangement_merged/chr_02/185824.1~A18.K_2R.png,0,2.3843205451475886,,0.0031099915504455,0.15693715427044674,chromosome
0,0.002856969833374,185824,185824.1~A39.K_2,2,,normal,185824.1~A39.K_2L.png,185824.1~A39.K_2R.png,train,/data5/chensx/MyProject/UAE/data/arrangement_merged/chr_02/185824.1~A39.K_2L.png,/data5/chensx/MyProject/UAE/data/arrangement_merged/chr_02/185824.1~A39.K_2R.png,0,2.05459173775376,,0.002856969833374,-0.6172551087439011,chromosome
0,0.0025129914283752,185824,185824.2~A10.K_2,2,,normal,185824.2~A10.K_2L.png,185824.2~A10.K_2R.png,train,/data5/chensx/MyProject/UAE/data/arrangement_merged/chr_02/185824.2~A10.K_2L.png,/data5/chensx/MyProject/UAE/data/arrangement_merged/chr_02/185824.2~A10.K_2R.png,0,1.6063314438857303,,0.0025129914283752,-1.669755356059958,chromosome
0,0.0033548474311828,185824,185824.2~A11.K_2,2,,normal,185824.2~A11.K_2L.png,185824.2~A11.K_2R.png,train,/data5/chensx/MyProject/UAE/data/arrangement_merged/chr_02/185824.2~A11.K_2L.png,/data5/chensx/MyProject/UAE/data/arrangement_merged/chr_02/185824.2~A11.K_2R.png,0,2.703407928133183,,0.0033548474311828,0.9061437070297647,chromosome
0,0.0027841329574584,185824,185824.2~A14.K_2,2,,normal,185824.2~A14.K_2L.png,185824.2~A14.K_2R.png,train,/data5/chensx/MyProject/UAE/data/arrangement_merged/chr_02/185824.2~A14.K_2L.png,/data5/chensx/MyProject/UAE/data/arrangement_merged/chr_02/185824.2~A14.K_2R.png,0,1.9596733390175387,,0.0027841329574584,-0.8401203491218998,chromosome
0,0.0026609897613525,185824,185824.2~A17.K_2,2,,normal,185824.2~A17.K_2L.png,185824.2~A17.K_2R.png,train,/data5/chensx/MyProject/UAE/data/arrangement_merged/chr_02/185824.2~A17.K_2L.png,/data5/chensx/MyProject/UAE/data/arrangement_merged/chr_02/185824.2~A17.K_2R.png,0,1.7991975519561372,,0.0026609897613525,-1.216912154866802,chromosome
0,0.0029462575912475,185824,185824.2~A2.K_2,2,,normal,185824.2~A2.K_2L.png,185824.2~A2.K_2R.png,train,/data5/chensx/MyProject/UAE/data/arrangement_merged/chr_02/185824.2~A2.K_2L.png,/data5/chensx/MyProject/UAE/data/arrangement_merged/chr_02/185824.2~A2.K_2R.png,0,2.170948334567884,,0.0029462575912475,-0.3440536929617598,chromosome
0,0.0032644271850585,185824,185824.2~A25.K_2,2,,normal,185824.2~A25.K_2L.png,185824.2~A25.K_2R.png,train,/data5/chensx/MyProject/UAE/data/arrangement_merged/chr_02/185824.2~A25.K_2L.png,/data5/chensx/MyProject/UAE/data/arrangement_merged/chr_02/185824.2~A25.K_2R.png,0,2.5855755133354354,,0.0032644271850585,0.6294771197521809,chromosome
0,0.0031386613845825,185824,185824.2~A27.K_2,2,,normal,185824.2~A27.K_2L.png,185824.2~A27.K_2R.png,train,/data5/chensx/MyProject/UAE/data/arrangement_merged/chr_02/185824.2~A27.K_2L.png,/data5/chensx/MyProject/UAE/data/arrangement_merged/chr_02/185824.2~A27.K_2R.png,0,2.4216820425224843,,0.0031386613845825,0.24466070633415343,chromosome
0,0.0026357173919677,185824,185824.2~A7.K_2,2,,normal,185824.2~A7.K_2L.png,185824.2~A7.K_2R.png,train,/data5/chensx/MyProject/UAE/data/arrangement_merged/chr_02/185824.2~A7.K_2L.png,/data5/chensx/MyProject/UAE/data/arrangement_merged/chr_02/185824.2~A7.K_2R.png,0,1.7662635085321128,,0.0026357173919677,-1.294240192444793,chromosome
0,0.0033930540084838,185824,185824.2~A8.K_2,2,,normal,185824.2~A8.K_2L.png,185824.2~A8.K_2R.png,train,/data5/chensx/MyProject/UAE/data/arrangement_merged/chr_02/185824.2~A8.K_2L.png,/data5/chensx/MyProject/UAE/data/arrangement_merged/chr_02/185824.2~A8.K_2R.png,0,2.7531973664228047,,0.0033930540084838,1.0230476506321038,chromosome
0,0.0030202865600585,185824,185824.2~A9.K_2,2,,normal,185824.2~A9.K_2L.png,185824.2~A9.K_2R.png,train,/data5/chensx/MyProject/UAE/data/arrangement_merged/chr_02/185824.2~A9.K_2L.png,/data5/chensx/MyProject/UAE/data/arrangement_merged/chr_02/185824.2~A9.K_2R.png,0,2.2674202259184457,,0.0030202865600585,-0.11754090364173846,chromosome
0,0.0035783052444458,185824,185824.3~A18.K_2,2,,normal,185824.3~A18.K_2L.png,185824.3~A18.K_2R.png,train,/data5/chensx/MyProject/UAE/data/arrangement_merged/chr_02/185824.3~A18.K_2L.png,/data5/chensx/MyProject/UAE/data/arrangement_merged/chr_02/185824.3~A18.K_2R.png,1,2.9946101186913605,,0.0035783052444458,1.5898767562740417,chromosome
0,0.0028485059738159,185824,185824.3~A2.K_2,2,,normal,185824.3~A2.K_2L.png,185824.3~A2.K_2R.png,train,/data5/chensx/MyProject/UAE/data/arrangement_merged/chr_02/185824.3~A2.K_2L.png,/data5/chensx/MyProject/UAE/data/arrangement_merged/chr_02/185824.3~A2.K_2R.png,0,2.0435619401919403,,0.0028485059738159,-0.6431527062345911,chromosome
0,0.0033760070800781,185824,185824.3~A28.K_2,2,,normal,185824.3~A28.K_2L.png,185824.3~A28.K_2R.png,train,/data5/chensx/MyProject/UAE/data/arrangement_merged/chr_02/185824.3~A28.K_2L.png,/data5/chensx/MyProject/UAE/data/arrangement_merged/chr_02/185824.3~A28.K_2R.png,0,2.730982422037732,,0.0033760070800781,0.9708877007566427,chromosome
0,0.0029901266098022,185824,185824.3~A41.K_2,2,,normal,185824.3~A41.K_2L.png,185824.3~A41.K_2R.png,train,/data5/chensx/MyProject/UAE/data/arrangement_merged/chr_02/185824.3~A41.K_2L.png,/data5/chensx/MyProject/UAE/data/arrangement_merged/chr_02/185824.3~A41.K_2R.png,0,2.2281168627756243,,0.0029901266098022,-0.20982389188312645,chromosome
0,0.0027884244918823,185824,185824.3~A43.K_2,2,,normal,185824.3~A43.K_2L.png,185824.3~A43.K_2R.png,train,/data5/chensx/MyProject/UAE/data/arrangement_merged/chr_02/185824.3~A43.K_2L.png,/data5/chensx/MyProject/UAE/data/arrangement_merged/chr_02/185824.3~A43.K_2R.png,0,1.9652659124291656,,0.0027884244918823,-0.8269891729292083,chromosome
0,0.0027545094490051,185824,185824.3~A46.K_2,2,,normal,185824.3~A46.K_2L.png,185824.3~A46.K_2R.png,train,/data5/chensx/MyProject/UAE/data/arrangement_merged/chr_02/185824.3~A46.K_2L.png,/data5/chensx/MyProject/UAE/data/arrangement_merged/chr_02/185824.3~A46.K_2R.png,0,1.9210690475511707,,0.0027545094490051,-0.9307619403391626,chromosome
0,0.0031084418296813,186193,186193.11~A23.K_2,2,,normal,186193.11~A23.K_2L.png,186193.11~A23.K_2R.png,train,/data5/chensx/MyProject/UAE/data/arrangement_merged/chr_02/186193.11~A23.K_2L.png,/data5/chensx/MyProject/UAE/data/arrangement_merged/chr_02/186193.11~A23.K_2R.png,0,2.213586088125824,,0.0031084418296813,0.15219534064526694,chromosome
0,0.0022486448287963,186193,186193.12~A4.K_2,2,,normal,186193.12~A4.K_2L.png,186193.12~A4.K_2R.png,train,/data5/chensx/MyProject/UAE/data/arrangement_merged/chr_02/186193.12~A4.K_2L.png,/data5/chensx/MyProject/UAE/data/arrangement_merged/chr_02/186193.12~A4.K_2R.png,0,1.1443751425824826,,0.0022486448287963,-2.478599334026893,chromosome
0,0.0035437941551208,186193,186193.13~A11.K_2,2,,normal,186193.13~A11.K_2L.png,186193.13~A11.K_2R.png,train,/data5/chensx/MyProject/UAE/data/arrangement_merged/chr_02/186193.13~A11.K_2L.png,/data5/chensx/MyProject/UAE/data/arrangement_merged/chr_02/186193.13~A11.K_2R.png,1,2.7549737308466957,,0.0035437941551208,1.4842802143927702,chromosome
0,0.0030087232589721,186193,186193.13~A22.K_2,2,,normal,186193.13~A22.K_2L.png,186193.13~A22.K_2R.png,train,/data5/chensx/MyProject/UAE/data/arrangement_merged/chr_02/186193.13~A22.K_2L.png,/data5/chensx/MyProject/UAE/data/arrangement_merged/chr_02/186193.13~A22.K_2R.png,0,2.0895798550655806,,0.0030087232589721,-0.15292212838248545,chromosome
0,0.003108263015747,186193,186193.13~A4.K_2,2,,normal,186193.13~A4.K_2L.png,186193.13~A4.K_2R.png,train,/data5/chensx/MyProject/UAE/data/arrangement_merged/chr_02/186193.13~A4.K_2L.png,/data5/chensx/MyProject/UAE/data/arrangement_merged/chr_02/186193.13~A4.K_2R.png,0,2.2133637218979816,,0.003108263015747,0.1516482083039936,chromosome
0,0.0031388998031616,186193,186193.13~A41.K_2,2,,normal,186193.13~A41.K_2L.png,186193.13~A41.K_2R.png,train,/data5/chensx/MyProject/UAE/data/arrangement_merged/chr_02/186193.13~A41.K_2L.png,/data5/chensx/MyProject/UAE/data/arrangement_merged/chr_02/186193.13~A41.K_2R.png,0,2.25146246893502,,0.0031388998031616,0.24539021612261874,chromosome
0,0.0033953189849853,186193,186193.13~A5.K_2,2,,normal,186193.13~A5.K_2L.png,186193.13~A5.K_2R.png,train,/data5/chensx/MyProject/UAE/data/arrangement_merged/chr_02/186193.13~A5.K_2L.png,/data5/chensx/MyProject/UAE/data/arrangement_merged/chr_02/186193.13~A5.K_2R.png,0,2.57033563966136,,0.0033953189849853,1.0299779936226823,chromosome
0,0.0031046867370605,186193,186193.1~A34.K_2,2,,normal,186193.1~A34.K_2L.png,186193.1~A34.K_2R.png,train,/data5/chensx/MyProject/UAE/data/arrangement_merged/chr_02/186193.1~A34.K_2L.png,/data5/chensx/MyProject/UAE/data/arrangement_merged/chr_02/186193.1~A34.K_2R.png,0,2.2089163973411288,,0.0031046867370605,0.14070556147700586,chromosome
0,0.0035927295684814,186193,186193.1~A38.K_2,2,,normal,186193.1~A38.K_2L.png,186193.1~A38.K_2R.png,train,/data5/chensx/MyProject/UAE/data/arrangement_merged/chr_02/186193.1~A38.K_2L.png,/data5/chensx/MyProject/UAE/data/arrangement_merged/chr_02/186193.1~A38.K_2R.png,1,2.81582795519963,,0.0035927295684814,1.634012098476379,chromosome
0,0.0035019516944885,186193,186193.1~A44.K_2,2,,normal,186193.1~A44.K_2L.png,186193.1~A44.K_2R.png,train,/data5/chensx/MyProject/UAE/data/arrangement_merged/chr_02/186193.1~A44.K_2L.png,/data5/chensx/MyProject/UAE/data/arrangement_merged/chr_02/186193.1~A44.K_2R.png,1,2.702940033531519,,0.0035019516944885,1.3562512465162486,chromosome
0,0.0030624866485595,186193,186193.1~A8.K_2,2,,normal,186193.1~A8.K_2L.png,186193.1~A8.K_2R.png,train,/data5/chensx/MyProject/UAE/data/arrangement_merged/chr_02/186193.1~A8.K_2L.png,/data5/chensx/MyProject/UAE/data/arrangement_merged/chr_02/186193.1~A8.K_2R.png,0,2.1564379675702665,,0.0030624866485595,0.01158232891763371,chromosome
0,0.003344178199768,186193,186193.2~A1.K_2,2,,normal,186193.2~A1.K_2L.png,186193.2~A1.K_2R.png,train,/data5/chensx/MyProject/UAE/data/arrangement_merged/chr_02/186193.2~A1.K_2L.png,/data5/chensx/MyProject/UAE/data/arrangement_merged/chr_02/186193.2~A1.K_2R.png,0,2.5067388984983663,,0.003344178199768,0.8734981439956883,chromosome
0,0.0033740997314453,186193,186193.2~A12.K_2,2,,normal,186193.2~A12.K_2L.png,186193.2~A12.K_2R.png,train,/data5/chensx/MyProject/UAE/data/arrangement_merged/chr_02/186193.2~A12.K_2L.png,/data5/chensx/MyProject/UAE/data/arrangement_merged/chr_02/186193.2~A12.K_2R.png,0,2.543948180624034,,0.0033740997314453,0.9650516224489162,chromosome
0,0.0030096769332885,186193,186193.2~A14.K_2,2,,normal,186193.2~A14.K_2L.png,186193.2~A14.K_2R.png,train,/data5/chensx/MyProject/UAE/data/arrangement_merged/chr_02/186193.2~A14.K_2L.png,/data5/chensx/MyProject/UAE/data/arrangement_merged/chr_02/186193.2~A14.K_2R.png,0,2.090765808280741,,0.0030096769332885,-0.15000408922862152,chromosome
0,0.002984881401062,186193,186193.2~A15.K_2,2,,normal,186193.2~A15.K_2L.png,186193.2~A15.K_2R.png,train,/data5/chensx/MyProject/UAE/data/arrangement_merged/chr_02/186193.2~A15.K_2L.png,/data5/chensx/MyProject/UAE/data/arrangement_merged/chr_02/186193.2~A15.K_2R.png,0,2.0599310246865628,,0.002984881401062,-0.22587310722937537,chromosome
0,0.0031009912490844,186193,186193.2~A24.K_2,2,,normal,186193.2~A24.K_2L.png,186193.2~A24.K_2R.png,train,/data5/chensx/MyProject/UAE/data/arrangement_merged/chr_02/186193.2~A24.K_2L.png,/data5/chensx/MyProject/UAE/data/arrangement_merged/chr_02/186193.2~A24.K_2R.png,0,2.204320828632381,,0.0031009912490844,0.12939815975563157,chromosome
0,0.0030104517936706,186193,186193.2~A3.K_2,2,,normal,186193.2~A3.K_2L.png,186193.2~A3.K_2R.png,train,/data5/chensx/MyProject/UAE/data/arrangement_merged/chr_02/186193.2~A3.K_2L.png,/data5/chensx/MyProject/UAE/data/arrangement_merged/chr_02/186193.2~A3.K_2R.png,0,2.09172939526806,,0.0030104517936706,-0.14763318241603096,chromosome
0,0.0030041933059692,186193,186193.2~A37.K_2,2,,normal,186193.2~A37.K_2L.png,186193.2~A37.K_2R.png,train,/data5/chensx/MyProject/UAE/data/arrangement_merged/chr_02/186193.2~A37.K_2L.png,/data5/chensx/MyProject/UAE/data/arrangement_merged/chr_02/186193.2~A37.K_2R.png,0,2.0839465772935672,,0.0030041933059692,-0.16678281436333575,chromosome
0,0.0026929378509521,186193,186193.2~A4.K_2,2,,normal,186193.2~A4.K_2L.png,186193.2~A4.K_2R.png,train,/data5/chensx/MyProject/UAE/data/arrangement_merged/chr_02/186193.2~A4.K_2L.png,/data5/chensx/MyProject/UAE/data/arrangement_merged/chr_02/186193.2~A4.K_2R.png,0,1.6968810966954857,,0.0026929378509521,-1.1191578432117677,chromosome
0,0.0032414197921752,186193,186193.2~A42.K_2,2,,normal,186193.2~A42.K_2L.png,186193.2~A42.K_2R.png,train,/data5/chensx/MyProject/UAE/data/arrangement_merged/chr_02/186193.2~A42.K_2L.png,/data5/chensx/MyProject/UAE/data/arrangement_merged/chr_02/186193.2~A42.K_2R.png,0,2.378952439564798,,0.0032414197921752,0.5590794251647683,chromosome
0,0.0029556155204772,186193,186193.2~A44.K_2,2,,normal,186193.2~A44.K_2L.png,186193.2~A44.K_2R.png,train,/data5/chensx/MyProject/UAE/data/arrangement_merged/chr_02/186193.2~A44.K_2L.png,/data5/chensx/MyProject/UAE/data/arrangement_merged/chr_02/186193.2~A44.K_2R.png,0,2.0235370853963177,,0.0029556155204772,-0.31542043376439927,chromosome
0,0.0025489330291748,186193,186193.2~A46.K_2,2,,normal,186193.2~A46.K_2L.png,186193.2~A46.K_2R.png,train,/data5/chensx/MyProject/UAE/data/arrangement_merged/chr_02/186193.2~A46.K_2L.png,/data5/chensx/MyProject/UAE/data/arrangement_merged/chr_02/186193.2~A46.K_2R.png,0,1.517802161206216,,0.0025489330291748,-1.5597817554478908,chromosome
0,0.0028740763664245,186193,186193.2~A48.K_2,2,,normal,186193.2~A48.K_2L.png,186193.2~A48.K_2R.png,train,/data5/chensx/MyProject/UAE/data/arrangement_merged/chr_02/186193.2~A48.K_2L.png,/data5/chensx/MyProject/UAE/data/arrangement_merged/chr_02/186193.2~A48.K_2R.png,0,1.922138085500076,,0.0028740763664245,-0.564912781421248,chromosome
0,0.00286865234375,186193,186193.2~A5.K_2,2,,normal,186193.2~A5.K_2L.png,186193.2~A5.K_2R.png,train,/data5/chensx/MyProject/UAE/data/arrangement_merged/chr_02/186193.2~A5.K_2L.png,/data5/chensx/MyProject/UAE/data/arrangement_merged/chr_02/186193.2~A5.K_2R.png,0,1.915392976588849,,0.00286865234375,-0.5815091291087688,chromosome
0,0.0034305453300476,186193,186193.2~A50.K_2,2,,normal,186193.2~A50.K_2L.png,186193.2~A50.K_2R.png,train,/data5/chensx/MyProject/UAE/data/arrangement_merged/chr_02/186193.2~A50.K_2L.png,/data5/chensx/MyProject/UAE/data/arrangement_merged/chr_02/186193.2~A50.K_2R.png,1,2.614141786546359,,0.0034305453300476,1.1377630648693524,chromosome
0,0.0027964115142822,186193,186193.2~A7.K_2,2,,normal,186193.2~A7.K_2L.png,186193.2~A7.K_2R.png,train,/data5/chensx/MyProject/UAE/data/arrangement_merged/chr_02/186193.2~A7.K_2L.png,/data5/chensx/MyProject/UAE/data/arrangement_merged/chr_02/186193.2~A7.K_2R.png,0,1.825557020540424,,0.0027964115142822,-0.802550595015449,chromosome
0,0.0035437941551208,186193,186193.3~A15.K_2,2,,normal,186193.3~A15.K_2L.png,186193.3~A15.K_2R.png,train,/data5/chensx/MyProject/UAE/data/arrangement_merged/chr_02/186193.3~A15.K_2L.png,/data5/chensx/MyProject/UAE/data/arrangement_merged/chr_02/186193.3~A15.K_2R.png,1,2.7549737308466957,,0.0035437941551208,1.4842802143927702,chromosome
0,0.0033084154129028,186193,186193.3~A6.K_2,2,,normal,186193.3~A6.K_2L.png,186193.3~A6.K_2R.png,train,/data5/chensx/MyProject/UAE/data/arrangement_merged/chr_02/186193.3~A6.K_2L.png,/data5/chensx/MyProject/UAE/data/arrangement_merged/chr_02/186193.3~A6.K_2R.png,0,2.462265652929839,,0.0033084154129028,0.7640716757251995,chromosome
0,0.0028714537620544,Q242362,Q242362.11~A39.K_2,2,,normal,Q242362.11~A39.K_2L.png,Q242362.11~A39.K_2R.png,train,/data5/chensx/MyProject/UAE/data/arrangement_merged/chr_02/Q242362.11~A39.K_2L.png,/data5/chensx/MyProject/UAE/data/arrangement_merged/chr_02/Q242362.11~A39.K_2R.png,0,2.04002706536169,,0.0028714537620544,-0.5729373890943718,chromosome
0,0.0025277137756347,Q242362,Q242362.12~A25.K_2,2,,normal,Q242362.12~A25.K_2L.png,Q242362.12~A25.K_2R.png,train,/data5/chensx/MyProject/UAE/data/arrangement_merged/chr_02/Q242362.12~A25.K_2L.png,/data5/chensx/MyProject/UAE/data/arrangement_merged/chr_02/Q242362.12~A25.K_2R.png,0,1.5885783783736112,,0.0025277137756347,-1.624708126621962,chromosome
0,0.0032089352607727,Q242362,Q242362.12~A30.K_2,2,,normal,Q242362.12~A30.K_2L.png,Q242362.12~A30.K_2R.png,train,/data5/chensx/MyProject/UAE/data/arrangement_merged/chr_02/Q242362.12~A30.K_2L.png,/data5/chensx/MyProject/UAE/data/arrangement_merged/chr_02/Q242362.12~A30.K_2R.png,0,2.48325620802278,,0.0032089352607727,0.4596837164859137,chromosome
0,0.0038458108901977,Q242362,Q242362.12~A6.K_2,2,,normal,Q242362.12~A6.K_2L.png,Q242362.12~A6.K_2R.png,train,/data5/chensx/MyProject/UAE/data/arrangement_merged/chr_02/Q242362.12~A6.K_2L.png,/data5/chensx/MyProject/UAE/data/arrangement_merged/chr_02/Q242362.12~A6.K_2R.png,1,3.319692695012137,,0.0038458108901977,2.4083867389379203,chromosome
0,0.003039002418518,Q242362,Q242362.13~A12.K_2,2,,normal,Q242362.13~A12.K_2L.png,Q242362.13~A12.K_2R.png,train,/data5/chensx/MyProject/UAE/data/arrangement_merged/chr_02/Q242362.13~A12.K_2L.png,/data5/chensx/MyProject/UAE/data/arrangement_merged/chr_02/Q242362.13~A12.K_2R.png,0,2.26007600920138,,0.003039002418518,-0.06027438524671084,chromosome
0,0.0034257769584655,Q242362,Q242362.13~A3.K_2,2,,normal,Q242362.13~A3.K_2L.png,Q242362.13~A3.K_2R.png,train,/data5/chensx/MyProject/UAE/data/arrangement_merged/chr_02/Q242362.13~A3.K_2L.png,/data5/chensx/MyProject/UAE/data/arrangement_merged/chr_02/Q242362.13~A3.K_2R.png,0,2.768043848609329,,0.0034257769584655,1.123172869099729,chromosome
0,0.0036298632621765,Q242362,Q242362.13~A33.K_2,2,,normal,Q242362.13~A33.K_2L.png,Q242362.13~A33.K_2R.png,train,/data5/chensx/MyProject/UAE/data/arrangement_merged/chr_02/Q242362.13~A33.K_2L.png,/data5/chensx/MyProject/UAE/data/arrangement_merged/chr_02/Q242362.13~A33.K_2R.png,1,3.036079275043729,,0.0036298632621765,1.7476332480307744,chromosome
0,0.0035215616226196,Q242362,Q242362.13~A6.K_2,2,,normal,Q242362.13~A6.K_2L.png,Q242362.13~A6.K_2R.png,train,/data5/chensx/MyProject/UAE/data/arrangement_merged/chr_02/Q242362.13~A6.K_2L.png,/data5/chensx/MyProject/UAE/data/arrangement_merged/chr_02/Q242362.13~A6.K_2R.png,1,2.89384201749954,,0.0035215616226196,1.416253426617947,chromosome
0,0.0027586221694946,Q242362,Q242362.14~A13.K_2,2,,normal,Q242362.14~A13.K_2L.png,Q242362.14~A13.K_2R.png,train,/data5/chensx/MyProject/UAE/data/arrangement_merged/chr_02/Q242362.14~A13.K_2L.png,/data5/chensx/MyProject/UAE/data/arrangement_merged/chr_02/Q242362.14~A13.K_2R.png,0,1.8918404233522517,,0.0027586221694946,-0.9181778964880509,chromosome
0,0.0031496882438659,Q242362,Q242362.14~A25.K_2,2,,normal,Q242362.14~A25.K_2L.png,Q242362.14~A25.K_2R.png,train,/data5/chensx/MyProject/UAE/data/arrangement_merged/chr_02/Q242362.14~A25.K_2L.png,/data5/chensx/MyProject/UAE/data/arrangement_merged/chr_02/Q242362.14~A25.K_2R.png,0,2.4054445217272797,,0.0031496882438659,0.2784005340507752,chromosome
0,0.0031114220619201,Q242362,Q242362.14~A29.K_2,2,,normal,Q242362.14~A29.K_2L.png,Q242362.14~A29.K_2R.png,train,/data5/chensx/MyProject/UAE/data/arrangement_merged/chr_02/Q242362.14~A29.K_2L.png,/data5/chensx/MyProject/UAE/data/arrangement_merged/chr_02/Q242362.14~A29.K_2R.png,0,2.3551878792708294,,0.0031114220619201,0.16131421300124263,chromosome
0,0.0035847425460815,Q242362,Q242362.14~A36.K_2,2,,normal,Q242362.14~A36.K_2L.png,Q242362.14~A36.K_2R.png,train,/data5/chensx/MyProject/UAE/data/arrangement_merged/chr_02/Q242362.14~A36.K_2L.png,/data5/chensx/MyProject/UAE/data/arrangement_merged/chr_02/Q242362.14~A36.K_2R.png,1,2.9768202745148624,,0.0035847425460815,1.6095735205626198,chromosome
0,0.0033748745918273,Q242362,Q242362.14~A48.K_2,2,,normal,Q242362.14~A48.K_2L.png,Q242362.14~A48.K_2R.png,train,/data5/chensx/MyProject/UAE/data/arrangement_merged/chr_02/Q242362.14~A48.K_2L.png,/data5/chensx/MyProject/UAE/data/arrangement_merged/chr_02/Q242362.14~A48.K_2R.png,0,2.701191554749815,,0.0033748745918273,0.9674225292612015,chromosome
0,0.0033592581748962,Q242362,Q242362.1~A28.K_2,2,,normal,Q242362.1~A28.K_2L.png,Q242362.1~A28.K_2R.png,train,/data5/chensx/MyProject/UAE/data/arrangement_merged/chr_02/Q242362.1~A28.K_2L.png,/data5/chensx/MyProject/UAE/data/arrangement_merged/chr_02/Q242362.1~A28.K_2R.png,0,2.680681834619613,,0.0033592581748962,0.9196396381165349,chromosome
0,0.0028603672981262,Q242362,Q242362.1~A32.K_2,2,,normal,Q242362.1~A32.K_2L.png,Q242362.1~A32.K_2R.png,train,/data5/chensx/MyProject/UAE/data/arrangement_merged/chr_02/Q242362.1~A32.K_2L.png,/data5/chensx/MyProject/UAE/data/arrangement_merged/chr_02/Q242362.1~A32.K_2R.png,0,2.025466729696737,,0.0028603672981262,-0.6068595942581868,chromosome
0,0.003034234046936,Q242362,Q242362.1~A4.K_2,2,,normal,Q242362.1~A4.K_2L.png,Q242362.1~A4.K_2R.png,train,/data5/chensx/MyProject/UAE/data/arrangement_merged/chr_02/Q242362.1~A4.K_2L.png,/data5/chensx/MyProject/UAE/data/arrangement_merged/chr_02/Q242362.1~A4.K_2R.png,0,2.2538134992379595,,0.003034234046936,-0.07486458101602779,chromosome
0,0.0029828548431396,Q242362,Q242362.1~A9.K_2,2,,normal,Q242362.1~A9.K_2L.png,Q242362.1~A9.K_2R.png,train,/data5/chensx/MyProject/UAE/data/arrangement_merged/chr_02/Q242362.1~A9.K_2L.png,/data5/chensx/MyProject/UAE/data/arrangement_merged/chr_02/Q242362.1~A9.K_2R.png,0,2.1863349543821027,,0.0029828548431396,-0.23207394043148846,chromosome
0,0.0036710500717163,Q242362,Q242362.2~A14.K_2,2,,normal,Q242362.2~A14.K_2L.png,Q242362.2~A14.K_2R.png,train,/data5/chensx/MyProject/UAE/data/arrangement_merged/chr_02/Q242362.2~A14.K_2L.png,/data5/chensx/MyProject/UAE/data/arrangement_merged/chr_02/Q242362.2~A14.K_2R.png,1,3.090171704852774,,0.0036710500717163,1.8736560639890907,chromosome
0,0.0033315420150756,Q242362,Q242362.2~A2.K_2,2,,normal,Q242362.2~A2.K_2L.png,Q242362.2~A2.K_2R.png,train,/data5/chensx/MyProject/UAE/data/arrangement_merged/chr_02/Q242362.2~A2.K_2L.png,/data5/chensx/MyProject/UAE/data/arrangement_merged/chr_02/Q242362.2~A2.K_2R.png,0,2.644280995457231,,0.0033315420150756,0.8348341252066921,chromosome
0,0.0035507082939147,Q242362,Q242362.2~A7.K_2,2,,normal,Q242362.2~A7.K_2L.png,Q242362.2~A7.K_2R.png,train,/data5/chensx/MyProject/UAE/data/arrangement_merged/chr_02/Q242362.2~A7.K_2L.png,/data5/chensx/MyProject/UAE/data/arrangement_merged/chr_02/Q242362.2~A7.K_2R.png,1,2.932121609650948,,0.0035507082939147,1.505435998258279,chromosome
0,0.0032463073730468,Q242362,Q242362.2~A9.K_2,2,,normal,Q242362.2~A9.K_2L.png,Q242362.2~A9.K_2R.png,train,/data5/chensx/MyProject/UAE/data/arrangement_merged/chr_02/Q242362.2~A9.K_2L.png,/data5/chensx/MyProject/UAE/data/arrangement_merged/chr_02/Q242362.2~A9.K_2R.png,0,2.5323386298610884,,0.0032463073730468,0.5740343758284705,chromosome
0,0.0033969283103942,Q242362,Q242362.3~A15.K_2,2,,normal,Q242362.3~A15.K_2L.png,Q242362.3~A15.K_2R.png,train,/data5/chensx/MyProject/UAE/data/arrangement_merged/chr_02/Q242362.3~A15.K_2L.png,/data5/chensx/MyProject/UAE/data/arrangement_merged/chr_02/Q242362.3~A15.K_2R.png,0,2.730155663330635,,0.0033969283103942,1.0349021846947501,chromosome
0,0.0030905604362487,Q242362,Q242362.4~A30.K_2,2,,normal,Q242362.4~A30.K_2L.png,Q242362.4~A30.K_2R.png,train,/data5/chensx/MyProject/UAE/data/arrangement_merged/chr_02/Q242362.4~A30.K_2L.png,/data5/chensx/MyProject/UAE/data/arrangement_merged/chr_02/Q242362.4~A30.K_2R.png,0,2.3277893981808644,,0.0030905604362487,0.09748210651002186,chromosome
0,0.003117561340332,Q242362,Q242362.4~A42.K_2,2,,normal,Q242362.4~A42.K_2L.png,Q242362.4~A42.K_2R.png,train,/data5/chensx/MyProject/UAE/data/arrangement_merged/chr_02/Q242362.4~A42.K_2L.png,/data5/chensx/MyProject/UAE/data/arrangement_merged/chr_02/Q242362.4~A42.K_2R.png,0,2.363250860848733,,0.003117561340332,0.18009909005446736,chromosome
0,0.0035415887832641,Q242664,Q242664.11~A21.K_2,2,,normal,Q242664.11~A21.K_2L.png,Q242664.11~A21.K_2R.png,train,/data5/chensx/MyProject/UAE/data/arrangement_merged/chr_02/Q242664.11~A21.K_2L.png,/data5/chensx/MyProject/UAE/data/arrangement_merged/chr_02/Q242664.11~A21.K_2R.png,1,3.0774625889927223,,0.0035415887832641,1.4775322488493838,chromosome
0,0.0032815337181091,Q242664,Q242664.12~A1.K_2,2,,normal,Q242664.12~A1.K_2L.png,Q242664.12~A1.K_2R.png,train,/data5/chensx/MyProject/UAE/data/arrangement_merged/chr_02/Q242664.12~A1.K_2L.png,/data5/chensx/MyProject/UAE/data/arrangement_merged/chr_02/Q242664.12~A1.K_2R.png,0,2.725472074240941,,0.0032815337181091,0.6818194470751405,chromosome
0,0.0033972859382629,Q242664,Q242664.12~A16.K_2,2,,normal,Q242664.12~A16.K_2L.png,Q242664.12~A16.K_2R.png,train,/data5/chensx/MyProject/UAE/data/arrangement_merged/chr_02/Q242664.12~A16.K_2L.png,/data5/chensx/MyProject/UAE/data/arrangement_merged/chr_02/Q242664.12~A16.K_2R.png,0,2.8821453677655704,,0.0033972859382629,1.0359964493776022,chromosome
0,0.0031023621559143,Q242664,Q242664.12~A19.K_2,2,,normal,Q242664.12~A19.K_2L.png,Q242664.12~A19.K_2R.png,train,/data5/chensx/MyProject/UAE/data/arrangement_merged/chr_02/Q242664.12~A19.K_2L.png,/data5/chensx/MyProject/UAE/data/arrangement_merged/chr_02/Q242664.12~A19.K_2R.png,0,2.4829592419365967,,0.0031023621559143,0.1335928410395407,chromosome
0,0.0028719902038574,Q242664,Q242664.12~A22.K_2,2,,normal,Q242664.12~A22.K_2L.png,Q242664.12~A22.K_2R.png,train,/data5/chensx/MyProject/UAE/data/arrangement_merged/chr_02/Q242664.12~A22.K_2L.png,/data5/chensx/MyProject/UAE/data/arrangement_merged/chr_02/Q242664.12~A22.K_2R.png,0,2.171145503794118,,0.0028719902038574,-0.5712959920702465,chromosome
0,0.0036095976829528,Q242664,Q242664.12~A24.K_2,2,,normal,Q242664.12~A24.K_2L.png,Q242664.12~A24.K_2R.png,train,/data5/chensx/MyProject/UAE/data/arrangement_merged/chr_02/Q242664.12~A24.K_2L.png,/data5/chensx/MyProject/UAE/data/arrangement_merged/chr_02/Q242664.12~A24.K_2R.png,1,3.169514199657811,,0.0036095976829528,1.685624916010567,chromosome
0,0.0027350187301635,Q242664,Q242664.12~A29.K_2,2,,normal,Q242664.12~A29.K_2L.png,Q242664.12~A29.K_2R.png,train,/data5/chensx/MyProject/UAE/data/arrangement_merged/chr_02/Q242664.12~A29.K_2L.png,/data5/chensx/MyProject/UAE/data/arrangement_merged/chr_02/Q242664.12~A29.K_2R.png,0,1.9857514623319144,,0.0027350187301635,-0.9903993655467808,chromosome
0,0.0030018687248229,Q242664,Q242664.12~A34.K_2,2,,normal,Q242664.12~A34.K_2L.png,Q242664.12~A34.K_2R.png,train,/data5/chensx/MyProject/UAE/data/arrangement_merged/chr_02/Q242664.12~A34.K_2L.png,/data5/chensx/MyProject/UAE/data/arrangement_merged/chr_02/Q242664.12~A34.K_2R.png,0,2.34693907052438,,0.0030018687248229,-0.17389553480110745,chromosome
0,0.0032680034637451,Q242664,Q242664.12~A37.K_2,2,,normal,Q242664.12~A37.K_2L.png,Q242664.12~A37.K_2R.png,train,/data5/chensx/MyProject/UAE/data/arrangement_merged/chr_02/Q242664.12~A37.K_2L.png,/data5/chensx/MyProject/UAE/data/arrangement_merged/chr_02/Q242664.12~A37.K_2R.png,0,2.707158563617825,,0.0032680034637451,0.6404197665794737,chromosome
0,0.0025479793548583,Q242664,Q242664.12~A8.K_2,2,,normal,Q242664.12~A8.K_2L.png,Q242664.12~A8.K_2R.png,train,/data5/chensx/MyProject/UAE/data/arrangement_merged/chr_02/Q242664.12~A8.K_2L.png,/data5/chensx/MyProject/UAE/data/arrangement_merged/chr_02/Q242664.12~A8.K_2R.png,0,1.7325893639383574,,0.0025479793548583,-1.5626997946020598,chromosome
0,0.003213346004486,Q242664,Q242664.13~A20.K_2,2,,normal,Q242664.13~A20.K_2L.png,Q242664.13~A20.K_2R.png,train,/data5/chensx/MyProject/UAE/data/arrangement_merged/chr_02/Q242664.13~A20.K_2L.png,/data5/chensx/MyProject/UAE/data/arrangement_merged/chr_02/Q242664.13~A20.K_2R.png,0,2.6331784348010974,,0.003213346004486,0.4731796475723788,chromosome
0,0.0031287670135498,Q242664,Q242664.13~A32.K_2,2,,normal,Q242664.13~A32.K_2L.png,Q242664.13~A32.K_2R.png,train,/data5/chensx/MyProject/UAE/data/arrangement_merged/chr_02/Q242664.13~A32.K_2L.png,/data5/chensx/MyProject/UAE/data/arrangement_merged/chr_02/Q242664.13~A32.K_2R.png,0,2.5186988243420605,,0.0031287670135498,0.21438605011266765,chromosome
0,0.0034120678901672,Q242664,Q242664.13~A33.K_2,2,,normal,Q242664.13~A33.K_2L.png,Q242664.13~A33.K_2R.png,train,/data5/chensx/MyProject/UAE/data/arrangement_merged/chr_02/Q242664.13~A33.K_2L.png,/data5/chensx/MyProject/UAE/data/arrangement_merged/chr_02/Q242664.13~A33.K_2R.png,0,2.90215307981197,,0.0034120678901672,1.0812260562627902,chromosome
0,0.0036796331405639,Q242664,Q242664.13~A42.K_2,2,,normal,Q242664.13~A42.K_2L.png,Q242664.13~A42.K_2R.png,train,/data5/chensx/MyProject/UAE/data/arrangement_merged/chr_02/Q242664.13~A42.K_2L.png,/data5/chensx/MyProject/UAE/data/arrangement_merged/chr_02/Q242664.13~A42.K_2R.png,1,3.2643088031034546,,0.0036796331405639,1.8999184163738607,chromosome
0,0.0032088756561279,Q242664,Q242664.13~A50.K_2,2,,normal,Q242664.13~A50.K_2L.png,Q242664.13~A50.K_2R.png,train,/data5/chensx/MyProject/UAE/data/arrangement_merged/chr_02/Q242664.13~A50.K_2L.png,/data5/chensx/MyProject/UAE/data/arrangement_merged/chr_02/Q242664.13~A50.K_2R.png,0,2.6271277154322266,,0.0032088756561279,0.45950133903872176,chromosome
0,0.0032291412353515,Q242664,Q242664.14~A47.K_2,2,,normal,Q242664.14~A47.K_2L.png,Q242664.14~A47.K_2R.png,train,/data5/chensx/MyProject/UAE/data/arrangement_merged/chr_02/Q242664.14~A47.K_2L.png,/data5/chensx/MyProject/UAE/data/arrangement_merged/chr_02/Q242664.14~A47.K_2R.png,0,2.654557643237774,,0.0032291412353515,0.521509671058624,chromosome
0,0.0025665760040283,Q242664,Q242664.1~A14.K_2,2,,normal,Q242664.1~A14.K_2L.png,Q242664.1~A14.K_2R.png,train,/data5/chensx/MyProject/UAE/data/arrangement_merged/chr_02/Q242664.1~A14.K_2L.png,/data5/chensx/MyProject/UAE/data/arrangement_merged/chr_02/Q242664.1~A14.K_2R.png,0,1.75776035651286,,0.0025665760040283,-1.5057980311011123,chromosome
0,0.003278374671936,Q242664,Q242664.2~A1.K_2,2,,normal,Q242664.2~A1.K_2L.png,Q242664.2~A1.K_2R.png,train,/data5/chensx/MyProject/UAE/data/arrangement_merged/chr_02/Q242664.2~A1.K_2L.png,/data5/chensx/MyProject/UAE/data/arrangement_merged/chr_02/Q242664.2~A1.K_2R.png,0,2.721196232553605,,0.003278374671936,0.6721534423778915,chromosome
0,0.0034169554710388,Q242664,Q242664.2~A10.K_2,2,,normal,Q242664.2~A10.K_2L.png,Q242664.2~A10.K_2R.png,train,/data5/chensx/MyProject/UAE/data/arrangement_merged/chr_02/Q242664.2~A10.K_2L.png,/data5/chensx/MyProject/UAE/data/arrangement_merged/chr_02/Q242664.2~A10.K_2R.png,0,2.9087685329886024,,0.0034169554710388,1.0961810069264937,chromosome
0,0.0029139518737792,Q242664,Q242664.2~A30.K_2,2,,normal,Q242664.2~A30.K_2L.png,Q242664.2~A30.K_2R.png,train,/data5/chensx/MyProject/UAE/data/arrangement_merged/chr_02/Q242664.2~A30.K_2L.png,/data5/chensx/MyProject/UAE/data/arrangement_merged/chr_02/Q242664.2~A30.K_2R.png,0,2.2279415896032524,,0.0029139518737792,-0.44290226929964616,chromosome
0,0.0028002262115478,Q242664,Q242664.2~A32.K_2,2,,normal,Q242664.2~A32.K_2L.png,Q242664.2~A32.K_2R.png,train,/data5/chensx/MyProject/UAE/data/arrangement_merged/chr_02/Q242664.2~A32.K_2L.png,/data5/chensx/MyProject/UAE/data/arrangement_merged/chr_02/Q242664.2~A32.K_2R.png,0,2.074011288859177,,0.0028002262115478,-0.7908784383999959,chromosome
0,0.003222107887268,Q242664,Q242664.2~A6.K_2,2,,normal,Q242664.2~A6.K_2L.png,Q242664.2~A6.K_2R.png,train,/data5/chensx/MyProject/UAE/data/arrangement_merged/chr_02/Q242664.2~A6.K_2L.png,/data5/chensx/MyProject/UAE/data/arrangement_merged/chr_02/Q242664.2~A6.K_2R.png,0,2.645037844764084,,0.003222107887268,0.49998913229872866,chromosome
0,0.0030199885368347,Q242664,Q242664.3~A19.K_2,2,,normal,Q242664.3~A19.K_2L.png,Q242664.3~A19.K_2R.png,train,/data5/chensx/MyProject/UAE/data/arrangement_merged/chr_02/Q242664.3~A19.K_2L.png,/data5/chensx/MyProject/UAE/data/arrangement_merged/chr_02/Q242664.3~A19.K_2R.png,0,2.3714646530328696,,0.0030199885368347,-0.11845279087709186,chromosome
0,0.0028988122940063,Q242664,Q242664.3~A29.K_2,2,,normal,Q242664.3~A29.K_2L.png,Q242664.3~A29.K_2R.png,train,/data5/chensx/MyProject/UAE/data/arrangement_merged/chr_02/Q242664.3~A29.K_2L.png,/data5/chensx/MyProject/UAE/data/arrangement_merged/chr_02/Q242664.3~A29.K_2R.png,0,2.207449820007343,,0.0028988122940063,-0.48922614086738087,chromosome
0,0.0030760169029235,Q242664,Q242664.3~A44.K_2,2,,normal,Q242664.3~A44.K_2L.png,Q242664.3~A44.K_2R.png,train,/data5/chensx/MyProject/UAE/data/arrangement_merged/chr_02/Q242664.3~A44.K_2L.png,/data5/chensx/MyProject/UAE/data/arrangement_merged/chr_02/Q242664.3~A44.K_2R.png,0,2.447300335789385,,0.0030760169029235,0.052982009413299176,chromosome
0,0.0031089186668395,Q242664,Q242664.3~A48.K_2,2,,normal,Q242664.3~A48.K_2L.png,Q242664.3~A48.K_2R.png,train,/data5/chensx/MyProject/UAE/data/arrangement_merged/chr_02/Q242664.3~A48.K_2L.png,/data5/chensx/MyProject/UAE/data/arrangement_merged/chr_02/Q242664.3~A48.K_2R.png,0,2.491833630344274,,0.0031089186668395,0.15365436022219756,chromosome
0,0.0028930902481079,Q242664,Q242664.4~A14.K_2,2,,normal,Q242664.4~A14.K_2L.png,Q242664.4~A14.K_2R.png,train,/data5/chensx/MyProject/UAE/data/arrangement_merged/chr_02/Q242664.4~A14.K_2L.png,/data5/chensx/MyProject/UAE/data/arrangement_merged/chr_02/Q242664.4~A14.K_2R.png,0,2.1997048992151886,,0.0028930902481079,-0.5067343757905605,chromosome
0,0.0034653544425964,Q242664,Q242664.4~A34.K_2,2,,normal,Q242664.4~A34.K_2L.png,Q242664.4~A34.K_2R.png,train,/data5/chensx/MyProject/UAE/data/arrangement_merged/chr_02/Q242664.4~A34.K_2L.png,/data5/chensx/MyProject/UAE/data/arrangement_merged/chr_02/Q242664.4~A34.K_2R.png,1,2.974277654688911,,0.0034653544425964,1.2442714939859774,chromosome
0,0.0029562711715698,Q242664,Q242664.4~A41.K_2,2,,normal,Q242664.4~A41.K_2L.png,Q242664.4~A41.K_2R.png,train,/data5/chensx/MyProject/UAE/data/arrangement_merged/chr_02/Q242664.4~A41.K_2L.png,/data5/chensx/MyProject/UAE/data/arrangement_merged/chr_02/Q242664.4~A41.K_2R.png,0,2.285221732961897,,0.0029562711715698,-0.31341428184588876,chromosome
0,0.0032687187194824,Q242664,Q242664.4~A49.K_2,2,,normal,Q242664.4~A49.K_2L.png,Q242664.4~A49.K_2R.png,train,/data5/chensx/MyProject/UAE/data/arrangement_merged/chr_02/Q242664.4~A49.K_2L.png,/data5/chensx/MyProject/UAE/data/arrangement_merged/chr_02/Q242664.4~A49.K_2R.png,0,2.7081266787168445,,0.0032687187194824,0.6426082959448723,chromosome
0,0.0033956170082092,Q250230,Q250230.11~A30.K_2,2,,normal,Q250230.11~A30.K_2L.png,Q250230.11~A30.K_2R.png,train,/data5/chensx/MyProject/UAE/data/arrangement_merged/chr_02/Q250230.11~A30.K_2L.png,/data5/chensx/MyProject/UAE/data/arrangement_merged/chr_02/Q250230.11~A30.K_2R.png,0,2.588645942274848,,0.0033956170082092,1.0308898808583409,chromosome
0,0.0034039616584777,Q250230,Q250230.12~A40.K_2,2,,normal,Q250230.12~A40.K_2L.png,Q250230.12~A40.K_2R.png,train,/data5/chensx/MyProject/UAE/data/arrangement_merged/chr_02/Q250230.12~A40.K_2L.png,/data5/chensx/MyProject/UAE/data/arrangement_merged/chr_02/Q250230.12~A40.K_2R.png,0,2.599087870399545,,0.0034039616584777,1.0564227234546455,chromosome
0,0.0032515525817871,Q250230,Q250230.13~A45.K_2,2,,normal,Q250230.13~A45.K_2L.png,Q250230.13~A45.K_2R.png,train,/data5/chensx/MyProject/UAE/data/arrangement_merged/chr_02/Q250230.13~A45.K_2L.png,/data5/chensx/MyProject/UAE/data/arrangement_merged/chr_02/Q250230.13~A45.K_2R.png,0,2.408373511722043,,0.0032515525817871,0.5900835911750245,chromosome
0,0.0028936266899108,Q250230,Q250230.14~A21.K_2,2,,normal,Q250230.14~A21.K_2L.png,Q250230.14~A21.K_2R.png,train,/data5/chensx/MyProject/UAE/data/arrangement_merged/chr_02/Q250230.14~A21.K_2L.png,/data5/chensx/MyProject/UAE/data/arrangement_merged/chr_02/Q250230.14~A21.K_2R.png,0,1.960489380373433,,0.0028936266899108,-0.5050929787667416,chromosome
0,0.0032837390899658,Q250230,Q250230.14~A43.K_2,2,,normal,Q250230.14~A43.K_2L.png,Q250230.14~A43.K_2R.png,train,/data5/chensx/MyProject/UAE/data/arrangement_merged/chr_02/Q250230.14~A43.K_2L.png,/data5/chensx/MyProject/UAE/data/arrangement_merged/chr_02/Q250230.14~A43.K_2R.png,0,2.448649520203017,,0.0032837390899658,0.6885674126185257,chromosome
0,0.0027267932891845,Q250230,Q250230.15~A8.K_2,2,,normal,Q250230.15~A8.K_2L.png,Q250230.15~A8.K_2R.png,train,/data5/chensx/MyProject/UAE/data/arrangement_merged/chr_02/Q250230.15~A8.K_2L.png,/data5/chensx/MyProject/UAE/data/arrangement_merged/chr_02/Q250230.15~A8.K_2R.png,0,1.7517254030803833,,0.0027267932891845,-1.0155674532490053,chromosome
0,0.0026392936706542,Q250230,Q250230.1~A20.K_2,2,,normal,Q250230.1~A20.K_2L.png,Q250230.1~A20.K_2R.png,train,/data5/chensx/MyProject/UAE/data/arrangement_merged/chr_02/Q250230.1~A20.K_2L.png,/data5/chensx/MyProject/UAE/data/arrangement_merged/chr_02/Q250230.1~A20.K_2R.png,0,1.6422343281728462,,0.0026392936706542,-1.2832975456178053,chromosome
0,0.00333172082901,Q250230,Q250230.2~A24.K_2,2,,normal,Q250230.2~A24.K_2L.png,Q250230.2~A24.K_2R.png,train,/data5/chensx/MyProject/UAE/data/arrangement_merged/chr_02/Q250230.2~A24.K_2L.png,/data5/chensx/MyProject/UAE/data/arrangement_merged/chr_02/Q250230.2~A24.K_2R.png,0,2.508690606920025,,0.00333172082901,0.8353812575482706,chromosome
0,0.0028176307678222,Q250230,Q250230.2~A27.K_2,2,,normal,Q250230.2~A27.K_2L.png,Q250230.2~A27.K_2R.png,train,/data5/chensx/MyProject/UAE/data/arrangement_merged/chr_02/Q250230.2~A27.K_2L.png,/data5/chensx/MyProject/UAE/data/arrangement_merged/chr_02/Q250230.2~A27.K_2R.png,0,1.8653932492377996,,0.0028176307678222,-0.7376242238416829,chromosome
0,0.0035033226013183,Q250230,Q250230.2~A38.K_2,2,,normal,Q250230.2~A38.K_2L.png,Q250230.2~A38.K_2R.png,train,/data5/chensx/MyProject/UAE/data/arrangement_merged/chr_02/Q250230.2~A38.K_2L.png,/data5/chensx/MyProject/UAE/data/arrangement_merged/chr_02/Q250230.2~A38.K_2R.png,1,2.7234214002843298,,0.0035033226013183,1.3604459277998513,chromosome
0,0.0026429295539855,Q250230,Q250230.4~A35.K_2,2,,normal,Q250230.4~A35.K_2L.png,Q250230.4~A35.K_2R.png,train,/data5/chensx/MyProject/UAE/data/arrangement_merged/chr_02/Q250230.4~A35.K_2L.png,/data5/chensx/MyProject/UAE/data/arrangement_merged/chr_02/Q250230.4~A35.K_2R.png,0,1.6467840254271786,,0.0026429295539855,-1.2721725213436257,chromosome
0,0.003369927406311,Q250230,Q250230.5~A21.K_2,2,,normal,Q250230.5~A21.K_2L.png,Q250230.5~A21.K_2R.png,train,/data5/chensx/MyProject/UAE/data/arrangement_merged/chr_02/Q250230.5~A21.K_2L.png,/data5/chensx/MyProject/UAE/data/arrangement_merged/chr_02/Q250230.5~A21.K_2R.png,0,2.556499720690959,,0.003369927406311,0.9522852011506112,chromosome
0,0.0030645132064819,Q250230,Q250230.5~A42.K_2,2,,normal,Q250230.5~A42.K_2L.png,Q250230.5~A42.K_2R.png,train,/data5/chensx/MyProject/UAE/data/arrangement_merged/chr_02/Q250230.5~A42.K_2L.png,/data5/chensx/MyProject/UAE/data/arrangement_merged/chr_02/Q250230.5~A42.K_2R.png,0,2.174325151327049,,0.0030645132064819,0.01778316211974681,chromosome
0,0.0035592317581176,Q250230,Q250230.5~A46.K_2,2,,normal,Q250230.5~A46.K_2L.png,Q250230.5~A46.K_2R.png,train,/data5/chensx/MyProject/UAE/data/arrangement_merged/chr_02/Q250230.5~A46.K_2L.png,/data5/chensx/MyProject/UAE/data/arrangement_merged/chr_02/Q250230.5~A46.K_2R.png,1,2.7933823187198,,0.0035592317581176,1.5315159731961623,chromosome
0,0.0031133890151977,Q250230,Q250230.5~A5.K_2,2,,normal,Q250230.5~A5.K_2L.png,Q250230.5~A5.K_2R.png,train,/data5/chensx/MyProject/UAE/data/arrangement_merged/chr_02/Q250230.5~A5.K_2L.png,/data5/chensx/MyProject/UAE/data/arrangement_merged/chr_02/Q250230.5~A5.K_2R.png,0,2.2354850160574173,,0.0031133890151977,0.16733266875616243,chromosome
0,0.00362229347229,Q250230,Q250230.5~A6.K_2,2,,normal,Q250230.5~A6.K_2L.png,Q250230.5~A6.K_2R.png,train,/data5/chensx/MyProject/UAE/data/arrangement_merged/chr_02/Q250230.5~A6.K_2L.png,/data5/chensx/MyProject/UAE/data/arrangement_merged/chr_02/Q250230.5~A6.K_2R.png,1,2.8722934612621525,,0.00362229347229,1.7244713122467552,chromosome
0,0.0033495426177978,Q251136,Q251136.12~A20.K_2,2,,normal,Q251136.12~A20.K_2L.png,Q251136.12~A20.K_2R.png,train,/data5/chensx/MyProject/UAE/data/arrangement_merged/chr_02/Q251136.12~A20.K_2L.png,/data5/chensx/MyProject/UAE/data/arrangement_merged/chr_02/Q251136.12~A20.K_2R.png,0,1.9844296385980664,,0.0033495426177978,0.8899121142363224,chromosome
0,0.0035252571105957,Q251136,Q251136.12~A23.K_2,2,,normal,Q251136.12~A23.K_2L.png,Q251136.12~A23.K_2R.png,train,/data5/chensx/MyProject/UAE/data/arrangement_merged/chr_02/Q251136.12~A23.K_2L.png,/data5/chensx/MyProject/UAE/data/arrangement_merged/chr_02/Q251136.12~A23.K_2R.png,1,2.157331095072861,,0.0035252571105957,1.427560828339321,chromosome
0,0.0032147765159606,Q251136,Q251136.14~A16.K_2,2,,normal,Q251136.14~A16.K_2L.png,Q251136.14~A16.K_2R.png,train,/data5/chensx/MyProject/UAE/data/arrangement_merged/chr_02/Q251136.14~A16.K_2L.png,/data5/chensx/MyProject/UAE/data/arrangement_merged/chr_02/Q251136.14~A16.K_2R.png,0,1.85182102493134,,0.0032147765159606,0.47755670630317465,chromosome
0,0.003555953502655,Q251136,Q251136.14~A17.K_2,2,,normal,Q251136.14~A17.K_2L.png,Q251136.14~A17.K_2R.png,train,/data5/chensx/MyProject/UAE/data/arrangement_merged/chr_02/Q251136.14~A17.K_2L.png,/data5/chensx/MyProject/UAE/data/arrangement_merged/chr_02/Q251136.14~A17.K_2R.png,1,2.1875360645723583,,0.003555953502655,1.5214852136048331,chromosome
0,0.0027471780776977,Q251136,Q251136.14~A18.K_2,2,,normal,Q251136.14~A18.K_2L.png,Q251136.14~A18.K_2R.png,train,/data5/chensx/MyProject/UAE/data/arrangement_merged/chr_02/Q251136.14~A18.K_2L.png,/data5/chensx/MyProject/UAE/data/arrangement_merged/chr_02/Q251136.14~A18.K_2R.png,0,1.391708431293362,,0.0027471780776977,-0.9531943663347165,chromosome
0,0.0035993456840515,Q251136,Q251136.14~A2.K_2,2,,normal,Q251136.14~A2.K_2L.png,Q251136.14~A2.K_2R.png,train,/data5/chensx/MyProject/UAE/data/arrangement_merged/chr_02/Q251136.14~A2.K_2L.png,/data5/chensx/MyProject/UAE/data/arrangement_merged/chr_02/Q251136.14~A2.K_2R.png,1,2.230233574855143,,0.0035993456840515,1.6542559951065345,chromosome
0,0.0031071901321411,Q251136,Q251136.14~A31.K_2,2,,normal,Q251136.14~A31.K_2L.png,Q251136.14~A31.K_2R.png,train,/data5/chensx/MyProject/UAE/data/arrangement_merged/chr_02/Q251136.14~A31.K_2L.png,/data5/chensx/MyProject/UAE/data/arrangement_merged/chr_02/Q251136.14~A31.K_2R.png,0,1.7459570056175668,,0.0031071901321411,0.1483654142560496,chromosome
0,0.0028420686721801,Q251136,Q251136.14~A39.K_2,2,,normal,Q251136.14~A39.K_2L.png,Q251136.14~A39.K_2R.png,train,/data5/chensx/MyProject/UAE/data/arrangement_merged/chr_02/Q251136.14~A39.K_2L.png,/data5/chensx/MyProject/UAE/data/arrangement_merged/chr_02/Q251136.14~A39.K_2R.png,0,1.485079909823848,,0.0028420686721801,-0.6628494705234758,chromosome
0,0.0030350685119628,Q251136,Q251136.1~A12.K_2,2,,normal,Q251136.1~A12.K_2L.png,Q251136.1~A12.K_2R.png,train,/data5/chensx/MyProject/UAE/data/arrangement_merged/chr_02/Q251136.1~A12.K_2L.png,/data5/chensx/MyProject/UAE/data/arrangement_merged/chr_02/Q251136.1~A12.K_2R.png,0,1.674989989900301,,0.0030350685119628,-0.07231129675655046,chromosome
0,0.0030348300933837,Q251136,Q251136.1~A38.K_2,2,,normal,Q251136.1~A38.K_2L.png,Q251136.1~A38.K_2R.png,train,/data5/chensx/MyProject/UAE/data/arrangement_merged/chr_02/Q251136.1~A38.K_2L.png,/data5/chensx/MyProject/UAE/data/arrangement_merged/chr_02/Q251136.1~A38.K_2R.png,0,1.6747553881954502,,0.0030348300933837,-0.07304080654501577,chromosome
0,0.0025985240936279,Q251136,Q251136.2~A15.K_2,2,,normal,Q251136.2~A15.K_2L.png,Q251136.2~A15.K_2R.png,train,/data5/chensx/MyProject/UAE/data/arrangement_merged/chr_02/Q251136.2~A15.K_2L.png,/data5/chensx/MyProject/UAE/data/arrangement_merged/chr_02/Q251136.2~A15.K_2R.png,0,1.245434268319096,,0.0025985240936279,-1.4080437194460764,chromosome
0,0.0029454827308654,Q251136,Q251136.2~A2.K_2,2,,normal,Q251136.2~A2.K_2L.png,Q251136.2~A2.K_2R.png,train,/data5/chensx/MyProject/UAE/data/arrangement_merged/chr_02/Q251136.2~A2.K_2L.png,/data5/chensx/MyProject/UAE/data/arrangement_merged/chr_02/Q251136.2~A2.K_2R.png,0,1.5868383993027375,,0.0029454827308654,-0.34642459977435036,chromosome
0,0.0032498836517333,Q251136,Q251136.2~A20.K_2,2,,normal,Q251136.2~A20.K_2L.png,Q251136.2~A20.K_2R.png,train,/data5/chensx/MyProject/UAE/data/arrangement_merged/chr_02/Q251136.2~A20.K_2L.png,/data5/chensx/MyProject/UAE/data/arrangement_merged/chr_02/Q251136.2~A20.K_2R.png,0,1.8863661259705715,,0.0032498836517333,0.5849770226554581,chromosome
0,0.0032420754432678,Q251136,Q251136.2~A25.K_2,2,,normal,Q251136.2~A25.K_2L.png,Q251136.2~A25.K_2R.png,train,/data5/chensx/MyProject/UAE/data/arrangement_merged/chr_02/Q251136.2~A25.K_2L.png,/data5/chensx/MyProject/UAE/data/arrangement_merged/chr_02/Q251136.2~A25.K_2R.png,0,1.8786829201367183,,0.0032420754432678,0.5610855770832788,chromosome
0,0.0027579069137573,Q251136,Q251136.2~A36.K_2,2,,normal,Q251136.2~A36.K_2L.png,Q251136.2~A36.K_2R.png,train,/data5/chensx/MyProject/UAE/data/arrangement_merged/chr_02/Q251136.2~A36.K_2L.png,/data5/chensx/MyProject/UAE/data/arrangement_merged/chr_02/Q251136.2~A36.K_2R.png,0,1.402265508011633,,0.0027579069137573,-0.9203664258534482,chromosome
0,0.0032483339309692,Q251136,Q251136.2~A5.K_2,2,,normal,Q251136.2~A5.K_2L.png,Q251136.2~A5.K_2R.png,train,/data5/chensx/MyProject/UAE/data/arrangement_merged/chr_02/Q251136.2~A5.K_2L.png,/data5/chensx/MyProject/UAE/data/arrangement_merged/chr_02/Q251136.2~A5.K_2R.png,0,1.8848412148890432,,0.0032483339309692,0.5802352090305836,chromosome
0,0.0029153823852539,Q251136,Q251136.2~A7.K_2,2,,normal,Q251136.2~A7.K_2L.png,Q251136.2~A7.K_2R.png,train,/data5/chensx/MyProject/UAE/data/arrangement_merged/chr_02/Q251136.2~A7.K_2L.png,/data5/chensx/MyProject/UAE/data/arrangement_merged/chr_02/Q251136.2~A7.K_2R.png,0,1.5572199340653663,,0.0029153823852539,-0.4385252105685451,chromosome
0,0.0029048323631286,Q251136,Q251136.3~A16.K_2,2,,normal,Q251136.3~A16.K_2L.png,Q251136.3~A16.K_2R.png,train,/data5/chensx/MyProject/UAE/data/arrangement_merged/chr_02/Q251136.3~A16.K_2L.png,/data5/chensx/MyProject/UAE/data/arrangement_merged/chr_02/Q251136.3~A16.K_2R.png,0,1.5468388086257332,,0.0029048323631286,-0.4708060187085414,chromosome
0,0.0034012794494628,Q251136,Q251136.3~A21.K_2,2,,normal,Q251136.3~A21.K_2L.png,Q251136.3~A21.K_2R.png,train,/data5/chensx/MyProject/UAE/data/arrangement_merged/chr_02/Q251136.3~A21.K_2L.png,/data5/chensx/MyProject/UAE/data/arrangement_merged/chr_02/Q251136.3~A21.K_2R.png,0,2.035338208550618,,0.0034012794494628,1.0482157383343285,chromosome
0,0.0034297704696655,Q251136,Q251136.3~A23.K_2,2,,normal,Q251136.3~A23.K_2L.png,Q251136.3~A23.K_2R.png,train,/data5/chensx/MyProject/UAE/data/arrangement_merged/chr_02/Q251136.3~A23.K_2L.png,/data5/chensx/MyProject/UAE/data/arrangement_merged/chr_02/Q251136.3~A23.K_2R.png,1,2.063373112280249,,0.0034297704696655,1.1353921580567619,chromosome
0,0.0030887126922607,Q251136,Q251136.3~A26.K_2,2,,normal,Q251136.3~A26.K_2L.png,Q251136.3~A26.K_2R.png,train,/data5/chensx/MyProject/UAE/data/arrangement_merged/chr_02/Q251136.3~A26.K_2L.png,/data5/chensx/MyProject/UAE/data/arrangement_merged/chr_02/Q251136.3~A26.K_2R.png,0,1.7277753734916557,,0.0030887126922607,0.09182840564948863,chromosome
0,0.0031591057777404,Q251136,Q251136.3~A32.K_2,2,,normal,Q251136.3~A32.K_2L.png,Q251136.3~A32.K_2R.png,train,/data5/chensx/MyProject/UAE/data/arrangement_merged/chr_02/Q251136.3~A32.K_2L.png,/data5/chensx/MyProject/UAE/data/arrangement_merged/chr_02/Q251136.3~A32.K_2R.png,0,1.797041526848756,,0.0031591057777404,0.307216170695329,chromosome
0,0.0037914514541625,Q251136,Q251136.3~A36.K_2,2,,normal,Q251136.3~A36.K_2L.png,Q251136.3~A36.K_2R.png,train,/data5/chensx/MyProject/UAE/data/arrangement_merged/chr_02/Q251136.3~A36.K_2L.png,/data5/chensx/MyProject/UAE/data/arrangement_merged/chr_02/Q251136.3~A36.K_2R.png,1,2.4192638985384067,,0.0037914514541625,2.242058507166484,chromosome
0,0.0028650760650634,Q251136,Q251136.3~A40.K_2,2,,normal,Q251136.3~A40.K_2L.png,Q251136.3~A40.K_2R.png,train,/data5/chensx/MyProject/UAE/data/arrangement_merged/chr_02/Q251136.3~A40.K_2L.png,/data5/chensx/MyProject/UAE/data/arrangement_merged/chr_02/Q251136.3~A40.K_2R.png,0,1.507718974341918,,0.0028650760650634,-0.5924517759360631,chromosome
0,0.0028843879699707,Q251136,Q251136.3~A41.K_2,2,,normal,Q251136.3~A41.K_2L.png,Q251136.3~A41.K_2R.png,train,/data5/chensx/MyProject/UAE/data/arrangement_merged/chr_02/Q251136.3~A41.K_2L.png,/data5/chensx/MyProject/UAE/data/arrangement_merged/chr_02/Q251136.3~A41.K_2R.png,0,1.5267217124348056,,0.0028843879699707,-0.533361483069717,chromosome
0,0.0030536651611328,Q251136,Q251136.4~A12.K_2,2,,normal,Q251136.4~A12.K_2L.png,Q251136.4~A12.K_2R.png,train,/data5/chensx/MyProject/UAE/data/arrangement_merged/chr_02/Q251136.4~A12.K_2L.png,/data5/chensx/MyProject/UAE/data/arrangement_merged/chr_02/Q251136.4~A12.K_2R.png,0,1.6932889228786372,,0.0030536651611328,-0.015409533255602901,chromosome
0,0.0030018687248229,Q251136,Q251136.4~A13.K_2,2,,normal,Q251136.4~A13.K_2L.png,Q251136.4~A13.K_2R.png,train,/data5/chensx/MyProject/UAE/data/arrangement_merged/chr_02/Q251136.4~A13.K_2L.png,/data5/chensx/MyProject/UAE/data/arrangement_merged/chr_02/Q251136.4~A13.K_2R.png,0,1.6423217024998733,,0.0030018687248229,-0.17389553480110745,chromosome
0,0.0034905672073364,Q251136,Q251136.4~A15.K_2,2,,normal,Q251136.4~A15.K_2L.png,Q251136.4~A15.K_2R.png,train,/data5/chensx/MyProject/UAE/data/arrangement_merged/chr_02/Q251136.4~A15.K_2L.png,/data5/chensx/MyProject/UAE/data/arrangement_merged/chr_02/Q251136.4~A15.K_2R.png,1,2.123196547017118,,0.0034905672073364,1.3214171541167763,chromosome
0,0.0030657052993774,Q251136,Q251136.4~A16.K_2,2,,normal,Q251136.4~A16.K_2L.png,Q251136.4~A16.K_2R.png,train,/data5/chensx/MyProject/UAE/data/arrangement_merged/chr_02/Q251136.4~A16.K_2L.png,/data5/chensx/MyProject/UAE/data/arrangement_merged/chr_02/Q251136.4~A16.K_2R.png,0,1.7051363089735856,,0.0030657052993774,0.021430711062076047,chromosome
0,0.0029859542846679,Q251136,Q251136.4~A19.K_2,2,,normal,Q251136.4~A19.K_2L.png,Q251136.4~A19.K_2R.png,train,/data5/chensx/MyProject/UAE/data/arrangement_merged/chr_02/Q251136.4~A19.K_2L.png,/data5/chensx/MyProject/UAE/data/arrangement_merged/chr_02/Q251136.4~A19.K_2R.png,0,1.6266620387011046,,0.0029859542846679,-0.22259031318143271,chromosome
0,0.0028266906738281,Q251136,Q251136.4~A2.K_2,2,,normal,Q251136.4~A2.K_2L.png,Q251136.4~A2.K_2R.png,train,/data5/chensx/MyProject/UAE/data/arrangement_merged/chr_02/Q251136.4~A2.K_2L.png,/data5/chensx/MyProject/UAE/data/arrangement_merged/chr_02/Q251136.4~A2.K_2R.png,0,1.4699480998609926,,0.0028266906738281,-0.7099028518796757,chromosome
0,0.0035338997840881,Q251136,Q251136.4~A36.K_2,2,,normal,Q251136.4~A36.K_2L.png,Q251136.4~A36.K_2R.png,train,/data5/chensx/MyProject/UAE/data/arrangement_merged/chr_02/Q251136.4~A36.K_2L.png,/data5/chensx/MyProject/UAE/data/arrangement_merged/chr_02/Q251136.4~A36.K_2R.png,1,2.1658354068736902,,0.0035338997840881,1.4540055581712845,chromosome
0,0.0038410425186157,Q251136,Q251136.4~A5.K_2,2,,normal,Q251136.4~A5.K_2L.png,Q251136.4~A5.K_2R.png,train,/data5/chensx/MyProject/UAE/data/arrangement_merged/chr_02/Q251136.4~A5.K_2L.png,/data5/chensx/MyProject/UAE/data/arrangement_merged/chr_02/Q251136.4~A5.K_2R.png,1,2.468061053147304,,0.0038410425186157,2.3937965431686035,chromosome
0,0.0007299184799194,165070,165070.11~A20.K_20,20,,normal,165070.11~A20.K_20L.png,165070.11~A20.K_20R.png,train,/data5/chensx/MyProject/UAE/data/arrangement_merged/chr_20/165070.11~A20.K_20L.png,/data5/chensx/MyProject/UAE/data/arrangement_merged/chr_20/165070.11~A20.K_20R.png,0,-0.7532255994190424,,0.0007299184799194,-0.2745190500406444,chromosome
0,0.0006206035614013,165070,165070.11~A21.K_20,20,,normal,165070.11~A21.K_20L.png,165070.11~A21.K_20R.png,train,/data5/chensx/MyProject/UAE/data/arrangement_merged/chr_20/165070.11~A21.K_20L.png,/data5/chensx/MyProject/UAE/data/arrangement_merged/chr_20/165070.11~A21.K_20R.png,0,-0.9072256829547768,,0.0006206035614013,-0.9312784811358319,chromosome
0,0.0006631016731262,165070,165070.11~A30.K_20,20,,normal,165070.11~A30.K_20L.png,165070.11~A30.K_20R.png,train,/data5/chensx/MyProject/UAE/data/arrangement_merged/chr_20/165070.11~A30.K_20L.png,/data5/chensx/MyProject/UAE/data/arrangement_merged/chr_20/165070.11~A30.K_20R.png,0,-0.8473554214711463,,0.0006631016731262,-0.6759516139759425,chromosome
0,0.0010163784027099,165070,165070.12~A1.K_20,20,,normal,165070.12~A1.K_20L.png,165070.12~A1.K_20R.png,train,/data5/chensx/MyProject/UAE/data/arrangement_merged/chr_20/165070.12~A1.K_20L.png,/data5/chensx/MyProject/UAE/data/arrangement_merged/chr_20/165070.12~A1.K_20R.png,0,-0.3496681286051166,,0.0010163784027099,1.4465201134501948,chromosome
0,0.0010107159614562,165070,165070.12~A21.K_20,20,,normal,165070.12~A21.K_20L.png,165070.12~A21.K_20R.png,train,/data5/chensx/MyProject/UAE/data/arrangement_merged/chr_20/165070.12~A21.K_20L.png,/data5/chensx/MyProject/UAE/data/arrangement_merged/chr_20/165070.12~A21.K_20R.png,0,-0.3576452321688542,,0.0010107159614562,1.4125004046418843,chromosome
0,0.0006115436553955,165070,165070.12~A41.K_20,20,,normal,165070.12~A41.K_20L.png,165070.12~A41.K_20R.png,train,/data5/chensx/MyProject/UAE/data/arrangement_merged/chr_20/165070.12~A41.K_20L.png,/data5/chensx/MyProject/UAE/data/arrangement_merged/chr_20/165070.12~A41.K_20R.png,0,-0.9199890486567572,,0.0006115436553955,-0.9857100152284072,chromosome
0,0.0006310939788818,165070,165070.12~A5.K_20,20,,normal,165070.12~A5.K_20L.png,165070.12~A5.K_20R.png,train,/data5/chensx/MyProject/UAE/data/arrangement_merged/chr_20/165070.12~A5.K_20L.png,/data5/chensx/MyProject/UAE/data/arrangement_merged/chr_20/165070.12~A5.K_20R.png,0,-0.892447048984063,,0.0006310939788818,-0.8682524942911958,chromosome
0,0.0007836818695068,165070,165070.12~A9.K_20,20,,normal,165070.12~A9.K_20L.png,165070.12~A9.K_20R.png,train,/data5/chensx/MyProject/UAE/data/arrangement_merged/chr_20/165070.12~A9.K_20L.png,/data5/chensx/MyProject/UAE/data/arrangement_merged/chr_20/165070.12~A9.K_20R.png,0,-0.6774851003191338,,0.0007836818695068,0.04848913253713737,chromosome
0,0.0005662441253662,165070,165070.13~A24.K_20,20,,normal,165070.13~A24.K_20L.png,165070.13~A24.K_20R.png,train,/data5/chensx/MyProject/UAE/data/arrangement_merged/chr_20/165070.13~A24.K_20L.png,/data5/chensx/MyProject/UAE/data/arrangement_merged/chr_20/165070.13~A24.K_20R.png,0,-0.983805877166658,,0.0005662441253662,-1.2578676856930875,chromosome
0,0.0007131099700927,165070,165070.13~A25.K_20,20,,normal,165070.13~A25.K_20L.png,165070.13~A25.K_20R.png,train,/data5/chensx/MyProject/UAE/data/arrangement_merged/chr_20/165070.13~A25.K_20L.png,/data5/chensx/MyProject/UAE/data/arrangement_merged/chr_20/165070.13~A25.K_20R.png,0,-0.7769050015766635,,0.0007131099700927,-0.37550386987119205,chromosome
0,0.0006686449050903,165070,165070.13~A26.K_20,20,,normal,165070.13~A26.K_20L.png,165070.13~A26.K_20R.png,train,/data5/chensx/MyProject/UAE/data/arrangement_merged/chr_20/165070.13~A26.K_20L.png,/data5/chensx/MyProject/UAE/data/arrangement_merged/chr_20/165070.13~A26.K_20R.png,0,-0.8395462569298031,,0.0006686449050903,-0.6426481095638872,chromosome
0,0.000615656375885,165070,165070.13~A27.K_20,20,,normal,165070.13~A27.K_20L.png,165070.13~A27.K_20R.png,train,/data5/chensx/MyProject/UAE/data/arrangement_merged/chr_20/165070.13~A27.K_20L.png,/data5/chensx/MyProject/UAE/data/arrangement_merged/chr_20/165070.13~A27.K_20R.png,0,-0.9141951523841476,,0.000615656375885,-0.9610009635678115,chromosome
0,0.0010287165641784,165070,165070.13~A28.K_20,20,,normal,165070.13~A28.K_20L.png,165070.13~A28.K_20R.png,train,/data5/chensx/MyProject/UAE/data/arrangement_merged/chr_20/165070.13~A28.K_20L.png,/data5/chensx/MyProject/UAE/data/arrangement_merged/chr_20/165070.13~A28.K_20R.png,0,-0.3322864397872883,,0.0010287165641784,1.5206472684319818,chromosome
0,0.0006985664367675,165070,165070.13~A3.K_20,20,,normal,165070.13~A3.K_20L.png,165070.13~A3.K_20R.png,train,/data5/chensx/MyProject/UAE/data/arrangement_merged/chr_20/165070.13~A3.K_20L.png,/data5/chensx/MyProject/UAE/data/arrangement_merged/chr_20/165070.13~A3.K_20R.png,0,-0.7973935623087897,,0.0006985664367675,-0.46288080617829624,chromosome
0,0.0008997917175292,165070,165070.13~A36.K_20,20,,normal,165070.13~A36.K_20L.png,165070.13~A36.K_20R.png,train,/data5/chensx/MyProject/UAE/data/arrangement_merged/chr_20/165070.13~A36.K_20L.png,/data5/chensx/MyProject/UAE/data/arrangement_merged/chr_20/165070.13~A36.K_20R.png,0,-0.5139124925069141,,0.0008997917175292,0.7460722142014553,chromosome
0,0.0005946159362792,165070,165070.13~A40.K_20,20,,normal,165070.13~A40.K_20L.png,165070.13~A40.K_20R.png,train,/data5/chensx/MyProject/UAE/data/arrangement_merged/chr_20/165070.13~A40.K_20L.png,/data5/chensx/MyProject/UAE/data/arrangement_merged/chr_20/165070.13~A40.K_20R.png,0,-0.9438363898367728,,0.0005946159362792,-1.0874110394552108,chromosome
0,0.0005093812942504,165070,165070.13~A9.K_20,20,,normal,165070.13~A9.K_20L.png,165070.13~A9.K_20R.png,train,/data5/chensx/MyProject/UAE/data/arrangement_merged/chr_20/165070.13~A9.K_20L.png,/data5/chensx/MyProject/UAE/data/arrangement_merged/chr_20/165070.13~A9.K_20R.png,0,-1.063912790848823,,0.0005093812942504,-1.5994971825662978,chromosome
0,0.0008538961410522,165070,165070.1~A9.K_20,20,,normal,165070.1~A9.K_20L.png,165070.1~A9.K_20R.png,train,/data5/chensx/MyProject/UAE/data/arrangement_merged/chr_20/165070.1~A9.K_20L.png,/data5/chensx/MyProject/UAE/data/arrangement_merged/chr_20/165070.1~A9.K_20R.png,0,-0.5785690161287874,,0.0008538961410522,0.4703335217573013,chromosome
0,0.0009241700172424,165070,165070.2~A31.K_20,20,,normal,165070.2~A31.K_20L.png,165070.2~A31.K_20R.png,train,/data5/chensx/MyProject/UAE/data/arrangement_merged/chr_20/165070.2~A31.K_20L.png,/data5/chensx/MyProject/UAE/data/arrangement_merged/chr_20/165070.2~A31.K_20R.png,0,-0.4795689624272438,,0.0009241700172424,0.8925360131755928,chromosome
0,0.0006746053695678,165070,165070.3~A15.K_20,20,,normal,165070.3~A15.K_20L.png,165070.3~A15.K_20R.png,train,/data5/chensx/MyProject/UAE/data/arrangement_merged/chr_20/165070.3~A15.K_20L.png,/data5/chensx/MyProject/UAE/data/arrangement_merged/chr_20/165070.3~A15.K_20R.png,0,-0.8311493058100793,,0.0006746053695678,-0.6068378897661406,chromosome
0,0.0007138848304748,165070,165070.3~A2.K_20,20,,normal,165070.3~A2.K_20L.png,165070.3~A2.K_20R.png,train,/data5/chensx/MyProject/UAE/data/arrangement_merged/chr_20/165070.3~A2.K_20L.png,/data5/chensx/MyProject/UAE/data/arrangement_merged/chr_20/165070.3~A2.K_20R.png,0,-0.7758133979310995,,0.0007138848304748,-0.37084854129733524,chromosome
0,0.0006871819496154,165070,165070.3~A30.K_20,20,,normal,165070.3~A30.K_20L.png,165070.3~A30.K_20R.png,train,/data5/chensx/MyProject/UAE/data/arrangement_merged/chr_20/165070.3~A30.K_20L.png,/data5/chensx/MyProject/UAE/data/arrangement_merged/chr_20/165070.3~A30.K_20R.png,0,-0.8134317389474621,,0.0006871819496154,-0.5312783259924433,chromosome
0,0.0007287263870239,165070,165070.3~A35.K_20,20,,normal,165070.3~A35.K_20L.png,165070.3~A35.K_20R.png,train,/data5/chensx/MyProject/UAE/data/arrangement_merged/chr_20/165070.3~A35.K_20L.png,/data5/chensx/MyProject/UAE/data/arrangement_merged/chr_20/165070.3~A35.K_20R.png,0,-0.7549049896429872,,0.0007287263870239,-0.28168109400019387,chromosome
0,0.0007464885711669,165070,165070.3~A43.K_20,20,,normal,165070.3~A43.K_20L.png,165070.3~A43.K_20R.png,train,/data5/chensx/MyProject/UAE/data/arrangement_merged/chr_20/165070.3~A43.K_20L.png,/data5/chensx/MyProject/UAE/data/arrangement_merged/chr_20/165070.3~A43.K_20R.png,0,-0.7298820753062103,,0.0007464885711669,-0.1749666390026069,chromosome
0,0.0007798671722412,170215,170215.12~A1.K_20,20,,normal,170215.12~A1.K_20L.png,170215.12~A1.K_20R.png,train,/data5/chensx/MyProject/UAE/data/arrangement_merged/chr_20/170215.12~A1.K_20L.png,/data5/chensx/MyProject/UAE/data/arrangement_merged/chr_20/170215.12~A1.K_20R.png,0,-0.7224160380682431,,0.0007798671722412,0.02557059186657886,chromosome
0,0.0006285309791564,170215,170215.12~A24.K_20,20,,normal,170215.12~A24.K_20L.png,170215.12~A24.K_20R.png,train,/data5/chensx/MyProject/UAE/data/arrangement_merged/chr_20/170215.12~A24.K_20L.png,/data5/chensx/MyProject/UAE/data/arrangement_merged/chr_20/170215.12~A24.K_20R.png,0,-0.9210679486004418,,0.0006285309791564,-0.8836508888046777,chromosome
0,0.0007181167602539,170215,170215.12~A31.K_20,20,,normal,170215.12~A31.K_20L.png,170215.12~A31.K_20R.png,train,/data5/chensx/MyProject/UAE/data/arrangement_merged/chr_20/170215.12~A31.K_20L.png,/data5/chensx/MyProject/UAE/data/arrangement_merged/chr_20/170215.12~A31.K_20R.png,0,-0.8034729027044613,,0.0007181167602539,-0.34542328524048416,chromosome
0,0.0006154775619506,170215,170215.12~A33.K_20,20,,normal,170215.12~A33.K_20L.png,170215.12~A33.K_20R.png,train,/data5/chensx/MyProject/UAE/data/arrangement_merged/chr_20/170215.12~A33.K_20L.png,/data5/chensx/MyProject/UAE/data/arrangement_merged/chr_20/170215.12~A33.K_20R.png,0,-0.9382025560862832,,0.0006154775619506,-0.9620752701621945,chromosome
0,0.0007040500640869,170215,170215.12~A44.K_20,20,,normal,170215.12~A44.K_20L.png,170215.12~A44.K_20R.png,train,/data5/chensx/MyProject/UAE/data/arrangement_merged/chr_20/170215.12~A44.K_20L.png,/data5/chensx/MyProject/UAE/data/arrangement_merged/chr_20/170215.12~A44.K_20R.png,0,-0.8219375938764183,,0.0007040500640869,-0.42993540396376806,chromosome
0,0.0006808042526245,170215,170215.12~A47.K_20,20,,normal,170215.12~A47.K_20L.png,170215.12~A47.K_20R.png,train,/data5/chensx/MyProject/UAE/data/arrangement_merged/chr_20/170215.12~A47.K_20L.png,/data5/chensx/MyProject/UAE/data/arrangement_merged/chr_20/170215.12~A47.K_20R.png,0,-0.8524512784402456,,0.0006808042526245,-0.5695952611758826,chromosome
0,0.0007305145263671,170215,170215.12~A48.K_20,20,,normal,170215.12~A48.K_20L.png,170215.12~A48.K_20R.png,train,/data5/chensx/MyProject/UAE/data/arrangement_merged/chr_20/170215.12~A48.K_20L.png,/data5/chensx/MyProject/UAE/data/arrangement_merged/chr_20/170215.12~A48.K_20R.png,0,-0.7871989376037534,,0.0007305145263671,-0.27093802806117,chromosome
0,0.0008123517036437,170215,170215.12~A49.K_20,20,,normal,170215.12~A49.K_20L.png,170215.12~A49.K_20R.png,train,/data5/chensx/MyProject/UAE/data/arrangement_merged/chr_20/170215.12~A49.K_20L.png,/data5/chensx/MyProject/UAE/data/arrangement_merged/chr_20/170215.12~A49.K_20R.png,0,-0.6797751198957152,,0.0008123517036437,0.2207362897650512,chromosome
0,0.0006188154220581,170215,170215.12~A6.K_20,20,,normal,170215.12~A6.K_20L.png,170215.12~A6.K_20R.png,train,/data5/chensx/MyProject/UAE/data/arrangement_merged/chr_20/170215.12~A6.K_20L.png,/data5/chensx/MyProject/UAE/data/arrangement_merged/chr_20/170215.12~A6.K_20R.png,0,-0.933821103943785,,0.0006188154220581,-0.9420215470748551,chromosome
0,0.0006149411201477,170215,170215.12~A7.K_20,20,,normal,170215.12~A7.K_20L.png,170215.12~A7.K_20R.png,train,/data5/chensx/MyProject/UAE/data/arrangement_merged/chr_20/170215.12~A7.K_20L.png,/data5/chensx/MyProject/UAE/data/arrangement_merged/chr_20/170215.12~A7.K_20R.png,0,-0.9389067180377564,,0.0006149411201477,-0.9652981899435413,chromosome
0,0.0005651712417602,170215,170215.13~A21.K_20,20,,normal,170215.13~A21.K_20L.png,170215.13~A21.K_20R.png,train,/data5/chensx/MyProject/UAE/data/arrangement_merged/chr_20/170215.13~A21.K_20L.png,/data5/chensx/MyProject/UAE/data/arrangement_merged/chr_20/170215.13~A21.K_20R.png,0,-1.0042372990910788,,0.0005651712417602,-1.2643135252569822,chromosome
0,0.0010136365890502,170215,170215.13~A36.K_20,20,,normal,170215.13~A36.K_20L.png,170215.13~A36.K_20R.png,train,/data5/chensx/MyProject/UAE/data/arrangement_merged/chr_20/170215.13~A36.K_20L.png,/data5/chensx/MyProject/UAE/data/arrangement_merged/chr_20/170215.13~A36.K_20R.png,0,-0.4155579076597028,,0.0010136365890502,1.4300474123429305,chromosome
0,0.0006837844848632,170215,170215.13~A44.K_20,20,,normal,170215.13~A44.K_20L.png,170215.13~A44.K_20R.png,train,/data5/chensx/MyProject/UAE/data/arrangement_merged/chr_20/170215.13~A44.K_20L.png,/data5/chensx/MyProject/UAE/data/arrangement_merged/chr_20/170215.13~A44.K_20R.png,0,-0.8485392675987293,,0.0006837844848632,-0.5516901512773092,chromosome
0,0.000600516796112,170215,170215.13~A47.K_20,20,,normal,170215.13~A47.K_20L.png,170215.13~A47.K_20R.png,train,/data5/chensx/MyProject/UAE/data/arrangement_merged/chr_20/170215.13~A47.K_20L.png,/data5/chensx/MyProject/UAE/data/arrangement_merged/chr_20/170215.13~A47.K_20R.png,0,-0.9578408505106952,,0.000600516796112,-1.05195892185499,chromosome
0,0.0009134411811828,170215,170215.13~A5.K_20,20,,normal,170215.13~A5.K_20L.png,170215.13~A5.K_20R.png,train,/data5/chensx/MyProject/UAE/data/arrangement_merged/chr_20/170215.13~A5.K_20L.png,/data5/chensx/MyProject/UAE/data/arrangement_merged/chr_20/170215.13~A5.K_20R.png,0,-0.5470797121514815,,0.0009134411811828,0.8280776175390472,chromosome
0,0.0005626082420349,170215,170215.1~A9.K_20,20,,normal,170215.1~A9.K_20L.png,170215.1~A9.K_20R.png,train,/data5/chensx/MyProject/UAE/data/arrangement_merged/chr_20/170215.1~A9.K_20L.png,/data5/chensx/MyProject/UAE/data/arrangement_merged/chr_20/170215.1~A9.K_20R.png,0,-1.0076016284147828,,0.0005626082420349,-1.2797119197698634,chromosome
0,0.0006033182144165,170215,170215.2~A19.K_20,20,,normal,170215.2~A19.K_20L.png,170215.2~A19.K_20R.png,train,/data5/chensx/MyProject/UAE/data/arrangement_merged/chr_20/170215.2~A19.K_20L.png,/data5/chensx/MyProject/UAE/data/arrangement_merged/chr_20/170215.2~A19.K_20R.png,0,-0.95416356031967,,0.0006033182144165,-1.0351281185495986,chromosome
0,0.000894546508789,170215,170215.2~A2.K_20,20,,normal,170215.2~A2.K_20L.png,170215.2~A2.K_20R.png,train,/data5/chensx/MyProject/UAE/data/arrangement_merged/chr_20/170215.2~A2.K_20L.png,/data5/chensx/MyProject/UAE/data/arrangement_merged/chr_20/170215.2~A2.K_20R.png,0,-0.571881860886695,,0.000894546508789,0.7145592207794386,chromosome
0,0.000690758228302,170215,170215.2~A23.K_20,20,,normal,170215.2~A23.K_20L.png,170215.2~A23.K_20R.png,train,/data5/chensx/MyProject/UAE/data/arrangement_merged/chr_20/170215.2~A23.K_20L.png,/data5/chensx/MyProject/UAE/data/arrangement_merged/chr_20/170215.2~A23.K_20R.png,0,-0.839385162229581,,0.000690758228302,-0.5097921941131944,chromosome
0,0.0007230043411254,170215,170215.2~A33.K_20,20,,normal,170215.2~A33.K_20L.png,170215.2~A33.K_20R.png,train,/data5/chensx/MyProject/UAE/data/arrangement_merged/chr_20/170215.2~A33.K_20L.png,/data5/chensx/MyProject/UAE/data/arrangement_merged/chr_20/170215.2~A33.K_20R.png,0,-0.7970572049243745,,0.0007230043411254,-0.3160589050066316,chromosome
0,0.0014240741729736,170215,170215.2~A4.K_20,20,,normal,170215.2~A4.K_20L.png,170215.2~A4.K_20R.png,train,/data5/chensx/MyProject/UAE/data/arrangement_merged/chr_20/170215.2~A4.K_20L.png,/data5/chensx/MyProject/UAE/data/arrangement_merged/chr_20/170215.2~A4.K_20R.png,0,0.1232042254339248,,0.0014240741729736,3.895939147632317,chromosome
0,0.0008957982063293,170215,170215.3~A32.K_20,20,,normal,170215.3~A32.K_20L.png,170215.3~A32.K_20R.png,train,/data5/chensx/MyProject/UAE/data/arrangement_merged/chr_20/170215.3~A32.K_20L.png,/data5/chensx/MyProject/UAE/data/arrangement_merged/chr_20/170215.3~A32.K_20R.png,0,-0.5702388163332582,,0.0008957982063293,0.722079366937115,chromosome
0,0.0007100105285644,170215,170215.3~A33.K_20,20,,normal,170215.3~A33.K_20L.png,170215.3~A33.K_20R.png,train,/data5/chensx/MyProject/UAE/data/arrangement_merged/chr_20/170215.3~A33.K_20L.png,/data5/chensx/MyProject/UAE/data/arrangement_merged/chr_20/170215.3~A33.K_20R.png,0,-0.8141135721933856,,0.0007100105285644,-0.39412518416602077,chromosome
0,0.0007593035697937,170215,170215.3~A38.K_20,20,,normal,170215.3~A38.K_20L.png,170215.3~A38.K_20R.png,train,/data5/chensx/MyProject/UAE/data/arrangement_merged/chr_20/170215.3~A38.K_20L.png,/data5/chensx/MyProject/UAE/data/arrangement_merged/chr_20/170215.3~A38.K_20R.png,0,-0.7494089128747057,,0.0007593035697937,-0.0979746664363996,chromosome
0,0.000972032546997,170215,170215.3~A41.K_20,20,,normal,170215.3~A41.K_20L.png,170215.3~A41.K_20R.png,train,/data5/chensx/MyProject/UAE/data/arrangement_merged/chr_20/170215.3~A41.K_20L.png,/data5/chensx/MyProject/UAE/data/arrangement_merged/chr_20/170215.3~A41.K_20R.png,0,-0.4701695790072707,,0.000972032546997,1.1800920781531539,chromosome
0,0.0010887384414672,170215,170215.3~A47.K_20,20,,normal,170215.3~A47.K_20L.png,170215.3~A47.K_20R.png,train,/data5/chensx/MyProject/UAE/data/arrangement_merged/chr_20/170215.3~A47.K_20L.png,/data5/chensx/MyProject/UAE/data/arrangement_merged/chr_20/170215.3~A47.K_20R.png,0,-0.3169752344534915,,0.0010887384414672,1.8812561817975475,chromosome
0,0.0007779002189636,179083,179083.12~A20.K_20,20,,normal,179083.12~A20.K_20L.png,179083.12~A20.K_20R.png,train,/data5/chensx/MyProject/UAE/data/arrangement_merged/chr_20/179083.12~A20.K_20L.png,/data5/chensx/MyProject/UAE/data/arrangement_merged/chr_20/179083.12~A20.K_20R.png,0,-0.6236767735041052,,0.0007779002189636,0.013753219333171923,chromosome
0,0.0008445978164672,179083,179083.12~A37.K_20,20,,normal,179083.12~A37.K_20L.png,179083.12~A37.K_20R.png,train,/data5/chensx/MyProject/UAE/data/arrangement_merged/chr_20/179083.12~A37.K_20L.png,/data5/chensx/MyProject/UAE/data/arrangement_merged/chr_20/179083.12~A37.K_20R.png,0,-0.5233798417293755,,0.0008445978164672,0.41446957887221525,chromosome
0,0.0009334087371826,179083,179083.12~A39.K_20,20,,normal,179083.12~A39.K_20L.png,179083.12~A39.K_20R.png,train,/data5/chensx/MyProject/UAE/data/arrangement_merged/chr_20/179083.12~A39.K_20L.png,/data5/chensx/MyProject/UAE/data/arrangement_merged/chr_20/179083.12~A39.K_20R.png,0,-0.3898298610820587,,0.0009334087371826,0.9480418538625512,chromosome
0,0.0005674362182617,179083,179083.12~A47.K_20,20,,normal,179083.12~A47.K_20L.png,179083.12~A47.K_20R.png,train,/data5/chensx/MyProject/UAE/data/arrangement_merged/chr_20/179083.12~A47.K_20L.png,/data5/chensx/MyProject/UAE/data/arrangement_merged/chr_20/179083.12~A47.K_20R.png,0,-0.9401633383803976,,0.0005674362182617,-1.250705641733538,chromosome
0,0.0008901357650756,179083,179083.12~A9.K_20,20,,normal,179083.12~A9.K_20L.png,179083.12~A9.K_20R.png,train,/data5/chensx/MyProject/UAE/data/arrangement_merged/chr_20/179083.12~A9.K_20L.png,/data5/chensx/MyProject/UAE/data/arrangement_merged/chr_20/179083.12~A9.K_20R.png,0,-0.454901865075315,,0.0008901357650756,0.688059658128805,chromosome
0,0.0008914470672607,179083,179083.13~A11.K_20,20,,normal,179083.13~A11.K_20L.png,179083.13~A11.K_20R.png,train,/data5/chensx/MyProject/UAE/data/arrangement_merged/chr_20/179083.13~A11.K_20L.png,/data5/chensx/MyProject/UAE/data/arrangement_merged/chr_20/179083.13~A11.K_20R.png,0,-0.4529299861664285,,0.0008914470672607,0.6959379064846098,chromosome
0,0.0010561943054199,179083,179083.13~A13.K_20,20,,normal,179083.13~A13.K_20L.png,179083.13~A13.K_20R.png,train,/data5/chensx/MyProject/UAE/data/arrangement_merged/chr_20/179083.13~A13.K_20L.png,/data5/chensx/MyProject/UAE/data/arrangement_merged/chr_20/179083.13~A13.K_20R.png,0,-0.2051902905226812,,0.0010561943054199,1.6857323817009475,chromosome
0,0.0005562305450439,179083,179083.13~A14.K_20,20,,normal,179083.13~A14.K_20L.png,179083.13~A14.K_20R.png,train,/data5/chensx/MyProject/UAE/data/arrangement_merged/chr_20/179083.13~A14.K_20L.png,/data5/chensx/MyProject/UAE/data/arrangement_merged/chr_20/179083.13~A14.K_20R.png,0,-0.957013939965428,,0.0005562305450439,-1.3180288549539032,chromosome
0,0.0009945631027221,179083,179083.13~A2.K_20,20,,normal,179083.13~A2.K_20L.png,179083.13~A2.K_20R.png,train,/data5/chensx/MyProject/UAE/data/arrangement_merged/chr_20/179083.13~A2.K_20L.png,/data5/chensx/MyProject/UAE/data/arrangement_merged/chr_20/179083.13~A2.K_20R.png,0,-0.2978685992403493,,0.0009945631027221,1.3154547089895399,chromosome
0,0.0007362365722656,179083,179083.13~A22.K_20,20,,normal,179083.13~A22.K_20L.png,179083.13~A22.K_20R.png,train,/data5/chensx/MyProject/UAE/data/arrangement_merged/chr_20/179083.13~A22.K_20L.png,/data5/chensx/MyProject/UAE/data/arrangement_merged/chr_20/179083.13~A22.K_20R.png,0,-0.6863287442910009,,0.0007362365722656,-0.23656021705473232,chromosome
0,0.0007503032684326,179083,179083.13~A26.K_20,20,,normal,179083.13~A26.K_20L.png,179083.13~A26.K_20R.png,train,/data5/chensx/MyProject/UAE/data/arrangement_merged/chr_20/179083.13~A26.K_20L.png,/data5/chensx/MyProject/UAE/data/arrangement_merged/chr_20/179083.13~A26.K_20R.png,0,-0.6651758614502178,,0.0007503032684326,-0.15204809833144844,chromosome
0,0.0012227296829223,179083,179083.13~A34.K_20,20,,normal,179083.13~A34.K_20L.png,179083.13~A34.K_20R.png,train,/data5/chensx/MyProject/UAE/data/arrangement_merged/chr_20/179083.13~A34.K_20L.png,/data5/chensx/MyProject/UAE/data/arrangement_merged/chr_20/179083.13~A34.K_20R.png,0,0.0452383309059113,,0.0012227296829223,2.686269922856309,chromosome
0,0.0006194710731506,179083,179083.13~A39.K_20,20,,normal,179083.13~A39.K_20L.png,179083.13~A39.K_20R.png,train,/data5/chensx/MyProject/UAE/data/arrangement_merged/chr_20/179083.13~A39.K_20L.png,/data5/chensx/MyProject/UAE/data/arrangement_merged/chr_20/179083.13~A39.K_20R.png,0,-0.8619155980413992,,0.0006194710731506,-0.9380824228972536,chromosome
0,0.0006801486015319,179083,179083.14~A14.K_20,20,,normal,179083.14~A14.K_20L.png,179083.14~A14.K_20R.png,train,/data5/chensx/MyProject/UAE/data/arrangement_merged/chr_20/179083.14~A14.K_20L.png,/data5/chensx/MyProject/UAE/data/arrangement_merged/chr_20/179083.14~A14.K_20R.png,0,-0.7706713830756485,,0.0006801486015319,-0.5735343853540853,chromosome
0,0.0005577206611633,179083,179083.14~A18.K_20,20,,normal,179083.14~A18.K_20L.png,179083.14~A18.K_20R.png,train,/data5/chensx/MyProject/UAE/data/arrangement_merged/chr_20/179083.14~A18.K_20L.png,/data5/chensx/MyProject/UAE/data/arrangement_merged/chr_20/179083.14~A18.K_20R.png,0,-0.9547731684780568,,0.0005577206611633,-1.309076300004316,chromosome
0,0.0006084442138671,179083,179083.14~A2.K_20,20,,normal,179083.14~A2.K_20L.png,179083.14~A2.K_20R.png,train,/data5/chensx/MyProject/UAE/data/arrangement_merged/chr_20/179083.14~A2.K_20L.png,/data5/chensx/MyProject/UAE/data/arrangement_merged/chr_20/179083.14~A2.K_20R.png,0,-0.8784973070479452,,0.0006084442138671,-1.0043313295238365,chromosome
0,0.0009836554527282,179083,179083.14~A27.K_20,20,,normal,179083.14~A27.K_20L.png,179083.14~A27.K_20R.png,train,/data5/chensx/MyProject/UAE/data/arrangement_merged/chr_20/179083.14~A27.K_20L.png,/data5/chensx/MyProject/UAE/data/arrangement_merged/chr_20/179083.14~A27.K_20R.png,0,-0.3142710465279057,,0.0009836554527282,1.2499220067592112,chromosome
0,0.0007770061492919,179083,179083.14~A28.K_20,20,,normal,179083.14~A28.K_20L.png,179083.14~A28.K_20R.png,train,/data5/chensx/MyProject/UAE/data/arrangement_merged/chr_20/179083.14~A28.K_20L.png,/data5/chensx/MyProject/UAE/data/arrangement_merged/chr_20/179083.14~A28.K_20R.png,0,-0.625021236396528,,0.0007770061492919,0.008381686363059727,chromosome
0,0.0009039044380187,179083,179083.14~A39.K_20,20,,normal,179083.14~A39.K_20L.png,179083.14~A39.K_20R.png,train,/data5/chensx/MyProject/UAE/data/arrangement_merged/chr_20/179083.14~A39.K_20L.png,/data5/chensx/MyProject/UAE/data/arrangement_merged/chr_20/179083.14~A39.K_20R.png,0,-0.4341971365320062,,0.0009039044380187,0.7707812658620511,chromosome
0,0.0007293224334716,179083,179083.14~A44.K_20,20,,normal,179083.14~A44.K_20L.png,179083.14~A44.K_20R.png,train,/data5/chensx/MyProject/UAE/data/arrangement_merged/chr_20/179083.14~A44.K_20L.png,/data5/chensx/MyProject/UAE/data/arrangement_merged/chr_20/179083.14~A44.K_20R.png,0,-0.6967259239924026,,0.0007293224334716,-0.27810007202071946,chromosome
0,0.0008633732795715,179083,179083.14~A7.K_20,20,,normal,179083.14~A7.K_20L.png,179083.14~A7.K_20R.png,train,/data5/chensx/MyProject/UAE/data/arrangement_merged/chr_20/179083.14~A7.K_20L.png,/data5/chensx/MyProject/UAE/data/arrangement_merged/chr_20/179083.14~A7.K_20R.png,0,-0.4951461209884998,,0.0008633732795715,0.5272717712361698,chromosome
0,0.0005907416343688,179083,179083.1~A24.K_20,20,,normal,179083.1~A24.K_20L.png,179083.1~A24.K_20R.png,train,/data5/chensx/MyProject/UAE/data/arrangement_merged/chr_20/179083.1~A24.K_20L.png,/data5/chensx/MyProject/UAE/data/arrangement_merged/chr_20/179083.1~A24.K_20R.png,0,-0.9051176723179136,,0.0005907416343688,-1.1106876823238965,chromosome
0,0.000641644001007,179083,179083.2~A1.K_20,20,,normal,179083.2~A1.K_20L.png,179083.2~A1.K_20R.png,train,/data5/chensx/MyProject/UAE/data/arrangement_merged/chr_20/179083.2~A1.K_20L.png,/data5/chensx/MyProject/UAE/data/arrangement_merged/chr_20/179083.2~A1.K_20R.png,0,-0.8285729183093173,,0.000641644001007,-0.8048684052490338,chromosome
0,0.0005887746810913,179083,179083.2~A12.K_20,20,,normal,179083.2~A12.K_20L.png,179083.2~A12.K_20R.png,train,/data5/chensx/MyProject/UAE/data/arrangement_merged/chr_20/179083.2~A12.K_20L.png,/data5/chensx/MyProject/UAE/data/arrangement_merged/chr_20/179083.2~A12.K_20R.png,0,-0.9080754906812436,,0.0005887746810913,-1.1225050548567022,chromosome
0,0.0008226037025451,179083,179083.2~A14.K_20,20,,normal,179083.2~A14.K_20L.png,179083.2~A14.K_20R.png,train,/data5/chensx/MyProject/UAE/data/arrangement_merged/chr_20/179083.2~A14.K_20L.png,/data5/chensx/MyProject/UAE/data/arrangement_merged/chr_20/179083.2~A14.K_20R.png,0,-0.5564536288829727,,0.0008226037025451,0.2823298678177772,chromosome
0,0.0010018348693847,179083,179083.2~A18.K_20,20,,normal,179083.2~A18.K_20L.png,179083.2~A18.K_20R.png,train,/data5/chensx/MyProject/UAE/data/arrangement_merged/chr_20/179083.2~A18.K_20L.png,/data5/chensx/MyProject/UAE/data/arrangement_merged/chr_20/179083.2~A18.K_20R.png,0,-0.2869336343819784,,0.0010018348693847,1.3591431771430906,chromosome
0,0.0008919835090637,179083,179083.2~A20.K_20,20,,normal,179083.2~A20.K_20L.png,179083.2~A20.K_20R.png,train,/data5/chensx/MyProject/UAE/data/arrangement_merged/chr_20/179083.2~A20.K_20L.png,/data5/chensx/MyProject/UAE/data/arrangement_merged/chr_20/179083.2~A20.K_20R.png,0,-0.4521233084309749,,0.0008919835090637,0.6991608262665572,chromosome
0,0.0006908178329467,179083,179083.2~A26.K_20,20,,normal,179083.2~A26.K_20L.png,179083.2~A26.K_20R.png,train,/data5/chensx/MyProject/UAE/data/arrangement_merged/chr_20/179083.2~A26.K_20L.png,/data5/chensx/MyProject/UAE/data/arrangement_merged/chr_20/179083.2~A26.K_20R.png,0,-0.7546274592260716,,0.0006908178329467,-0.5094340919156674,chromosome
0,0.0006988048553466,179083,179083.2~A3.K_20,20,,normal,179083.2~A3.K_20L.png,179083.2~A3.K_20R.png,train,/data5/chensx/MyProject/UAE/data/arrangement_merged/chr_20/179083.2~A3.K_20L.png,/data5/chensx/MyProject/UAE/data/arrangement_merged/chr_20/179083.2~A3.K_20R.png,0,-0.7426169240537626,,0.0006988048553466,-0.4614483973863861,chromosome
0,0.0007179379463195,179083,179083.2~A31.K_20,20,,normal,179083.2~A31.K_20L.png,179083.2~A31.K_20R.png,train,/data5/chensx/MyProject/UAE/data/arrangement_merged/chr_20/179083.2~A31.K_20L.png,/data5/chensx/MyProject/UAE/data/arrangement_merged/chr_20/179083.2~A31.K_20R.png,0,-0.7138454181559177,,0.0007179379463195,-0.3464975918348672,chromosome
0,0.0006755590438842,179083,179083.2~A35.K_20,20,,normal,179083.2~A35.K_20L.png,179083.2~A35.K_20R.png,train,/data5/chensx/MyProject/UAE/data/arrangement_merged/chr_20/179083.2~A35.K_20L.png,/data5/chensx/MyProject/UAE/data/arrangement_merged/chr_20/179083.2~A35.K_20R.png,0,-0.7775729592567514,,0.0006755590438842,-0.6011082545985006,chromosome
0,0.0008191466331481,179083,179083.2~A38.K_20,20,,normal,179083.2~A38.K_20L.png,179083.2~A38.K_20R.png,train,/data5/chensx/MyProject/UAE/data/arrangement_merged/chr_20/179083.2~A38.K_20L.png,/data5/chensx/MyProject/UAE/data/arrangement_merged/chr_20/179083.2~A38.K_20R.png,0,-0.5616522187336737,,0.0008191466331481,0.26155994033478364,chromosome
0,0.0008038282394409,179083,179083.3~A1.K_20,20,,normal,179083.3~A1.K_20L.png,179083.3~A1.K_20R.png,train,/data5/chensx/MyProject/UAE/data/arrangement_merged/chr_20/179083.3~A1.K_20L.png,/data5/chensx/MyProject/UAE/data/arrangement_merged/chr_20/179083.3~A1.K_20R.png,0,-0.5846873496238484,,0.0008038282394409,0.1695276754544232,chromosome
0,0.0007784962654113,179083,179083.3~A24.K_20,20,,normal,179083.3~A24.K_20L.png,179083.3~A24.K_20R.png,train,/data5/chensx/MyProject/UAE/data/arrangement_merged/chr_20/179083.3~A24.K_20L.png,/data5/chensx/MyProject/UAE/data/arrangement_merged/chr_20/179083.3~A24.K_20R.png,0,-0.6227804649091568,,0.0007784962654113,0.01733424131264636,chromosome
0,0.0010021924972534,179083,179083.3~A27.K_20,20,,normal,179083.3~A27.K_20L.png,179083.3~A27.K_20R.png,train,/data5/chensx/MyProject/UAE/data/arrangement_merged/chr_20/179083.3~A27.K_20L.png,/data5/chensx/MyProject/UAE/data/arrangement_merged/chr_20/179083.3~A27.K_20R.png,0,-0.2863958492250094,,0.0010021924972534,1.3612917903312562,chromosome
0,0.0005916357040405,179083,179083.4~A34.K_20,20,,normal,179083.4~A34.K_20L.png,179083.4~A34.K_20R.png,train,/data5/chensx/MyProject/UAE/data/arrangement_merged/chr_20/179083.4~A34.K_20L.png,/data5/chensx/MyProject/UAE/data/arrangement_merged/chr_20/179083.4~A34.K_20R.png,0,-0.903773209425491,,0.0005916357040405,-1.1053161493537835,chromosome
0,0.0009528398513793,180371,180371.11~A18.K_20,20,,normal,180371.11~A18.K_20L.png,180371.11~A18.K_20R.png,train,/data5/chensx/MyProject/UAE/data/arrangement_merged/chr_20/180371.11~A18.K_20L.png,/data5/chensx/MyProject/UAE/data/arrangement_merged/chr_20/180371.11~A18.K_20R.png,0,-0.4202243582845963,,0.0009528398513793,1.0647831704035073,chromosome
0,0.0007970929145812,180371,180371.11~A42.K_20,20,,normal,180371.11~A42.K_20L.png,180371.11~A42.K_20R.png,train,/data5/chensx/MyProject/UAE/data/arrangement_merged/chr_20/180371.11~A42.K_20L.png,/data5/chensx/MyProject/UAE/data/arrangement_merged/chr_20/180371.11~A42.K_20R.png,0,-0.6436410539742896,,0.0007970929145812,0.12906212708221787,chromosome
0,0.0007637739181518,180371,180371.11~A50.K_20,20,,normal,180371.11~A50.K_20L.png,180371.11~A50.K_20R.png,train,/data5/chensx/MyProject/UAE/data/arrangement_merged/chr_20/180371.11~A50.K_20L.png,/data5/chensx/MyProject/UAE/data/arrangement_merged/chr_20/180371.11~A50.K_20R.png,0,-0.691436665489995,,0.0007637739181518,-0.07111700158823961,chromosome
0,0.000816524028778,180371,180371.13~A44.K_20,20,,normal,180371.13~A44.K_20L.png,180371.13~A44.K_20R.png,train,/data5/chensx/MyProject/UAE/data/arrangement_merged/chr_20/180371.13~A44.K_20L.png,/data5/chensx/MyProject/UAE/data/arrangement_merged/chr_20/180371.13~A44.K_20R.png,0,-0.615767405755828,,0.000816524028778,0.24580344362377457,chromosome
0,0.0009975433349609,180371,180371.14~A1.K_20,20,,normal,180371.14~A1.K_20L.png,180371.14~A1.K_20R.png,train,/data5/chensx/MyProject/UAE/data/arrangement_merged/chr_20/180371.14~A1.K_20L.png,/data5/chensx/MyProject/UAE/data/arrangement_merged/chr_20/180371.14~A1.K_20R.png,0,-0.3560978669844547,,0.0009975433349609,1.3333598188887132,chromosome
0,0.0006392002105712,180371,180371.1~A15.K_20,20,,normal,180371.1~A15.K_20L.png,180371.1~A15.K_20R.png,train,/data5/chensx/MyProject/UAE/data/arrangement_merged/chr_20/180371.1~A15.K_20L.png,/data5/chensx/MyProject/UAE/data/arrangement_merged/chr_20/180371.1~A15.K_20R.png,0,-0.8701358212463897,,0.0006392002105712,-0.8195505953662597,chromosome
0,0.0008109807968139,180371,180371.1~A25.K_20,20,,normal,180371.1~A25.K_20L.png,180371.1~A25.K_20R.png,train,/data5/chensx/MyProject/UAE/data/arrangement_merged/chr_20/180371.1~A25.K_20L.png,/data5/chensx/MyProject/UAE/data/arrangement_merged/chr_20/180371.1~A25.K_20R.png,0,-0.6237190906770456,,0.0008109807968139,0.21249993921171992,chromosome
0,0.0006327033042907,180371,180371.1~A33.K_20,20,,normal,180371.1~A33.K_20L.png,180371.1~A33.K_20R.png,train,/data5/chensx/MyProject/UAE/data/arrangement_merged/chr_20/180371.1~A33.K_20L.png,/data5/chensx/MyProject/UAE/data/arrangement_merged/chr_20/180371.1~A33.K_20R.png,0,-0.8794555379820101,,0.0006327033042907,-0.8585837349459543,chromosome
0,0.000659704208374,180371,180371.1~A35.K_20,20,,normal,180371.1~A35.K_20L.png,180371.1~A35.K_20R.png,train,/data5/chensx/MyProject/UAE/data/arrangement_merged/chr_20/180371.1~A35.K_20L.png,/data5/chensx/MyProject/UAE/data/arrangement_merged/chr_20/180371.1~A35.K_20R.png,0,-0.8407231372367246,,0.000659704208374,-0.6963634392608083,chromosome
0,0.0005662441253662,180371,180371.2~A15.K_20,20,,normal,180371.2~A15.K_20L.png,180371.2~A15.K_20R.png,train,/data5/chensx/MyProject/UAE/data/arrangement_merged/chr_20/180371.2~A15.K_20L.png,/data5/chensx/MyProject/UAE/data/arrangement_merged/chr_20/180371.2~A15.K_20R.png,0,-0.9747902550482208,,0.0005662441253662,-1.2578676856930875,chromosome
0,0.000686228275299,180371,180371.2~A16.K_20,20,,normal,180371.2~A16.K_20L.png,180371.2~A16.K_20R.png,train,/data5/chensx/MyProject/UAE/data/arrangement_merged/chr_20/180371.2~A16.K_20L.png,/data5/chensx/MyProject/UAE/data/arrangement_merged/chr_20/180371.2~A16.K_20R.png,0,-0.8026747523986407,,0.000686228275299,-0.5370079611600833,chromosome
0,0.0009102821350097,180371,180371.2~A21.K_20,20,,normal,180371.2~A21.K_20L.png,180371.2~A21.K_20R.png,train,/data5/chensx/MyProject/UAE/data/arrangement_merged/chr_20/180371.2~A21.K_20L.png,/data5/chensx/MyProject/UAE/data/arrangement_merged/chr_20/180371.2~A21.K_20R.png,0,-0.4812727780023311,,0.0009102821350097,0.8090982010460915,chromosome
0,0.0005804300308227,180371,180371.2~A41.K_20,20,,normal,180371.2~A41.K_20L.png,180371.2~A41.K_20R.png,train,/data5/chensx/MyProject/UAE/data/arrangement_merged/chr_20/180371.2~A41.K_20L.png,/data5/chensx/MyProject/UAE/data/arrangement_merged/chr_20/180371.2~A41.K_20R.png,0,-0.9544407818089756,,0.0005804300308227,-1.172639362574149,chromosome
0,0.0006033778190612,180371,180371.2~A49.K_20,20,,normal,180371.2~A49.K_20L.png,180371.2~A49.K_20R.png,train,/data5/chensx/MyProject/UAE/data/arrangement_merged/chr_20/180371.2~A49.K_20L.png,/data5/chensx/MyProject/UAE/data/arrangement_merged/chr_20/180371.2~A49.K_20R.png,0,-0.9215225162749032,,0.0006033778190612,-1.0347700163520714,chromosome
0,0.0006098747253417,180371,180371.3~A2.K_20,20,,normal,180371.3~A2.K_20L.png,180371.3~A2.K_20R.png,train,/data5/chensx/MyProject/UAE/data/arrangement_merged/chr_20/180371.3~A2.K_20L.png,/data5/chensx/MyProject/UAE/data/arrangement_merged/chr_20/180371.3~A2.K_20R.png,0,-0.9122027995392824,,0.0006098747253417,-0.9957368767723775,chromosome
0,0.0007156729698181,180371,180371.3~A25.K_20,20,,normal,180371.3~A25.K_20L.png,180371.3~A25.K_20R.png,train,/data5/chensx/MyProject/UAE/data/arrangement_merged/chr_20/180371.3~A25.K_20L.png,/data5/chensx/MyProject/UAE/data/arrangement_merged/chr_20/180371.3~A25.K_20R.png,0,-0.7604367701289474,,0.0007156729698181,-0.36010547535771076,chromosome
0,0.0012012124061584,180371,180371.3~A45.K_20,20,,normal,180371.3~A45.K_20L.png,180371.3~A45.K_20R.png,train,/data5/chensx/MyProject/UAE/data/arrangement_merged/chr_20/180371.3~A45.K_20L.png,/data5/chensx/MyProject/UAE/data/arrangement_merged/chr_20/180371.3~A45.K_20R.png,0,-0.0639375726210096,,0.0012012124061584,2.5569950293856913,chromosome
0,0.0005033016204833,180371,180371.3~A9.K_20,20,,normal,180371.3~A9.K_20L.png,180371.3~A9.K_20R.png,train,/data5/chensx/MyProject/UAE/data/arrangement_merged/chr_20/180371.3~A9.K_20L.png,/data5/chensx/MyProject/UAE/data/arrangement_merged/chr_20/180371.3~A9.K_20R.png,0,-1.06508035479882,,0.0005033016204833,-1.6360236067603005,chromosome
0,0.0008543729782104,180371,180371.4~A19.K_20,20,,normal,180371.4~A19.K_20L.png,180371.4~A19.K_20R.png,train,/data5/chensx/MyProject/UAE/data/arrangement_merged/chr_20/180371.4~A19.K_20L.png,/data5/chensx/MyProject/UAE/data/arrangement_merged/chr_20/180371.4~A19.K_20R.png,0,-0.5614736431217081,,0.0008543729782104,0.47319833934112093,chromosome
0,0.0010100603103637,180371,180371.4~A20.K_20,20,,normal,180371.4~A20.K_20L.png,180371.4~A20.K_20R.png,train,/data5/chensx/MyProject/UAE/data/arrangement_merged/chr_20/180371.4~A20.K_20L.png,/data5/chensx/MyProject/UAE/data/arrangement_merged/chr_20/180371.4~A20.K_20R.png,0,-0.3381424494204151,,0.0010100603103637,1.4085612804642822,chromosome
0,0.0006470680236816,180371,180371.4~A23.K_20,20,,normal,180371.4~A23.K_20L.png,180371.4~A23.K_20R.png,train,/data5/chensx/MyProject/UAE/data/arrangement_merged/chr_20/180371.4~A23.K_20L.png,/data5/chensx/MyProject/UAE/data/arrangement_merged/chr_20/180371.4~A23.K_20R.png,0,-0.8588495587775647,,0.0006470680236816,-0.7722811052326333,chromosome
0,0.0007678270339965,180371,180371.4~A27.K_20,20,,normal,180371.4~A27.K_20L.png,180371.4~A27.K_20R.png,train,/data5/chensx/MyProject/UAE/data/arrangement_merged/chr_20/180371.4~A27.K_20L.png,/data5/chensx/MyProject/UAE/data/arrangement_merged/chr_20/180371.4~A27.K_20R.png,0,-0.6856225302787823,,0.0007678270339965,-0.046766052125771604,chromosome
0,0.0007854104042053,180371,180371.4~A35.K_20,20,,normal,180371.4~A35.K_20L.png,180371.4~A35.K_20R.png,train,/data5/chensx/MyProject/UAE/data/arrangement_merged/chr_20/180371.4~A35.K_20L.png,/data5/chensx/MyProject/UAE/data/arrangement_merged/chr_20/180371.4~A35.K_20R.png,0,-0.6603994437007266,,0.0007854104042053,0.05887409627863415,chromosome
0,0.0005943775177001,180371,180371.4~A39.K_20,20,,normal,180371.4~A39.K_20L.png,180371.4~A39.K_20R.png,train,/data5/chensx/MyProject/UAE/data/arrangement_merged/chr_20/180371.4~A39.K_20L.png,/data5/chensx/MyProject/UAE/data/arrangement_merged/chr_20/180371.4~A39.K_20R.png,0,-0.9344333165233316,,0.0005943775177001,-1.0888434482471203,chromosome
0,0.000536561012268,180371,180371.4~A44.K_20,20,,normal,180371.4~A44.K_20L.png,180371.4~A44.K_20R.png,train,/data5/chensx/MyProject/UAE/data/arrangement_merged/chr_20/180371.4~A44.K_20L.png,/data5/chensx/MyProject/UAE/data/arrangement_merged/chr_20/180371.4~A44.K_20R.png,0,-1.0173702452715148,,0.000536561012268,-1.4362025802873695,chromosome
0,0.0006744861602783,182418,182418.13~A1.K_20,20,,normal,182418.13~A1.K_20L.png,182418.13~A1.K_20R.png,train,/data5/chensx/MyProject/UAE/data/arrangement_merged/chr_20/182418.13~A1.K_20L.png,/data5/chensx/MyProject/UAE/data/arrangement_merged/chr_20/182418.13~A1.K_20R.png,0,-0.8831797350580983,,0.0006744861602783,-0.6075540941617947,chromosome
0,0.0010478496551513,182418,182418.13~A27.K_20,20,,normal,182418.13~A27.K_20L.png,182418.13~A27.K_20R.png,train,/data5/chensx/MyProject/UAE/data/arrangement_merged/chr_20/182418.13~A27.K_20L.png,/data5/chensx/MyProject/UAE/data/arrangement_merged/chr_20/182418.13~A27.K_20R.png,0,-0.3767063226708882,,0.0010478496551513,1.6355980739835008,chromosome
0,0.0011619329452514,182418,182418.13~A6.K_20,20,,normal,182418.13~A6.K_20L.png,182418.13~A6.K_20R.png,train,/data5/chensx/MyProject/UAE/data/arrangement_merged/chr_20/182418.13~A6.K_20L.png,/data5/chensx/MyProject/UAE/data/arrangement_merged/chr_20/182418.13~A6.K_20R.png,0,-0.2219505577747962,,0.0011619329452514,2.321005680916886,chromosome
0,0.0007020831108093,182418,182418.14~A44.K_20,20,,normal,182418.14~A44.K_20L.png,182418.14~A44.K_20R.png,train,/data5/chensx/MyProject/UAE/data/arrangement_merged/chr_20/182418.14~A44.K_20L.png,/data5/chensx/MyProject/UAE/data/arrangement_merged/chr_20/182418.14~A44.K_20R.png,0,-0.8457440406239862,,0.0007020831108093,-0.4417527764971743,chromosome
0,0.0008618831634521,182418,182418.1~A24.K_20,20,,normal,182418.1~A24.K_20L.png,182418.1~A24.K_20R.png,train,/data5/chensx/MyProject/UAE/data/arrangement_merged/chr_20/182418.1~A24.K_20L.png,/data5/chensx/MyProject/UAE/data/arrangement_merged/chr_20/182418.1~A24.K_20R.png,0,-0.6289727732852074,,0.0008618831634521,0.5183192162865825,chromosome
0,0.0007559061050415,182418,182418.2~A16.K_20,20,,normal,182418.2~A16.K_20L.png,182418.2~A16.K_20R.png,train,/data5/chensx/MyProject/UAE/data/arrangement_merged/chr_20/182418.2~A16.K_20L.png,/data5/chensx/MyProject/UAE/data/arrangement_merged/chr_20/182418.2~A16.K_20R.png,0,-0.7727323082827265,,0.0007559061050415,-0.11838649172126547,chromosome
0,0.0006568431854248,182418,182418.2~A2.K_20,20,,normal,182418.2~A2.K_20L.png,182418.2~A2.K_20R.png,train,/data5/chensx/MyProject/UAE/data/arrangement_merged/chr_20/182418.2~A2.K_20L.png,/data5/chensx/MyProject/UAE/data/arrangement_merged/chr_20/182418.2~A2.K_20R.png,0,-0.9071127060138158,,0.0006568431854248,-0.7135523447637269,chromosome
0,0.0009986758232116,182418,182418.2~A3.K_20,20,,normal,182418.2~A3.K_20L.png,182418.2~A3.K_20R.png,train,/data5/chensx/MyProject/UAE/data/arrangement_merged/chr_20/182418.2~A3.K_20L.png,/data5/chensx/MyProject/UAE/data/arrangement_merged/chr_20/182418.2~A3.K_20R.png,0,-0.4434113937467899,,0.0009986758232116,1.3401637606501355,chromosome
0,0.0009444952011108,182418,182418.2~A33.K_20,20,,normal,182418.2~A33.K_20L.png,182418.2~A33.K_20R.png,train,/data5/chensx/MyProject/UAE/data/arrangement_merged/chr_20/182418.2~A33.K_20L.png,/data5/chensx/MyProject/UAE/data/arrangement_merged/chr_20/182418.2~A33.K_20R.png,0,-0.5169082538776926,,0.0009444952011108,1.0146488626866619,chromosome
0,0.0007836818695068,182418,182418.2~A38.K_20,20,,normal,182418.2~A38.K_20L.png,182418.2~A38.K_20R.png,train,/data5/chensx/MyProject/UAE/data/arrangement_merged/chr_20/182418.2~A38.K_20L.png,/data5/chensx/MyProject/UAE/data/arrangement_merged/chr_20/182418.2~A38.K_20R.png,0,-0.7350540499537929,,0.0007836818695068,0.04848913253713737,chromosome
0,0.0010309815406799,182418,182418.3~A15.K_20,20,,normal,182418.3~A15.K_20L.png,182418.3~A15.K_20R.png,train,/data5/chensx/MyProject/UAE/data/arrangement_merged/chr_20/182418.3~A15.K_20L.png,/data5/chensx/MyProject/UAE/data/arrangement_merged/chr_20/182418.3~A15.K_20R.png,0,-0.3995881834157126,,0.0010309815406799,1.534255151955426,chromosome
0,0.0010201334953308,182418,182418.3~A25.K_20,20,,normal,182418.3~A25.K_20L.png,182418.3~A25.K_20R.png,train,/data5/chensx/MyProject/UAE/data/arrangement_merged/chr_20/182418.3~A25.K_20L.png,/data5/chensx/MyProject/UAE/data/arrangement_merged/chr_20/182418.3~A25.K_20R.png,0,-0.4143037263682146,,0.0010201334953308,1.4690805519232255,chromosome
0,0.0006303787231445,182418,182418.3~A49.K_20,20,,normal,182418.3~A49.K_20L.png,182418.3~A49.K_20R.png,train,/data5/chensx/MyProject/UAE/data/arrangement_merged/chr_20/182418.3~A49.K_20L.png,/data5/chensx/MyProject/UAE/data/arrangement_merged/chr_20/182418.3~A49.K_20R.png,0,-0.943012162447392,,0.0006303787231445,-0.8725497206669255,chromosome
0,0.0005998611450195,182418,182418.4~A15.K_20,20,,normal,182418.4~A15.K_20L.png,182418.4~A15.K_20R.png,train,/data5/chensx/MyProject/UAE/data/arrangement_merged/chr_20/182418.4~A15.K_20L.png,/data5/chensx/MyProject/UAE/data/arrangement_merged/chr_20/182418.4~A15.K_20R.png,0,-0.9844097338302544,,0.0005998611450195,-1.0558980460325922,chromosome
0,0.0008217692375183,182418,182418.4~A6.K_20,20,,normal,182418.4~A6.K_20L.png,182418.4~A6.K_20R.png,train,/data5/chensx/MyProject/UAE/data/arrangement_merged/chr_20/182418.4~A6.K_20L.png,/data5/chensx/MyProject/UAE/data/arrangement_merged/chr_20/182418.4~A6.K_20R.png,0,-0.6833879403568218,,0.0008217692375183,0.27731643704639325,chromosome
0,0.0008126497268676,182418,182418.5~A16.K_20,20,,normal,182418.5~A16.K_20L.png,182418.5~A16.K_20R.png,train,/data5/chensx/MyProject/UAE/data/arrangement_merged/chr_20/182418.5~A16.K_20L.png,/data5/chensx/MyProject/UAE/data/arrangement_merged/chr_20/182418.5~A16.K_20R.png,0,-0.6957586989927163,,0.0008126497268676,0.22252680075508902,chromosome
0,0.001025915145874,182418,182418.5~A17.K_20,20,,normal,182418.5~A17.K_20L.png,182418.5~A17.K_20R.png,train,/data5/chensx/MyProject/UAE/data/arrangement_merged/chr_20/182418.5~A17.K_20L.png,/data5/chensx/MyProject/UAE/data/arrangement_merged/chr_20/182418.5~A17.K_20R.png,0,-0.4064608271023207,,0.001025915145874,1.503816465127191,chromosome
0,0.000525951385498,182418,182418.5~A3.K_20,20,,normal,182418.5~A3.K_20L.png,182418.5~A3.K_20R.png,train,/data5/chensx/MyProject/UAE/data/arrangement_merged/chr_20/182418.5~A3.K_20L.png,/data5/chensx/MyProject/UAE/data/arrangement_merged/chr_20/182418.5~A3.K_20R.png,0,-1.084669477023125,,0.000525951385498,-1.4999447715276597,chromosome
0,0.0007442235946655,182418,182418.5~A30.K_20,20,,normal,182418.5~A30.K_20L.png,182418.5~A30.K_20R.png,train,/data5/chensx/MyProject/UAE/data/arrangement_merged/chr_20/182418.5~A30.K_20L.png,/data5/chensx/MyProject/UAE/data/arrangement_merged/chr_20/182418.5~A30.K_20R.png,0,-0.7885798160777286,,0.0007442235946655,-0.18857452252545043,chromosome
0,0.0007210373878479,182418,182418.5~A5.K_20,20,,normal,182418.5~A5.K_20L.png,182418.5~A5.K_20R.png,train,/data5/chensx/MyProject/UAE/data/arrangement_merged/chr_20/182418.5~A5.K_20L.png,/data5/chensx/MyProject/UAE/data/arrangement_merged/chr_20/182418.5~A5.K_20R.png,0,-0.8200322677729114,,0.0007210373878479,-0.32787627753943793,chromosome
0,0.0006933212280273,182747,182747.11~A42.K_20,20,,normal,182747.11~A42.K_20L.png,182747.11~A42.K_20R.png,train,/data5/chensx/MyProject/UAE/data/arrangement_merged/chr_20/182747.11~A42.K_20L.png,/data5/chensx/MyProject/UAE/data/arrangement_merged/chr_20/182747.11~A42.K_20R.png,0,-0.8207443712368181,,0.0006933212280273,-0.4943937996003137,chromosome
0,0.0011497139930725,182747,182747.12~A10.K_20,20,,normal,182747.12~A10.K_20L.png,182747.12~A10.K_20R.png,train,/data5/chensx/MyProject/UAE/data/arrangement_merged/chr_20/182747.12~A10.K_20L.png,/data5/chensx/MyProject/UAE/data/arrangement_merged/chr_20/182747.12~A10.K_20R.png,0,-0.2116405363254887,,0.0011497139930725,2.2475947303313544,chromosome
0,0.0008219480514526,182747,182747.12~A14.K_20,20,,normal,182747.12~A14.K_20L.png,182747.12~A14.K_20R.png,train,/data5/chensx/MyProject/UAE/data/arrangement_merged/chr_20/182747.12~A14.K_20L.png,/data5/chensx/MyProject/UAE/data/arrangement_merged/chr_20/182747.12~A14.K_20R.png,0,-0.6490784347422839,,0.0008219480514526,0.2783907436401751,chromosome
0,0.0004933476448059,182747,182747.12~A18.K_20,20,,normal,182747.12~A18.K_20L.png,182747.12~A18.K_20R.png,train,/data5/chensx/MyProject/UAE/data/arrangement_merged/chr_20/182747.12~A18.K_20L.png,/data5/chensx/MyProject/UAE/data/arrangement_merged/chr_20/182747.12~A18.K_20R.png,0,-1.0876300139333717,,0.0004933476448059,-1.6958266738223882,chromosome
0,0.0006675720214843,182747,182747.12~A26.K_20,20,,normal,182747.12~A26.K_20L.png,182747.12~A26.K_20R.png,train,/data5/chensx/MyProject/UAE/data/arrangement_merged/chr_20/182747.12~A26.K_20L.png,/data5/chensx/MyProject/UAE/data/arrangement_merged/chr_20/182747.12~A26.K_20R.png,0,-0.8551093779864191,,0.0006675720214843,-0.6490939491277825,chromosome
0,0.0006263852119445,182747,182747.12~A28.K_20,20,,normal,182747.12~A28.K_20L.png,182747.12~A28.K_20R.png,train,/data5/chensx/MyProject/UAE/data/arrangement_merged/chr_20/182747.12~A28.K_20L.png,/data5/chensx/MyProject/UAE/data/arrangement_merged/chr_20/182747.12~A28.K_20R.png,0,-0.9100774790604336,,0.0006263852119445,-0.896542567931867,chromosome
0,0.0006904006004333,182747,182747.12~A4.K_20,20,,normal,182747.12~A4.K_20L.png,182747.12~A4.K_20R.png,train,/data5/chensx/MyProject/UAE/data/arrangement_merged/chr_20/182747.12~A4.K_20L.png,/data5/chensx/MyProject/UAE/data/arrangement_merged/chr_20/182747.12~A4.K_20R.png,0,-0.8246422539468423,,0.0006904006004333,-0.5119408073013599,chromosome
0,0.0005509257316589,182747,182747.13~A33.K_20,20,,normal,182747.13~A33.K_20L.png,182747.13~A33.K_20R.png,train,/data5/chensx/MyProject/UAE/data/arrangement_merged/chr_20/182747.13~A33.K_20L.png,/data5/chensx/MyProject/UAE/data/arrangement_merged/chr_20/182747.13~A33.K_20R.png,0,-1.010786040507181,,0.0005509257316589,-1.3498999505740485,chromosome
0,0.0006957650184631,182747,182747.13~A45.K_20,20,,normal,182747.13~A45.K_20L.png,182747.13~A45.K_20R.png,train,/data5/chensx/MyProject/UAE/data/arrangement_merged/chr_20/182747.13~A45.K_20L.png,/data5/chensx/MyProject/UAE/data/arrangement_merged/chr_20/182747.13~A45.K_20R.png,0,-0.8174828775406754,,0.0006957650184631,-0.4797116094830871,chromosome
0,0.0009671449661254,182747,182747.13~A5.K_20,20,,normal,182747.13~A5.K_20L.png,182747.13~A5.K_20R.png,train,/data5/chensx/MyProject/UAE/data/arrangement_merged/chr_20/182747.13~A5.K_20L.png,/data5/chensx/MyProject/UAE/data/arrangement_merged/chr_20/182747.13~A5.K_20R.png,0,-0.4552979800153675,,0.0009671449661254,1.1507276979187013,chromosome
0,0.000595211982727,182747,182747.1~A15.K_20,20,,normal,182747.1~A15.K_20L.png,182747.1~A15.K_20R.png,train,/data5/chensx/MyProject/UAE/data/arrangement_merged/chr_20/182747.1~A15.K_20L.png,/data5/chensx/MyProject/UAE/data/arrangement_merged/chr_20/182747.1~A15.K_20R.png,0,-0.9516814108429364,,0.000595211982727,-1.0838300174751352,chromosome
0,0.0007016062736511,182747,182747.1~A42.K_20,20,,normal,182747.1~A42.K_20L.png,182747.1~A42.K_20R.png,train,/data5/chensx/MyProject/UAE/data/arrangement_merged/chr_20/182747.1~A42.K_20L.png,/data5/chensx/MyProject/UAE/data/arrangement_merged/chr_20/182747.1~A42.K_20R.png,0,-0.809687112120627,,0.0007016062736511,-0.4446175940809946,chromosome
0,0.0008330941200256,182747,182747.2~A13.K_20,20,,normal,182747.2~A13.K_20L.png,182747.2~A13.K_20R.png,train,/data5/chensx/MyProject/UAE/data/arrangement_merged/chr_20/182747.2~A13.K_20L.png,/data5/chensx/MyProject/UAE/data/arrangement_merged/chr_20/182747.2~A13.K_20R.png,0,-0.6342028415428038,,0.0008330941200256,0.3453558546624127,chromosome
0,0.0011729001998901,182747,182747.3~A20.K_20,20,,normal,182747.3~A20.K_20L.png,182747.3~A20.K_20R.png,train,/data5/chensx/MyProject/UAE/data/arrangement_merged/chr_20/182747.3~A20.K_20L.png,/data5/chensx/MyProject/UAE/data/arrangement_merged/chr_20/182747.3~A20.K_20R.png,0,-0.1806961205255009,,0.0011729001998901,2.386896485345342,chromosome
0,0.0008269548416137,182747,182747.3~A24.K_20,20,,normal,182747.3~A24.K_20L.png,182747.3~A24.K_20R.png,train,/data5/chensx/MyProject/UAE/data/arrangement_merged/chr_20/182747.3~A24.K_20L.png,/data5/chensx/MyProject/UAE/data/arrangement_merged/chr_20/182747.3~A24.K_20R.png,0,-0.6423963500965281,,0.0008269548416137,0.308471328270283,chromosome
0,0.0008589625358581,182747,182747.3~A35.K_20,20,,normal,182747.3~A35.K_20L.png,182747.3~A35.K_20R.png,train,/data5/chensx/MyProject/UAE/data/arrangement_merged/chr_20/182747.3~A35.K_20L.png,/data5/chensx/MyProject/UAE/data/arrangement_merged/chr_20/182747.3~A35.K_20R.png,0,-0.5996787375397326,,0.0008589625358581,0.5007722085855363,chromosome
0,0.0007907152175903,182747,182747.4~A1.K_20,20,,normal,182747.4~A1.K_20L.png,182747.4~A1.K_20R.png,train,/data5/chensx/MyProject/UAE/data/arrangement_merged/chr_20/182747.4~A1.K_20L.png,/data5/chensx/MyProject/UAE/data/arrangement_merged/chr_20/182747.4~A1.K_20R.png,0,-0.690761915151522,,0.0007907152175903,0.09074519189877929,chromosome
0,0.0007235407829284,182747,182747.4~A32.K_20,20,,normal,182747.4~A32.K_20L.png,182747.4~A32.K_20R.png,train,/data5/chensx/MyProject/UAE/data/arrangement_merged/chr_20/182747.4~A32.K_20L.png,/data5/chensx/MyProject/UAE/data/arrangement_merged/chr_20/182747.4~A32.K_20R.png,0,-0.7804132174820781,,0.0007235407829284,-0.31283598522468425,chromosome
0,0.0007750988006591,182747,182747.4~A33.K_20,20,,normal,182747.4~A33.K_20L.png,182747.4~A33.K_20R.png,train,/data5/chensx/MyProject/UAE/data/arrangement_merged/chr_20/182747.4~A33.K_20L.png,/data5/chensx/MyProject/UAE/data/arrangement_merged/chr_20/182747.4~A33.K_20R.png,0,-0.7116036553561411,,0.0007750988006591,-0.003077583972219527,chromosome
0,0.0006756782531738,182747,182747.4~A35.K_20,20,,normal,182747.4~A35.K_20L.png,182747.4~A35.K_20R.png,train,/data5/chensx/MyProject/UAE/data/arrangement_merged/chr_20/182747.4~A35.K_20L.png,/data5/chensx/MyProject/UAE/data/arrangement_merged/chr_20/182747.4~A35.K_20R.png,0,-0.8442907647504335,,0.0006756782531738,-0.6003920502022453,chromosome
0,0.0007718205451965,182747,182747.4~A41.K_20,20,,normal,182747.4~A41.K_20L.png,182747.4~A41.K_20R.png,train,/data5/chensx/MyProject/UAE/data/arrangement_merged/chr_20/182747.4~A41.K_20L.png,/data5/chensx/MyProject/UAE/data/arrangement_merged/chr_20/182747.4~A41.K_20R.png,0,-0.7159788298265763,,0.0007718205451965,-0.02277320486083005,chromosome
0,0.0010411739349365,182747,182747.4~A43.K_20,20,,normal,182747.4~A43.K_20L.png,182747.4~A43.K_20R.png,train,/data5/chensx/MyProject/UAE/data/arrangement_merged/chr_20/182747.4~A43.K_20L.png,/data5/chensx/MyProject/UAE/data/arrangement_merged/chr_20/182747.4~A43.K_20R.png,0,-0.3564985856102649,,0.0010411739349365,1.5954906278100243,chromosome
0,0.0005627274513244,182747,182747.4~A9.K_20,20,,normal,182747.4~A9.K_20L.png,182747.4~A9.K_20R.png,train,/data5/chensx/MyProject/UAE/data/arrangement_merged/chr_20/182747.4~A9.K_20L.png,/data5/chensx/MyProject/UAE/data/arrangement_merged/chr_20/182747.4~A9.K_20R.png,0,-0.9950354124136136,,0.0005627274513244,-1.2789957153742086,chromosome
0,0.0011905431747436,183038,183038.11~A13.K_20,20,,normal,183038.11~A13.K_20L.png,183038.11~A13.K_20R.png,train,/data5/chensx/MyProject/UAE/data/arrangement_merged/chr_20/183038.11~A13.K_20L.png,/data5/chensx/MyProject/UAE/data/arrangement_merged/chr_20/183038.11~A13.K_20R.png,0,-0.1775482062135449,,0.0011905431747436,2.492894735947274,chromosome
0,0.0009787082672119,183038,183038.11~A39.K_20,20,,normal,183038.11~A39.K_20L.png,183038.11~A39.K_20R.png,train,/data5/chensx/MyProject/UAE/data/arrangement_merged/chr_20/183038.11~A39.K_20L.png,/data5/chensx/MyProject/UAE/data/arrangement_merged/chr_20/183038.11~A39.K_20R.png,0,-0.4508001940534346,,0.0009787082672119,1.2201995243272314,chromosome
0,0.0007999539375305,183038,183038.12~A11.K_20,20,,normal,183038.12~A11.K_20L.png,183038.12~A11.K_20R.png,train,/data5/chensx/MyProject/UAE/data/arrangement_merged/chr_20/183038.12~A11.K_20L.png,/data5/chensx/MyProject/UAE/data/arrangement_merged/chr_20/183038.12~A11.K_20R.png,0,-0.68138058559306,,0.0007999539375305,0.14625103258573766,chromosome
0,0.000683307647705,183038,183038.12~A45.K_20,20,,normal,183038.12~A45.K_20L.png,183038.12~A45.K_20R.png,train,/data5/chensx/MyProject/UAE/data/arrangement_merged/chr_20/183038.12~A45.K_20L.png,/data5/chensx/MyProject/UAE/data/arrangement_merged/chr_20/183038.12~A45.K_20R.png,0,-0.8318460161509283,,0.000683307647705,-0.5545549688611295,chromosome
0,0.0008471012115478,183038,183038.13~A11.K_20,20,,normal,183038.13~A11.K_20L.png,183038.13~A11.K_20R.png,train,/data5/chensx/MyProject/UAE/data/arrangement_merged/chr_20/183038.13~A11.K_20L.png,/data5/chensx/MyProject/UAE/data/arrangement_merged/chr_20/183038.13~A11.K_20R.png,0,-0.6205639501452962,,0.0008471012115478,0.42950987118756884,chromosome
0,0.00067800283432,183038,183038.13~A29.K_20,20,,normal,183038.13~A29.K_20L.png,183038.13~A29.K_20R.png,train,/data5/chensx/MyProject/UAE/data/arrangement_merged/chr_20/183038.13~A29.K_20L.png,/data5/chensx/MyProject/UAE/data/arrangement_merged/chr_20/183038.13~A29.K_20R.png,0,-0.8386888487107905,,0.00067800283432,-0.5864260644812747,chromosome
0,0.000969648361206,183038,183038.13~A39.K_20,20,,normal,183038.13~A39.K_20L.png,183038.13~A39.K_20R.png,train,/data5/chensx/MyProject/UAE/data/arrangement_merged/chr_20/183038.13~A39.K_20L.png,/data5/chensx/MyProject/UAE/data/arrangement_merged/chr_20/183038.13~A39.K_20R.png,0,-0.46248682943657,,0.000969648361206,1.1657679902340556,chromosome
0,0.0012945532798767,183038,183038.13~A47.K_20,20,,normal,183038.13~A47.K_20L.png,183038.13~A47.K_20R.png,train,/data5/chensx/MyProject/UAE/data/arrangement_merged/chr_20/183038.13~A47.K_20L.png,/data5/chensx/MyProject/UAE/data/arrangement_merged/chr_20/183038.13~A47.K_20R.png,0,-0.0433825565847865,,0.0012945532798767,3.1177830714223163,chromosome
0,0.0007983446121215,183038,183038.14~A2.K_20,20,,normal,183038.14~A2.K_20L.png,183038.14~A2.K_20R.png,train,/data5/chensx/MyProject/UAE/data/arrangement_merged/chr_20/183038.14~A2.K_20L.png,/data5/chensx/MyProject/UAE/data/arrangement_merged/chr_20/183038.14~A2.K_20R.png,0,-0.6834565010887486,,0.0007983446121215,0.13658227323989502,chromosome
0,0.0006030201911926,183038,183038.14~A3.K_20,20,,normal,183038.14~A3.K_20L.png,183038.14~A3.K_20R.png,train,/data5/chensx/MyProject/UAE/data/arrangement_merged/chr_20/183038.14~A3.K_20L.png,/data5/chensx/MyProject/UAE/data/arrangement_merged/chr_20/183038.14~A3.K_20R.png,0,-0.935411133658056,,0.0006030201911926,-1.0369186295396364,chromosome
0,0.000770092010498,183038,183038.14~A30.K_20,20,,normal,183038.14~A30.K_20L.png,183038.14~A30.K_20R.png,train,/data5/chensx/MyProject/UAE/data/arrangement_merged/chr_20/183038.14~A30.K_20L.png,/data5/chensx/MyProject/UAE/data/arrangement_merged/chr_20/183038.14~A30.K_20R.png,0,-0.7199003509019472,,0.000770092010498,-0.033158168602326836,chromosome
0,0.0006736516952514,183038,183038.14~A34.K_20,20,,normal,183038.14~A34.K_20L.png,183038.14~A34.K_20R.png,train,/data5/chensx/MyProject/UAE/data/arrangement_merged/chr_20/183038.14~A34.K_20L.png,/data5/chensx/MyProject/UAE/data/arrangement_merged/chr_20/183038.14~A34.K_20R.png,0,-0.8443015091250595,,0.0006736516952514,-0.6125675249337799,chromosome
0,0.0005805492401123,183038,183038.14~A48.K_20,20,,normal,183038.14~A48.K_20L.png,183038.14~A48.K_20R.png,train,/data5/chensx/MyProject/UAE/data/arrangement_merged/chr_20/183038.14~A48.K_20L.png,/data5/chensx/MyProject/UAE/data/arrangement_merged/chr_20/183038.14~A48.K_20R.png,0,-0.9643970648385958,,0.0005805492401123,-1.1719231581778935,chromosome
0,0.0006113648414611,183038,183038.14~A9.K_20,20,,normal,183038.14~A9.K_20L.png,183038.14~A9.K_20R.png,train,/data5/chensx/MyProject/UAE/data/arrangement_merged/chr_20/183038.14~A9.K_20L.png,/data5/chensx/MyProject/UAE/data/arrangement_merged/chr_20/183038.14~A9.K_20R.png,0,-0.9246471273841156,,0.0006113648414611,-0.9867843218227902,chromosome
0,0.0007421970367431,183038,183038.1~A28.K_20,20,,normal,183038.1~A28.K_20L.png,183038.1~A28.K_20R.png,train,/data5/chensx/MyProject/UAE/data/arrangement_merged/chr_20/183038.1~A28.K_20L.png,/data5/chensx/MyProject/UAE/data/arrangement_merged/chr_20/183038.1~A28.K_20R.png,0,-0.7558828861605482,,0.0007421970367431,-0.20074999725698506,chromosome
0,0.0006048083305358,183038,183038.2~A12.K_20,20,,normal,183038.2~A12.K_20L.png,183038.2~A12.K_20R.png,train,/data5/chensx/MyProject/UAE/data/arrangement_merged/chr_20/183038.2~A12.K_20L.png,/data5/chensx/MyProject/UAE/data/arrangement_merged/chr_20/183038.2~A12.K_20R.png,0,-0.9331045608850688,,0.0006048083305358,-1.0261755636006125,chromosome
0,0.0007811784744262,183038,183038.2~A13.K_20,20,,normal,183038.2~A13.K_20L.png,183038.2~A13.K_20R.png,train,/data5/chensx/MyProject/UAE/data/arrangement_merged/chr_20/183038.2~A13.K_20L.png,/data5/chensx/MyProject/UAE/data/arrangement_merged/chr_20/183038.2~A13.K_20R.png,0,-0.7055995997094262,,0.0007811784744262,0.0334488402217831,chromosome
0,0.0007603168487548,183038,183038.2~A15.K_20,20,,normal,183038.2~A15.K_20L.png,183038.2~A15.K_20R.png,train,/data5/chensx/MyProject/UAE/data/arrangement_merged/chr_20/183038.2~A15.K_20L.png,/data5/chensx/MyProject/UAE/data/arrangement_merged/chr_20/183038.2~A15.K_20R.png,0,-0.7325096153942775,,0.0007603168487548,-0.09188692907123319,chromosome
0,0.000809907913208,183038,183038.2~A21.K_20,20,,normal,183038.2~A21.K_20L.png,183038.2~A21.K_20R.png,train,/data5/chensx/MyProject/UAE/data/arrangement_merged/chr_20/183038.2~A21.K_20L.png,/data5/chensx/MyProject/UAE/data/arrangement_merged/chr_20/183038.2~A21.K_20R.png,0,-0.668540663823431,,0.000809907913208,0.20605409964842583,chromosome
0,0.000710904598236,183038,183038.2~A43.K_20,20,,normal,183038.2~A43.K_20L.png,183038.2~A43.K_20R.png,train,/data5/chensx/MyProject/UAE/data/arrangement_merged/chr_20/183038.2~A43.K_20L.png,/data5/chensx/MyProject/UAE/data/arrangement_merged/chr_20/183038.2~A43.K_20R.png,0,-0.7962479096878251,,0.000710904598236,-0.3887536511965092,chromosome
0,0.0006305575370788,183038,183038.2~A46.K_20,20,,normal,183038.2~A46.K_20L.png,183038.2~A46.K_20R.png,train,/data5/chensx/MyProject/UAE/data/arrangement_merged/chr_20/183038.2~A46.K_20L.png,/data5/chensx/MyProject/UAE/data/arrangement_merged/chr_20/183038.2~A46.K_20R.png,0,-0.8998899129540523,,0.0006305575370788,-0.8714754140731437,chromosome
0,0.0007824897766113,183038,183038.2~A47.K_20,20,,normal,183038.2~A47.K_20L.png,183038.2~A47.K_20R.png,train,/data5/chensx/MyProject/UAE/data/arrangement_merged/chr_20/183038.2~A47.K_20L.png,/data5/chensx/MyProject/UAE/data/arrangement_merged/chr_20/183038.2~A47.K_20R.png,0,-0.7039081130092355,,0.0007824897766113,0.04132708857758791,chromosome
0,0.0006712079048156,183038,183038.3~A12.K_20,20,,normal,183038.3~A12.K_20L.png,183038.3~A12.K_20R.png,train,/data5/chensx/MyProject/UAE/data/arrangement_merged/chr_20/183038.3~A12.K_20L.png,/data5/chensx/MyProject/UAE/data/arrangement_merged/chr_20/183038.3~A12.K_20R.png,0,-0.8474538252481422,,0.0006712079048156,-0.6272497150510065,chromosome
0,0.0006932020187377,183038,183038.3~A19.K_20,20,,normal,183038.3~A19.K_20L.png,183038.3~A19.K_20R.png,train,/data5/chensx/MyProject/UAE/data/arrangement_merged/chr_20/183038.3~A19.K_20L.png,/data5/chensx/MyProject/UAE/data/arrangement_merged/chr_20/183038.3~A19.K_20R.png,0,-0.8190829801403989,,0.0006932020187377,-0.4951100039965684,chromosome
0,0.000612199306488,183038,183038.3~A30.K_20,20,,normal,183038.3~A30.K_20L.png,183038.3~A30.K_20R.png,train,/data5/chensx/MyProject/UAE/data/arrangement_merged/chr_20/183038.3~A30.K_20L.png,/data5/chensx/MyProject/UAE/data/arrangement_merged/chr_20/183038.3~A30.K_20R.png,0,-0.9235707267567214,,0.000612199306488,-0.9817708910508051,chromosome
0,0.0006088018417358,183038,183038.3~A36.K_20,20,,normal,183038.3~A36.K_20L.png,183038.3~A36.K_20R.png,train,/data5/chensx/MyProject/UAE/data/arrangement_merged/chr_20/183038.3~A36.K_20L.png,/data5/chensx/MyProject/UAE/data/arrangement_merged/chr_20/183038.3~A36.K_20R.png,0,-0.9279532150253972,,0.0006088018417358,-1.002182716335671,chromosome
0,0.0008894205093383,183038,183038.4~A15.K_20,20,,normal,183038.4~A15.K_20L.png,183038.4~A15.K_20R.png,train,/data5/chensx/MyProject/UAE/data/arrangement_merged/chr_20/183038.4~A15.K_20L.png,/data5/chensx/MyProject/UAE/data/arrangement_merged/chr_20/183038.4~A15.K_20R.png,0,-0.565975061184598,,0.0008894205093383,0.6837624317530752,chromosome
0,0.0006601810455322,183038,183038.4~A24.K_20,20,,normal,183038.4~A24.K_20L.png,183038.4~A24.K_20R.png,train,/data5/chensx/MyProject/UAE/data/arrangement_merged/chr_20/183038.4~A24.K_20L.png,/data5/chensx/MyProject/UAE/data/arrangement_merged/chr_20/183038.4~A24.K_20R.png,0,-0.8616776906815635,,0.0006601810455322,-0.6934986216769887,chromosome
0,0.0011634826660156,183038,183038.4~A36.K_20,20,,normal,183038.4~A36.K_20L.png,183038.4~A36.K_20R.png,train,/data5/chensx/MyProject/UAE/data/arrangement_merged/chr_20/183038.4~A36.K_20L.png,/data5/chensx/MyProject/UAE/data/arrangement_merged/chr_20/183038.4~A36.K_20R.png,0,-0.212454340844752,,0.0011634826660156,2.330316338064601,chromosome
0,0.0009084939956665,183038,183038.4~A39.K_20,20,,normal,183038.4~A39.K_20L.png,183038.4~A39.K_20R.png,train,/data5/chensx/MyProject/UAE/data/arrangement_merged/chr_20/183038.4~A39.K_20L.png,/data5/chensx/MyProject/UAE/data/arrangement_merged/chr_20/183038.4~A39.K_20R.png,0,-0.541371618272734,,0.0009084939956665,0.7983551351070676,chromosome
0,0.0006130933761596,183079,183079.11~A27.K_20,20,,normal,183079.11~A27.K_20L.png,183079.11~A27.K_20R.png,train,/data5/chensx/MyProject/UAE/data/arrangement_merged/chr_20/183079.11~A27.K_20L.png,/data5/chensx/MyProject/UAE/data/arrangement_merged/chr_20/183079.11~A27.K_20R.png,0,-0.9115225008266188,,0.0006130933761596,-0.9763993580812934,chromosome
0,0.0006459951400756,183079,183079.12~A27.K_20,20,,normal,183079.12~A27.K_20L.png,183079.12~A27.K_20R.png,train,/data5/chensx/MyProject/UAE/data/arrangement_merged/chr_20/183079.12~A27.K_20L.png,/data5/chensx/MyProject/UAE/data/arrangement_merged/chr_20/183079.12~A27.K_20R.png,0,-0.8670310398558666,,0.0006459951400756,-0.7787269447965279,chromosome
0,0.000668466091156,183079,183079.12~A37.K_20,20,,normal,183079.12~A37.K_20L.png,183079.12~A37.K_20R.png,train,/data5/chensx/MyProject/UAE/data/arrangement_merged/chr_20/183079.12~A37.K_20L.png,/data5/chensx/MyProject/UAE/data/arrangement_merged/chr_20/183079.12~A37.K_20R.png,0,-0.8366446616204073,,0.000668466091156,-0.6437224161576697,chromosome
0,0.0005711317062377,183079,183079.12~A44.K_20,20,,normal,183079.12~A44.K_20L.png,183079.12~A44.K_20R.png,train,/data5/chensx/MyProject/UAE/data/arrangement_merged/chr_20/183079.12~A44.K_20L.png,/data5/chensx/MyProject/UAE/data/arrangement_merged/chr_20/183079.12~A44.K_20R.png,0,-0.9682652336588824,,0.0005711317062377,-1.228503305459235,chromosome
0,0.0005621910095214,183079,183079.13~A12.K_20,20,,normal,183079.13~A12.K_20L.png,183079.13~A12.K_20R.png,train,/data5/chensx/MyProject/UAE/data/arrangement_merged/chr_20/183079.13~A12.K_20L.png,/data5/chensx/MyProject/UAE/data/arrangement_merged/chr_20/183079.13~A12.K_20R.png,0,-0.9803553045748477,,0.0005621910095214,-1.282218635156156,chromosome
0,0.0007144808769226,183079,183079.13~A19.K_20,20,,normal,183079.13~A19.K_20L.png,183079.13~A19.K_20R.png,train,/data5/chensx/MyProject/UAE/data/arrangement_merged/chr_20/183079.13~A19.K_20L.png,/data5/chensx/MyProject/UAE/data/arrangement_merged/chr_20/183079.13~A19.K_20R.png,0,-0.7744210966395729,,0.0007144808769226,-0.3672675193172596,chromosome
0,0.0005267858505249,183079,183079.13~A27.K_20,20,,normal,183079.13~A27.K_20L.png,183079.13~A27.K_20R.png,train,/data5/chensx/MyProject/UAE/data/arrangement_merged/chr_20/183079.13~A27.K_20L.png,/data5/chensx/MyProject/UAE/data/arrangement_merged/chr_20/183079.13~A27.K_20R.png,0,-1.0282319854020698,,0.0005267858505249,-1.4949313407556752,chromosome
0,0.0006607770919799,183079,183079.13~A6.K_20,20,,normal,183079.13~A6.K_20L.png,183079.13~A6.K_20R.png,train,/data5/chensx/MyProject/UAE/data/arrangement_merged/chr_20/183079.13~A6.K_20L.png,/data5/chensx/MyProject/UAE/data/arrangement_merged/chr_20/183079.13~A6.K_20R.png,0,-0.8470421226081375,,0.0006607770919799,-0.6899175996975143,chromosome
0,0.000635027885437,183079,183079.13~A9.K_20,20,,normal,183079.13~A9.K_20L.png,183079.13~A9.K_20R.png,train,/data5/chensx/MyProject/UAE/data/arrangement_merged/chr_20/183079.13~A9.K_20L.png,/data5/chensx/MyProject/UAE/data/arrangement_merged/chr_20/183079.13~A9.K_20R.png,0,-0.8818615268461173,,0.000635027885437,-0.8446177492243825,chromosome
0,0.0006249547004699,183079,183079.14~A11.K_20,20,,normal,183079.14~A11.K_20L.png,183079.14~A11.K_20R.png,train,/data5/chensx/MyProject/UAE/data/arrangement_merged/chr_20/183079.14~A11.K_20L.png,/data5/chensx/MyProject/UAE/data/arrangement_merged/chr_20/183079.14~A11.K_20R.png,0,-0.8954830067447715,,0.0006249547004699,-0.905137020683326,chromosome
0,0.000693142414093,183079,183079.14~A13.K_20,20,,normal,183079.14~A13.K_20L.png,183079.14~A13.K_20R.png,train,/data5/chensx/MyProject/UAE/data/arrangement_merged/chr_20/183079.14~A13.K_20L.png,/data5/chensx/MyProject/UAE/data/arrangement_merged/chr_20/183079.14~A13.K_20R.png,0,-0.8032760658923432,,0.000693142414093,-0.4954681061940955,chromosome
0,0.0007749795913696,183079,183079.14~A23.K_20,20,,normal,183079.14~A23.K_20L.png,183079.14~A23.K_20R.png,train,/data5/chensx/MyProject/UAE/data/arrangement_merged/chr_20/183079.14~A23.K_20L.png,/data5/chensx/MyProject/UAE/data/arrangement_merged/chr_20/183079.14~A23.K_20R.png,0,-0.6926116167748748,,0.0007749795913696,-0.0037937883678743145,chromosome
0,0.0007681846618652,183079,183079.14~A24.K_20,20,,normal,183079.14~A24.K_20L.png,183079.14~A24.K_20R.png,train,/data5/chensx/MyProject/UAE/data/arrangement_merged/chr_20/183079.14~A24.K_20L.png,/data5/chensx/MyProject/UAE/data/arrangement_merged/chr_20/183079.14~A24.K_20R.png,0,-0.7018000706710084,,0.0007681846618652,-0.04461743893760609,chromosome
0,0.0007463693618774,183079,183079.14~A26.K_20,20,,normal,183079.14~A26.K_20L.png,183079.14~A26.K_20R.png,train,/data5/chensx/MyProject/UAE/data/arrangement_merged/chr_20/183079.14~A26.K_20L.png,/data5/chensx/MyProject/UAE/data/arrangement_merged/chr_20/183079.14~A26.K_20R.png,0,-0.7312998437059636,,0.0007463693618774,-0.17568284339826168,chromosome
0,0.0007658600807189,183079,183079.14~A28.K_20,20,,normal,183079.14~A28.K_20L.png,183079.14~A28.K_20R.png,train,/data5/chensx/MyProject/UAE/data/arrangement_merged/chr_20/183079.14~A28.K_20L.png,/data5/chensx/MyProject/UAE/data/arrangement_merged/chr_20/183079.14~A28.K_20R.png,0,-0.7049434891091593,,0.0007658600807189,-0.05858342465917789,chromosome
0,0.0006407499313354,183079,183079.14~A3.K_20,20,,normal,183079.14~A3.K_20L.png,183079.14~A3.K_20R.png,train,/data5/chensx/MyProject/UAE/data/arrangement_merged/chr_20/183079.14~A3.K_20L.png,/data5/chensx/MyProject/UAE/data/arrangement_merged/chr_20/183079.14~A3.K_20R.png,0,-0.8741238814598996,,0.0006407499313354,-0.8102399382185453,chromosome
0,0.0008093118667602,183079,183079.14~A34.K_20,20,,normal,183079.14~A34.K_20L.png,183079.14~A34.K_20R.png,train,/data5/chensx/MyProject/UAE/data/arrangement_merged/chr_20/183079.14~A34.K_20L.png,/data5/chensx/MyProject/UAE/data/arrangement_merged/chr_20/183079.14~A34.K_20R.png,0,-0.6461857444575683,,0.0008093118667602,0.20247307766835082,chromosome
0,0.0007158517837524,183079,183079.14~A38.K_20,20,,normal,183079.14~A38.K_20L.png,183079.14~A38.K_20R.png,train,/data5/chensx/MyProject/UAE/data/arrangement_merged/chr_20/183079.14~A38.K_20L.png,/data5/chensx/MyProject/UAE/data/arrangement_merged/chr_20/183079.14~A38.K_20R.png,0,-0.7725672857657916,,0.0007158517837524,-0.3590311687639283,chromosome
0,0.0006874799728393,183079,183079.14~A6.K_20,20,,normal,183079.14~A6.K_20L.png,183079.14~A6.K_20R.png,train,/data5/chensx/MyProject/UAE/data/arrangement_merged/chr_20/183079.14~A6.K_20L.png,/data5/chensx/MyProject/UAE/data/arrangement_merged/chr_20/183079.14~A6.K_20R.png,0,-0.8109331108057879,,0.0006874799728393,-0.5294878150024062,chromosome
0,0.000617504119873,183079,183079.2~A40.K_20,20,,normal,183079.2~A40.K_20L.png,183079.2~A40.K_20R.png,train,/data5/chensx/MyProject/UAE/data/arrangement_merged/chr_20/183079.2~A40.K_20L.png,/data5/chensx/MyProject/UAE/data/arrangement_merged/chr_20/183079.2~A40.K_20R.png,0,-0.9055580658414092,,0.000617504119873,-0.9498997954306599,chromosome
0,0.0005924105644226,183079,183079.2~A8.K_20,20,,normal,183079.2~A8.K_20L.png,183079.2~A8.K_20R.png,train,/data5/chensx/MyProject/UAE/data/arrangement_merged/chr_20/183079.2~A8.K_20L.png,/data5/chensx/MyProject/UAE/data/arrangement_merged/chr_20/183079.2~A8.K_20R.png,0,-0.939490864878885,,0.0005924105644226,-1.100660820779926,chromosome
0,0.0005899667739868,183079,183079.3~A16.K_20,20,,normal,183079.3~A16.K_20L.png,183079.3~A16.K_20R.png,train,/data5/chensx/MyProject/UAE/data/arrangement_merged/chr_20/183079.3~A16.K_20L.png,/data5/chensx/MyProject/UAE/data/arrangement_merged/chr_20/183079.3~A16.K_20R.png,0,-0.9427954842625822,,0.0005899667739868,-1.1153430108971527,chromosome
0,0.0007196068763732,183079,183079.3~A22.K_20,20,,normal,183079.3~A22.K_20L.png,183079.3~A22.K_20R.png,train,/data5/chensx/MyProject/UAE/data/arrangement_merged/chr_20/183079.3~A22.K_20L.png,/data5/chensx/MyProject/UAE/data/arrangement_merged/chr_20/183079.3~A22.K_20R.png,0,-0.7674894559810862,,0.0007196068763732,-0.3364707302914975,chromosome
0,0.0006457567214965,183079,183079.3~A5.K_20,20,,normal,183079.3~A5.K_20L.png,183079.3~A5.K_20R.png,train,/data5/chensx/MyProject/UAE/data/arrangement_merged/chr_20/183079.3~A5.K_20L.png,/data5/chensx/MyProject/UAE/data/arrangement_merged/chr_20/183079.3~A5.K_20R.png,0,-0.867353441746959,,0.0006457567214965,-0.7801593535884381,chromosome
0,0.0006649494171142,183079,183079.3~A7.K_20,20,,normal,183079.3~A7.K_20L.png,183079.3~A7.K_20R.png,train,/data5/chensx/MyProject/UAE/data/arrangement_merged/chr_20/183079.3~A7.K_20L.png,/data5/chensx/MyProject/UAE/data/arrangement_merged/chr_20/183079.3~A7.K_20R.png,0,-0.8414000895140203,,0.0006649494171142,-0.6648504458387909,chromosome
0,0.000910997390747,183079,183079.4~A13.K_20,20,,normal,183079.4~A13.K_20L.png,183079.4~A13.K_20R.png,train,/data5/chensx/MyProject/UAE/data/arrangement_merged/chr_20/183079.4~A13.K_20L.png,/data5/chensx/MyProject/UAE/data/arrangement_merged/chr_20/183079.4~A13.K_20R.png,0,-0.5086813379066569,,0.000910997390747,0.8133954274218207,chromosome
0,0.0009227991104125,183079,183079.4~A17.K_20,20,,normal,183079.4~A17.K_20L.png,183079.4~A17.K_20R.png,train,/data5/chensx/MyProject/UAE/data/arrangement_merged/chr_20/183079.4~A17.K_20L.png,/data5/chensx/MyProject/UAE/data/arrangement_merged/chr_20/183079.4~A17.K_20R.png,0,-0.4927224442975828,,0.0009227991104125,0.8842996626216604,chromosome
0,0.0010793209075927,183079,183079.4~A18.K_20,20,,normal,183079.4~A18.K_20L.png,183079.4~A18.K_20R.png,train,/data5/chensx/MyProject/UAE/data/arrangement_merged/chr_20/183079.4~A18.K_20L.png,/data5/chensx/MyProject/UAE/data/arrangement_merged/chr_20/183079.4~A18.K_20R.png,0,-0.281065602795418,,0.0010793209075927,1.8246760345168067,chromosome
0,0.0011372566223144,183079,183079.4~A23.K_20,20,,normal,183079.4~A23.K_20L.png,183079.4~A23.K_20R.png,train,/data5/chensx/MyProject/UAE/data/arrangement_merged/chr_20/183079.4~A23.K_20L.png,/data5/chensx/MyProject/UAE/data/arrangement_merged/chr_20/183079.4~A23.K_20R.png,0,-0.2027219432599631,,0.0011372566223144,2.172751370953312,chromosome
0,0.0009713172912597,183079,183079.4~A29.K_20,20,,normal,183079.4~A29.K_20L.png,183079.4~A29.K_20R.png,train,/data5/chensx/MyProject/UAE/data/arrangement_merged/chr_20/183079.4~A29.K_20L.png,/data5/chensx/MyProject/UAE/data/arrangement_merged/chr_20/183079.4~A29.K_20R.png,0,-0.4271136594602781,,0.0009713172912597,1.1757948517774248,chromosome
0,0.001016616821289,183079,183079.4~A4.K_20,20,,normal,183079.4~A4.K_20L.png,183079.4~A4.K_20R.png,train,/data5/chensx/MyProject/UAE/data/arrangement_merged/chr_20/183079.4~A4.K_20L.png,/data5/chensx/MyProject/UAE/data/arrangement_merged/chr_20/183079.4~A4.K_20R.png,0,-0.3658573001527208,,0.001016616821289,1.447952522242105,chromosome
0,0.0012247562408447,183079,183079.4~A50.K_20,20,,normal,183079.4~A50.K_20L.png,183079.4~A50.K_20R.png,train,/data5/chensx/MyProject/UAE/data/arrangement_merged/chr_20/183079.4~A50.K_20L.png,/data5/chensx/MyProject/UAE/data/arrangement_merged/chr_20/183079.4~A50.K_20R.png,0,-0.08440044922905,,0.0012247562408447,2.6984453975878444,chromosome
0,0.0006345510482788,183214,183214.11~A34.K_20,20,,normal,183214.11~A34.K_20L.png,183214.11~A34.K_20R.png,train,/data5/chensx/MyProject/UAE/data/arrangement_merged/chr_20/183214.11~A34.K_20L.png,/data5/chensx/MyProject/UAE/data/arrangement_merged/chr_20/183214.11~A34.K_20R.png,0,-0.906930618912773,,0.0006345510482788,-0.8474825668082021,chromosome
0,0.0006177425384521,183214,183214.11~A9.K_20,20,,normal,183214.11~A9.K_20L.png,183214.11~A9.K_20R.png,train,/data5/chensx/MyProject/UAE/data/arrangement_merged/chr_20/183214.11~A9.K_20L.png,/data5/chensx/MyProject/UAE/data/arrangement_merged/chr_20/183214.11~A9.K_20R.png,0,-0.9289755084662183,,0.0006177425384521,-0.9484673866387504,chromosome
0,0.0008083581924438,183214,183214.12~A1.K_20,20,,normal,183214.12~A1.K_20L.png,183214.12~A1.K_20R.png,train,/data5/chensx/MyProject/UAE/data/arrangement_merged/chr_20/183214.12~A1.K_20L.png,/data5/chensx/MyProject/UAE/data/arrangement_merged/chr_20/183214.12~A1.K_20R.png,0,-0.6789770801260817,,0.0008083581924438,0.19674344250071085,chromosome
0,0.0006047487258911,183214,183214.12~A24.K_20,20,,normal,183214.12~A24.K_20L.png,183214.12~A24.K_20R.png,train,/data5/chensx/MyProject/UAE/data/arrangement_merged/chr_20/183214.12~A24.K_20L.png,/data5/chensx/MyProject/UAE/data/arrangement_merged/chr_20/183214.12~A24.K_20R.png,0,-0.9460173025181728,,0.0006047487258911,-1.026533665798139,chromosome
0,0.0006405711174011,183214,183214.12~A8.K_20,20,,normal,183214.12~A8.K_20L.png,183214.12~A8.K_20R.png,train,/data5/chensx/MyProject/UAE/data/arrangement_merged/chr_20/183214.12~A8.K_20L.png,/data5/chensx/MyProject/UAE/data/arrangement_merged/chr_20/183214.12~A8.K_20R.png,0,-0.8990351088244823,,0.0006405711174011,-0.8113142448123278,chromosome
0,0.0008242130279541,183214,183214.13~A21.K_20,20,,normal,183214.13~A21.K_20L.png,183214.13~A21.K_20R.png,train,/data5/chensx/MyProject/UAE/data/arrangement_merged/chr_20/183214.13~A21.K_20L.png,/data5/chensx/MyProject/UAE/data/arrangement_merged/chr_20/183214.13~A21.K_20R.png,0,-0.6581829644480091,,0.0008242130279541,0.29199862716361985,chromosome
0,0.0006288290023803,183214,183214.13~A34.K_20,20,,normal,183214.13~A34.K_20L.png,183214.13~A34.K_20R.png,train,/data5/chensx/MyProject/UAE/data/arrangement_merged/chr_20/183214.13~A34.K_20L.png,/data5/chensx/MyProject/UAE/data/arrangement_merged/chr_20/183214.13~A34.K_20R.png,0,-0.9144352621650098,,0.0006288290023803,-0.8818603778146404,chromosome
0,0.0006344318389892,183214,183214.13~A49.K_20,20,,normal,183214.13~A49.K_20L.png,183214.13~A49.K_20R.png,train,/data5/chensx/MyProject/UAE/data/arrangement_merged/chr_20/183214.13~A49.K_20L.png,/data5/chensx/MyProject/UAE/data/arrangement_merged/chr_20/183214.13~A49.K_20R.png,0,-0.9070869656471946,,0.0006344318389892,-0.8481987712044575,chromosome
0,0.0007485747337341,183214,183214.13~A6.K_20,20,,normal,183214.13~A6.K_20L.png,183214.13~A6.K_20R.png,train,/data5/chensx/MyProject/UAE/data/arrangement_merged/chr_20/183214.13~A6.K_20L.png,/data5/chensx/MyProject/UAE/data/arrangement_merged/chr_20/183214.13~A6.K_20R.png,0,-0.7573849674385136,,0.0007485747337341,-0.16243306207294525,chromosome
0,0.0006805658340454,183214,183214.14~A11.K_20,20,,normal,183214.14~A11.K_20L.png,183214.14~A11.K_20R.png,train,/data5/chensx/MyProject/UAE/data/arrangement_merged/chr_20/183214.14~A11.K_20L.png,/data5/chensx/MyProject/UAE/data/arrangement_merged/chr_20/183214.14~A11.K_20R.png,0,-0.8465807794260358,,0.0006805658340454,-0.5710276699677928,chromosome
0,0.0005445480346679,183214,183214.14~A17.K_20,20,,normal,183214.14~A17.K_20L.png,183214.14~A17.K_20R.png,train,/data5/chensx/MyProject/UAE/data/arrangement_merged/chr_20/183214.14~A17.K_20L.png,/data5/chensx/MyProject/UAE/data/arrangement_merged/chr_20/183214.14~A17.K_20R.png,0,-1.0249724034010803,,0.0005445480346679,-1.3882168857580883,chromosome
0,0.0008108615875244,183214,183214.14~A19.K_20,20,,normal,183214.14~A19.K_20L.png,183214.14~A19.K_20R.png,train,/data5/chensx/MyProject/UAE/data/arrangement_merged/chr_20/183214.14~A19.K_20L.png,/data5/chensx/MyProject/UAE/data/arrangement_merged/chr_20/183214.14~A19.K_20R.png,0,-0.6756937987032281,,0.0008108615875244,0.21178373481606513,chromosome
0,0.0006208419799804,183214,183214.14~A21.K_20,20,,normal,183214.14~A21.K_20L.png,183214.14~A21.K_20R.png,train,/data5/chensx/MyProject/UAE/data/arrangement_merged/chr_20/183214.14~A21.K_20L.png,/data5/chensx/MyProject/UAE/data/arrangement_merged/chr_20/183214.14~A21.K_20R.png,0,-0.924910493371257,,0.0006208419799804,-0.9298460723439217,chromosome
0,0.0007137060165405,183214,183214.14~A6.K_20,20,,normal,183214.14~A6.K_20L.png,183214.14~A6.K_20R.png,train,/data5/chensx/MyProject/UAE/data/arrangement_merged/chr_20/183214.14~A6.K_20L.png,/data5/chensx/MyProject/UAE/data/arrangement_merged/chr_20/183214.14~A6.K_20R.png,0,-0.8031163872568313,,0.0007137060165405,-0.37192284789111707,chromosome
0,0.0006085634231567,183214,183214.2~A19.K_20,20,,normal,183214.2~A19.K_20L.png,183214.2~A19.K_20R.png,train,/data5/chensx/MyProject/UAE/data/arrangement_merged/chr_20/183214.2~A19.K_20L.png,/data5/chensx/MyProject/UAE/data/arrangement_merged/chr_20/183214.2~A19.K_20R.png,0,-0.9410142070166816,,0.0006085634231567,-1.003615125127581,chromosome
0,0.0006842613220214,183214,183214.2~A25.K_20,20,,normal,183214.2~A25.K_20L.png,183214.2~A25.K_20R.png,train,/data5/chensx/MyProject/UAE/data/arrangement_merged/chr_20/183214.2~A25.K_20L.png,/data5/chensx/MyProject/UAE/data/arrangement_merged/chr_20/183214.2~A25.K_20R.png,0,-0.8417340306589662,,0.0006842613220214,-0.5488253336934896,chromosome
0,0.0005793571472167,183214,183214.2~A30.K_20,20,,normal,183214.2~A30.K_20L.png,183214.2~A30.K_20R.png,train,/data5/chensx/MyProject/UAE/data/arrangement_merged/chr_20/183214.2~A30.K_20L.png,/data5/chensx/MyProject/UAE/data/arrangement_merged/chr_20/183214.2~A30.K_20R.png,0,-0.9793191569499734,,0.0005793571472167,-1.1790852021380442,chromosome
0,0.0008001327514648,183214,183214.2~A36.K_20,20,,normal,183214.2~A36.K_20L.png,183214.2~A36.K_20R.png,train,/data5/chensx/MyProject/UAE/data/arrangement_merged/chr_20/183214.2~A36.K_20L.png,/data5/chensx/MyProject/UAE/data/arrangement_merged/chr_20/183214.2~A36.K_20R.png,0,-0.6897650048011721,,0.0008001327514648,0.14732533917951948,chromosome
0,0.0005877614021301,183214,183214.2~A39.K_20,20,,normal,183214.2~A39.K_20L.png,183214.2~A39.K_20R.png,train,/data5/chensx/MyProject/UAE/data/arrangement_merged/chr_20/183214.2~A39.K_20L.png,/data5/chensx/MyProject/UAE/data/arrangement_merged/chr_20/183214.2~A39.K_20R.png,0,-0.9682967121732506,,0.0005877614021301,-1.1285927922224697,chromosome
0,0.0005707740783691,183214,183214.2~A45.K_20,20,,normal,183214.2~A45.K_20L.png,183214.2~A45.K_20R.png,train,/data5/chensx/MyProject/UAE/data/arrangement_merged/chr_20/183214.2~A45.K_20L.png,/data5/chensx/MyProject/UAE/data/arrangement_merged/chr_20/183214.2~A45.K_20R.png,0,-0.9905761218283284,,0.0005707740783691,-1.2306519186468,chromosome
0,0.0010664463043212,183214,183214.2~A6.K_20,20,,normal,183214.2~A6.K_20L.png,183214.2~A6.K_20R.png,train,/data5/chensx/MyProject/UAE/data/arrangement_merged/chr_20/183214.2~A6.K_20L.png,/data5/chensx/MyProject/UAE/data/arrangement_merged/chr_20/183214.2~A6.K_20R.png,0,-0.3404864001033199,,0.0010664463043212,1.7473259597530724,chromosome
0,0.0005640387535095,183214,183214.3~A12.K_20,20,,normal,183214.3~A12.K_20L.png,183214.3~A12.K_20R.png,train,/data5/chensx/MyProject/UAE/data/arrangement_merged/chr_20/183214.3~A12.K_20L.png,/data5/chensx/MyProject/UAE/data/arrangement_merged/chr_20/183214.3~A12.K_20R.png,0,-0.9994097123231488,,0.0005640387535095,-1.271117467018404,chromosome
0,0.0010077953338623,183214,183214.3~A19.K_20,20,,normal,183214.3~A19.K_20L.png,183214.3~A19.K_20R.png,train,/data5/chensx/MyProject/UAE/data/arrangement_merged/chr_20/183214.3~A19.K_20L.png,/data5/chensx/MyProject/UAE/data/arrangement_merged/chr_20/183214.3~A19.K_20R.png,0,-0.4174089934387466,,0.0010077953338623,1.3949533969414385,chromosome
0,0.0007848143577575,183214,183214.3~A28.K_20,20,,normal,183214.3~A28.K_20L.png,183214.3~A28.K_20R.png,train,/data5/chensx/MyProject/UAE/data/arrangement_merged/chr_20/183214.3~A28.K_20L.png,/data5/chensx/MyProject/UAE/data/arrangement_merged/chr_20/183214.3~A28.K_20R.png,0,-0.7098555601743475,,0.0007848143577575,0.05529307429855849,chromosome
0,0.0006300210952758,183214,183214.3~A4.K_20,20,,normal,183214.3~A4.K_20L.png,183214.3~A4.K_20R.png,train,/data5/chensx/MyProject/UAE/data/arrangement_merged/chr_20/183214.3~A4.K_20L.png,/data5/chensx/MyProject/UAE/data/arrangement_merged/chr_20/183214.3~A4.K_20R.png,0,-0.9128717948207938,,0.0006300210952758,-0.874698333855091,chromosome
0,0.0007246732711791,183214,183214.3~A42.K_20,20,,normal,183214.3~A42.K_20L.png,183214.3~A42.K_20R.png,train,/data5/chensx/MyProject/UAE/data/arrangement_merged/chr_20/183214.3~A42.K_20L.png,/data5/chensx/MyProject/UAE/data/arrangement_merged/chr_20/183214.3~A42.K_20R.png,0,-0.7887324876900442,,0.0007246732711791,-0.30603204346326246,chromosome
0,0.0007386803627014,183214,183214.3~A43.K_20,20,,normal,183214.3~A43.K_20L.png,183214.3~A43.K_20R.png,train,/data5/chensx/MyProject/UAE/data/arrangement_merged/chr_20/183214.3~A43.K_20L.png,/data5/chensx/MyProject/UAE/data/arrangement_merged/chr_20/183214.3~A43.K_20R.png,0,-0.7703617463955064,,0.0007386803627014,-0.22187802693750572,chromosome
0,0.0007611513137817,183214,183214.3~A47.K_20,20,,normal,183214.3~A47.K_20L.png,183214.3~A47.K_20R.png,train,/data5/chensx/MyProject/UAE/data/arrangement_merged/chr_20/183214.3~A47.K_20L.png,/data5/chensx/MyProject/UAE/data/arrangement_merged/chr_20/183214.3~A47.K_20R.png,0,-0.7408903869570349,,0.0007611513137817,-0.08687349829924802,chromosome
0,0.0011322498321533,183214,183214.4~A22.K_20,20,,normal,183214.4~A22.K_20L.png,183214.4~A22.K_20R.png,train,/data5/chensx/MyProject/UAE/data/arrangement_merged/chr_20/183214.4~A22.K_20L.png,/data5/chensx/MyProject/UAE/data/arrangement_merged/chr_20/183214.4~A22.K_20R.png,0,-0.2541830027025972,,0.0011322498321533,2.1426707863232037,chromosome
0,0.0008352994918823,183214,183214.4~A24.K_20,20,,normal,183214.4~A24.K_20L.png,183214.4~A24.K_20R.png,train,/data5/chensx/MyProject/UAE/data/arrangement_merged/chr_20/183214.4~A24.K_20L.png,/data5/chensx/MyProject/UAE/data/arrangement_merged/chr_20/183214.4~A24.K_20R.png,0,-0.6436427181468003,,0.0008352994918823,0.35860563598772977,chromosome
0,0.000709056854248,183214,183214.4~A26.K_20,20,,normal,183214.4~A26.K_20L.png,183214.4~A26.K_20R.png,train,/data5/chensx/MyProject/UAE/data/arrangement_merged/chr_20/183214.4~A26.K_20L.png,/data5/chensx/MyProject/UAE/data/arrangement_merged/chr_20/183214.4~A26.K_20R.png,0,-0.8092139098992737,,0.000709056854248,-0.39985481933366007,chromosome
0,0.0007190704345703,183214,183214.4~A28.K_20,20,,normal,183214.4~A28.K_20L.png,183214.4~A28.K_20R.png,train,/data5/chensx/MyProject/UAE/data/arrangement_merged/chr_20/183214.4~A28.K_20L.png,/data5/chensx/MyProject/UAE/data/arrangement_merged/chr_20/183214.4~A28.K_20R.png,0,-0.7960807842078593,,0.0007190704345703,-0.33969365007284424,chromosome
0,0.0008967518806457,183214,183214.4~A50.K_20,20,,normal,183214.4~A50.K_20L.png,183214.4~A50.K_20R.png,train,/data5/chensx/MyProject/UAE/data/arrangement_merged/chr_20/183214.4~A50.K_20L.png,/data5/chensx/MyProject/UAE/data/arrangement_merged/chr_20/183214.4~A50.K_20R.png,0,-0.563045976552466,,0.0008967518806457,0.727809002104755,chromosome
0,0.0007411241531372,183214,183214.4~A8.K_20,20,,normal,183214.4~A8.K_20L.png,183214.4~A8.K_20R.png,train,/data5/chensx/MyProject/UAE/data/arrangement_merged/chr_20/183214.4~A8.K_20L.png,/data5/chensx/MyProject/UAE/data/arrangement_merged/chr_20/183214.4~A8.K_20R.png,0,-0.7671566383398636,,0.0007411241531372,-0.20719583682027914,chromosome
0,0.0006067752838134,183262,183262.11~A16.K_20,20,,normal,183262.11~A16.K_20L.png,183262.11~A16.K_20R.png,train,/data5/chensx/MyProject/UAE/data/arrangement_merged/chr_20/183262.11~A16.K_20L.png,/data5/chensx/MyProject/UAE/data/arrangement_merged/chr_20/183262.11~A16.K_20R.png,0,-0.9225753683968668,,0.0006067752838134,-1.0143581910672055,chromosome
0,0.000862181186676,183262,183262.12~A5.K_20,20,,normal,183262.12~A5.K_20L.png,183262.12~A5.K_20R.png,train,/data5/chensx/MyProject/UAE/data/arrangement_merged/chr_20/183262.12~A5.K_20L.png,/data5/chensx/MyProject/UAE/data/arrangement_merged/chr_20/183262.12~A5.K_20R.png,0,-0.5995365440029897,,0.000862181186676,0.5201097272766203,chromosome
0,0.0009652376174926,183262,183262.14~A1.K_20,20,,normal,183262.14~A1.K_20L.png,183262.14~A1.K_20R.png,train,/data5/chensx/MyProject/UAE/data/arrangement_merged/chr_20/183262.14~A1.K_20L.png,/data5/chensx/MyProject/UAE/data/arrangement_merged/chr_20/183262.14~A1.K_20R.png,0,-0.4691901898893343,,0.0009652376174926,1.1392684275834222,chromosome
0,0.0008437633514404,183262,183262.14~A16.K_20,20,,normal,183262.14~A16.K_20L.png,183262.14~A16.K_20R.png,train,/data5/chensx/MyProject/UAE/data/arrangement_merged/chr_20/183262.14~A16.K_20L.png,/data5/chensx/MyProject/UAE/data/arrangement_merged/chr_20/183262.14~A16.K_20R.png,0,-0.6228315257387442,,0.0008437633514404,0.40945614810083064,chromosome
0,0.0009592771530151,183262,183262.14~A21.K_20,20,,normal,183262.14~A21.K_20L.png,183262.14~A21.K_20R.png,train,/data5/chensx/MyProject/UAE/data/arrangement_merged/chr_20/183262.14~A21.K_20L.png,/data5/chensx/MyProject/UAE/data/arrangement_merged/chr_20/183262.14~A21.K_20R.png,0,-0.4767290189300315,,0.0009592771530151,1.103458207785675,chromosome
0,0.0007648468017578,183262,183262.14~A23.K_20,20,,normal,183262.14~A23.K_20L.png,183262.14~A23.K_20R.png,train,/data5/chensx/MyProject/UAE/data/arrangement_merged/chr_20/183262.14~A23.K_20L.png,/data5/chensx/MyProject/UAE/data/arrangement_merged/chr_20/183262.14~A23.K_20R.png,0,-0.7226456222375757,,0.0007648468017578,-0.0646711620243443,chromosome
0,0.0006536841392517,183262,183262.14~A29.K_20,20,,normal,183262.14~A29.K_20L.png,183262.14~A29.K_20R.png,train,/data5/chensx/MyProject/UAE/data/arrangement_merged/chr_20/183262.14~A29.K_20L.png,/data5/chensx/MyProject/UAE/data/arrangement_merged/chr_20/183262.14~A29.K_20R.png,0,-0.8632447838465793,,0.0006536841392517,-0.7325317612566833,chromosome
0,0.0006459355354309,183262,183262.14~A33.K_20,20,,normal,183262.14~A33.K_20L.png,183262.14~A33.K_20R.png,train,/data5/chensx/MyProject/UAE/data/arrangement_merged/chr_20/183262.14~A33.K_20L.png,/data5/chensx/MyProject/UAE/data/arrangement_merged/chr_20/183262.14~A33.K_20R.png,0,-0.8730452615994858,,0.0006459355354309,-0.779085046994055,chromosome
0,0.0006616115570068,183262,183262.14~A38.K_20,20,,normal,183262.14~A38.K_20L.png,183262.14~A38.K_20R.png,train,/data5/chensx/MyProject/UAE/data/arrangement_merged/chr_20/183262.14~A38.K_20L.png,/data5/chensx/MyProject/UAE/data/arrangement_merged/chr_20/183262.14~A38.K_20R.png,0,-0.853218141222452,,0.0006616115570068,-0.6849041689255291,chromosome
0,0.0007661581039428,183262,183262.14~A45.K_20,20,,normal,183262.14~A45.K_20L.png,183262.14~A45.K_20R.png,train,/data5/chensx/MyProject/UAE/data/arrangement_merged/chr_20/183262.14~A45.K_20L.png,/data5/chensx/MyProject/UAE/data/arrangement_merged/chr_20/183262.14~A45.K_20R.png,0,-0.7209870798486223,,0.0007661581039428,-0.05679291366914071,chromosome
0,0.0006268620491027,183262,183262.14~A8.K_20,20,,normal,183262.14~A8.K_20L.png,183262.14~A8.K_20R.png,train,/data5/chensx/MyProject/UAE/data/arrangement_merged/chr_20/183262.14~A8.K_20L.png,/data5/chensx/MyProject/UAE/data/arrangement_merged/chr_20/183262.14~A8.K_20R.png,0,-0.8971695145297169,,0.0006268620491027,-0.8936777503480468,chromosome
0,0.0010109543800354,183262,183262.1~A2.K_20,20,,normal,183262.1~A2.K_20L.png,183262.1~A2.K_20R.png,train,/data5/chensx/MyProject/UAE/data/arrangement_merged/chr_20/183262.1~A2.K_20L.png,/data5/chensx/MyProject/UAE/data/arrangement_merged/chr_20/183262.1~A2.K_20R.png,0,-0.4113673711471864,,0.0010109543800354,1.413932813434395,chromosome
0,0.0006486177444458,183262,183262.1~A24.K_20,20,,normal,183262.1~A24.K_20L.png,183262.1~A24.K_20R.png,train,/data5/chensx/MyProject/UAE/data/arrangement_merged/chr_20/183262.1~A24.K_20L.png,/data5/chensx/MyProject/UAE/data/arrangement_merged/chr_20/183262.1~A24.K_20R.png,0,-0.869652788531172,,0.0006486177444458,-0.7629704480849183,chromosome
0,0.0007941722869873,183262,183262.1~A26.K_20,20,,normal,183262.1~A26.K_20L.png,183262.1~A26.K_20R.png,train,/data5/chensx/MyProject/UAE/data/arrangement_merged/chr_20/183262.1~A26.K_20L.png,/data5/chensx/MyProject/UAE/data/arrangement_merged/chr_20/183262.1~A26.K_20R.png,0,-0.6855545833573453,,0.0007941722869873,0.11151511938177287,chromosome
0,0.000885784626007,183262,183262.1~A42.K_20,20,,normal,183262.1~A42.K_20L.png,183262.1~A42.K_20R.png,train,/data5/chensx/MyProject/UAE/data/arrangement_merged/chr_20/183262.1~A42.K_20L.png,/data5/chensx/MyProject/UAE/data/arrangement_merged/chr_20/183262.1~A42.K_20R.png,0,-0.5696827810018286,,0.000885784626007,0.6619181976762992,chromosome
0,0.0007281303405761,183262,183262.1~A9.K_20,20,,normal,183262.1~A9.K_20L.png,183262.1~A9.K_20R.png,train,/data5/chensx/MyProject/UAE/data/arrangement_merged/chr_20/183262.1~A9.K_20L.png,/data5/chensx/MyProject/UAE/data/arrangement_merged/chr_20/183262.1~A9.K_20R.png,0,-0.7690848091282707,,0.0007281303405761,-0.2852621159802689,chromosome
0,0.0009070038795471,183262,183262.2~A10.K_20,20,,normal,183262.2~A10.K_20L.png,183262.2~A10.K_20R.png,train,/data5/chensx/MyProject/UAE/data/arrangement_merged/chr_20/183262.2~A10.K_20L.png,/data5/chensx/MyProject/UAE/data/arrangement_merged/chr_20/183262.2~A10.K_20R.png,0,-0.5428445496169464,,0.0009070038795471,0.7894025801574803,chromosome
0,0.0006259679794311,183262,183262.2~A22.K_20,20,,normal,183262.2~A22.K_20L.png,183262.2~A22.K_20R.png,train,/data5/chensx/MyProject/UAE/data/arrangement_merged/chr_20/183262.2~A22.K_20L.png,/data5/chensx/MyProject/UAE/data/arrangement_merged/chr_20/183262.2~A22.K_20R.png,0,-0.8983003388858215,,0.0006259679794311,-0.8990492833175591,chromosome
0,0.0007047653198242,183262,183262.2~A23.K_20,20,,normal,183262.2~A23.K_20L.png,183262.2~A23.K_20R.png,train,/data5/chensx/MyProject/UAE/data/arrangement_merged/chr_20/183262.2~A23.K_20L.png,/data5/chensx/MyProject/UAE/data/arrangement_merged/chr_20/183262.2~A23.K_20R.png,0,-0.7986370189678039,,0.0007047653198242,-0.42563817758803824,chromosome
0,0.0006812214851379,183262,183262.2~A44.K_20,20,,normal,183262.2~A44.K_20L.png,183262.2~A44.K_20R.png,train,/data5/chensx/MyProject/UAE/data/arrangement_merged/chr_20/183262.2~A44.K_20L.png,/data5/chensx/MyProject/UAE/data/arrangement_merged/chr_20/183262.2~A44.K_20R.png,0,-0.8284153936785581,,0.0006812214851379,-0.5670885457901906,chromosome
0,0.000814139842987,183262,183262.2~A45.K_20,20,,normal,183262.2~A45.K_20L.png,183262.2~A45.K_20R.png,train,/data5/chensx/MyProject/UAE/data/arrangement_merged/chr_20/183262.2~A45.K_20L.png,/data5/chensx/MyProject/UAE/data/arrangement_merged/chr_20/183262.2~A45.K_20R.png,0,-0.6602995060710095,,0.000814139842987,0.23147935570467632,chromosome
0,0.0011765956878662,183262,183262.3~A17.K_20,20,,normal,183262.3~A17.K_20L.png,183262.3~A17.K_20R.png,train,/data5/chensx/MyProject/UAE/data/arrangement_merged/chr_20/183262.3~A17.K_20L.png,/data5/chensx/MyProject/UAE/data/arrangement_merged/chr_20/183262.3~A17.K_20R.png,0,-0.2018633121062099,,0.0011765956878662,2.4090988216202454,chromosome
0,0.0007033944129943,183262,183262.3~A24.K_20,20,,normal,183262.3~A24.K_20L.png,183262.3~A24.K_20R.png,train,/data5/chensx/MyProject/UAE/data/arrangement_merged/chr_20/183262.3~A24.K_20L.png,/data5/chensx/MyProject/UAE/data/arrangement_merged/chr_20/183262.3~A24.K_20R.png,0,-0.8003709496471644,,0.0007033944129943,-0.43387452814197075,chromosome
0,0.0006846189498901,183262,183262.3~A30.K_20,20,,normal,183262.3~A30.K_20L.png,183262.3~A30.K_20R.png,train,/data5/chensx/MyProject/UAE/data/arrangement_merged/chr_20/183262.3~A30.K_20L.png,/data5/chensx/MyProject/UAE/data/arrangement_merged/chr_20/183262.3~A30.K_20R.png,0,-0.8241182611253607,,0.0006846189498901,-0.5466767205053247,chromosome
0,0.0011894106864929,183262,183262.3~A41.K_20,20,,normal,183262.3~A41.K_20L.png,183262.3~A41.K_20R.png,train,/data5/chensx/MyProject/UAE/data/arrangement_merged/chr_20/183262.3~A41.K_20L.png,/data5/chensx/MyProject/UAE/data/arrangement_merged/chr_20/183262.3~A41.K_20R.png,0,-0.1856548296687109,,0.0011894106864929,2.4860907941858517,chromosome
0,0.0007736682891845,183262,183262.4~A14.K_20,20,,normal,183262.4~A14.K_20L.png,183262.4~A14.K_20R.png,train,/data5/chensx/MyProject/UAE/data/arrangement_merged/chr_20/183262.4~A14.K_20L.png,/data5/chensx/MyProject/UAE/data/arrangement_merged/chr_20/183262.4~A14.K_20R.png,0,-0.7114881552573438,,0.0007736682891845,-0.01167203672367913,chromosome
0,0.0006405115127563,183262,183262.4~A19.K_20,20,,normal,183262.4~A19.K_20L.png,183262.4~A19.K_20R.png,train,/data5/chensx/MyProject/UAE/data/arrangement_merged/chr_20/183262.4~A19.K_20L.png,/data5/chensx/MyProject/UAE/data/arrangement_merged/chr_20/183262.4~A19.K_20R.png,0,-0.8799055960265203,,0.0006405115127563,-0.8116723470104555,chromosome
0,0.0006405115127563,183262,183262.4~A24.K_20,20,,normal,183262.4~A24.K_20L.png,183262.4~A24.K_20R.png,train,/data5/chensx/MyProject/UAE/data/arrangement_merged/chr_20/183262.4~A24.K_20L.png,/data5/chensx/MyProject/UAE/data/arrangement_merged/chr_20/183262.4~A24.K_20R.png,0,-0.8799055960265203,,0.0006405115127563,-0.8116723470104555,chromosome
0,0.0007559061050415,183262,183262.4~A29.K_20,20,,normal,183262.4~A29.K_20L.png,183262.4~A29.K_20R.png,train,/data5/chensx/MyProject/UAE/data/arrangement_merged/chr_20/183262.4~A29.K_20L.png,/data5/chensx/MyProject/UAE/data/arrangement_merged/chr_20/183262.4~A29.K_20R.png,0,-0.7339538657986215,,0.0007559061050415,-0.11838649172126547,chromosome
0,0.0007418990135192,183262,183262.4~A31.K_20,20,,normal,183262.4~A31.K_20L.png,183262.4~A31.K_20R.png,train,/data5/chensx/MyProject/UAE/data/arrangement_merged/chr_20/183262.4~A31.K_20L.png,/data5/chensx/MyProject/UAE/data/arrangement_merged/chr_20/183262.4~A31.K_20R.png,0,-0.7516701140442601,,0.0007418990135192,-0.20254050824702224,chromosome
0,0.0008150339126586,183262,183262.4~A50.K_20,20,,normal,183262.4~A50.K_20L.png,183262.4~A50.K_20R.png,train,/data5/chensx/MyProject/UAE/data/arrangement_merged/chr_20/183262.4~A50.K_20L.png,/data5/chensx/MyProject/UAE/data/arrangement_merged/chr_20/183262.4~A50.K_20R.png,0,-0.659168681714905,,0.0008150339126586,0.23685088867418794,chromosome
0,0.0006438493728637,183786,183786.11~A44.K_20,20,,normal,183786.11~A44.K_20L.png,183786.11~A44.K_20R.png,train,/data5/chensx/MyProject/UAE/data/arrangement_merged/chr_20/183786.11~A44.K_20L.png,/data5/chensx/MyProject/UAE/data/arrangement_merged/chr_20/183786.11~A44.K_20R.png,0,-0.4032473231853739,,0.0006438493728637,-0.7916186239237167,chromosome
0,0.0007383227348327,183786,183786.12~A1.K_20,20,,normal,183786.12~A1.K_20L.png,183786.12~A1.K_20R.png,train,/data5/chensx/MyProject/UAE/data/arrangement_merged/chr_20/183786.12~A1.K_20L.png,/data5/chensx/MyProject/UAE/data/arrangement_merged/chr_20/183786.12~A1.K_20R.png,0,-0.3539792449085093,,0.0007383227348327,-0.22402664012567058,chromosome
0,0.0007020235061645,183786,183786.12~A12.K_20,20,,normal,183786.12~A12.K_20L.png,183786.12~A12.K_20R.png,train,/data5/chensx/MyProject/UAE/data/arrangement_merged/chr_20/183786.12~A12.K_20L.png,/data5/chensx/MyProject/UAE/data/arrangement_merged/chr_20/183786.12~A12.K_20R.png,0,-0.3729093771928061,,0.0007020235061645,-0.442110878695302,chromosome
0,0.0006952285766601,183786,183786.12~A15.K_20,20,,normal,183786.12~A15.K_20L.png,183786.12~A15.K_20R.png,train,/data5/chensx/MyProject/UAE/data/arrangement_merged/chr_20/183786.12~A15.K_20L.png,/data5/chensx/MyProject/UAE/data/arrangement_merged/chr_20/183786.12~A15.K_20R.png,0,-0.3764529487534134,,0.0006952285766601,-0.48293452926503444,chromosome
0,0.0007640719413757,183786,183786.12~A16.K_20,20,,normal,183786.12~A16.K_20L.png,183786.12~A16.K_20R.png,train,/data5/chensx/MyProject/UAE/data/arrangement_merged/chr_20/183786.12~A16.K_20L.png,/data5/chensx/MyProject/UAE/data/arrangement_merged/chr_20/183786.12~A16.K_20R.png,0,-0.3405509737314711,,0.0007640719413757,-0.06932649059820178,chromosome
0,0.0010610818862915,183786,183786.12~A34.K_20,20,,normal,183786.12~A34.K_20L.png,183786.12~A34.K_20R.png,train,/data5/chensx/MyProject/UAE/data/arrangement_merged/chr_20/183786.12~A34.K_20L.png,/data5/chensx/MyProject/UAE/data/arrangement_merged/chr_20/183786.12~A34.K_20R.png,0,-0.1856595957796625,,0.0010610818862915,1.7150967619354007,chromosome
0,0.0006544589996337,183786,183786.12~A41.K_20,20,,normal,183786.12~A41.K_20L.png,183786.12~A41.K_20R.png,train,/data5/chensx/MyProject/UAE/data/arrangement_merged/chr_20/183786.12~A41.K_20L.png,/data5/chensx/MyProject/UAE/data/arrangement_merged/chr_20/183786.12~A41.K_20R.png,0,-0.3977143781170573,,0.0006544589996337,-0.7278764326834264,chromosome
0,0.0006600618362426,183786,183786.12~A47.K_20,20,,normal,183786.12~A47.K_20L.png,183786.12~A47.K_20R.png,train,/data5/chensx/MyProject/UAE/data/arrangement_merged/chr_20/183786.12~A47.K_20L.png,/data5/chensx/MyProject/UAE/data/arrangement_merged/chr_20/183786.12~A47.K_20R.png,0,-0.3947924857776091,,0.0006600618362426,-0.694214826073244,chromosome
0,0.0008389949798583,183786,183786.13~A10.K_20,20,,normal,183786.13~A10.K_20L.png,183786.13~A10.K_20R.png,train,/data5/chensx/MyProject/UAE/data/arrangement_merged/chr_20/183786.13~A10.K_20L.png,/data5/chensx/MyProject/UAE/data/arrangement_merged/chr_20/183786.13~A10.K_20R.png,0,-0.3014784346816169,,0.0008389949798583,0.3808079722620323,chromosome
0,0.0008487701416015,183786,183786.13~A12.K_20,20,,normal,183786.13~A12.K_20L.png,183786.13~A12.K_20R.png,train,/data5/chensx/MyProject/UAE/data/arrangement_merged/chr_20/183786.13~A12.K_20L.png,/data5/chensx/MyProject/UAE/data/arrangement_merged/chr_20/183786.13~A12.K_20R.png,0,-0.2963806650681116,,0.0008487701416015,0.43953673273093863,chromosome
0,0.0006393194198608,183786,183786.13~A29.K_20,20,,normal,183786.13~A29.K_20L.png,183786.13~A29.K_20R.png,train,/data5/chensx/MyProject/UAE/data/arrangement_merged/chr_20/183786.13~A29.K_20L.png,/data5/chensx/MyProject/UAE/data/arrangement_merged/chr_20/183786.13~A29.K_20R.png,0,-0.4056097042257788,,0.0006393194198608,-0.8188343909700043,chromosome
0,0.0007212162017822,183786,183786.13~A34.K_20,20,,normal,183786.13~A34.K_20L.png,183786.13~A34.K_20R.png,train,/data5/chensx/MyProject/UAE/data/arrangement_merged/chr_20/183786.13~A34.K_20L.png,/data5/chensx/MyProject/UAE/data/arrangement_merged/chr_20/183786.13~A34.K_20R.png,0,-0.3629003417321434,,0.0007212162017822,-0.3268019709456555,chromosome
0,0.0006945133209228,183786,183786.13~A43.K_20,20,,normal,183786.13~A43.K_20L.png,183786.13~A43.K_20R.png,train,/data5/chensx/MyProject/UAE/data/arrangement_merged/chr_20/183786.13~A43.K_20L.png,/data5/chensx/MyProject/UAE/data/arrangement_merged/chr_20/183786.13~A43.K_20R.png,0,-0.376825956286109,,0.0006945133209228,-0.4872317556407642,chromosome
0,0.0006737112998962,183786,183786.14~A17.K_20,20,,normal,183786.14~A17.K_20L.png,183786.14~A17.K_20R.png,train,/data5/chensx/MyProject/UAE/data/arrangement_merged/chr_20/183786.14~A17.K_20L.png,/data5/chensx/MyProject/UAE/data/arrangement_merged/chr_20/183786.14~A17.K_20R.png,0,-0.3876742586953365,,0.0006737112998962,-0.6122094227356522,chromosome
0,0.0008602738380432,183786,183786.14~A24.K_20,20,,normal,183786.14~A24.K_20L.png,183786.14~A24.K_20R.png,train,/data5/chensx/MyProject/UAE/data/arrangement_merged/chr_20/183786.14~A24.K_20L.png,/data5/chensx/MyProject/UAE/data/arrangement_merged/chr_20/183786.14~A24.K_20R.png,0,-0.2903814605839256,,0.0008602738380432,0.5086504569413411,chromosome
0,0.000645637512207,183786,183786.14~A38.K_20,20,,normal,183786.14~A38.K_20L.png,183786.14~A38.K_20R.png,train,/data5/chensx/MyProject/UAE/data/arrangement_merged/chr_20/183786.14~A38.K_20L.png,/data5/chensx/MyProject/UAE/data/arrangement_merged/chr_20/183786.14~A38.K_20R.png,0,-0.4023148043536351,,0.000645637512207,-0.7808755579840923,chromosome
0,0.0006242990493774,183786,183786.14~A39.K_20,20,,normal,183786.14~A39.K_20L.png,183786.14~A39.K_20R.png,train,/data5/chensx/MyProject/UAE/data/arrangement_merged/chr_20/183786.14~A39.K_20L.png,/data5/chensx/MyProject/UAE/data/arrangement_merged/chr_20/183786.14~A39.K_20R.png,0,-0.4134428624123843,,0.0006242990493774,-0.9090761448609281,chromosome
0,0.0008375644683837,183786,183786.1~A44.K_20,20,,normal,183786.1~A44.K_20L.png,183786.1~A44.K_20R.png,train,/data5/chensx/MyProject/UAE/data/arrangement_merged/chr_20/183786.1~A44.K_20L.png,/data5/chensx/MyProject/UAE/data/arrangement_merged/chr_20/183786.1~A44.K_20R.png,0,-0.3022244497470079,,0.0008375644683837,0.3722135195105733,chromosome
0,0.0006366372108459,183786,183786.2~A14.K_20,20,,normal,183786.2~A14.K_20L.png,183786.2~A14.K_20R.png,train,/data5/chensx/MyProject/UAE/data/arrangement_merged/chr_20/183786.2~A14.K_20L.png,/data5/chensx/MyProject/UAE/data/arrangement_merged/chr_20/183786.2~A14.K_20R.png,0,-0.4070084824733869,,0.0006366372108459,-0.8349489898791411,chromosome
0,0.0007107853889465,183786,183786.2~A4.K_20,20,,normal,183786.2~A4.K_20L.png,183786.2~A4.K_20R.png,train,/data5/chensx/MyProject/UAE/data/arrangement_merged/chr_20/183786.2~A4.K_20L.png,/data5/chensx/MyProject/UAE/data/arrangement_merged/chr_20/183786.2~A4.K_20R.png,0,-0.3683400349172862,,0.0007107853889465,-0.3894698555921633,chromosome
0,0.0006976127624511,183786,183786.2~A49.K_20,20,,normal,183786.2~A49.K_20L.png,183786.2~A49.K_20R.png,train,/data5/chensx/MyProject/UAE/data/arrangement_merged/chr_20/183786.2~A49.K_20L.png,/data5/chensx/MyProject/UAE/data/arrangement_merged/chr_20/183786.2~A49.K_20R.png,0,-0.3752095903110951,,0.0006976127624511,-0.46861044134593555,chromosome
0,0.0006341934204101,183786,183786.3~A1.K_20,20,,normal,183786.3~A1.K_20L.png,183786.3~A1.K_20R.png,train,/data5/chensx/MyProject/UAE/data/arrangement_merged/chr_20/183786.3~A1.K_20L.png,/data5/chensx/MyProject/UAE/data/arrangement_merged/chr_20/183786.3~A1.K_20R.png,0,-0.4082829248767632,,0.0006341934204101,-0.8496311799963676,chromosome
0,0.0006574392318725,183786,183786.3~A25.K_20,20,,normal,183786.3~A25.K_20L.png,183786.3~A25.K_20R.png,train,/data5/chensx/MyProject/UAE/data/arrangement_merged/chr_20/183786.3~A25.K_20L.png,/data5/chensx/MyProject/UAE/data/arrangement_merged/chr_20/183786.3~A25.K_20R.png,0,-0.3961601800641593,,0.0006574392318725,-0.7099713227842525,chromosome
0,0.0006697177886962,183786,183786.3~A36.K_20,20,,normal,183786.3~A36.K_20L.png,183786.3~A36.K_20R.png,train,/data5/chensx/MyProject/UAE/data/arrangement_merged/chr_20/183786.3~A36.K_20L.png,/data5/chensx/MyProject/UAE/data/arrangement_merged/chr_20/183786.3~A36.K_20R.png,0,-0.3897568840862198,,0.0006697177886962,-0.636202270000593,chromosome
0,0.0009913444519042,183786,183786.3~A37.K_20,20,,normal,183786.3~A37.K_20L.png,183786.3~A37.K_20R.png,train,/data5/chensx/MyProject/UAE/data/arrangement_merged/chr_20/183786.3~A37.K_20L.png,/data5/chensx/MyProject/UAE/data/arrangement_merged/chr_20/183786.3~A37.K_20R.png,0,-0.2220278302174743,,0.0009913444519042,1.2961171902984552,chromosome
0,0.0008625388145446,183786,183786.3~A44.K_20,20,,normal,183786.3~A44.K_20L.png,183786.3~A44.K_20R.png,train,/data5/chensx/MyProject/UAE/data/arrangement_merged/chr_20/183786.3~A44.K_20L.png,/data5/chensx/MyProject/UAE/data/arrangement_merged/chr_20/183786.3~A44.K_20R.png,0,-0.2892002700637232,,0.0008625388145446,0.5222583404641846,chromosome
0,0.0009716153144836,183786,183786.4~A49.K_20,20,,normal,183786.4~A49.K_20L.png,183786.4~A49.K_20R.png,train,/data5/chensx/MyProject/UAE/data/arrangement_merged/chr_20/183786.4~A49.K_20L.png,/data5/chensx/MyProject/UAE/data/arrangement_merged/chr_20/183786.4~A49.K_20R.png,0,-0.2323166213276586,,0.0009716153144836,1.177585362767462,chromosome
0,0.0005527138710021,183786,183786.5~A1.K_20,20,,normal,183786.5~A1.K_20L.png,183786.5~A1.K_20R.png,train,/data5/chensx/MyProject/UAE/data/arrangement_merged/chr_20/183786.5~A1.K_20L.png,/data5/chensx/MyProject/UAE/data/arrangement_merged/chr_20/183786.5~A1.K_20R.png,0,-0.4507746996429929,,0.0005527138710021,-1.3391568846350246,chromosome
0,0.0013250112533569,183786,183786.5~A31.K_20,20,,normal,183786.5~A31.K_20L.png,183786.5~A31.K_20R.png,train,/data5/chensx/MyProject/UAE/data/arrangement_merged/chr_20/183786.5~A31.K_20L.png,/data5/chensx/MyProject/UAE/data/arrangement_merged/chr_20/183786.5~A31.K_20R.png,0,-0.0480198162150211,,0.0013250112533569,3.3007732945898547,chromosome
0,0.0008188486099243,183786,183786.5~A33.K_20,20,,normal,183786.5~A33.K_20L.png,183786.5~A33.K_20R.png,train,/data5/chensx/MyProject/UAE/data/arrangement_merged/chr_20/183786.5~A33.K_20L.png,/data5/chensx/MyProject/UAE/data/arrangement_merged/chr_20/183786.5~A33.K_20R.png,0,-0.311984813519207,,0.0008188486099243,0.259769429345347,chromosome
0,0.0008572340011596,183786,183786.5~A42.K_20,20,,normal,183786.5~A42.K_20L.png,183786.5~A42.K_20R.png,train,/data5/chensx/MyProject/UAE/data/arrangement_merged/chr_20/183786.5~A42.K_20L.png,/data5/chensx/MyProject/UAE/data/arrangement_merged/chr_20/183786.5~A42.K_20R.png,0,-0.2919667425978815,,0.0008572340011596,0.4903872448440395,chromosome
0,0.0006483793258666,183786,183786.5~A44.K_20,20,,normal,183786.5~A44.K_20L.png,183786.5~A44.K_20R.png,train,/data5/chensx/MyProject/UAE/data/arrangement_merged/chr_20/183786.5~A44.K_20L.png,/data5/chensx/MyProject/UAE/data/arrangement_merged/chr_20/183786.5~A44.K_20R.png,0,-0.400884942144969,,0.0006483793258666,-0.764402856877429,chromosome
0,0.0006768703460693,183786,183786.5~A6.K_20,20,,normal,183786.5~A6.K_20L.png,183786.5~A6.K_20R.png,train,/data5/chensx/MyProject/UAE/data/arrangement_merged/chr_20/183786.5~A6.K_20L.png,/data5/chensx/MyProject/UAE/data/arrangement_merged/chr_20/183786.5~A6.K_20R.png,0,-0.3860268087592647,,0.0006768703460693,-0.5932300062426958,chromosome
0,0.0007333755493164,183786,183786.5~A8.K_20,20,,normal,183786.5~A8.K_20L.png,183786.5~A8.K_20R.png,train,/data5/chensx/MyProject/UAE/data/arrangement_merged/chr_20/183786.5~A8.K_20L.png,/data5/chensx/MyProject/UAE/data/arrangement_merged/chr_20/183786.5~A8.K_20R.png,0,-0.3565592136763199,,0.0007333755493164,-0.25374912255765086,chromosome
0,0.0005621314048767,184752,184752.11~A43.K_20,20,,normal,184752.11~A43.K_20L.png,184752.11~A43.K_20R.png,train,/data5/chensx/MyProject/UAE/data/arrangement_merged/chr_20/184752.11~A43.K_20L.png,/data5/chensx/MyProject/UAE/data/arrangement_merged/chr_20/184752.11~A43.K_20R.png,0,-0.9772042671216628,,0.0005621314048767,-1.2825767373536832,chromosome
0,0.0006886720657348,184752,184752.13~A19.K_20,20,,normal,184752.13~A19.K_20L.png,184752.13~A19.K_20R.png,train,/data5/chensx/MyProject/UAE/data/arrangement_merged/chr_20/184752.13~A19.K_20L.png,/data5/chensx/MyProject/UAE/data/arrangement_merged/chr_20/184752.13~A19.K_20R.png,0,-0.7764708053151231,,0.0006886720657348,-0.5223257710428567,chromosome
0,0.0006335973739624,184752,184752.13~A20.K_20,20,,normal,184752.13~A20.K_20L.png,184752.13~A20.K_20R.png,train,/data5/chensx/MyProject/UAE/data/arrangement_merged/chr_20/184752.13~A20.K_20L.png,/data5/chensx/MyProject/UAE/data/arrangement_merged/chr_20/184752.13~A20.K_20R.png,0,-0.863836664339731,,0.0006335973739624,-0.8532122019758421,chromosome
0,0.000710129737854,184752,184752.14~A10.K_20,20,,normal,184752.14~A10.K_20L.png,184752.14~A10.K_20R.png,train,/data5/chensx/MyProject/UAE/data/arrangement_merged/chr_20/184752.14~A10.K_20L.png,/data5/chensx/MyProject/UAE/data/arrangement_merged/chr_20/184752.14~A10.K_20R.png,0,-0.7424321589418993,,0.000710129737854,-0.3934089797697654,chromosome
0,0.0007277131080627,184752,184752.14~A14.K_20,20,,normal,184752.14~A14.K_20L.png,184752.14~A14.K_20R.png,train,/data5/chensx/MyProject/UAE/data/arrangement_merged/chr_20/184752.14~A14.K_20L.png,/data5/chensx/MyProject/UAE/data/arrangement_merged/chr_20/184752.14~A14.K_20R.png,0,-0.714539379274952,,0.0007277131080627,-0.2877688313659609,chromosome
0,0.0007568597793579,184752,184752.14~A43.K_20,20,,normal,184752.14~A43.K_20L.png,184752.14~A43.K_20R.png,train,/data5/chensx/MyProject/UAE/data/arrangement_merged/chr_20/184752.14~A43.K_20L.png,/data5/chensx/MyProject/UAE/data/arrangement_merged/chr_20/184752.14~A43.K_20R.png,0,-0.6683035512846562,,0.0007568597793579,-0.11265685655362619,chromosome
0,0.0006367564201354,184752,184752.2~A30.K_20,20,,normal,184752.2~A30.K_20L.png,184752.2~A30.K_20R.png,train,/data5/chensx/MyProject/UAE/data/arrangement_merged/chr_20/184752.2~A30.K_20L.png,/data5/chensx/MyProject/UAE/data/arrangement_merged/chr_20/184752.2~A30.K_20R.png,0,-0.8588254191792286,,0.0006367564201354,-0.8342327854834863,chromosome
0,0.0011419057846069,184752,184752.2~A50.K_20,20,,normal,184752.2~A50.K_20L.png,184752.2~A50.K_20R.png,train,/data5/chensx/MyProject/UAE/data/arrangement_merged/chr_20/184752.2~A50.K_20L.png,/data5/chensx/MyProject/UAE/data/arrangement_merged/chr_20/184752.2~A50.K_20R.png,0,-0.0574989524762505,,0.0011419057846069,2.200683342395855,chromosome
0,0.000637948513031,184752,184752.3~A13.K_20,20,,normal,184752.3~A13.K_20L.png,184752.3~A13.K_20R.png,train,/data5/chensx/MyProject/UAE/data/arrangement_merged/chr_20/184752.3~A13.K_20L.png,/data5/chensx/MyProject/UAE/data/arrangement_merged/chr_20/184752.3~A13.K_20R.png,0,-0.8569343832696051,,0.000637948513031,-0.8270707415233363,chromosome
0,0.0007526874542236,184752,184752.3~A16.K_20,20,,normal,184752.3~A16.K_20L.png,184752.3~A16.K_20R.png,train,/data5/chensx/MyProject/UAE/data/arrangement_merged/chr_20/184752.3~A16.K_20L.png,/data5/chensx/MyProject/UAE/data/arrangement_merged/chr_20/184752.3~A16.K_20R.png,0,-0.6749221769683387,,0.0007526874542236,-0.13772401041234955,chromosome
0,0.0007984638214111,184752,184752.4~A27.K_20,20,,normal,184752.4~A27.K_20L.png,184752.4~A27.K_20R.png,train,/data5/chensx/MyProject/UAE/data/arrangement_merged/chr_20/184752.4~A27.K_20L.png,/data5/chensx/MyProject/UAE/data/arrangement_merged/chr_20/184752.4~A27.K_20R.png,0,-0.6023063980387945,,0.0007984638214111,0.13729847763615038,chromosome
0,0.0006507039070129,184793,184793.11~A18.K_20,20,,normal,184793.11~A18.K_20L.png,184793.11~A18.K_20R.png,train,/data5/chensx/MyProject/UAE/data/arrangement_merged/chr_20/184793.11~A18.K_20L.png,/data5/chensx/MyProject/UAE/data/arrangement_merged/chr_20/184793.11~A18.K_20R.png,0,-0.8579132163009076,,0.0006507039070129,-0.7504368711558572,chromosome
0,0.0010487437248229,184793,184793.12~A12.K_20,20,,normal,184793.12~A12.K_20L.png,184793.12~A12.K_20R.png,train,/data5/chensx/MyProject/UAE/data/arrangement_merged/chr_20/184793.12~A12.K_20L.png,/data5/chensx/MyProject/UAE/data/arrangement_merged/chr_20/184793.12~A12.K_20R.png,0,-0.352235516278183,,0.0010487437248229,1.640969606953013,chromosome
0,0.0007727146148681,184793,184793.12~A27.K_20,20,,normal,184793.12~A27.K_20L.png,184793.12~A27.K_20R.png,train,/data5/chensx/MyProject/UAE/data/arrangement_merged/chr_20/184793.12~A27.K_20L.png,/data5/chensx/MyProject/UAE/data/arrangement_merged/chr_20/184793.12~A27.K_20R.png,0,-0.7029083867192188,,0.0007727146148681,-0.017401671891318433,chromosome
0,0.0009078979492187,184793,184793.12~A32.K_20,20,,normal,184793.12~A32.K_20L.png,184793.12~A32.K_20R.png,train,/data5/chensx/MyProject/UAE/data/arrangement_merged/chr_20/184793.12~A32.K_20L.png,/data5/chensx/MyProject/UAE/data/arrangement_merged/chr_20/184793.12~A32.K_20R.png,0,-0.531168790485086,,0.0009078979492187,0.7947741131269926,chromosome
0,0.0007922053337097,184793,184793.12~A38.K_20,20,,normal,184793.12~A38.K_20L.png,184793.12~A38.K_20R.png,train,/data5/chensx/MyProject/UAE/data/arrangement_merged/chr_20/184793.12~A38.K_20L.png,/data5/chensx/MyProject/UAE/data/arrangement_merged/chr_20/184793.12~A38.K_20R.png,0,-0.6781469899076839,,0.0007922053337097,0.09969774684836594,chromosome
0,0.0009421110153198,184793,184793.12~A42.K_20,20,,normal,184793.12~A42.K_20L.png,184793.12~A42.K_20R.png,train,/data5/chensx/MyProject/UAE/data/arrangement_merged/chr_20/184793.12~A42.K_20L.png,/data5/chensx/MyProject/UAE/data/arrangement_merged/chr_20/184793.12~A42.K_20R.png,0,-0.4877038309443486,,0.0009421110153198,1.000324774767563,chromosome
0,0.0005638599395751,184793,184793.13~A10.K_20,20,,normal,184793.13~A10.K_20L.png,184793.13~A10.K_20R.png,train,/data5/chensx/MyProject/UAE/data/arrangement_merged/chr_20/184793.13~A10.K_20L.png,/data5/chensx/MyProject/UAE/data/arrangement_merged/chr_20/184793.13~A10.K_20R.png,0,-0.9682415195253924,,0.0005638599395751,-1.272191773612787,chromosome
0,0.001139760017395,184793,184793.13~A16.K_20,20,,normal,184793.13~A16.K_20L.png,184793.13~A16.K_20R.png,train,/data5/chensx/MyProject/UAE/data/arrangement_merged/chr_20/184793.13~A16.K_20L.png,/data5/chensx/MyProject/UAE/data/arrangement_merged/chr_20/184793.13~A16.K_20R.png,0,-0.236606608231657,,0.001139760017395,2.187791663268666,chromosome
0,0.0006905198097229,184793,184793.13~A43.K_20,20,,normal,184793.13~A43.K_20L.png,184793.13~A43.K_20R.png,train,/data5/chensx/MyProject/UAE/data/arrangement_merged/chr_20/184793.13~A43.K_20L.png,/data5/chensx/MyProject/UAE/data/arrangement_merged/chr_20/184793.13~A43.K_20R.png,0,-0.8073303017134292,,0.0006905198097229,-0.5112246029051045,chromosome
0,0.0007866024971008,184793,184793.14~A14.K_20,20,,normal,184793.14~A14.K_20L.png,184793.14~A14.K_20R.png,train,/data5/chensx/MyProject/UAE/data/arrangement_merged/chr_20/184793.14~A14.K_20L.png,/data5/chensx/MyProject/UAE/data/arrangement_merged/chr_20/184793.14~A14.K_20R.png,0,-0.6852649449544248,,0.0007866024971008,0.0660361402381836,chromosome
0,0.0005384087562561,184793,184793.14~A26.K_20,20,,normal,184793.14~A26.K_20L.png,184793.14~A26.K_20R.png,train,/data5/chensx/MyProject/UAE/data/arrangement_merged/chr_20/184793.14~A26.K_20L.png,/data5/chensx/MyProject/UAE/data/arrangement_merged/chr_20/184793.14~A26.K_20R.png,0,-1.0005752089398432,,0.0005384087562561,-1.4251014121496173,chromosome
0,0.0009043216705322,184793,184793.14~A27.K_20,20,,normal,184793.14~A27.K_20L.png,184793.14~A27.K_20R.png,train,/data5/chensx/MyProject/UAE/data/arrangement_merged/chr_20/184793.14~A27.K_20L.png,/data5/chensx/MyProject/UAE/data/arrangement_merged/chr_20/184793.14~A27.K_20R.png,0,-0.5357121660468356,,0.0009043216705322,0.7732879812483442,chromosome
0,0.0006998181343078,184793,184793.14~A3.K_20,20,,normal,184793.14~A3.K_20L.png,184793.14~A3.K_20R.png,train,/data5/chensx/MyProject/UAE/data/arrangement_merged/chr_20/184793.14~A3.K_20L.png,/data5/chensx/MyProject/UAE/data/arrangement_merged/chr_20/184793.14~A3.K_20R.png,0,-0.7955175252528804,,0.0006998181343078,-0.4553606600206191,chromosome
0,0.0005363225936889,184793,184793.14~A30.K_20,20,,normal,184793.14~A30.K_20L.png,184793.14~A30.K_20R.png,train,/data5/chensx/MyProject/UAE/data/arrangement_merged/chr_20/184793.14~A30.K_20L.png,/data5/chensx/MyProject/UAE/data/arrangement_merged/chr_20/184793.14~A30.K_20R.png,0,-1.003225511350864,,0.0005363225936889,-1.4376349890792797,chromosome
0,0.0009397268295288,184793,184793.14~A32.K_20,20,,normal,184793.14~A32.K_20L.png,184793.14~A32.K_20R.png,train,/data5/chensx/MyProject/UAE/data/arrangement_merged/chr_20/184793.14~A32.K_20L.png,/data5/chensx/MyProject/UAE/data/arrangement_merged/chr_20/184793.14~A32.K_20R.png,0,-0.490732747985515,,0.0009397268295288,0.986000686848464,chromosome
0,0.0006707906723022,184793,184793.14~A33.K_20,20,,normal,184793.14~A33.K_20L.png,184793.14~A33.K_20R.png,train,/data5/chensx/MyProject/UAE/data/arrangement_merged/chr_20/184793.14~A33.K_20L.png,/data5/chensx/MyProject/UAE/data/arrangement_merged/chr_20/184793.14~A33.K_20R.png,0,-0.8323945902290809,,0.0006707906723022,-0.6297564304366984,chromosome
0,0.000944972038269,184793,184793.14~A4.K_20,20,,normal,184793.14~A4.K_20L.png,184793.14~A4.K_20R.png,train,/data5/chensx/MyProject/UAE/data/arrangement_merged/chr_20/184793.14~A4.K_20L.png,/data5/chensx/MyProject/UAE/data/arrangement_merged/chr_20/184793.14~A4.K_20R.png,0,-0.484069130494949,,0.000944972038269,1.0175136802704814,chromosome
0,0.0007661581039428,184793,184793.14~A9.K_20,20,,normal,184793.14~A9.K_20L.png,184793.14~A9.K_20R.png,train,/data5/chensx/MyProject/UAE/data/arrangement_merged/chr_20/184793.14~A9.K_20L.png,/data5/chensx/MyProject/UAE/data/arrangement_merged/chr_20/184793.14~A9.K_20R.png,0,-0.7112379085824263,,0.0007661581039428,-0.05679291366914071,chromosome
0,0.0007997155189514,184793,184793.1~A26.K_20,20,,normal,184793.1~A26.K_20L.png,184793.1~A26.K_20R.png,train,/data5/chensx/MyProject/UAE/data/arrangement_merged/chr_20/184793.1~A26.K_20L.png,/data5/chensx/MyProject/UAE/data/arrangement_merged/chr_20/184793.1~A26.K_20R.png,0,-0.6686059012280098,,0.0007997155189514,0.1448186237938275,chromosome
0,0.000722587108612,184793,184793.2~A4.K_20,20,,normal,184793.2~A4.K_20L.png,184793.2~A4.K_20R.png,train,/data5/chensx/MyProject/UAE/data/arrangement_merged/chr_20/184793.2~A4.K_20L.png,/data5/chensx/MyProject/UAE/data/arrangement_merged/chr_20/184793.2~A4.K_20R.png,0,-0.7665913675097417,,0.000722587108612,-0.31856562039232356,chromosome
0,0.0007466077804565,184793,184793.3~A8.K_20,20,,normal,184793.3~A8.K_20L.png,184793.3~A8.K_20R.png,train,/data5/chensx/MyProject/UAE/data/arrangement_merged/chr_20/184793.3~A8.K_20L.png,/data5/chensx/MyProject/UAE/data/arrangement_merged/chr_20/184793.3~A8.K_20R.png,0,-0.7360750283199905,,0.0007466077804565,-0.17425043460635153,chromosome
0,0.0005996227264404,185290,185290.11~A25.K_20,20,,normal,185290.11~A25.K_20L.png,185290.11~A25.K_20R.png,train,/data5/chensx/MyProject/UAE/data/arrangement_merged/chr_20/185290.11~A25.K_20L.png,/data5/chensx/MyProject/UAE/data/arrangement_merged/chr_20/185290.11~A25.K_20R.png,0,-0.9370456956954892,,0.0005996227264404,-1.0573304548245024,chromosome
0,0.0006023645401,185290,185290.11~A27.K_20,20,,normal,185290.11~A27.K_20L.png,185290.11~A27.K_20R.png,train,/data5/chensx/MyProject/UAE/data/arrangement_merged/chr_20/185290.11~A27.K_20L.png,/data5/chensx/MyProject/UAE/data/arrangement_merged/chr_20/185290.11~A27.K_20R.png,0,-0.9333850600201168,,0.0006023645401,-1.0408577537178392,chromosome
0,0.0007611513137817,185290,185290.11~A38.K_20,20,,normal,185290.11~A38.K_20L.png,185290.11~A38.K_20R.png,train,/data5/chensx/MyProject/UAE/data/arrangement_merged/chr_20/185290.11~A38.K_20L.png,/data5/chensx/MyProject/UAE/data/arrangement_merged/chr_20/185290.11~A38.K_20R.png,0,-0.7213865069941948,,0.0007611513137817,-0.08687349829924802,chromosome
0,0.0006561279296875,185290,185290.12~A12.K_20,20,,normal,185290.12~A12.K_20L.png,185290.12~A12.K_20R.png,train,/data5/chensx/MyProject/UAE/data/arrangement_merged/chr_20/185290.12~A12.K_20L.png,/data5/chensx/MyProject/UAE/data/arrangement_merged/chr_20/185290.12~A12.K_20R.png,0,-0.8616047691682467,,0.0006561279296875,-0.7178495711394567,chromosome
0,0.0005269050598144,185290,185290.12~A33.K_20,20,,normal,185290.12~A33.K_20L.png,185290.12~A33.K_20R.png,train,/data5/chensx/MyProject/UAE/data/arrangement_merged/chr_20/185290.12~A33.K_20L.png,/data5/chensx/MyProject/UAE/data/arrangement_merged/chr_20/185290.12~A33.K_20R.png,0,-1.034132120129282,,0.0005269050598144,-1.4942151363600205,chromosome
0,0.0008124113082885,185290,185290.12~A35.K_20,20,,normal,185290.12~A35.K_20L.png,185290.12~A35.K_20R.png,train,/data5/chensx/MyProject/UAE/data/arrangement_merged/chr_20/185290.12~A35.K_20L.png,/data5/chensx/MyProject/UAE/data/arrangement_merged/chr_20/185290.12~A35.K_20R.png,0,-0.6529485356720128,,0.0008124113082885,0.22109439196317887,chromosome
0,0.0007910132408142,185290,185290.12~A49.K_20,20,,normal,185290.12~A49.K_20L.png,185290.12~A49.K_20R.png,train,/data5/chensx/MyProject/UAE/data/arrangement_merged/chr_20/185290.12~A49.K_20L.png,/data5/chensx/MyProject/UAE/data/arrangement_merged/chr_20/185290.12~A49.K_20R.png,0,-0.6815174097472028,,0.0007910132408142,0.09253570288881648,chromosome
0,0.0011163353919982,185290,185290.12~A5.K_20,20,,normal,185290.12~A5.K_20L.png,185290.12~A5.K_20R.png,train,/data5/chensx/MyProject/UAE/data/arrangement_merged/chr_20/185290.12~A5.K_20L.png,/data5/chensx/MyProject/UAE/data/arrangement_merged/chr_20/185290.12~A5.K_20R.png,0,-0.2471750289606107,,0.0011163353919982,2.0470574994621678,chromosome
0,0.0010225772857666,185290,185290.12~A50.K_20,20,,normal,185290.12~A50.K_20L.png,185290.12~A50.K_20R.png,train,/data5/chensx/MyProject/UAE/data/arrangement_merged/chr_20/185290.12~A50.K_20L.png,/data5/chensx/MyProject/UAE/data/arrangement_merged/chr_20/185290.12~A50.K_20R.png,0,-0.3723528532510668,,0.0010225772857666,1.4837627420404529,chromosome
0,0.0007241964340209,185290,185290.12~A7.K_20,20,,normal,185290.12~A7.K_20L.png,185290.12~A7.K_20R.png,train,/data5/chensx/MyProject/UAE/data/arrangement_merged/chr_20/185290.12~A7.K_20L.png,/data5/chensx/MyProject/UAE/data/arrangement_merged/chr_20/185290.12~A7.K_20R.png,0,-0.7707255095753027,,0.0007241964340209,-0.30889686104708214,chromosome
0,0.0007257461547851,185290,185290.12~A8.K_20,20,,normal,185290.12~A8.K_20L.png,185290.12~A8.K_20R.png,train,/data5/chensx/MyProject/UAE/data/arrangement_merged/chr_20/185290.12~A8.K_20L.png,/data5/chensx/MyProject/UAE/data/arrangement_merged/chr_20/185290.12~A8.K_20R.png,0,-0.7686564546283531,,0.0007257461547851,-0.2995862038993678,chromosome
0,0.0008547306060791,185290,185290.13~A13.K_20,20,,normal,185290.13~A13.K_20L.png,185290.13~A13.K_20R.png,train,/data5/chensx/MyProject/UAE/data/arrangement_merged/chr_20/185290.13~A13.K_20L.png,/data5/chensx/MyProject/UAE/data/arrangement_merged/chr_20/185290.13~A13.K_20R.png,0,-0.5964474198130022,,0.0008547306060791,0.47534695252928644,chromosome
0,0.0006360411643981,185290,185290.13~A26.K_20,20,,normal,185290.13~A26.K_20L.png,185290.13~A26.K_20R.png,train,/data5/chensx/MyProject/UAE/data/arrangement_merged/chr_20/185290.13~A26.K_20L.png,/data5/chensx/MyProject/UAE/data/arrangement_merged/chr_20/185290.13~A26.K_20R.png,0,-0.8884229044421715,,0.0006360411643981,-0.838530011859216,chromosome
0,0.000548243522644,185290,185290.13~A28.K_20,20,,normal,185290.13~A28.K_20L.png,185290.13~A28.K_20R.png,train,/data5/chensx/MyProject/UAE/data/arrangement_merged/chr_20/185290.13~A28.K_20L.png,/data5/chensx/MyProject/UAE/data/arrangement_merged/chr_20/185290.13~A28.K_20R.png,0,-1.0056428250905134,,0.000548243522644,-1.3660145494831846,chromosome
0,0.0005152821540832,185290,185290.13~A30.K_20,20,,normal,185290.13~A30.K_20L.png,185290.13~A30.K_20R.png,train,/data5/chensx/MyProject/UAE/data/arrangement_merged/chr_20/185290.13~A30.K_20L.png,/data5/chensx/MyProject/UAE/data/arrangement_merged/chr_20/185290.13~A30.K_20R.png,0,-1.0496500322314049,,0.0005152821540832,-1.5640450649660778,chromosome
0,0.0006953477859497,185290,185290.13~A35.K_20,20,,normal,185290.13~A35.K_20L.png,185290.13~A35.K_20R.png,train,/data5/chensx/MyProject/UAE/data/arrangement_merged/chr_20/185290.13~A35.K_20L.png,/data5/chensx/MyProject/UAE/data/arrangement_merged/chr_20/185290.13~A35.K_20R.png,0,-0.8092417632031353,,0.0006953477859497,-0.4822183248687791,chromosome
0,0.0008454918861389,185290,185290.13~A36.K_20,20,,normal,185290.13~A36.K_20L.png,185290.13~A36.K_20R.png,train,/data5/chensx/MyProject/UAE/data/arrangement_merged/chr_20/185290.13~A36.K_20L.png,/data5/chensx/MyProject/UAE/data/arrangement_merged/chr_20/185290.13~A36.K_20R.png,0,-0.6087821704582792,,0.0008454918861389,0.4198411118423274,chromosome
0,0.0007576942443847,185290,185290.13~A46.K_20,20,,normal,185290.13~A46.K_20L.png,185290.13~A46.K_20R.png,train,/data5/chensx/MyProject/UAE/data/arrangement_merged/chr_20/185290.13~A46.K_20L.png,/data5/chensx/MyProject/UAE/data/arrangement_merged/chr_20/185290.13~A46.K_20R.png,0,-0.7260020911066211,,0.0007576942443847,-0.10764342578224159,chromosome
0,0.0009360313415527,185290,185290.13~A6.K_20,20,,normal,185290.13~A6.K_20L.png,185290.13~A6.K_20R.png,train,/data5/chensx/MyProject/UAE/data/arrangement_merged/chr_20/185290.13~A6.K_20L.png,/data5/chensx/MyProject/UAE/data/arrangement_merged/chr_20/185290.13~A6.K_20R.png,0,-0.4879016141345647,,0.0009360313415527,0.9637983505735603,chromosome
0,0.0009198188781738,185290,185290.13~A7.K_20,20,,normal,185290.13~A7.K_20L.png,185290.13~A7.K_20R.png,train,/data5/chensx/MyProject/UAE/data/arrangement_merged/chr_20/185290.13~A7.K_20L.png,/data5/chensx/MyProject/UAE/data/arrangement_merged/chr_20/185290.13~A7.K_20R.png,0,-0.5095471120411154,,0.0009198188781738,0.8663945527230877,chromosome
0,0.0006908774375915,185290,185290.14~A27.K_20,20,,normal,185290.14~A27.K_20L.png,185290.14~A27.K_20R.png,train,/data5/chensx/MyProject/UAE/data/arrangement_merged/chr_20/185290.14~A27.K_20L.png,/data5/chensx/MyProject/UAE/data/arrangement_merged/chr_20/185290.14~A27.K_20R.png,0,-0.815210190934721,,0.0006908774375915,-0.5090759897175396,chromosome
0,0.0008681416511535,185290,185290.14~A31.K_20,20,,normal,185290.14~A31.K_20L.png,185290.14~A31.K_20R.png,train,/data5/chensx/MyProject/UAE/data/arrangement_merged/chr_20/185290.14~A31.K_20L.png,/data5/chensx/MyProject/UAE/data/arrangement_merged/chr_20/185290.14~A31.K_20R.png,0,-0.5785421366182453,,0.0008681416511535,0.5559199470743676,chromosome
0,0.0012390613555908,185290,185290.14~A44.K_20,20,,normal,185290.14~A44.K_20L.png,185290.14~A44.K_20R.png,train,/data5/chensx/MyProject/UAE/data/arrangement_merged/chr_20/185290.14~A44.K_20L.png,/data5/chensx/MyProject/UAE/data/arrangement_merged/chr_20/185290.14~A44.K_20R.png,0,-0.0833217929694797,,0.0012390613555908,2.7843899251030373,chromosome
0,0.0007859468460083,185290,185290.14~A47.K_20,20,,normal,185290.14~A47.K_20L.png,185290.14~A47.K_20R.png,train,/data5/chensx/MyProject/UAE/data/arrangement_merged/chr_20/185290.14~A47.K_20L.png,/data5/chensx/MyProject/UAE/data/arrangement_merged/chr_20/185290.14~A47.K_20R.png,0,-0.6882816278429998,,0.0007859468460083,0.06209701606058149,chromosome
0,0.000852882862091,185290,185290.1~A31.K_20,20,,normal,185290.1~A31.K_20L.png,185290.1~A31.K_20R.png,train,/data5/chensx/MyProject/UAE/data/arrangement_merged/chr_20/185290.1~A31.K_20L.png,/data5/chensx/MyProject/UAE/data/arrangement_merged/chr_20/185290.1~A31.K_20R.png,0,-0.5989143699420576,,0.000852882862091,0.4642457843915343,chromosome
0,0.0009405016899108,185290,185290.1~A32.K_20,20,,normal,185290.1~A32.K_20L.png,185290.1~A32.K_20R.png,train,/data5/chensx/MyProject/UAE/data/arrangement_merged/chr_20/185290.1~A32.K_20L.png,/data5/chensx/MyProject/UAE/data/arrangement_merged/chr_20/185290.1~A32.K_20R.png,0,-0.4819331864029791,,0.0009405016899108,0.9906560154217203,chromosome
0,0.0005759000778198,185290,185290.1~A35.K_20,20,,normal,185290.1~A35.K_20L.png,185290.1~A35.K_20R.png,train,/data5/chensx/MyProject/UAE/data/arrangement_merged/chr_20/185290.1~A35.K_20L.png,/data5/chensx/MyProject/UAE/data/arrangement_merged/chr_20/185290.1~A35.K_20R.png,0,-0.9687181521911036,,0.0005759000778198,-1.1998551296204365,chromosome
0,0.0005231499671936,185290,185290.2~A19.K_20,20,,normal,185290.2~A19.K_20L.png,185290.2~A19.K_20R.png,train,/data5/chensx/MyProject/UAE/data/arrangement_merged/chr_20/185290.2~A19.K_20L.png,/data5/chensx/MyProject/UAE/data/arrangement_merged/chr_20/185290.2~A19.K_20R.png,0,-1.039145599423814,,0.0005231499671936,-1.5167755748324507,chromosome
0,0.000616431236267,185290,185290.3~A26.K_20,20,,normal,185290.3~A26.K_20L.png,185290.3~A26.K_20R.png,train,/data5/chensx/MyProject/UAE/data/arrangement_merged/chr_20/185290.3~A26.K_20L.png,/data5/chensx/MyProject/UAE/data/arrangement_merged/chr_20/185290.3~A26.K_20R.png,0,-0.9146044074247272,,0.000616431236267,-0.9563456349945553,chromosome
0,0.0007214546203613,185290,185290.3~A32.K_20,20,,normal,185290.3~A32.K_20L.png,185290.3~A32.K_20R.png,train,/data5/chensx/MyProject/UAE/data/arrangement_merged/chr_20/185290.3~A32.K_20L.png,/data5/chensx/MyProject/UAE/data/arrangement_merged/chr_20/185290.3~A32.K_20R.png,0,-0.7743861452506753,,0.0007214546203613,-0.3253695621537453,chromosome
0,0.0007791519165039,185290,185290.4~A11.K_20,20,,normal,185290.4~A11.K_20L.png,185290.4~A11.K_20R.png,train,/data5/chensx/MyProject/UAE/data/arrangement_merged/chr_20/185290.4~A11.K_20L.png,/data5/chensx/MyProject/UAE/data/arrangement_merged/chr_20/185290.4~A11.K_20R.png,0,-0.69735363799501,,0.0007791519165039,0.021273365490849058,chromosome
0,0.000705063343048,185290,185290.4~A15.K_20,20,,normal,185290.4~A15.K_20L.png,185290.4~A15.K_20R.png,train,/data5/chensx/MyProject/UAE/data/arrangement_merged/chr_20/185290.4~A15.K_20L.png,/data5/chensx/MyProject/UAE/data/arrangement_merged/chr_20/185290.4~A15.K_20R.png,0,-0.7962703802664893,,0.000705063343048,-0.4238476665986016,chromosome
0,0.0008170008659362,185290,185290.4~A18.K_20,20,,normal,185290.4~A18.K_20L.png,185290.4~A18.K_20R.png,train,/data5/chensx/MyProject/UAE/data/arrangement_merged/chr_20/185290.4~A18.K_20L.png,/data5/chensx/MyProject/UAE/data/arrangement_merged/chr_20/185290.4~A18.K_20R.png,0,-0.646820949867585,,0.0008170008659362,0.24866826120759486,chromosome
0,0.0006906986236572,185290,185290.4~A28.K_20,20,,normal,185290.4~A28.K_20L.png,185290.4~A28.K_20R.png,train,/data5/chensx/MyProject/UAE/data/arrangement_merged/chr_20/185290.4~A28.K_20L.png,/data5/chensx/MyProject/UAE/data/arrangement_merged/chr_20/185290.4~A28.K_20R.png,0,-0.8154489280439845,,0.0006906986236572,-0.5101502963113221,chromosome
0,0.0006256103515625,185290,185290.4~A29.K_20,20,,normal,185290.4~A29.K_20L.png,185290.4~A29.K_20R.png,train,/data5/chensx/MyProject/UAE/data/arrangement_merged/chr_20/185290.4~A29.K_20L.png,/data5/chensx/MyProject/UAE/data/arrangement_merged/chr_20/185290.4~A29.K_20R.png,0,-0.9023492358158712,,0.0006256103515625,-0.9011978965051234,chromosome
0,0.0010561943054199,185290,185290.4~A37.K_20,20,,normal,185290.4~A37.K_20L.png,185290.4~A37.K_20R.png,train,/data5/chensx/MyProject/UAE/data/arrangement_merged/chr_20/185290.4~A37.K_20L.png,/data5/chensx/MyProject/UAE/data/arrangement_merged/chr_20/185290.4~A37.K_20R.png,0,-0.3274702767095429,,0.0010561943054199,1.6857323817009475,chromosome
0,0.0013565421104431,185290,185290.4~A9.K_20,20,,normal,185290.4~A9.K_20L.png,185290.4~A9.K_20R.png,train,/data5/chensx/MyProject/UAE/data/arrangement_merged/chr_20/185290.4~A9.K_20L.png,/data5/chensx/MyProject/UAE/data/arrangement_merged/chr_20/185290.4~A9.K_20R.png,0,0.0735284878165907,,0.0013565421104431,3.4902093573212887,chromosome
0,0.0007572174072265,185824,185824.11~A10.K_20,20,,normal,185824.11~A10.K_20L.png,185824.11~A10.K_20R.png,train,/data5/chensx/MyProject/UAE/data/arrangement_merged/chr_20/185824.11~A10.K_20L.png,/data5/chensx/MyProject/UAE/data/arrangement_merged/chr_20/185824.11~A10.K_20R.png,0,-0.6817301531460747,,0.0007572174072265,-0.11050824336606124,chromosome
0,0.0007954835891723,185824,185824.11~A15.K_20,20,,normal,185824.11~A15.K_20L.png,185824.11~A15.K_20R.png,train,/data5/chensx/MyProject/UAE/data/arrangement_merged/chr_20/185824.11~A15.K_20L.png,/data5/chensx/MyProject/UAE/data/arrangement_merged/chr_20/185824.11~A15.K_20R.png,0,-0.6318630402257359,,0.0007954835891723,0.11939336773697645,chromosome
0,0.0011595487594604,185824,185824.11~A31.K_20,20,,normal,185824.11~A31.K_20L.png,185824.11~A31.K_20R.png,train,/data5/chensx/MyProject/UAE/data/arrangement_merged/chr_20/185824.11~A31.K_20L.png,/data5/chensx/MyProject/UAE/data/arrangement_merged/chr_20/185824.11~A31.K_20R.png,0,-0.1574263958060643,,0.0011595487594604,2.306681592997787,chromosome
0,0.0010211467742919,185824,185824.12~A12.K_20,20,,normal,185824.12~A12.K_20L.png,185824.12~A12.K_20R.png,train,/data5/chensx/MyProject/UAE/data/arrangement_merged/chr_20/185824.12~A12.K_20L.png,/data5/chensx/MyProject/UAE/data/arrangement_merged/chr_20/185824.12~A12.K_20R.png,0,-0.3377868883310279,,0.0010211467742919,1.4751682892883926,chromosome
0,0.0005839467048645,185824,185824.12~A28.K_20,20,,normal,185824.12~A28.K_20L.png,185824.12~A28.K_20R.png,train,/data5/chensx/MyProject/UAE/data/arrangement_merged/chr_20/185824.12~A28.K_20L.png,/data5/chensx/MyProject/UAE/data/arrangement_merged/chr_20/185824.12~A28.K_20R.png,0,-0.9075303046405058,,0.0005839467048645,-1.1515113328930275,chromosome
0,0.0008813142776489,185824,185824.12~A31.K_20,20,,normal,185824.12~A31.K_20L.png,185824.12~A31.K_20R.png,train,/data5/chensx/MyProject/UAE/data/arrangement_merged/chr_20/185824.12~A31.K_20L.png,/data5/chensx/MyProject/UAE/data/arrangement_merged/chr_20/185824.12~A31.K_20R.png,0,-0.5200115719932004,,0.0008813142776489,0.6350605328281392,chromosome
0,0.0010796785354614,185824,185824.12~A38.K_20,20,,normal,185824.12~A38.K_20L.png,185824.12~A38.K_20R.png,train,/data5/chensx/MyProject/UAE/data/arrangement_merged/chr_20/185824.12~A38.K_20L.png,/data5/chensx/MyProject/UAE/data/arrangement_merged/chr_20/185824.12~A38.K_20R.png,0,-0.261510400966896,,0.0010796785354614,1.8268246477049723,chromosome
0,0.0009992122650146,185824,185824.12~A48.K_20,20,,normal,185824.12~A48.K_20L.png,185824.12~A48.K_20R.png,train,/data5/chensx/MyProject/UAE/data/arrangement_merged/chr_20/185824.12~A48.K_20L.png,/data5/chensx/MyProject/UAE/data/arrangement_merged/chr_20/185824.12~A48.K_20R.png,0,-0.3663711524348981,,0.0009992122650146,1.3433866804320829,chromosome
0,0.0007998347282409,185824,185824.12~A7.K_20,20,,normal,185824.12~A7.K_20L.png,185824.12~A7.K_20R.png,train,/data5/chensx/MyProject/UAE/data/arrangement_merged/chr_20/185824.12~A7.K_20L.png,/data5/chensx/MyProject/UAE/data/arrangement_merged/chr_20/185824.12~A7.K_20R.png,0,-0.6261927921833921,,0.0007998347282409,0.1455348281894823,chromosome
0,0.000616431236267,185824,185824.13~A1.K_20,20,,normal,185824.13~A1.K_20L.png,185824.13~A1.K_20R.png,train,/data5/chensx/MyProject/UAE/data/arrangement_merged/chr_20/185824.13~A1.K_20L.png,/data5/chensx/MyProject/UAE/data/arrangement_merged/chr_20/185824.13~A1.K_20R.png,0,-0.8651976308997198,,0.000616431236267,-0.9563456349945553,chromosome
0,0.0006408095359802,185824,185824.13~A14.K_20,20,,normal,185824.13~A14.K_20L.png,185824.13~A14.K_20R.png,train,/data5/chensx/MyProject/UAE/data/arrangement_merged/chr_20/185824.13~A14.K_20L.png,/data5/chensx/MyProject/UAE/data/arrangement_merged/chr_20/185824.13~A14.K_20R.png,0,-0.833428706936451,,0.0006408095359802,-0.8098818360204177,chromosome
0,0.0007272362709045,185824,185824.13~A5.K_20,20,,normal,185824.13~A5.K_20L.png,185824.13~A5.K_20R.png,train,/data5/chensx/MyProject/UAE/data/arrangement_merged/chr_20/185824.13~A5.K_20L.png,/data5/chensx/MyProject/UAE/data/arrangement_merged/chr_20/185824.13~A5.K_20R.png,0,-0.720800492396745,,0.0007272362709045,-0.29063364894978055,chromosome
0,0.0010675191879272,185824,185824.1~A10.K_20,20,,normal,185824.1~A10.K_20L.png,185824.1~A10.K_20R.png,train,/data5/chensx/MyProject/UAE/data/arrangement_merged/chr_20/185824.1~A10.K_20L.png,/data5/chensx/MyProject/UAE/data/arrangement_merged/chr_20/185824.1~A10.K_20R.png,0,-0.2773560256331719,,0.0010675191879272,1.753771799316967,chromosome
0,0.000693142414093,185824,185824.1~A11.K_20,20,,normal,185824.1~A11.K_20L.png,185824.1~A11.K_20R.png,train,/data5/chensx/MyProject/UAE/data/arrangement_merged/chr_20/185824.1~A11.K_20L.png,/data5/chensx/MyProject/UAE/data/arrangement_merged/chr_20/185824.1~A11.K_20R.png,0,-0.7652303811668911,,0.000693142414093,-0.4954681061940955,chromosome
0,0.0009315609931945,185824,185824.1~A18.K_20,20,,normal,185824.1~A18.K_20L.png,185824.1~A18.K_20R.png,train,/data5/chensx/MyProject/UAE/data/arrangement_merged/chr_20/185824.1~A18.K_20L.png,/data5/chensx/MyProject/UAE/data/arrangement_merged/chr_20/185824.1~A18.K_20R.png,0,-0.4545318582987369,,0.0009315609931945,0.936940685724799,chromosome
0,0.0007029175758361,185824,185824.1~A39.K_20,20,,normal,185824.1~A39.K_20L.png,185824.1~A39.K_20R.png,train,/data5/chensx/MyProject/UAE/data/arrangement_merged/chr_20/185824.1~A39.K_20L.png,/data5/chensx/MyProject/UAE/data/arrangement_merged/chr_20/185824.1~A39.K_20R.png,0,-0.7524917417292968,,0.0007029175758361,-0.4367393457257904,chromosome
0,0.0007176399230957,185824,185824.2~A10.K_20,20,,normal,185824.2~A10.K_20L.png,185824.2~A10.K_20R.png,train,/data5/chensx/MyProject/UAE/data/arrangement_merged/chr_20/185824.2~A10.K_20L.png,/data5/chensx/MyProject/UAE/data/arrangement_merged/chr_20/185824.2~A10.K_20R.png,0,-0.7333061079421883,,0.0007176399230957,-0.34828810282430384,chromosome
0,0.0007501244544982,185824,185824.2~A11.K_20,20,,normal,185824.2~A11.K_20L.png,185824.2~A11.K_20R.png,train,/data5/chensx/MyProject/UAE/data/arrangement_merged/chr_20/185824.2~A11.K_20L.png,/data5/chensx/MyProject/UAE/data/arrangement_merged/chr_20/185824.2~A11.K_20R.png,0,-0.6909734342014022,,0.0007501244544982,-0.15312240492583085,chromosome
0,0.0006709098815917,185824,185824.2~A14.K_20,20,,normal,185824.2~A14.K_20L.png,185824.2~A14.K_20R.png,train,/data5/chensx/MyProject/UAE/data/arrangement_merged/chr_20/185824.2~A14.K_20L.png,/data5/chensx/MyProject/UAE/data/arrangement_merged/chr_20/185824.2~A14.K_20R.png,0,-0.7942030184243465,,0.0006709098815917,-0.6290402260410443,chromosome
0,0.0008119344711303,185824,185824.2~A17.K_20,20,,normal,185824.2~A17.K_20L.png,185824.2~A17.K_20R.png,train,/data5/chensx/MyProject/UAE/data/arrangement_merged/chr_20/185824.2~A17.K_20L.png,/data5/chensx/MyProject/UAE/data/arrangement_merged/chr_20/185824.2~A17.K_20R.png,0,-0.6104248421478332,,0.0008119344711303,0.21822957437935922,chromosome
0,0.0008626580238342,185824,185824.2~A2.K_20,20,,normal,185824.2~A2.K_20L.png,185824.2~A2.K_20R.png,train,/data5/chensx/MyProject/UAE/data/arrangement_merged/chr_20/185824.2~A2.K_20L.png,/data5/chensx/MyProject/UAE/data/arrangement_merged/chr_20/185824.2~A2.K_20R.png,0,-0.5443237314076335,,0.0008626580238342,0.52297454486044,chromosome
0,0.0005581378936767,185824,185824.2~A25.K_20,20,,normal,185824.2~A25.K_20L.png,185824.2~A25.K_20R.png,train,/data5/chensx/MyProject/UAE/data/arrangement_merged/chr_20/185824.2~A25.K_20L.png,/data5/chensx/MyProject/UAE/data/arrangement_merged/chr_20/185824.2~A25.K_20R.png,0,-0.9411634197409836,,0.0005581378936767,-1.306569584618624,chromosome
0,0.0008776187896728,185824,185824.2~A27.K_20,20,,normal,185824.2~A27.K_20L.png,185824.2~A27.K_20R.png,train,/data5/chensx/MyProject/UAE/data/arrangement_merged/chr_20/185824.2~A27.K_20L.png,/data5/chensx/MyProject/UAE/data/arrangement_merged/chr_20/185824.2~A27.K_20R.png,0,-0.5248273990976567,,0.0008776187896728,0.6128581965532355,chromosome
0,0.0011627674102783,185824,185824.2~A7.K_20,20,,normal,185824.2~A7.K_20L.png,185824.2~A7.K_20R.png,train,/data5/chensx/MyProject/UAE/data/arrangement_merged/chr_20/185824.2~A7.K_20L.png,/data5/chensx/MyProject/UAE/data/arrangement_merged/chr_20/185824.2~A7.K_20R.png,0,-0.1532319657473442,,0.0011627674102783,2.3260191116888707,chromosome
0,0.0007272958755493,185824,185824.2~A8.K_20,20,,normal,185824.2~A8.K_20L.png,185824.2~A8.K_20R.png,train,/data5/chensx/MyProject/UAE/data/arrangement_merged/chr_20/185824.2~A8.K_20L.png,/data5/chensx/MyProject/UAE/data/arrangement_merged/chr_20/185824.2~A8.K_20R.png,0,-0.720722817766028,,0.0007272958755493,-0.29027554675165285,chromosome
0,0.0009024143218994,185824,185824.2~A9.K_20,20,,normal,185824.2~A9.K_20L.png,185824.2~A9.K_20R.png,train,/data5/chensx/MyProject/UAE/data/arrangement_merged/chr_20/185824.2~A9.K_20L.png,/data5/chensx/MyProject/UAE/data/arrangement_merged/chr_20/185824.2~A9.K_20R.png,0,-0.4925147527193687,,0.0009024143218994,0.761828710913065,chromosome
0,0.0007227659225463,185824,185824.3~A18.K_20,20,,normal,185824.3~A18.K_20L.png,185824.3~A18.K_20R.png,train,/data5/chensx/MyProject/UAE/data/arrangement_merged/chr_20/185824.3~A18.K_20L.png,/data5/chensx/MyProject/UAE/data/arrangement_merged/chr_20/185824.3~A18.K_20R.png,0,-0.726626089700523,,0.0007227659225463,-0.31749131379854173,chromosome
0,0.0009235143661499,185824,185824.3~A2.K_20,20,,normal,185824.3~A2.K_20L.png,185824.3~A2.K_20R.png,train,/data5/chensx/MyProject/UAE/data/arrangement_merged/chr_20/185824.3~A2.K_20L.png,/data5/chensx/MyProject/UAE/data/arrangement_merged/chr_20/185824.3~A2.K_20R.png,0,-0.465017933445537,,0.0009235143661499,0.8885968889979907,chromosome
0,0.000643253326416,185824,185824.3~A28.K_20,20,,normal,185824.3~A28.K_20L.png,185824.3~A28.K_20R.png,train,/data5/chensx/MyProject/UAE/data/arrangement_merged/chr_20/185824.3~A28.K_20L.png,/data5/chensx/MyProject/UAE/data/arrangement_merged/chr_20/185824.3~A28.K_20R.png,0,-0.8302440470770525,,0.000643253326416,-0.7951996459031911,chromosome
0,0.0008420348167419,185824,185824.3~A41.K_20,20,,normal,185824.3~A41.K_20L.png,185824.3~A41.K_20R.png,train,/data5/chensx/MyProject/UAE/data/arrangement_merged/chr_20/185824.3~A41.K_20L.png,/data5/chensx/MyProject/UAE/data/arrangement_merged/chr_20/185824.3~A41.K_20R.png,0,-0.5711991536357288,,0.0008420348167419,0.39907118435933386,chromosome
0,0.0010443925857543,185824,185824.3~A43.K_20,20,,normal,185824.3~A43.K_20L.png,185824.3~A43.K_20R.png,train,/data5/chensx/MyProject/UAE/data/arrangement_merged/chr_20/185824.3~A43.K_20L.png,/data5/chensx/MyProject/UAE/data/arrangement_merged/chr_20/185824.3~A43.K_20R.png,0,-0.3074937823513828,,0.0010443925857543,1.6148281465005072,chromosome
0,0.000779390335083,185824,185824.3~A46.K_20,20,,normal,185824.3~A46.K_20L.png,185824.3~A46.K_20R.png,train,/data5/chensx/MyProject/UAE/data/arrangement_merged/chr_20/185824.3~A46.K_20L.png,/data5/chensx/MyProject/UAE/data/arrangement_merged/chr_20/185824.3~A46.K_20R.png,0,-0.6528351905193364,,0.000779390335083,0.02270577428275921,chromosome
0,0.0007762908935546,186193,186193.11~A23.K_20,20,,normal,186193.11~A23.K_20L.png,186193.11~A23.K_20R.png,train,/data5/chensx/MyProject/UAE/data/arrangement_merged/chr_20/186193.11~A23.K_20L.png,/data5/chensx/MyProject/UAE/data/arrangement_merged/chr_20/186193.11~A23.K_20R.png,0,-0.6865883774737823,,0.0007762908935546,0.004084459987329926,chromosome
0,0.0006505846977233,186193,186193.12~A4.K_20,20,,normal,186193.12~A4.K_20L.png,186193.12~A4.K_20R.png,train,/data5/chensx/MyProject/UAE/data/arrangement_merged/chr_20/186193.12~A4.K_20L.png,/data5/chensx/MyProject/UAE/data/arrangement_merged/chr_20/186193.12~A4.K_20R.png,0,-0.8429118356471554,,0.0006505846977233,-0.7511530755521126,chromosome
0,0.0006089210510253,186193,186193.13~A11.K_20,20,,normal,186193.13~A11.K_20L.png,186193.13~A11.K_20R.png,train,/data5/chensx/MyProject/UAE/data/arrangement_merged/chr_20/186193.13~A11.K_20L.png,/data5/chensx/MyProject/UAE/data/arrangement_merged/chr_20/186193.13~A11.K_20R.png,0,-0.8947231667344896,,0.0006089210510253,-1.0014665119400168,chromosome
0,0.0006689429283142,186193,186193.13~A22.K_20,20,,normal,186193.13~A22.K_20L.png,186193.13~A22.K_20R.png,train,/data5/chensx/MyProject/UAE/data/arrangement_merged/chr_20/186193.13~A22.K_20L.png,/data5/chensx/MyProject/UAE/data/arrangement_merged/chr_20/186193.13~A22.K_20R.png,0,-0.8200822362553114,,0.0006689429283142,-0.6408575985738499,chromosome
0,0.0008372068405151,186193,186193.13~A4.K_20,20,,normal,186193.13~A4.K_20L.png,186193.13~A4.K_20R.png,train,/data5/chensx/MyProject/UAE/data/arrangement_merged/chr_20/186193.13~A4.K_20L.png,/data5/chensx/MyProject/UAE/data/arrangement_merged/chr_20/186193.13~A4.K_20R.png,0,-0.6108356158553909,,0.0008372068405151,0.37006490632300837,chromosome
0,0.0008707046508789,186193,186193.13~A41.K_20,20,,normal,186193.13~A41.K_20L.png,186193.13~A41.K_20R.png,train,/data5/chensx/MyProject/UAE/data/arrangement_merged/chr_20/186193.13~A41.K_20L.png,/data5/chensx/MyProject/UAE/data/arrangement_merged/chr_20/186193.13~A41.K_20R.png,0,-0.5691790091728705,,0.0008707046508789,0.5713183415878489,chromosome
0,0.0007338523864746,186193,186193.13~A5.K_20,20,,normal,186193.13~A5.K_20L.png,186193.13~A5.K_20R.png,train,/data5/chensx/MyProject/UAE/data/arrangement_merged/chr_20/186193.13~A5.K_20L.png,/data5/chensx/MyProject/UAE/data/arrangement_merged/chr_20/186193.13~A5.K_20R.png,0,-0.7393632955484346,,0.0007338523864746,-0.2508843049738306,chromosome
0,0.0007844567298889,186193,186193.1~A34.K_20,20,,normal,186193.1~A34.K_20L.png,186193.1~A34.K_20R.png,train,/data5/chensx/MyProject/UAE/data/arrangement_merged/chr_20/186193.1~A34.K_20L.png,/data5/chensx/MyProject/UAE/data/arrangement_merged/chr_20/186193.1~A34.K_20R.png,0,-0.6764336530689686,,0.0007844567298889,0.053144461110994204,chromosome
0,0.0010085105895996,186193,186193.1~A38.K_20,20,,normal,186193.1~A38.K_20L.png,186193.1~A38.K_20R.png,train,/data5/chensx/MyProject/UAE/data/arrangement_merged/chr_20/186193.1~A38.K_20L.png,/data5/chensx/MyProject/UAE/data/arrangement_merged/chr_20/186193.1~A38.K_20R.png,0,-0.3978087695821456,,0.0010085105895996,1.399250623317169,chromosome
0,0.0009410381317138,186193,186193.1~A44.K_20,20,,normal,186193.1~A44.K_20L.png,186193.1~A44.K_20R.png,train,/data5/chensx/MyProject/UAE/data/arrangement_merged/chr_20/186193.1~A44.K_20L.png,/data5/chensx/MyProject/UAE/data/arrangement_merged/chr_20/186193.1~A44.K_20R.png,0,-0.481714959554767,,0.0009410381317138,0.9938789352036677,chromosome
0,0.0008938312530517,186193,186193.1~A8.K_20,20,,normal,186193.1~A8.K_20L.png,186193.1~A8.K_20R.png,train,/data5/chensx/MyProject/UAE/data/arrangement_merged/chr_20/186193.1~A8.K_20L.png,/data5/chensx/MyProject/UAE/data/arrangement_merged/chr_20/186193.1~A8.K_20R.png,0,-0.5404196437052229,,0.0008938312530517,0.7102619944037087,chromosome
0,0.0011706352233886,186193,186193.2~A1.K_20,20,,normal,186193.2~A1.K_20L.png,186193.2~A1.K_20R.png,train,/data5/chensx/MyProject/UAE/data/arrangement_merged/chr_20/186193.2~A1.K_20L.png,/data5/chensx/MyProject/UAE/data/arrangement_merged/chr_20/186193.2~A1.K_20R.png,0,-0.1961967230048223,,0.0011706352233886,2.3732886018218977,chromosome
0,0.0006345510482788,186193,186193.2~A12.K_20,20,,normal,186193.2~A12.K_20L.png,186193.2~A12.K_20R.png,train,/data5/chensx/MyProject/UAE/data/arrangement_merged/chr_20/186193.2~A12.K_20L.png,/data5/chensx/MyProject/UAE/data/arrangement_merged/chr_20/186193.2~A12.K_20R.png,0,-0.8628506740770451,,0.0006345510482788,-0.8474825668082021,chromosome
0,0.0009666085243225,186193,186193.2~A14.K_20,20,,normal,186193.2~A14.K_20L.png,186193.2~A14.K_20R.png,train,/data5/chensx/MyProject/UAE/data/arrangement_merged/chr_20/186193.2~A14.K_20L.png,/data5/chensx/MyProject/UAE/data/arrangement_merged/chr_20/186193.2~A14.K_20R.png,0,-0.44991658897327,,0.0009666085243225,1.1475047781373546,chromosome
0,0.0010409355163574,186193,186193.2~A15.K_20,20,,normal,186193.2~A15.K_20L.png,186193.2~A15.K_20R.png,train,/data5/chensx/MyProject/UAE/data/arrangement_merged/chr_20/186193.2~A15.K_20L.png,/data5/chensx/MyProject/UAE/data/arrangement_merged/chr_20/186193.2~A15.K_20R.png,0,-0.357486360266681,,0.0010409355163574,1.5940582190181143,chromosome
0,0.0006706714630126,186193,186193.2~A24.K_20,20,,normal,186193.2~A24.K_20L.png,186193.2~A24.K_20R.png,train,/data5/chensx/MyProject/UAE/data/arrangement_merged/chr_20/186193.2~A24.K_20L.png,/data5/chensx/MyProject/UAE/data/arrangement_merged/chr_20/186193.2~A24.K_20R.png,0,-0.8179326960528326,,0.0006706714630126,-0.6304726348329538,chromosome
0,0.0006765723228454,186193,186193.2~A3.K_20,20,,normal,186193.2~A3.K_20L.png,186193.2~A3.K_20R.png,train,/data5/chensx/MyProject/UAE/data/arrangement_merged/chr_20/186193.2~A3.K_20L.png,/data5/chensx/MyProject/UAE/data/arrangement_merged/chr_20/186193.2~A3.K_20R.png,0,-0.8105946105340256,,0.0006765723228454,-0.5950205172327336,chromosome
0,0.0007128715515136,186193,186193.2~A37.K_20,20,,normal,186193.2~A37.K_20L.png,186193.2~A37.K_20R.png,train,/data5/chensx/MyProject/UAE/data/arrangement_merged/chr_20/186193.2~A37.K_20L.png,/data5/chensx/MyProject/UAE/data/arrangement_merged/chr_20/186193.2~A37.K_20R.png,0,-0.7654542662819706,,0.0007128715515136,-0.3769362786631022,chromosome
0,0.001002550125122,186193,186193.2~A4.K_20,20,,normal,186193.2~A4.K_20L.png,186193.2~A4.K_20R.png,train,/data5/chensx/MyProject/UAE/data/arrangement_merged/chr_20/186193.2~A4.K_20L.png,/data5/chensx/MyProject/UAE/data/arrangement_merged/chr_20/186193.2~A4.K_20R.png,0,-0.4052209771769002,,0.001002550125122,1.3634404035188212,chromosome
0,0.0011498928070068,186193,186193.2~A42.K_20,20,,normal,186193.2~A42.K_20L.png,186193.2~A42.K_20R.png,train,/data5/chensx/MyProject/UAE/data/arrangement_merged/chr_20/186193.2~A42.K_20L.png,/data5/chensx/MyProject/UAE/data/arrangement_merged/chr_20/186193.2~A42.K_20R.png,0,-0.2219912054345681,,0.0011498928070068,2.2486690369251363,chromosome
0,0.0007685422897338,186193,186193.2~A44.K_20,20,,normal,186193.2~A44.K_20L.png,186193.2~A44.K_20R.png,train,/data5/chensx/MyProject/UAE/data/arrangement_merged/chr_20/186193.2~A44.K_20L.png,/data5/chensx/MyProject/UAE/data/arrangement_merged/chr_20/186193.2~A44.K_20R.png,0,-0.6962242473469632,,0.0007685422897338,-0.0424688257500418,chromosome
0,0.0010141134262084,186193,186193.2~A46.K_20,20,,normal,186193.2~A46.K_20L.png,186193.2~A46.K_20R.png,train,/data5/chensx/MyProject/UAE/data/arrangement_merged/chr_20/186193.2~A46.K_20L.png,/data5/chensx/MyProject/UAE/data/arrangement_merged/chr_20/186193.2~A46.K_20R.png,0,-0.3908412944430764,,0.0010141134262084,1.4329122299267507,chromosome
0,0.0006247758865356,186193,186193.2~A48.K_20,20,,normal,186193.2~A48.K_20L.png,186193.2~A48.K_20R.png,train,/data5/chensx/MyProject/UAE/data/arrangement_merged/chr_20/186193.2~A48.K_20L.png,/data5/chensx/MyProject/UAE/data/arrangement_merged/chr_20/186193.2~A48.K_20R.png,0,-0.8750066945324425,,0.0006247758865356,-0.9062113272771085,chromosome
0,0.0007842779159545,186193,186193.2~A5.K_20,20,,normal,186193.2~A5.K_20L.png,186193.2~A5.K_20R.png,train,/data5/chensx/MyProject/UAE/data/arrangement_merged/chr_20/186193.2~A5.K_20L.png,/data5/chensx/MyProject/UAE/data/arrangement_merged/chr_20/186193.2~A5.K_20R.png,0,-0.6766560192968112,,0.0007842779159545,0.05207015451661116,chromosome
0,0.0005891323089599,186193,186193.2~A50.K_20,20,,normal,186193.2~A50.K_20L.png,186193.2~A50.K_20R.png,train,/data5/chensx/MyProject/UAE/data/arrangement_merged/chr_20/186193.2~A50.K_20L.png,/data5/chensx/MyProject/UAE/data/arrangement_merged/chr_20/186193.2~A50.K_20R.png,0,-0.9193316959490746,,0.0005891323089599,-1.1203564416691378,chromosome
0,0.0009216666221618,186193,186193.2~A7.K_20,20,,normal,186193.2~A7.K_20L.png,186193.2~A7.K_20R.png,train,/data5/chensx/MyProject/UAE/data/arrangement_merged/chr_20/186193.2~A7.K_20L.png,/data5/chensx/MyProject/UAE/data/arrangement_merged/chr_20/186193.2~A7.K_20R.png,0,-0.5058046342377193,,0.0009216666221618,0.8774957208602386,chromosome
0,0.0008536577224731,186193,186193.3~A15.K_20,20,,normal,186193.3~A15.K_20L.png,186193.3~A15.K_20R.png,train,/data5/chensx/MyProject/UAE/data/arrangement_merged/chr_20/186193.3~A15.K_20L.png,/data5/chensx/MyProject/UAE/data/arrangement_merged/chr_20/186193.3~A15.K_20R.png,0,-0.5903779228938685,,0.0008536577224731,0.4689011129653911,chromosome
0,0.0009227991104125,186193,186193.3~A6.K_20,20,,normal,186193.3~A6.K_20L.png,186193.3~A6.K_20R.png,train,/data5/chensx/MyProject/UAE/data/arrangement_merged/chr_20/186193.3~A6.K_20L.png,/data5/chensx/MyProject/UAE/data/arrangement_merged/chr_20/186193.3~A6.K_20R.png,0,-0.5043963147947158,,0.0009227991104125,0.8842996626216604,chromosome
0,0.0009905099868774,Q242362,Q242362.11~A39.K_20,20,,normal,Q242362.11~A39.K_20L.png,Q242362.11~A39.K_20R.png,train,/data5/chensx/MyProject/UAE/data/arrangement_merged/chr_20/Q242362.11~A39.K_20L.png,/data5/chensx/MyProject/UAE/data/arrangement_merged/chr_20/Q242362.11~A39.K_20R.png,0,-0.4302982710840893,,0.0009905099868774,1.2911037595270713,chromosome
0,0.0010080337524414,Q242362,Q242362.12~A25.K_20,20,,normal,Q242362.12~A25.K_20L.png,Q242362.12~A25.K_20R.png,train,/data5/chensx/MyProject/UAE/data/arrangement_merged/chr_20/Q242362.12~A25.K_20L.png,/data5/chensx/MyProject/UAE/data/arrangement_merged/chr_20/Q242362.12~A25.K_20R.png,0,-0.4072835469685188,,0.0010080337524414,1.3963858057333487,chromosome
0,0.0006653666496276,Q242362,Q242362.12~A30.K_20,20,,normal,Q242362.12~A30.K_20L.png,Q242362.12~A30.K_20R.png,train,/data5/chensx/MyProject/UAE/data/arrangement_merged/chr_20/Q242362.12~A30.K_20L.png,/data5/chensx/MyProject/UAE/data/arrangement_merged/chr_20/Q242362.12~A30.K_20R.png,0,-0.8573231692148283,,0.0006653666496276,-0.6623437304530989,chromosome
0,0.000959038734436,Q242362,Q242362.12~A6.K_20,20,,normal,Q242362.12~A6.K_20L.png,Q242362.12~A6.K_20R.png,train,/data5/chensx/MyProject/UAE/data/arrangement_merged/chr_20/Q242362.12~A6.K_20L.png,/data5/chensx/MyProject/UAE/data/arrangement_merged/chr_20/Q242362.12~A6.K_20R.png,0,-0.471630836842665,,0.000959038734436,1.1020257989937654,chromosome
0,0.0009765028953552,Q242362,Q242362.13~A12.K_20,20,,normal,Q242362.13~A12.K_20L.png,Q242362.13~A12.K_20R.png,train,/data5/chensx/MyProject/UAE/data/arrangement_merged/chr_20/Q242362.13~A12.K_20L.png,/data5/chensx/MyProject/UAE/data/arrangement_merged/chr_20/Q242362.13~A12.K_20R.png,0,-0.4486943941016372,,0.0009765028953552,1.2069497430019152,chromosome
0,0.0007664561271667,Q242362,Q242362.13~A3.K_20,20,,normal,Q242362.13~A3.K_20L.png,Q242362.13~A3.K_20R.png,train,/data5/chensx/MyProject/UAE/data/arrangement_merged/chr_20/Q242362.13~A3.K_20L.png,/data5/chensx/MyProject/UAE/data/arrangement_merged/chr_20/Q242362.13~A3.K_20R.png,0,-0.7245579579903125,,0.0007664561271667,-0.05500240267910288,chromosome
0,0.0008308887481689,Q242362,Q242362.13~A33.K_20,20,,normal,Q242362.13~A33.K_20L.png,Q242362.13~A33.K_20R.png,train,/data5/chensx/MyProject/UAE/data/arrangement_merged/chr_20/Q242362.13~A33.K_20L.png,/data5/chensx/MyProject/UAE/data/arrangement_merged/chr_20/Q242362.13~A33.K_20R.png,0,-0.6399357921095924,,0.0008308887481689,0.33210607333709624,chromosome
0,0.0011020302772521,Q242362,Q242362.13~A6.K_20,20,,normal,Q242362.13~A6.K_20L.png,Q242362.13~A6.K_20R.png,train,/data5/chensx/MyProject/UAE/data/arrangement_merged/chr_20/Q242362.13~A6.K_20L.png,/data5/chensx/MyProject/UAE/data/arrangement_merged/chr_20/Q242362.13~A6.K_20R.png,0,-0.2838338193145912,,0.0011020302772521,1.961112971946974,chromosome
0,0.0008312463760375,Q242362,Q242362.14~A13.K_20,20,,normal,Q242362.14~A13.K_20L.png,Q242362.14~A13.K_20R.png,train,/data5/chensx/MyProject/UAE/data/arrangement_merged/chr_20/Q242362.14~A13.K_20L.png,/data5/chensx/MyProject/UAE/data/arrangement_merged/chr_20/Q242362.14~A13.K_20R.png,0,-0.6394661038623358,,0.0008312463760375,0.33425468652466056,chromosome
0,0.0005788803100585,Q242362,Q242362.14~A25.K_20,20,,normal,Q242362.14~A25.K_20L.png,Q242362.14~A25.K_20R.png,train,/data5/chensx/MyProject/UAE/data/arrangement_merged/chr_20/Q242362.14~A25.K_20L.png,/data5/chensx/MyProject/UAE/data/arrangement_merged/chr_20/Q242362.14~A25.K_20R.png,0,-0.9709094436763686,,0.0005788803100585,-1.1819500197218638,chromosome
0,0.0005598664283752,Q242362,Q242362.14~A29.K_20,20,,normal,Q242362.14~A29.K_20L.png,Q242362.14~A29.K_20R.png,train,/data5/chensx/MyProject/UAE/data/arrangement_merged/chr_20/Q242362.14~A29.K_20L.png,/data5/chensx/MyProject/UAE/data/arrangement_merged/chr_20/Q242362.14~A29.K_20R.png,0,-0.995881202155508,,0.0005598664283752,-1.2961846208771273,chromosome
0,0.0008462667465209,Q242362,Q242362.14~A36.K_20,20,,normal,Q242362.14~A36.K_20L.png,Q242362.14~A36.K_20R.png,train,/data5/chensx/MyProject/UAE/data/arrangement_merged/chr_20/Q242362.14~A36.K_20L.png,/data5/chensx/MyProject/UAE/data/arrangement_merged/chr_20/Q242362.14~A36.K_20R.png,0,-0.6197391974775611,,0.0008462667465209,0.4244964404155843,chromosome
0,0.0007083415985107,Q242362,Q242362.14~A48.K_20,20,,normal,Q242362.14~A48.K_20L.png,Q242362.14~A48.K_20R.png,train,/data5/chensx/MyProject/UAE/data/arrangement_merged/chr_20/Q242362.14~A48.K_20L.png,/data5/chensx/MyProject/UAE/data/arrangement_merged/chr_20/Q242362.14~A48.K_20R.png,0,-0.8008822981695005,,0.0007083415985107,-0.4041520457093899,chromosome
0,0.0006192922592163,Q242362,Q242362.1~A28.K_20,20,,normal,Q242362.1~A28.K_20L.png,Q242362.1~A28.K_20R.png,train,/data5/chensx/MyProject/UAE/data/arrangement_merged/chr_20/Q242362.1~A28.K_20L.png,/data5/chensx/MyProject/UAE/data/arrangement_merged/chr_20/Q242362.1~A28.K_20R.png,0,-0.9178346717363792,,0.0006192922592163,-0.9391567294910355,chromosome
0,0.0007017254829406,Q242362,Q242362.1~A32.K_20,20,,normal,Q242362.1~A32.K_20L.png,Q242362.1~A32.K_20R.png,train,/data5/chensx/MyProject/UAE/data/arrangement_merged/chr_20/Q242362.1~A32.K_20L.png,/data5/chensx/MyProject/UAE/data/arrangement_merged/chr_20/Q242362.1~A32.K_20R.png,0,-0.8095715307437465,,0.0007017254829406,-0.4439013896853398,chromosome
0,0.000988483428955,Q242362,Q242362.1~A4.K_20,20,,normal,Q242362.1~A4.K_20L.png,Q242362.1~A4.K_20R.png,train,/data5/chensx/MyProject/UAE/data/arrangement_merged/chr_20/Q242362.1~A4.K_20L.png,/data5/chensx/MyProject/UAE/data/arrangement_merged/chr_20/Q242362.1~A4.K_20R.png,0,-0.4329598378185431,,0.000988483428955,1.2789282847955372,chromosome
0,0.0006377696990966,Q242362,Q242362.1~A9.K_20,20,,normal,Q242362.1~A9.K_20L.png,Q242362.1~A9.K_20R.png,train,/data5/chensx/MyProject/UAE/data/arrangement_merged/chr_20/Q242362.1~A9.K_20L.png,/data5/chensx/MyProject/UAE/data/arrangement_merged/chr_20/Q242362.1~A9.K_20R.png,0,-0.8935674456281247,,0.0006377696990966,-0.8281450481177193,chromosome
0,0.0008095502853393,Q242362,Q242362.2~A14.K_20,20,,normal,Q242362.2~A14.K_20L.png,Q242362.2~A14.K_20R.png,train,/data5/chensx/MyProject/UAE/data/arrangement_merged/chr_20/Q242362.2~A14.K_20L.png,/data5/chensx/MyProject/UAE/data/arrangement_merged/chr_20/Q242362.2~A14.K_20R.png,0,-0.6679605241958994,,0.0008095502853393,0.2039054864602603,chromosome
0,0.0006473064422607,Q242362,Q242362.2~A2.K_20,20,,normal,Q242362.2~A2.K_20L.png,Q242362.2~A2.K_20R.png,train,/data5/chensx/MyProject/UAE/data/arrangement_merged/chr_20/Q242362.2~A2.K_20L.png,/data5/chensx/MyProject/UAE/data/arrangement_merged/chr_20/Q242362.2~A2.K_20R.png,0,-0.8810424257012837,,0.0006473064422607,-0.7708486964407231,chromosome
0,0.0007215738296508,Q242362,Q242362.2~A7.K_20,20,,normal,Q242362.2~A7.K_20L.png,Q242362.2~A7.K_20R.png,train,/data5/chensx/MyProject/UAE/data/arrangement_merged/chr_20/Q242362.2~A7.K_20L.png,/data5/chensx/MyProject/UAE/data/arrangement_merged/chr_20/Q242362.2~A7.K_20R.png,0,-0.7835038330210086,,0.0007215738296508,-0.3246533577580912,chromosome
0,0.0006704330444335,Q242362,Q242362.2~A9.K_20,20,,normal,Q242362.2~A9.K_20L.png,Q242362.2~A9.K_20R.png,train,/data5/chensx/MyProject/UAE/data/arrangement_merged/chr_20/Q242362.2~A9.K_20L.png,/data5/chensx/MyProject/UAE/data/arrangement_merged/chr_20/Q242362.2~A9.K_20R.png,0,-0.850669252378694,,0.0006704330444335,-0.6319050436248639,chromosome
0,0.0011026859283447,Q242362,Q242362.3~A15.K_20,20,,normal,Q242362.3~A15.K_20L.png,Q242362.3~A15.K_20R.png,train,/data5/chensx/MyProject/UAE/data/arrangement_merged/chr_20/Q242362.3~A15.K_20L.png,/data5/chensx/MyProject/UAE/data/arrangement_merged/chr_20/Q242362.3~A15.K_20R.png,0,-0.2829727241946209,,0.0011026859283447,1.9650520961251778,chromosome
0,0.0006519556045532,Q242362,Q242362.4~A30.K_20,20,,normal,Q242362.4~A30.K_20L.png,Q242362.4~A30.K_20R.png,train,/data5/chensx/MyProject/UAE/data/arrangement_merged/chr_20/Q242362.4~A30.K_20L.png,/data5/chensx/MyProject/UAE/data/arrangement_merged/chr_20/Q242362.4~A30.K_20R.png,0,-0.8749364784869486,,0.0006519556045532,-0.7429167249981801,chromosome
0,0.0008291602134704,Q242362,Q242362.4~A42.K_20,20,,normal,Q242362.4~A42.K_20L.png,Q242362.4~A42.K_20R.png,train,/data5/chensx/MyProject/UAE/data/arrangement_merged/chr_20/Q242362.4~A42.K_20L.png,/data5/chensx/MyProject/UAE/data/arrangement_merged/chr_20/Q242362.4~A42.K_20R.png,0,-0.6422059519713323,,0.0008291602134704,0.32172110959559946,chromosome
0,0.0010265111923217,Q242664,Q242664.11~A21.K_20,20,,normal,Q242664.11~A21.K_20L.png,Q242664.11~A21.K_20R.png,train,/data5/chensx/MyProject/UAE/data/arrangement_merged/chr_20/Q242664.11~A21.K_20L.png,/data5/chensx/MyProject/UAE/data/arrangement_merged/chr_20/Q242664.11~A21.K_20R.png,0,-0.3267528041922801,,0.0010265111923217,1.5073974871066649,chromosome
0,0.0004844069480895,Q242664,Q242664.12~A1.K_20,20,,normal,Q242664.12~A1.K_20L.png,Q242664.12~A1.K_20R.png,train,/data5/chensx/MyProject/UAE/data/arrangement_merged/chr_20/Q242664.12~A1.K_20L.png,/data5/chensx/MyProject/UAE/data/arrangement_merged/chr_20/Q242664.12~A1.K_20R.png,0,-1.0605033729906874,,0.0004844069480895,-1.7495420035199096,chromosome
0,0.0008609294891357,Q242664,Q242664.12~A16.K_20,20,,normal,Q242664.12~A16.K_20L.png,Q242664.12~A16.K_20R.png,train,/data5/chensx/MyProject/UAE/data/arrangement_merged/chr_20/Q242664.12~A16.K_20L.png,/data5/chensx/MyProject/UAE/data/arrangement_merged/chr_20/Q242664.12~A16.K_20R.png,0,-0.550871449615257,,0.0008609294891357,0.5125895811189433,chromosome
0,0.0005690455436706,Q242664,Q242664.12~A19.K_20,20,,normal,Q242664.12~A19.K_20L.png,Q242664.12~A19.K_20R.png,train,/data5/chensx/MyProject/UAE/data/arrangement_merged/chr_20/Q242664.12~A19.K_20L.png,/data5/chensx/MyProject/UAE/data/arrangement_merged/chr_20/Q242664.12~A19.K_20R.png,0,-0.9459430862733992,,0.0005690455436706,-1.2410368823882967,chromosome
0,0.0007448196411132,Q242664,Q242664.12~A22.K_20,20,,normal,Q242664.12~A22.K_20L.png,Q242664.12~A22.K_20R.png,train,/data5/chensx/MyProject/UAE/data/arrangement_merged/chr_20/Q242664.12~A22.K_20L.png,/data5/chensx/MyProject/UAE/data/arrangement_merged/chr_20/Q242664.12~A22.K_20R.png,0,-0.7080288006893964,,0.0007448196411132,-0.184993500545976,chromosome
0,0.0004489421844482,Q242664,Q242664.12~A24.K_20,20,,normal,Q242664.12~A24.K_20L.png,Q242664.12~A24.K_20R.png,train,/data5/chensx/MyProject/UAE/data/arrangement_merged/chr_20/Q242664.12~A24.K_20L.png,/data5/chensx/MyProject/UAE/data/arrangement_merged/chr_20/Q242664.12~A24.K_20R.png,0,-1.1085057466503965,,0.0004489421844482,-1.962612811317556,chromosome
0,0.0007886886596679,Q242664,Q242664.12~A29.K_20,20,,normal,Q242664.12~A29.K_20L.png,Q242664.12~A29.K_20R.png,train,/data5/chensx/MyProject/UAE/data/arrangement_merged/chr_20/Q242664.12~A29.K_20L.png,/data5/chensx/MyProject/UAE/data/arrangement_merged/chr_20/Q242664.12~A29.K_20R.png,0,-0.6486510746162103,,0.0007886886596679,0.07856971716724467,chromosome
0,0.0008606910705566,Q242664,Q242664.12~A34.K_20,20,,normal,Q242664.12~A34.K_20L.png,Q242664.12~A34.K_20R.png,train,/data5/chensx/MyProject/UAE/data/arrangement_merged/chr_20/Q242664.12~A34.K_20L.png,/data5/chensx/MyProject/UAE/data/arrangement_merged/chr_20/Q242664.12~A34.K_20R.png,0,-0.5511941546482635,,0.0008606910705566,0.5111571723270331,chromosome
0,0.0007060766220092,Q242664,Q242664.12~A37.K_20,20,,normal,Q242664.12~A37.K_20L.png,Q242664.12~A37.K_20R.png,train,/data5/chensx/MyProject/UAE/data/arrangement_merged/chr_20/Q242664.12~A37.K_20L.png,/data5/chensx/MyProject/UAE/data/arrangement_merged/chr_20/Q242664.12~A37.K_20R.png,0,-0.760468368552944,,0.0007060766220092,-0.417759929232834,chromosome
0,0.0005580186843872,Q242664,Q242664.12~A8.K_20,20,,normal,Q242664.12~A8.K_20L.png,Q242664.12~A8.K_20R.png,train,/data5/chensx/MyProject/UAE/data/arrangement_merged/chr_20/Q242664.12~A8.K_20L.png,/data5/chensx/MyProject/UAE/data/arrangement_merged/chr_20/Q242664.12~A8.K_20R.png,0,-0.9608681940499472,,0.0005580186843872,-1.3072857890142788,chromosome
0,0.000753104686737,Q242664,Q242664.13~A20.K_20,20,,normal,Q242664.13~A20.K_20L.png,Q242664.13~A20.K_20R.png,train,/data5/chensx/MyProject/UAE/data/arrangement_merged/chr_20/Q242664.13~A20.K_20L.png,/data5/chensx/MyProject/UAE/data/arrangement_merged/chr_20/Q242664.13~A20.K_20R.png,0,-0.6968148007924224,,0.000753104686737,-0.13521729502665694,chromosome
0,0.0005823373794555,Q242664,Q242664.13~A32.K_20,20,,normal,Q242664.13~A32.K_20L.png,Q242664.13~A32.K_20R.png,train,/data5/chensx/MyProject/UAE/data/arrangement_merged/chr_20/Q242664.13~A32.K_20L.png,/data5/chensx/MyProject/UAE/data/arrangement_merged/chr_20/Q242664.13~A32.K_20R.png,0,-0.9279522806832896,,0.0005823373794555,-1.1611800922388695,chromosome
0,0.0006605386734008,Q242664,Q242664.13~A33.K_20,20,,normal,Q242664.13~A33.K_20L.png,Q242664.13~A33.K_20R.png,train,/data5/chensx/MyProject/UAE/data/arrangement_merged/chr_20/Q242664.13~A33.K_20L.png,/data5/chensx/MyProject/UAE/data/arrangement_merged/chr_20/Q242664.13~A33.K_20R.png,0,-0.8221050298571753,,0.0006605386734008,-0.6913500084894244,chromosome
0,0.0007420778274536,Q242664,Q242664.13~A42.K_20,20,,normal,Q242664.13~A42.K_20L.png,Q242664.13~A42.K_20R.png,train,/data5/chensx/MyProject/UAE/data/arrangement_merged/chr_20/Q242664.13~A42.K_20L.png,/data5/chensx/MyProject/UAE/data/arrangement_merged/chr_20/Q242664.13~A42.K_20R.png,0,-0.7117399085689706,,0.0007420778274536,-0.20146620165263918,chromosome
0,0.0010000467300415,Q242664,Q242664.13~A50.K_20,20,,normal,Q242664.13~A50.K_20L.png,Q242664.13~A50.K_20R.png,train,/data5/chensx/MyProject/UAE/data/arrangement_merged/chr_20/Q242664.13~A50.K_20L.png,/data5/chensx/MyProject/UAE/data/arrangement_merged/chr_20/Q242664.13~A50.K_20R.png,0,-0.3625730628559956,,0.0010000467300415,1.3484001112040676,chromosome
0,0.0009286403656005,Q242664,Q242664.14~A47.K_20,20,,normal,Q242664.14~A47.K_20L.png,Q242664.14~A47.K_20R.png,train,/data5/chensx/MyProject/UAE/data/arrangement_merged/chr_20/Q242664.14~A47.K_20L.png,/data5/chensx/MyProject/UAE/data/arrangement_merged/chr_20/Q242664.14~A47.K_20R.png,0,-0.4592232202414263,,0.0009286403656005,0.9193936780237528,chromosome
0,0.0007321834564208,Q242664,Q242664.1~A14.K_20,20,,normal,Q242664.1~A14.K_20L.png,Q242664.1~A14.K_20R.png,train,/data5/chensx/MyProject/UAE/data/arrangement_merged/chr_20/Q242664.1~A14.K_20L.png,/data5/chensx/MyProject/UAE/data/arrangement_merged/chr_20/Q242664.1~A14.K_20R.png,0,-0.7251321674387381,,0.0007321834564208,-0.2609111665178009,chromosome
0,0.0009614825248718,Q242664,Q242664.2~A1.K_20,20,,normal,Q242664.2~A1.K_20L.png,Q242664.2~A1.K_20R.png,train,/data5/chensx/MyProject/UAE/data/arrangement_merged/chr_20/Q242664.2~A1.K_20L.png,/data5/chensx/MyProject/UAE/data/arrangement_merged/chr_20/Q242664.2~A1.K_20R.png,0,-0.4147706019447883,,0.0009614825248718,1.116707989110992,chromosome
0,0.0007663369178771,Q242664,Q242664.2~A10.K_20,20,,normal,Q242664.2~A10.K_20L.png,Q242664.2~A10.K_20R.png,train,/data5/chensx/MyProject/UAE/data/arrangement_merged/chr_20/Q242664.2~A10.K_20L.png,/data5/chensx/MyProject/UAE/data/arrangement_merged/chr_20/Q242664.2~A10.K_20R.png,0,-0.6789046714605647,,0.0007663369178771,-0.055718607075358244,chromosome
0,0.0011709332466125,Q242664,Q242664.2~A30.K_20,20,,normal,Q242664.2~A30.K_20L.png,Q242664.2~A30.K_20R.png,train,/data5/chensx/MyProject/UAE/data/arrangement_merged/chr_20/Q242664.2~A30.K_20L.png,/data5/chensx/MyProject/UAE/data/arrangement_merged/chr_20/Q242664.2~A30.K_20R.png,0,-0.1312742304486252,,0.0011709332466125,2.375079112811935,chromosome
0,0.0007179975509643,Q242664,Q242664.2~A32.K_20,20,,normal,Q242664.2~A32.K_20L.png,Q242664.2~A32.K_20R.png,train,/data5/chensx/MyProject/UAE/data/arrangement_merged/chr_20/Q242664.2~A32.K_20L.png,/data5/chensx/MyProject/UAE/data/arrangement_merged/chr_20/Q242664.2~A32.K_20R.png,0,-0.7443331169026216,,0.0007179975509643,-0.3461394896367395,chromosome
0,0.0008458495140075,Q242664,Q242664.2~A6.K_20,20,,normal,Q242664.2~A6.K_20L.png,Q242664.2~A6.K_20R.png,train,/data5/chensx/MyProject/UAE/data/arrangement_merged/chr_20/Q242664.2~A6.K_20L.png,/data5/chensx/MyProject/UAE/data/arrangement_merged/chr_20/Q242664.2~A6.K_20R.png,0,-0.5712825429529148,,0.0008458495140075,0.42198972502989174,chromosome
0,0.0007283687591552,Q242664,Q242664.3~A19.K_20,20,,normal,Q242664.3~A19.K_20L.png,Q242664.3~A19.K_20R.png,train,/data5/chensx/MyProject/UAE/data/arrangement_merged/chr_20/Q242664.3~A19.K_20L.png,/data5/chensx/MyProject/UAE/data/arrangement_merged/chr_20/Q242664.3~A19.K_20R.png,0,-0.7302954479668412,,0.0007283687591552,-0.28382970718835876,chromosome
0,0.0008574724197387,Q242664,Q242664.3~A29.K_20,20,,normal,Q242664.3~A29.K_20L.png,Q242664.3~A29.K_20R.png,train,/data5/chensx/MyProject/UAE/data/arrangement_merged/chr_20/Q242664.3~A29.K_20L.png,/data5/chensx/MyProject/UAE/data/arrangement_merged/chr_20/Q242664.3~A29.K_20R.png,0,-0.5555506725938505,,0.0008574724197387,0.49181965363594965,chromosome
0,0.0006978511810302,Q242664,Q242664.3~A44.K_20,20,,normal,Q242664.3~A44.K_20L.png,Q242664.3~A44.K_20R.png,train,/data5/chensx/MyProject/UAE/data/arrangement_merged/chr_20/Q242664.3~A44.K_20L.png,/data5/chensx/MyProject/UAE/data/arrangement_merged/chr_20/Q242664.3~A44.K_20R.png,0,-0.7716016921916664,,0.0006978511810302,-0.4671780325540254,chromosome
0,0.0007538795471191,Q242664,Q242664.3~A48.K_20,20,,normal,Q242664.3~A48.K_20L.png,Q242664.3~A48.K_20R.png,train,/data5/chensx/MyProject/UAE/data/arrangement_merged/chr_20/Q242664.3~A48.K_20L.png,/data5/chensx/MyProject/UAE/data/arrangement_merged/chr_20/Q242664.3~A48.K_20R.png,0,-0.6957660094351514,,0.0007538795471191,-0.1305619664528001,chromosome
0,0.0007871389389038,Q242664,Q242664.4~A14.K_20,20,,normal,Q242664.4~A14.K_20L.png,Q242664.4~A14.K_20R.png,train,/data5/chensx/MyProject/UAE/data/arrangement_merged/chr_20/Q242664.4~A14.K_20L.png,/data5/chensx/MyProject/UAE/data/arrangement_merged/chr_20/Q242664.4~A14.K_20R.png,0,-0.6507486573307523,,0.0007871389389038,0.06925906002013094,chromosome
0,0.0008037090301513,Q242664,Q242664.4~A34.K_20,20,,normal,Q242664.4~A34.K_20L.png,Q242664.4~A34.K_20R.png,train,/data5/chensx/MyProject/UAE/data/arrangement_merged/chr_20/Q242664.4~A34.K_20L.png,/data5/chensx/MyProject/UAE/data/arrangement_merged/chr_20/Q242664.4~A34.K_20R.png,0,-0.6283206575368042,,0.0008037090301513,0.16881147105816785,chromosome
0,0.0008498430252075,Q242664,Q242664.4~A41.K_20,20,,normal,Q242664.4~A41.K_20L.png,Q242664.4~A41.K_20R.png,train,/data5/chensx/MyProject/UAE/data/arrangement_merged/chr_20/Q242664.4~A41.K_20L.png,/data5/chensx/MyProject/UAE/data/arrangement_merged/chr_20/Q242664.4~A41.K_20R.png,0,-0.5658772336500568,,0.0008498430252075,0.4459825722948333,chromosome
0,0.0008515119552612,Q242664,Q242664.4~A49.K_20,20,,normal,Q242664.4~A49.K_20L.png,Q242664.4~A49.K_20R.png,train,/data5/chensx/MyProject/UAE/data/arrangement_merged/chr_20/Q242664.4~A49.K_20L.png,/data5/chensx/MyProject/UAE/data/arrangement_merged/chr_20/Q242664.4~A49.K_20R.png,0,-0.5636182984190117,,0.0008515119552612,0.45600943383820236,chromosome
0,0.0006374716758728,Q250230,Q250230.11~A30.K_20,20,,normal,Q250230.11~A30.K_20L.png,Q250230.11~A30.K_20R.png,train,/data5/chensx/MyProject/UAE/data/arrangement_merged/chr_20/Q250230.11~A30.K_20L.png,/data5/chensx/MyProject/UAE/data/arrangement_merged/chr_20/Q250230.11~A30.K_20R.png,0,-0.862709643741073,,0.0006374716758728,-0.8299355591071559,chromosome
0,0.0010858178138732,Q250230,Q250230.12~A40.K_20,20,,normal,Q250230.12~A40.K_20L.png,Q250230.12~A40.K_20R.png,train,/data5/chensx/MyProject/UAE/data/arrangement_merged/chr_20/Q250230.12~A40.K_20L.png,/data5/chensx/MyProject/UAE/data/arrangement_merged/chr_20/Q250230.12~A40.K_20R.png,0,-0.3016797626412813,,0.0010858178138732,1.8637091740965013,chromosome
0,0.0005179643630981,Q250230,Q250230.13~A45.K_20,20,,normal,Q250230.13~A45.K_20L.png,Q250230.13~A45.K_20R.png,train,/data5/chensx/MyProject/UAE/data/arrangement_merged/chr_20/Q250230.13~A45.K_20L.png,/data5/chensx/MyProject/UAE/data/arrangement_merged/chr_20/Q250230.13~A45.K_20R.png,0,-1.012252971526912,,0.0005179643630981,-1.5479304660569417,chromosome
0,0.001009464263916,Q250230,Q250230.14~A21.K_20,20,,normal,Q250230.14~A21.K_20L.png,Q250230.14~A21.K_20R.png,train,/data5/chensx/MyProject/UAE/data/arrangement_merged/chr_20/Q250230.14~A21.K_20L.png,/data5/chensx/MyProject/UAE/data/arrangement_merged/chr_20/Q250230.14~A21.K_20R.png,0,-0.3972234049822589,,0.001009464263916,1.4049802584848083,chromosome
0,0.0007882118225097,Q250230,Q250230.14~A43.K_20,20,,normal,Q250230.14~A43.K_20L.png,Q250230.14~A43.K_20R.png,train,/data5/chensx/MyProject/UAE/data/arrangement_merged/chr_20/Q250230.14~A43.K_20L.png,/data5/chensx/MyProject/UAE/data/arrangement_merged/chr_20/Q250230.14~A43.K_20R.png,0,-0.6740836706885107,,0.0007882118225097,0.07570489958342502,chromosome
0,0.0007020235061645,Q250230,Q250230.15~A8.K_20,20,,normal,Q250230.15~A8.K_20L.png,Q250230.15~A8.K_20R.png,train,/data5/chensx/MyProject/UAE/data/arrangement_merged/chr_20/Q250230.15~A8.K_20L.png,/data5/chensx/MyProject/UAE/data/arrangement_merged/chr_20/Q250230.15~A8.K_20R.png,0,-0.7819338711764525,,0.0007020235061645,-0.442110878695302,chromosome
0,0.0006842613220214,Q250230,Q250230.1~A20.K_20,20,,normal,Q250230.1~A20.K_20L.png,Q250230.1~A20.K_20R.png,train,/data5/chensx/MyProject/UAE/data/arrangement_merged/chr_20/Q250230.1~A20.K_20L.png,/data5/chensx/MyProject/UAE/data/arrangement_merged/chr_20/Q250230.1~A20.K_20R.png,0,-0.804160261041879,,0.0006842613220214,-0.5488253336934896,chromosome
0,0.0006802082061767,Q250230,Q250230.2~A24.K_20,20,,normal,Q250230.2~A24.K_20L.png,Q250230.2~A24.K_20R.png,train,/data5/chensx/MyProject/UAE/data/arrangement_merged/chr_20/Q250230.2~A24.K_20L.png,/data5/chensx/MyProject/UAE/data/arrangement_merged/chr_20/Q250230.2~A24.K_20R.png,0,-0.8092320547024462,,0.0006802082061767,-0.5731762831559576,chromosome
0,0.000769555568695,Q250230,Q250230.2~A27.K_20,20,,normal,Q250230.2~A27.K_20L.png,Q250230.2~A27.K_20R.png,train,/data5/chensx/MyProject/UAE/data/arrangement_merged/chr_20/Q250230.2~A27.K_20L.png,/data5/chensx/MyProject/UAE/data/arrangement_merged/chr_20/Q250230.2~A27.K_20R.png,0,-0.6974288385672975,,0.000769555568695,-0.03638108838427482,chromosome
0,0.00088632106781,Q250230,Q250230.2~A38.K_20,20,,normal,Q250230.2~A38.K_20L.png,Q250230.2~A38.K_20R.png,train,/data5/chensx/MyProject/UAE/data/arrangement_merged/chr_20/Q250230.2~A38.K_20L.png,/data5/chensx/MyProject/UAE/data/arrangement_merged/chr_20/Q250230.2~A38.K_20R.png,0,-0.5513164300224302,,0.00088632106781,0.6651411174582471,chromosome
0,0.0007691383361816,Q250230,Q250230.4~A35.K_20,20,,normal,Q250230.4~A35.K_20L.png,Q250230.4~A35.K_20R.png,train,/data5/chensx/MyProject/UAE/data/arrangement_merged/chr_20/Q250230.4~A35.K_20L.png,/data5/chensx/MyProject/UAE/data/arrangement_merged/chr_20/Q250230.4~A35.K_20R.png,0,-0.6979509349735324,,0.0007691383361816,-0.03888780376996679,chromosome
0,0.000603973865509,Q250230,Q250230.5~A21.K_20,20,,normal,Q250230.5~A21.K_20L.png,Q250230.5~A21.K_20R.png,train,/data5/chensx/MyProject/UAE/data/arrangement_merged/chr_20/Q250230.5~A21.K_20L.png,/data5/chensx/MyProject/UAE/data/arrangement_merged/chr_20/Q250230.5~A21.K_20R.png,0,-0.9046265266416424,,0.000603973865509,-1.0311889943719965,chromosome
0,0.0008723735809326,Q250230,Q250230.5~A42.K_20,20,,normal,Q250230.5~A42.K_20L.png,Q250230.5~A42.K_20R.png,train,/data5/chensx/MyProject/UAE/data/arrangement_merged/chr_20/Q250230.5~A42.K_20L.png,/data5/chensx/MyProject/UAE/data/arrangement_merged/chr_20/Q250230.5~A42.K_20R.png,0,-0.5687693670308525,,0.0008723735809326,0.5813452031312181,chromosome
0,0.0007069110870361,Q250230,Q250230.5~A46.K_20,20,,normal,Q250230.5~A46.K_20L.png,Q250230.5~A46.K_20R.png,train,/data5/chensx/MyProject/UAE/data/arrangement_merged/chr_20/Q250230.5~A46.K_20L.png,/data5/chensx/MyProject/UAE/data/arrangement_merged/chr_20/Q250230.5~A46.K_20R.png,0,-0.7758178847034157,,0.0007069110870361,-0.4127464984608495,chromosome
0,0.0007300972938537,Q250230,Q250230.5~A5.K_20,20,,normal,Q250230.5~A5.K_20L.png,Q250230.5~A5.K_20R.png,train,/data5/chensx/MyProject/UAE/data/arrangement_merged/chr_20/Q250230.5~A5.K_20L.png,/data5/chensx/MyProject/UAE/data/arrangement_merged/chr_20/Q250230.5~A5.K_20R.png,0,-0.7468042415569363,,0.0007300972938537,-0.273444743446862,chromosome
0,0.0008317232131958,Q250230,Q250230.5~A6.K_20,20,,normal,Q250230.5~A6.K_20L.png,Q250230.5~A6.K_20R.png,train,/data5/chensx/MyProject/UAE/data/arrangement_merged/chr_20/Q250230.5~A6.K_20L.png,/data5/chensx/MyProject/UAE/data/arrangement_merged/chr_20/Q250230.5~A6.K_20R.png,0,-0.6196364740383049,,0.0008317232131958,0.3371195041090814,chromosome
0,0.0007853507995605,Q251136,Q251136.12~A20.K_20,20,,normal,Q251136.12~A20.K_20L.png,Q251136.12~A20.K_20R.png,train,/data5/chensx/MyProject/UAE/data/arrangement_merged/chr_20/Q251136.12~A20.K_20L.png,/data5/chensx/MyProject/UAE/data/arrangement_merged/chr_20/Q251136.12~A20.K_20R.png,0,-0.5387116970687039,,0.0007853507995605,0.05851599408050647,chromosome
0,0.0006948709487915,Q251136,Q251136.12~A23.K_20,20,,normal,Q251136.12~A23.K_20L.png,Q251136.12~A23.K_20R.png,train,/data5/chensx/MyProject/UAE/data/arrangement_merged/chr_20/Q251136.12~A23.K_20L.png,/data5/chensx/MyProject/UAE/data/arrangement_merged/chr_20/Q251136.12~A23.K_20R.png,0,-0.627743044059456,,0.0006948709487915,-0.4850831424525987,chromosome
0,0.0008304119110107,Q251136,Q251136.14~A16.K_20,20,,normal,Q251136.14~A16.K_20L.png,Q251136.14~A16.K_20R.png,train,/data5/chensx/MyProject/UAE/data/arrangement_merged/chr_20/Q251136.14~A16.K_20L.png,/data5/chensx/MyProject/UAE/data/arrangement_merged/chr_20/Q251136.14~A16.K_20R.png,0,-0.4943719748519656,,0.0008304119110107,0.3292412557532766,chromosome
0,0.0008866786956787,Q251136,Q251136.14~A17.K_20,20,,normal,Q251136.14~A17.K_20L.png,Q251136.14~A17.K_20R.png,train,/data5/chensx/MyProject/UAE/data/arrangement_merged/chr_20/Q251136.14~A17.K_20L.png,/data5/chensx/MyProject/UAE/data/arrangement_merged/chr_20/Q251136.14~A17.K_20R.png,0,-0.4390059725072555,,0.0008866786956787,0.6672897306464121,chromosome
0,0.0007235407829284,Q251136,Q251136.14~A18.K_20,20,,normal,Q251136.14~A18.K_20L.png,Q251136.14~A18.K_20R.png,train,/data5/chensx/MyProject/UAE/data/arrangement_merged/chr_20/Q251136.14~A18.K_20L.png,/data5/chensx/MyProject/UAE/data/arrangement_merged/chr_20/Q251136.14~A18.K_20R.png,0,-0.5995321890511874,,0.0007235407829284,-0.31283598522468425,chromosome
0,0.0005570650100708,Q251136,Q251136.14~A2.K_20,20,,normal,Q251136.14~A2.K_20L.png,Q251136.14~A2.K_20R.png,train,/data5/chensx/MyProject/UAE/data/arrangement_merged/chr_20/Q251136.14~A2.K_20L.png,/data5/chensx/MyProject/UAE/data/arrangement_merged/chr_20/Q251136.14~A2.K_20R.png,0,-0.7633428294630259,,0.0005570650100708,-1.313015424181918,chromosome
0,0.0007808208465576,Q251136,Q251136.14~A31.K_20,20,,normal,Q251136.14~A31.K_20L.png,Q251136.14~A31.K_20R.png,train,/data5/chensx/MyProject/UAE/data/arrangement_merged/chr_20/Q251136.14~A31.K_20L.png,/data5/chensx/MyProject/UAE/data/arrangement_merged/chr_20/Q251136.14~A31.K_20R.png,0,-0.5431691294608628,,0.0007808208465576,0.03130022703421816,chromosome
0,0.0007702112197875,Q251136,Q251136.14~A39.K_20,20,,normal,Q251136.14~A39.K_20L.png,Q251136.14~A39.K_20R.png,train,/data5/chensx/MyProject/UAE/data/arrangement_merged/chr_20/Q251136.14~A39.K_20L.png,/data5/chensx/MyProject/UAE/data/arrangement_merged/chr_20/Q251136.14~A39.K_20R.png,0,-0.5536089053267086,,0.0007702112197875,-0.032441964206672703,chromosome
0,0.0007442831993103,Q251136,Q251136.1~A12.K_20,20,,normal,Q251136.1~A12.K_20L.png,Q251136.1~A12.K_20R.png,train,/data5/chensx/MyProject/UAE/data/arrangement_merged/chr_20/Q251136.1~A12.K_20L.png,/data5/chensx/MyProject/UAE/data/arrangement_merged/chr_20/Q251136.1~A12.K_20R.png,0,-0.5791218407291968,,0.0007442831993103,-0.18821642032732275,chromosome
0,0.0005848407745361,Q251136,Q251136.1~A38.K_20,20,,normal,Q251136.1~A38.K_20L.png,Q251136.1~A38.K_20R.png,train,/data5/chensx/MyProject/UAE/data/arrangement_merged/chr_20/Q251136.1~A38.K_20L.png,/data5/chensx/MyProject/UAE/data/arrangement_merged/chr_20/Q251136.1~A38.K_20R.png,0,-0.7360117308479465,,0.0005848407745361,-1.146139799923516,chromosome
0,0.0009079575538635,Q251136,Q251136.2~A15.K_20,20,,normal,Q251136.2~A15.K_20L.png,Q251136.2~A15.K_20R.png,train,/data5/chensx/MyProject/UAE/data/arrangement_merged/chr_20/Q251136.2~A15.K_20L.png,/data5/chensx/MyProject/UAE/data/arrangement_merged/chr_20/Q251136.2~A15.K_20R.png,0,-0.4180677703493513,,0.0009079575538635,0.7951322153251202,chromosome
0,0.0011144876480102,Q251136,Q251136.2~A2.K_20,20,,normal,Q251136.2~A2.K_20L.png,Q251136.2~A2.K_20R.png,train,/data5/chensx/MyProject/UAE/data/arrangement_merged/chr_20/Q251136.2~A2.K_20L.png,/data5/chensx/MyProject/UAE/data/arrangement_merged/chr_20/Q251136.2~A2.K_20R.png,0,-0.2148440435226345,,0.0011144876480102,2.0359563313250164,chromosome
0,0.0006730556488037,Q251136,Q251136.2~A20.K_20,20,,normal,Q251136.2~A20.K_20L.png,Q251136.2~A20.K_20R.png,train,/data5/chensx/MyProject/UAE/data/arrangement_merged/chr_20/Q251136.2~A20.K_20L.png,/data5/chensx/MyProject/UAE/data/arrangement_merged/chr_20/Q251136.2~A20.K_20R.png,0,-0.6492091000532737,,0.0006730556488037,-0.6161485469132543,chromosome
0,0.0009827017784118,Q251136,Q251136.2~A25.K_20,20,,normal,Q251136.2~A25.K_20L.png,Q251136.2~A25.K_20R.png,train,/data5/chensx/MyProject/UAE/data/arrangement_merged/chr_20/Q251136.2~A25.K_20L.png,/data5/chensx/MyProject/UAE/data/arrangement_merged/chr_20/Q251136.2~A25.K_20R.png,0,-0.34452013587873,,0.0009827017784118,1.244192371591572,chromosome
0,0.0006790161132812,Q251136,Q251136.2~A36.K_20,20,,normal,Q251136.2~A36.K_20L.png,Q251136.2~A36.K_20R.png,train,/data5/chensx/MyProject/UAE/data/arrangement_merged/chr_20/Q251136.2~A36.K_20L.png,/data5/chensx/MyProject/UAE/data/arrangement_merged/chr_20/Q251136.2~A36.K_20R.png,0,-0.6433440574320121,,0.0006790161132812,-0.580338327115507,chromosome
0,0.0007051229476928,Q251136,Q251136.2~A5.K_20,20,,normal,Q251136.2~A5.K_20L.png,Q251136.2~A5.K_20R.png,train,/data5/chensx/MyProject/UAE/data/arrangement_merged/chr_20/Q251136.2~A5.K_20L.png,/data5/chensx/MyProject/UAE/data/arrangement_merged/chr_20/Q251136.2~A5.K_20R.png,0,-0.6176551707508859,,0.0007051229476928,-0.423489564400474,chromosome
0,0.0006724596023559,Q251136,Q251136.2~A7.K_20,20,,normal,Q251136.2~A7.K_20L.png,Q251136.2~A7.K_20R.png,train,/data5/chensx/MyProject/UAE/data/arrangement_merged/chr_20/Q251136.2~A7.K_20L.png,/data5/chensx/MyProject/UAE/data/arrangement_merged/chr_20/Q251136.2~A7.K_20R.png,0,-0.6497956043154,,0.0006724596023559,-0.6197295688933293,chromosome
0,0.000756025314331,Q251136,Q251136.3~A16.K_20,20,,normal,Q251136.3~A16.K_20L.png,Q251136.3~A16.K_20R.png,train,/data5/chensx/MyProject/UAE/data/arrangement_merged/chr_20/Q251136.3~A16.K_20L.png,/data5/chensx/MyProject/UAE/data/arrangement_merged/chr_20/Q251136.3~A16.K_20R.png,0,-0.5675677067653113,,0.000756025314331,-0.11767028732561069,chromosome
0,0.0009597539901733,Q251136,Q251136.3~A21.K_20,20,,normal,Q251136.3~A21.K_20L.png,Q251136.3~A21.K_20R.png,train,/data5/chensx/MyProject/UAE/data/arrangement_merged/chr_20/Q251136.3~A21.K_20L.png,/data5/chensx/MyProject/UAE/data/arrangement_merged/chr_20/Q251136.3~A21.K_20R.png,0,-0.3671005499705874,,0.0009597539901733,1.1063230253694951,chromosome
0,0.0009880065917968,Q251136,Q251136.3~A23.K_20,20,,normal,Q251136.3~A23.K_20L.png,Q251136.3~A23.K_20R.png,train,/data5/chensx/MyProject/UAE/data/arrangement_merged/chr_20/Q251136.3~A23.K_20L.png,/data5/chensx/MyProject/UAE/data/arrangement_merged/chr_20/Q251136.3~A23.K_20R.png,0,-0.3393002479458071,,0.0009880065917968,1.276063467211717,chromosome
0,0.0011699199676513,Q251136,Q251136.3~A26.K_20,20,,normal,Q251136.3~A26.K_20L.png,Q251136.3~A26.K_20R.png,train,/data5/chensx/MyProject/UAE/data/arrangement_merged/chr_20/Q251136.3~A26.K_20L.png,/data5/chensx/MyProject/UAE/data/arrangement_merged/chr_20/Q251136.3~A26.K_20R.png,0,-0.1602991471449009,,0.0011699199676513,2.3689913754461673,chromosome
0,0.0005629062652587,Q251136,Q251136.3~A32.K_20,20,,normal,Q251136.3~A32.K_20L.png,Q251136.3~A32.K_20R.png,train,/data5/chensx/MyProject/UAE/data/arrangement_merged/chr_20/Q251136.3~A32.K_20L.png,/data5/chensx/MyProject/UAE/data/arrangement_merged/chr_20/Q251136.3~A32.K_20R.png,0,-0.7575950876941894,,0.0005629062652587,-1.2779214087804263,chromosome
0,0.0006165504455566,Q251136,Q251136.3~A36.K_20,20,,normal,Q251136.3~A36.K_20L.png,Q251136.3~A36.K_20R.png,train,/data5/chensx/MyProject/UAE/data/arrangement_merged/chr_20/Q251136.3~A36.K_20L.png,/data5/chensx/MyProject/UAE/data/arrangement_merged/chr_20/Q251136.3~A36.K_20R.png,0,-0.7048097041028344,,0.0006165504455566,-0.9556294305982999,chromosome
0,0.0007089376449584,Q251136,Q251136.3~A40.K_20,20,,normal,Q251136.3~A40.K_20L.png,Q251136.3~A40.K_20R.png,train,/data5/chensx/MyProject/UAE/data/arrangement_merged/chr_20/Q251136.3~A40.K_20L.png,/data5/chensx/MyProject/UAE/data/arrangement_merged/chr_20/Q251136.3~A40.K_20R.png,0,-0.6139015434732785,,0.0007089376449584,-0.40057102372991543,chromosome
0,0.0008866786956787,Q251136,Q251136.3~A41.K_20,20,,normal,Q251136.3~A41.K_20L.png,Q251136.3~A41.K_20R.png,train,/data5/chensx/MyProject/UAE/data/arrangement_merged/chr_20/Q251136.3~A41.K_20L.png,/data5/chensx/MyProject/UAE/data/arrangement_merged/chr_20/Q251136.3~A41.K_20R.png,0,-0.4390059725072555,,0.0008866786956787,0.6672897306464121,chromosome
0,0.0009902119636535,Q251136,Q251136.4~A12.K_20,20,,normal,Q251136.4~A12.K_20L.png,Q251136.4~A12.K_20R.png,train,/data5/chensx/MyProject/UAE/data/arrangement_merged/chr_20/Q251136.4~A12.K_20L.png,/data5/chensx/MyProject/UAE/data/arrangement_merged/chr_20/Q251136.4~A12.K_20R.png,0,-0.3371301821759403,,0.0009902119636535,1.289313248537034,chromosome
0,0.0007550120353698,Q251136,Q251136.4~A13.K_20,20,,normal,Q251136.4~A13.K_20L.png,Q251136.4~A13.K_20R.png,train,/data5/chensx/MyProject/UAE/data/arrangement_merged/chr_20/Q251136.4~A13.K_20L.png,/data5/chensx/MyProject/UAE/data/arrangement_merged/chr_20/Q251136.4~A13.K_20R.png,0,-0.5685647640109258,,0.0007550120353698,-0.12375802469137832,chromosome
0,0.0005615353584289,Q251136,Q251136.4~A15.K_20,20,,normal,Q251136.4~A15.K_20L.png,Q251136.4~A15.K_20R.png,train,/data5/chensx/MyProject/UAE/data/arrangement_merged/chr_20/Q251136.4~A15.K_20L.png,/data5/chensx/MyProject/UAE/data/arrangement_merged/chr_20/Q251136.4~A15.K_20R.png,0,-0.7589440474970796,,0.0005615353584289,-1.286157759333758,chromosome
0,0.0005332231521606,Q251136,Q251136.4~A16.K_20,20,,normal,Q251136.4~A16.K_20L.png,Q251136.4~A16.K_20R.png,train,/data5/chensx/MyProject/UAE/data/arrangement_merged/chr_20/Q251136.4~A16.K_20L.png,/data5/chensx/MyProject/UAE/data/arrangement_merged/chr_20/Q251136.4~A16.K_20R.png,0,-0.7868029999480726,,0.0005332231521606,-1.4562563033741083,chromosome
0,0.0007469654083251,Q251136,Q251136.4~A19.K_20,20,,normal,Q251136.4~A19.K_20L.png,Q251136.4~A19.K_20R.png,train,/data5/chensx/MyProject/UAE/data/arrangement_merged/chr_20/Q251136.4~A19.K_20L.png,/data5/chensx/MyProject/UAE/data/arrangement_merged/chr_20/Q251136.4~A19.K_20R.png,0,-0.576482571549629,,0.0007469654083251,-0.17210182141878724,chromosome
0,0.0008679628372192,Q251136,Q251136.4~A2.K_20,20,,normal,Q251136.4~A2.K_20L.png,Q251136.4~A2.K_20R.png,train,/data5/chensx/MyProject/UAE/data/arrangement_merged/chr_20/Q251136.4~A2.K_20L.png,/data5/chensx/MyProject/UAE/data/arrangement_merged/chr_20/Q251136.4~A2.K_20R.png,0,-0.4574222063380171,,0.0008679628372192,0.5548456404805852,chromosome
0,0.0006183385848999,Q251136,Q251136.4~A36.K_20,20,,normal,Q251136.4~A36.K_20L.png,Q251136.4~A36.K_20R.png,train,/data5/chensx/MyProject/UAE/data/arrangement_merged/chr_20/Q251136.4~A36.K_20L.png,/data5/chensx/MyProject/UAE/data/arrangement_merged/chr_20/Q251136.4~A36.K_20R.png,0,-0.7030501913164559,,0.0006183385848999,-0.9448863646586754,chromosome
0,0.0005786418914794,Q251136,Q251136.4~A5.K_20,20,,normal,Q251136.4~A5.K_20L.png,Q251136.4~A5.K_20R.png,train,/data5/chensx/MyProject/UAE/data/arrangement_merged/chr_20/Q251136.4~A5.K_20L.png,/data5/chensx/MyProject/UAE/data/arrangement_merged/chr_20/Q251136.4~A5.K_20R.png,0,-0.7421113751740586,,0.0005786418914794,-1.1833824285137733,chromosome
0,0.0036664009094238,165070,165070.11~A20.K_21,21,,normal,165070.11~A20.K_21L.png,165070.11~A20.K_21R.png,train,/data5/chensx/MyProject/UAE/data/arrangement_merged/chr_21/165070.11~A20.K_21L.png,/data5/chensx/MyProject/UAE/data/arrangement_merged/chr_21/165070.11~A20.K_21R.png,1,3.383616339224085,,0.0036664009094238,6.896368883536544,chromosome
0,0.0025042295455932,165070,165070.11~A21.K_21,21,,normal,165070.11~A21.K_21L.png,165070.11~A21.K_21R.png,train,/data5/chensx/MyProject/UAE/data/arrangement_merged/chr_21/165070.11~A21.K_21L.png,/data5/chensx/MyProject/UAE/data/arrangement_merged/chr_21/165070.11~A21.K_21R.png,0,1.7463788099003386,,0.0025042295455932,-0.0017201243454576403,chromosome
0,0.0024495124816894,165070,165070.11~A30.K_21,21,,normal,165070.11~A30.K_21L.png,165070.11~A30.K_21R.png,train,/data5/chensx/MyProject/UAE/data/arrangement_merged/chr_21/165070.11~A30.K_21L.png,/data5/chensx/MyProject/UAE/data/arrangement_merged/chr_21/165070.11~A30.K_21R.png,0,1.669294798621274,,0.0024495124816894,-0.3264942401129462,chromosome
0,0.0026209354400634,165070,165070.12~A1.K_21,21,,normal,165070.12~A1.K_21L.png,165070.12~A1.K_21R.png,train,/data5/chensx/MyProject/UAE/data/arrangement_merged/chr_21/165070.12~A1.K_21L.png,/data5/chensx/MyProject/UAE/data/arrangement_merged/chr_21/165070.12~A1.K_21R.png,0,1.9107911128245307,,0.0026209354400634,0.6909898088492707,chromosome
0,0.0023086667060852,165070,165070.12~A21.K_21,21,,normal,165070.12~A21.K_21L.png,165070.12~A21.K_21R.png,train,/data5/chensx/MyProject/UAE/data/arrangement_merged/chr_21/165070.12~A21.K_21L.png,/data5/chensx/MyProject/UAE/data/arrangement_merged/chr_21/165070.12~A21.K_21R.png,0,1.4708748436622008,,0.0023086667060852,-1.16248687144022,chromosome
0,0.0024487376213073,165070,165070.12~A41.K_21,21,,normal,165070.12~A41.K_21L.png,165070.12~A41.K_21R.png,train,/data5/chensx/MyProject/UAE/data/arrangement_merged/chr_21/165070.12~A41.K_21L.png,/data5/chensx/MyProject/UAE/data/arrangement_merged/chr_21/165070.12~A41.K_21R.png,0,1.66820319497571,,0.0024487376213073,-0.3310934378309056,chromosome
0,0.0025655031204223,165070,165070.12~A5.K_21,21,,normal,165070.12~A5.K_21L.png,165070.12~A5.K_21R.png,train,/data5/chensx/MyProject/UAE/data/arrangement_merged/chr_21/165070.12~A5.K_21L.png,/data5/chensx/MyProject/UAE/data/arrangement_merged/chr_21/165070.12~A5.K_21R.png,0,1.8326994674110992,,0.0025655031204223,0.3619702798038035,chromosome
0,0.0023376941680908,165070,165070.12~A9.K_21,21,,normal,165070.12~A9.K_21L.png,165070.12~A9.K_21R.png,train,/data5/chensx/MyProject/UAE/data/arrangement_merged/chr_21/165070.12~A9.K_21L.png,/data5/chensx/MyProject/UAE/data/arrangement_merged/chr_21/165070.12~A9.K_21R.png,0,1.5117679956152557,,0.0023376941680908,-0.99019384924119,chromosome
0,0.002751886844635,165070,165070.13~A24.K_21,21,,normal,165070.13~A24.K_21L.png,165070.13~A24.K_21R.png,train,/data5/chensx/MyProject/UAE/data/arrangement_merged/chr_21/165070.13~A24.K_21L.png,/data5/chensx/MyProject/UAE/data/arrangement_merged/chr_21/165070.13~A24.K_21R.png,0,2.0952721289248624,,0.002751886844635,1.468254223164793,chromosome
0,0.0025610327720642,165070,165070.13~A25.K_21,21,,normal,165070.13~A25.K_21L.png,165070.13~A25.K_21R.png,train,/data5/chensx/MyProject/UAE/data/arrangement_merged/chr_21/165070.13~A25.K_21L.png,/data5/chensx/MyProject/UAE/data/arrangement_merged/chr_21/165070.13~A25.K_21R.png,0,1.8264017540713064,,0.0025610327720642,0.33543644681658114,chromosome
0,0.0033403635025024,165070,165070.13~A26.K_21,21,,normal,165070.13~A26.K_21L.png,165070.13~A26.K_21R.png,train,/data5/chensx/MyProject/UAE/data/arrangement_merged/chr_21/165070.13~A26.K_21L.png,/data5/chensx/MyProject/UAE/data/arrangement_merged/chr_21/165070.13~A26.K_21R.png,0,2.9243031129751933,,0.0033403635025024,4.961167997644916,chromosome
0,0.0026442408561706,165070,165070.13~A27.K_21,21,,normal,165070.13~A27.K_21L.png,165070.13~A27.K_21R.png,train,/data5/chensx/MyProject/UAE/data/arrangement_merged/chr_21/165070.13~A27.K_21L.png,/data5/chensx/MyProject/UAE/data/arrangement_merged/chr_21/165070.13~A27.K_21R.png,0,1.9436231917026507,,0.0026442408561706,0.829319524824468,chromosome
0,0.0023948550224304,165070,165070.13~A28.K_21,21,,normal,165070.13~A28.K_21L.png,165070.13~A28.K_21R.png,train,/data5/chensx/MyProject/UAE/data/arrangement_merged/chr_21/165070.13~A28.K_21L.png,/data5/chensx/MyProject/UAE/data/arrangement_merged/chr_21/165070.13~A28.K_21R.png,0,1.592294756853407,,0.0023948550224304,-0.6509145714404567,chromosome
0,0.0027599334716796,165070,165070.13~A3.K_21,21,,normal,165070.13~A3.K_21L.png,165070.13~A3.K_21R.png,train,/data5/chensx/MyProject/UAE/data/arrangement_merged/chr_21/165070.13~A3.K_21L.png,/data5/chensx/MyProject/UAE/data/arrangement_merged/chr_21/165070.13~A3.K_21R.png,0,2.1066080129364897,,0.0027599334716796,1.5160151225419116,chromosome
0,0.0026103258132934,165070,165070.13~A36.K_21,21,,normal,165070.13~A36.K_21L.png,165070.13~A36.K_21R.png,train,/data5/chensx/MyProject/UAE/data/arrangement_merged/chr_21/165070.13~A36.K_21L.png,/data5/chensx/MyProject/UAE/data/arrangement_merged/chr_21/165070.13~A36.K_21R.png,0,1.8958445398314223,,0.0026103258132934,0.6280161785589485,chromosome
0,0.0024672746658325,165070,165070.13~A40.K_21,21,,normal,165070.13~A40.K_21L.png,165070.13~A40.K_21R.png,train,/data5/chensx/MyProject/UAE/data/arrangement_merged/chr_21/165070.13~A40.K_21L.png,/data5/chensx/MyProject/UAE/data/arrangement_merged/chr_21/165070.13~A40.K_21R.png,0,1.6943177129580511,,0.0024672746658325,-0.22106647704223933,chromosome
0,0.0024598240852355,165070,165070.13~A9.K_21,21,,normal,165070.13~A9.K_21L.png,165070.13~A9.K_21R.png,train,/data5/chensx/MyProject/UAE/data/arrangement_merged/chr_21/165070.13~A9.K_21L.png,/data5/chensx/MyProject/UAE/data/arrangement_merged/chr_21/165070.13~A9.K_21R.png,0,1.6838215240583962,,0.0024598240852355,-0.2652895320219326,chromosome
0,0.0020040869712829,165070,165070.1~A9.K_21,21,,normal,165070.1~A9.K_21L.png,165070.1~A9.K_21R.png,train,/data5/chensx/MyProject/UAE/data/arrangement_merged/chr_21/165070.1~A9.K_21L.png,/data5/chensx/MyProject/UAE/data/arrangement_merged/chr_21/165070.1~A9.K_21R.png,0,1.0417906414443143,,0.0020040869712829,-2.9703253589918783,chromosome
0,0.002612829208374,165070,165070.2~A31.K_21,21,,normal,165070.2~A31.K_21L.png,165070.2~A31.K_21R.png,train,/data5/chensx/MyProject/UAE/data/arrangement_merged/chr_21/165070.2~A31.K_21L.png,/data5/chensx/MyProject/UAE/data/arrangement_merged/chr_21/165070.2~A31.K_21R.png,0,1.8993712593017065,,0.002612829208374,0.642875125032174,chromosome
0,0.0025632381439208,165070,165070.3~A15.K_21,21,,normal,165070.3~A15.K_21L.png,165070.3~A15.K_21R.png,train,/data5/chensx/MyProject/UAE/data/arrangement_merged/chr_21/165070.3~A15.K_21L.png,/data5/chensx/MyProject/UAE/data/arrangement_merged/chr_21/165070.3~A15.K_21R.png,0,1.829508625985604,,0.0025632381439208,0.348526471089906,chromosome
0,0.0024073123931884,165070,165070.3~A2.K_21,21,,normal,165070.3~A2.K_21L.png,165070.3~A2.K_21R.png,train,/data5/chensx/MyProject/UAE/data/arrangement_merged/chr_21/165070.3~A2.K_21L.png,/data5/chensx/MyProject/UAE/data/arrangement_merged/chr_21/165070.3~A2.K_21R.png,0,1.6098443846936297,,0.0024073123931884,-0.5769736235155043,chromosome
0,0.0024970769882202,165070,165070.3~A30.K_21,21,,normal,165070.3~A30.K_21L.png,165070.3~A30.K_21R.png,train,/data5/chensx/MyProject/UAE/data/arrangement_merged/chr_21/165070.3~A30.K_21L.png,/data5/chensx/MyProject/UAE/data/arrangement_merged/chr_21/165070.3~A30.K_21R.png,0,1.73630246855667,,0.0024970769882202,-0.04417425712525023,chromosome
0,0.0024666786193847,165070,165070.3~A35.K_21,21,,normal,165070.3~A35.K_21L.png,165070.3~A35.K_21R.png,train,/data5/chensx/MyProject/UAE/data/arrangement_merged/chr_21/165070.3~A35.K_21L.png,/data5/chensx/MyProject/UAE/data/arrangement_merged/chr_21/165070.3~A35.K_21R.png,0,1.6934780178460789,,0.0024666786193847,-0.22460432144085143,chromosome
0,0.0024664402008056,165070,165070.3~A43.K_21,21,,normal,165070.3~A43.K_21L.png,165070.3~A43.K_21R.png,train,/data5/chensx/MyProject/UAE/data/arrangement_merged/chr_21/165070.3~A43.K_21L.png,/data5/chensx/MyProject/UAE/data/arrangement_merged/chr_21/165070.3~A43.K_21R.png,0,1.6931421398012898,,0.0024664402008056,-0.22601945920017938,chromosome
0,0.0024560689926147,170215,170215.12~A1.K_21,21,,normal,170215.12~A1.K_21L.png,170215.12~A1.K_21R.png,train,/data5/chensx/MyProject/UAE/data/arrangement_merged/chr_21/170215.12~A1.K_21L.png,/data5/chensx/MyProject/UAE/data/arrangement_merged/chr_21/170215.12~A1.K_21R.png,0,1.4778553396341965,,0.0024560689926147,-0.2875779517311736,chromosome
0,0.0025999546051025,170215,170215.12~A24.K_21,21,,normal,170215.12~A24.K_21L.png,170215.12~A24.K_21R.png,train,/data5/chensx/MyProject/UAE/data/arrangement_merged/chr_21/170215.12~A24.K_21L.png,/data5/chensx/MyProject/UAE/data/arrangement_merged/chr_21/170215.12~A24.K_21R.png,0,1.6667272230626045,,0.0025999546051025,0.5664576860279543,chromosome
0,0.0019868612289428,170215,170215.12~A31.K_21,21,,normal,170215.12~A31.K_21L.png,170215.12~A31.K_21R.png,train,/data5/chensx/MyProject/UAE/data/arrangement_merged/chr_21/170215.12~A31.K_21L.png,/data5/chensx/MyProject/UAE/data/arrangement_merged/chr_21/170215.12~A31.K_21R.png,0,0.8619483527458669,,0.0019868612289428,-3.0725690621039536,chromosome
0,0.002063512802124,170215,170215.12~A33.K_21,21,,normal,170215.12~A33.K_21L.png,170215.12~A33.K_21R.png,train,/data5/chensx/MyProject/UAE/data/arrangement_merged/chr_21/170215.12~A33.K_21L.png,/data5/chensx/MyProject/UAE/data/arrangement_merged/chr_21/170215.12~A33.K_21R.png,0,0.9625652715896668,,0.002063512802124,-2.6176022724772476,chromosome
0,0.0027825236320495,170215,170215.12~A44.K_21,21,,normal,170215.12~A44.K_21L.png,170215.12~A44.K_21R.png,train,/data5/chensx/MyProject/UAE/data/arrangement_merged/chr_21/170215.12~A44.K_21L.png,/data5/chensx/MyProject/UAE/data/arrangement_merged/chr_21/170215.12~A44.K_21R.png,0,1.9063770072138944,,0.0027825236320495,1.6500994252391274,chromosome
0,0.0027259588241577,170215,170215.12~A47.K_21,21,,normal,170215.12~A47.K_21L.png,170215.12~A47.K_21R.png,train,/data5/chensx/MyProject/UAE/data/arrangement_merged/chr_21/170215.12~A47.K_21L.png,/data5/chensx/MyProject/UAE/data/arrangement_merged/chr_21/170215.12~A47.K_21R.png,0,1.8321270414419144,,0.0027259588241577,1.3143579918370087,chromosome
0,0.0026580691337585,170215,170215.12~A48.K_21,21,,normal,170215.12~A48.K_21L.png,170215.12~A48.K_21R.png,train,/data5/chensx/MyProject/UAE/data/arrangement_merged/chr_21/170215.12~A48.K_21L.png,/data5/chensx/MyProject/UAE/data/arrangement_merged/chr_21/170215.12~A48.K_21R.png,0,1.7430114344721728,,0.0026580691337585,0.9113975148659919,chromosome
0,0.0027626156806945,170215,170215.12~A49.K_21,21,,normal,170215.12~A49.K_21L.png,170215.12~A49.K_21R.png,train,/data5/chensx/MyProject/UAE/data/arrangement_merged/chr_21/170215.12~A49.K_21L.png,/data5/chensx/MyProject/UAE/data/arrangement_merged/chr_21/170215.12~A49.K_21R.png,0,1.8802447747925648,,0.0027626156806945,1.5319354223344819,chromosome
0,0.0025429725646972,170215,170215.12~A6.K_21,21,,normal,170215.12~A6.K_21L.png,170215.12~A6.K_21R.png,train,/data5/chensx/MyProject/UAE/data/arrangement_merged/chr_21/170215.12~A6.K_21L.png,/data5/chensx/MyProject/UAE/data/arrangement_merged/chr_21/170215.12~A6.K_21R.png,0,1.5919295757728125,,0.0025429725646972,0.22823976154656825,chromosome
0,0.0024910569190979,170215,170215.12~A7.K_21,21,,normal,170215.12~A7.K_21L.png,170215.12~A7.K_21R.png,train,/data5/chensx/MyProject/UAE/data/arrangement_merged/chr_21/170215.12~A7.K_21L.png,/data5/chensx/MyProject/UAE/data/arrangement_merged/chr_21/170215.12~A7.K_21R.png,0,1.5237823469135985,,0.0024910569190979,-0.07990648554839136,chromosome
0,0.0027305483818054,170215,170215.13~A21.K_21,21,,normal,170215.13~A21.K_21L.png,170215.13~A21.K_21R.png,train,/data5/chensx/MyProject/UAE/data/arrangement_merged/chr_21/170215.13~A21.K_21L.png,/data5/chensx/MyProject/UAE/data/arrangement_merged/chr_21/170215.13~A21.K_21R.png,0,1.8381515381378497,,0.0027305483818054,1.34159939370419,chromosome
0,0.0026664733886718,170215,170215.13~A36.K_21,21,,normal,170215.13~A36.K_21L.png,170215.13~A36.K_21R.png,train,/data5/chensx/MyProject/UAE/data/arrangement_merged/chr_21/170215.13~A36.K_21L.png,/data5/chensx/MyProject/UAE/data/arrangement_merged/chr_21/170215.13~A36.K_21R.png,0,1.7540433050452489,,0.0026664733886718,0.9612811208823971,chromosome
0,0.0024980306625366,170215,170215.13~A44.K_21,21,,normal,170215.13~A44.K_21L.png,170215.13~A44.K_21R.png,train,/data5/chensx/MyProject/UAE/data/arrangement_merged/chr_21/170215.13~A44.K_21L.png,/data5/chensx/MyProject/UAE/data/arrangement_merged/chr_21/170215.13~A44.K_21R.png,0,1.5329364522827464,,0.0024980306625366,-0.0385137060879461,chromosome
0,0.0026646852493286,170215,170215.13~A47.K_21,21,,normal,170215.13~A47.K_21L.png,170215.13~A47.K_21R.png,train,/data5/chensx/MyProject/UAE/data/arrangement_merged/chr_21/170215.13~A47.K_21L.png,/data5/chensx/MyProject/UAE/data/arrangement_merged/chr_21/170215.13~A47.K_21R.png,0,1.751696098540339,,0.0026646852493286,0.9506675876877451,chromosome
0,0.0024678111076354,170215,170215.13~A5.K_21,21,,normal,170215.13~A5.K_21L.png,170215.13~A5.K_21R.png,train,/data5/chensx/MyProject/UAE/data/arrangement_merged/chr_21/170215.13~A5.K_21L.png,/data5/chensx/MyProject/UAE/data/arrangement_merged/chr_21/170215.13~A5.K_21R.png,0,1.4932686623497708,,0.0024678111076354,-0.21788241708419998,chromosome
0,0.0024829506874084,170215,170215.1~A9.K_21,21,,normal,170215.1~A9.K_21L.png,170215.1~A9.K_21R.png,train,/data5/chensx/MyProject/UAE/data/arrangement_merged/chr_21/170215.1~A9.K_21L.png,/data5/chensx/MyProject/UAE/data/arrangement_merged/chr_21/170215.1~A9.K_21R.png,0,1.5131416774246738,,0.0024829506874084,-0.1280211693660827,chromosome
0,0.0026798844337463,170215,170215.2~A19.K_21,21,,normal,170215.2~A19.K_21L.png,170215.2~A19.K_21R.png,train,/data5/chensx/MyProject/UAE/data/arrangement_merged/chr_21/170215.2~A19.K_21L.png,/data5/chensx/MyProject/UAE/data/arrangement_merged/chr_21/170215.2~A19.K_21R.png,0,1.7716473538320725,,0.0026798844337463,1.040882619845251,chromosome
0,0.0024482011795043,170215,170215.2~A2.K_21,21,,normal,170215.2~A2.K_21L.png,170215.2~A2.K_21R.png,train,/data5/chensx/MyProject/UAE/data/arrangement_merged/chr_21/170215.2~A2.K_21L.png,/data5/chensx/MyProject/UAE/data/arrangement_merged/chr_21/170215.2~A2.K_21R.png,0,1.4675276310125935,,0.0024482011795043,-0.3342774977895396,chromosome
0,0.0025947093963623,170215,170215.2~A23.K_21,21,,normal,170215.2~A23.K_21L.png,170215.2~A23.K_21R.png,train,/data5/chensx/MyProject/UAE/data/arrangement_merged/chr_21/170215.2~A23.K_21L.png,/data5/chensx/MyProject/UAE/data/arrangement_merged/chr_21/170215.2~A23.K_21R.png,0,1.6598420839815358,,0.0025947093963623,0.5353246553227726,chromosome
0,0.002609372138977,170215,170215.2~A33.K_21,21,,normal,170215.2~A33.K_21L.png,170215.2~A33.K_21R.png,train,/data5/chensx/MyProject/UAE/data/arrangement_merged/chr_21/170215.2~A33.K_21L.png,/data5/chensx/MyProject/UAE/data/arrangement_merged/chr_21/170215.2~A33.K_21R.png,0,1.6790891773217962,,0.002609372138977,0.6223556275216444,chromosome
0,0.0025509595870971,170215,170215.2~A4.K_21,21,,normal,170215.2~A4.K_21L.png,170215.2~A4.K_21R.png,train,/data5/chensx/MyProject/UAE/data/arrangement_merged/chr_21/170215.2~A4.K_21L.png,/data5/chensx/MyProject/UAE/data/arrangement_merged/chr_21/170215.2~A4.K_21R.png,0,1.6024137648280763,,0.0025509595870971,0.2756468764842983,chromosome
0,0.0023829936981201,170215,170215.3~A32.K_21,21,,normal,170215.3~A32.K_21L.png,170215.3~A32.K_21R.png,train,/data5/chensx/MyProject/UAE/data/arrangement_merged/chr_21/170215.3~A32.K_21L.png,/data5/chensx/MyProject/UAE/data/arrangement_merged/chr_21/170215.3~A32.K_21R.png,0,1.3819328338002164,,0.0023829936981201,-0.7213176749673916,chromosome
0,0.0024791955947875,170215,170215.3~A33.K_21,21,,normal,170215.3~A33.K_21L.png,170215.3~A33.K_21R.png,train,/data5/chensx/MyProject/UAE/data/arrangement_merged/chr_21/170215.3~A33.K_21L.png,/data5/chensx/MyProject/UAE/data/arrangement_merged/chr_21/170215.3~A33.K_21R.png,0,1.5082125437643632,,0.0024791955947875,-0.15030958907591838,chromosome
0,0.0025566816329956,170215,170215.3~A38.K_21,21,,normal,170215.3~A38.K_21L.png,170215.3~A38.K_21R.png,train,/data5/chensx/MyProject/UAE/data/arrangement_merged/chr_21/170215.3~A38.K_21L.png,/data5/chensx/MyProject/UAE/data/arrangement_merged/chr_21/170215.3~A38.K_21R.png,0,1.6099248256437877,,0.0025566816329956,0.3096101827087254,chromosome
0,0.0024806261062622,170215,170215.3~A41.K_21,21,,normal,170215.3~A41.K_21L.png,170215.3~A41.K_21R.png,train,/data5/chensx/MyProject/UAE/data/arrangement_merged/chr_21/170215.3~A41.K_21L.png,/data5/chensx/MyProject/UAE/data/arrangement_merged/chr_21/170215.3~A41.K_21R.png,0,1.510090308968291,,0.0024806261062622,-0.14181876251936626,chromosome
0,0.0025970339775085,170215,170215.3~A47.K_21,21,,normal,170215.3~A47.K_21L.png,170215.3~A47.K_21R.png,train,/data5/chensx/MyProject/UAE/data/arrangement_merged/chr_21/170215.3~A47.K_21L.png,/data5/chensx/MyProject/UAE/data/arrangement_merged/chr_21/170215.3~A47.K_21R.png,0,1.6628934524379186,,0.0025970339775085,0.5491222484760562,chromosome
0,0.0026477575302124,179083,179083.12~A20.K_21,21,,normal,179083.12~A20.K_21L.png,179083.12~A20.K_21R.png,train,/data5/chensx/MyProject/UAE/data/arrangement_merged/chr_21/179083.12~A20.K_21L.png,/data5/chensx/MyProject/UAE/data/arrangement_merged/chr_21/179083.12~A20.K_21R.png,0,2.1881329197086283,,0.0026477575302124,0.8501928067749782,chromosome
0,0.002537727355957,179083,179083.12~A37.K_21,21,,normal,179083.12~A37.K_21L.png,179083.12~A37.K_21R.png,train,/data5/chensx/MyProject/UAE/data/arrangement_merged/chr_21/179083.12~A37.K_21L.png,/data5/chensx/MyProject/UAE/data/arrangement_merged/chr_21/179083.12~A37.K_21R.png,0,2.0226743530811477,,0.002537727355957,0.1971067308413865,chromosome
0,0.0024197101593017,179083,179083.12~A39.K_21,21,,normal,179083.12~A39.K_21L.png,179083.12~A39.K_21R.png,train,/data5/chensx/MyProject/UAE/data/arrangement_merged/chr_21/179083.12~A39.K_21L.png,/data5/chensx/MyProject/UAE/data/arrangement_merged/chr_21/179083.12~A39.K_21R.png,0,1.8452052512813573,,0.0024197101593017,-0.5033864600299354,chromosome
0,0.0026307702064514,179083,179083.12~A47.K_21,21,,normal,179083.12~A47.K_21L.png,179083.12~A47.K_21R.png,train,/data5/chensx/MyProject/UAE/data/arrangement_merged/chr_21/179083.12~A47.K_21L.png,/data5/chensx/MyProject/UAE/data/arrangement_merged/chr_21/179083.12~A47.K_21R.png,0,2.162588124752598,,0.0026307702064514,0.7493642414222282,chromosome
0,0.0025062561035156,179083,179083.12~A9.K_21,21,,normal,179083.12~A9.K_21L.png,179083.12~A9.K_21R.png,train,/data5/chensx/MyProject/UAE/data/arrangement_merged/chr_21/179083.12~A9.K_21L.png,/data5/chensx/MyProject/UAE/data/arrangement_merged/chr_21/179083.12~A9.K_21R.png,0,1.9753492592678696,,0.0025062561035156,0.01030854660911192,chromosome
0,0.0023947358131408,179083,179083.13~A11.K_21,21,,normal,179083.13~A11.K_21L.png,179083.13~A11.K_21R.png,train,/data5/chensx/MyProject/UAE/data/arrangement_merged/chr_21/179083.13~A11.K_21L.png,/data5/chensx/MyProject/UAE/data/arrangement_merged/chr_21/179083.13~A11.K_21R.png,0,1.807649921153018,,0.0023947358131408,-0.6516221403204154,chromosome
0,0.0025746822357177,179083,179083.13~A13.K_21,21,,normal,179083.13~A13.K_21L.png,179083.13~A13.K_21R.png,train,/data5/chensx/MyProject/UAE/data/arrangement_merged/chr_21/179083.13~A13.K_21L.png,/data5/chensx/MyProject/UAE/data/arrangement_merged/chr_21/179083.13~A13.K_21R.png,0,2.0782454859679502,,0.0025746822357177,0.4164530835381682,chromosome
0,0.0026250481605529,179083,179083.13~A14.K_21,21,,normal,179083.13~A14.K_21L.png,179083.13~A14.K_21R.png,train,/data5/chensx/MyProject/UAE/data/arrangement_merged/chr_21/179083.13~A14.K_21L.png,/data5/chensx/MyProject/UAE/data/arrangement_merged/chr_21/179083.13~A14.K_21R.png,0,2.153983562241093,,0.0026250481605529,0.7154009351978011,chromosome
0,0.0027162432670593,179083,179083.13~A2.K_21,21,,normal,179083.13~A2.K_21L.png,179083.13~A2.K_21R.png,train,/data5/chensx/MyProject/UAE/data/arrangement_merged/chr_21/179083.13~A2.K_21L.png,/data5/chensx/MyProject/UAE/data/arrangement_merged/chr_21/179083.13~A2.K_21R.png,0,2.291118777268204,,0.0027162432670593,1.2566911281440125,chromosome
0,0.0024998188018798,179083,179083.13~A22.K_21,21,,normal,179083.13~A22.K_21L.png,179083.13~A22.K_21R.png,train,/data5/chensx/MyProject/UAE/data/arrangement_merged/chr_21/179083.13~A22.K_21L.png,/data5/chensx/MyProject/UAE/data/arrangement_merged/chr_21/179083.13~A22.K_21R.png,0,1.9656691264424269,,0.0024998188018798,-0.02790017289329397,chromosome
0,0.0026634931564331,179083,179083.13~A26.K_21,21,,normal,179083.13~A26.K_21L.png,179083.13~A26.K_21R.png,train,/data5/chensx/MyProject/UAE/data/arrangement_merged/chr_21/179083.13~A26.K_21L.png,/data5/chensx/MyProject/UAE/data/arrangement_merged/chr_21/179083.13~A26.K_21R.png,0,2.211795466615267,,0.0026634931564331,0.943591898891113,chromosome
0,0.0027611255645751,179083,179083.13~A34.K_21,21,,normal,179083.13~A34.K_21L.png,179083.13~A34.K_21R.png,train,/data5/chensx/MyProject/UAE/data/arrangement_merged/chr_21/179083.13~A34.K_21L.png,/data5/chensx/MyProject/UAE/data/arrangement_merged/chr_21/179083.13~A34.K_21R.png,0,2.3586108144678204,,0.0027611255645751,1.5230908113385437,chromosome
0,0.0025892853736877,179083,179083.13~A39.K_21,21,,normal,179083.13~A39.K_21L.png,179083.13~A39.K_21R.png,train,/data5/chensx/MyProject/UAE/data/arrangement_merged/chr_21/179083.13~A39.K_21L.png,/data5/chensx/MyProject/UAE/data/arrangement_merged/chr_21/179083.13~A39.K_21R.png,0,2.100205046544187,,0.0025892853736877,0.5031302712976514,chromosome
0,0.0026107430458068,179083,179083.14~A14.K_21,21,,normal,179083.14~A14.K_21L.png,179083.14~A14.K_21R.png,train,/data5/chensx/MyProject/UAE/data/arrangement_merged/chr_21/179083.14~A14.K_21L.png,/data5/chensx/MyProject/UAE/data/arrangement_merged/chr_21/179083.14~A14.K_21R.png,0,2.1324721559623305,,0.0026107430458068,0.6304926696376238,chromosome
0,0.0024201869964599,179083,179083.14~A18.K_21,21,,normal,179083.14~A18.K_21L.png,179083.14~A18.K_21R.png,train,/data5/chensx/MyProject/UAE/data/arrangement_merged/chr_21/179083.14~A18.K_21L.png,/data5/chensx/MyProject/UAE/data/arrangement_merged/chr_21/179083.14~A18.K_21R.png,0,1.845922298157316,,0.0024201869964599,-0.5005561845112846,chromosome
0,0.0026983022689819,179083,179083.14~A2.K_21,21,,normal,179083.14~A2.K_21L.png,179083.14~A2.K_21R.png,train,/data5/chensx/MyProject/UAE/data/arrangement_merged/chr_21/179083.14~A2.K_21L.png,/data5/chensx/MyProject/UAE/data/arrangement_merged/chr_21/179083.14~A2.K_21R.png,0,2.264139888560256,,0.0026983022689819,1.1502020117539584,chromosome
0,0.002591848373413,179083,179083.14~A27.K_21,21,,normal,179083.14~A27.K_21L.png,179083.14~A27.K_21R.png,train,/data5/chensx/MyProject/UAE/data/arrangement_merged/chr_21/179083.14~A27.K_21L.png,/data5/chensx/MyProject/UAE/data/arrangement_merged/chr_21/179083.14~A27.K_21R.png,0,2.104059173502465,,0.002591848373413,0.518343002210263,chromosome
0,0.0026804208755493,179083,179083.14~A28.K_21,21,,normal,179083.14~A28.K_21L.png,179083.14~A28.K_21R.png,train,/data5/chensx/MyProject/UAE/data/arrangement_merged/chr_21/179083.14~A28.K_21L.png,/data5/chensx/MyProject/UAE/data/arrangement_merged/chr_21/179083.14~A28.K_21R.png,0,2.2372506307118023,,0.0026804208755493,1.0440666798038822,chromosome
0,0.0028046369552612,179083,179083.14~A39.K_21,21,,normal,179083.14~A39.K_21L.png,179083.14~A39.K_21R.png,train,/data5/chensx/MyProject/UAE/data/arrangement_merged/chr_21/179083.14~A39.K_21L.png,/data5/chensx/MyProject/UAE/data/arrangement_merged/chr_21/179083.14~A39.K_21R.png,0,2.424041341899056,,0.0028046369552612,1.7813534524176926,chromosome
0,0.0025857686996459,179083,179083.14~A44.K_21,21,,normal,179083.14~A44.K_21L.png,179083.14~A44.K_21R.png,train,/data5/chensx/MyProject/UAE/data/arrangement_merged/chr_21/179083.14~A44.K_21L.png,/data5/chensx/MyProject/UAE/data/arrangement_merged/chr_21/179083.14~A44.K_21R.png,0,2.094916825833991,,0.0025857686996459,0.4822569893471412,chromosome
0,0.0023277401924133,179083,179083.14~A7.K_21,21,,normal,179083.14~A7.K_21L.png,179083.14~A7.K_21R.png,train,/data5/chensx/MyProject/UAE/data/arrangement_merged/chr_21/179083.14~A7.K_21L.png,/data5/chensx/MyProject/UAE/data/arrangement_merged/chr_21/179083.14~A7.K_21R.png,0,1.7069048350808138,,0.0023277401924133,-1.0492758506935116,chromosome
0,0.0024389624595642,179083,179083.1~A24.K_21,21,,normal,179083.1~A24.K_21L.png,179083.1~A24.K_21R.png,train,/data5/chensx/MyProject/UAE/data/arrangement_merged/chr_21/179083.1~A24.K_21L.png,/data5/chensx/MyProject/UAE/data/arrangement_merged/chr_21/179083.1~A24.K_21R.png,0,1.874156018898192,,0.0024389624595642,-0.38911408596329033,chromosome
0,0.0026235580444335,179083,179083.2~A1.K_21,21,,normal,179083.2~A1.K_21L.png,179083.2~A1.K_21R.png,train,/data5/chensx/MyProject/UAE/data/arrangement_merged/chr_21/179083.2~A1.K_21L.png,/data5/chensx/MyProject/UAE/data/arrangement_merged/chr_21/179083.2~A1.K_21R.png,0,2.1517427907537217,,0.0026235580444335,0.706556324201863,chromosome
0,0.0026415586471557,179083,179083.2~A12.K_21,21,,normal,179083.2~A12.K_21L.png,179083.2~A12.K_21R.png,train,/data5/chensx/MyProject/UAE/data/arrangement_merged/chr_21/179083.2~A12.K_21L.png,/data5/chensx/MyProject/UAE/data/arrangement_merged/chr_21/179083.2~A12.K_21R.png,0,2.1788113103211644,,0.0026415586471557,0.8133992250318978,chromosome
0,0.0021257996559143,179083,179083.2~A14.K_21,21,,normal,179083.2~A14.K_21L.png,179083.2~A14.K_21R.png,train,/data5/chensx/MyProject/UAE/data/arrangement_merged/chr_21/179083.2~A14.K_21L.png,/data5/chensx/MyProject/UAE/data/arrangement_merged/chr_21/179083.2~A14.K_21R.png,0,1.4032354831122842,,0.0021257996559143,-2.247897532850699,chromosome
0,0.0025902986526489,179083,179083.2~A18.K_21,21,,normal,179083.2~A18.K_21L.png,179083.2~A18.K_21R.png,train,/data5/chensx/MyProject/UAE/data/arrangement_merged/chr_21/179083.2~A18.K_21L.png,/data5/chensx/MyProject/UAE/data/arrangement_merged/chr_21/179083.2~A18.K_21R.png,0,2.1017287711555994,,0.0025902986526489,0.5091446067749388,chromosome
0,0.0025867819786071,179083,179083.2~A20.K_21,21,,normal,179083.2~A20.K_21L.png,179083.2~A20.K_21R.png,train,/data5/chensx/MyProject/UAE/data/arrangement_merged/chr_21/179083.2~A20.K_21L.png,/data5/chensx/MyProject/UAE/data/arrangement_merged/chr_21/179083.2~A20.K_21R.png,0,2.096440550445404,,0.0025867819786071,0.48827132482442853,chromosome
0,0.0025995373725891,179083,179083.2~A26.K_21,21,,normal,179083.2~A26.K_21L.png,179083.2~A26.K_21R.png,train,/data5/chensx/MyProject/UAE/data/arrangement_merged/chr_21/179083.2~A26.K_21L.png,/data5/chensx/MyProject/UAE/data/arrangement_merged/chr_21/179083.2~A26.K_21R.png,0,2.1156215543773,,0.0025995373725891,0.5639811949492816,chromosome
0,0.0025246143341064,179083,179083.2~A3.K_21,21,,normal,179083.2~A3.K_21L.png,179083.2~A3.K_21R.png,train,/data5/chensx/MyProject/UAE/data/arrangement_merged/chr_21/179083.2~A3.K_21L.png,/data5/chensx/MyProject/UAE/data/arrangement_merged/chr_21/179083.2~A3.K_21R.png,0,2.002955563992282,,0.0025246143341064,0.11927415407784137,chromosome
0,0.002713918685913,179083,179083.2~A31.K_21,21,,normal,179083.2~A31.K_21L.png,179083.2~A31.K_21R.png,train,/data5/chensx/MyProject/UAE/data/arrangement_merged/chr_21/179083.2~A31.K_21L.png,/data5/chensx/MyProject/UAE/data/arrangement_merged/chr_21/179083.2~A31.K_21R.png,0,2.2876231737479045,,0.002713918685913,1.2428935349901344,chromosome
0,0.0024981498718261,179083,179083.2~A35.K_21,21,,normal,179083.2~A35.K_21L.png,179083.2~A35.K_21R.png,train,/data5/chensx/MyProject/UAE/data/arrangement_merged/chr_21/179083.2~A35.K_21L.png,/data5/chensx/MyProject/UAE/data/arrangement_merged/chr_21/179083.2~A35.K_21R.png,0,1.9631594623765716,,0.0024981498718261,-0.03780613720857942,chromosome
0,0.0026451349258422,179083,179083.2~A38.K_21,21,,normal,179083.2~A38.K_21L.png,179083.2~A38.K_21R.png,train,/data5/chensx/MyProject/UAE/data/arrangement_merged/chr_21/179083.2~A38.K_21L.png,/data5/chensx/MyProject/UAE/data/arrangement_merged/chr_21/179083.2~A38.K_21R.png,0,2.1841891618908558,,0.0026451349258422,0.834626291421794,chromosome
0,0.0024526715278625,179083,179083.3~A1.K_21,21,,normal,179083.3~A1.K_21L.png,179083.3~A1.K_21R.png,train,/data5/chensx/MyProject/UAE/data/arrangement_merged/chr_21/179083.3~A1.K_21L.png,/data5/chensx/MyProject/UAE/data/arrangement_merged/chr_21/179083.3~A1.K_21R.png,0,1.8947711165820056,,0.0024526715278625,-0.30774366480172516,chromosome
0,0.0025576949119567,179083,179083.3~A24.K_21,21,,normal,179083.3~A24.K_21L.png,179083.3~A24.K_21R.png,train,/data5/chensx/MyProject/UAE/data/arrangement_merged/chr_21/179083.3~A24.K_21L.png,/data5/chensx/MyProject/UAE/data/arrangement_merged/chr_21/179083.3~A24.K_21R.png,0,2.05270069101192,,0.0025576949119567,0.31562451818541815,chromosome
0,0.002482533454895,179083,179083.3~A27.K_21,21,,normal,179083.3~A27.K_21L.png,179083.3~A27.K_21R.png,train,/data5/chensx/MyProject/UAE/data/arrangement_merged/chr_21/179083.3~A27.K_21L.png,/data5/chensx/MyProject/UAE/data/arrangement_merged/chr_21/179083.3~A27.K_21R.png,0,1.9396761771889224,,0.002482533454895,-0.13049766044475541,chromosome
0,0.0023376941680908,179083,179083.4~A34.K_21,21,,normal,179083.4~A34.K_21L.png,179083.4~A34.K_21R.png,train,/data5/chensx/MyProject/UAE/data/arrangement_merged/chr_21/179083.4~A34.K_21L.png,/data5/chensx/MyProject/UAE/data/arrangement_merged/chr_21/179083.4~A34.K_21R.png,0,1.7218731886164529,,0.0023376941680908,-0.99019384924119,chromosome
0,0.0024877786636352,182418,182418.13~A1.K_21,21,,normal,182418.13~A1.K_21L.png,182418.13~A1.K_21R.png,train,/data5/chensx/MyProject/UAE/data/arrangement_merged/chr_21/182418.13~A1.K_21L.png,/data5/chensx/MyProject/UAE/data/arrangement_merged/chr_21/182418.13~A1.K_21R.png,0,1.5765798676947282,,0.0024877786636352,-0.09936462973957368,chromosome
0,0.002451479434967,182418,182418.13~A27.K_21,21,,normal,182418.13~A27.K_21L.png,182418.13~A27.K_21R.png,train,/data5/chensx/MyProject/UAE/data/arrangement_merged/chr_21/182418.13~A27.K_21L.png,/data5/chensx/MyProject/UAE/data/arrangement_merged/chr_21/182418.13~A27.K_21R.png,0,1.5273393970459717,,0.002451479434967,-0.3148193535983573,chromosome
0,0.0024790167808532,182418,182418.13~A6.K_21,21,,normal,182418.13~A6.K_21L.png,182418.13~A6.K_21R.png,train,/data5/chensx/MyProject/UAE/data/arrangement_merged/chr_21/182418.13~A6.K_21L.png,/data5/chensx/MyProject/UAE/data/arrangement_merged/chr_21/182418.13~A6.K_21R.png,0,1.5646942368484766,,0.0024790167808532,-0.1513709423952657,chromosome
0,0.0024523735046386,182418,182418.14~A44.K_21,21,,normal,182418.14~A44.K_21L.png,182418.14~A44.K_21R.png,train,/data5/chensx/MyProject/UAE/data/arrangement_merged/chr_21/182418.14~A44.K_21L.png,/data5/chensx/MyProject/UAE/data/arrangement_merged/chr_21/182418.14~A44.K_21R.png,0,1.5285522165200789,,0.0024523735046386,-0.30951258700103124,chromosome
0,0.0023960471153259,182418,182418.1~A24.K_21,21,,normal,182418.1~A24.K_21L.png,182418.1~A24.K_21R.png,train,/data5/chensx/MyProject/UAE/data/arrangement_merged/chr_21/182418.1~A24.K_21L.png,/data5/chensx/MyProject/UAE/data/arrangement_merged/chr_21/182418.1~A24.K_21R.png,0,1.4521445896513188,,0.0023960471153259,-0.6438388826438246,chromosome
0,0.0022629499435424,182418,182418.2~A16.K_21,21,,normal,182418.2~A16.K_21L.png,182418.2~A16.K_21R.png,train,/data5/chensx/MyProject/UAE/data/arrangement_merged/chr_21/182418.2~A16.K_21L.png,/data5/chensx/MyProject/UAE/data/arrangement_merged/chr_21/182418.2~A16.K_21R.png,0,1.271596197272545,,0.0022629499435424,-1.4338395367932855,chromosome
0,0.002601146697998,182418,182418.2~A2.K_21,21,,normal,182418.2~A2.K_21L.png,182418.2~A2.K_21R.png,train,/data5/chensx/MyProject/UAE/data/arrangement_merged/chr_21/182418.2~A2.K_21L.png,/data5/chensx/MyProject/UAE/data/arrangement_merged/chr_21/182418.2~A2.K_21R.png,0,1.7303653770115344,,0.002601146697998,0.5735333748245864,chromosome
0,0.002405047416687,182418,182418.2~A3.K_21,21,,normal,182418.2~A3.K_21L.png,182418.2~A3.K_21R.png,train,/data5/chensx/MyProject/UAE/data/arrangement_merged/chr_21/182418.2~A3.K_21L.png,/data5/chensx/MyProject/UAE/data/arrangement_merged/chr_21/182418.2~A3.K_21R.png,0,1.464353639023999,,0.002405047416687,-0.5904174322288072,chromosome
0,0.0026200413703918,182418,182418.2~A33.K_21,21,,normal,182418.2~A33.K_21L.png,182418.2~A33.K_21R.png,train,/data5/chensx/MyProject/UAE/data/arrangement_merged/chr_21/182418.2~A33.K_21L.png,/data5/chensx/MyProject/UAE/data/arrangement_merged/chr_21/182418.2~A33.K_21R.png,0,1.755996295231002,,0.0026200413703918,0.6856830422519473,chromosome
0,0.0025437474250793,182418,182418.2~A38.K_21,21,,normal,182418.2~A38.K_21L.png,182418.2~A38.K_21R.png,train,/data5/chensx/MyProject/UAE/data/arrangement_merged/chr_21/182418.2~A38.K_21L.png,/data5/chensx/MyProject/UAE/data/arrangement_merged/chr_21/182418.2~A38.K_21R.png,0,1.6525023667738454,,0.0025437474250793,0.23283895926452763,chromosome
0,0.0023813843727111,182418,182418.3~A15.K_21,21,,normal,182418.3~A15.K_21L.png,182418.3~A15.K_21R.png,train,/data5/chensx/MyProject/UAE/data/arrangement_merged/chr_21/182418.3~A15.K_21L.png,/data5/chensx/MyProject/UAE/data/arrangement_merged/chr_21/182418.3~A15.K_21R.png,0,1.432254350275959,,0.0023813843727111,-0.7308698548432885,chromosome
0,0.0025334358215332,182418,182418.3~A25.K_21,21,,normal,182418.3~A25.K_21L.png,182418.3~A25.K_21R.png,train,/data5/chensx/MyProject/UAE/data/arrangement_merged/chr_21/182418.3~A25.K_21L.png,/data5/chensx/MyProject/UAE/data/arrangement_merged/chr_21/182418.3~A25.K_21R.png,0,1.6385145155058078,,0.0025334358215332,0.17163425117351144,chromosome
0,0.0023682713508605,182418,182418.3~A49.K_21,21,,normal,182418.3~A49.K_21L.png,182418.3~A49.K_21R.png,train,/data5/chensx/MyProject/UAE/data/arrangement_merged/chr_21/182418.3~A49.K_21L.png,/data5/chensx/MyProject/UAE/data/arrangement_merged/chr_21/182418.3~A49.K_21R.png,0,1.4144663313223853,,0.0023682713508605,-0.8087024316068362,chromosome
0,0.0026623606681823,182418,182418.4~A15.K_21,21,,normal,182418.4~A15.K_21L.png,182418.4~A15.K_21R.png,train,/data5/chensx/MyProject/UAE/data/arrangement_merged/chr_21/182418.4~A15.K_21L.png,/data5/chensx/MyProject/UAE/data/arrangement_merged/chr_21/182418.4~A15.K_21R.png,0,1.8134030836720807,,0.0026623606681823,0.9368699945338694,chromosome
0,0.0024293661117553,182418,182418.4~A6.K_21,21,,normal,182418.4~A6.K_21L.png,182418.4~A6.K_21R.png,train,/data5/chensx/MyProject/UAE/data/arrangement_merged/chr_21/182418.4~A6.K_21L.png,/data5/chensx/MyProject/UAE/data/arrangement_merged/chr_21/182418.4~A6.K_21R.png,0,1.4973423287197176,,0.0024293661117553,-0.4460733807769198,chromosome
0,0.0024471282958984,182418,182418.5~A16.K_21,21,,normal,182418.5~A16.K_21L.png,182418.5~A16.K_21R.png,train,/data5/chensx/MyProject/UAE/data/arrangement_merged/chr_21/182418.5~A16.K_21L.png,/data5/chensx/MyProject/UAE/data/arrangement_merged/chr_21/182418.5~A16.K_21R.png,0,1.5214370089386495,,0.0024471282958984,-0.3406456177062104,chromosome
0,0.0024917125701904,182418,182418.5~A17.K_21,21,,normal,182418.5~A17.K_21L.png,182418.5~A17.K_21R.png,train,/data5/chensx/MyProject/UAE/data/arrangement_merged/chr_21/182418.5~A17.K_21L.png,/data5/chensx/MyProject/UAE/data/arrangement_merged/chr_21/182418.5~A17.K_21R.png,0,1.5819162733808003,,0.0024917125701904,-0.0760148567103907,chromosome
0,0.0022032260894775,182418,182418.5~A3.K_21,21,,normal,182418.5~A3.K_21L.png,182418.5~A3.K_21R.png,train,/data5/chensx/MyProject/UAE/data/arrangement_merged/chr_21/182418.5~A3.K_21L.png,/data5/chensx/MyProject/UAE/data/arrangement_merged/chr_21/182418.5~A3.K_21R.png,0,1.190579856402177,,0.0022032260894775,-1.788331545506628,chromosome
0,0.0026091337203979,182418,182418.5~A30.K_21,21,,normal,182418.5~A30.K_21L.png,182418.5~A30.K_21R.png,train,/data5/chensx/MyProject/UAE/data/arrangement_merged/chr_21/182418.5~A30.K_21L.png,/data5/chensx/MyProject/UAE/data/arrangement_merged/chr_21/182418.5~A30.K_21R.png,0,1.741199897646893,,0.0026091337203979,0.6209404897623191,chromosome
0,0.0022559165954589,182418,182418.5~A5.K_21,21,,normal,182418.5~A5.K_21L.png,182418.5~A5.K_21R.png,train,/data5/chensx/MyProject/UAE/data/arrangement_merged/chr_21/182418.5~A5.K_21L.png,/data5/chensx/MyProject/UAE/data/arrangement_merged/chr_21/182418.5~A5.K_21R.png,0,1.2620553507429009,,0.0022559165954589,-1.4755861006937114,chromosome
0,0.002276062965393,182747,182747.11~A42.K_21,21,,normal,182747.11~A42.K_21L.png,182747.11~A42.K_21R.png,train,/data5/chensx/MyProject/UAE/data/arrangement_merged/chr_21/182747.11~A42.K_21L.png,/data5/chensx/MyProject/UAE/data/arrangement_merged/chr_21/182747.11~A42.K_21R.png,0,1.291589863089346,,0.002276062965393,-1.356006960029738,chromosome
0,0.0025030970573425,182747,182747.12~A10.K_21,21,,normal,182747.12~A10.K_21L.png,182747.12~A10.K_21R.png,train,/data5/chensx/MyProject/UAE/data/arrangement_merged/chr_21/182747.12~A10.K_21L.png,/data5/chensx/MyProject/UAE/data/arrangement_merged/chr_21/182747.12~A10.K_21R.png,0,1.5945905823236746,,0.0025030970573425,-0.008442028702111666,chromosome
0,0.0024912357330322,182747,182747.12~A14.K_21,21,,normal,182747.12~A14.K_21L.png,182747.12~A14.K_21R.png,train,/data5/chensx/MyProject/UAE/data/arrangement_merged/chr_21/182747.12~A14.K_21L.png,/data5/chensx/MyProject/UAE/data/arrangement_merged/chr_21/182747.12~A14.K_21R.png,0,1.5787604056033724,,0.0024912357330322,-0.07884513222904405,chromosome
0,0.0025001168251037,182747,182747.12~A18.K_21,21,,normal,182747.12~A18.K_21L.png,182747.12~A18.K_21R.png,train,/data5/chensx/MyProject/UAE/data/arrangement_merged/chr_21/182747.12~A18.K_21L.png,/data5/chensx/MyProject/UAE/data/arrangement_merged/chr_21/182747.12~A18.K_21R.png,0,1.5906131509869152,,0.0025001168251037,-0.026131250693987935,chromosome
0,0.0024284124374389,182747,182747.12~A26.K_21,21,,normal,182747.12~A26.K_21L.png,182747.12~A26.K_21R.png,train,/data5/chensx/MyProject/UAE/data/arrangement_merged/chr_21/182747.12~A26.K_21L.png,/data5/chensx/MyProject/UAE/data/arrangement_merged/chr_21/182747.12~A26.K_21R.png,0,1.4949161530244848,,0.0024284124374389,-0.4517339318142265,chromosome
0,0.0024232864379882,182747,182747.12~A28.K_21,21,,normal,182747.12~A28.K_21L.png,182747.12~A28.K_21R.png,train,/data5/chensx/MyProject/UAE/data/arrangement_merged/chr_21/182747.12~A28.K_21L.png,/data5/chensx/MyProject/UAE/data/arrangement_merged/chr_21/182747.12~A28.K_21R.png,0,1.4880749711252588,,0.0024232864379882,-0.482159393640039,chromosome
0,0.0026670694351196,182747,182747.12~A4.K_21,21,,normal,182747.12~A4.K_21L.png,182747.12~A4.K_21R.png,train,/data5/chensx/MyProject/UAE/data/arrangement_merged/chr_21/182747.12~A4.K_21L.png,/data5/chensx/MyProject/UAE/data/arrangement_merged/chr_21/182747.12~A4.K_21R.png,0,1.8134288544721748,,0.0026670694351196,0.9648189652810093,chromosome
0,0.0028380751609802,182747,182747.13~A33.K_21,21,,normal,182747.13~A33.K_21L.png,182747.13~A33.K_21R.png,train,/data5/chensx/MyProject/UAE/data/arrangement_merged/chr_21/182747.13~A33.K_21L.png,/data5/chensx/MyProject/UAE/data/arrangement_merged/chr_21/182747.13~A33.K_21R.png,0,2.0416538645754274,,0.0028380751609802,1.979826523164556,chromosome
0,0.0025782585144042,182747,182747.13~A45.K_21,21,,normal,182747.13~A45.K_21L.png,182747.13~A45.K_21R.png,train,/data5/chensx/MyProject/UAE/data/arrangement_merged/chr_21/182747.13~A45.K_21L.png,/data5/chensx/MyProject/UAE/data/arrangement_merged/chr_21/182747.13~A45.K_21R.png,0,1.6949014006367458,,0.0025782585144042,0.4376801499280645,chromosome
0,0.0025861263275146,182747,182747.13~A5.K_21,21,,normal,182747.13~A5.K_21L.png,182747.13~A5.K_21R.png,train,/data5/chensx/MyProject/UAE/data/arrangement_merged/chr_21/182747.13~A5.K_21L.png,/data5/chensx/MyProject/UAE/data/arrangement_merged/chr_21/182747.13~A5.K_21R.png,0,1.7054018193657905,,0.0025861263275146,0.4843796959864279,chromosome
0,0.002692699432373,182747,182747.1~A15.K_21,21,,normal,182747.1~A15.K_21L.png,182747.1~A15.K_21R.png,train,/data5/chensx/MyProject/UAE/data/arrangement_merged/chr_21/182747.1~A15.K_21L.png,/data5/chensx/MyProject/UAE/data/arrangement_merged/chr_21/182747.1~A15.K_21R.png,0,1.8476347639683053,,0.002692699432373,1.11694627440949,chromosome
0,0.0024596452713012,182747,182747.1~A42.K_21,21,,normal,182747.1~A42.K_21L.png,182747.1~A42.K_21R.png,train,/data5/chensx/MyProject/UAE/data/arrangement_merged/chr_21/182747.1~A42.K_21L.png,/data5/chensx/MyProject/UAE/data/arrangement_merged/chr_21/182747.1~A42.K_21R.png,0,1.536599633433723,,0.0024596452713012,-0.2663508853412773,chromosome
0,0.002639889717102,182747,182747.2~A13.K_21,21,,normal,182747.2~A13.K_21L.png,182747.2~A13.K_21R.png,train,/data5/chensx/MyProject/UAE/data/arrangement_merged/chr_21/182747.2~A13.K_21L.png,/data5/chensx/MyProject/UAE/data/arrangement_merged/chr_21/182747.2~A13.K_21R.png,0,1.7771546806809295,,0.002639889717102,0.8034932607166123,chromosome
0,0.0026841163635253,182747,182747.3~A20.K_21,21,,normal,182747.3~A20.K_21L.png,182747.3~A20.K_21R.png,train,/data5/chensx/MyProject/UAE/data/arrangement_merged/chr_21/182747.3~A20.K_21L.png,/data5/chensx/MyProject/UAE/data/arrangement_merged/chr_21/182747.3~A20.K_21R.png,0,1.8361797617184383,,0.0026841163635253,1.0660013150731453,chromosome
0,0.0025141239166259,182747,182747.3~A24.K_21,21,,normal,182747.3~A24.K_21L.png,182747.3~A24.K_21R.png,train,/data5/chensx/MyProject/UAE/data/arrangement_merged/chr_21/182747.3~A24.K_21L.png,/data5/chensx/MyProject/UAE/data/arrangement_merged/chr_21/182747.3~A24.K_21R.png,0,1.6093070782696843,,0.0025141239166259,0.05700809266688325,chromosome
0,0.0025733709335327,182747,182747.3~A35.K_21,21,,normal,182747.3~A35.K_21L.png,182747.3~A35.K_21R.png,train,/data5/chensx/MyProject/UAE/data/arrangement_merged/chr_21/182747.3~A35.K_21L.png,/data5/chensx/MyProject/UAE/data/arrangement_merged/chr_21/182747.3~A35.K_21R.png,0,1.6883784132444604,,0.0025733709335327,0.40866982586216943,chromosome
0,0.0025505423545837,182747,182747.4~A1.K_21,21,,normal,182747.4~A1.K_21L.png,182747.4~A1.K_21R.png,train,/data5/chensx/MyProject/UAE/data/arrangement_merged/chr_21/182747.4~A1.K_21L.png,/data5/chensx/MyProject/UAE/data/arrangement_merged/chr_21/182747.4~A1.K_21R.png,0,1.6579112892048835,,0.0025505423545837,0.2731703854056256,chromosome
0,0.0024741888046264,182747,182747.4~A32.K_21,21,,normal,182747.4~A32.K_21L.png,182747.4~A32.K_21R.png,train,/data5/chensx/MyProject/UAE/data/arrangement_merged/chr_21/182747.4~A32.K_21L.png,/data5/chensx/MyProject/UAE/data/arrangement_merged/chr_21/182747.4~A32.K_21R.png,0,1.5560094983571089,,0.0024741888046264,-0.18002748202177474,chromosome
0,0.0024342536926269,182747,182747.4~A33.K_21,21,,normal,182747.4~A33.K_21L.png,182747.4~A33.K_21R.png,train,/data5/chensx/MyProject/UAE/data/arrangement_merged/chr_21/182747.4~A33.K_21L.png,/data5/chensx/MyProject/UAE/data/arrangement_merged/chr_21/182747.4~A33.K_21R.png,0,1.5027119184445332,,0.0024342536926269,-0.41706305671043015,chromosome
0,0.0026414394378662,182747,182747.4~A35.K_21,21,,normal,182747.4~A35.K_21L.png,182747.4~A35.K_21R.png,train,/data5/chensx/MyProject/UAE/data/arrangement_merged/chr_21/182747.4~A35.K_21L.png,/data5/chensx/MyProject/UAE/data/arrangement_merged/chr_21/182747.4~A35.K_21R.png,0,1.7792229449760444,,0.0026414394378662,0.812691656152531,chromosome
0,0.0025616884231567,182747,182747.4~A41.K_21,21,,normal,182747.4~A41.K_21L.png,182747.4~A41.K_21R.png,train,/data5/chensx/MyProject/UAE/data/arrangement_merged/chr_21/182747.4~A41.K_21L.png,/data5/chensx/MyProject/UAE/data/arrangement_merged/chr_21/182747.4~A41.K_21R.png,0,1.6727868824043637,,0.0025616884231567,0.3393280756545818,chromosome
0,0.0023555159568786,182747,182747.4~A43.K_21,21,,normal,182747.4~A43.K_21L.png,182747.4~A43.K_21R.png,train,/data5/chensx/MyProject/UAE/data/arrangement_merged/chr_21/182747.4~A43.K_21L.png,/data5/chensx/MyProject/UAE/data/arrangement_merged/chr_21/182747.4~A43.K_21R.png,0,1.3976281825273509,,0.0023555159568786,-0.8844123017310946,chromosome
0,0.0026416778564453,182747,182747.4~A9.K_21,21,,normal,182747.4~A9.K_21L.png,182747.4~A9.K_21R.png,train,/data5/chensx/MyProject/UAE/data/arrangement_merged/chr_21/182747.4~A9.K_21L.png,/data5/chensx/MyProject/UAE/data/arrangement_merged/chr_21/182747.4~A9.K_21R.png,0,1.7795411394829852,,0.0026416778564453,0.8141067939118565,chromosome
0,0.0026904344558715,183038,183038.11~A13.K_21,21,,normal,183038.11~A13.K_21L.png,183038.11~A13.K_21R.png,train,/data5/chensx/MyProject/UAE/data/arrangement_merged/chr_21/183038.11~A13.K_21L.png,/data5/chensx/MyProject/UAE/data/arrangement_merged/chr_21/183038.11~A13.K_21R.png,0,1.757205035768161,,0.0026904344558715,1.1035024656955925,chromosome
0,0.0024899840354919,183038,183038.11~A39.K_21,21,,normal,183038.11~A39.K_21L.png,183038.11~A39.K_21R.png,train,/data5/chensx/MyProject/UAE/data/arrangement_merged/chr_21/183038.11~A39.K_21L.png,/data5/chensx/MyProject/UAE/data/arrangement_merged/chr_21/183038.11~A39.K_21R.png,0,1.4986382279162902,,0.0024899840354919,-0.0862746054656568,chromosome
0,0.0027155876159667,183038,183038.12~A11.K_21,21,,normal,183038.12~A11.K_21L.png,183038.12~A11.K_21R.png,train,/data5/chensx/MyProject/UAE/data/arrangement_merged/chr_21/183038.12~A11.K_21L.png,/data5/chensx/MyProject/UAE/data/arrangement_merged/chr_21/183038.12~A11.K_21R.png,0,1.7896508261081816,,0.0027155876159667,1.25279949930542,chromosome
0,0.0025676488876342,183038,183038.12~A45.K_21,21,,normal,183038.12~A45.K_21L.png,183038.12~A45.K_21R.png,train,/data5/chensx/MyProject/UAE/data/arrangement_merged/chr_21/183038.12~A45.K_21L.png,/data5/chensx/MyProject/UAE/data/arrangement_merged/chr_21/183038.12~A45.K_21R.png,0,1.5988203720230365,,0.0025676488876342,0.37470651963774226,chromosome
0,0.0025727748870849,183038,183038.13~A11.K_21,21,,normal,183038.13~A11.K_21L.png,183038.13~A11.K_21R.png,train,/data5/chensx/MyProject/UAE/data/arrangement_merged/chr_21/183038.13~A11.K_21L.png,/data5/chensx/MyProject/UAE/data/arrangement_merged/chr_21/183038.13~A11.K_21R.png,0,1.6054325473056,,0.0025727748870849,0.4051319814635548,chromosome
0,0.0023325085639953,183038,183038.13~A29.K_21,21,,normal,183038.13~A29.K_21L.png,183038.13~A29.K_21R.png,train,/data5/chensx/MyProject/UAE/data/arrangement_merged/chr_21/183038.13~A29.K_21L.png,/data5/chensx/MyProject/UAE/data/arrangement_merged/chr_21/183038.13~A29.K_21R.png,0,1.2955060523752129,,0.0023325085639953,-1.0209730955069831,chromosome
0,0.00251305103302,183038,183038.13~A39.K_21,21,,normal,183038.13~A39.K_21L.png,183038.13~A39.K_21R.png,train,/data5/chensx/MyProject/UAE/data/arrangement_merged/chr_21/183038.13~A39.K_21L.png,/data5/chensx/MyProject/UAE/data/arrangement_merged/chr_21/183038.13~A39.K_21R.png,0,1.5283930166878257,,0.00251305103302,0.050639972750212446,chromosome
0,0.0021372437477111,183038,183038.13~A47.K_21,21,,normal,183038.13~A47.K_21L.png,183038.13~A47.K_21R.png,train,/data5/chensx/MyProject/UAE/data/arrangement_merged/chr_21/183038.13~A47.K_21L.png,/data5/chensx/MyProject/UAE/data/arrangement_merged/chr_21/183038.13~A47.K_21R.png,0,1.043628305565005,,0.0021372437477111,-2.1799709204030315,chromosome
0,0.002109944820404,183038,183038.14~A2.K_21,21,,normal,183038.14~A2.K_21L.png,183038.14~A2.K_21R.png,train,/data5/chensx/MyProject/UAE/data/arrangement_merged/chr_21/183038.14~A2.K_21L.png,/data5/chensx/MyProject/UAE/data/arrangement_merged/chr_21/183038.14~A2.K_21R.png,0,1.0084146278973998,,0.002109944820404,-2.3420041938467975,chromosome
0,0.0026425123214721,183038,183038.14~A3.K_21,21,,normal,183038.14~A3.K_21L.png,183038.14~A3.K_21R.png,train,/data5/chensx/MyProject/UAE/data/arrangement_merged/chr_21/183038.14~A3.K_21L.png,/data5/chensx/MyProject/UAE/data/arrangement_merged/chr_21/183038.14~A3.K_21R.png,0,1.6953888854521026,,0.0026425123214721,0.8190597760692019,chromosome
0,0.0024427771568298,183038,183038.14~A30.K_21,21,,normal,183038.14~A30.K_21L.png,183038.14~A30.K_21R.png,train,/data5/chensx/MyProject/UAE/data/arrangement_merged/chr_21/183038.14~A30.K_21L.png,/data5/chensx/MyProject/UAE/data/arrangement_merged/chr_21/183038.14~A30.K_21R.png,0,1.437744706709427,,0.0024427771568298,-0.3664718818140661,chromosome
0,0.0022658109664916,183038,183038.14~A34.K_21,21,,normal,183038.14~A34.K_21L.png,183038.14~A34.K_21R.png,train,/data5/chensx/MyProject/UAE/data/arrangement_merged/chr_21/183038.14~A34.K_21L.png,/data5/chensx/MyProject/UAE/data/arrangement_merged/chr_21/183038.14~A34.K_21R.png,0,1.2094708879427885,,0.0022658109664916,-1.4168578836813681,chromosome
0,0.0024369955062866,183038,183038.14~A48.K_21,21,,normal,183038.14~A48.K_21L.png,183038.14~A48.K_21R.png,train,/data5/chensx/MyProject/UAE/data/arrangement_merged/chr_21/183038.14~A48.K_21L.png,/data5/chensx/MyProject/UAE/data/arrangement_merged/chr_21/183038.14~A48.K_21R.png,0,1.430286788076768,,0.0024369955062866,-0.4007889724778818,chromosome
0,0.0026332139968872,183038,183038.14~A9.K_21,21,,normal,183038.14~A9.K_21L.png,183038.14~A9.K_21R.png,train,/data5/chensx/MyProject/UAE/data/arrangement_merged/chr_21/183038.14~A9.K_21L.png,/data5/chensx/MyProject/UAE/data/arrangement_merged/chr_21/183038.14~A9.K_21R.png,0,1.683394707032569,,0.0026332139968872,0.763869403455473,chromosome
0,0.0023326873779296,183038,183038.1~A28.K_21,21,,normal,183038.1~A28.K_21L.png,183038.1~A28.K_21R.png,train,/data5/chensx/MyProject/UAE/data/arrangement_merged/chr_21/183038.1~A28.K_21L.png,/data5/chensx/MyProject/UAE/data/arrangement_merged/chr_21/183038.1~A28.K_21R.png,0,1.2957367096525116,,0.0023326873779296,-1.0199117421876385,chromosome
0,0.002712607383728,183038,183038.2~A12.K_21,21,,normal,183038.2~A12.K_21L.png,183038.2~A12.K_21R.png,train,/data5/chensx/MyProject/UAE/data/arrangement_merged/chr_21/183038.2~A12.K_21L.png,/data5/chensx/MyProject/UAE/data/arrangement_merged/chr_21/183038.2~A12.K_21R.png,0,1.785806538153203,,0.002712607383728,1.2351102773141356,chromosome
0,0.0026402473449707,183038,183038.2~A13.K_21,21,,normal,183038.2~A13.K_21L.png,183038.2~A13.K_21R.png,train,/data5/chensx/MyProject/UAE/data/arrangement_merged/chr_21/183038.2~A13.K_21L.png,/data5/chensx/MyProject/UAE/data/arrangement_merged/chr_21/183038.2~A13.K_21R.png,0,1.6924672266063188,,0.0026402473449707,0.805615967355899,chromosome
0,0.0019106268882751,183038,183038.2~A15.K_21,21,,normal,183038.2~A15.K_21L.png,183038.2~A15.K_21R.png,train,/data5/chensx/MyProject/UAE/data/arrangement_merged/chr_21/183038.2~A15.K_21L.png,/data5/chensx/MyProject/UAE/data/arrangement_merged/chr_21/183038.2~A15.K_21R.png,0,0.7513086494684209,,0.0019106268882751,-3.525059360651393,chromosome
0,0.0023775100708007,183038,183038.2~A21.K_21,21,,normal,183038.2~A21.K_21L.png,183038.2~A21.K_21R.png,train,/data5/chensx/MyProject/UAE/data/arrangement_merged/chr_21/183038.2~A21.K_21L.png,/data5/chensx/MyProject/UAE/data/arrangement_merged/chr_21/183038.2~A21.K_21R.png,0,1.353554800495392,,0.0023775100708007,-0.7538658434324909,chromosome
0,0.0019243359565734,183038,183038.2~A43.K_21,21,,normal,183038.2~A43.K_21L.png,183038.2~A43.K_21R.png,train,/data5/chensx/MyProject/UAE/data/arrangement_merged/chr_21/183038.2~A43.K_21L.png,/data5/chensx/MyProject/UAE/data/arrangement_merged/chr_21/183038.2~A43.K_21R.png,0,0.7689923740613231,,0.0019243359565734,-3.4436889394898276,chromosome
0,0.0025247931480407,183038,183038.2~A46.K_21,21,,normal,183038.2~A46.K_21L.png,183038.2~A46.K_21R.png,train,/data5/chensx/MyProject/UAE/data/arrangement_merged/chr_21/183038.2~A46.K_21L.png,/data5/chensx/MyProject/UAE/data/arrangement_merged/chr_21/183038.2~A46.K_21R.png,0,1.543539511230442,,0.0025247931480407,0.12033550739718611,chromosome
0,0.0024356245994567,183038,183038.2~A47.K_21,21,,normal,183038.2~A47.K_21L.png,183038.2~A47.K_21R.png,train,/data5/chensx/MyProject/UAE/data/arrangement_merged/chr_21/183038.2~A47.K_21L.png,/data5/chensx/MyProject/UAE/data/arrangement_merged/chr_21/183038.2~A47.K_21R.png,0,1.4285184156174775,,0.0024356245994567,-0.40892601459445327,chromosome
0,0.002651035785675,183038,183038.3~A12.K_21,21,,normal,183038.3~A12.K_21L.png,183038.3~A12.K_21R.png,train,/data5/chensx/MyProject/UAE/data/arrangement_merged/chr_21/183038.3~A12.K_21L.png,/data5/chensx/MyProject/UAE/data/arrangement_merged/chr_21/183038.3~A12.K_21R.png,0,1.706383549003342,,0.002651035785675,0.8696509509655659,chromosome
0,0.0021533370018005,183038,183038.3~A19.K_21,21,,normal,183038.3~A19.K_21L.png,183038.3~A19.K_21R.png,train,/data5/chensx/MyProject/UAE/data/arrangement_merged/chr_21/183038.3~A19.K_21L.png,/data5/chensx/MyProject/UAE/data/arrangement_merged/chr_21/183038.3~A19.K_21R.png,0,1.0643874605218904,,0.0021533370018005,-2.08444912164761,chromosome
0,0.0024079084396362,183038,183038.3~A30.K_21,21,,normal,183038.3~A30.K_21L.png,183038.3~A30.K_21R.png,train,/data5/chensx/MyProject/UAE/data/arrangement_merged/chr_21/183038.3~A30.K_21L.png,/data5/chensx/MyProject/UAE/data/arrangement_merged/chr_21/183038.3~A30.K_21R.png,0,1.3927665376361753,,0.0024079084396362,-0.5734357791168896,chromosome
0,0.0026278495788574,183038,183038.3~A36.K_21,21,,normal,183038.3~A36.K_21L.png,183038.3~A36.K_21R.png,train,/data5/chensx/MyProject/UAE/data/arrangement_merged/chr_21/183038.3~A36.K_21L.png,/data5/chensx/MyProject/UAE/data/arrangement_merged/chr_21/183038.3~A36.K_21R.png,0,1.6764749887136072,,0.0026278495788574,0.7320288038703326,chromosome
0,0.0025265216827392,183038,183038.4~A15.K_21,21,,normal,183038.4~A15.K_21L.png,183038.4~A15.K_21R.png,train,/data5/chensx/MyProject/UAE/data/arrangement_merged/chr_21/183038.4~A15.K_21L.png,/data5/chensx/MyProject/UAE/data/arrangement_merged/chr_21/183038.4~A15.K_21R.png,0,1.5457691982443296,,0.0025265216827392,0.1305952561524522,chromosome
0,0.002575397491455,183038,183038.4~A24.K_21,21,,normal,183038.4~A24.K_21L.png,183038.4~A24.K_21R.png,train,/data5/chensx/MyProject/UAE/data/arrangement_merged/chr_21/183038.4~A24.K_21L.png,/data5/chensx/MyProject/UAE/data/arrangement_merged/chr_21/183038.4~A24.K_21R.png,0,1.608815520705981,,0.002575397491455,0.42069849681614696,chromosome
0,0.0026708245277404,183038,183038.4~A36.K_21,21,,normal,183038.4~A36.K_21L.png,183038.4~A36.K_21R.png,train,/data5/chensx/MyProject/UAE/data/arrangement_merged/chr_21/183038.4~A36.K_21L.png,/data5/chensx/MyProject/UAE/data/arrangement_merged/chr_21/183038.4~A36.K_21R.png,0,1.7319096210244007,,0.0026708245277404,0.9871073849902529,chromosome
0,0.0023390650749206,183038,183038.4~A39.K_21,21,,normal,183038.4~A39.K_21L.png,183038.4~A39.K_21R.png,train,/data5/chensx/MyProject/UAE/data/arrangement_merged/chr_21/183038.4~A39.K_21L.png,/data5/chensx/MyProject/UAE/data/arrangement_merged/chr_21/183038.4~A39.K_21R.png,0,1.3039634858761662,,0.0023390650749206,-0.9820568071252107,chromosome
0,0.0022026896476745,183079,183079.11~A27.K_21,21,,normal,183079.11~A27.K_21L.png,183079.11~A27.K_21R.png,train,/data5/chensx/MyProject/UAE/data/arrangement_merged/chr_21/183079.11~A27.K_21L.png,/data5/chensx/MyProject/UAE/data/arrangement_merged/chr_21/183079.11~A27.K_21R.png,0,1.238011507559228,,0.0022026896476745,-1.791515605465262,chromosome
0,0.0024952292442321,183079,183079.12~A27.K_21,21,,normal,183079.12~A27.K_21L.png,183079.12~A27.K_21R.png,train,/data5/chensx/MyProject/UAE/data/arrangement_merged/chr_21/183079.12~A27.K_21L.png,/data5/chensx/MyProject/UAE/data/arrangement_merged/chr_21/183079.12~A27.K_21R.png,0,1.6335986279296106,,0.0024952292442321,-0.05514157476047504,chromosome
0,0.0026798248291015,183079,183079.12~A37.K_21,21,,normal,183079.12~A37.K_21L.png,183079.12~A37.K_21R.png,train,/data5/chensx/MyProject/UAE/data/arrangement_merged/chr_21/183079.12~A37.K_21L.png,/data5/chensx/MyProject/UAE/data/arrangement_merged/chr_21/183079.12~A37.K_21R.png,0,1.8832182921079064,,0.0026798248291015,1.0405288354052702,chromosome
0,0.002497375011444,183079,183079.12~A44.K_21,21,,normal,183079.12~A44.K_21L.png,183079.12~A44.K_21R.png,train,/data5/chensx/MyProject/UAE/data/arrangement_merged/chr_21/183079.12~A44.K_21L.png,/data5/chensx/MyProject/UAE/data/arrangement_merged/chr_21/183079.12~A44.K_21R.png,0,1.6365002449494424,,0.002497375011444,-0.042405334926538814,chromosome
0,0.002739667892456,183079,183079.13~A12.K_21,21,,normal,183079.13~A12.K_21L.png,183079.13~A12.K_21R.png,train,/data5/chensx/MyProject/UAE/data/arrangement_merged/chr_21/183079.13~A12.K_21L.png,/data5/chensx/MyProject/UAE/data/arrangement_merged/chr_21/183079.13~A12.K_21R.png,0,1.9641411667721005,,0.002739667892456,1.3957284129985739,chromosome
0,0.0024175643920898,183079,183079.13~A19.K_21,21,,normal,183079.13~A19.K_21L.png,183079.13~A19.K_21R.png,train,/data5/chensx/MyProject/UAE/data/arrangement_merged/chr_21/183079.13~A19.K_21L.png,/data5/chensx/MyProject/UAE/data/arrangement_merged/chr_21/183079.13~A19.K_21R.png,0,1.5285762119062594,,0.0024175643920898,-0.5161226998638742,chromosome
0,0.0024244785308837,183079,183079.13~A27.K_21,21,,normal,183079.13~A27.K_21L.png,183079.13~A27.K_21R.png,train,/data5/chensx/MyProject/UAE/data/arrangement_merged/chr_21/183079.13~A27.K_21L.png,/data5/chensx/MyProject/UAE/data/arrangement_merged/chr_21/183079.13~A27.K_21R.png,0,1.5379258667479392,,0.0024244785308837,-0.4750837048434069,chromosome
0,0.0026059746742248,183079,183079.13~A6.K_21,21,,normal,183079.13~A6.K_21L.png,183079.13~A6.K_21R.png,train,/data5/chensx/MyProject/UAE/data/arrangement_merged/chr_21/183079.13~A6.K_21L.png,/data5/chensx/MyProject/UAE/data/arrangement_merged/chr_21/183079.13~A6.K_21R.png,0,1.7833543063420336,,0.0026059746742248,0.6021899144510955,chromosome
0,0.0024494528770446,183079,183079.13~A9.K_21,21,,normal,183079.13~A9.K_21L.png,183079.13~A9.K_21R.png,train,/data5/chensx/MyProject/UAE/data/arrangement_merged/chr_21/183079.13~A9.K_21L.png,/data5/chensx/MyProject/UAE/data/arrangement_merged/chr_21/183079.13~A9.K_21R.png,0,1.5716974648398687,,0.0024494528770446,-0.32684802455292683,chromosome
0,0.0024034976959228,183079,183079.14~A11.K_21,21,,normal,183079.14~A11.K_21L.png,183079.14~A11.K_21R.png,train,/data5/chensx/MyProject/UAE/data/arrangement_merged/chr_21/183079.14~A11.K_21L.png,/data5/chensx/MyProject/UAE/data/arrangement_merged/chr_21/183079.14~A11.K_21R.png,0,1.5095545003318074,,0.0024034976959228,-0.599615827664726,chromosome
0,0.0024948716163635,183079,183079.14~A13.K_21,21,,normal,183079.14~A13.K_21L.png,183079.14~A13.K_21R.png,train,/data5/chensx/MyProject/UAE/data/arrangement_merged/chr_21/183079.14~A13.K_21L.png,/data5/chensx/MyProject/UAE/data/arrangement_merged/chr_21/183079.14~A13.K_21R.png,0,1.6331150250929722,,0.0024948716163635,-0.057264281399169684,chromosome
0,0.0021691918373107,183079,183079.14~A23.K_21,21,,normal,183079.14~A23.K_21L.png,183079.14~A23.K_21R.png,train,/data5/chensx/MyProject/UAE/data/arrangement_merged/chr_21/183079.14~A23.K_21L.png,/data5/chensx/MyProject/UAE/data/arrangement_merged/chr_21/183079.14~A23.K_21R.png,0,1.192714041860745,,0.0021691918373107,-1.990342460652106,chromosome
0,0.0025380253791809,183079,183079.14~A24.K_21,21,,normal,183079.14~A24.K_21L.png,183079.14~A24.K_21R.png,train,/data5/chensx/MyProject/UAE/data/arrangement_merged/chr_21/183079.14~A24.K_21L.png,/data5/chensx/MyProject/UAE/data/arrangement_merged/chr_21/183079.14~A24.K_21R.png,0,1.6914697673806978,,0.0025380253791809,0.19887565304069252,chromosome
0,0.0027329325675964,183079,183079.14~A26.K_21,21,,normal,183079.14~A26.K_21L.png,183079.14~A26.K_21R.png,train,/data5/chensx/MyProject/UAE/data/arrangement_merged/chr_21/183079.14~A26.K_21L.png,/data5/chensx/MyProject/UAE/data/arrangement_merged/chr_21/183079.14~A26.K_21R.png,0,1.95503331334874,,0.0027329325675964,1.355750771297454,chromosome
0,0.0025156736373901,183079,183079.14~A28.K_21,21,,normal,183079.14~A28.K_21L.png,183079.14~A28.K_21R.png,train,/data5/chensx/MyProject/UAE/data/arrangement_merged/chr_21/183079.14~A28.K_21L.png,/data5/chensx/MyProject/UAE/data/arrangement_merged/chr_21/183079.14~A28.K_21R.png,0,1.6612445900907846,,0.0025156736373901,0.06620648810280204,chromosome
0,0.0022679567337036,183079,183079.14~A3.K_21,21,,normal,183079.14~A3.K_21L.png,183079.14~A3.K_21R.png,train,/data5/chensx/MyProject/UAE/data/arrangement_merged/chr_21/183079.14~A3.K_21L.png,/data5/chensx/MyProject/UAE/data/arrangement_merged/chr_21/183079.14~A3.K_21R.png,0,1.3262690252457745,,0.0022679567337036,-1.4041216438468371,chromosome
0,0.0026330947875976,183079,183079.14~A34.K_21,21,,normal,183079.14~A34.K_21L.png,183079.14~A34.K_21R.png,train,/data5/chensx/MyProject/UAE/data/arrangement_merged/chr_21/183079.14~A34.K_21L.png,/data5/chensx/MyProject/UAE/data/arrangement_merged/chr_21/183079.14~A34.K_21R.png,0,1.8200275214537949,,0.0026330947875976,0.7631618345755118,chromosome
0,0.0025533437728881,183079,183079.14~A38.K_21,21,,normal,183079.14~A38.K_21L.png,183079.14~A38.K_21R.png,train,/data5/chensx/MyProject/UAE/data/arrangement_merged/chr_21/183079.14~A38.K_21L.png,/data5/chensx/MyProject/UAE/data/arrangement_merged/chr_21/183079.14~A38.K_21R.png,0,1.7121840888833848,,0.0025533437728881,0.2897982540775625,chromosome
0,0.0026773214340209,183079,183079.14~A6.K_21,21,,normal,183079.14~A6.K_21L.png,183079.14~A6.K_21R.png,train,/data5/chensx/MyProject/UAE/data/arrangement_merged/chr_21/183079.14~A6.K_21L.png,/data5/chensx/MyProject/UAE/data/arrangement_merged/chr_21/183079.14~A6.K_21R.png,0,1.8798330722514365,,0.0026773214340209,1.0256698889320448,chromosome
0,0.0020672082901,183079,183079.2~A40.K_21,21,,normal,183079.2~A40.K_21L.png,183079.2~A40.K_21R.png,train,/data5/chensx/MyProject/UAE/data/arrangement_merged/chr_21/183079.2~A40.K_21L.png,/data5/chensx/MyProject/UAE/data/arrangement_merged/chr_21/183079.2~A40.K_21R.png,0,1.054806632945968,,0.0020672082901,-2.5956676372079843,chromosome
0,0.0024707913398742,183079,183079.2~A8.K_21,21,,normal,183079.2~A8.K_21L.png,183079.2~A8.K_21R.png,train,/data5/chensx/MyProject/UAE/data/arrangement_merged/chr_21/183079.2~A8.K_21L.png,/data5/chensx/MyProject/UAE/data/arrangement_merged/chr_21/183079.2~A8.K_21R.png,0,1.6005524340926391,,0.0024707913398742,-0.2001931950923237,chromosome
0,0.0025933980941772,183079,183079.3~A16.K_21,21,,normal,183079.3~A16.K_21L.png,183079.3~A16.K_21R.png,train,/data5/chensx/MyProject/UAE/data/arrangement_merged/chr_21/183079.3~A16.K_21L.png,/data5/chensx/MyProject/UAE/data/arrangement_merged/chr_21/183079.3~A16.K_21R.png,0,1.766347606586909,,0.0025933980941772,0.5275413976461818,chromosome
0,0.0027709603309631,183079,183079.3~A22.K_21,21,,normal,183079.3~A22.K_21L.png,183079.3~A22.K_21R.png,train,/data5/chensx/MyProject/UAE/data/arrangement_merged/chr_21/183079.3~A22.K_21L.png,/data5/chensx/MyProject/UAE/data/arrangement_merged/chr_21/183079.3~A22.K_21R.png,0,2.0064564149779787,,0.0027709603309631,1.5814652439115011,chromosome
0,0.002605378627777,183079,183079.3~A5.K_21,21,,normal,183079.3~A5.K_21L.png,183079.3~A5.K_21R.png,train,/data5/chensx/MyProject/UAE/data/arrangement_merged/chr_21/183079.3~A5.K_21L.png,/data5/chensx/MyProject/UAE/data/arrangement_merged/chr_21/183079.3~A5.K_21R.png,0,1.7825483016143024,,0.002605378627777,0.5986520700524808,chromosome
0,0.0026664733886718,183079,183079.3~A7.K_21,21,,normal,183079.3~A7.K_21L.png,183079.3~A7.K_21R.png,train,/data5/chensx/MyProject/UAE/data/arrangement_merged/chr_21/183079.3~A7.K_21L.png,/data5/chensx/MyProject/UAE/data/arrangement_merged/chr_21/183079.3~A7.K_21R.png,0,1.865163786206732,,0.0026664733886718,0.9612811208823971,chromosome
0,0.0024751424789428,183079,183079.4~A13.K_21,21,,normal,183079.4~A13.K_21L.png,183079.4~A13.K_21R.png,train,/data5/chensx/MyProject/UAE/data/arrangement_merged/chr_21/183079.4~A13.K_21L.png,/data5/chensx/MyProject/UAE/data/arrangement_merged/chr_21/183079.4~A13.K_21R.png,0,1.6064362686050755,,0.0024751424789428,-0.174366930984468,chromosome
0,0.0025122165679931,183079,183079.4~A17.K_21,21,,normal,183079.4~A17.K_21L.png,183079.4~A17.K_21R.png,train,/data5/chensx/MyProject/UAE/data/arrangement_merged/chr_21/183079.4~A17.K_21L.png,/data5/chensx/MyProject/UAE/data/arrangement_merged/chr_21/183079.4~A17.K_21R.png,0,1.6565697626699447,,0.0025122165679931,0.04568699059227241,chromosome
0,0.0025029182434082,183079,183079.4~A18.K_21,21,,normal,183079.4~A18.K_21L.png,183079.4~A18.K_21R.png,train,/data5/chensx/MyProject/UAE/data/arrangement_merged/chr_21/183079.4~A18.K_21L.png,/data5/chensx/MyProject/UAE/data/arrangement_merged/chr_21/183079.4~A18.K_21R.png,0,1.6439960889173408,,0.0025029182434082,-0.009503382021456409,chromosome
0,0.0025703310966491,183079,183079.4~A23.K_21,21,,normal,183079.4~A23.K_21L.png,183079.4~A23.K_21R.png,train,/data5/chensx/MyProject/UAE/data/arrangement_merged/chr_21/183079.4~A23.K_21L.png,/data5/chensx/MyProject/UAE/data/arrangement_merged/chr_21/183079.4~A23.K_21R.png,0,1.7351552236237189,,0.0025703310966491,0.3906268194303125,chromosome
0,0.0025854110717773,183079,183079.4~A29.K_21,21,,normal,183079.4~A29.K_21L.png,183079.4~A29.K_21R.png,train,/data5/chensx/MyProject/UAE/data/arrangement_merged/chr_21/183079.4~A29.K_21L.png,/data5/chensx/MyProject/UAE/data/arrangement_merged/chr_21/183079.4~A29.K_21R.png,0,1.7555471432353136,,0.0025854110717773,0.48013428270844916,chromosome
0,0.002600610256195,183079,183079.4~A4.K_21,21,,normal,183079.4~A4.K_21L.png,183079.4~A4.K_21R.png,train,/data5/chensx/MyProject/UAE/data/arrangement_merged/chr_21/183079.4~A4.K_21L.png,/data5/chensx/MyProject/UAE/data/arrangement_merged/chr_21/183079.4~A4.K_21R.png,0,1.7761002637924543,,0.002600610256195,0.5703493148659524,chromosome
0,0.0026856064796447,183079,183079.4~A50.K_21,21,,normal,183079.4~A50.K_21L.png,183079.4~A50.K_21R.png,train,/data5/chensx/MyProject/UAE/data/arrangement_merged/chr_21/183079.4~A50.K_21L.png,/data5/chensx/MyProject/UAE/data/arrangement_merged/chr_21/183079.4~A50.K_21R.png,0,1.8910365379668967,,0.0026856064796447,1.0748459260690835,chromosome
0,0.0025523900985717,183214,183214.11~A34.K_21,21,,normal,183214.11~A34.K_21L.png,183214.11~A34.K_21R.png,train,/data5/chensx/MyProject/UAE/data/arrangement_merged/chr_21/183214.11~A34.K_21L.png,/data5/chensx/MyProject/UAE/data/arrangement_merged/chr_21/183214.11~A34.K_21R.png,0,1.6083756444619115,,0.0025523900985717,0.28413770304025837,chromosome
0,0.0024321675300598,183214,183214.11~A9.K_21,21,,normal,183214.11~A9.K_21L.png,183214.11~A9.K_21R.png,train,/data5/chensx/MyProject/UAE/data/arrangement_merged/chr_21/183214.11~A9.K_21L.png,/data5/chensx/MyProject/UAE/data/arrangement_merged/chr_21/183214.11~A9.K_21R.png,0,1.4506999627977288,,0.0024321675300598,-0.4294455121043883,chromosome
0,0.0024467706680297,183214,183214.12~A1.K_21,21,,normal,183214.12~A1.K_21L.png,183214.12~A1.K_21R.png,train,/data5/chensx/MyProject/UAE/data/arrangement_merged/chr_21/183214.12~A1.K_21L.png,/data5/chensx/MyProject/UAE/data/arrangement_merged/chr_21/183214.12~A1.K_21R.png,0,1.469852437764375,,0.0024467706680297,-0.3427683243454971,chromosome
0,0.0026183128356933,183214,183214.12~A24.K_21,21,,normal,183214.12~A24.K_21L.png,183214.12~A24.K_21R.png,train,/data5/chensx/MyProject/UAE/data/arrangement_merged/chr_21/183214.12~A24.K_21L.png,/data5/chensx/MyProject/UAE/data/arrangement_merged/chr_21/183214.12~A24.K_21R.png,0,1.6948353885970555,,0.0026183128356933,0.6754232934966812,chromosome
0,0.002527117729187,183214,183214.12~A8.K_21,21,,normal,183214.12~A8.K_21L.png,183214.12~A8.K_21R.png,train,/data5/chensx/MyProject/UAE/data/arrangement_merged/chr_21/183214.12~A8.K_21L.png,/data5/chensx/MyProject/UAE/data/arrangement_merged/chr_21/183214.12~A8.K_21R.png,0,1.5752301367645325,,0.002527117729187,0.13413310055106428,chromosome
0,0.002422273159027,183214,183214.13~A21.K_21,21,,normal,183214.13~A21.K_21L.png,183214.13~A21.K_21R.png,train,/data5/chensx/MyProject/UAE/data/arrangement_merged/chr_21/183214.13~A21.K_21L.png,/data5/chensx/MyProject/UAE/data/arrangement_merged/chr_21/183214.13~A21.K_21R.png,0,1.4377231838407365,,0.002422273159027,-0.48817372911732637,chromosome
0,0.0025691986083984,183214,183214.13~A34.K_21,21,,normal,183214.13~A34.K_21L.png,183214.13~A34.K_21R.png,train,/data5/chensx/MyProject/UAE/data/arrangement_merged/chr_21/183214.13~A34.K_21L.png,/data5/chensx/MyProject/UAE/data/arrangement_merged/chr_21/183214.13~A34.K_21R.png,0,1.630420534015357,,0.0025691986083984,0.3839049150736611,chromosome
0,0.0026094317436218,183214,183214.13~A49.K_21,21,,normal,183214.13~A49.K_21L.png,183214.13~A49.K_21R.png,train,/data5/chensx/MyProject/UAE/data/arrangement_merged/chr_21/183214.13~A49.K_21L.png,/data5/chensx/MyProject/UAE/data/arrangement_merged/chr_21/183214.13~A49.K_21R.png,0,1.6831875568826469,,0.0026094317436218,0.6227094119616251,chromosome
0,0.0025702714920043,183214,183214.13~A6.K_21,21,,normal,183214.13~A6.K_21L.png,183214.13~A6.K_21R.png,train,/data5/chensx/MyProject/UAE/data/arrangement_merged/chr_21/183214.13~A6.K_21L.png,/data5/chensx/MyProject/UAE/data/arrangement_merged/chr_21/183214.13~A6.K_21R.png,0,1.6318276546251511,,0.0025702714920043,0.3902730349903319,chromosome
0,0.0026829242706298,183214,183214.14~A11.K_21,21,,normal,183214.14~A11.K_21L.png,183214.14~A11.K_21R.png,train,/data5/chensx/MyProject/UAE/data/arrangement_merged/chr_21/183214.14~A11.K_21L.png,/data5/chensx/MyProject/UAE/data/arrangement_merged/chr_21/183214.14~A11.K_21R.png,0,1.7795753186535623,,0.0026829242706298,1.0589256262765132,chromosome
0,0.0023061037063598,183214,183214.14~A17.K_21,21,,normal,183214.14~A17.K_21L.png,183214.14~A17.K_21R.png,train,/data5/chensx/MyProject/UAE/data/arrangement_merged/chr_21/183214.14~A17.K_21L.png,/data5/chensx/MyProject/UAE/data/arrangement_merged/chr_21/183214.14~A17.K_21R.png,0,1.285363291146888,,0.0023061037063598,-1.1776996023534234,chromosome
0,0.0025924444198608,183214,183214.14~A19.K_21,21,,normal,183214.14~A19.K_21L.png,183214.14~A19.K_21R.png,train,/data5/chensx/MyProject/UAE/data/arrangement_merged/chr_21/183214.14~A19.K_21L.png,/data5/chensx/MyProject/UAE/data/arrangement_merged/chr_21/183214.14~A19.K_21R.png,0,1.6609081472275689,,0.0025924444198608,0.521880846608875,chromosome
0,0.0025775432586669,183214,183214.14~A21.K_21,21,,normal,183214.14~A21.K_21L.png,183214.14~A21.K_21R.png,train,/data5/chensx/MyProject/UAE/data/arrangement_merged/chr_21/183214.14~A21.K_21L.png,/data5/chensx/MyProject/UAE/data/arrangement_merged/chr_21/183214.14~A21.K_21R.png,0,1.6413648054248688,,0.0025775432586669,0.4334347366500832,chromosome
0,0.0024396181106567,183214,183214.14~A6.K_21,21,,normal,183214.14~A6.K_21L.png,183214.14~A6.K_21R.png,train,/data5/chensx/MyProject/UAE/data/arrangement_merged/chr_21/183214.14~A6.K_21L.png,/data5/chensx/MyProject/UAE/data/arrangement_merged/chr_21/183214.14~A6.K_21R.png,0,1.4604716336990788,,0.0024396181106567,-0.3852224571252897,chromosome
0,0.002604603767395,183214,183214.2~A19.K_21,21,,normal,183214.2~A19.K_21L.png,183214.2~A19.K_21R.png,train,/data5/chensx/MyProject/UAE/data/arrangement_merged/chr_21/183214.2~A19.K_21L.png,/data5/chensx/MyProject/UAE/data/arrangement_merged/chr_21/183214.2~A19.K_21R.png,0,1.676855514138572,,0.002604603767395,0.5940528723351161,chromosome
0,0.0024228692054748,183214,183214.2~A25.K_21,21,,normal,183214.2~A25.K_21L.png,183214.2~A25.K_21R.png,train,/data5/chensx/MyProject/UAE/data/arrangement_merged/chr_21/183214.2~A25.K_21L.png,/data5/chensx/MyProject/UAE/data/arrangement_merged/chr_21/183214.2~A25.K_21R.png,0,1.4385049175128442,,0.0024228692054748,-0.4846358847187117,chromosome
0,0.0020040273666381,183214,183214.2~A30.K_21,21,,normal,183214.2~A30.K_21L.png,183214.2~A30.K_21R.png,train,/data5/chensx/MyProject/UAE/data/arrangement_merged/chr_21/183214.2~A30.K_21L.png,/data5/chensx/MyProject/UAE/data/arrangement_merged/chr_21/183214.2~A30.K_21R.png,0,0.8891806661225562,,0.0020040273666381,-2.970679143431859,chromosome
0,0.0025985240936279,183214,183214.2~A36.K_21,21,,normal,183214.2~A36.K_21L.png,183214.2~A36.K_21R.png,train,/data5/chensx/MyProject/UAE/data/arrangement_merged/chr_21/183214.2~A36.K_21L.png,/data5/chensx/MyProject/UAE/data/arrangement_merged/chr_21/183214.2~A36.K_21R.png,0,1.6688818306830704,,0.0025985240936279,0.5579668594719969,chromosome
0,0.0026372671127319,183214,183214.2~A39.K_21,21,,normal,183214.2~A39.K_21L.png,183214.2~A39.K_21R.png,train,/data5/chensx/MyProject/UAE/data/arrangement_merged/chr_21/183214.2~A39.K_21L.png,/data5/chensx/MyProject/UAE/data/arrangement_merged/chr_21/183214.2~A39.K_21R.png,0,1.71969451937009,,0.0026372671127319,0.7879267453640227,chromosome
0,0.002496600151062,183214,183214.2~A45.K_21,21,,normal,183214.2~A45.K_21L.png,183214.2~A45.K_21R.png,train,/data5/chensx/MyProject/UAE/data/arrangement_merged/chr_21/183214.2~A45.K_21L.png,/data5/chensx/MyProject/UAE/data/arrangement_merged/chr_21/183214.2~A45.K_21R.png,0,1.5352053727526032,,0.002496600151062,-0.047004532643903585,chromosome
0,0.0027090907096862,183214,183214.2~A6.K_21,21,,normal,183214.2~A6.K_21L.png,183214.2~A6.K_21R.png,train,/data5/chensx/MyProject/UAE/data/arrangement_merged/chr_21/183214.2~A6.K_21L.png,/data5/chensx/MyProject/UAE/data/arrangement_merged/chr_21/183214.2~A6.K_21R.png,0,1.8138934268591036,,0.0027090907096862,1.2142369953636254,chromosome
0,0.0026631355285644,183214,183214.3~A12.K_21,21,,normal,183214.3~A12.K_21L.png,183214.3~A12.K_21R.png,train,/data5/chensx/MyProject/UAE/data/arrangement_merged/chr_21/183214.3~A12.K_21L.png,/data5/chensx/MyProject/UAE/data/arrangement_merged/chr_21/183214.3~A12.K_21R.png,0,1.753621760739577,,0.0026631355285644,0.9414691922518289,chromosome
0,0.0024207830429077,183214,183214.3~A19.K_21,21,,normal,183214.3~A19.K_21L.png,183214.3~A19.K_21R.png,train,/data5/chensx/MyProject/UAE/data/arrangement_merged/chr_21/183214.3~A19.K_21L.png,/data5/chensx/MyProject/UAE/data/arrangement_merged/chr_21/183214.3~A19.K_21R.png,0,1.435768849660466,,0.0024207830429077,-0.4970183401126699,chromosome
0,0.002565860748291,183214,183214.3~A28.K_21,21,,normal,183214.3~A28.K_21L.png,183214.3~A28.K_21R.png,train,/data5/chensx/MyProject/UAE/data/arrangement_merged/chr_21/183214.3~A28.K_21L.png,/data5/chensx/MyProject/UAE/data/arrangement_merged/chr_21/183214.3~A28.K_21R.png,0,1.6260428254515522,,0.002565860748291,0.3640929864430902,chromosome
0,0.0025559663772583,183214,183214.3~A4.K_21,21,,normal,183214.3~A4.K_21L.png,183214.3~A4.K_21R.png,train,/data5/chensx/MyProject/UAE/data/arrangement_merged/chr_21/183214.3~A4.K_21L.png,/data5/chensx/MyProject/UAE/data/arrangement_merged/chr_21/183214.3~A4.K_21R.png,0,1.6130660464945594,,0.0025559663772583,0.3053647694307467,chromosome
0,0.0026426911354064,183214,183214.3~A42.K_21,21,,normal,183214.3~A42.K_21L.png,183214.3~A42.K_21R.png,train,/data5/chensx/MyProject/UAE/data/arrangement_merged/chr_21/183214.3~A42.K_21L.png,/data5/chensx/MyProject/UAE/data/arrangement_merged/chr_21/183214.3~A42.K_21R.png,0,1.7268082957862727,,0.0026426911354064,0.8201211293885492,chromosome
0,0.0024617910385131,183214,183214.3~A43.K_21,21,,normal,183214.3~A43.K_21L.png,183214.3~A43.K_21R.png,train,/data5/chensx/MyProject/UAE/data/arrangement_merged/chr_21/183214.3~A43.K_21L.png,/data5/chensx/MyProject/UAE/data/arrangement_merged/chr_21/183214.3~A43.K_21R.png,0,1.4895521263014964,,0.0024617910385131,-0.2536146455073411,chromosome
0,0.0022635459899902,183214,183214.3~A47.K_21,21,,normal,183214.3~A47.K_21L.png,183214.3~A47.K_21R.png,train,/data5/chensx/MyProject/UAE/data/arrangement_merged/chr_21/183214.3~A47.K_21L.png,/data5/chensx/MyProject/UAE/data/arrangement_merged/chr_21/183214.3~A47.K_21R.png,0,1.2295475069583772,,0.0022635459899902,-1.430301692394671,chromosome
0,0.0025632381439208,183214,183214.4~A22.K_21,21,,normal,183214.4~A22.K_21L.png,183214.4~A22.K_21R.png,train,/data5/chensx/MyProject/UAE/data/arrangement_merged/chr_21/183214.4~A22.K_21L.png,/data5/chensx/MyProject/UAE/data/arrangement_merged/chr_21/183214.4~A22.K_21R.png,0,1.622603197294277,,0.0025632381439208,0.348526471089906,chromosome
0,0.0024617910385131,183214,183214.4~A24.K_21,21,,normal,183214.4~A24.K_21L.png,183214.4~A24.K_21R.png,train,/data5/chensx/MyProject/UAE/data/arrangement_merged/chr_21/183214.4~A24.K_21L.png,/data5/chensx/MyProject/UAE/data/arrangement_merged/chr_21/183214.4~A24.K_21R.png,0,1.4895521263014964,,0.0024617910385131,-0.2536146455073411,chromosome
0,0.0025104880332946,183214,183214.4~A26.K_21,21,,normal,183214.4~A26.K_21L.png,183214.4~A26.K_21R.png,train,/data5/chensx/MyProject/UAE/data/arrangement_merged/chr_21/183214.4~A26.K_21L.png,/data5/chensx/MyProject/UAE/data/arrangement_merged/chr_21/183214.4~A26.K_21R.png,0,1.5534197673127197,,0.0025104880332946,0.035427241837008884,chromosome
0,0.0024377107620239,183214,183214.4~A28.K_21,21,,normal,183214.4~A28.K_21L.png,183214.4~A28.K_21R.png,train,/data5/chensx/MyProject/UAE/data/arrangement_merged/chr_21/183214.4~A28.K_21L.png,/data5/chensx/MyProject/UAE/data/arrangement_merged/chr_21/183214.4~A28.K_21R.png,0,1.457970085948333,,0.0024377107620239,-0.39654355919990053,chromosome
0,0.0022505521774291,183214,183214.4~A50.K_21,21,,normal,183214.4~A50.K_21L.png,183214.4~A50.K_21R.png,train,/data5/chensx/MyProject/UAE/data/arrangement_merged/chr_21/183214.4~A50.K_21L.png,/data5/chensx/MyProject/UAE/data/arrangement_merged/chr_21/183214.4~A50.K_21R.png,0,1.212505712906423,,0.0022505521774291,-1.507426700278852,chromosome
0,0.0026112794876098,183214,183214.4~A8.K_21,21,,normal,183214.4~A8.K_21L.png,183214.4~A8.K_21R.png,train,/data5/chensx/MyProject/UAE/data/arrangement_merged/chr_21/183214.4~A8.K_21L.png,/data5/chensx/MyProject/UAE/data/arrangement_merged/chr_21/183214.4~A8.K_21R.png,0,1.6856109312661811,,0.0026112794876098,0.6336767295962553,chromosome
0,0.0026774406433105,183262,183262.11~A16.K_21,21,,normal,183262.11~A16.K_21L.png,183262.11~A16.K_21R.png,train,/data5/chensx/MyProject/UAE/data/arrangement_merged/chr_21/183262.11~A16.K_21L.png,/data5/chensx/MyProject/UAE/data/arrangement_merged/chr_21/183262.11~A16.K_21R.png,0,1.6964138403413564,,0.0026774406433105,1.0263774578120062,chromosome
0,0.0026649832725524,183262,183262.12~A5.K_21,21,,normal,183262.12~A5.K_21L.png,183262.12~A5.K_21R.png,train,/data5/chensx/MyProject/UAE/data/arrangement_merged/chr_21/183262.12~A5.K_21L.png,/data5/chensx/MyProject/UAE/data/arrangement_merged/chr_21/183262.12~A5.K_21R.png,0,1.6806576876462993,,0.0026649832725524,0.952436509886459,chromosome
0,0.0024927854537963,183262,183262.14~A1.K_21,21,,normal,183262.14~A1.K_21L.png,183262.14~A1.K_21R.png,train,/data5/chensx/MyProject/UAE/data/arrangement_merged/chr_21/183262.14~A1.K_21L.png,/data5/chensx/MyProject/UAE/data/arrangement_merged/chr_21/183262.14~A1.K_21R.png,0,1.4628609166605555,,0.0024927854537963,-0.06964673679371988,chromosome
0,0.0026550889015197,183262,183262.14~A16.K_21,21,,normal,183262.14~A16.K_21L.png,183262.14~A16.K_21R.png,train,/data5/chensx/MyProject/UAE/data/arrangement_merged/chr_21/183262.14~A16.K_21L.png,/data5/chensx/MyProject/UAE/data/arrangement_merged/chr_21/183262.14~A16.K_21R.png,0,1.668143231438742,,0.0026550889015197,0.8937082928741156,chromosome
0,0.0025292038917541,183262,183262.14~A21.K_21,21,,normal,183262.14~A21.K_21L.png,183262.14~A21.K_21R.png,train,/data5/chensx/MyProject/UAE/data/arrangement_merged/chr_21/183262.14~A21.K_21L.png,/data5/chensx/MyProject/UAE/data/arrangement_merged/chr_21/183262.14~A21.K_21R.png,0,1.508923162099216,,0.0025292038917541,0.14651555594502244,chromosome
0,0.0026705861091613,183262,183262.14~A23.K_21,21,,normal,183262.14~A23.K_21L.png,183262.14~A23.K_21R.png,train,/data5/chensx/MyProject/UAE/data/arrangement_merged/chr_21/183262.14~A23.K_21L.png,/data5/chensx/MyProject/UAE/data/arrangement_merged/chr_21/183262.14~A23.K_21R.png,0,1.6877441869445546,,0.0026705861091613,0.9856922472309275,chromosome
0,0.0024914741516113,183262,183262.14~A29.K_21,21,,normal,183262.14~A29.K_21L.png,183262.14~A29.K_21R.png,train,/data5/chensx/MyProject/UAE/data/arrangement_merged/chr_21/183262.14~A29.K_21L.png,/data5/chensx/MyProject/UAE/data/arrangement_merged/chr_21/183262.14~A29.K_21R.png,0,1.4612023742716025,,0.0024914741516113,-0.07742999446971865,chromosome
0,0.0026330351829528,183262,183262.14~A33.K_21,21,,normal,183262.14~A33.K_21L.png,183262.14~A33.K_21R.png,train,/data5/chensx/MyProject/UAE/data/arrangement_merged/chr_21/183262.14~A33.K_21L.png,/data5/chensx/MyProject/UAE/data/arrangement_merged/chr_21/183262.14~A33.K_21R.png,0,1.640249563988162,,0.0026330351829528,0.7628080501355337,chromosome
0,0.0026439428329467,183262,183262.14~A38.K_21,21,,normal,183262.14~A38.K_21L.png,183262.14~A38.K_21R.png,train,/data5/chensx/MyProject/UAE/data/arrangement_merged/chr_21/183262.14~A38.K_21L.png,/data5/chensx/MyProject/UAE/data/arrangement_merged/chr_21/183262.14~A38.K_21R.png,0,1.654045621132638,,0.0026439428329467,0.8275506026251619,chromosome
0,0.0025940537452697,183262,183262.14~A45.K_21,21,,normal,183262.14~A45.K_21L.png,183262.14~A45.K_21R.png,train,/data5/chensx/MyProject/UAE/data/arrangement_merged/chr_21/183262.14~A45.K_21L.png,/data5/chensx/MyProject/UAE/data/arrangement_merged/chr_21/183262.14~A45.K_21R.png,0,1.590945622062002,,0.0025940537452697,0.5314330264841799,chromosome
0,0.0025078654289245,183262,183262.14~A8.K_21,21,,normal,183262.14~A8.K_21L.png,183262.14~A8.K_21R.png,train,/data5/chensx/MyProject/UAE/data/arrangement_merged/chr_21/183262.14~A8.K_21L.png,/data5/chensx/MyProject/UAE/data/arrangement_merged/chr_21/183262.14~A8.K_21R.png,0,1.4819341541335198,,0.0025078654289245,0.019860726484416728,chromosome
0,0.0025228857994079,183262,183262.1~A2.K_21,21,,normal,183262.1~A2.K_21L.png,183262.1~A2.K_21R.png,train,/data5/chensx/MyProject/UAE/data/arrangement_merged/chr_21/183262.1~A2.K_21L.png,/data5/chensx/MyProject/UAE/data/arrangement_merged/chr_21/183262.1~A2.K_21R.png,0,1.500932003316077,,0.0025228857994079,0.10901440532257527,chromosome
0,0.0024593472480773,183262,183262.1~A24.K_21,21,,normal,183262.1~A24.K_21L.png,183262.1~A24.K_21R.png,train,/data5/chensx/MyProject/UAE/data/arrangement_merged/chr_21/183262.1~A24.K_21L.png,/data5/chensx/MyProject/UAE/data/arrangement_merged/chr_21/183262.1~A24.K_21R.png,0,1.4205680857422442,,0.0024593472480773,-0.2681198075405834,chromosome
0,0.0025916695594787,183262,183262.1~A26.K_21,21,,normal,183262.1~A26.K_21L.png,183262.1~A26.K_21R.png,train,/data5/chensx/MyProject/UAE/data/arrangement_merged/chr_21/183262.1~A26.K_21L.png,/data5/chensx/MyProject/UAE/data/arrangement_merged/chr_21/183262.1~A26.K_21R.png,0,1.5879300904457232,,0.0025916695594787,0.5172816488909157,chromosome
0,0.0021840929985046,183262,183262.1~A42.K_21,21,,normal,183262.1~A42.K_21L.png,183262.1~A42.K_21R.png,train,/data5/chensx/MyProject/UAE/data/arrangement_merged/chr_21/183262.1~A42.K_21L.png,/data5/chensx/MyProject/UAE/data/arrangement_merged/chr_21/183262.1~A42.K_21R.png,0,1.0724249606428455,,0.0021840929985046,-1.9018963506933142,chromosome
0,0.002398133277893,183262,183262.1~A9.K_21,21,,normal,183262.1~A9.K_21L.png,183262.1~A9.K_21R.png,train,/data5/chensx/MyProject/UAE/data/arrangement_merged/chr_21/183262.1~A9.K_21L.png,/data5/chensx/MyProject/UAE/data/arrangement_merged/chr_21/183262.1~A9.K_21R.png,0,1.3431443114942836,,0.002398133277893,-0.6314564272498664,chromosome
0,0.0026054978370666,183262,183262.2~A10.K_21,21,,normal,183262.2~A10.K_21L.png,183262.2~A10.K_21R.png,train,/data5/chensx/MyProject/UAE/data/arrangement_merged/chr_21/183262.2~A10.K_21L.png,/data5/chensx/MyProject/UAE/data/arrangement_merged/chr_21/183262.2~A10.K_21R.png,0,1.6054201738201408,,0.0026054978370666,0.5993596389324422,chromosome
0,0.0025422573089599,183262,183262.2~A22.K_21,21,,normal,183262.2~A22.K_21L.png,183262.2~A22.K_21R.png,train,/data5/chensx/MyProject/UAE/data/arrangement_merged/chr_21/183262.2~A22.K_21L.png,/data5/chensx/MyProject/UAE/data/arrangement_merged/chr_21/183262.2~A22.K_21R.png,0,1.5254331976983428,,0.0025422573089599,0.2239943482685869,chromosome
0,0.002408742904663,183262,183262.2~A23.K_21,21,,normal,183262.2~A23.K_21L.png,183262.2~A23.K_21R.png,train,/data5/chensx/MyProject/UAE/data/arrangement_merged/chr_21/183262.2~A23.K_21L.png,/data5/chensx/MyProject/UAE/data/arrangement_merged/chr_21/183262.2~A23.K_21R.png,0,1.3565634271867246,,0.002408742904663,-0.5684827969595442,chromosome
0,0.0026434659957885,183262,183262.2~A44.K_21,21,,normal,183262.2~A44.K_21L.png,183262.2~A44.K_21R.png,train,/data5/chensx/MyProject/UAE/data/arrangement_merged/chr_21/183262.2~A44.K_21L.png,/data5/chensx/MyProject/UAE/data/arrangement_merged/chr_21/183262.2~A44.K_21R.png,0,1.653442514809382,,0.0026434659957885,0.8247203271065086,chromosome
0,0.0025206804275512,183262,183262.2~A45.K_21,21,,normal,183262.2~A45.K_21L.png,183262.2~A45.K_21R.png,train,/data5/chensx/MyProject/UAE/data/arrangement_merged/chr_21/183262.2~A45.K_21L.png,/data5/chensx/MyProject/UAE/data/arrangement_merged/chr_21/183262.2~A45.K_21R.png,0,1.4981426365710189,,0.0025206804275512,0.09592438104865839,chromosome
0,0.0024613142013549,183262,183262.3~A17.K_21,21,,normal,183262.3~A17.K_21L.png,183262.3~A17.K_21R.png,train,/data5/chensx/MyProject/UAE/data/arrangement_merged/chr_21/183262.3~A17.K_21L.png,/data5/chensx/MyProject/UAE/data/arrangement_merged/chr_21/183262.3~A17.K_21R.png,0,1.4230558993256743,,0.0024613142013549,-0.2564449210259945,chromosome
0,0.0023351907730102,183262,183262.3~A24.K_21,21,,normal,183262.3~A24.K_21L.png,183262.3~A24.K_21R.png,train,/data5/chensx/MyProject/UAE/data/arrangement_merged/chr_21/183262.3~A24.K_21L.png,/data5/chensx/MyProject/UAE/data/arrangement_merged/chr_21/183262.3~A24.K_21R.png,0,1.2635342768245206,,0.0023351907730102,-1.005052795714413,chromosome
0,0.0024284124374389,183262,183262.3~A30.K_21,21,,normal,183262.3~A30.K_21L.png,183262.3~A30.K_21R.png,train,/data5/chensx/MyProject/UAE/data/arrangement_merged/chr_21/183262.3~A30.K_21L.png,/data5/chensx/MyProject/UAE/data/arrangement_merged/chr_21/183262.3~A30.K_21R.png,0,1.3814415630210255,,0.0024284124374389,-0.4517339318142265,chromosome
0,0.0026846528053283,183262,183262.3~A41.K_21,21,,normal,183262.3~A41.K_21L.png,183262.3~A41.K_21R.png,train,/data5/chensx/MyProject/UAE/data/arrangement_merged/chr_21/183262.3~A41.K_21L.png,/data5/chensx/MyProject/UAE/data/arrangement_merged/chr_21/183262.3~A41.K_21R.png,0,1.7055358234806002,,0.0026846528053283,1.0691853750317792,chromosome
0,0.0025981664657592,183262,183262.4~A14.K_21,21,,normal,183262.4~A14.K_21L.png,183262.4~A14.K_21R.png,train,/data5/chensx/MyProject/UAE/data/arrangement_merged/chr_21/183262.4~A14.K_21L.png,/data5/chensx/MyProject/UAE/data/arrangement_merged/chr_21/183262.4~A14.K_21R.png,0,1.596147414100083,,0.0025981664657592,0.5558441528327102,chromosome
0,0.0025177001953125,183262,183262.4~A19.K_21,21,,normal,183262.4~A19.K_21L.png,183262.4~A19.K_21R.png,train,/data5/chensx/MyProject/UAE/data/arrangement_merged/chr_21/183262.4~A19.K_21L.png,/data5/chensx/MyProject/UAE/data/arrangement_merged/chr_21/183262.4~A19.K_21R.png,0,1.4943732220506702,,0.0025177001953125,0.07823515905737417,chromosome
0,0.0023640990257263,183262,183262.4~A24.K_21,21,,normal,183262.4~A24.K_21L.png,183262.4~A24.K_21R.png,train,/data5/chensx/MyProject/UAE/data/arrangement_merged/chr_21/183262.4~A24.K_21L.png,/data5/chensx/MyProject/UAE/data/arrangement_merged/chr_21/183262.4~A24.K_21R.png,0,1.3000975976719022,,0.0023640990257263,-0.83346734239475,chromosome
0,0.002294898033142,183262,183262.4~A29.K_21,21,,normal,183262.4~A29.K_21L.png,183262.4~A29.K_21R.png,train,/data5/chensx/MyProject/UAE/data/arrangement_merged/chr_21/183262.4~A29.K_21L.png,/data5/chensx/MyProject/UAE/data/arrangement_merged/chr_21/183262.4~A29.K_21R.png,0,1.2125717925094073,,0.002294898033142,-1.2442110770423576,chromosome
0,0.0025198459625244,183262,183262.4~A31.K_21,21,,normal,183262.4~A31.K_21L.png,183262.4~A31.K_21R.png,train,/data5/chensx/MyProject/UAE/data/arrangement_merged/chr_21/183262.4~A31.K_21L.png,/data5/chensx/MyProject/UAE/data/arrangement_merged/chr_21/183262.4~A31.K_21R.png,0,1.4970872005053213,,0.0025198459625244,0.09097139889131298,chromosome
0,0.0025173425674438,183262,183262.4~A50.K_21,21,,normal,183262.4~A50.K_21L.png,183262.4~A50.K_21R.png,train,/data5/chensx/MyProject/UAE/data/arrangement_merged/chr_21/183262.4~A50.K_21L.png,/data5/chensx/MyProject/UAE/data/arrangement_merged/chr_21/183262.4~A50.K_21R.png,0,1.4939208923082286,,0.0025173425674438,0.07611245241808749,chromosome
0,0.0023727416992187,183786,183786.11~A44.K_21,21,,normal,183786.11~A44.K_21L.png,183786.11~A44.K_21R.png,train,/data5/chensx/MyProject/UAE/data/arrangement_merged/chr_21/183786.11~A44.K_21L.png,/data5/chensx/MyProject/UAE/data/arrangement_merged/chr_21/183786.11~A44.K_21R.png,0,0.4983740512617781,,0.0023727416992187,-0.7821685986190192,chromosome
0,0.0022023916244506,183786,183786.12~A1.K_21,21,,normal,183786.12~A1.K_21L.png,183786.12~A1.K_21R.png,train,/data5/chensx/MyProject/UAE/data/arrangement_merged/chr_21/183786.12~A1.K_21L.png,/data5/chensx/MyProject/UAE/data/arrangement_merged/chr_21/183786.12~A1.K_21R.png,0,0.409536090558132,,0.0022023916244506,-1.793284527664568,chromosome
0,0.0025672912597656,183786,183786.12~A12.K_21,21,,normal,183786.12~A12.K_21L.png,183786.12~A12.K_21R.png,train,/data5/chensx/MyProject/UAE/data/arrangement_merged/chr_21/183786.12~A12.K_21L.png,/data5/chensx/MyProject/UAE/data/arrangement_merged/chr_21/183786.12~A12.K_21R.png,0,0.5998321001549556,,0.0025672912597656,0.37258381299904764,chromosome
0,0.0022724866867065,183786,183786.12~A15.K_21,21,,normal,183786.12~A15.K_21L.png,183786.12~A15.K_21R.png,train,/data5/chensx/MyProject/UAE/data/arrangement_merged/chr_21/183786.12~A15.K_21L.png,/data5/chensx/MyProject/UAE/data/arrangement_merged/chr_21/183786.12~A15.K_21R.png,0,0.4460908287622915,,0.0022724866867065,-1.377234026419634,chromosome
0,0.0024828910827636,183786,183786.12~A16.K_21,21,,normal,183786.12~A16.K_21L.png,183786.12~A16.K_21R.png,train,/data5/chensx/MyProject/UAE/data/arrangement_merged/chr_21/183786.12~A16.K_21L.png,/data5/chensx/MyProject/UAE/data/arrangement_merged/chr_21/183786.12~A16.K_21R.png,0,0.555817211296886,,0.0024828910827636,-0.12837495380606337,chromosome
0,0.0025557279586791,183786,183786.12~A34.K_21,21,,normal,183786.12~A34.K_21L.png,183786.12~A34.K_21R.png,train,/data5/chensx/MyProject/UAE/data/arrangement_merged/chr_21/183786.12~A34.K_21L.png,/data5/chensx/MyProject/UAE/data/arrangement_merged/chr_21/183786.12~A34.K_21R.png,0,0.5938018117097116,,0.0025557279586791,0.30394963167082667,chromosome
0,0.0026283860206604,183786,183786.12~A41.K_21,21,,normal,183786.12~A41.K_21L.png,183786.12~A41.K_21R.png,train,/data5/chensx/MyProject/UAE/data/arrangement_merged/chr_21/183786.12~A41.K_21L.png,/data5/chensx/MyProject/UAE/data/arrangement_merged/chr_21/183786.12~A41.K_21R.png,0,0.6316931602393633,,0.0026283860206604,0.735212863828964,chromosome
0,0.0023509263992309,183786,183786.12~A47.K_21,21,,normal,183786.12~A47.K_21L.png,183786.12~A47.K_21R.png,train,/data5/chensx/MyProject/UAE/data/arrangement_merged/chr_21/183786.12~A47.K_21L.png,/data5/chensx/MyProject/UAE/data/arrangement_merged/chr_21/183786.12~A47.K_21R.png,0,0.4869973215145652,,0.0023509263992309,-0.9116537035982782,chromosome
0,0.0024595856666564,183786,183786.13~A10.K_21,21,,normal,183786.13~A10.K_21L.png,183786.13~A10.K_21R.png,train,/data5/chensx/MyProject/UAE/data/arrangement_merged/chr_21/183786.13~A10.K_21L.png,/data5/chensx/MyProject/UAE/data/arrangement_merged/chr_21/183786.13~A10.K_21R.png,0,0.5436633825232241,,0.0024595856666564,-0.266704669781258,chromosome
0,0.0025074481964111,183786,183786.13~A12.K_21,21,,normal,183786.13~A12.K_21L.png,183786.13~A12.K_21R.png,train,/data5/chensx/MyProject/UAE/data/arrangement_merged/chr_21/183786.13~A12.K_21L.png,/data5/chensx/MyProject/UAE/data/arrangement_merged/chr_21/183786.13~A12.K_21R.png,0,0.568623803252765,,0.0025074481964111,0.01738423540574402,chromosome
0,0.0023880004882812,183786,183786.13~A29.K_21,21,,normal,183786.13~A29.K_21L.png,183786.13~A29.K_21R.png,train,/data5/chensx/MyProject/UAE/data/arrangement_merged/chr_21/183786.13~A29.K_21L.png,/data5/chensx/MyProject/UAE/data/arrangement_merged/chr_21/183786.13~A29.K_21R.png,0,0.5063315452926156,,0.0023880004882812,-0.6915997820215353,chromosome
0,0.0022258758544921,183786,183786.13~A34.K_21,21,,normal,183786.13~A34.K_21L.png,183786.13~A34.K_21R.png,train,/data5/chensx/MyProject/UAE/data/arrangement_merged/chr_21/183786.13~A34.K_21L.png,/data5/chensx/MyProject/UAE/data/arrangement_merged/chr_21/183786.13~A34.K_21R.png,0,0.4217831712149677,,0.0022258758544921,-1.653893458370026,chromosome
0,0.0024483203887939,183786,183786.13~A43.K_21,21,,normal,183786.13~A43.K_21L.png,183786.13~A43.K_21R.png,train,/data5/chensx/MyProject/UAE/data/arrangement_merged/chr_21/183786.13~A43.K_21L.png,/data5/chensx/MyProject/UAE/data/arrangement_merged/chr_21/183786.13~A43.K_21R.png,0,0.5377885138832699,,0.0024483203887939,-0.3335699289095783,chromosome
0,0.0026996731758117,183786,183786.14~A17.K_21,21,,normal,183786.14~A17.K_21L.png,183786.14~A17.K_21R.png,train,/data5/chensx/MyProject/UAE/data/arrangement_merged/chr_21/183786.14~A17.K_21L.png,/data5/chensx/MyProject/UAE/data/arrangement_merged/chr_21/183786.14~A17.K_21R.png,0,0.668869577664682,,0.0026996731758117,1.1583390538699352,chromosome
0,0.0023741722106933,183786,183786.14~A24.K_21,21,,normal,183786.14~A24.K_21L.png,183786.14~A24.K_21R.png,train,/data5/chensx/MyProject/UAE/data/arrangement_merged/chr_21/183786.14~A24.K_21L.png,/data5/chensx/MyProject/UAE/data/arrangement_merged/chr_21/183786.14~A24.K_21R.png,0,0.4991200663271691,,0.0023741722106933,-0.7736777720630618,chromosome
0,0.0025141239166259,183786,183786.14~A38.K_21,21,,normal,183786.14~A38.K_21L.png,183786.14~A38.K_21R.png,train,/data5/chensx/MyProject/UAE/data/arrangement_merged/chr_21/183786.14~A38.K_21L.png,/data5/chensx/MyProject/UAE/data/arrangement_merged/chr_21/183786.14~A38.K_21R.png,0,0.5721052068912563,,0.0025141239166259,0.05700809266688325,chromosome
0,0.0026049017906188,183786,183786.14~A39.K_21,21,,normal,183786.14~A39.K_21L.png,183786.14~A39.K_21R.png,train,/data5/chensx/MyProject/UAE/data/arrangement_merged/chr_21/183786.14~A39.K_21L.png,/data5/chensx/MyProject/UAE/data/arrangement_merged/chr_21/183786.14~A39.K_21R.png,0,0.6194460795825275,,0.0026049017906188,0.59582179453383,chromosome
0,0.0024310946464538,183786,183786.1~A44.K_21,21,,normal,183786.1~A44.K_21L.png,183786.1~A44.K_21R.png,train,/data5/chensx/MyProject/UAE/data/arrangement_merged/chr_21/183786.1~A44.K_21L.png,/data5/chensx/MyProject/UAE/data/arrangement_merged/chr_21/183786.1~A44.K_21R.png,0,0.5288052491375198,,0.0024310946464538,-0.4358136320216537,chromosome
0,0.0026933550834655,183786,183786.2~A14.K_21,21,,normal,183786.2~A14.K_21L.png,183786.2~A14.K_21R.png,train,/data5/chensx/MyProject/UAE/data/arrangement_merged/chr_21/183786.2~A14.K_21L.png,/data5/chensx/MyProject/UAE/data/arrangement_merged/chr_21/183786.2~A14.K_21R.png,0,0.6655746777925383,,0.0026933550834655,1.120837903247488,chromosome
0,0.0025057792663574,183786,183786.2~A4.K_21,21,,normal,183786.2~A4.K_21L.png,183786.2~A4.K_21R.png,train,/data5/chensx/MyProject/UAE/data/arrangement_merged/chr_21/183786.2~A4.K_21L.png,/data5/chensx/MyProject/UAE/data/arrangement_merged/chr_21/183786.2~A4.K_21R.png,0,0.5677534523431421,,0.0025057792663574,0.00747827109046114,chromosome
0,0.0025273561477661,183786,183786.2~A49.K_21,21,,normal,183786.2~A49.K_21L.png,183786.2~A49.K_21R.png,train,/data5/chensx/MyProject/UAE/data/arrangement_merged/chr_21/183786.2~A49.K_21L.png,/data5/chensx/MyProject/UAE/data/arrangement_merged/chr_21/183786.2~A49.K_21R.png,0,0.5790058462461232,,0.0025273561477661,0.13554823831038967,chromosome
0,0.0025731921195983,183786,183786.3~A1.K_21,21,,normal,183786.3~A1.K_21L.png,183786.3~A1.K_21R.png,train,/data5/chensx/MyProject/UAE/data/arrangement_merged/chr_21/183786.3~A1.K_21L.png,/data5/chensx/MyProject/UAE/data/arrangement_merged/chr_21/183786.3~A1.K_21R.png,0,0.6029094122996935,,0.0025731921195983,0.40760847254223004,chromosome
0,0.0023372769355773,183786,183786.3~A25.K_21,21,,normal,183786.3~A25.K_21L.png,183786.3~A25.K_21R.png,train,/data5/chensx/MyProject/UAE/data/arrangement_merged/chr_21/183786.3~A25.K_21L.png,/data5/chensx/MyProject/UAE/data/arrangement_merged/chr_21/183786.3~A25.K_21R.png,0,0.4798790944322926,,0.0023372769355773,-0.9926703403204549,chromosome
0,0.0022181272506713,183786,183786.3~A36.K_21,21,,normal,183786.3~A36.K_21L.png,183786.3~A36.K_21R.png,train,/data5/chensx/MyProject/UAE/data/arrangement_merged/chr_21/183786.3~A36.K_21L.png,/data5/chensx/MyProject/UAE/data/arrangement_merged/chr_21/183786.3~A36.K_21R.png,0,0.4177422562774331,,0.0022181272506713,-1.6998854355484307,chromosome
0,0.0022667050361633,183786,183786.3~A37.K_21,21,,normal,183786.3~A37.K_21L.png,183786.3~A37.K_21R.png,train,/data5/chensx/MyProject/UAE/data/arrangement_merged/chr_21/183786.3~A37.K_21L.png,/data5/chensx/MyProject/UAE/data/arrangement_merged/chr_21/183786.3~A37.K_21R.png,0,0.4430756845396695,,0.0022667050361633,-1.4115511170834474,chromosome
0,0.002434492111206,183786,183786.3~A44.K_21,21,,normal,183786.3~A44.K_21L.png,183786.3~A44.K_21R.png,train,/data5/chensx/MyProject/UAE/data/arrangement_merged/chr_21/183786.3~A44.K_21L.png,/data5/chensx/MyProject/UAE/data/arrangement_merged/chr_21/183786.3~A44.K_21R.png,0,0.5305770349178235,,0.002434492111206,-0.41564791895110476,chromosome
0,0.0024246573448181,183786,183786.4~A49.K_21,21,,normal,183786.4~A49.K_21L.png,183786.4~A49.K_21R.png,train,/data5/chensx/MyProject/UAE/data/arrangement_merged/chr_21/183786.4~A49.K_21L.png,/data5/chensx/MyProject/UAE/data/arrangement_merged/chr_21/183786.4~A49.K_21R.png,0,0.5254481813432602,,0.0024246573448181,-0.47402235152346756,chromosome
0,0.0025043487548828,183786,183786.5~A1.K_21,21,,normal,183786.5~A1.K_21L.png,183786.5~A1.K_21R.png,train,/data5/chensx/MyProject/UAE/data/arrangement_merged/chr_21/183786.5~A1.K_21L.png,/data5/chensx/MyProject/UAE/data/arrangement_merged/chr_21/183786.5~A1.K_21R.png,0,0.5670074372777512,,0.0025043487548828,-0.0010125554654989216,chromosome
0,0.002539038658142,183786,183786.5~A31.K_21,21,,normal,183786.5~A31.K_21L.png,183786.5~A31.K_21R.png,train,/data5/chensx/MyProject/UAE/data/arrangement_merged/chr_21/183786.5~A31.K_21L.png,/data5/chensx/MyProject/UAE/data/arrangement_merged/chr_21/183786.5~A31.K_21R.png,0,0.5850983026134832,,0.002539038658142,0.20488998851738527,chromosome
0,0.0023725628852844,183786,183786.5~A33.K_21,21,,normal,183786.5~A33.K_21L.png,183786.5~A33.K_21R.png,train,/data5/chensx/MyProject/UAE/data/arrangement_merged/chr_21/183786.5~A33.K_21L.png,/data5/chensx/MyProject/UAE/data/arrangement_merged/chr_21/183786.5~A33.K_21R.png,0,0.4982807993786042,,0.0023725628852844,-0.7832299519383665,chromosome
0,0.0024141073226928,183786,183786.5~A42.K_21,21,,normal,183786.5~A42.K_21L.png,183786.5~A42.K_21R.png,train,/data5/chensx/MyProject/UAE/data/arrangement_merged/chr_21/183786.5~A42.K_21L.png,/data5/chensx/MyProject/UAE/data/arrangement_merged/chr_21/183786.5~A42.K_21R.png,0,0.5199463202360015,,0.0024141073226928,-0.5366421973744038,chromosome
0,0.0024880766868591,183786,183786.5~A44.K_21,21,,normal,183786.5~A44.K_21L.png,183786.5~A44.K_21R.png,train,/data5/chensx/MyProject/UAE/data/arrangement_merged/chr_21/183786.5~A44.K_21L.png,/data5/chensx/MyProject/UAE/data/arrangement_merged/chr_21/183786.5~A44.K_21R.png,0,0.5585215159089284,,0.0024880766868591,-0.09759570754026764,chromosome
0,0.0027347803115844,183786,183786.5~A6.K_21,21,,normal,183786.5~A6.K_21L.png,183786.5~A6.K_21R.png,train,/data5/chensx/MyProject/UAE/data/arrangement_merged/chr_21/183786.5~A6.K_21L.png,/data5/chensx/MyProject/UAE/data/arrangement_merged/chr_21/183786.5~A6.K_21R.png,0,0.6871780307278197,,0.0027347803115844,1.3667180889320842,chromosome
0,0.0025802850723266,183786,183786.5~A8.K_21,21,,normal,183786.5~A8.K_21L.png,183786.5~A8.K_21R.png,train,/data5/chensx/MyProject/UAE/data/arrangement_merged/chr_21/183786.5~A8.K_21L.png,/data5/chensx/MyProject/UAE/data/arrangement_merged/chr_21/183786.5~A8.K_21R.png,0,0.6066084036655905,,0.0025802850723266,0.44970882088263403,chromosome
0,0.002406358718872,184752,184752.11~A43.K_21,21,,normal,184752.11~A43.K_21L.png,184752.11~A43.K_21R.png,train,/data5/chensx/MyProject/UAE/data/arrangement_merged/chr_21/184752.11~A43.K_21L.png,/data5/chensx/MyProject/UAE/data/arrangement_merged/chr_21/184752.11~A43.K_21R.png,0,1.948322836861446,,0.002406358718872,-0.5826341745528084,chromosome
0,0.0021817684173583,184752,184752.13~A19.K_21,21,,normal,184752.13~A19.K_21L.png,184752.13~A19.K_21R.png,train,/data5/chensx/MyProject/UAE/data/arrangement_merged/chr_21/184752.13~A19.K_21L.png,/data5/chensx/MyProject/UAE/data/arrangement_merged/chr_21/184752.13~A19.K_21R.png,0,1.5920516714883697,,0.0021817684173583,-1.9156939438471923,chromosome
0,0.0026326179504394,184752,184752.13~A20.K_21,21,,normal,184752.13~A20.K_21L.png,184752.13~A20.K_21R.png,train,/data5/chensx/MyProject/UAE/data/arrangement_merged/chr_21/184752.13~A20.K_21L.png,/data5/chensx/MyProject/UAE/data/arrangement_merged/chr_21/184752.13~A20.K_21R.png,0,2.3072414525079954,,0.0026326179504394,0.760331559056861,chromosome
0,0.0026450753211975,184752,184752.14~A10.K_21,21,,normal,184752.14~A10.K_21L.png,184752.14~A10.K_21R.png,train,/data5/chensx/MyProject/UAE/data/arrangement_merged/chr_21/184752.14~A10.K_21L.png,/data5/chensx/MyProject/UAE/data/arrangement_merged/chr_21/184752.14~A10.K_21R.png,0,2.3270027777635613,,0.0026450753211975,0.8342725069824054,chromosome
0,0.0024416446685791,184752,184752.14~A14.K_21,21,,normal,184752.14~A14.K_21L.png,184752.14~A14.K_21R.png,train,/data5/chensx/MyProject/UAE/data/arrangement_merged/chr_21/184752.14~A14.K_21L.png,/data5/chensx/MyProject/UAE/data/arrangement_merged/chr_21/184752.14~A14.K_21R.png,0,2.0042974997863032,,0.0024416446685791,-0.3731937861707201,chromosome
0,0.0025386810302734,184752,184752.14~A43.K_21,21,,normal,184752.14~A43.K_21L.png,184752.14~A43.K_21R.png,train,/data5/chensx/MyProject/UAE/data/arrangement_merged/chr_21/184752.14~A43.K_21L.png,/data5/chensx/MyProject/UAE/data/arrangement_merged/chr_21/184752.14~A43.K_21R.png,0,2.15822782282966,,0.0025386810302734,0.2027672818786932,chromosome
0,0.002280831336975,184752,184752.2~A30.K_21,21,,normal,184752.2~A30.K_21L.png,184752.2~A30.K_21R.png,train,/data5/chensx/MyProject/UAE/data/arrangement_merged/chr_21/184752.2~A30.K_21L.png,/data5/chensx/MyProject/UAE/data/arrangement_merged/chr_21/184752.2~A30.K_21R.png,0,1.7491967555780863,,0.002280831336975,-1.3277042048432095,chromosome
0,0.0025539994239807,184752,184752.2~A50.K_21,21,,normal,184752.2~A50.K_21L.png,184752.2~A50.K_21R.png,train,/data5/chensx/MyProject/UAE/data/arrangement_merged/chr_21/184752.2~A50.K_21L.png,/data5/chensx/MyProject/UAE/data/arrangement_merged/chr_21/184752.2~A50.K_21R.png,0,2.182527634268322,,0.0025539994239807,0.2936898829161552,chromosome
0,0.0024465322494506,184752,184752.3~A13.K_21,21,,normal,184752.3~A13.K_21L.png,184752.3~A13.K_21R.png,train,/data5/chensx/MyProject/UAE/data/arrangement_merged/chr_21/184752.3~A13.K_21L.png,/data5/chensx/MyProject/UAE/data/arrangement_merged/chr_21/184752.3~A13.K_21R.png,0,2.01205074701576,,0.0024465322494506,-0.34418346210482503,chromosome
0,0.0023974180221557,184752,184752.3~A16.K_21,21,,normal,184752.3~A16.K_21L.png,184752.3~A16.K_21R.png,train,/data5/chensx/MyProject/UAE/data/arrangement_merged/chr_21/184752.3~A16.K_21L.png,/data5/chensx/MyProject/UAE/data/arrangement_merged/chr_21/184752.3~A16.K_21R.png,0,1.9341400675392693,,0.0023974180221557,-0.6357018405278452,chromosome
0,0.0020437240600585,184752,184752.4~A27.K_21,21,,normal,184752.4~A27.K_21L.png,184752.4~A27.K_21R.png,train,/data5/chensx/MyProject/UAE/data/arrangement_merged/chr_21/184752.4~A27.K_21L.png,/data5/chensx/MyProject/UAE/data/arrangement_merged/chr_21/184752.4~A27.K_21R.png,0,1.3730697131539629,,0.0020437240600585,-2.7350587065025267,chromosome
0,0.0024777054786682,184793,184793.11~A18.K_21,21,,normal,184793.11~A18.K_21L.png,184793.11~A18.K_21R.png,train,/data5/chensx/MyProject/UAE/data/arrangement_merged/chr_21/184793.11~A18.K_21L.png,/data5/chensx/MyProject/UAE/data/arrangement_merged/chr_21/184793.11~A18.K_21R.png,0,1.4631459123448771,,0.0024777054786682,-0.15915420007126446,chromosome
0,0.0025690197944641,184793,184793.12~A12.K_21,21,,normal,184793.12~A12.K_21L.png,184793.12~A12.K_21R.png,train,/data5/chensx/MyProject/UAE/data/arrangement_merged/chr_21/184793.12~A12.K_21L.png,/data5/chensx/MyProject/UAE/data/arrangement_merged/chr_21/184793.12~A12.K_21R.png,0,1.579153435021549,,0.0025690197944641,0.3828435617543137,chromosome
0,0.0026121139526367,184793,184793.12~A27.K_21,21,,normal,184793.12~A27.K_21L.png,184793.12~A27.K_21R.png,train,/data5/chensx/MyProject/UAE/data/arrangement_merged/chr_21/184793.12~A27.K_21L.png,/data5/chensx/MyProject/UAE/data/arrangement_merged/chr_21/184793.12~A27.K_21R.png,0,1.6339011105406311,,0.0026121139526367,0.6386297117541954,chromosome
0,0.0024783611297607,184793,184793.12~A32.K_21,21,,normal,184793.12~A32.K_21L.png,184793.12~A32.K_21R.png,train,/data5/chensx/MyProject/UAE/data/arrangement_merged/chr_21/184793.12~A32.K_21L.png,/data5/chensx/MyProject/UAE/data/arrangement_merged/chr_21/184793.12~A32.K_21R.png,0,1.4639788645311982,,0.0024783611297607,-0.15526257123326379,chromosome
0,0.0026305317878723,184793,184793.12~A38.K_21,21,,normal,184793.12~A38.K_21L.png,184793.12~A38.K_21R.png,train,/data5/chensx/MyProject/UAE/data/arrangement_merged/chr_21/184793.12~A38.K_21L.png,/data5/chensx/MyProject/UAE/data/arrangement_merged/chr_21/184793.12~A38.K_21R.png,0,1.6572994946836412,,0.0026305317878723,0.7479491036629028,chromosome
0,0.0025718808174133,184793,184793.12~A42.K_21,21,,normal,184793.12~A42.K_21L.png,184793.12~A42.K_21R.png,train,/data5/chensx/MyProject/UAE/data/arrangement_merged/chr_21/184793.12~A42.K_21L.png,/data5/chensx/MyProject/UAE/data/arrangement_merged/chr_21/184793.12~A42.K_21R.png,0,1.5827881354709488,,0.0025718808174133,0.3998252148662313,chromosome
0,0.0025044679641723,184793,184793.13~A10.K_21,21,,normal,184793.13~A10.K_21L.png,184793.13~A10.K_21R.png,train,/data5/chensx/MyProject/UAE/data/arrangement_merged/chr_21/184793.13~A10.K_21L.png,/data5/chensx/MyProject/UAE/data/arrangement_merged/chr_21/184793.13~A10.K_21R.png,0,1.4971455061319698,,0.0025044679641723,-0.0003049865861322504,chromosome
0,0.0025305151939392,184793,184793.13~A16.K_21,21,,normal,184793.13~A16.K_21L.png,184793.13~A16.K_21R.png,train,/data5/chensx/MyProject/UAE/data/arrangement_merged/chr_21/184793.13~A16.K_21L.png,/data5/chensx/MyProject/UAE/data/arrangement_merged/chr_21/184793.13~A16.K_21R.png,0,1.5302364248067124,,0.0025305151939392,0.15429881362161327,chromosome
0,0.0021342039108276,184793,184793.13~A43.K_21,21,,normal,184793.13~A43.K_21L.png,184793.13~A43.K_21R.png,train,/data5/chensx/MyProject/UAE/data/arrangement_merged/chr_21/184793.13~A43.K_21L.png,/data5/chensx/MyProject/UAE/data/arrangement_merged/chr_21/184793.13~A43.K_21R.png,0,1.026754689638833,,0.0021342039108276,-2.1980139268342964,chromosome
0,0.0025239586830139,184793,184793.14~A14.K_21,21,,normal,184793.14~A14.K_21L.png,184793.14~A14.K_21R.png,train,/data5/chensx/MyProject/UAE/data/arrangement_merged/chr_21/184793.14~A14.K_21L.png,/data5/chensx/MyProject/UAE/data/arrangement_merged/chr_21/184793.14~A14.K_21R.png,0,1.5219069029435048,,0.0025239586830139,0.11538252523984069,chromosome
0,0.0025221705436706,184793,184793.14~A26.K_21,21,,normal,184793.14~A26.K_21L.png,184793.14~A26.K_21R.png,train,/data5/chensx/MyProject/UAE/data/arrangement_merged/chr_21/184793.14~A26.K_21L.png,/data5/chensx/MyProject/UAE/data/arrangement_merged/chr_21/184793.14~A26.K_21R.png,0,1.51963521516263,,0.0025221705436706,0.10476899204459653,chromosome
0,0.0025598406791687,184793,184793.14~A27.K_21,21,,normal,184793.14~A27.K_21L.png,184793.14~A27.K_21R.png,train,/data5/chensx/MyProject/UAE/data/arrangement_merged/chr_21/184793.14~A27.K_21L.png,/data5/chensx/MyProject/UAE/data/arrangement_merged/chr_21/184793.14~A27.K_21R.png,0,1.5674921044130583,,0.0025598406791687,0.328360758019949,chromosome
0,0.0026400089263916,184793,184793.14~A3.K_21,21,,normal,184793.14~A3.K_21L.png,184793.14~A3.K_21R.png,train,/data5/chensx/MyProject/UAE/data/arrangement_merged/chr_21/184793.14~A3.K_21L.png,/data5/chensx/MyProject/UAE/data/arrangement_merged/chr_21/184793.14~A3.K_21R.png,0,1.6693394399222776,,0.0026400089263916,0.804200829596571,chromosome
0,0.0026003122329711,184793,184793.14~A30.K_21,21,,normal,184793.14~A30.K_21L.png,184793.14~A30.K_21R.png,train,/data5/chensx/MyProject/UAE/data/arrangement_merged/chr_21/184793.14~A30.K_21L.png,/data5/chensx/MyProject/UAE/data/arrangement_merged/chr_21/184793.14~A30.K_21R.png,0,1.6189079711868577,,0.0026003122329711,0.5685803926666464,chromosome
0,0.002602219581604,184793,184793.14~A32.K_21,21,,normal,184793.14~A32.K_21L.png,184793.14~A32.K_21R.png,train,/data5/chensx/MyProject/UAE/data/arrangement_merged/chr_21/184793.14~A32.K_21L.png,/data5/chensx/MyProject/UAE/data/arrangement_merged/chr_21/184793.14~A32.K_21R.png,0,1.6213311048197907,,0.002602219581604,0.5799014947418518,chromosome
0,0.0023685097694396,184793,184793.14~A33.K_21,21,,normal,184793.14~A33.K_21L.png,184793.14~A33.K_21R.png,train,/data5/chensx/MyProject/UAE/data/arrangement_merged/chr_21/184793.14~A33.K_21L.png,/data5/chensx/MyProject/UAE/data/arrangement_merged/chr_21/184793.14~A33.K_21R.png,0,1.3244215118594578,,0.0023685097694396,-0.8072872938475082,chromosome
0,0.0023483037948608,184793,184793.14~A4.K_21,21,,normal,184793.14~A4.K_21L.png,184793.14~A4.K_21R.png,train,/data5/chensx/MyProject/UAE/data/arrangement_merged/chr_21/184793.14~A4.K_21L.png,/data5/chensx/MyProject/UAE/data/arrangement_merged/chr_21/184793.14~A4.K_21R.png,0,1.2987514399355728,,0.0023483037948608,-0.9272202189508678,chromosome
0,0.0023788213729858,184793,184793.14~A9.K_21,21,,normal,184793.14~A9.K_21L.png,184793.14~A9.K_21R.png,train,/data5/chensx/MyProject/UAE/data/arrangement_merged/chr_21/184793.14~A9.K_21L.png,/data5/chensx/MyProject/UAE/data/arrangement_merged/chr_21/184793.14~A9.K_21R.png,0,1.3375215780625025,,0.0023788213729858,-0.7460825857559,chromosome
0,0.0025210976600646,184793,184793.1~A26.K_21,21,,normal,184793.1~A26.K_21L.png,184793.1~A26.K_21R.png,train,/data5/chensx/MyProject/UAE/data/arrangement_merged/chr_21/184793.1~A26.K_21L.png,/data5/chensx/MyProject/UAE/data/arrangement_merged/chr_21/184793.1~A26.K_21R.png,0,1.518272202494105,,0.0025210976600646,0.09840087212733109,chromosome
0,0.0026038885116577,184793,184793.2~A4.K_21,21,,normal,184793.2~A4.K_21L.png,184793.2~A4.K_21R.png,train,/data5/chensx/MyProject/UAE/data/arrangement_merged/chr_21/184793.2~A4.K_21L.png,/data5/chensx/MyProject/UAE/data/arrangement_merged/chr_21/184793.2~A4.K_21R.png,0,1.6234513467486071,,0.0026038885116577,0.5898074590571373,chromosome
0,0.0023438334465026,184793,184793.3~A8.K_21,21,,normal,184793.3~A8.K_21L.png,184793.3~A8.K_21R.png,train,/data5/chensx/MyProject/UAE/data/arrangement_merged/chr_21/184793.3~A8.K_21L.png,/data5/chensx/MyProject/UAE/data/arrangement_merged/chr_21/184793.3~A8.K_21R.png,0,1.293072220483386,,0.0023438334465026,-0.9537540519386822,chromosome
0,0.0022825598716735,185290,185290.11~A25.K_21,21,,normal,185290.11~A25.K_21L.png,185290.11~A25.K_21R.png,train,/data5/chensx/MyProject/UAE/data/arrangement_merged/chr_21/185290.11~A25.K_21L.png,/data5/chensx/MyProject/UAE/data/arrangement_merged/chr_21/185290.11~A25.K_21R.png,0,1.30986839765545,,0.0022825598716735,-1.317444456087946,chromosome
0,0.0023715496063232,185290,185290.11~A27.K_21,21,,normal,185290.11~A27.K_21L.png,185290.11~A27.K_21R.png,train,/data5/chensx/MyProject/UAE/data/arrangement_merged/chr_21/185290.11~A27.K_21L.png,/data5/chensx/MyProject/UAE/data/arrangement_merged/chr_21/185290.11~A27.K_21R.png,0,1.4286798990322147,,0.0023715496063232,-0.7892442874156513,chromosome
0,0.0025101900100708,185290,185290.11~A38.K_21,21,,normal,185290.11~A38.K_21L.png,185290.11~A38.K_21R.png,train,/data5/chensx/MyProject/UAE/data/arrangement_merged/chr_21/185290.11~A38.K_21L.png,/data5/chensx/MyProject/UAE/data/arrangement_merged/chr_21/185290.11~A38.K_21R.png,0,1.6137807377477906,,0.0025101900100708,0.033658319638294895,chromosome
0,0.0025895833969116,185290,185290.12~A12.K_21,21,,normal,185290.12~A12.K_21L.png,185290.12~A12.K_21R.png,train,/data5/chensx/MyProject/UAE/data/arrangement_merged/chr_21/185290.12~A12.K_21L.png,/data5/chensx/MyProject/UAE/data/arrangement_merged/chr_21/185290.12~A12.K_21R.png,0,1.7197800142607516,,0.0025895833969116,0.5048991934969574,chromosome
0,0.0024966597557067,185290,185290.12~A33.K_21,21,,normal,185290.12~A33.K_21L.png,185290.12~A33.K_21R.png,train,/data5/chensx/MyProject/UAE/data/arrangement_merged/chr_21/185290.12~A33.K_21L.png,/data5/chensx/MyProject/UAE/data/arrangement_merged/chr_21/185290.12~A33.K_21R.png,0,1.5957162964801914,,0.0024966597557067,-0.046650748204517554,chromosome
0,0.0026391148567199,185290,185290.12~A35.K_21,21,,normal,185290.12~A35.K_21L.png,185290.12~A35.K_21R.png,train,/data5/chensx/MyProject/UAE/data/arrangement_merged/chr_21/185290.12~A35.K_21L.png,/data5/chensx/MyProject/UAE/data/arrangement_merged/chr_21/185290.12~A35.K_21R.png,0,1.7859101935267203,,0.0026391148567199,0.798894062998653,chromosome
0,0.002500295639038,185290,185290.12~A49.K_21,21,,normal,185290.12~A49.K_21L.png,185290.12~A49.K_21R.png,train,/data5/chensx/MyProject/UAE/data/arrangement_merged/chr_21/185290.12~A49.K_21L.png,/data5/chensx/MyProject/UAE/data/arrangement_merged/chr_21/185290.12~A49.K_21R.png,0,1.600570617701881,,0.002500295639038,-0.025069897374640618,chromosome
0,0.002474308013916,185290,185290.12~A5.K_21,21,,normal,185290.12~A5.K_21L.png,185290.12~A5.K_21R.png,train,/data5/chensx/MyProject/UAE/data/arrangement_merged/chr_21/185290.12~A5.K_21L.png,/data5/chensx/MyProject/UAE/data/arrangement_merged/chr_21/185290.12~A5.K_21R.png,0,1.5658741578222632,,0.002474308013916,-0.17931991314181342,chromosome
0,0.0025495290756225,185290,185290.12~A50.K_21,21,,normal,185290.12~A50.K_21L.png,185290.12~A50.K_21R.png,train,/data5/chensx/MyProject/UAE/data/arrangement_merged/chr_21/185290.12~A50.K_21L.png,/data5/chensx/MyProject/UAE/data/arrangement_merged/chr_21/185290.12~A50.K_21R.png,0,1.6663029017857445,,0.0025495290756225,0.2671560499283408,chromosome
0,0.0027328729629516,185290,185290.12~A7.K_21,21,,normal,185290.12~A7.K_21L.png,185290.12~A7.K_21R.png,train,/data5/chensx/MyProject/UAE/data/arrangement_merged/chr_21/185290.12~A7.K_21L.png,/data5/chensx/MyProject/UAE/data/arrangement_merged/chr_21/185290.12~A7.K_21R.png,0,1.9110880178171763,,0.0027328729629516,1.3553969868574733,chromosome
0,0.0025411248207092,185290,185290.12~A8.K_21,21,,normal,185290.12~A8.K_21L.png,185290.12~A8.K_21R.png,train,/data5/chensx/MyProject/UAE/data/arrangement_merged/chr_21/185290.12~A8.K_21L.png,/data5/chensx/MyProject/UAE/data/arrangement_merged/chr_21/185290.12~A8.K_21R.png,0,1.6550822576503632,,0.0025411248207092,0.21727244391193548,chromosome
0,0.0024915933609008,185290,185290.13~A13.K_21,21,,normal,185290.13~A13.K_21L.png,185290.13~A13.K_21R.png,train,/data5/chensx/MyProject/UAE/data/arrangement_merged/chr_21/185290.13~A13.K_21L.png,/data5/chensx/MyProject/UAE/data/arrangement_merged/chr_21/185290.13~A13.K_21R.png,0,1.5889520783843942,,0.0024915933609008,-0.07672242559035199,chromosome
0,0.0026497840881347,185290,185290.13~A26.K_21,21,,normal,185290.13~A26.K_21L.png,185290.13~A26.K_21R.png,train,/data5/chensx/MyProject/UAE/data/arrangement_merged/chr_21/185290.13~A26.K_21L.png,/data5/chensx/MyProject/UAE/data/arrangement_merged/chr_21/185290.13~A26.K_21R.png,0,1.8001548410461048,,0.0026497840881347,0.8622214777289557,chromosome
0,0.0025211572647094,185290,185290.13~A28.K_21,21,,normal,185290.13~A28.K_21L.png,185290.13~A28.K_21R.png,train,/data5/chensx/MyProject/UAE/data/arrangement_merged/chr_21/185290.13~A28.K_21L.png,/data5/chensx/MyProject/UAE/data/arrangement_merged/chr_21/185290.13~A28.K_21R.png,0,1.6284232804492806,,0.0025211572647094,0.09875465656730917,chromosome
0,0.0024293661117553,185290,185290.13~A30.K_21,21,,normal,185290.13~A30.K_21L.png,185290.13~A30.K_21R.png,train,/data5/chensx/MyProject/UAE/data/arrangement_merged/chr_21/185290.13~A30.K_21L.png,/data5/chensx/MyProject/UAE/data/arrangement_merged/chr_21/185290.13~A30.K_21R.png,0,1.5058715643607223,,0.0024293661117553,-0.4460733807769198,chromosome
0,0.0026458501815795,185290,185290.13~A35.K_21,21,,normal,185290.13~A35.K_21L.png,185290.13~A35.K_21R.png,train,/data5/chensx/MyProject/UAE/data/arrangement_merged/chr_21/185290.13~A35.K_21L.png,/data5/chensx/MyProject/UAE/data/arrangement_merged/chr_21/185290.13~A35.K_21R.png,0,1.7949026246423094,,0.0026458501815795,0.8388717046997728,chromosome
0,0.0025725960731506,185290,185290.13~A36.K_21,21,,normal,185290.13~A36.K_21L.png,185290.13~A36.K_21R.png,train,/data5/chensx/MyProject/UAE/data/arrangement_merged/chr_21/185290.13~A36.K_21L.png,/data5/chensx/MyProject/UAE/data/arrangement_merged/chr_21/185290.13~A36.K_21R.png,0,1.697099988880726,,0.0025725960731506,0.40407062814421,chromosome
0,0.0026122331619262,185290,185290.13~A46.K_21,21,,normal,185290.13~A46.K_21L.png,185290.13~A46.K_21R.png,train,/data5/chensx/MyProject/UAE/data/arrangement_merged/chr_21/185290.13~A46.K_21L.png,/data5/chensx/MyProject/UAE/data/arrangement_merged/chr_21/185290.13~A46.K_21R.png,0,1.7500200481007853,,0.0026122331619262,0.639337280633562,chromosome
0,0.0025428533554077,185290,185290.13~A6.K_21,21,,normal,185290.13~A6.K_21L.png,185290.13~A6.K_21R.png,train,/data5/chensx/MyProject/UAE/data/arrangement_merged/chr_21/185290.13~A6.K_21L.png,/data5/chensx/MyProject/UAE/data/arrangement_merged/chr_21/185290.13~A6.K_21R.png,0,1.6573900497065763,,0.0025428533554077,0.22753219266720157,chromosome
0,0.0028386712074279,185290,185290.13~A7.K_21,21,,normal,185290.13~A7.K_21L.png,185290.13~A7.K_21R.png,train,/data5/chensx/MyProject/UAE/data/arrangement_merged/chr_21/185290.13~A7.K_21L.png,/data5/chensx/MyProject/UAE/data/arrangement_merged/chr_21/185290.13~A7.K_21R.png,0,2.052340807464703,,0.0028386712074279,1.983364367562576,chromosome
0,0.0022452473640441,185290,185290.14~A27.K_21,21,,normal,185290.14~A27.K_21L.png,185290.14~A27.K_21R.png,train,/data5/chensx/MyProject/UAE/data/arrangement_merged/chr_21/185290.14~A27.K_21L.png,/data5/chensx/MyProject/UAE/data/arrangement_merged/chr_21/185290.14~A27.K_21R.png,0,1.2600519208558152,,0.0022452473640441,-1.5389135154240117,chromosome
0,0.002632737159729,185290,185290.14~A31.K_21,21,,normal,185290.14~A31.K_21L.png,185290.14~A31.K_21R.png,train,/data5/chensx/MyProject/UAE/data/arrangement_merged/chr_21/185290.14~A31.K_21L.png,/data5/chensx/MyProject/UAE/data/arrangement_merged/chr_21/185290.14~A31.K_21R.png,0,1.777395236629658,,0.002632737159729,0.7610391279368197,chromosome
0,0.0026450157165527,185290,185290.14~A44.K_21,21,,normal,185290.14~A44.K_21L.png,185290.14~A44.K_21R.png,train,/data5/chensx/MyProject/UAE/data/arrangement_merged/chr_21/185290.14~A44.K_21L.png,/data5/chensx/MyProject/UAE/data/arrangement_merged/chr_21/185290.14~A44.K_21R.png,0,1.7937885181324134,,0.0026450157165527,0.8339187225424274,chromosome
0,0.0024996995925903,185290,185290.14~A47.K_21,21,,normal,185290.14~A47.K_21L.png,185290.14~A47.K_21R.png,train,/data5/chensx/MyProject/UAE/data/arrangement_merged/chr_21/185290.14~A47.K_21L.png,/data5/chensx/MyProject/UAE/data/arrangement_merged/chr_21/185290.14~A47.K_21R.png,0,1.5997748273376695,,0.0024996995925903,-0.028607741772660643,chromosome
0,0.0024316310882568,185290,185290.1~A31.K_21,21,,normal,185290.1~A31.K_21L.png,185290.1~A31.K_21R.png,train,/data5/chensx/MyProject/UAE/data/arrangement_merged/chr_21/185290.1~A31.K_21L.png,/data5/chensx/MyProject/UAE/data/arrangement_merged/chr_21/185290.1~A31.K_21R.png,0,1.5088955677447256,,0.0024316310882568,-0.43262957206302227,chromosome
0,0.0024712681770324,185290,185290.1~A32.K_21,21,,normal,185290.1~A32.K_21L.png,185290.1~A32.K_21R.png,train,/data5/chensx/MyProject/UAE/data/arrangement_merged/chr_21/185290.1~A32.K_21L.png,/data5/chensx/MyProject/UAE/data/arrangement_merged/chr_21/185290.1~A32.K_21R.png,0,1.561815626964785,,0.0024712681770324,-0.19736291957367036,chromosome
0,0.0025299787521362,185290,185290.1~A35.K_21,21,,normal,185290.1~A35.K_21L.png,185290.1~A35.K_21R.png,train,/data5/chensx/MyProject/UAE/data/arrangement_merged/chr_21/185290.1~A35.K_21L.png,/data5/chensx/MyProject/UAE/data/arrangement_merged/chr_21/185290.1~A35.K_21R.png,0,1.6402009778396096,,0.0025299787521362,0.15111475366298183,chromosome
0,0.0025796890258789,185290,185290.2~A19.K_21,21,,normal,185290.2~A19.K_21L.png,185290.2~A19.K_21R.png,train,/data5/chensx/MyProject/UAE/data/arrangement_merged/chr_21/185290.2~A19.K_21L.png,/data5/chensx/MyProject/UAE/data/arrangement_merged/chr_21/185290.2~A19.K_21R.png,0,1.706569894214842,,0.0025796890258789,0.4461709764846166,chromosome
0,0.0026836395263671,185290,185290.3~A26.K_21,21,,normal,185290.3~A26.K_21L.png,185290.3~A26.K_21R.png,train,/data5/chensx/MyProject/UAE/data/arrangement_merged/chr_21/185290.3~A26.K_21L.png,/data5/chensx/MyProject/UAE/data/arrangement_merged/chr_21/185290.3~A26.K_21R.png,0,1.8453557337333133,,0.0026836395263671,1.063171039554492,chromosome
0,0.0026243925094604,185290,185290.3~A32.K_21,21,,normal,185290.3~A32.K_21L.png,185290.3~A32.K_21R.png,train,/data5/chensx/MyProject/UAE/data/arrangement_merged/chr_21/185290.3~A32.K_21L.png,/data5/chensx/MyProject/UAE/data/arrangement_merged/chr_21/185290.3~A32.K_21R.png,0,1.7662541715306983,,0.0026243925094604,0.7115093063598029,chromosome
0,0.0025206804275512,185290,185290.4~A11.K_21,21,,normal,185290.4~A11.K_21L.png,185290.4~A11.K_21R.png,train,/data5/chensx/MyProject/UAE/data/arrangement_merged/chr_21/185290.4~A11.K_21L.png,/data5/chensx/MyProject/UAE/data/arrangement_merged/chr_21/185290.4~A11.K_21R.png,0,1.6277866481579115,,0.0025206804275512,0.09592438104865839,chromosome
0,0.002443253993988,185290,185290.4~A15.K_21,21,,normal,185290.4~A15.K_21L.png,185290.4~A15.K_21R.png,train,/data5/chensx/MyProject/UAE/data/arrangement_merged/chr_21/185290.4~A15.K_21L.png,/data5/chensx/MyProject/UAE/data/arrangement_merged/chr_21/185290.4~A15.K_21R.png,0,1.5244134798468485,,0.002443253993988,-0.3636416062954153,chromosome
0,0.0023754835128784,185290,185290.4~A18.K_21,21,,normal,185290.4~A18.K_21L.png,185290.4~A18.K_21R.png,train,/data5/chensx/MyProject/UAE/data/arrangement_merged/chr_21/185290.4~A18.K_21L.png,/data5/chensx/MyProject/UAE/data/arrangement_merged/chr_21/185290.4~A18.K_21R.png,0,1.43393211543601,,0.0023754835128784,-0.7658945143864684,chromosome
0,0.0024424791336059,185290,185290.4~A28.K_21,21,,normal,185290.4~A28.K_21L.png,185290.4~A28.K_21R.png,train,/data5/chensx/MyProject/UAE/data/arrangement_merged/chr_21/185290.4~A28.K_21L.png,/data5/chensx/MyProject/UAE/data/arrangement_merged/chr_21/185290.4~A28.K_21R.png,0,1.5233789523733734,,0.0024424791336059,-0.36824080401337467,chromosome
0,0.0025791525840759,185290,185290.4~A29.K_21,21,,normal,185290.4~A29.K_21L.png,185290.4~A29.K_21R.png,train,/data5/chensx/MyProject/UAE/data/arrangement_merged/chr_21/185290.4~A29.K_21L.png,/data5/chensx/MyProject/UAE/data/arrangement_merged/chr_21/185290.4~A29.K_21R.png,0,1.7058536828870516,,0.0025791525840759,0.4429869165259826,chromosome
0,0.0023881196975708,185290,185290.4~A37.K_21,21,,normal,185290.4~A37.K_21L.png,185290.4~A37.K_21R.png,train,/data5/chensx/MyProject/UAE/data/arrangement_merged/chr_21/185290.4~A37.K_21L.png,/data5/chensx/MyProject/UAE/data/arrangement_merged/chr_21/185290.4~A37.K_21R.png,0,1.4508028711572922,,0.0023881196975708,-0.6908922131415766,chromosome
0,0.0025407075881958,185290,185290.4~A9.K_21,21,,normal,185290.4~A9.K_21L.png,185290.4~A9.K_21R.png,train,/data5/chensx/MyProject/UAE/data/arrangement_merged/chr_21/185290.4~A9.K_21L.png,/data5/chensx/MyProject/UAE/data/arrangement_merged/chr_21/185290.4~A9.K_21R.png,0,1.6545252043954153,,0.0025407075881958,0.21479595283326275,chromosome
0,0.002557098865509,185824,185824.11~A10.K_21,21,,normal,185824.11~A10.K_21L.png,185824.11~A10.K_21R.png,train,/data5/chensx/MyProject/UAE/data/arrangement_merged/chr_21/185824.11~A10.K_21L.png,/data5/chensx/MyProject/UAE/data/arrangement_merged/chr_21/185824.11~A10.K_21R.png,0,1.663810670616339,,0.002557098865509,0.31208667378739813,chromosome
0,0.0024994611740112,185824,185824.11~A15.K_21,21,,normal,185824.11~A15.K_21L.png,185824.11~A15.K_21R.png,train,/data5/chensx/MyProject/UAE/data/arrangement_merged/chr_21/185824.11~A15.K_21L.png,/data5/chensx/MyProject/UAE/data/arrangement_merged/chr_21/185824.11~A15.K_21R.png,0,1.5886993027129626,,0.0024994611740112,-0.030022879531986034,chromosome
0,0.0022931694984436,185824,185824.11~A31.K_21,21,,normal,185824.11~A31.K_21L.png,185824.11~A31.K_21R.png,train,/data5/chensx/MyProject/UAE/data/arrangement_merged/chr_21/185824.11~A31.K_21L.png,/data5/chensx/MyProject/UAE/data/arrangement_merged/chr_21/185824.11~A31.K_21R.png,0,1.319867405801292,,0.0022931694984436,-1.2544708257970292,chromosome
0,0.0021588802337646,185824,185824.12~A12.K_21,21,,normal,185824.12~A12.K_21L.png,185824.12~A12.K_21R.png,train,/data5/chensx/MyProject/UAE/data/arrangement_merged/chr_21/185824.12~A12.K_21L.png,/data5/chensx/MyProject/UAE/data/arrangement_merged/chr_21/185824.12~A12.K_21R.png,0,1.1448664627958045,,0.0021588802337646,-2.0515471687431224,chromosome
0,0.0024858713150024,185824,185824.12~A28.K_21,21,,normal,185824.12~A28.K_21L.png,185824.12~A28.K_21R.png,train,/data5/chensx/MyProject/UAE/data/arrangement_merged/chr_21/185824.12~A28.K_21L.png,/data5/chensx/MyProject/UAE/data/arrangement_merged/chr_21/185824.12~A28.K_21R.png,0,1.5709894869094778,,0.0024858713150024,-0.11068573181418451,chromosome
0,0.0025023221969604,185824,185824.12~A31.K_21,21,,normal,185824.12~A31.K_21L.png,185824.12~A31.K_21R.png,train,/data5/chensx/MyProject/UAE/data/arrangement_merged/chr_21/185824.12~A31.K_21L.png,/data5/chensx/MyProject/UAE/data/arrangement_merged/chr_21/185824.12~A31.K_21R.png,0,1.5924276849873804,,0.0025023221969604,-0.013041226420068483,chromosome
0,0.0023974180221557,185824,185824.12~A38.K_21,21,,normal,185824.12~A38.K_21L.png,185824.12~A38.K_21R.png,train,/data5/chensx/MyProject/UAE/data/arrangement_merged/chr_21/185824.12~A38.K_21L.png,/data5/chensx/MyProject/UAE/data/arrangement_merged/chr_21/185824.12~A38.K_21R.png,0,1.4557203349253929,,0.0023974180221557,-0.6357018405278452,chromosome
0,0.0025663971900939,185824,185824.12~A48.K_21,21,,normal,185824.12~A48.K_21L.png,185824.12~A48.K_21R.png,train,/data5/chensx/MyProject/UAE/data/arrangement_merged/chr_21/185824.12~A48.K_21L.png,/data5/chensx/MyProject/UAE/data/arrangement_merged/chr_21/185824.12~A48.K_21R.png,0,1.675927913008197,,0.0025663971900939,0.3672770464011295,chromosome
0,0.0026485919952392,185824,185824.12~A7.K_21,21,,normal,185824.12~A7.K_21L.png,185824.12~A7.K_21R.png,train,/data5/chensx/MyProject/UAE/data/arrangement_merged/chr_21/185824.12~A7.K_21L.png,/data5/chensx/MyProject/UAE/data/arrangement_merged/chr_21/185824.12~A7.K_21R.png,0,1.783041228766993,,0.0026485919952392,0.8551457889323236,chromosome
0,0.0024702548980712,185824,185824.13~A1.K_21,21,,normal,185824.13~A1.K_21L.png,185824.13~A1.K_21R.png,train,/data5/chensx/MyProject/UAE/data/arrangement_merged/chr_21/185824.13~A1.K_21L.png,/data5/chensx/MyProject/UAE/data/arrangement_merged/chr_21/185824.13~A1.K_21R.png,0,1.5506387336616136,,0.0024702548980712,-0.20337725505095514,chromosome
0,0.0023233294486999,185824,185824.13~A14.K_21,21,,normal,185824.13~A14.K_21L.png,185824.13~A14.K_21R.png,train,/data5/chensx/MyProject/UAE/data/arrangement_merged/chr_21/185824.13~A14.K_21L.png,/data5/chensx/MyProject/UAE/data/arrangement_merged/chr_21/185824.13~A14.K_21R.png,0,1.3591707689441137,,0.0023233294486999,-1.0754558992413479,chromosome
0,0.0025463104248046,185824,185824.13~A5.K_21,21,,normal,185824.13~A5.K_21L.png,185824.13~A5.K_21R.png,train,/data5/chensx/MyProject/UAE/data/arrangement_merged/chr_21/185824.13~A5.K_21L.png,/data5/chensx/MyProject/UAE/data/arrangement_merged/chr_21/185824.13~A5.K_21R.png,0,1.6497515624565549,,0.0025463104248046,0.24805169017713657,chromosome
0,0.0025423765182495,185824,185824.1~A10.K_21,21,,normal,185824.1~A10.K_21L.png,185824.1~A10.K_21R.png,train,/data5/chensx/MyProject/UAE/data/arrangement_merged/chr_21/185824.1~A10.K_21L.png,/data5/chensx/MyProject/UAE/data/arrangement_merged/chr_21/185824.1~A10.K_21R.png,0,1.6446250368292303,,0.0025423765182495,0.2247019171485482,chromosome
0,0.00217866897583,185824,185824.1~A11.K_21,21,,normal,185824.1~A11.K_21L.png,185824.1~A11.K_21R.png,train,/data5/chensx/MyProject/UAE/data/arrangement_merged/chr_21/185824.1~A11.K_21L.png,/data5/chensx/MyProject/UAE/data/arrangement_merged/chr_21/185824.1~A11.K_21R.png,0,1.170654440193861,,0.00217866897583,-1.9340907347184353,chromosome
0,0.0025853514671325,185824,185824.1~A18.K_21,21,,normal,185824.1~A18.K_21L.png,185824.1~A18.K_21R.png,train,/data5/chensx/MyProject/UAE/data/arrangement_merged/chr_21/185824.1~A18.K_21L.png,/data5/chensx/MyProject/UAE/data/arrangement_merged/chr_21/185824.1~A18.K_21R.png,0,1.700628445576215,,0.0025853514671325,0.47978049826846847,chromosome
0,0.0025196075439453,185824,185824.1~A39.K_21,21,,normal,185824.1~A39.K_21L.png,185824.1~A39.K_21R.png,train,/data5/chensx/MyProject/UAE/data/arrangement_merged/chr_21/185824.1~A39.K_21L.png,/data5/chensx/MyProject/UAE/data/arrangement_merged/chr_21/185824.1~A39.K_21R.png,0,1.6149533278953216,,0.0025196075439453,0.089556261131985,chromosome
0,0.0025658011436462,185824,185824.2~A10.K_21,21,,normal,185824.2~A10.K_21L.png,185824.2~A10.K_21R.png,train,/data5/chensx/MyProject/UAE/data/arrangement_merged/chr_21/185824.2~A10.K_21L.png,/data5/chensx/MyProject/UAE/data/arrangement_merged/chr_21/185824.2~A10.K_21R.png,0,1.6751511667010266,,0.0025658011436462,0.3637392020031095,chromosome
0,0.0026034116744995,185824,185824.2~A11.K_21,21,,normal,185824.2~A11.K_21L.png,185824.2~A11.K_21R.png,train,/data5/chensx/MyProject/UAE/data/arrangement_merged/chr_21/185824.2~A11.K_21L.png,/data5/chensx/MyProject/UAE/data/arrangement_merged/chr_21/185824.2~A11.K_21R.png,0,1.7241638586834778,,0.0026034116744995,0.5869771835384839,chromosome
0,0.0024832487106323,185824,185824.2~A14.K_21,21,,normal,185824.2~A14.K_21L.png,185824.2~A14.K_21R.png,train,/data5/chensx/MyProject/UAE/data/arrangement_merged/chr_21/185824.2~A14.K_21L.png,/data5/chensx/MyProject/UAE/data/arrangement_merged/chr_21/185824.2~A14.K_21R.png,0,1.5675718031579282,,0.0024832487106323,-0.12625224716677666,chromosome
0,0.0024567246437072,185824,185824.2~A17.K_21,21,,normal,185824.2~A17.K_21L.png,185824.2~A17.K_21R.png,train,/data5/chensx/MyProject/UAE/data/arrangement_merged/chr_21/185824.2~A17.K_21L.png,/data5/chensx/MyProject/UAE/data/arrangement_merged/chr_21/185824.2~A17.K_21R.png,0,1.533006592488846,,0.0024567246437072,-0.2836863228931755,chromosome
0,0.0026465058326721,185824,185824.2~A2.K_21,21,,normal,185824.2~A2.K_21L.png,185824.2~A2.K_21R.png,train,/data5/chensx/MyProject/UAE/data/arrangement_merged/chr_21/185824.2~A2.K_21L.png,/data5/chensx/MyProject/UAE/data/arrangement_merged/chr_21/185824.2~A2.K_21R.png,0,1.7803226166918968,,0.0026465058326721,0.8427633335383655,chromosome
0,0.0023975372314453,185824,185824.2~A25.K_21,21,,normal,185824.2~A25.K_21L.png,185824.2~A25.K_21R.png,train,/data5/chensx/MyProject/UAE/data/arrangement_merged/chr_21/185824.2~A25.K_21L.png,/data5/chensx/MyProject/UAE/data/arrangement_merged/chr_21/185824.2~A25.K_21R.png,0,1.4558756841868266,,0.0023975372314453,-0.6349942716478865,chromosome
0,0.0024831295013427,185824,185824.2~A27.K_21,21,,normal,185824.2~A27.K_21L.png,185824.2~A27.K_21R.png,train,/data5/chensx/MyProject/UAE/data/arrangement_merged/chr_21/185824.2~A27.K_21L.png,/data5/chensx/MyProject/UAE/data/arrangement_merged/chr_21/185824.2~A27.K_21R.png,0,1.567416453896494,,0.0024831295013427,-0.1269598160467354,chromosome
0,0.0025852918624877,185824,185824.2~A7.K_21,21,,normal,185824.2~A7.K_21L.png,185824.2~A7.K_21R.png,train,/data5/chensx/MyProject/UAE/data/arrangement_merged/chr_21/185824.2~A7.K_21L.png,/data5/chensx/MyProject/UAE/data/arrangement_merged/chr_21/185824.2~A7.K_21R.png,0,1.700550770945498,,0.0025852918624877,0.4794267138284904,chromosome
0,0.0026456117630004,185824,185824.2~A8.K_21,21,,normal,185824.2~A8.K_21L.png,185824.2~A8.K_21R.png,train,/data5/chensx/MyProject/UAE/data/arrangement_merged/chr_21/185824.2~A8.K_21L.png,/data5/chensx/MyProject/UAE/data/arrangement_merged/chr_21/185824.2~A8.K_21R.png,0,1.7791574972311412,,0.0026456117630004,0.8374565669404448,chromosome
0,0.0025522708892822,185824,185824.2~A9.K_21,21,,normal,185824.2~A9.K_21L.png,185824.2~A9.K_21R.png,train,/data5/chensx/MyProject/UAE/data/arrangement_merged/chr_21/185824.2~A9.K_21L.png,/data5/chensx/MyProject/UAE/data/arrangement_merged/chr_21/185824.2~A9.K_21R.png,0,1.6575190255282588,,0.0025522708892822,0.2834301341608917,chromosome
0,0.0024577379226684,185824,185824.3~A18.K_21,21,,normal,185824.3~A18.K_21L.png,185824.3~A18.K_21R.png,train,/data5/chensx/MyProject/UAE/data/arrangement_merged/chr_21/185824.3~A18.K_21L.png,/data5/chensx/MyProject/UAE/data/arrangement_merged/chr_21/185824.3~A18.K_21R.png,0,1.5343270612110356,,0.0024577379226684,-0.2776719874158908,chromosome
0,0.0025662183761596,185824,185824.3~A2.K_21,21,,normal,185824.3~A2.K_21L.png,185824.3~A2.K_21R.png,train,/data5/chensx/MyProject/UAE/data/arrangement_merged/chr_21/185824.3~A2.K_21L.png,/data5/chensx/MyProject/UAE/data/arrangement_merged/chr_21/185824.3~A2.K_21R.png,0,1.6756948891160457,,0.0025662183761596,0.3662156930817822,chromosome
0,0.0022660493850708,185824,185824.3~A28.K_21,21,,normal,185824.3~A28.K_21L.png,185824.3~A28.K_21R.png,train,/data5/chensx/MyProject/UAE/data/arrangement_merged/chr_21/185824.3~A28.K_21L.png,/data5/chensx/MyProject/UAE/data/arrangement_merged/chr_21/185824.3~A28.K_21R.png,0,1.2845254488250395,,0.0022660493850708,-1.415442745921448,chromosome
0,0.0022410154342651,185824,185824.3~A41.K_21,21,,normal,185824.3~A41.K_21L.png,185824.3~A41.K_21R.png,train,/data5/chensx/MyProject/UAE/data/arrangement_merged/chr_21/185824.3~A41.K_21L.png,/data5/chensx/MyProject/UAE/data/arrangement_merged/chr_21/185824.3~A41.K_21R.png,0,1.2519021039238831,,0.0022410154342651,-1.5640322106519087,chromosome
0,0.002629816532135,185824,185824.3~A43.K_21,21,,normal,185824.3~A43.K_21L.png,185824.3~A43.K_21R.png,train,/data5/chensx/MyProject/UAE/data/arrangement_merged/chr_21/185824.3~A43.K_21L.png,/data5/chensx/MyProject/UAE/data/arrangement_merged/chr_21/185824.3~A43.K_21R.png,0,1.758573720091126,,0.002629816532135,0.7437036903849215,chromosome
0,0.0024818778038024,185824,185824.3~A46.K_21,21,,normal,185824.3~A46.K_21L.png,185824.3~A46.K_21R.png,train,/data5/chensx/MyProject/UAE/data/arrangement_merged/chr_21/185824.3~A46.K_21L.png,/data5/chensx/MyProject/UAE/data/arrangement_merged/chr_21/185824.3~A46.K_21R.png,0,1.565785286651436,,0.0024818778038024,-0.13438928928334815,chromosome
0,0.0021442174911499,186193,186193.11~A23.K_21,21,,normal,186193.11~A23.K_21L.png,186193.11~A23.K_21R.png,train,/data5/chensx/MyProject/UAE/data/arrangement_merged/chr_21/186193.11~A23.K_21L.png,/data5/chensx/MyProject/UAE/data/arrangement_merged/chr_21/186193.11~A23.K_21R.png,0,1.0145132655223832,,0.0021442174911499,-2.1385781409419913,chromosome
0,0.0025323629379272,186193,186193.12~A4.K_21,21,,normal,186193.12~A4.K_21L.png,186193.12~A4.K_21R.png,train,/data5/chensx/MyProject/UAE/data/arrangement_merged/chr_21/186193.12~A4.K_21L.png,/data5/chensx/MyProject/UAE/data/arrangement_merged/chr_21/186193.12~A4.K_21R.png,0,1.4971962240927983,,0.0025323629379272,0.16526613125624603,chromosome
0,0.0024760365486145,186193,186193.13~A11.K_21,21,,normal,186193.13~A11.K_21L.png,186193.13~A11.K_21R.png,train,/data5/chensx/MyProject/UAE/data/arrangement_merged/chr_21/186193.13~A11.K_21L.png,/data5/chensx/MyProject/UAE/data/arrangement_merged/chr_21/186193.13~A11.K_21R.png,0,1.427150862322368,,0.0024760365486145,-0.16906016438654992,chromosome
0,0.0024106502532958,186193,186193.13~A22.K_21,21,,normal,186193.13~A22.K_21L.png,186193.13~A22.K_21R.png,train,/data5/chensx/MyProject/UAE/data/arrangement_merged/chr_21/186193.13~A22.K_21L.png,/data5/chensx/MyProject/UAE/data/arrangement_merged/chr_21/186193.13~A22.K_21R.png,0,1.345838945007911,,0.0024106502532958,-0.5571616948849334,chromosome
0,0.0026466846466064,186193,186193.13~A4.K_21,21,,normal,186193.13~A4.K_21L.png,186193.13~A4.K_21R.png,train,/data5/chensx/MyProject/UAE/data/arrangement_merged/chr_21/186193.13~A4.K_21L.png,/data5/chensx/MyProject/UAE/data/arrangement_merged/chr_21/186193.13~A4.K_21R.png,0,1.6393623657601903,,0.0026466846466064,0.8438246868577128,chromosome
0,0.0024723410606384,186193,186193.13~A41.K_21,21,,normal,186193.13~A41.K_21L.png,186193.13~A41.K_21R.png,train,/data5/chensx/MyProject/UAE/data/arrangement_merged/chr_21/186193.13~A41.K_21L.png,/data5/chensx/MyProject/UAE/data/arrangement_merged/chr_21/186193.13~A41.K_21R.png,0,1.4225552936136203,,0.0024723410606384,-0.19099479965640492,chromosome
0,0.0024400949478149,186193,186193.13~A5.K_21,21,,normal,186193.13~A5.K_21L.png,186193.13~A5.K_21R.png,train,/data5/chensx/MyProject/UAE/data/arrangement_merged/chr_21/186193.13~A5.K_21L.png,/data5/chensx/MyProject/UAE/data/arrangement_merged/chr_21/186193.13~A5.K_21R.png,0,1.3824552505259982,,0.0024400949478149,-0.3823921816066363,chromosome
0,0.0026163458824157,186193,186193.1~A34.K_21,21,,normal,186193.1~A34.K_21L.png,186193.1~A34.K_21R.png,train,/data5/chensx/MyProject/UAE/data/arrangement_merged/chr_21/186193.1~A34.K_21L.png,/data5/chensx/MyProject/UAE/data/arrangement_merged/chr_21/186193.1~A34.K_21R.png,0,1.6016342291028898,,0.0026163458824157,0.6637484069820897,chromosome
0,0.0023041367530822,186193,186193.1~A38.K_21,21,,normal,186193.1~A38.K_21L.png,186193.1~A38.K_21R.png,train,/data5/chensx/MyProject/UAE/data/arrangement_merged/chr_21/186193.1~A38.K_21L.png,/data5/chensx/MyProject/UAE/data/arrangement_merged/chr_21/186193.1~A38.K_21R.png,0,1.2133827952896472,,0.0023041367530822,-1.189374488868015,chromosome
0,0.0025547742843627,186193,186193.1~A44.K_21,21,,normal,186193.1~A44.K_21L.png,186193.1~A44.K_21R.png,train,/data5/chensx/MyProject/UAE/data/arrangement_merged/chr_21/186193.1~A44.K_21L.png,/data5/chensx/MyProject/UAE/data/arrangement_merged/chr_21/186193.1~A44.K_21R.png,0,1.525066124649075,,0.0025547742843627,0.29828908063352255,chromosome
0,0.0027454495429992,186193,186193.1~A8.K_21,21,,normal,186193.1~A8.K_21L.png,186193.1~A8.K_21R.png,train,/data5/chensx/MyProject/UAE/data/arrangement_merged/chr_21/186193.1~A8.K_21L.png,/data5/chensx/MyProject/UAE/data/arrangement_merged/chr_21/186193.1~A8.K_21R.png,0,1.762182645605273,,0.0027454495429992,1.4300455036623871,chromosome
0,0.0023717880249023,186193,186193.2~A1.K_21,21,,normal,186193.2~A1.K_21L.png,186193.2~A1.K_21R.png,train,/data5/chensx/MyProject/UAE/data/arrangement_merged/chr_21/186193.2~A1.K_21L.png,/data5/chensx/MyProject/UAE/data/arrangement_merged/chr_21/186193.2~A1.K_21R.png,0,1.297511351490111,,0.0023717880249023,-0.7878291496563259,chromosome
0,0.0028163194656372,186193,186193.2~A12.K_21,21,,normal,186193.2~A12.K_21L.png,186193.2~A12.K_21R.png,train,/data5/chensx/MyProject/UAE/data/arrangement_merged/chr_21/186193.2~A12.K_21L.png,/data5/chensx/MyProject/UAE/data/arrangement_merged/chr_21/186193.2~A12.K_21R.png,0,1.8503137939069043,,0.0028163194656372,1.8506952026252803,chromosome
0,0.0024054050445556,186193,186193.2~A14.K_21,21,,normal,186193.2~A14.K_21L.png,186193.2~A14.K_21R.png,train,/data5/chensx/MyProject/UAE/data/arrangement_merged/chr_21/186193.2~A14.K_21L.png,/data5/chensx/MyProject/UAE/data/arrangement_merged/chr_21/186193.2~A14.K_21R.png,0,1.3393162023245269,,0.0024054050445556,-0.5882947255901151,chromosome
0,0.0025322437286376,186193,186193.2~A15.K_21,21,,normal,186193.2~A15.K_21L.png,186193.2~A15.K_21R.png,train,/data5/chensx/MyProject/UAE/data/arrangement_merged/chr_21/186193.2~A15.K_21L.png,/data5/chensx/MyProject/UAE/data/arrangement_merged/chr_21/186193.2~A15.K_21R.png,0,1.497047979940903,,0.0025322437286376,0.16455856237628474,chromosome
0,0.0027774572372436,186193,186193.2~A24.K_21,21,,normal,186193.2~A24.K_21L.png,186193.2~A24.K_21R.png,train,/data5/chensx/MyProject/UAE/data/arrangement_merged/chr_21/186193.2~A24.K_21L.png,/data5/chensx/MyProject/UAE/data/arrangement_merged/chr_21/186193.2~A24.K_21R.png,0,1.8019862003891047,,0.0027774572372436,1.6200277478532932,chromosome
0,0.0027056336402893,186193,186193.2~A3.K_21,21,,normal,186193.2~A3.K_21L.png,186193.2~A3.K_21R.png,train,/data5/chensx/MyProject/UAE/data/arrangement_merged/chr_21/186193.2~A3.K_21L.png,/data5/chensx/MyProject/UAE/data/arrangement_merged/chr_21/186193.2~A3.K_21R.png,0,1.7126690988723126,,0.0027056336402893,1.1937174978536904,chromosome
0,0.0025420188903808,186193,186193.2~A37.K_21,21,,normal,186193.2~A37.K_21L.png,186193.2~A37.K_21R.png,train,/data5/chensx/MyProject/UAE/data/arrangement_merged/chr_21/186193.2~A37.K_21L.png,/data5/chensx/MyProject/UAE/data/arrangement_merged/chr_21/186193.2~A37.K_21R.png,0,1.5092040003963008,,0.0025420188903808,0.22257921050926152,chromosome
0,0.0025668740272521,186193,186193.2~A4.K_21,21,,normal,186193.2~A4.K_21L.png,186193.2~A4.K_21R.png,train,/data5/chensx/MyProject/UAE/data/arrangement_merged/chr_21/186193.2~A4.K_21L.png,/data5/chensx/MyProject/UAE/data/arrangement_merged/chr_21/186193.2~A4.K_21R.png,0,1.5401129060664271,,0.0025668740272521,0.3701073219197829,chromosome
0,0.0026913881301879,186193,186193.2~A42.K_21,21,,normal,186193.2~A42.K_21L.png,186193.2~A42.K_21R.png,train,/data5/chensx/MyProject/UAE/data/arrangement_merged/chr_21/186193.2~A42.K_21L.png,/data5/chensx/MyProject/UAE/data/arrangement_merged/chr_21/186193.2~A42.K_21R.png,0,1.6949539227208492,,0.0026913881301879,1.1091630167328965,chromosome
0,0.0020689964294433,186193,186193.2~A44.K_21,21,,normal,186193.2~A44.K_21L.png,186193.2~A44.K_21R.png,train,/data5/chensx/MyProject/UAE/data/arrangement_merged/chr_21/186193.2~A44.K_21L.png,/data5/chensx/MyProject/UAE/data/arrangement_merged/chr_21/186193.2~A44.K_21R.png,0,0.920971205676581,,0.0020689964294433,-2.58505410401274,chromosome
0,0.0026030540466308,186193,186193.2~A46.K_21,21,,normal,186193.2~A46.K_21L.png,186193.2~A46.K_21R.png,train,/data5/chensx/MyProject/UAE/data/arrangement_merged/chr_21/186193.2~A46.K_21L.png,/data5/chensx/MyProject/UAE/data/arrangement_merged/chr_21/186193.2~A46.K_21R.png,0,1.5851050061665872,,0.0026030540466308,0.5848544768991972,chromosome
0,0.0026755928993225,186193,186193.2~A48.K_21,21,,normal,186193.2~A48.K_21L.png,186193.2~A48.K_21R.png,train,/data5/chensx/MyProject/UAE/data/arrangement_merged/chr_21/186193.2~A48.K_21L.png,/data5/chensx/MyProject/UAE/data/arrangement_merged/chr_21/186193.2~A48.K_21R.png,0,1.6753115725947498,,0.0026755928993225,1.0154101401773734,chromosome
0,0.0024948120117187,186193,186193.2~A5.K_21,21,,normal,186193.2~A5.K_21L.png,186193.2~A5.K_21R.png,train,/data5/chensx/MyProject/UAE/data/arrangement_merged/chr_21/186193.2~A5.K_21L.png,/data5/chensx/MyProject/UAE/data/arrangement_merged/chr_21/186193.2~A5.K_21R.png,0,1.4504993162458448,,0.0024948120117187,-0.057618065839147754,chromosome
0,0.0022706985473632,186193,186193.2~A50.K_21,21,,normal,186193.2~A50.K_21L.png,186193.2~A50.K_21R.png,train,/data5/chensx/MyProject/UAE/data/arrangement_merged/chr_21/186193.2~A50.K_21L.png,/data5/chensx/MyProject/UAE/data/arrangement_merged/chr_21/186193.2~A50.K_21R.png,0,1.1718003106830743,,0.0022706985473632,-1.3878475596148783,chromosome
0,0.002489686012268,186193,186193.2~A7.K_21,21,,normal,186193.2~A7.K_21L.png,186193.2~A7.K_21R.png,train,/data5/chensx/MyProject/UAE/data/arrangement_merged/chr_21/186193.2~A7.K_21L.png,/data5/chensx/MyProject/UAE/data/arrangement_merged/chr_21/186193.2~A7.K_21R.png,0,1.444124817714356,,0.002489686012268,-0.08804352766496283,chromosome
0,0.00266695022583,186193,186193.3~A15.K_21,21,,normal,186193.3~A15.K_21L.png,186193.3~A15.K_21R.png,train,/data5/chensx/MyProject/UAE/data/arrangement_merged/chr_21/186193.3~A15.K_21L.png,/data5/chensx/MyProject/UAE/data/arrangement_merged/chr_21/186193.3~A15.K_21R.png,0,1.6645638715823556,,0.00266695022583,0.9641113964010505,chromosome
0,0.0024733543395996,186193,186193.3~A6.K_21,21,,normal,186193.3~A6.K_21L.png,186193.3~A6.K_21R.png,train,/data5/chensx/MyProject/UAE/data/arrangement_merged/chr_21/186193.3~A6.K_21L.png,/data5/chensx/MyProject/UAE/data/arrangement_merged/chr_21/186193.3~A6.K_21R.png,0,1.4238153689047284,,0.0024733543395996,-0.18498046417912015,chromosome
0,0.0025609135627746,Q242362,Q242362.11~A39.K_21,21,,normal,Q242362.11~A39.K_21L.png,Q242362.11~A39.K_21R.png,train,/data5/chensx/MyProject/UAE/data/arrangement_merged/chr_21/Q242362.11~A39.K_21L.png,/data5/chensx/MyProject/UAE/data/arrangement_merged/chr_21/Q242362.11~A39.K_21R.png,0,1.632181103993927,,0.0025609135627746,0.3347288779366224,chromosome
0,0.0023525357246398,Q242362,Q242362.12~A25.K_21,21,,normal,Q242362.12~A25.K_21L.png,Q242362.12~A25.K_21R.png,train,/data5/chensx/MyProject/UAE/data/arrangement_merged/chr_21/Q242362.12~A25.K_21L.png,/data5/chensx/MyProject/UAE/data/arrangement_merged/chr_21/Q242362.12~A25.K_21R.png,0,1.358509418592449,,0.0023525357246398,-0.9021015237229709,chromosome
0,0.0025199055671691,Q242362,Q242362.12~A30.K_21,21,,normal,Q242362.12~A30.K_21L.png,Q242362.12~A30.K_21R.png,train,/data5/chensx/MyProject/UAE/data/arrangement_merged/chr_21/Q242362.12~A30.K_21L.png,/data5/chensx/MyProject/UAE/data/arrangement_merged/chr_21/Q242362.12~A30.K_21R.png,0,1.57832351830851,,0.0025199055671691,0.091325183330699,chromosome
0,0.0027374625205993,Q242362,Q242362.12~A6.K_21,21,,normal,Q242362.12~A6.K_21L.png,Q242362.12~A6.K_21R.png,train,/data5/chensx/MyProject/UAE/data/arrangement_merged/chr_21/Q242362.12~A6.K_21L.png,/data5/chensx/MyProject/UAE/data/arrangement_merged/chr_21/Q242362.12~A6.K_21R.png,0,1.8640505353895729,,0.0027374625205993,1.382638388724657,chromosome
0,0.0024695396423339,Q242362,Q242362.13~A12.K_21,21,,normal,Q242362.13~A12.K_21L.png,Q242362.13~A12.K_21R.png,train,/data5/chensx/MyProject/UAE/data/arrangement_merged/chr_21/Q242362.13~A12.K_21L.png,/data5/chensx/MyProject/UAE/data/arrangement_merged/chr_21/Q242362.13~A12.K_21R.png,0,1.5121757568198804,,0.0024695396423339,-0.20762266832893644,chromosome
0,0.0023251771926879,Q242362,Q242362.13~A3.K_21,21,,normal,Q242362.13~A3.K_21L.png,Q242362.13~A3.K_21R.png,train,/data5/chensx/MyProject/UAE/data/arrangement_merged/chr_21/Q242362.13~A3.K_21L.png,/data5/chensx/MyProject/UAE/data/arrangement_merged/chr_21/Q242362.13~A3.K_21R.png,0,1.3225782676773232,,0.0023251771926879,-1.0644885816067178,chromosome
0,0.0026640892028808,Q242362,Q242362.13~A33.K_21,21,,normal,Q242362.13~A33.K_21L.png,Q242362.13~A33.K_21R.png,train,/data5/chensx/MyProject/UAE/data/arrangement_merged/chr_21/Q242362.13~A33.K_21L.png,/data5/chensx/MyProject/UAE/data/arrangement_merged/chr_21/Q242362.13~A33.K_21R.png,0,1.767686163327439,,0.0026640892028808,0.947129743289133,chromosome
0,0.0026801824569702,Q242362,Q242362.13~A6.K_21,21,,normal,Q242362.13~A6.K_21L.png,Q242362.13~A6.K_21R.png,train,/data5/chensx/MyProject/UAE/data/arrangement_merged/chr_21/Q242362.13~A6.K_21L.png,/data5/chensx/MyProject/UAE/data/arrangement_merged/chr_21/Q242362.13~A6.K_21R.png,0,1.7888221344539832,,0.0026801824569702,1.042651542044557,chromosome
0,0.0026149153709411,Q242362,Q242362.14~A13.K_21,21,,normal,Q242362.14~A13.K_21L.png,Q242362.14~A13.K_21R.png,train,/data5/chensx/MyProject/UAE/data/arrangement_merged/chr_21/Q242362.14~A13.K_21L.png,/data5/chensx/MyProject/UAE/data/arrangement_merged/chr_21/Q242362.14~A13.K_21R.png,0,1.7031040293296644,,0.0026149153709411,0.6552575804261322,chromosome
0,0.0025982856750488,Q242362,Q242362.14~A25.K_21,21,,normal,Q242362.14~A25.K_21L.png,Q242362.14~A25.K_21R.png,train,/data5/chensx/MyProject/UAE/data/arrangement_merged/chr_21/Q242362.14~A25.K_21L.png,/data5/chensx/MyProject/UAE/data/arrangement_merged/chr_21/Q242362.14~A25.K_21R.png,0,1.6812635258322353,,0.0025982856750488,0.5565517217126689,chromosome
0,0.0024569034576416,Q242362,Q242362.14~A29.K_21,21,,normal,Q242362.14~A29.K_21L.png,Q242362.14~A29.K_21R.png,train,/data5/chensx/MyProject/UAE/data/arrangement_merged/chr_21/Q242362.14~A29.K_21L.png,/data5/chensx/MyProject/UAE/data/arrangement_merged/chr_21/Q242362.14~A29.K_21R.png,0,1.495580105416816,,0.0024569034576416,-0.2826249695732362,chromosome
0,0.0024881362915039,Q242362,Q242362.14~A36.K_21,21,,normal,Q242362.14~A36.K_21L.png,Q242362.14~A36.K_21R.png,train,/data5/chensx/MyProject/UAE/data/arrangement_merged/chr_21/Q242362.14~A36.K_21L.png,/data5/chensx/MyProject/UAE/data/arrangement_merged/chr_21/Q242362.14~A36.K_21R.png,0,1.5365995456772206,,0.0024881362915039,-0.09724192310028698,chromosome
0,0.0025150775909423,Q242362,Q242362.14~A48.K_21,21,,normal,Q242362.14~A48.K_21L.png,Q242362.14~A48.K_21R.png,train,/data5/chensx/MyProject/UAE/data/arrangement_merged/chr_21/Q242362.14~A48.K_21L.png,/data5/chensx/MyProject/UAE/data/arrangement_merged/chr_21/Q242362.14~A48.K_21R.png,0,1.5719827269705466,,0.0025150775909423,0.06266864370418997,chromosome
0,0.0022066831588745,Q242362,Q242362.1~A28.K_21,21,,normal,Q242362.1~A28.K_21L.png,Q242362.1~A28.K_21R.png,train,/data5/chensx/MyProject/UAE/data/arrangement_merged/chr_21/Q242362.1~A28.K_21L.png,/data5/chensx/MyProject/UAE/data/arrangement_merged/chr_21/Q242362.1~A28.K_21R.png,0,1.1669548950863224,,0.0022066831588745,-1.7678120479960984,chromosome
0,0.0025075674057006,Q242362,Q242362.1~A32.K_21,21,,normal,Q242362.1~A32.K_21L.png,Q242362.1~A32.K_21R.png,train,/data5/chensx/MyProject/UAE/data/arrangement_merged/chr_21/Q242362.1~A32.K_21L.png,/data5/chensx/MyProject/UAE/data/arrangement_merged/chr_21/Q242362.1~A32.K_21R.png,0,1.5621192737781593,,0.0025075674057006,0.018091804285110688,chromosome
0,0.002129316329956,Q242362,Q242362.1~A4.K_21,21,,normal,Q242362.1~A4.K_21L.png,Q242362.1~A4.K_21R.png,train,/data5/chensx/MyProject/UAE/data/arrangement_merged/chr_21/Q242362.1~A4.K_21L.png,/data5/chensx/MyProject/UAE/data/arrangement_merged/chr_21/Q242362.1~A4.K_21R.png,0,1.065345670929824,,0.002129316329956,-2.2270242509007834,chromosome
0,0.0024992227554321,Q242362,Q242362.1~A9.K_21,21,,normal,Q242362.1~A9.K_21L.png,Q242362.1~A9.K_21R.png,train,/data5/chensx/MyProject/UAE/data/arrangement_merged/chr_21/Q242362.1~A9.K_21L.png,/data5/chensx/MyProject/UAE/data/arrangement_merged/chr_21/Q242362.1~A9.K_21R.png,0,1.5511598813421734,,0.0024992227554321,-0.031438017291314,chromosome
0,0.0024030208587646,Q242362,Q242362.2~A14.K_21,21,,normal,Q242362.2~A14.K_21L.png,Q242362.2~A14.K_21R.png,train,/data5/chensx/MyProject/UAE/data/arrangement_merged/chr_21/Q242362.2~A14.K_21L.png,/data5/chensx/MyProject/UAE/data/arrangement_merged/chr_21/Q242362.2~A14.K_21R.png,0,1.4248137428301637,,0.0024030208587646,-0.6024461031833793,chromosome
0,0.0028547048568725,Q242362,Q242362.2~A2.K_21,21,,normal,Q242362.2~A2.K_21L.png,Q242362.2~A2.K_21R.png,train,/data5/chensx/MyProject/UAE/data/arrangement_merged/chr_21/Q242362.2~A2.K_21L.png,/data5/chensx/MyProject/UAE/data/arrangement_merged/chr_21/Q242362.2~A2.K_21R.png,0,2.0180299991151758,,0.0028547048568725,2.0785323818780195,chromosome
0,0.0025838017463684,Q242362,Q242362.2~A7.K_21,21,,normal,Q242362.2~A7.K_21L.png,Q242362.2~A7.K_21R.png,train,/data5/chensx/MyProject/UAE/data/arrangement_merged/chr_21/Q242362.2~A7.K_21L.png,/data5/chensx/MyProject/UAE/data/arrangement_merged/chr_21/Q242362.2~A7.K_21R.png,0,1.6622411518183453,,0.0025838017463684,0.47058210283314433,chromosome
0,0.002687394618988,Q242362,Q242362.2~A9.K_21,21,,normal,Q242362.2~A9.K_21L.png,Q242362.2~A9.K_21R.png,train,/data5/chensx/MyProject/UAE/data/arrangement_merged/chr_21/Q242362.2~A9.K_21L.png,/data5/chensx/MyProject/UAE/data/arrangement_merged/chr_21/Q242362.2~A9.K_21R.png,0,1.7982941807736568,,0.002687394618988,1.0854594592643276,chromosome
0,0.0025451779365539,Q242362,Q242362.3~A15.K_21,21,,normal,Q242362.3~A15.K_21L.png,Q242362.3~A15.K_21R.png,train,/data5/chensx/MyProject/UAE/data/arrangement_merged/chr_21/Q242362.3~A15.K_21L.png,/data5/chensx/MyProject/UAE/data/arrangement_merged/chr_21/Q242362.3~A15.K_21R.png,0,1.6115148211146388,,0.0025451779365539,0.24132978582048512,chromosome
0,0.002510130405426,Q242362,Q242362.4~A30.K_21,21,,normal,Q242362.4~A30.K_21L.png,Q242362.4~A30.K_21R.png,train,/data5/chensx/MyProject/UAE/data/arrangement_merged/chr_21/Q242362.4~A30.K_21L.png,/data5/chensx/MyProject/UAE/data/arrangement_merged/chr_21/Q242362.4~A30.K_21R.png,0,1.565485372883498,,0.002510130405426,0.03330453519831425,chromosome
0,0.0027808547019958,Q242362,Q242362.4~A42.K_21,21,,normal,Q242362.4~A42.K_21L.png,Q242362.4~A42.K_21R.png,train,/data5/chensx/MyProject/UAE/data/arrangement_merged/chr_21/Q242362.4~A42.K_21L.png,/data5/chensx/MyProject/UAE/data/arrangement_merged/chr_21/Q242362.4~A42.K_21R.png,0,1.9210393760567,,0.0027808547019958,1.6401934609238447,chromosome
0,0.0020435452461242,Q242664,Q242664.11~A21.K_21,21,,normal,Q242664.11~A21.K_21L.png,Q242664.11~A21.K_21R.png,train,/data5/chensx/MyProject/UAE/data/arrangement_merged/chr_21/Q242664.11~A21.K_21L.png,/data5/chensx/MyProject/UAE/data/arrangement_merged/chr_21/Q242664.11~A21.K_21R.png,0,1.0498261903549684,,0.0020435452461242,-2.736120059821874,chromosome
0,0.0023655891418457,Q242664,Q242664.12~A1.K_21,21,,normal,Q242664.12~A1.K_21L.png,Q242664.12~A1.K_21R.png,train,/data5/chensx/MyProject/UAE/data/arrangement_merged/chr_21/Q242664.12~A1.K_21L.png,/data5/chensx/MyProject/UAE/data/arrangement_merged/chr_21/Q242664.12~A1.K_21R.png,0,1.485720013688426,,0.0023655891418457,-0.8246227313988118,chromosome
0,0.0024776458740234,Q242664,Q242664.12~A16.K_21,21,,normal,Q242664.12~A16.K_21L.png,Q242664.12~A16.K_21R.png,train,/data5/chensx/MyProject/UAE/data/arrangement_merged/chr_21/Q242664.12~A16.K_21L.png,/data5/chensx/MyProject/UAE/data/arrangement_merged/chr_21/Q242664.12~A16.K_21R.png,0,1.6373913792014556,,0.0024776458740234,-0.15950798451124254,chromosome
0,0.0025365352630615,Q242664,Q242664.12~A19.K_21,21,,normal,Q242664.12~A19.K_21L.png,Q242664.12~A19.K_21R.png,train,/data5/chensx/MyProject/UAE/data/arrangement_merged/chr_21/Q242664.12~A19.K_21L.png,/data5/chensx/MyProject/UAE/data/arrangement_merged/chr_21/Q242664.12~A19.K_21R.png,0,1.717099522354048,,0.0025365352630615,0.1900310420447544,chromosome
0,0.0023603439331054,Q242664,Q242664.12~A22.K_21,21,,normal,Q242664.12~A22.K_21L.png,Q242664.12~A22.K_21R.png,train,/data5/chensx/MyProject/UAE/data/arrangement_merged/chr_21/Q242664.12~A22.K_21L.png,/data5/chensx/MyProject/UAE/data/arrangement_merged/chr_21/Q242664.12~A22.K_21R.png,0,1.478620502962284,,0.0023603439331054,-0.8557557621045881,chromosome
0,0.0025029182434082,Q242664,Q242664.12~A24.K_21,21,,normal,Q242664.12~A24.K_21L.png,Q242664.12~A24.K_21R.png,train,/data5/chensx/MyProject/UAE/data/arrangement_merged/chr_21/Q242664.12~A24.K_21L.png,/data5/chensx/MyProject/UAE/data/arrangement_merged/chr_21/Q242664.12~A24.K_21R.png,0,1.671598112700139,,0.0025029182434082,-0.009503382021456409,chromosome
0,0.00252366065979,Q242664,Q242664.12~A29.K_21,21,,normal,Q242664.12~A29.K_21L.png,Q242664.12~A29.K_21R.png,train,/data5/chensx/MyProject/UAE/data/arrangement_merged/chr_21/Q242664.12~A29.K_21L.png,/data5/chensx/MyProject/UAE/data/arrangement_merged/chr_21/Q242664.12~A29.K_21R.png,0,1.6996734505716995,,0.00252366065979,0.11361360304053465,chromosome
0,0.0025277137756347,Q242664,Q242664.12~A34.K_21,21,,normal,Q242664.12~A34.K_21L.png,Q242664.12~A34.K_21R.png,train,/data5/chensx/MyProject/UAE/data/arrangement_merged/chr_21/Q242664.12~A34.K_21L.png,/data5/chensx/MyProject/UAE/data/arrangement_merged/chr_21/Q242664.12~A34.K_21R.png,0,1.7051594361328093,,0.0025277137756347,0.1376709449490843,chromosome
0,0.0025970935821533,Q242664,Q242664.12~A37.K_21,21,,normal,Q242664.12~A37.K_21L.png,Q242664.12~A37.K_21R.png,train,/data5/chensx/MyProject/UAE/data/arrangement_merged/chr_21/Q242664.12~A37.K_21L.png,/data5/chensx/MyProject/UAE/data/arrangement_merged/chr_21/Q242664.12~A37.K_21R.png,0,1.7990666007376852,,0.0025970935821533,0.5494760329160367,chromosome
0,0.0020992755889892,Q242664,Q242664.12~A8.K_21,21,,normal,Q242664.12~A8.K_21L.png,Q242664.12~A8.K_21R.png,train,/data5/chensx/MyProject/UAE/data/arrangement_merged/chr_21/Q242664.12~A8.K_21L.png,/data5/chensx/MyProject/UAE/data/arrangement_merged/chr_21/Q242664.12~A8.K_21R.png,0,1.1252584918202253,,0.0020992755889892,-2.405331608577098,chromosome
0,0.0026911497116088,Q242664,Q242664.13~A20.K_21,21,,normal,Q242664.13~A20.K_21L.png,Q242664.13~A20.K_21R.png,train,/data5/chensx/MyProject/UAE/data/arrangement_merged/chr_21/Q242664.13~A20.K_21L.png,/data5/chensx/MyProject/UAE/data/arrangement_merged/chr_21/Q242664.13~A20.K_21R.png,0,1.9263737362587283,,0.0026911497116088,1.1077478789735713,chromosome
0,0.0025210976600646,Q242664,Q242664.13~A32.K_21,21,,normal,Q242664.13~A32.K_21L.png,Q242664.13~A32.K_21R.png,train,/data5/chensx/MyProject/UAE/data/arrangement_merged/chr_21/Q242664.13~A32.K_21L.png,/data5/chensx/MyProject/UAE/data/arrangement_merged/chr_21/Q242664.13~A32.K_21R.png,0,1.6962043714668804,,0.0025210976600646,0.09840087212733109,chromosome
0,0.0022963881492614,Q242664,Q242664.13~A33.K_21,21,,normal,Q242664.13~A33.K_21L.png,Q242664.13~A33.K_21R.png,train,/data5/chensx/MyProject/UAE/data/arrangement_merged/chr_21/Q242664.13~A33.K_21L.png,/data5/chensx/MyProject/UAE/data/arrangement_merged/chr_21/Q242664.13~A33.K_21R.png,0,1.3920548778583048,,0.0022963881492614,-1.2353664660464194,chromosome
0,0.0023459196090698,Q242664,Q242664.13~A42.K_21,21,,normal,Q242664.13~A42.K_21L.png,Q242664.13~A42.K_21R.png,train,/data5/chensx/MyProject/UAE/data/arrangement_merged/chr_21/Q242664.13~A42.K_21L.png,/data5/chensx/MyProject/UAE/data/arrangement_merged/chr_21/Q242664.13~A42.K_21R.png,0,1.459096848465394,,0.0023459196090698,-0.941371596544132,chromosome
0,0.0023773908615112,Q242664,Q242664.13~A50.K_21,21,,normal,Q242664.13~A50.K_21L.png,Q242664.13~A50.K_21R.png,train,/data5/chensx/MyProject/UAE/data/arrangement_merged/chr_21/Q242664.13~A50.K_21L.png,/data5/chensx/MyProject/UAE/data/arrangement_merged/chr_21/Q242664.13~A50.K_21R.png,0,1.5016939128222448,,0.0023773908615112,-0.7545734123118575,chromosome
0,0.0025625228881835,Q242664,Q242664.14~A47.K_21,21,,normal,Q242664.14~A47.K_21L.png,Q242664.14~A47.K_21R.png,train,/data5/chensx/MyProject/UAE/data/arrangement_merged/chr_21/Q242664.14~A47.K_21L.png,/data5/chensx/MyProject/UAE/data/arrangement_merged/chr_21/Q242664.14~A47.K_21R.png,0,1.7522743709517503,,0.0025625228881835,0.3442810578119272,chromosome
0,0.0023427009582519,Q242664,Q242664.1~A14.K_21,21,,normal,Q242664.1~A14.K_21L.png,Q242664.1~A14.K_21R.png,train,/data5/chensx/MyProject/UAE/data/arrangement_merged/chr_21/Q242664.1~A14.K_21L.png,/data5/chensx/MyProject/UAE/data/arrangement_merged/chr_21/Q242664.1~A14.K_21R.png,0,1.454740330519807,,0.0023427009582519,-0.9604759562953337,chromosome
0,0.0025657415390014,Q242664,Q242664.2~A1.K_21,21,,normal,Q242664.2~A1.K_21L.png,Q242664.2~A1.K_21R.png,train,/data5/chensx/MyProject/UAE/data/arrangement_merged/chr_21/Q242664.2~A1.K_21L.png,/data5/chensx/MyProject/UAE/data/arrangement_merged/chr_21/Q242664.2~A1.K_21R.png,0,1.7566308888973377,,0.0025657415390014,0.36338541756312887,chromosome
0,0.0024894475936889,Q242664,Q242664.2~A10.K_21,21,,normal,Q242664.2~A10.K_21L.png,Q242664.2~A10.K_21R.png,train,/data5/chensx/MyProject/UAE/data/arrangement_merged/chr_21/Q242664.2~A10.K_21L.png,/data5/chensx/MyProject/UAE/data/arrangement_merged/chr_21/Q242664.2~A10.K_21R.png,0,1.6533652783352748,,0.0024894475936889,-0.08945866542429079,chromosome
0,0.0026552081108093,Q242664,Q242664.2~A30.K_21,21,,normal,Q242664.2~A30.K_21L.png,Q242664.2~A30.K_21R.png,train,/data5/chensx/MyProject/UAE/data/arrangement_merged/chr_21/Q242664.2~A30.K_21L.png,/data5/chensx/MyProject/UAE/data/arrangement_merged/chr_21/Q242664.2~A30.K_21R.png,0,1.8777259525330063,,0.0026552081108093,0.8944158617540768,chromosome
0,0.0025879740715026,Q242664,Q242664.2~A32.K_21,21,,normal,Q242664.2~A32.K_21L.png,Q242664.2~A32.K_21R.png,train,/data5/chensx/MyProject/UAE/data/arrangement_merged/chr_21/Q242664.2~A32.K_21L.png,/data5/chensx/MyProject/UAE/data/arrangement_merged/chr_21/Q242664.2~A32.K_21R.png,0,1.7867231332251887,,0.0025879740715026,0.49534701362106065,chromosome
0,0.0024352073669433,Q242664,Q242664.2~A6.K_21,21,,normal,Q242664.2~A6.K_21L.png,Q242664.2~A6.K_21R.png,train,/data5/chensx/MyProject/UAE/data/arrangement_merged/chr_21/Q242664.2~A6.K_21L.png,/data5/chensx/MyProject/UAE/data/arrangement_merged/chr_21/Q242664.2~A6.K_21R.png,0,1.579949883326308,,0.0024352073669433,-0.411402505673126,chromosome
0,0.002432107925415,Q242664,Q242664.3~A19.K_21,21,,normal,Q242664.3~A19.K_21L.png,Q242664.3~A19.K_21R.png,train,/data5/chensx/MyProject/UAE/data/arrangement_merged/chr_21/Q242664.3~A19.K_21L.png,/data5/chensx/MyProject/UAE/data/arrangement_merged/chr_21/Q242664.3~A19.K_21R.png,0,1.5757547178972244,,0.002432107925415,-0.42979929654436894,chromosome
0,0.0025311112403869,Q242664,Q242664.3~A29.K_21,21,,normal,Q242664.3~A29.K_21L.png,Q242664.3~A29.K_21R.png,train,/data5/chensx/MyProject/UAE/data/arrangement_merged/chr_21/Q242664.3~A29.K_21L.png,/data5/chensx/MyProject/UAE/data/arrangement_merged/chr_21/Q242664.3~A29.K_21R.png,0,1.7097579828531513,,0.0025311112403869,0.15783665801963329,chromosome
0,0.0022379159927368,Q242664,Q242664.3~A44.K_21,21,,normal,Q242664.3~A44.K_21L.png,Q242664.3~A44.K_21R.png,train,/data5/chensx/MyProject/UAE/data/arrangement_merged/chr_21/Q242664.3~A44.K_21L.png,/data5/chensx/MyProject/UAE/data/arrangement_merged/chr_21/Q242664.3~A44.K_21R.png,0,1.3129114685134735,,0.0022379159927368,-1.5824290015231517,chromosome
0,0.0025365352630615,Q242664,Q242664.3~A48.K_21,21,,normal,Q242664.3~A48.K_21L.png,Q242664.3~A48.K_21R.png,train,/data5/chensx/MyProject/UAE/data/arrangement_merged/chr_21/Q242664.3~A48.K_21L.png,/data5/chensx/MyProject/UAE/data/arrangement_merged/chr_21/Q242664.3~A48.K_21R.png,0,1.717099522354048,,0.0025365352630615,0.1900310420447544,chromosome
0,0.0022681355476379,Q242664,Q242664.4~A14.K_21,21,,normal,Q242664.4~A14.K_21L.png,Q242664.4~A14.K_21R.png,train,/data5/chensx/MyProject/UAE/data/arrangement_merged/chr_21/Q242664.4~A14.K_21L.png,/data5/chensx/MyProject/UAE/data/arrangement_merged/chr_21/Q242664.4~A14.K_21R.png,0,1.353814331447041,,0.0022681355476379,-1.4030602905274898,chromosome
0,0.0025522708892822,Q242664,Q242664.4~A34.K_21,21,,normal,Q242664.4~A34.K_21L.png,Q242664.4~A34.K_21R.png,train,/data5/chensx/MyProject/UAE/data/arrangement_merged/chr_21/Q242664.4~A34.K_21L.png,/data5/chensx/MyProject/UAE/data/arrangement_merged/chr_21/Q242664.4~A34.K_21R.png,0,1.738398054532473,,0.0025522708892822,0.2834301341608917,chromosome
0,0.0024160146713256,Q242664,Q242664.4~A41.K_21,21,,normal,Q242664.4~A41.K_21L.png,Q242664.4~A41.K_21R.png,train,/data5/chensx/MyProject/UAE/data/arrangement_merged/chr_21/Q242664.4~A41.K_21L.png,/data5/chensx/MyProject/UAE/data/arrangement_merged/chr_21/Q242664.4~A41.K_21R.png,0,1.553972128169289,,0.0024160146713256,-0.5253210952997929,chromosome
0,0.0026339292526245,Q242664,Q242664.4~A49.K_21,21,,normal,Q242664.4~A49.K_21L.png,Q242664.4~A49.K_21R.png,train,/data5/chensx/MyProject/UAE/data/arrangement_merged/chr_21/Q242664.4~A49.K_21L.png,/data5/chensx/MyProject/UAE/data/arrangement_merged/chr_21/Q242664.4~A49.K_21R.png,0,1.848924528337181,,0.0026339292526245,0.7681148167334518,chromosome
0,0.0024242997169494,Q250230,Q250230.11~A30.K_21,21,,normal,Q250230.11~A30.K_21L.png,Q250230.11~A30.K_21R.png,train,/data5/chensx/MyProject/UAE/data/arrangement_merged/chr_21/Q250230.11~A30.K_21L.png,/data5/chensx/MyProject/UAE/data/arrangement_merged/chr_21/Q250230.11~A30.K_21R.png,0,1.3732055085601171,,0.0024242997169494,-0.47614505816275426,chromosome
0,0.0022493600845336,Q250230,Q250230.12~A40.K_21,21,,normal,Q250230.12~A40.K_21L.png,Q250230.12~A40.K_21R.png,train,/data5/chensx/MyProject/UAE/data/arrangement_merged/chr_21/Q250230.12~A40.K_21L.png,/data5/chensx/MyProject/UAE/data/arrangement_merged/chr_21/Q250230.12~A40.K_21R.png,0,1.1542979439459338,,0.0022493600845336,-1.514502389075484,chromosome
0,0.0025328397750854,Q250230,Q250230.13~A45.K_21,21,,normal,Q250230.13~A45.K_21L.png,Q250230.13~A45.K_21R.png,train,/data5/chensx/MyProject/UAE/data/arrangement_merged/chr_21/Q250230.13~A45.K_21L.png,/data5/chensx/MyProject/UAE/data/arrangement_merged/chr_21/Q250230.13~A45.K_21R.png,0,1.509025159382069,,0.0025328397750854,0.16809640677489937,chromosome
0,0.0025291442871093,Q250230,Q250230.14~A21.K_21,21,,normal,Q250230.14~A21.K_21L.png,Q250230.14~A21.K_21R.png,train,/data5/chensx/MyProject/UAE/data/arrangement_merged/chr_21/Q250230.14~A21.K_21L.png,/data5/chensx/MyProject/UAE/data/arrangement_merged/chr_21/Q250230.14~A21.K_21R.png,0,1.504400876926846,,0.0025291442871093,0.14616177150504178,chromosome
0,0.0021440982818603,Q250230,Q250230.14~A43.K_21,21,,normal,Q250230.14~A43.K_21L.png,Q250230.14~A43.K_21R.png,train,/data5/chensx/MyProject/UAE/data/arrangement_merged/chr_21/Q250230.14~A43.K_21L.png,/data5/chensx/MyProject/UAE/data/arrangement_merged/chr_21/Q250230.14~A43.K_21R.png,0,1.0225804791729702,,0.0021440982818603,-2.139285709821953,chromosome
0,0.002453863620758,Q250230,Q250230.15~A8.K_21,21,,normal,Q250230.15~A8.K_21L.png,Q250230.15~A8.K_21R.png,train,/data5/chensx/MyProject/UAE/data/arrangement_merged/chr_21/Q250230.15~A8.K_21L.png,/data5/chensx/MyProject/UAE/data/arrangement_merged/chr_21/Q250230.15~A8.K_21R.png,0,1.4101997682019007,,0.002453863620758,-0.3006679760050931,chromosome
0,0.0023436546325683,Q250230,Q250230.1~A20.K_21,21,,normal,Q250230.1~A20.K_21L.png,Q250230.1~A20.K_21R.png,train,/data5/chensx/MyProject/UAE/data/arrangement_merged/chr_21/Q250230.1~A20.K_21L.png,/data5/chensx/MyProject/UAE/data/arrangement_merged/chr_21/Q250230.1~A20.K_21R.png,0,1.2722917317550098,,0.0023436546325683,-0.9548154052580295,chromosome
0,0.0024367570877075,Q250230,Q250230.2~A24.K_21,21,,normal,Q250230.2~A24.K_21L.png,Q250230.2~A24.K_21R.png,train,/data5/chensx/MyProject/UAE/data/arrangement_merged/chr_21/Q250230.2~A24.K_21L.png,/data5/chensx/MyProject/UAE/data/arrangement_merged/chr_21/Q250230.2~A24.K_21R.png,0,1.388793815546272,,0.0024367570877075,-0.4022041102372072,chromosome
0,0.0026723146438598,Q250230,Q250230.2~A27.K_21,21,,normal,Q250230.2~A27.K_21L.png,Q250230.2~A27.K_21R.png,train,/data5/chensx/MyProject/UAE/data/arrangement_merged/chr_21/Q250230.2~A27.K_21L.png,/data5/chensx/MyProject/UAE/data/arrangement_merged/chr_21/Q250230.2~A27.K_21R.png,0,1.68355452946629,,0.0026723146438598,0.995951995986191,chromosome
0,0.0023421049118041,Q250230,Q250230.2~A38.K_21,21,,normal,Q250230.2~A38.K_21L.png,Q250230.2~A38.K_21R.png,train,/data5/chensx/MyProject/UAE/data/arrangement_merged/chr_21/Q250230.2~A38.K_21L.png,/data5/chensx/MyProject/UAE/data/arrangement_merged/chr_21/Q250230.2~A38.K_21R.png,0,1.2703525165318517,,0.0023421049118041,-0.9640138006939484,chromosome
0,0.0023350119590759,Q250230,Q250230.4~A35.K_21,21,,normal,Q250230.4~A35.K_21L.png,Q250230.4~A35.K_21R.png,train,/data5/chensx/MyProject/UAE/data/arrangement_merged/chr_21/Q250230.4~A35.K_21L.png,/data5/chensx/MyProject/UAE/data/arrangement_merged/chr_21/Q250230.4~A35.K_21R.png,0,1.2614768776258594,,0.0023350119590759,-1.0061141490337604,chromosome
0,0.0025368928909301,Q250230,Q250230.5~A21.K_21,21,,normal,Q250230.5~A21.K_21L.png,Q250230.5~A21.K_21R.png,train,/data5/chensx/MyProject/UAE/data/arrangement_merged/chr_21/Q250230.5~A21.K_21L.png,/data5/chensx/MyProject/UAE/data/arrangement_merged/chr_21/Q250230.5~A21.K_21R.png,0,1.514096953042636,,0.0025368928909301,0.19215374868344645,chromosome
0,0.0025597214698791,Q250230,Q250230.5~A42.K_21,21,,normal,Q250230.5~A42.K_21L.png,Q250230.5~A42.K_21R.png,train,/data5/chensx/MyProject/UAE/data/arrangement_merged/chr_21/Q250230.5~A42.K_21L.png,/data5/chensx/MyProject/UAE/data/arrangement_merged/chr_21/Q250230.5~A42.K_21R.png,0,1.5426630849837712,,0.0025597214698791,0.3276531891399903,chromosome
0,0.0023838877677917,Q250230,Q250230.5~A46.K_21,21,,normal,Q250230.5~A46.K_21L.png,Q250230.5~A46.K_21R.png,train,/data5/chensx/MyProject/UAE/data/arrangement_merged/chr_21/Q250230.5~A46.K_21L.png,/data5/chensx/MyProject/UAE/data/arrangement_merged/chr_21/Q250230.5~A46.K_21R.png,0,1.3226367423562275,,0.0023838877677917,-0.7160109083700655,chromosome
0,0.0021917223930358,Q250230,Q250230.5~A5.K_21,21,,normal,Q250230.5~A5.K_21L.png,Q250230.5~A5.K_21R.png,train,/data5/chensx/MyProject/UAE/data/arrangement_merged/chr_21/Q250230.5~A5.K_21L.png,/data5/chensx/MyProject/UAE/data/arrangement_merged/chr_21/Q250230.5~A5.K_21R.png,0,1.0821740546846337,,0.0021917223930358,-1.8566119423948682,chromosome
0,0.0026381015777587,Q250230,Q250230.5~A6.K_21,21,,normal,Q250230.5~A6.K_21L.png,Q250230.5~A6.K_21R.png,train,/data5/chensx/MyProject/UAE/data/arrangement_merged/chr_21/Q250230.5~A6.K_21L.png,/data5/chensx/MyProject/UAE/data/arrangement_merged/chr_21/Q250230.5~A6.K_21R.png,0,1.6407426241550325,,0.0026381015777587,0.7928797275213681,chromosome
0,0.0025273561477661,Q251136,Q251136.12~A20.K_21,21,,normal,Q251136.12~A20.K_21L.png,Q251136.12~A20.K_21R.png,train,/data5/chensx/MyProject/UAE/data/arrangement_merged/chr_21/Q251136.12~A20.K_21L.png,/data5/chensx/MyProject/UAE/data/arrangement_merged/chr_21/Q251136.12~A20.K_21R.png,0,1.1754056594212317,,0.0025273561477661,0.13554823831038967,chromosome
0,0.0025033354759216,Q251136,Q251136.12~A23.K_21,21,,normal,Q251136.12~A23.K_21L.png,Q251136.12~A23.K_21R.png,train,/data5/chensx/MyProject/UAE/data/arrangement_merged/chr_21/Q251136.12~A23.K_21L.png,/data5/chensx/MyProject/UAE/data/arrangement_merged/chr_21/Q251136.12~A23.K_21R.png,0,1.1517695376575472,,0.0025033354759216,-0.007026890942783702,chromosome
0,0.0026391148567199,Q251136,Q251136.14~A16.K_21,21,,normal,Q251136.14~A16.K_21L.png,Q251136.14~A16.K_21R.png,train,/data5/chensx/MyProject/UAE/data/arrangement_merged/chr_21/Q251136.14~A16.K_21L.png,/data5/chensx/MyProject/UAE/data/arrangement_merged/chr_21/Q251136.14~A16.K_21R.png,0,1.285375208569888,,0.0026391148567199,0.798894062998653,chromosome
0,0.0024168491363525,Q251136,Q251136.14~A17.K_21,21,,normal,Q251136.14~A17.K_21L.png,Q251136.14~A17.K_21R.png,train,/data5/chensx/MyProject/UAE/data/arrangement_merged/chr_21/Q251136.14~A17.K_21L.png,/data5/chensx/MyProject/UAE/data/arrangement_merged/chr_21/Q251136.14~A17.K_21R.png,0,1.0666677692230404,,0.0024168491363525,-0.5203681131418528,chromosome
0,0.0028284788131713,Q251136,Q251136.14~A18.K_21,21,,normal,Q251136.14~A18.K_21L.png,Q251136.14~A18.K_21R.png,train,/data5/chensx/MyProject/UAE/data/arrangement_merged/chr_21/Q251136.14~A18.K_21L.png,/data5/chensx/MyProject/UAE/data/arrangement_merged/chr_21/Q251136.14~A18.K_21R.png,0,1.4717076126473712,,0.0028284788131713,1.9228672283509267,chromosome
0,0.0026919841766357,Q251136,Q251136.14~A2.K_21,21,,normal,Q251136.14~A2.K_21L.png,Q251136.14~A2.K_21R.png,train,/data5/chensx/MyProject/UAE/data/arrangement_merged/chr_21/Q251136.14~A2.K_21L.png,/data5/chensx/MyProject/UAE/data/arrangement_merged/chr_21/Q251136.14~A2.K_21R.png,0,1.337398136620479,,0.0026919841766357,1.1127008611315112,chromosome
0,0.0026178359985351,Q251136,Q251136.14~A31.K_21,21,,normal,Q251136.14~A31.K_21L.png,Q251136.14~A31.K_21R.png,train,/data5/chensx/MyProject/UAE/data/arrangement_merged/chr_21/Q251136.14~A31.K_21L.png,/data5/chensx/MyProject/UAE/data/arrangement_merged/chr_21/Q251136.14~A31.K_21R.png,0,1.264437006411984,,0.0026178359985351,0.6725930179780278,chromosome
0,0.0027186274528503,Q251136,Q251136.14~A39.K_21,21,,normal,Q251136.14~A39.K_21L.png,Q251136.14~A39.K_21R.png,train,/data5/chensx/MyProject/UAE/data/arrangement_merged/chr_21/Q251136.14~A39.K_21L.png,/data5/chensx/MyProject/UAE/data/arrangement_merged/chr_21/Q251136.14~A39.K_21R.png,0,1.3636148771375187,,0.0027186274528503,1.2708425057372768,chromosome
0,0.0026673674583435,Q251136,Q251136.1~A12.K_21,21,,normal,Q251136.1~A12.K_21L.png,Q251136.1~A12.K_21R.png,train,/data5/chensx/MyProject/UAE/data/arrangement_merged/chr_21/Q251136.1~A12.K_21L.png,/data5/chensx/MyProject/UAE/data/arrangement_merged/chr_21/Q251136.1~A12.K_21R.png,0,1.3131755105946683,,0.0026673674583435,0.9665878874803153,chromosome
0,0.0027152299880981,Q251136,Q251136.1~A38.K_21,21,,normal,Q251136.1~A38.K_21L.png,Q251136.1~A38.K_21R.png,train,/data5/chensx/MyProject/UAE/data/arrangement_merged/chr_21/Q251136.1~A38.K_21L.png,/data5/chensx/MyProject/UAE/data/arrangement_merged/chr_21/Q251136.1~A38.K_21R.png,0,1.3602718028433995,,0.0027152299880981,1.2506767926667253,chromosome
0,0.0025884509086608,Q251136,Q251136.2~A15.K_21,21,,normal,Q251136.2~A15.K_21L.png,Q251136.2~A15.K_21R.png,train,/data5/chensx/MyProject/UAE/data/arrangement_merged/chr_21/Q251136.2~A15.K_21L.png,/data5/chensx/MyProject/UAE/data/arrangement_merged/chr_21/Q251136.2~A15.K_21R.png,0,1.2355223462891638,,0.0025884509086608,0.498177289139714,chromosome
0,0.0023409724235534,Q251136,Q251136.2~A2.K_21,21,,normal,Q251136.2~A2.K_21L.png,Q251136.2~A2.K_21R.png,train,/data5/chensx/MyProject/UAE/data/arrangement_merged/chr_21/Q251136.2~A2.K_21L.png,/data5/chensx/MyProject/UAE/data/arrangement_merged/chr_21/Q251136.2~A2.K_21R.png,0,0.9920057766543792,,0.0023409724235534,-0.9707357050505998,chromosome
0,0.0024269819259643,Q251136,Q251136.2~A20.K_21,21,,normal,Q251136.2~A20.K_21L.png,Q251136.2~A20.K_21R.png,train,/data5/chensx/MyProject/UAE/data/arrangement_merged/chr_21/Q251136.2~A20.K_21L.png,/data5/chensx/MyProject/UAE/data/arrangement_merged/chr_21/Q251136.2~A20.K_21R.png,0,1.0766383416791852,,0.0024269819259643,-0.460224758370184,chromosome
0,0.0026542544364929,Q251136,Q251136.2~A25.K_21,21,,normal,Q251136.2~A25.K_21L.png,Q251136.2~A25.K_21R.png,train,/data5/chensx/MyProject/UAE/data/arrangement_merged/chr_21/Q251136.2~A25.K_21L.png,/data5/chensx/MyProject/UAE/data/arrangement_merged/chr_21/Q251136.2~A25.K_21R.png,0,1.3002724168278923,,0.0026542544364929,0.8887553107167702,chromosome
0,0.0024186968803405,Q251136,Q251136.2~A36.K_21,21,,normal,Q251136.2~A36.K_21L.png,Q251136.2~A36.K_21R.png,train,/data5/chensx/MyProject/UAE/data/arrangement_merged/chr_21/Q251136.2~A36.K_21L.png,/data5/chensx/MyProject/UAE/data/arrangement_merged/chr_21/Q251136.2~A36.K_21R.png,0,1.0684859324356315,,0.0024186968803405,-0.5094007955072226,chromosome
0,0.0026277303695678,Q251136,Q251136.2~A5.K_21,21,,normal,Q251136.2~A5.K_21L.png,Q251136.2~A5.K_21R.png,train,/data5/chensx/MyProject/UAE/data/arrangement_merged/chr_21/Q251136.2~A5.K_21L.png,/data5/chensx/MyProject/UAE/data/arrangement_merged/chr_21/Q251136.2~A5.K_21R.png,0,1.2741729771632782,,0.0026277303695678,0.7313212349903713,chromosome
0,0.0025376081466674,Q251136,Q251136.2~A7.K_21,21,,normal,Q251136.2~A7.K_21L.png,Q251136.2~A7.K_21R.png,train,/data5/chensx/MyProject/UAE/data/arrangement_merged/chr_21/Q251136.2~A7.K_21L.png,/data5/chensx/MyProject/UAE/data/arrangement_merged/chr_21/Q251136.2~A7.K_21R.png,0,1.1854935327298015,,0.0025376081466674,0.1963991619614252,chromosome
0,0.0025346279144287,Q251136,Q251136.3~A16.K_21,21,,normal,Q251136.3~A16.K_21L.png,Q251136.3~A16.K_21R.png,train,/data5/chensx/MyProject/UAE/data/arrangement_merged/chr_21/Q251136.3~A16.K_21L.png,/data5/chensx/MyProject/UAE/data/arrangement_merged/chr_21/Q251136.3~A16.K_21R.png,0,1.182561011419171,,0.0025346279144287,0.17870993997014356,chromosome
0,0.0021476745605468,Q251136,Q251136.3~A21.K_21,21,,normal,Q251136.3~A21.K_21L.png,Q251136.3~A21.K_21R.png,train,/data5/chensx/MyProject/UAE/data/arrangement_merged/chr_21/Q251136.3~A21.K_21L.png,/data5/chensx/MyProject/UAE/data/arrangement_merged/chr_21/Q251136.3~A21.K_21R.png,0,0.8018024444468633,,0.0021476745605468,-2.1180586434320565,chromosome
0,0.002537727355957,Q251136,Q251136.3~A23.K_21,21,,normal,Q251136.3~A23.K_21L.png,Q251136.3~A23.K_21R.png,train,/data5/chensx/MyProject/UAE/data/arrangement_merged/chr_21/Q251136.3~A23.K_21L.png,/data5/chensx/MyProject/UAE/data/arrangement_merged/chr_21/Q251136.3~A23.K_21R.png,0,1.185610833582227,,0.002537727355957,0.1971067308413865,chromosome
0,0.0019464492797851,Q251136,Q251136.3~A26.K_21,21,,normal,Q251136.3~A26.K_21L.png,Q251136.3~A26.K_21R.png,train,/data5/chensx/MyProject/UAE/data/arrangement_merged/chr_21/Q251136.3~A26.K_21L.png,/data5/chensx/MyProject/UAE/data/arrangement_merged/chr_21/Q251136.3~A26.K_21R.png,0,0.6037986055530693,,0.0019464492797851,-3.312434912311264,chromosome
0,0.0024462342262268,Q251136,Q251136.3~A32.K_21,21,,normal,Q251136.3~A32.K_21L.png,Q251136.3~A32.K_21R.png,train,/data5/chensx/MyProject/UAE/data/arrangement_merged/chr_21/Q251136.3~A32.K_21L.png,/data5/chensx/MyProject/UAE/data/arrangement_merged/chr_21/Q251136.3~A32.K_21R.png,0,1.0955824293458605,,0.0024462342262268,-0.3459523843035365,chromosome
0,0.0024048089981079,Q251136,Q251136.3~A36.K_21,21,,normal,Q251136.3~A36.K_21L.png,Q251136.3~A36.K_21R.png,train,/data5/chensx/MyProject/UAE/data/arrangement_merged/chr_21/Q251136.3~A36.K_21L.png,/data5/chensx/MyProject/UAE/data/arrangement_merged/chr_21/Q251136.3~A36.K_21R.png,0,1.0548203831280918,,0.0024048089981079,-0.5918325699881326,chromosome
0,0.0026067495346069,Q251136,Q251136.3~A40.K_21,21,,normal,Q251136.3~A40.K_21L.png,Q251136.3~A40.K_21R.png,train,/data5/chensx/MyProject/UAE/data/arrangement_merged/chr_21/Q251136.3~A40.K_21L.png,/data5/chensx/MyProject/UAE/data/arrangement_merged/chr_21/Q251136.3~A40.K_21R.png,0,1.253528027136437,,0.0026067495346069,0.6067891121690548,chromosome
0,0.0025596022605895,Q251136,Q251136.3~A41.K_21,21,,normal,Q251136.3~A41.K_21L.png,Q251136.3~A41.K_21R.png,train,/data5/chensx/MyProject/UAE/data/arrangement_merged/chr_21/Q251136.3~A41.K_21L.png,/data5/chensx/MyProject/UAE/data/arrangement_merged/chr_21/Q251136.3~A41.K_21R.png,0,1.2071355400022572,,0.0025596022605895,0.326945620260029,chromosome
0,0.0026377439498901,Q251136,Q251136.4~A12.K_21,21,,normal,Q251136.4~A12.K_21L.png,Q251136.4~A12.K_21R.png,train,/data5/chensx/MyProject/UAE/data/arrangement_merged/chr_21/Q251136.4~A12.K_21L.png,/data5/chensx/MyProject/UAE/data/arrangement_merged/chr_21/Q251136.4~A12.K_21R.png,0,1.2840262487669978,,0.0026377439498901,0.7907570208826735,chromosome
0,0.0021915435791015,Q251136,Q251136.4~A13.K_21,21,,normal,Q251136.4~A13.K_21L.png,Q251136.4~A13.K_21R.png,train,/data5/chensx/MyProject/UAE/data/arrangement_merged/chr_21/Q251136.4~A13.K_21L.png,/data5/chensx/MyProject/UAE/data/arrangement_merged/chr_21/Q251136.4~A13.K_21R.png,0,0.8449691581393493,,0.0021915435791015,-1.8576732957142155,chromosome
0,0.0025984048843383,Q251136,Q251136.4~A15.K_21,21,,normal,Q251136.4~A15.K_21L.png,Q251136.4~A15.K_21R.png,train,/data5/chensx/MyProject/UAE/data/arrangement_merged/chr_21/Q251136.4~A15.K_21L.png,/data5/chensx/MyProject/UAE/data/arrangement_merged/chr_21/Q251136.4~A15.K_21R.png,0,1.2453169674666709,,0.0025984048843383,0.5572592905920355,chromosome
0,0.0023875832557678,Q251136,Q251136.4~A16.K_21,21,,normal,Q251136.4~A16.K_21L.png,Q251136.4~A16.K_21R.png,train,/data5/chensx/MyProject/UAE/data/arrangement_merged/chr_21/Q251136.4~A16.K_21L.png,/data5/chensx/MyProject/UAE/data/arrangement_merged/chr_21/Q251136.4~A16.K_21R.png,0,1.0378704099526457,,0.0023875832557678,-0.694076273100208,chromosome
0,0.0026192665100097,Q251136,Q251136.4~A19.K_21,21,,normal,Q251136.4~A19.K_21L.png,Q251136.4~A19.K_21R.png,train,/data5/chensx/MyProject/UAE/data/arrangement_merged/chr_21/Q251136.4~A19.K_21L.png,/data5/chensx/MyProject/UAE/data/arrangement_merged/chr_21/Q251136.4~A19.K_21R.png,0,1.2658446166410866,,0.0026192665100097,0.6810838445339878,chromosome
0,0.0026736259460449,Q251136,Q251136.4~A2.K_21,21,,normal,Q251136.4~A2.K_21L.png,Q251136.4~A2.K_21R.png,train,/data5/chensx/MyProject/UAE/data/arrangement_merged/chr_21/Q251136.4~A2.K_21L.png,/data5/chensx/MyProject/UAE/data/arrangement_merged/chr_21/Q251136.4~A2.K_21R.png,0,1.319333805346993,,0.0026736259460449,1.0037352536627844,chromosome
0,0.002588152885437,Q251136,Q251136.4~A36.K_21,21,,normal,Q251136.4~A36.K_21L.png,Q251136.4~A36.K_21R.png,train,/data5/chensx/MyProject/UAE/data/arrangement_merged/chr_21/Q251136.4~A36.K_21L.png,/data5/chensx/MyProject/UAE/data/arrangement_merged/chr_21/Q251136.4~A36.K_21R.png,0,1.2352290941581008,,0.002588152885437,0.496408366941,chromosome
0,0.0024085640907287,Q251136,Q251136.4~A5.K_21,21,,normal,Q251136.4~A5.K_21L.png,Q251136.4~A5.K_21R.png,train,/data5/chensx/MyProject/UAE/data/arrangement_merged/chr_21/Q251136.4~A5.K_21L.png,/data5/chensx/MyProject/UAE/data/arrangement_merged/chr_21/Q251136.4~A5.K_21R.png,0,1.0585153599794863,,0.0024085640907287,-0.5695441502788915,chromosome
0,0.0010987520217895,165070,165070.11~A20.K_22,22,,normal,165070.11~A20.K_22L.png,165070.11~A20.K_22R.png,train,/data5/chensx/MyProject/UAE/data/arrangement_merged/chr_22/165070.11~A20.K_22L.png,/data5/chensx/MyProject/UAE/data/arrangement_merged/chr_22/165070.11~A20.K_22R.png,0,-0.2336222641305336,,0.0010987520217895,-0.07077775647187329,chromosome
0,0.0012745261192321,165070,165070.11~A21.K_22,22,,normal,165070.11~A21.K_22L.png,165070.11~A21.K_22R.png,train,/data5/chensx/MyProject/UAE/data/arrangement_merged/chr_22/165070.11~A21.K_22L.png,/data5/chensx/MyProject/UAE/data/arrangement_merged/chr_22/165070.11~A21.K_22R.png,0,0.0140038243901212,,0.0012745261192321,0.2882263224240653,chromosome
0,0.0009671449661254,165070,165070.11~A30.K_22,22,,normal,165070.11~A30.K_22L.png,165070.11~A30.K_22R.png,train,/data5/chensx/MyProject/UAE/data/arrangement_merged/chr_22/165070.11~A30.K_22L.png,/data5/chensx/MyProject/UAE/data/arrangement_merged/chr_22/165070.11~A30.K_22R.png,0,-0.4190269448540352,,0.0009671449661254,-0.3395742997755625,chromosome
0,0.0010150671005249,165070,165070.12~A1.K_22,22,,normal,165070.12~A1.K_22L.png,165070.12~A1.K_22R.png,train,/data5/chensx/MyProject/UAE/data/arrangement_merged/chr_22/165070.12~A1.K_22L.png,/data5/chensx/MyProject/UAE/data/arrangement_merged/chr_22/165070.12~A1.K_22R.png,0,-0.3515154578514558,,0.0010150671005249,-0.24169729759418038,chromosome
0,0.0010665655136108,165070,165070.12~A21.K_22,22,,normal,165070.12~A21.K_22L.png,165070.12~A21.K_22R.png,train,/data5/chensx/MyProject/UAE/data/arrangement_merged/chr_22/165070.12~A21.K_22L.png,/data5/chensx/MyProject/UAE/data/arrangement_merged/chr_22/165070.12~A21.K_22R.png,0,-0.2789658001770421,,0.0010665655136108,-0.13651604151893032,chromosome
0,0.0009738206863403,165070,165070.12~A41.K_22,22,,normal,165070.12~A41.K_22L.png,165070.12~A41.K_22R.png,train,/data5/chensx/MyProject/UAE/data/arrangement_merged/chr_22/165070.12~A41.K_22L.png,/data5/chensx/MyProject/UAE/data/arrangement_merged/chr_22/165070.12~A41.K_22R.png,0,-0.4096223595999445,,0.0009738206863403,-0.3259396925064238,chromosome
0,0.0010600090026855,165070,165070.12~A5.K_22,22,,normal,165070.12~A5.K_22L.png,165070.12~A5.K_22R.png,train,/data5/chensx/MyProject/UAE/data/arrangement_merged/chr_22/165070.12~A5.K_22L.png,/data5/chensx/MyProject/UAE/data/arrangement_merged/chr_22/165070.12~A5.K_22R.png,0,-0.2882024464087383,,0.0010600090026855,-0.14990717365816433,chromosome
0,0.0009754300117492,165070,165070.12~A9.K_22,22,,normal,165070.12~A9.K_22L.png,165070.12~A9.K_22R.png,train,/data5/chensx/MyProject/UAE/data/arrangement_merged/chr_22/165070.12~A9.K_22L.png,/data5/chensx/MyProject/UAE/data/arrangement_merged/chr_22/165070.12~A9.K_22R.png,0,-0.407355182797619,,0.0009754300117492,-0.32265277825414246,chromosome
0,0.0009217262268066,165070,165070.13~A24.K_22,22,,normal,165070.13~A24.K_22L.png,165070.13~A24.K_22R.png,train,/data5/chensx/MyProject/UAE/data/arrangement_merged/chr_22/165070.13~A24.K_22L.png,/data5/chensx/MyProject/UAE/data/arrangement_merged/chr_22/165070.13~A24.K_22R.png,0,-0.4830117123863305,,0.0009217262268066,-0.43233832423078816,chromosome
0,0.0010315775871276,165070,165070.13~A25.K_22,22,,normal,165070.13~A25.K_22L.png,165070.13~A25.K_22R.png,train,/data5/chensx/MyProject/UAE/data/arrangement_merged/chr_22/165070.13~A25.K_22L.png,/data5/chensx/MyProject/UAE/data/arrangement_merged/chr_22/165070.13~A25.K_22R.png,0,-0.3282559032498209,,0.0010315775871276,-0.20797599211649687,chromosome
0,0.0011973977088928,165070,165070.13~A26.K_22,22,,normal,165070.13~A26.K_22L.png,165070.13~A26.K_22R.png,train,/data5/chensx/MyProject/UAE/data/arrangement_merged/chr_22/165070.13~A26.K_22L.png,/data5/chensx/MyProject/UAE/data/arrangement_merged/chr_22/165070.13~A26.K_22R.png,0,-0.0946527230991047,,0.0011973977088928,0.1306979134409922,chromosome
0,0.0015457272529602,165070,165070.13~A27.K_22,22,,normal,165070.13~A27.K_22L.png,165070.13~A27.K_22R.png,train,/data5/chensx/MyProject/UAE/data/arrangement_merged/chr_22/165070.13~A27.K_22L.png,/data5/chensx/MyProject/UAE/data/arrangement_merged/chr_22/165070.13~A27.K_22R.png,0,0.3960651003375542,,0.0015457272529602,0.8421322427283068,chromosome
0,0.0011130571365356,165070,165070.13~A28.K_22,22,,normal,165070.13~A28.K_22L.png,165070.13~A28.K_22R.png,train,/data5/chensx/MyProject/UAE/data/arrangement_merged/chr_22/165070.13~A28.K_22L.png,/data5/chensx/MyProject/UAE/data/arrangement_merged/chr_22/165070.13~A28.K_22R.png,0,-0.2134695814431965,,0.0011130571365356,-0.0415607408953808,chromosome
0,0.0016111135482788,165070,165070.13~A3.K_22,22,,normal,165070.13~A3.K_22L.png,165070.13~A3.K_22R.png,train,/data5/chensx/MyProject/UAE/data/arrangement_merged/chr_22/165070.13~A3.K_22L.png,/data5/chensx/MyProject/UAE/data/arrangement_merged/chr_22/165070.13~A3.K_22R.png,0,0.4881796541209243,,0.0016111135482788,0.9756783514257915,chromosome
0,0.0013052225112915,165070,165070.13~A36.K_22,22,,normal,165070.13~A36.K_22L.png,165070.13~A36.K_22R.png,train,/data5/chensx/MyProject/UAE/data/arrangement_merged/chr_22/165070.13~A36.K_22L.png,/data5/chensx/MyProject/UAE/data/arrangement_merged/chr_22/165070.13~A36.K_22R.png,0,0.0572481226566988,,0.0013052225112915,0.3509211683487451,chromosome
0,0.0011733174324035,165070,165070.13~A40.K_22,22,,normal,165070.13~A40.K_22L.png,165070.13~A40.K_22R.png,train,/data5/chensx/MyProject/UAE/data/arrangement_merged/chr_22/165070.13~A40.K_22L.png,/data5/chensx/MyProject/UAE/data/arrangement_merged/chr_22/165070.13~A40.K_22R.png,0,-0.1285764056227888,,0.0011733174324035,0.08151593722049892,chromosome
0,0.0010560750961303,165070,165070.13~A9.K_22,22,,normal,165070.13~A9.K_22L.png,165070.13~A9.K_22R.png,train,/data5/chensx/MyProject/UAE/data/arrangement_merged/chr_22/165070.13~A9.K_22L.png,/data5/chensx/MyProject/UAE/data/arrangement_merged/chr_22/165070.13~A9.K_22R.png,0,-0.293744434147756,,0.0010560750961303,-0.15794185294174581,chromosome
0,0.0009530782699584,165070,165070.1~A9.K_22,22,,normal,165070.1~A9.K_22L.png,165070.1~A9.K_22R.png,train,/data5/chensx/MyProject/UAE/data/arrangement_merged/chr_22/165070.1~A9.K_22L.png,/data5/chensx/MyProject/UAE/data/arrangement_merged/chr_22/165070.1~A9.K_22R.png,0,-0.4388437494965833,,0.0009530782699584,-0.3683043650924501,chromosome
0,0.0010170936584472,165070,165070.2~A31.K_22,22,,normal,165070.2~A31.K_22L.png,165070.2~A31.K_22R.png,train,/data5/chensx/MyProject/UAE/data/arrangement_merged/chr_22/165070.2~A31.K_22L.png,/data5/chensx/MyProject/UAE/data/arrangement_merged/chr_22/165070.2~A31.K_22R.png,0,-0.3486604944707497,,0.0010170936584472,-0.23755822038764177,chromosome
0,0.0011534094810485,165070,165070.3~A15.K_22,22,,normal,165070.3~A15.K_22L.png,165070.3~A15.K_22R.png,train,/data5/chensx/MyProject/UAE/data/arrangement_merged/chr_22/165070.3~A15.K_22L.png,/data5/chensx/MyProject/UAE/data/arrangement_merged/chr_22/165070.3~A15.K_22R.png,0,-0.1566222223626663,,0.0011534094810485,0.040855590543191565,chromosome
0,0.0012251138687133,165070,165070.3~A2.K_22,22,,normal,165070.3~A2.K_22L.png,165070.3~A2.K_22R.png,train,/data5/chensx/MyProject/UAE/data/arrangement_merged/chr_22/165070.3~A2.K_22L.png,/data5/chensx/MyProject/UAE/data/arrangement_merged/chr_22/165070.3~A2.K_22R.png,0,-0.055606900392389,,0.0012251138687133,0.1873058811203059,chromosome
0,0.0011490583419799,165070,165070.3~A30.K_22,22,,normal,165070.3~A30.K_22L.png,165070.3~A30.K_22R.png,train,/data5/chensx/MyProject/UAE/data/arrangement_merged/chr_22/165070.3~A30.K_22L.png,/data5/chensx/MyProject/UAE/data/arrangement_merged/chr_22/165070.3~A30.K_22R.png,0,-0.1627519966800647,,0.0011490583419799,0.03196874830535276,chromosome
0,0.0015187263488769,165070,165070.3~A35.K_22,22,,normal,165070.3~A35.K_22L.png,165070.3~A35.K_22R.png,train,/data5/chensx/MyProject/UAE/data/arrangement_merged/chr_22/165070.3~A35.K_22L.png,/data5/chensx/MyProject/UAE/data/arrangement_merged/chr_22/165070.3~A35.K_22R.png,0,0.3580269117652053,,0.0015187263488769,0.7869851258276032,chromosome
0,0.0014396905899047,165070,165070.3~A43.K_22,22,,normal,165070.3~A43.K_22L.png,165070.3~A43.K_22R.png,train,/data5/chensx/MyProject/UAE/data/arrangement_merged/chr_22/165070.3~A43.K_22L.png,/data5/chensx/MyProject/UAE/data/arrangement_merged/chr_22/165070.3~A43.K_22R.png,0,0.2466833399176677,,0.0014396905899047,0.6255611147674877,chromosome
0,0.0015724897384643,170215,170215.12~A1.K_22,22,,normal,170215.12~A1.K_22L.png,170215.12~A1.K_22R.png,train,/data5/chensx/MyProject/UAE/data/arrangement_merged/chr_22/170215.12~A1.K_22L.png,/data5/chensx/MyProject/UAE/data/arrangement_merged/chr_22/170215.12~A1.K_22R.png,0,0.3180223653414377,,0.0015724897384643,0.8967924093692009,chromosome
0,0.0009323358535766,170215,170215.12~A24.K_22,22,,normal,170215.12~A24.K_22L.png,170215.12~A24.K_22R.png,train,/data5/chensx/MyProject/UAE/data/arrangement_merged/chr_22/170215.12~A24.K_22L.png,/data5/chensx/MyProject/UAE/data/arrangement_merged/chr_22/170215.12~A24.K_22R.png,0,-0.5222775634162681,,0.0009323358535766,-0.4106690376782723,chromosome
0,0.0011384487152099,170215,170215.12~A31.K_22,22,,normal,170215.12~A31.K_22L.png,170215.12~A31.K_22R.png,train,/data5/chensx/MyProject/UAE/data/arrangement_merged/chr_22/170215.12~A31.K_22L.png,/data5/chensx/MyProject/UAE/data/arrangement_merged/chr_22/170215.12~A31.K_22R.png,0,-0.2517228936169993,,0.0011384487152099,0.010299461752836891,chromosome
0,0.000841736793518,170215,170215.12~A33.K_22,22,,normal,170215.12~A33.K_22L.png,170215.12~A33.K_22R.png,train,/data5/chensx/MyProject/UAE/data/arrangement_merged/chr_22/170215.12~A33.K_22L.png,/data5/chensx/MyProject/UAE/data/arrangement_merged/chr_22/170215.12~A33.K_22R.png,0,-0.6412026929983643,,0.000841736793518,-0.5957101363293226,chromosome
0,0.001139223575592,170215,170215.12~A44.K_22,22,,normal,170215.12~A44.K_22L.png,170215.12~A44.K_22R.png,train,/data5/chensx/MyProject/UAE/data/arrangement_merged/chr_22/170215.12~A44.K_22L.png,/data5/chensx/MyProject/UAE/data/arrangement_merged/chr_22/170215.12~A44.K_22R.png,0,-0.2507057707982051,,0.001139223575592,0.011882050096603616,chromosome
0,0.0009570717811584,170215,170215.12~A48.K_22,22,,normal,170215.12~A48.K_22L.png,170215.12~A48.K_22R.png,train,/data5/chensx/MyProject/UAE/data/arrangement_merged/chr_22/170215.12~A48.K_22L.png,/data5/chensx/MyProject/UAE/data/arrangement_merged/chr_22/170215.12~A48.K_22R.png,0,-0.4898078734316826,,0.0009570717811584,-0.3601479482439166,chromosome
0,0.0010054111480712,170215,170215.12~A49.K_22,22,,normal,170215.12~A49.K_22L.png,170215.12~A49.K_22R.png,train,/data5/chensx/MyProject/UAE/data/arrangement_merged/chr_22/170215.12~A49.K_22L.png,/data5/chensx/MyProject/UAE/data/arrangement_merged/chr_22/170215.12~A49.K_22R.png,0,-0.4263550575822879,,0.0010054111480712,-0.26141878310848127,chromosome
0,0.0011935234069824,170215,170215.12~A6.K_22,22,,normal,170215.12~A6.K_22L.png,170215.12~A6.K_22R.png,train,/data5/chensx/MyProject/UAE/data/arrangement_merged/chr_22/170215.12~A6.K_22L.png,/data5/chensx/MyProject/UAE/data/arrangement_merged/chr_22/170215.12~A6.K_22R.png,0,-0.1794289332657777,,0.0011935234069824,0.1227849717223632,chromosome
0,0.0012329816818237,170215,170215.12~A7.K_22,22,,normal,170215.12~A7.K_22L.png,170215.12~A7.K_22R.png,train,/data5/chensx/MyProject/UAE/data/arrangement_merged/chr_22/170215.12~A7.K_22L.png,/data5/chensx/MyProject/UAE/data/arrangement_merged/chr_22/170215.12~A7.K_22R.png,0,-0.1276339097241016,,0.0012329816818237,0.20337523968746848,chromosome
0,0.0009934306144714,170215,170215.13~A21.K_22,22,,normal,170215.13~A21.K_22L.png,170215.13~A21.K_22R.png,train,/data5/chensx/MyProject/UAE/data/arrangement_merged/chr_22/170215.13~A21.K_22L.png,/data5/chensx/MyProject/UAE/data/arrangement_merged/chr_22/170215.13~A21.K_22R.png,0,-0.4420813411651835,,0.0009934306144714,-0.2858880336536736,chromosome
0,0.0013102889060974,170215,170215.13~A36.K_22,22,,normal,170215.13~A36.K_22L.png,170215.13~A36.K_22R.png,train,/data5/chensx/MyProject/UAE/data/arrangement_merged/chr_22/170215.13~A36.K_22L.png,/data5/chensx/MyProject/UAE/data/arrangement_merged/chr_22/170215.13~A36.K_22R.png,0,-0.0261563484951682,,0.0013102889060974,0.36126886136539815,chromosome
0,0.0013321638107299,170215,170215.13~A44.K_22,22,,normal,170215.13~A44.K_22L.png,170215.13~A44.K_22R.png,train,/data5/chensx/MyProject/UAE/data/arrangement_merged/chr_22/170215.13~A44.K_22L.png,/data5/chensx/MyProject/UAE/data/arrangement_merged/chr_22/170215.13~A44.K_22R.png,0,0.0025578110815615,,0.0013321638107299,0.4059465476842921,chromosome
0,0.0010727047920227,170215,170215.13~A47.K_22,22,,normal,170215.13~A47.K_22L.png,170215.13~A47.K_22R.png,train,/data5/chensx/MyProject/UAE/data/arrangement_merged/chr_22/170215.13~A47.K_22L.png,/data5/chensx/MyProject/UAE/data/arrangement_merged/chr_22/170215.13~A47.K_22R.png,0,-0.3380218527808494,,0.0010727047920227,-0.12397707233395316,chromosome
0,0.001127541065216,170215,170215.13~A5.K_22,22,,normal,170215.13~A5.K_22L.png,170215.13~A5.K_22R.png,train,/data5/chensx/MyProject/UAE/data/arrangement_merged/chr_22/170215.13~A5.K_22L.png,/data5/chensx/MyProject/UAE/data/arrangement_merged/chr_22/170215.13~A5.K_22R.png,0,-0.266040853296949,,0.001127541065216,-0.011978512624235917,chromosome
0,0.0011430382728576,170215,170215.1~A9.K_22,22,,normal,170215.1~A9.K_22L.png,170215.1~A9.K_22R.png,train,/data5/chensx/MyProject/UAE/data/arrangement_merged/chr_22/170215.1~A9.K_22L.png,/data5/chensx/MyProject/UAE/data/arrangement_merged/chr_22/170215.1~A9.K_22R.png,0,-0.2456983969210642,,0.0011430382728576,0.01967325425028059,chromosome
0,0.0012467503547668,170215,170215.2~A19.K_22,22,,normal,170215.2~A19.K_22L.png,170215.2~A19.K_22R.png,train,/data5/chensx/MyProject/UAE/data/arrangement_merged/chr_22/170215.2~A19.K_22L.png,/data5/chensx/MyProject/UAE/data/arrangement_merged/chr_22/170215.2~A19.K_22R.png,0,-0.1095604196362962,,0.0012467503547668,0.23149661717979914,chromosome
0,0.0010344386100769,170215,170215.2~A2.K_22,22,,normal,170215.2~A2.K_22L.png,170215.2~A2.K_22R.png,train,/data5/chensx/MyProject/UAE/data/arrangement_merged/chr_22/170215.2~A2.K_22L.png,/data5/chensx/MyProject/UAE/data/arrangement_merged/chr_22/170215.2~A2.K_22R.png,0,-0.3882520719859189,,0.0010344386100769,-0.20213258900103487,chromosome
0,0.0011982917785644,170215,170215.2~A23.K_22,22,,normal,170215.2~A23.K_22L.png,170215.2~A23.K_22R.png,train,/data5/chensx/MyProject/UAE/data/arrangement_merged/chr_22/170215.2~A23.K_22L.png,/data5/chensx/MyProject/UAE/data/arrangement_merged/chr_22/170215.2~A23.K_22R.png,0,-0.1731697159193516,,0.0011982917785644,0.1325239769144593,chromosome
0,0.001045823097229,170215,170215.2~A33.K_22,22,,normal,170215.2~A33.K_22L.png,170215.2~A33.K_22R.png,train,/data5/chensx/MyProject/UAE/data/arrangement_merged/chr_22/170215.2~A33.K_22L.png,/data5/chensx/MyProject/UAE/data/arrangement_merged/chr_22/170215.2~A33.K_22R.png,0,-0.3733081905713266,,0.001045823097229,-0.17888071410475226,chromosome
0,0.0011168122291564,170215,170215.2~A4.K_22,22,,normal,170215.2~A4.K_22L.png,170215.2~A4.K_22R.png,train,/data5/chensx/MyProject/UAE/data/arrangement_merged/chr_22/170215.2~A4.K_22L.png,/data5/chensx/MyProject/UAE/data/arrangement_merged/chr_22/170215.2~A4.K_22R.png,0,-0.2801240923264078,,0.0011168122291564,-0.03389127430665632,chromosome
0,0.0011821389198303,170215,170215.3~A32.K_22,22,,normal,170215.3~A32.K_22L.png,170215.3~A32.K_22R.png,train,/data5/chensx/MyProject/UAE/data/arrangement_merged/chr_22/170215.3~A32.K_22L.png,/data5/chensx/MyProject/UAE/data/arrangement_merged/chr_22/170215.3~A32.K_22R.png,0,-0.19437281468037,,0.0011821389198303,0.09953309682608061,chromosome
0,0.0010790228843688,170215,170215.3~A33.K_22,22,,normal,170215.3~A33.K_22L.png,170215.3~A33.K_22R.png,train,/data5/chensx/MyProject/UAE/data/arrangement_merged/chr_22/170215.3~A33.K_22L.png,/data5/chensx/MyProject/UAE/data/arrangement_merged/chr_22/170215.3~A33.K_22R.png,0,-0.3297283897968348,,0.0010790228843688,-0.11107289045452823,chromosome
0,0.0012315511703491,170215,170215.3~A38.K_22,22,,normal,170215.3~A38.K_22L.png,170215.3~A38.K_22R.png,train,/data5/chensx/MyProject/UAE/data/arrangement_merged/chr_22/170215.3~A38.K_22L.png,/data5/chensx/MyProject/UAE/data/arrangement_merged/chr_22/170215.3~A38.K_22R.png,0,-0.1295116749280294,,0.0012315511703491,0.20045353812984001,chromosome
0,0.001129925251007,170215,170215.3~A41.K_22,22,,normal,170215.3~A41.K_22L.png,170215.3~A41.K_22R.png,train,/data5/chensx/MyProject/UAE/data/arrangement_merged/chr_22/170215.3~A41.K_22L.png,/data5/chensx/MyProject/UAE/data/arrangement_merged/chr_22/170215.3~A41.K_22R.png,0,-0.262911244623736,,0.001129925251007,-0.007109010028187865,chromosome
0,0.0010232329368591,170215,170215.3~A47.K_22,22,,normal,170215.3~A47.K_22L.png,170215.3~A47.K_22R.png,train,/data5/chensx/MyProject/UAE/data/arrangement_merged/chr_22/170215.3~A47.K_22L.png,/data5/chensx/MyProject/UAE/data/arrangement_merged/chr_22/170215.3~A47.K_22R.png,0,-0.4029612327500203,,0.0010232329368591,-0.2250192512026646,chromosome
0,0.0012811422348022,179083,179083.12~A20.K_22,22,,normal,179083.12~A20.K_22L.png,179083.12~A20.K_22R.png,train,/data5/chensx/MyProject/UAE/data/arrangement_merged/chr_22/179083.12~A20.K_22L.png,/data5/chensx/MyProject/UAE/data/arrangement_merged/chr_22/179083.12~A20.K_22R.png,0,0.1330765732108579,,0.0012811422348022,0.30173919212825134,chromosome
0,0.0012085437774658,179083,179083.12~A37.K_22,22,,normal,179083.12~A37.K_22L.png,179083.12~A37.K_22R.png,train,/data5/chensx/MyProject/UAE/data/arrangement_merged/chr_22/179083.12~A37.K_22L.png,/data5/chensx/MyProject/UAE/data/arrangement_merged/chr_22/179083.12~A37.K_22R.png,0,0.0239061863461385,,0.0012085437774658,0.15346283807766992,chromosome
0,0.0013916492462158,179083,179083.12~A39.K_22,22,,normal,179083.12~A39.K_22L.png,179083.12~A39.K_22R.png,train,/data5/chensx/MyProject/UAE/data/arrangement_merged/chr_22/179083.12~A39.K_22L.png,/data5/chensx/MyProject/UAE/data/arrangement_merged/chr_22/179083.12~A39.K_22R.png,0,0.2992521867142976,,0.0013916492462158,0.5274406374566093,chromosome
0,0.0010477900505065,179083,179083.12~A47.K_22,22,,normal,179083.12~A47.K_22L.png,179083.12~A47.K_22R.png,train,/data5/chensx/MyProject/UAE/data/arrangement_merged/chr_22/179083.12~A47.K_22L.png,/data5/chensx/MyProject/UAE/data/arrangement_merged/chr_22/179083.12~A47.K_22R.png,0,-0.2178282417114541,,0.0010477900505065,-0.1748633744631657,chromosome
0,0.0012775659561157,179083,179083.12~A9.K_22,22,,normal,179083.12~A9.K_22L.png,179083.12~A9.K_22R.png,train,/data5/chensx/MyProject/UAE/data/arrangement_merged/chr_22/179083.12~A9.K_22L.png,/data5/chensx/MyProject/UAE/data/arrangement_merged/chr_22/179083.12~A9.K_22R.png,0,0.1276987216411672,,0.0012775659561157,0.2944349382341797,chromosome
0,0.0011312365531921,179083,179083.13~A11.K_22,22,,normal,179083.13~A11.K_22L.png,179083.13~A11.K_22R.png,train,/data5/chensx/MyProject/UAE/data/arrangement_merged/chr_22/179083.13~A11.K_22L.png,/data5/chensx/MyProject/UAE/data/arrangement_merged/chr_22/179083.13~A11.K_22R.png,0,-0.0923450384186733,,0.0011312365531921,-0.004430783600259308,chromosome
0,0.0009998083114624,179083,179083.13~A13.K_22,22,,normal,179083.13~A13.K_22L.png,179083.13~A13.K_22R.png,train,/data5/chensx/MyProject/UAE/data/arrangement_merged/chr_22/179083.13~A13.K_22L.png,/data5/chensx/MyProject/UAE/data/arrangement_merged/chr_22/179083.13~A13.K_22R.png,0,-0.2899810836048031,,0.0009998083114624,-0.272862114209092,chromosome
0,0.0018261075019836,179083,179083.13~A14.K_22,22,,normal,179083.13~A14.K_22L.png,179083.13~A14.K_22R.png,train,/data5/chensx/MyProject/UAE/data/arrangement_merged/chr_22/179083.13~A14.K_22L.png,/data5/chensx/MyProject/UAE/data/arrangement_merged/chr_22/179083.13~A14.K_22R.png,0,0.9525715215722116,,0.0018261075019836,1.414785748027231,chromosome
0,0.005455732345581,179083,179083.13~A2.K_22,22,,normal,179083.13~A2.K_22L.png,179083.13~A2.K_22R.png,train,/data5/chensx/MyProject/UAE/data/arrangement_merged/chr_22/179083.13~A2.K_22L.png,/data5/chensx/MyProject/UAE/data/arrangement_merged/chr_22/179083.13~A2.K_22R.png,1,6.410642710510703,,0.005455732345581,8.827994762734404,chromosome
0,0.000888705253601,179083,179083.13~A22.K_22,22,,normal,179083.13~A22.K_22L.png,179083.13~A22.K_22R.png,train,/data5/chensx/MyProject/UAE/data/arrangement_merged/chr_22/179083.13~A22.K_22L.png,/data5/chensx/MyProject/UAE/data/arrangement_merged/chr_22/179083.13~A22.K_22R.png,0,-0.4570530057031913,,0.000888705253601,-0.49978093518656397,chromosome
0,0.0009255409240722,179083,179083.13~A26.K_22,22,,normal,179083.13~A26.K_22L.png,179083.13~A26.K_22R.png,train,/data5/chensx/MyProject/UAE/data/arrangement_merged/chr_22/179083.13~A26.K_22L.png,/data5/chensx/MyProject/UAE/data/arrangement_merged/chr_22/179083.13~A26.K_22R.png,0,-0.401661134535378,,0.0009255409240722,-0.4245471200771112,chromosome
0,0.0012271404266357,179083,179083.13~A34.K_22,22,,normal,179083.13~A34.K_22L.png,179083.13~A34.K_22R.png,train,/data5/chensx/MyProject/UAE/data/arrangement_merged/chr_22/179083.13~A34.K_22L.png,/data5/chensx/MyProject/UAE/data/arrangement_merged/chr_22/179083.13~A34.K_22R.png,0,0.0518710145085297,,0.0012271404266357,0.19144495832704872,chromosome
0,0.0010657310485839,179083,179083.13~A39.K_22,22,,normal,179083.13~A39.K_22L.png,179083.13~A39.K_22R.png,train,/data5/chensx/MyProject/UAE/data/arrangement_merged/chr_22/179083.13~A39.K_22L.png,/data5/chensx/MyProject/UAE/data/arrangement_merged/chr_22/179083.13~A39.K_22R.png,0,-0.1908493530035063,,0.0010657310485839,-0.1382203674276491,chromosome
0,0.0009167194366455,179083,179083.14~A14.K_22,22,,normal,179083.14~A14.K_22L.png,179083.14~A14.K_22R.png,train,/data5/chensx/MyProject/UAE/data/arrangement_merged/chr_22/179083.14~A14.K_22L.png,/data5/chensx/MyProject/UAE/data/arrangement_merged/chr_22/179083.14~A14.K_22R.png,0,-0.4149265017406149,,0.0009167194366455,-0.44256427968248896,chromosome
0,0.0011720061302185,179083,179083.14~A18.K_22,22,,normal,179083.14~A18.K_22L.png,179083.14~A18.K_22R.png,train,/data5/chensx/MyProject/UAE/data/arrangement_merged/chr_22/179083.14~A18.K_22L.png,/data5/chensx/MyProject/UAE/data/arrangement_merged/chr_22/179083.14~A18.K_22R.png,0,-0.0310375305242004,,0.0011720061302185,0.07883771079277453,chromosome
0,0.0011396408081054,179083,179083.14~A2.K_22,22,,normal,179083.14~A2.K_22L.png,179083.14~A2.K_22R.png,train,/data5/chensx/MyProject/UAE/data/arrangement_merged/chr_22/179083.14~A2.K_22L.png,/data5/chensx/MyProject/UAE/data/arrangement_merged/chr_22/179083.14~A2.K_22R.png,0,-0.0797070872299004,,0.0011396408081054,0.012734213050860917,chromosome
0,0.0009928941726684,179083,179083.14~A27.K_22,22,,normal,179083.14~A27.K_22L.png,179083.14~A27.K_22R.png,train,/data5/chensx/MyProject/UAE/data/arrangement_merged/chr_22/179083.14~A27.K_22L.png,/data5/chensx/MyProject/UAE/data/arrangement_merged/chr_22/179083.14~A27.K_22R.png,0,-0.300378263306205,,0.0009928941726684,-0.2869836717378354,chromosome
0,0.0010629892349243,179083,179083.14~A28.K_22,22,,normal,179083.14~A28.K_22L.png,179083.14~A28.K_22R.png,train,/data5/chensx/MyProject/UAE/data/arrangement_merged/chr_22/179083.14~A28.K_22L.png,/data5/chensx/MyProject/UAE/data/arrangement_merged/chr_22/179083.14~A28.K_22R.png,0,-0.1949723725402691,,0.0010629892349243,-0.1438202954130024,chromosome
0,0.0011258125305175,179083,179083.14~A39.K_22,22,,normal,179083.14~A39.K_22L.png,179083.14~A39.K_22R.png,train,/data5/chensx/MyProject/UAE/data/arrangement_merged/chr_22/179083.14~A39.K_22L.png,/data5/chensx/MyProject/UAE/data/arrangement_merged/chr_22/179083.14~A39.K_22R.png,0,-0.1005014466327041,,0.0011258125305175,-0.015508902006421774,chromosome
0,0.0009278059005737,179083,179083.14~A44.K_22,22,,normal,179083.14~A44.K_22L.png,179083.14~A44.K_22R.png,train,/data5/chensx/MyProject/UAE/data/arrangement_merged/chr_22/179083.14~A44.K_22L.png,/data5/chensx/MyProject/UAE/data/arrangement_merged/chr_22/179083.14~A44.K_22R.png,0,-0.398255161874574,,0.0009278059005737,-0.4199210926107635,chromosome
0,0.000870406627655,179083,179083.14~A7.K_22,22,,normal,179083.14~A7.K_22L.png,179083.14~A7.K_22R.png,train,/data5/chensx/MyProject/UAE/data/arrangement_merged/chr_22/179083.14~A7.K_22L.png,/data5/chensx/MyProject/UAE/data/arrangement_merged/chr_22/179083.14~A7.K_22R.png,0,-0.4845696795681082,,0.000870406627655,-0.5371543676113856,chromosome
0,0.0010838508605957,179083,179083.1~A24.K_22,22,,normal,179083.1~A24.K_22L.png,179083.1~A24.K_22R.png,train,/data5/chensx/MyProject/UAE/data/arrangement_merged/chr_22/179083.1~A24.K_22L.png,/data5/chensx/MyProject/UAE/data/arrangement_merged/chr_22/179083.1~A24.K_22R.png,0,-0.1636015717170739,,0.0010838508605957,-0.10121214769727546,chromosome
0,0.001442551612854,179083,179083.2~A1.K_22,22,,normal,179083.2~A1.K_22L.png,179083.2~A1.K_22R.png,train,/data5/chensx/MyProject/UAE/data/arrangement_merged/chr_22/179083.2~A1.K_22L.png,/data5/chensx/MyProject/UAE/data/arrangement_merged/chr_22/179083.2~A1.K_22R.png,0,0.3757969407228939,,0.001442551612854,0.6314045178829496,chromosome
0,0.0013123154640197,179083,179083.2~A12.K_22,22,,normal,179083.2~A12.K_22L.png,179083.2~A12.K_22R.png,train,/data5/chensx/MyProject/UAE/data/arrangement_merged/chr_22/179083.2~A12.K_22L.png,/data5/chensx/MyProject/UAE/data/arrangement_merged/chr_22/179083.2~A12.K_22R.png,0,0.179953512726661,,0.0013123154640197,0.36540793857193676,chromosome
0,0.0011824369430541,179083,179083.2~A14.K_22,22,,normal,179083.2~A14.K_22L.png,179083.2~A14.K_22R.png,train,/data5/chensx/MyProject/UAE/data/arrangement_merged/chr_22/179083.2~A14.K_22L.png,/data5/chensx/MyProject/UAE/data/arrangement_merged/chr_22/179083.2~A14.K_22R.png,0,-0.0153521301126028,,0.0011824369430541,0.10014178465043339,chromosome
0,0.0009400844573974,179083,179083.2~A18.K_22,22,,normal,179083.2~A18.K_22L.png,179083.2~A18.K_22R.png,train,/data5/chensx/MyProject/UAE/data/arrangement_merged/chr_22/179083.2~A18.K_22L.png,/data5/chensx/MyProject/UAE/data/arrangement_merged/chr_22/179083.2~A18.K_22R.png,0,-0.3797912048186362,,0.0009400844573974,-0.39484315424101407,chromosome
0,0.0009353756904602,179083,179083.2~A20.K_22,22,,normal,179083.2~A20.K_22L.png,179083.2~A20.K_22R.png,train,/data5/chensx/MyProject/UAE/data/arrangement_merged/chr_22/179083.2~A20.K_22L.png,/data5/chensx/MyProject/UAE/data/arrangement_merged/chr_22/179083.2~A20.K_22R.png,0,-0.3868720427187289,,0.0009353756904602,-0.4044604218681579,chromosome
0,0.0010279417037963,179083,179083.2~A26.K_22,22,,normal,179083.2~A26.K_22L.png,179083.2~A26.K_22R.png,train,/data5/chensx/MyProject/UAE/data/arrangement_merged/chr_22/179083.2~A26.K_22L.png,/data5/chensx/MyProject/UAE/data/arrangement_merged/chr_22/179083.2~A26.K_22R.png,0,-0.247675317923237,,0.0010279417037963,-0.21540198357552098,chromosome
0,0.0009704828262329,179083,179083.2~A3.K_22,22,,normal,179083.2~A3.K_22L.png,179083.2~A3.K_22R.png,train,/data5/chensx/MyProject/UAE/data/arrangement_merged/chr_22/179083.2~A3.K_22L.png,/data5/chensx/MyProject/UAE/data/arrangement_merged/chr_22/179083.2~A3.K_22R.png,0,-0.3340794664762661,,0.0009704828262329,-0.3327569961408912,chromosome
0,0.0009886026382446,179083,179083.2~A31.K_22,22,,normal,179083.2~A31.K_22L.png,179083.2~A31.K_22R.png,train,/data5/chensx/MyProject/UAE/data/arrangement_merged/chr_22/179083.2~A31.K_22L.png,/data5/chensx/MyProject/UAE/data/arrangement_merged/chr_22/179083.2~A31.K_22R.png,0,-0.3068316851898337,,0.0009886026382446,-0.2957487764107217,chromosome
0,0.0010055303573608,179083,179083.2~A35.K_22,22,,normal,179083.2~A35.K_22L.png,179083.2~A35.K_22R.png,train,/data5/chensx/MyProject/UAE/data/arrangement_merged/chr_22/179083.2~A35.K_22L.png,/data5/chensx/MyProject/UAE/data/arrangement_merged/chr_22/179083.2~A35.K_22R.png,0,-0.2813765210932982,,0.0010055303573608,-0.26117530797857674,chromosome
0,0.0009472966194152,179083,179083.2~A38.K_22,22,,normal,179083.2~A38.K_22L.png,179083.2~A38.K_22R.png,train,/data5/chensx/MyProject/UAE/data/arrangement_merged/chr_22/179083.2~A38.K_22L.png,/data5/chensx/MyProject/UAE/data/arrangement_merged/chr_22/179083.2~A38.K_22R.png,0,-0.3689458708197602,,0.0009472966194152,-0.38011290888791766,chromosome
0,0.0011378526687622,179083,179083.3~A1.K_22,22,,normal,179083.3~A1.K_22L.png,179083.3~A1.K_22R.png,train,/data5/chensx/MyProject/UAE/data/arrangement_merged/chr_22/179083.3~A1.K_22L.png,/data5/chensx/MyProject/UAE/data/arrangement_merged/chr_22/179083.3~A1.K_22R.png,0,-0.0823960130147457,,0.0011378526687622,0.009082086103927182,chromosome
0,0.0007209777832031,179083,179083.3~A24.K_22,22,,normal,179083.3~A24.K_22L.png,179083.3~A24.K_22R.png,train,/data5/chensx/MyProject/UAE/data/arrangement_merged/chr_22/179083.3~A24.K_22L.png,/data5/chensx/MyProject/UAE/data/arrangement_merged/chr_22/179083.3~A24.K_22R.png,0,-0.7092742443216807,,0.0007209777832031,-0.8423504428206872,chromosome
0,0.0010130405426025,179083,179083.3~A27.K_22,22,,normal,179083.3~A27.K_22L.png,179083.3~A27.K_22R.png,train,/data5/chensx/MyProject/UAE/data/arrangement_merged/chr_22/179083.3~A27.K_22L.png,/data5/chensx/MyProject/UAE/data/arrangement_merged/chr_22/179083.3~A27.K_22R.png,0,-0.2700830327969479,,0.0010130405426025,-0.24583637480092319,chromosome
0,0.001050055027008,179083,179083.4~A34.K_22,22,,normal,179083.4~A34.K_22L.png,179083.4~A34.K_22R.png,train,/data5/chensx/MyProject/UAE/data/arrangement_merged/chr_22/179083.4~A34.K_22L.png,/data5/chensx/MyProject/UAE/data/arrangement_merged/chr_22/179083.4~A34.K_22R.png,0,-0.2144222690506501,,0.001050055027008,-0.170237346996818,chromosome
0,0.0010099411010742,180371,180371.11~A18.K_22,22,,normal,180371.11~A18.K_22L.png,180371.11~A18.K_22R.png,train,/data5/chensx/MyProject/UAE/data/arrangement_merged/chr_22/180371.11~A18.K_22L.png,/data5/chensx/MyProject/UAE/data/arrangement_merged/chr_22/180371.11~A18.K_22R.png,0,-0.3383134533972154,,0.0010099411010742,-0.25216672817578545,chromosome
0,0.0009182691574096,180371,180371.11~A42.K_22,22,,normal,180371.11~A42.K_22L.png,180371.11~A42.K_22R.png,train,/data5/chensx/MyProject/UAE/data/arrangement_merged/chr_22/180371.11~A42.K_22L.png,/data5/chensx/MyProject/UAE/data/arrangement_merged/chr_22/180371.11~A42.K_22R.png,0,-0.4698155115567058,,0.0009182691574096,-0.4393991029951599,chromosome
0,0.0009961724281311,180371,180371.11~A50.K_22,22,,normal,180371.11~A50.K_22L.png,180371.11~A50.K_22R.png,train,/data5/chensx/MyProject/UAE/data/arrangement_merged/chr_22/180371.11~A50.K_22L.png,/data5/chensx/MyProject/UAE/data/arrangement_merged/chr_22/180371.11~A50.K_22R.png,0,-0.358064412717659,,0.0009961724281311,-0.2802881056681161,chromosome
0,0.0015288591384887,180371,180371.13~A44.K_22,22,,normal,180371.13~A44.K_22L.png,180371.13~A44.K_22R.png,train,/data5/chensx/MyProject/UAE/data/arrangement_merged/chr_22/180371.13~A44.K_22L.png,/data5/chensx/MyProject/UAE/data/arrangement_merged/chr_22/180371.13~A44.K_22R.png,0,0.406066857614828,,0.0015288591384887,0.8076805118609092,chromosome
0,0.0014156103134155,180371,180371.14~A1.K_22,22,,normal,180371.14~A1.K_22L.png,180371.14~A1.K_22R.png,train,/data5/chensx/MyProject/UAE/data/arrangement_merged/chr_22/180371.14~A1.K_22L.png,/data5/chensx/MyProject/UAE/data/arrangement_merged/chr_22/180371.14~A1.K_22R.png,0,0.2436130796544693,,0.0014156103134155,0.5763791385471985,chromosome
0,0.0009816884994506,180371,180371.1~A15.K_22,22,,normal,180371.1~A15.K_22L.png,180371.1~A15.K_22R.png,train,/data5/chensx/MyProject/UAE/data/arrangement_merged/chr_22/180371.1~A15.K_22L.png,/data5/chensx/MyProject/UAE/data/arrangement_merged/chr_22/180371.1~A15.K_22R.png,0,-0.3788413958989049,,0.0009816884994506,-0.3098703339394656,chromosome
0,0.0008631944656372,180371,180371.1~A25.K_22,22,,normal,180371.1~A25.K_22L.png,180371.1~A25.K_22R.png,train,/data5/chensx/MyProject/UAE/data/arrangement_merged/chr_22/180371.1~A25.K_22L.png,/data5/chensx/MyProject/UAE/data/arrangement_merged/chr_22/180371.1~A25.K_22R.png,0,-0.5488193488384803,,0.0008631944656372,-0.551884612964482,chromosome
0,0.0012937784194946,180371,180371.1~A33.K_22,22,,normal,180371.1~A33.K_22L.png,180371.1~A33.K_22R.png,train,/data5/chensx/MyProject/UAE/data/arrangement_merged/chr_22/180371.1~A33.K_22L.png,/data5/chensx/MyProject/UAE/data/arrangement_merged/chr_22/180371.1~A33.K_22R.png,0,0.0688470153644834,,0.0012937784194946,0.3275475558875105,chromosome
0,0.0007898807525634,180371,180371.1~A35.K_22,22,,normal,180371.1~A35.K_22L.png,180371.1~A35.K_22R.png,train,/data5/chensx/MyProject/UAE/data/arrangement_merged/chr_22/180371.1~A35.K_22L.png,/data5/chensx/MyProject/UAE/data/arrangement_merged/chr_22/180371.1~A35.K_22R.png,0,-0.6539867945707124,,0.0007898807525634,-0.7016218177940821,chromosome
0,0.0011388659477233,180371,180371.2~A15.K_22,22,,normal,180371.2~A15.K_22L.png,180371.2~A15.K_22R.png,train,/data5/chensx/MyProject/UAE/data/arrangement_merged/chr_22/180371.2~A15.K_22L.png,/data5/chensx/MyProject/UAE/data/arrangement_merged/chr_22/180371.2~A15.K_22R.png,0,-0.1533726524876071,,0.0011388659477233,0.011151624707094191,chromosome
0,0.0007858276367187,180371,180371.2~A16.K_22,22,,normal,180371.2~A16.K_22L.png,180371.2~A16.K_22R.png,train,/data5/chensx/MyProject/UAE/data/arrangement_merged/chr_22/180371.2~A16.K_22L.png,/data5/chensx/MyProject/UAE/data/arrangement_merged/chr_22/180371.2~A16.K_22R.png,0,-0.6598009297819253,,0.0007858276367187,-0.7098999722073638,chromosome
0,0.0009726285934448,180371,180371.2~A21.K_22,22,,normal,180371.2~A21.K_22L.png,180371.2~A21.K_22R.png,train,/data5/chensx/MyProject/UAE/data/arrangement_merged/chr_22/180371.2~A21.K_22L.png,/data5/chensx/MyProject/UAE/data/arrangement_merged/chr_22/180371.2~A21.K_22R.png,0,-0.3918376981357336,,0.0009726285934448,-0.3283744438044478,chromosome
0,0.0010211467742919,180371,180371.2~A41.K_22,22,,normal,180371.2~A41.K_22L.png,180371.2~A41.K_22R.png,train,/data5/chensx/MyProject/UAE/data/arrangement_merged/chr_22/180371.2~A41.K_22L.png,/data5/chensx/MyProject/UAE/data/arrangement_merged/chr_22/180371.2~A41.K_22R.png,0,-0.32223907957798,,0.0010211467742919,-0.2292800659743599,chromosome
0,0.0010228157043457,180371,180371.2~A49.K_22,22,,normal,180371.2~A49.K_22L.png,180371.2~A49.K_22R.png,train,/data5/chensx/MyProject/UAE/data/arrangement_merged/chr_22/180371.2~A49.K_22L.png,/data5/chensx/MyProject/UAE/data/arrangement_merged/chr_22/180371.2~A49.K_22R.png,0,-0.3198450239027747,,0.0010228157043457,-0.2258714141569219,chromosome
0,0.0010896325111389,180371,180371.3~A2.K_22,22,,normal,180371.3~A2.K_22L.png,180371.3~A2.K_22R.png,train,/data5/chensx/MyProject/UAE/data/arrangement_merged/chr_22/180371.3~A2.K_22L.png,/data5/chensx/MyProject/UAE/data/arrangement_merged/chr_22/180371.3~A2.K_22R.png,0,-0.223997294906163,,0.0010896325111389,-0.08940360390180818,chromosome
0,0.0010163784027099,180371,180371.3~A25.K_22,22,,normal,180371.3~A25.K_22L.png,180371.3~A25.K_22R.png,train,/data5/chensx/MyProject/UAE/data/arrangement_merged/chr_22/180371.3~A25.K_22L.png,/data5/chensx/MyProject/UAE/data/arrangement_merged/chr_22/180371.3~A25.K_22R.png,0,-0.329079238649995,,0.0010163784027099,-0.239019071166456,chromosome
0,0.0010478496551513,180371,180371.3~A45.K_22,22,,normal,180371.3~A45.K_22L.png,180371.3~A45.K_22R.png,train,/data5/chensx/MyProject/UAE/data/arrangement_merged/chr_22/180371.3~A45.K_22L.png,/data5/chensx/MyProject/UAE/data/arrangement_merged/chr_22/180371.3~A45.K_22R.png,0,-0.2839341887746954,,0.0010478496551513,-0.17474163689821365,chromosome
0,0.0011773109436035,180371,180371.3~A9.K_22,22,,normal,180371.3~A9.K_22L.png,180371.3~A9.K_22R.png,train,/data5/chensx/MyProject/UAE/data/arrangement_merged/chr_22/180371.3~A9.K_22L.png,/data5/chensx/MyProject/UAE/data/arrangement_merged/chr_22/180371.3~A9.K_22R.png,0,-0.0982238699694853,,0.0011773109436035,0.08967235406903246,chromosome
0,0.0009384155273437,180371,180371.4~A19.K_22,22,,normal,180371.4~A19.K_22L.png,180371.4~A19.K_22R.png,train,/data5/chensx/MyProject/UAE/data/arrangement_merged/chr_22/180371.4~A19.K_22L.png,/data5/chensx/MyProject/UAE/data/arrangement_merged/chr_22/180371.4~A19.K_22R.png,0,-0.440915839477442,,0.0009384155273437,-0.3982518060582476,chromosome
0,0.0009335279464721,180371,180371.4~A20.K_22,22,,normal,180371.4~A20.K_22L.png,180371.4~A20.K_22R.png,train,/data5/chensx/MyProject/UAE/data/arrangement_merged/chr_22/180371.4~A20.K_22L.png,/data5/chensx/MyProject/UAE/data/arrangement_merged/chr_22/180371.4~A20.K_22R.png,0,-0.4479270025262574,,0.0009335279464721,-0.4082342863802483,chromosome
0,0.0009525418281555,180371,180371.4~A23.K_22,22,,normal,180371.4~A23.K_22L.png,180371.4~A23.K_22R.png,train,/data5/chensx/MyProject/UAE/data/arrangement_merged/chr_22/180371.4~A23.K_22L.png,/data5/chensx/MyProject/UAE/data/arrangement_merged/chr_22/180371.4~A23.K_22R.png,0,-0.4206518682265972,,0.0009525418281555,-0.3694000031764078,chromosome
0,0.0015180110931396,180371,180371.4~A27.K_22,22,,normal,180371.4~A27.K_22L.png,180371.4~A27.K_22R.png,train,/data5/chensx/MyProject/UAE/data/arrangement_merged/chr_22/180371.4~A27.K_22L.png,/data5/chensx/MyProject/UAE/data/arrangement_merged/chr_22/180371.4~A27.K_22R.png,0,0.3905054957259936,,0.0015180110931396,0.7855242750487889,chromosome
0,0.0011149644851684,180371,180371.4~A35.K_22,22,,normal,180371.4~A35.K_22L.png,180371.4~A35.K_22R.png,train,/data5/chensx/MyProject/UAE/data/arrangement_merged/chr_22/180371.4~A35.K_22L.png,/data5/chensx/MyProject/UAE/data/arrangement_merged/chr_22/180371.4~A35.K_22R.png,0,-0.1876589498360828,,0.0011149644851684,-0.03766513881854254,chromosome
0,0.0010428428649902,180371,180371.4~A39.K_22,22,,normal,180371.4~A39.K_22L.png,180371.4~A39.K_22R.png,train,/data5/chensx/MyProject/UAE/data/arrangement_merged/chr_22/180371.4~A39.K_22L.png,/data5/chensx/MyProject/UAE/data/arrangement_merged/chr_22/180371.4~A39.K_22R.png,0,-0.2911163558003112,,0.0010428428649902,-0.18496759234991464,chromosome
0,0.0008957386016845,180371,180371.4~A44.K_22,22,,normal,180371.4~A44.K_22L.png,180371.4~A44.K_22R.png,train,/data5/chensx/MyProject/UAE/data/arrangement_merged/chr_22/180371.4~A44.K_22L.png,/data5/chensx/MyProject/UAE/data/arrangement_merged/chr_22/180371.4~A44.K_22R.png,0,-0.5021352631719771,,0.0008957386016845,-0.48541590252812017,chromosome
0,0.0010626316070556,182418,182418.13~A1.K_22,22,,normal,182418.13~A1.K_22L.png,182418.13~A1.K_22R.png,train,/data5/chensx/MyProject/UAE/data/arrangement_merged/chr_22/182418.13~A1.K_22L.png,/data5/chensx/MyProject/UAE/data/arrangement_merged/chr_22/182418.13~A1.K_22R.png,0,-0.3566543740323141,,0.0010626316070556,-0.14455072080251138,chromosome
0,0.0009742975234985,182418,182418.13~A27.K_22,22,,normal,182418.13~A27.K_22L.png,182418.13~A27.K_22R.png,train,/data5/chensx/MyProject/UAE/data/arrangement_merged/chr_22/182418.13~A27.K_22L.png,/data5/chensx/MyProject/UAE/data/arrangement_merged/chr_22/182418.13~A27.K_22R.png,0,-0.4764809380741157,,0.0009742975234985,-0.3249657919872142,chromosome
0,0.0011014938354492,182418,182418.13~A6.K_22,22,,normal,182418.13~A6.K_22L.png,182418.13~A6.K_22R.png,train,/data5/chensx/MyProject/UAE/data/arrangement_merged/chr_22/182418.13~A6.K_22L.png,/data5/chensx/MyProject/UAE/data/arrangement_merged/chr_22/182418.13~A6.K_22R.png,0,-0.30393715422445,,0.0011014938354492,-0.0651778284863158,chromosome
0,0.0010533332824707,182418,182418.14~A44.K_22,22,,normal,182418.14~A44.K_22L.png,182418.14~A44.K_22R.png,train,/data5/chensx/MyProject/UAE/data/arrangement_merged/chr_22/182418.14~A44.K_22L.png,/data5/chensx/MyProject/UAE/data/arrangement_merged/chr_22/182418.14~A44.K_22R.png,0,-0.3692676965630301,,0.0010533332824707,-0.1635417809270987,chromosome
0,0.0013015270233154,182418,182418.1~A24.K_22,22,,normal,182418.1~A24.K_22L.png,182418.1~A24.K_22R.png,train,/data5/chensx/MyProject/UAE/data/arrangement_merged/chr_22/182418.1~A24.K_22L.png,/data5/chensx/MyProject/UAE/data/arrangement_merged/chr_22/182418.1~A24.K_22R.png,0,-0.0325890105508425,,0.0013015270233154,0.3433734393247685,chromosome
0,0.0011622905731201,182418,182418.2~A16.K_22,22,,normal,182418.2~A16.K_22L.png,182418.2~A16.K_22R.png,train,/data5/chensx/MyProject/UAE/data/arrangement_merged/chr_22/182418.2~A16.K_22L.png,/data5/chensx/MyProject/UAE/data/arrangement_merged/chr_22/182418.2~A16.K_22R.png,0,-0.2214654299851533,,0.0011622905731201,0.05899448771372574,chromosome
0,0.0009974837303161,182418,182418.2~A2.K_22,22,,normal,182418.2~A2.K_22L.png,182418.2~A2.K_22R.png,train,/data5/chensx/MyProject/UAE/data/arrangement_merged/chr_22/182418.2~A2.K_22L.png,/data5/chensx/MyProject/UAE/data/arrangement_merged/chr_22/182418.2~A2.K_22R.png,0,-0.445028486378933,,0.0009974837303161,-0.2776098792403917,chromosome
0,0.0010547637939453,182418,182418.2~A3.K_22,22,,normal,182418.2~A3.K_22L.png,182418.2~A3.K_22R.png,train,/data5/chensx/MyProject/UAE/data/arrangement_merged/chr_22/182418.2~A3.K_22L.png,/data5/chensx/MyProject/UAE/data/arrangement_merged/chr_22/182418.2~A3.K_22R.png,0,-0.3673271854044584,,0.0010547637939453,-0.1606200793694702,chromosome
0,0.0011729598045349,182418,182418.2~A33.K_22,22,,normal,182418.2~A33.K_22L.png,182418.2~A33.K_22R.png,train,/data5/chensx/MyProject/UAE/data/arrangement_merged/chr_22/182418.2~A33.K_22L.png,/data5/chensx/MyProject/UAE/data/arrangement_merged/chr_22/182418.2~A33.K_22R.png,0,-0.2069924509274728,,0.0011729598045349,0.08078551183119366,chromosome
0,0.0011013746261596,182418,182418.2~A38.K_22,22,,normal,182418.2~A38.K_22L.png,182418.2~A38.K_22R.png,train,/data5/chensx/MyProject/UAE/data/arrangement_merged/chr_22/182418.2~A38.K_22L.png,/data5/chensx/MyProject/UAE/data/arrangement_merged/chr_22/182418.2~A38.K_22R.png,0,-0.3040988634876643,,0.0011013746261596,-0.06542130361622034,chromosome
0,0.0010416507720947,182418,182418.3~A15.K_22,22,,normal,182418.3~A15.K_22L.png,182418.3~A15.K_22R.png,train,/data5/chensx/MyProject/UAE/data/arrangement_merged/chr_22/182418.3~A15.K_22L.png,/data5/chensx/MyProject/UAE/data/arrangement_merged/chr_22/182418.3~A15.K_22R.png,0,-0.3851152043580322,,0.0010416507720947,-0.18740234364793823,chromosome
0,0.0012151002883911,182418,182418.3~A25.K_22,22,,normal,182418.3~A25.K_22L.png,182418.3~A25.K_22R.png,train,/data5/chensx/MyProject/UAE/data/arrangement_merged/chr_22/182418.3~A25.K_22L.png,/data5/chensx/MyProject/UAE/data/arrangement_merged/chr_22/182418.3~A25.K_22R.png,0,-0.1498282263812152,,0.0012151002883911,0.16685397021690437,chromosome
0,0.0009293556213378,182418,182418.3~A49.K_22,22,,normal,182418.3~A49.K_22L.png,182418.3~A49.K_22R.png,train,/data5/chensx/MyProject/UAE/data/arrangement_merged/chr_22/182418.3~A49.K_22L.png,/data5/chensx/MyProject/UAE/data/arrangement_merged/chr_22/182418.3~A49.K_22R.png,0,-0.5374453303059096,,0.0009293556213378,-0.4167559159234345,chromosome
0,0.0019261240959167,182418,182418.4~A15.K_22,22,,normal,182418.4~A15.K_22L.png,182418.4~A15.K_22R.png,train,/data5/chensx/MyProject/UAE/data/arrangement_merged/chr_22/182418.4~A15.K_22L.png,/data5/chensx/MyProject/UAE/data/arrangement_merged/chr_22/182418.4~A15.K_22R.png,0,0.81468667406052,,0.0019261240959167,1.6190613819327728,chromosome
0,0.0010281205177307,182418,182418.4~A6.K_22,22,,normal,182418.4~A6.K_22L.png,182418.4~A6.K_22R.png,train,/data5/chensx/MyProject/UAE/data/arrangement_merged/chr_22/182418.4~A6.K_22L.png,/data5/chensx/MyProject/UAE/data/arrangement_merged/chr_22/182418.4~A6.K_22R.png,0,-0.403469205732856,,0.0010281205177307,-0.21503677088066397,chromosome
0,0.0011252164840698,182418,182418.5~A16.K_22,22,,normal,182418.5~A16.K_22L.png,182418.5~A16.K_22R.png,train,/data5/chensx/MyProject/UAE/data/arrangement_merged/chr_22/182418.5~A16.K_22L.png,/data5/chensx/MyProject/UAE/data/arrangement_merged/chr_22/182418.5~A16.K_22R.png,0,-0.2717570108448028,,0.0011252164840698,-0.016726277655331925,chromosome
0,0.001074194908142,182418,182418.5~A17.K_22,22,,normal,182418.5~A17.K_22L.png,182418.5~A17.K_22R.png,train,/data5/chensx/MyProject/UAE/data/arrangement_merged/chr_22/182418.5~A17.K_22L.png,/data5/chensx/MyProject/UAE/data/arrangement_merged/chr_22/182418.5~A17.K_22R.png,0,-0.3409685755005263,,0.001074194908142,-0.12093363321157637,chromosome
0,0.0013099908828735,182418,182418.5~A3.K_22,22,,normal,182418.5~A3.K_22L.png,182418.5~A3.K_22R.png,train,/data5/chensx/MyProject/UAE/data/arrangement_merged/chr_22/182418.5~A3.K_22L.png,/data5/chensx/MyProject/UAE/data/arrangement_merged/chr_22/182418.5~A3.K_22R.png,0,-0.0211076528626267,,0.0013099908828735,0.36066017354084123,chromosome
0,0.0010902881622314,182418,182418.5~A30.K_22,22,,normal,182418.5~A30.K_22L.png,182418.5~A30.K_22R.png,train,/data5/chensx/MyProject/UAE/data/arrangement_merged/chr_22/182418.5~A30.K_22L.png,/data5/chensx/MyProject/UAE/data/arrangement_merged/chr_22/182418.5~A30.K_22R.png,0,-0.3191378249665949,,0.0010902881622314,-0.08806449068794599,chromosome
0,0.0009829401969909,182418,182418.5~A5.K_22,22,,normal,182418.5~A5.K_22L.png,182418.5~A5.K_22R.png,train,/data5/chensx/MyProject/UAE/data/arrangement_merged/chr_22/182418.5~A5.K_22L.png,/data5/chensx/MyProject/UAE/data/arrangement_merged/chr_22/182418.5~A5.K_22R.png,0,-0.4647570164910785,,0.0009829401969909,-0.3073138450764891,chromosome
0,0.0015336275100708,182747,182747.11~A42.K_22,22,,normal,182747.11~A42.K_22L.png,182747.11~A42.K_22R.png,train,/data5/chensx/MyProject/UAE/data/arrangement_merged/chr_22/182747.11~A42.K_22L.png,/data5/chensx/MyProject/UAE/data/arrangement_merged/chr_22/182747.11~A42.K_22R.png,0,0.3007321684758527,,0.0015336275100708,0.8174195170532095,chromosome
0,0.0011249780654907,182747,182747.12~A10.K_22,22,,normal,182747.12~A10.K_22L.png,182747.12~A10.K_22R.png,train,/data5/chensx/MyProject/UAE/data/arrangement_merged/chr_22/182747.12~A10.K_22L.png,/data5/chensx/MyProject/UAE/data/arrangement_merged/chr_22/182747.12~A10.K_22R.png,0,-0.2446532164205915,,0.0011249780654907,-0.017213227914936374,chromosome
0,0.0009214282035827,182747,182747.12~A14.K_22,22,,normal,182747.12~A14.K_22L.png,182747.12~A14.K_22R.png,train,/data5/chensx/MyProject/UAE/data/arrangement_merged/chr_22/182747.12~A14.K_22L.png,/data5/chensx/MyProject/UAE/data/arrangement_merged/chr_22/182747.12~A14.K_22R.png,0,-0.5163117767212562,,0.0009214282035827,-0.4329470120553451,chromosome
0,0.0010833740234375,182747,182747.12~A18.K_22,22,,normal,182747.12~A18.K_22L.png,182747.12~A18.K_22R.png,train,/data5/chensx/MyProject/UAE/data/arrangement_merged/chr_22/182747.12~A18.K_22L.png,/data5/chensx/MyProject/UAE/data/arrangement_merged/chr_22/182747.12~A18.K_22R.png,0,-0.3001781578817523,,0.0010833740234375,-0.10218604821648526,chromosome
0,0.0010807514190673,182747,182747.12~A26.K_22,22,,normal,182747.12~A26.K_22L.png,182747.12~A26.K_22R.png,train,/data5/chensx/MyProject/UAE/data/arrangement_merged/chr_22/182747.12~A26.K_22L.png,/data5/chensx/MyProject/UAE/data/arrangement_merged/chr_22/182747.12~A26.K_22R.png,0,-0.3036782974581005,,0.0010807514190673,-0.10754250107234237,chromosome
0,0.0010882019996643,182747,182747.12~A28.K_22,22,,normal,182747.12~A28.K_22L.png,182747.12~A28.K_22R.png,train,/data5/chensx/MyProject/UAE/data/arrangement_merged/chr_22/182747.12~A28.K_22L.png,/data5/chensx/MyProject/UAE/data/arrangement_merged/chr_22/182747.12~A28.K_22R.png,0,-0.2937347191162021,,0.0010882019996643,-0.09232530545943711,chromosome
0,0.001299500465393,182747,182747.12~A4.K_22,22,,normal,182747.12~A4.K_22L.png,182747.12~A4.K_22R.png,train,/data5/chensx/MyProject/UAE/data/arrangement_merged/chr_22/182747.12~A4.K_22L.png,/data5/chensx/MyProject/UAE/data/arrangement_merged/chr_22/182747.12~A4.K_22R.png,0,-0.011734837339963,,0.001299500465393,0.3392343621180257,chromosome
0,0.0010381937026977,182747,182747.13~A33.K_22,22,,normal,182747.13~A33.K_22L.png,182747.13~A33.K_22R.png,train,/data5/chensx/MyProject/UAE/data/arrangement_merged/chr_22/182747.13~A33.K_22L.png,/data5/chensx/MyProject/UAE/data/arrangement_merged/chr_22/182747.13~A33.K_22R.png,0,-0.3604760169470242,,0.0010381937026977,-0.19446312241231037,chromosome
0,0.0012018680572509,182747,182747.13~A45.K_22,22,,normal,182747.13~A45.K_22L.png,182747.13~A45.K_22R.png,train,/data5/chensx/MyProject/UAE/data/arrangement_merged/chr_22/182747.13~A45.K_22L.png,/data5/chensx/MyProject/UAE/data/arrangement_merged/chr_22/182747.13~A45.K_22R.png,0,-0.1420354879321998,,0.0012018680572509,0.13982823080853138,chromosome
0,0.0012577772140502,182747,182747.13~A5.K_22,22,,normal,182747.13~A5.K_22L.png,182747.13~A5.K_22R.png,train,/data5/chensx/MyProject/UAE/data/arrangement_merged/chr_22/182747.13~A5.K_22L.png,/data5/chensx/MyProject/UAE/data/arrangement_merged/chr_22/182747.13~A5.K_22R.png,0,-0.0674188760545941,,0.0012577772140502,0.2540180666865723,chromosome
0,0.0012564659118652,182747,182747.1~A15.K_22,22,,normal,182747.1~A15.K_22L.png,182747.1~A15.K_22R.png,train,/data5/chensx/MyProject/UAE/data/arrangement_merged/chr_22/182747.1~A15.K_22L.png,/data5/chensx/MyProject/UAE/data/arrangement_merged/chr_22/182747.1~A15.K_22R.png,0,-0.0691689458427682,,0.0012564659118652,0.2513398402588479,chromosome
0,0.0009916424751281,182747,182747.1~A42.K_22,22,,normal,182747.1~A42.K_22L.png,182747.1~A42.K_22R.png,train,/data5/chensx/MyProject/UAE/data/arrangement_merged/chr_22/182747.1~A42.K_22L.png,/data5/chensx/MyProject/UAE/data/arrangement_merged/chr_22/182747.1~A42.K_22R.png,0,-0.4226034944272056,,0.0009916424751281,-0.2895401606008115,chromosome
0,0.0010613203048706,182747,182747.2~A13.K_22,22,,normal,182747.2~A13.K_22L.png,182747.2~A13.K_22R.png,train,/data5/chensx/MyProject/UAE/data/arrangement_merged/chr_22/182747.2~A13.K_22L.png,/data5/chensx/MyProject/UAE/data/arrangement_merged/chr_22/182747.2~A13.K_22R.png,0,-0.3296111497737716,,0.0010613203048706,-0.14722894723023577,chromosome
0,0.0010434985160827,182747,182747.3~A20.K_22,22,,normal,182747.3~A20.K_22L.png,182747.3~A20.K_22R.png,train,/data5/chensx/MyProject/UAE/data/arrangement_merged/chr_22/182747.3~A20.K_22L.png,/data5/chensx/MyProject/UAE/data/arrangement_merged/chr_22/182747.3~A20.K_22R.png,0,-0.3533961891675926,,0.0010434985160827,-0.18362847913605243,chromosome
0,0.001084566116333,182747,182747.3~A24.K_22,22,,normal,182747.3~A24.K_22L.png,182747.3~A24.K_22R.png,train,/data5/chensx/MyProject/UAE/data/arrangement_merged/chr_22/182747.3~A24.K_22L.png,/data5/chensx/MyProject/UAE/data/arrangement_merged/chr_22/182747.3~A24.K_22R.png,0,-0.2985871853470485,,0.001084566116333,-0.09975129691846123,chromosome
0,0.0009301900863647,182747,182747.3~A35.K_22,22,,normal,182747.3~A35.K_22L.png,182747.3~A35.K_22R.png,train,/data5/chensx/MyProject/UAE/data/arrangement_merged/chr_22/182747.3~A35.K_22L.png,/data5/chensx/MyProject/UAE/data/arrangement_merged/chr_22/182747.3~A35.K_22R.png,0,-0.5046181285911837,,0.0009301900863647,-0.4150515900147155,chromosome
0,0.0007746219635009,182747,182747.4~A1.K_22,22,,normal,182747.4~A1.K_22L.png,182747.4~A1.K_22R.png,train,/data5/chensx/MyProject/UAE/data/arrangement_merged/chr_22/182747.4~A1.K_22L.png,/data5/chensx/MyProject/UAE/data/arrangement_merged/chr_22/182747.4~A1.K_22R.png,0,-0.7122400443700226,,0.0007746219635009,-0.7327866344089937,chromosome
0,0.0009855031967163,182747,182747.4~A32.K_22,22,,normal,182747.4~A32.K_22L.png,182747.4~A32.K_22R.png,train,/data5/chensx/MyProject/UAE/data/arrangement_merged/chr_22/182747.4~A32.K_22L.png,/data5/chensx/MyProject/UAE/data/arrangement_merged/chr_22/182747.4~A32.K_22R.png,0,-0.4307970029809298,,0.0009855031967163,-0.3020791297855845,chromosome
0,0.001054048538208,182747,182747.4~A33.K_22,22,,normal,182747.4~A33.K_22L.png,182747.4~A33.K_22R.png,train,/data5/chensx/MyProject/UAE/data/arrangement_merged/chr_22/182747.4~A33.K_22L.png,/data5/chensx/MyProject/UAE/data/arrangement_merged/chr_22/182747.4~A33.K_22R.png,0,-0.3393160822354644,,0.001054048538208,-0.16208093014828445,chromosome
0,0.0010826587677001,182747,182747.4~A35.K_22,22,,normal,182747.4~A35.K_22L.png,182747.4~A35.K_22R.png,train,/data5/chensx/MyProject/UAE/data/arrangement_merged/chr_22/182747.4~A35.K_22L.png,/data5/chensx/MyProject/UAE/data/arrangement_merged/chr_22/182747.4~A35.K_22R.png,0,-0.3011327414025745,,0.0010826587677001,-0.1036468989955041,chromosome
0,0.0012885928153991,182747,182747.4~A41.K_22,22,,normal,182747.4~A41.K_22L.png,182747.4~A41.K_22R.png,train,/data5/chensx/MyProject/UAE/data/arrangement_merged/chr_22/182747.4~A41.K_22L.png,/data5/chensx/MyProject/UAE/data/arrangement_merged/chr_22/182747.4~A41.K_22R.png,0,-0.0262922360325023,,0.0012885928153991,0.3169563877409529,chromosome
0,0.001177430152893,182747,182747.4~A43.K_22,22,,normal,182747.4~A43.K_22L.png,182747.4~A43.K_22R.png,train,/data5/chensx/MyProject/UAE/data/arrangement_merged/chr_22/182747.4~A43.K_22L.png,/data5/chensx/MyProject/UAE/data/arrangement_merged/chr_22/182747.4~A43.K_22R.png,0,-0.1746504248936266,,0.001177430152893,0.08991582919873282,chromosome
0,0.001293659210205,182747,182747.4~A9.K_22,22,,normal,182747.4~A9.K_22L.png,182747.4~A9.K_22R.png,train,/data5/chensx/MyProject/UAE/data/arrangement_merged/chr_22/182747.4~A9.K_22L.png,/data5/chensx/MyProject/UAE/data/arrangement_merged/chr_22/182747.4~A9.K_22R.png,0,-0.0195306027600113,,0.001293659210205,0.3273040807576059,chromosome
0,0.0010440349578857,183038,183038.11~A13.K_22,22,,normal,183038.11~A13.K_22L.png,183038.11~A13.K_22R.png,train,/data5/chensx/MyProject/UAE/data/arrangement_merged/chr_22/183038.11~A13.K_22L.png,/data5/chensx/MyProject/UAE/data/arrangement_merged/chr_22/183038.11~A13.K_22R.png,0,-0.3665334020803003,,0.0010440349578857,-0.1825328410518906,chromosome
0,0.0010545849800109,183038,183038.11~A39.K_22,22,,normal,183038.11~A39.K_22L.png,183038.11~A39.K_22R.png,train,/data5/chensx/MyProject/UAE/data/arrangement_merged/chr_22/183038.11~A39.K_22L.png,/data5/chensx/MyProject/UAE/data/arrangement_merged/chr_22/183038.11~A39.K_22R.png,0,-0.3529246227196755,,0.0010545849800109,-0.1609852920643268,chromosome
0,0.0011016130447387,183038,183038.12~A11.K_22,22,,normal,183038.12~A11.K_22L.png,183038.12~A11.K_22R.png,train,/data5/chensx/MyProject/UAE/data/arrangement_merged/chr_22/183038.12~A11.K_22L.png,/data5/chensx/MyProject/UAE/data/arrangement_merged/chr_22/183038.12~A11.K_22R.png,0,-0.2922617587901108,,0.0011016130447387,-0.06493435335661589,chromosome
0,0.0011078119277954,183038,183038.12~A45.K_22,22,,normal,183038.12~A45.K_22L.png,183038.12~A45.K_22R.png,train,/data5/chensx/MyProject/UAE/data/arrangement_merged/chr_22/183038.12~A45.K_22L.png,/data5/chensx/MyProject/UAE/data/arrangement_merged/chr_22/183038.12~A45.K_22R.png,0,-0.2842656398437551,,0.0011078119277954,-0.052273646606686694,chromosome
0,0.0009772181510925,183038,183038.13~A11.K_22,22,,normal,183038.13~A11.K_22L.png,183038.13~A11.K_22R.png,train,/data5/chensx/MyProject/UAE/data/arrangement_merged/chr_22/183038.13~A11.K_22L.png,/data5/chensx/MyProject/UAE/data/arrangement_merged/chr_22/183038.13~A11.K_22R.png,0,-0.4527223380309239,,0.0009772181510925,-0.31900065130700433,chromosome
0,0.0009204149246215,183038,183038.13~A29.K_22,22,,normal,183038.13~A29.K_22L.png,183038.13~A29.K_22R.png,train,/data5/chensx/MyProject/UAE/data/arrangement_merged/chr_22/183038.13~A29.K_22L.png,/data5/chensx/MyProject/UAE/data/arrangement_merged/chr_22/183038.13~A29.K_22R.png,0,-0.5259944664528189,,0.0009204149246215,-0.43501655065871675,chromosome
0,0.0008912086486816,183038,183038.13~A39.K_22,22,,normal,183038.13~A39.K_22L.png,183038.13~A39.K_22R.png,train,/data5/chensx/MyProject/UAE/data/arrangement_merged/chr_22/183038.13~A39.K_22L.png,/data5/chensx/MyProject/UAE/data/arrangement_merged/chr_22/183038.13~A39.K_22R.png,0,-0.5636684884116107,,0.0008912086486816,-0.4946679574606114,chromosome
0,0.0009595155715942,183038,183038.13~A47.K_22,22,,normal,183038.13~A47.K_22L.png,183038.13~A47.K_22R.png,train,/data5/chensx/MyProject/UAE/data/arrangement_merged/chr_22/183038.13~A47.K_22L.png,/data5/chensx/MyProject/UAE/data/arrangement_merged/chr_22/183038.13~A47.K_22R.png,0,-0.4755574084834977,,0.0009595155715942,-0.3551567080829163,chromosome
0,0.0010933876037597,183038,183038.14~A2.K_22,22,,normal,183038.14~A2.K_22L.png,183038.14~A2.K_22R.png,train,/data5/chensx/MyProject/UAE/data/arrangement_merged/chr_22/183038.14~A2.K_22L.png,/data5/chensx/MyProject/UAE/data/arrangement_merged/chr_22/183038.14~A2.K_22R.png,0,-0.3028719935458522,,0.0010933876037597,-0.0817341373130837,chromosome
0,0.0010926723480224,183038,183038.14~A3.K_22,22,,normal,183038.14~A3.K_22L.png,183038.14~A3.K_22R.png,train,/data5/chensx/MyProject/UAE/data/arrangement_merged/chr_22/183038.14~A3.K_22L.png,/data5/chensx/MyProject/UAE/data/arrangement_merged/chr_22/183038.14~A3.K_22R.png,0,-0.3037946226550471,,0.0010926723480224,-0.08319498809189795,chromosome
0,0.0010368227958679,183038,183038.14~A30.K_22,22,,normal,183038.14~A30.K_22L.png,183038.14~A30.K_22R.png,train,/data5/chensx/MyProject/UAE/data/arrangement_merged/chr_22/183038.14~A30.K_22L.png,/data5/chensx/MyProject/UAE/data/arrangement_merged/chr_22/183038.14~A30.K_22R.png,0,-0.3758365789313489,,0.0010368227958679,-0.19726308640498683,chromosome
0,0.0010225176811218,183038,183038.14~A34.K_22,22,,normal,183038.14~A34.K_22L.png,183038.14~A34.K_22R.png,train,/data5/chensx/MyProject/UAE/data/arrangement_merged/chr_22/183038.14~A34.K_22L.png,/data5/chensx/MyProject/UAE/data/arrangement_merged/chr_22/183038.14~A34.K_22R.png,0,-0.3942891611152469,,0.0010225176811218,-0.2264801019814793,chromosome
0,0.0010638833045959,183038,183038.14~A48.K_22,22,,normal,183038.14~A48.K_22L.png,183038.14~A48.K_22R.png,train,/data5/chensx/MyProject/UAE/data/arrangement_merged/chr_22/183038.14~A48.K_22L.png,/data5/chensx/MyProject/UAE/data/arrangement_merged/chr_22/183038.14~A48.K_22R.png,0,-0.3409304443001418,,0.0010638833045959,-0.1419942319395353,chromosome
0,0.0009062886238098,183038,183038.14~A9.K_22,22,,normal,183038.14~A9.K_22L.png,183038.14~A9.K_22R.png,train,/data5/chensx/MyProject/UAE/data/arrangement_merged/chr_22/183038.14~A9.K_22L.png,/data5/chensx/MyProject/UAE/data/arrangement_merged/chr_22/183038.14~A9.K_22R.png,0,-0.5442163913594182,,0.0009062886238098,-0.46386835354035216,chromosome
0,0.0012915134429931,183038,183038.1~A28.K_22,22,,normal,183038.1~A28.K_22L.png,183038.1~A28.K_22R.png,train,/data5/chensx/MyProject/UAE/data/arrangement_merged/chr_22/183038.1~A28.K_22L.png,/data5/chensx/MyProject/UAE/data/arrangement_merged/chr_22/183038.1~A28.K_22R.png,0,-0.0473037302988648,,0.0012915134429931,0.3229215284211628,chromosome
0,0.0011468529701232,183038,183038.2~A12.K_22,22,,normal,183038.2~A12.K_22L.png,183038.2~A12.K_22R.png,train,/data5/chensx/MyProject/UAE/data/arrangement_merged/chr_22/183038.2~A12.K_22L.png,/data5/chensx/MyProject/UAE/data/arrangement_merged/chr_22/183038.2~A12.K_22R.png,0,-0.2339054676335334,,0.0011468529701232,0.027464458403957115,chromosome
0,0.0009955763816833,183038,183038.2~A13.K_22,22,,normal,183038.2~A13.K_22L.png,183038.2~A13.K_22R.png,train,/data5/chensx/MyProject/UAE/data/arrangement_merged/chr_22/183038.2~A13.K_22L.png,/data5/chensx/MyProject/UAE/data/arrangement_merged/chr_22/183038.2~A13.K_22R.png,0,-0.4290415242282548,,0.0009955763816833,-0.2815054813172304,chromosome
0,0.0008636713027954,183038,183038.2~A15.K_22,22,,normal,183038.2~A15.K_22L.png,183038.2~A15.K_22R.png,train,/data5/chensx/MyProject/UAE/data/arrangement_merged/chr_22/183038.2~A15.K_22L.png,/data5/chensx/MyProject/UAE/data/arrangement_merged/chr_22/183038.2~A15.K_22R.png,0,-0.5991897091156143,,0.0008636713027954,-0.5509107124452725,chromosome
0,0.0010529160499572,183038,183038.2~A21.K_22,22,,normal,183038.2~A21.K_22L.png,183038.2~A21.K_22R.png,train,/data5/chensx/MyProject/UAE/data/arrangement_merged/chr_22/183038.2~A21.K_22L.png,/data5/chensx/MyProject/UAE/data/arrangement_merged/chr_22/183038.2~A21.K_22R.png,0,-0.3550774239744637,,0.0010529160499572,-0.1643939438815606,chromosome
0,0.0016472339630126,183038,183038.2~A43.K_22,22,,normal,183038.2~A43.K_22L.png,183038.2~A43.K_22R.png,train,/data5/chensx/MyProject/UAE/data/arrangement_merged/chr_22/183038.2~A43.K_22L.png,/data5/chensx/MyProject/UAE/data/arrangement_merged/chr_22/183038.2~A43.K_22R.png,0,0.4115504800073989,,0.0016472339630126,1.0494513157562255,chromosome
0,0.0010420083999633,183038,183038.2~A46.K_22,22,,normal,183038.2~A46.K_22L.png,183038.2~A46.K_22R.png,train,/data5/chensx/MyProject/UAE/data/arrangement_merged/chr_22/183038.2~A46.K_22L.png,/data5/chensx/MyProject/UAE/data/arrangement_merged/chr_22/183038.2~A46.K_22R.png,0,-0.3691475178896859,,0.0010420083999633,-0.1866719182586334,chromosome
0,0.0013096332550048,183038,183038.2~A47.K_22,22,,normal,183038.2~A47.K_22L.png,183038.2~A47.K_22R.png,train,/data5/chensx/MyProject/UAE/data/arrangement_merged/chr_22/183038.2~A47.K_22L.png,/data5/chensx/MyProject/UAE/data/arrangement_merged/chr_22/183038.2~A47.K_22R.png,0,-0.023930459532594,,0.0013096332550048,0.3599297481513318,chromosome
0,0.0008525848388671,183038,183038.3~A12.K_22,22,,normal,183038.3~A12.K_22L.png,183038.3~A12.K_22R.png,train,/data5/chensx/MyProject/UAE/data/arrangement_merged/chr_22/183038.3~A12.K_22L.png,/data5/chensx/MyProject/UAE/data/arrangement_merged/chr_22/183038.3~A12.K_22R.png,0,-0.6134904603081354,,0.0008525848388671,-0.573553899517202,chromosome
0,0.000941514968872,183038,183038.3~A19.K_22,22,,normal,183038.3~A19.K_22L.png,183038.3~A19.K_22R.png,train,/data5/chensx/MyProject/UAE/data/arrangement_merged/chr_22/183038.3~A19.K_22L.png,/data5/chensx/MyProject/UAE/data/arrangement_merged/chr_22/183038.3~A19.K_22R.png,0,-0.4987769077315694,,0.000941514968872,-0.39192145268338535,chromosome
0,0.0013542175292968,183038,183038.3~A30.K_22,22,,normal,183038.3~A30.K_22L.png,183038.3~A30.K_22R.png,train,/data5/chensx/MyProject/UAE/data/arrangement_merged/chr_22/183038.3~A30.K_22L.png,/data5/chensx/MyProject/UAE/data/arrangement_merged/chr_22/183038.3~A30.K_22R.png,0,0.033580088273888,,0.0013542175292968,0.4509894466980426,chromosome
0,0.0009462833404541,183038,183038.3~A36.K_22,22,,normal,183038.3~A36.K_22L.png,183038.3~A36.K_22R.png,train,/data5/chensx/MyProject/UAE/data/arrangement_merged/chr_22/183038.3~A36.K_22L.png,/data5/chensx/MyProject/UAE/data/arrangement_merged/chr_22/183038.3~A36.K_22R.png,0,-0.4926260470036034,,0.0009462833404541,-0.3821824474910849,chromosome
0,0.0010145902633666,183038,183038.4~A15.K_22,22,,normal,183038.4~A15.K_22L.png,183038.4~A15.K_22R.png,train,/data5/chensx/MyProject/UAE/data/arrangement_merged/chr_22/183038.4~A15.K_22L.png,/data5/chensx/MyProject/UAE/data/arrangement_merged/chr_22/183038.4~A15.K_22R.png,0,-0.4045149670754904,,0.0010145902633666,-0.24267119811359433,chromosome
0,0.001042366027832,183038,183038.4~A24.K_22,22,,normal,183038.4~A24.K_22L.png,183038.4~A24.K_22R.png,train,/data5/chensx/MyProject/UAE/data/arrangement_merged/chr_22/183038.4~A24.K_22L.png,/data5/chensx/MyProject/UAE/data/arrangement_merged/chr_22/183038.4~A24.K_22R.png,0,-0.3686862033350884,,0.001042366027832,-0.18594149286912398,chromosome
0,0.0009954571723937,183038,183038.4~A36.K_22,22,,normal,183038.4~A36.K_22L.png,183038.4~A36.K_22R.png,train,/data5/chensx/MyProject/UAE/data/arrangement_merged/chr_22/183038.4~A36.K_22L.png,/data5/chensx/MyProject/UAE/data/arrangement_merged/chr_22/183038.4~A36.K_22R.png,0,-0.429195295746454,,0.0009954571723937,-0.281748956447135,chromosome
0,0.0014815330505371,183038,183038.4~A39.K_22,22,,normal,183038.4~A39.K_22L.png,183038.4~A39.K_22R.png,train,/data5/chensx/MyProject/UAE/data/arrangement_merged/chr_22/183038.4~A39.K_22L.png,/data5/chensx/MyProject/UAE/data/arrangement_merged/chr_22/183038.4~A39.K_22R.png,0,0.1978080697105803,,0.0014815330505371,0.7110208853288456,chromosome
0,0.0010831356048583,183079,183079.11~A27.K_22,22,,normal,183079.11~A27.K_22L.png,183079.11~A27.K_22R.png,train,/data5/chensx/MyProject/UAE/data/arrangement_merged/chr_22/183079.11~A27.K_22L.png,/data5/chensx/MyProject/UAE/data/arrangement_merged/chr_22/183079.11~A27.K_22R.png,0,-0.2759071725379394,,0.0010831356048583,-0.10267299847629431,chromosome
0,0.0011228919029235,183079,183079.12~A27.K_22,22,,normal,183079.12~A27.K_22L.png,183079.12~A27.K_22R.png,train,/data5/chensx/MyProject/UAE/data/arrangement_merged/chr_22/183079.12~A27.K_22L.png,/data5/chensx/MyProject/UAE/data/arrangement_merged/chr_22/183079.12~A27.K_22R.png,0,-0.2221466571982806,,0.0011228919029235,-0.021474042686631657,chromosome
0,0.001142680644989,183079,183079.12~A37.K_22,22,,normal,183079.12~A37.K_22L.png,183079.12~A37.K_22R.png,train,/data5/chensx/MyProject/UAE/data/arrangement_merged/chr_22/183079.12~A37.K_22L.png,/data5/chensx/MyProject/UAE/data/arrangement_merged/chr_22/183079.12~A37.K_22R.png,0,-0.1953873002376109,,0.001142680644989,0.01894282886097533,chromosome
0,0.0011146068572998,183079,183079.12~A44.K_22,22,,normal,183079.12~A44.K_22L.png,183079.12~A44.K_22R.png,train,/data5/chensx/MyProject/UAE/data/arrangement_merged/chr_22/183079.12~A44.K_22L.png,/data5/chensx/MyProject/UAE/data/arrangement_merged/chr_22/183079.12~A44.K_22R.png,0,-0.2333501229137418,,0.0011146068572998,-0.038395564207847795,chromosome
0,0.0009196996688842,183079,183079.13~A12.K_22,22,,normal,183079.13~A12.K_22L.png,183079.13~A12.K_22R.png,train,/data5/chensx/MyProject/UAE/data/arrangement_merged/chr_22/183079.13~A12.K_22L.png,/data5/chensx/MyProject/UAE/data/arrangement_merged/chr_22/183079.13~A12.K_22R.png,0,-0.496913668881784,,0.0009196996688842,-0.43647740143753094,chromosome
0,0.0010536313056945,183079,183079.13~A19.K_22,22,,normal,183079.13~A19.K_22L.png,183079.13~A19.K_22R.png,train,/data5/chensx/MyProject/UAE/data/arrangement_merged/chr_22/183079.13~A19.K_22L.png,/data5/chensx/MyProject/UAE/data/arrangement_merged/chr_22/183079.13~A19.K_22R.png,0,-0.3158044065606247,,0.0010536313056945,-0.16293309310274592,chromosome
0,0.0009809732437133,183079,183079.13~A27.K_22,22,,normal,183079.13~A27.K_22L.png,183079.13~A27.K_22R.png,train,/data5/chensx/MyProject/UAE/data/arrangement_merged/chr_22/183079.13~A27.K_22L.png,/data5/chensx/MyProject/UAE/data/arrangement_merged/chr_22/183079.13~A27.K_22R.png,0,-0.4140563828710356,,0.0009809732437133,-0.31133118471827986,chromosome
0,0.0010330080986022,183079,183079.13~A6.K_22,22,,normal,183079.13~A6.K_22L.png,183079.13~A6.K_22R.png,train,/data5/chensx/MyProject/UAE/data/arrangement_merged/chr_22/183079.13~A6.K_22L.png,/data5/chensx/MyProject/UAE/data/arrangement_merged/chr_22/183079.13~A6.K_22R.png,0,-0.3436921701401179,,0.0010330080986022,-0.20505429055886795,chromosome
0,0.0011104345321655,183079,183079.13~A9.K_22,22,,normal,183079.13~A9.K_22L.png,183079.13~A9.K_22R.png,train,/data5/chensx/MyProject/UAE/data/arrangement_merged/chr_22/183079.13~A9.K_22L.png,/data5/chensx/MyProject/UAE/data/arrangement_merged/chr_22/183079.13~A9.K_22R.png,0,-0.2389921560078589,,0.0011104345321655,-0.046917193751033745,chromosome
0,0.0009331703186035,183079,183079.14~A11.K_22,22,,normal,183079.14~A11.K_22L.png,183079.14~A11.K_22R.png,train,/data5/chensx/MyProject/UAE/data/arrangement_merged/chr_22/183079.14~A11.K_22L.png,/data5/chensx/MyProject/UAE/data/arrangement_merged/chr_22/183079.14~A11.K_22R.png,0,-0.4786979620350631,,0.0009331703186035,-0.4089647117695533,chromosome
0,0.0010902285575866,183079,183079.14~A13.K_22,22,,normal,183079.14~A13.K_22L.png,183079.14~A13.K_22R.png,train,/data5/chensx/MyProject/UAE/data/arrangement_merged/chr_22/183079.14~A13.K_22L.png,/data5/chensx/MyProject/UAE/data/arrangement_merged/chr_22/183079.14~A13.K_22R.png,0,-0.2663157162779404,,0.0010902285575866,-0.08818622825289804,chromosome
0,0.0010786652565002,183079,183079.14~A23.K_22,22,,normal,183079.14~A23.K_22L.png,183079.14~A23.K_22R.png,train,/data5/chensx/MyProject/UAE/data/arrangement_merged/chr_22/183079.14~A23.K_22L.png,/data5/chensx/MyProject/UAE/data/arrangement_merged/chr_22/183079.14~A23.K_22R.png,0,-0.2819522079959221,,0.0010786652565002,-0.11180331584383348,chromosome
0,0.0009374618530273,183079,183079.14~A24.K_22,22,,normal,183079.14~A24.K_22L.png,183079.14~A24.K_22R.png,train,/data5/chensx/MyProject/UAE/data/arrangement_merged/chr_22/183079.14~A24.K_22L.png,/data5/chensx/MyProject/UAE/data/arrangement_merged/chr_22/183079.14~A24.K_22R.png,0,-0.4728947279953998,,0.0009374618530273,-0.400199607096667,chromosome
0,0.001051127910614,183079,183079.14~A26.K_22,22,,normal,183079.14~A26.K_22L.png,183079.14~A26.K_22R.png,train,/data5/chensx/MyProject/UAE/data/arrangement_merged/chr_22/183079.14~A26.K_22L.png,/data5/chensx/MyProject/UAE/data/arrangement_merged/chr_22/183079.14~A26.K_22R.png,0,-0.319189626417095,,0.001051127910614,-0.16804607082849432,chromosome
0,0.0010281801223754,183079,183079.14~A28.K_22,22,,normal,183079.14~A28.K_22L.png,183079.14~A28.K_22R.png,train,/data5/chensx/MyProject/UAE/data/arrangement_merged/chr_22/183079.14~A28.K_22L.png,/data5/chensx/MyProject/UAE/data/arrangement_merged/chr_22/183079.14~A28.K_22R.png,0,-0.3502208084347391,,0.0010281801223754,-0.2149150333159161,chromosome
0,0.000914990901947,183079,183079.14~A3.K_22,22,,normal,183079.14~A3.K_22L.png,183079.14~A3.K_22R.png,train,/data5/chensx/MyProject/UAE/data/arrangement_merged/chr_22/183079.14~A3.K_22L.png,/data5/chensx/MyProject/UAE/data/arrangement_merged/chr_22/183079.14~A3.K_22R.png,0,-0.5032811062308591,,0.000914990901947,-0.4460946690646748,chromosome
0,0.0011674165725708,183079,183079.14~A34.K_22,22,,normal,183079.14~A34.K_22L.png,183079.14~A34.K_22R.png,train,/data5/chensx/MyProject/UAE/data/arrangement_merged/chr_22/183079.14~A34.K_22L.png,/data5/chensx/MyProject/UAE/data/arrangement_merged/chr_22/183079.14~A34.K_22R.png,0,-0.1619381040367737,,0.0011674165725708,0.06946391829533083,chromosome
0,0.0011589527130126,183079,183079.14~A38.K_22,22,,normal,183079.14~A38.K_22L.png,183079.14~A38.K_22R.png,train,/data5/chensx/MyProject/UAE/data/arrangement_merged/chr_22/183079.14~A38.K_22L.png,/data5/chensx/MyProject/UAE/data/arrangement_merged/chr_22/183079.14~A38.K_22R.png,0,-0.1733833711705542,,0.0011589527130126,0.05217718407905395,chromosome
0,0.0010148286819458,183079,183079.14~A6.K_22,22,,normal,183079.14~A6.K_22L.png,183079.14~A6.K_22R.png,train,/data5/chensx/MyProject/UAE/data/arrangement_merged/chr_22/183079.14~A6.K_22L.png,/data5/chensx/MyProject/UAE/data/arrangement_merged/chr_22/183079.14~A6.K_22R.png,0,-0.3682753143359139,,0.0010148286819458,-0.24218424785378528,chromosome
0,0.0013594627380371,183079,183079.2~A40.K_22,22,,normal,183079.2~A40.K_22L.png,183079.2~A40.K_22R.png,train,/data5/chensx/MyProject/UAE/data/arrangement_merged/chr_22/183079.2~A40.K_22L.png,/data5/chensx/MyProject/UAE/data/arrangement_merged/chr_22/183079.2~A40.K_22R.png,0,0.0977566192381596,,0.0013594627380371,0.46170235240955265,chromosome
0,0.0011186599731445,183079,183079.2~A8.K_22,22,,normal,183079.2~A8.K_22L.png,183079.2~A8.K_22R.png,train,/data5/chensx/MyProject/UAE/data/arrangement_merged/chr_22/183079.2~A8.K_22L.png,/data5/chensx/MyProject/UAE/data/arrangement_merged/chr_22/183079.2~A8.K_22R.png,0,-0.2278692907651709,,0.0011186599731445,-0.030117409794565928,chromosome
0,0.0010101795196533,183079,183079.3~A16.K_22,22,,normal,183079.3~A16.K_22L.png,183079.3~A16.K_22R.png,train,/data5/chensx/MyProject/UAE/data/arrangement_merged/chr_22/183079.3~A16.K_22L.png,/data5/chensx/MyProject/UAE/data/arrangement_merged/chr_22/183079.3~A16.K_22R.png,0,-0.3745621512122158,,0.0010101795196533,-0.251679777916181,chromosome
0,0.001236081123352,183079,183079.3~A22.K_22,22,,normal,183079.3~A22.K_22L.png,183079.3~A22.K_22R.png,train,/data5/chensx/MyProject/UAE/data/arrangement_merged/chr_22/183079.3~A22.K_22L.png,/data5/chensx/MyProject/UAE/data/arrangement_merged/chr_22/183079.3~A22.K_22R.png,0,-0.0690863594021607,,0.001236081123352,0.20970559306233122,chromosome
0,0.0009963512420654,183079,183079.3~A5.K_22,22,,normal,183079.3~A5.K_22L.png,183079.3~A5.K_22R.png,train,/data5/chensx/MyProject/UAE/data/arrangement_merged/chr_22/183079.3~A5.K_22L.png,/data5/chensx/MyProject/UAE/data/arrangement_merged/chr_22/183079.3~A5.K_22R.png,0,-0.3932614608955754,,0.0009963512420654,-0.27992289297346373,chromosome
0,0.0010247230529785,183079,183079.3~A7.K_22,22,,normal,183079.3~A7.K_22L.png,183079.3~A7.K_22R.png,train,/data5/chensx/MyProject/UAE/data/arrangement_merged/chr_22/183079.3~A7.K_22L.png,/data5/chensx/MyProject/UAE/data/arrangement_merged/chr_22/183079.3~A7.K_22R.png,0,-0.354895635855579,,0.0010247230529785,-0.22197581208008366,chromosome
0,0.0010795593261718,183079,183079.4~A13.K_22,22,,normal,183079.4~A13.K_22L.png,183079.4~A13.K_22R.png,train,/data5/chensx/MyProject/UAE/data/arrangement_merged/chr_22/183079.4~A13.K_22L.png,/data5/chensx/MyProject/UAE/data/arrangement_merged/chr_22/183079.4~A13.K_22R.png,0,-0.2807432009043255,,0.0010795593261718,-0.10997725237036639,chromosome
0,0.0009708404541015,183079,183079.4~A17.K_22,22,,normal,183079.4~A17.K_22L.png,183079.4~A17.K_22R.png,train,/data5/chensx/MyProject/UAE/data/arrangement_merged/chr_22/183079.4~A17.K_22L.png,/data5/chensx/MyProject/UAE/data/arrangement_merged/chr_22/183079.4~A17.K_22R.png,0,-0.4277584632424628,,0.0009708404541015,-0.3320265707515859,chromosome
0,0.0011477470397949,183079,183079.4~A18.K_22,22,,normal,183079.4~A18.K_22L.png,183079.4~A18.K_22R.png,train,/data5/chensx/MyProject/UAE/data/arrangement_merged/chr_22/183079.4~A18.K_22L.png,/data5/chensx/MyProject/UAE/data/arrangement_merged/chr_22/183079.4~A18.K_22R.png,0,-0.1885362600518973,,0.0011477470397949,0.029290521877628373,chromosome
0,0.0010849237442016,183079,183079.4~A23.K_22,22,,normal,183079.4~A23.K_22L.png,183079.4~A23.K_22R.png,train,/data5/chensx/MyProject/UAE/data/arrangement_merged/chr_22/183079.4~A23.K_22L.png,/data5/chensx/MyProject/UAE/data/arrangement_merged/chr_22/183079.4~A23.K_22R.png,0,-0.2734891583547464,,0.0010849237442016,-0.09902087152915597,chromosome
0,0.0009694695472717,183079,183079.4~A29.K_22,22,,normal,183079.4~A29.K_22L.png,183079.4~A29.K_22R.png,train,/data5/chensx/MyProject/UAE/data/arrangement_merged/chr_22/183079.4~A29.K_22L.png,/data5/chensx/MyProject/UAE/data/arrangement_merged/chr_22/183079.4~A29.K_22R.png,0,-0.4296122741162442,,0.0009694695472717,-0.3348265347442626,chromosome
0,0.0011138916015625,183079,183079.4~A4.K_22,22,,normal,183079.4~A4.K_22L.png,183079.4~A4.K_22R.png,train,/data5/chensx/MyProject/UAE/data/arrangement_merged/chr_22/183079.4~A4.K_22L.png,/data5/chensx/MyProject/UAE/data/arrangement_merged/chr_22/183079.4~A4.K_22R.png,0,-0.234317328587019,,0.0011138916015625,-0.039856414986662037,chromosome
0,0.0009963512420654,183079,183079.4~A50.K_22,22,,normal,183079.4~A50.K_22L.png,183079.4~A50.K_22R.png,train,/data5/chensx/MyProject/UAE/data/arrangement_merged/chr_22/183079.4~A50.K_22L.png,/data5/chensx/MyProject/UAE/data/arrangement_merged/chr_22/183079.4~A50.K_22R.png,0,-0.3932614608955754,,0.0009963512420654,-0.27992289297346373,chromosome
0,0.0011096000671386,183214,183214.11~A34.K_22,22,,normal,183214.11~A34.K_22L.png,183214.11~A34.K_22R.png,train,/data5/chensx/MyProject/UAE/data/arrangement_merged/chr_22/183214.11~A34.K_22L.png,/data5/chensx/MyProject/UAE/data/arrangement_merged/chr_22/183214.11~A34.K_22R.png,0,-0.2838888822427011,,0.0011096000671386,-0.04862151965975252,chromosome
0,0.0011078119277954,183214,183214.11~A9.K_22,22,,normal,183214.11~A9.K_22L.png,183214.11~A9.K_22R.png,train,/data5/chensx/MyProject/UAE/data/arrangement_merged/chr_22/183214.11~A9.K_22L.png,/data5/chensx/MyProject/UAE/data/arrangement_merged/chr_22/183214.11~A9.K_22R.png,0,-0.286234083259025,,0.0011078119277954,-0.052273646606686694,chromosome
0,0.0010504722595214,183214,183214.12~A1.K_22,22,,normal,183214.12~A1.K_22L.png,183214.12~A1.K_22R.png,train,/data5/chensx/MyProject/UAE/data/arrangement_merged/chr_22/183214.12~A1.K_22L.png,/data5/chensx/MyProject/UAE/data/arrangement_merged/chr_22/183214.12~A1.K_22R.png,0,-0.3614368625158142,,0.0010504722595214,-0.1693851840425607,chromosome
0,0.0009546875953674,183214,183214.12~A24.K_22,22,,normal,183214.12~A24.K_22L.png,183214.12~A24.K_22R.png,train,/data5/chensx/MyProject/UAE/data/arrangement_merged/chr_22/183214.12~A24.K_22L.png,/data5/chensx/MyProject/UAE/data/arrangement_merged/chr_22/183214.12~A24.K_22R.png,0,-0.4870614636235689,,0.0009546875953674,-0.3650174508399646,chromosome
0,0.0010421872138977,183214,183214.12~A8.K_22,22,,normal,183214.12~A8.K_22L.png,183214.12~A8.K_22R.png,train,/data5/chensx/MyProject/UAE/data/arrangement_merged/chr_22/183214.12~A8.K_22L.png,/data5/chensx/MyProject/UAE/data/arrangement_merged/chr_22/183214.12~A8.K_22R.png,0,-0.3723029605581153,,0.0010421872138977,-0.1863067055637764,chromosome
0,0.0010105371475219,183214,183214.13~A21.K_22,22,,normal,183214.13~A21.K_22L.png,183214.13~A21.K_22R.png,train,/data5/chensx/MyProject/UAE/data/arrangement_merged/chr_22/183214.13~A21.K_22L.png,/data5/chensx/MyProject/UAE/data/arrangement_merged/chr_22/183214.13~A21.K_22R.png,0,-0.4138130185470498,,0.0010105371475219,-0.2509493525268758,chromosome
0,0.0010930299758911,183214,183214.13~A34.K_22,22,,normal,183214.13~A34.K_22L.png,183214.13~A34.K_22R.png,train,/data5/chensx/MyProject/UAE/data/arrangement_merged/chr_22/183214.13~A34.K_22L.png,/data5/chensx/MyProject/UAE/data/arrangement_merged/chr_22/183214.13~A34.K_22R.png,0,-0.3056210783273033,,0.0010930299758911,-0.08246456270238851,chromosome
0,0.0009948015213012,183214,183214.13~A49.K_22,22,,normal,183214.13~A49.K_22L.png,183214.13~A49.K_22R.png,train,/data5/chensx/MyProject/UAE/data/arrangement_merged/chr_22/183214.13~A49.K_22L.png,/data5/chensx/MyProject/UAE/data/arrangement_merged/chr_22/183214.13~A49.K_22R.png,0,-0.4344507874907009,,0.0009948015213012,-0.28308806966099714,chromosome
0,0.0009499192237854,183214,183214.13~A6.K_22,22,,normal,183214.13~A6.K_22L.png,183214.13~A6.K_22R.png,train,/data5/chensx/MyProject/UAE/data/arrangement_merged/chr_22/183214.13~A6.K_22L.png,/data5/chensx/MyProject/UAE/data/arrangement_merged/chr_22/183214.13~A6.K_22R.png,0,-0.4933153330004329,,0.0009499192237854,-0.37475645603206076,chromosome
0,0.0009601712226867,183214,183214.14~A11.K_22,22,,normal,183214.14~A11.K_22L.png,183214.14~A11.K_22R.png,train,/data5/chensx/MyProject/UAE/data/arrangement_merged/chr_22/183214.14~A11.K_22L.png,/data5/chensx/MyProject/UAE/data/arrangement_merged/chr_22/183214.14~A11.K_22R.png,0,-0.4798695138401754,,0.0009601712226867,-0.35381759486905406,chromosome
0,0.0008679628372192,183214,183214.14~A17.K_22,22,,normal,183214.14~A17.K_22L.png,183214.14~A17.K_22R.png,train,/data5/chensx/MyProject/UAE/data/arrangement_merged/chr_22/183214.14~A17.K_22L.png,/data5/chensx/MyProject/UAE/data/arrangement_merged/chr_22/183214.14~A17.K_22R.png,0,-0.6008037129152822,,0.0008679628372192,-0.542145607772386,chromosome
0,0.0011836290359497,183214,183214.14~A19.K_22,22,,normal,183214.14~A19.K_22L.png,183214.14~A19.K_22R.png,train,/data5/chensx/MyProject/UAE/data/arrangement_merged/chr_22/183214.14~A19.K_22L.png,/data5/chensx/MyProject/UAE/data/arrangement_merged/chr_22/183214.14~A19.K_22R.png,0,-0.1867975601668881,,0.0011836290359497,0.10257653594866202,chromosome
0,0.0012440681457519,183214,183214.14~A21.K_22,22,,normal,183214.14~A21.K_22L.png,183214.14~A21.K_22R.png,train,/data5/chensx/MyProject/UAE/data/arrangement_merged/chr_22/183214.14~A21.K_22L.png,/data5/chensx/MyProject/UAE/data/arrangement_merged/chr_22/183214.14~A21.K_22R.png,0,-0.1075297658151374,,0.0012440681457519,0.22601842675919415,chromosome
0,0.0010206699371337,183214,183214.14~A6.K_22,22,,normal,183214.14~A6.K_22L.png,183214.14~A6.K_22R.png,train,/data5/chensx/MyProject/UAE/data/arrangement_merged/chr_22/183214.14~A6.K_22L.png,/data5/chensx/MyProject/UAE/data/arrangement_merged/chr_22/183214.14~A6.K_22R.png,0,-0.4005235461212139,,0.0010206699371337,-0.2302539664935697,chromosome
0,0.0010235905647277,183214,183214.2~A19.K_22,22,,normal,183214.2~A19.K_22L.png,183214.2~A19.K_22R.png,train,/data5/chensx/MyProject/UAE/data/arrangement_merged/chr_22/183214.2~A19.K_22L.png,/data5/chensx/MyProject/UAE/data/arrangement_merged/chr_22/183214.2~A19.K_22R.png,0,-0.3966930511278847,,0.0010235905647277,-0.2242888258133598,chromosome
0,0.0009264349937438,183214,183214.2~A25.K_22,22,,normal,183214.2~A25.K_22L.png,183214.2~A25.K_22R.png,train,/data5/chensx/MyProject/UAE/data/arrangement_merged/chr_22/183214.2~A25.K_22L.png,/data5/chensx/MyProject/UAE/data/arrangement_merged/chr_22/183214.2~A25.K_22R.png,0,-0.5241156396814879,,0.0009264349937438,-0.42272105660364434,chromosome
0,0.0009821057319641,183214,183214.2~A30.K_22,22,,normal,183214.2~A30.K_22L.png,183214.2~A30.K_22R.png,train,/data5/chensx/MyProject/UAE/data/arrangement_merged/chr_22/183214.2~A30.K_22L.png,/data5/chensx/MyProject/UAE/data/arrangement_merged/chr_22/183214.2~A30.K_22R.png,0,-0.4511017147066012,,0.0009821057319641,-0.3090181709850037,chromosome
0,0.0009047985076904,183214,183214.2~A36.K_22,22,,normal,183214.2~A36.K_22L.png,183214.2~A36.K_22R.png,train,/data5/chensx/MyProject/UAE/data/arrangement_merged/chr_22/183214.2~A36.K_22L.png,/data5/chensx/MyProject/UAE/data/arrangement_merged/chr_22/183214.2~A36.K_22R.png,0,-0.5524925719790081,,0.0009047985076904,-0.46691179266293337,chromosome
0,0.0009829998016357,183214,183214.2~A39.K_22,22,,normal,183214.2~A39.K_22L.png,183214.2~A39.K_22R.png,train,/data5/chensx/MyProject/UAE/data/arrangement_merged/chr_22/183214.2~A39.K_22L.png,/data5/chensx/MyProject/UAE/data/arrangement_merged/chr_22/183214.2~A39.K_22R.png,0,-0.4499291141984392,,0.0009829998016357,-0.3071921075115371,chromosome
0,0.0009841918945312,183214,183214.2~A45.K_22,22,,normal,183214.2~A45.K_22L.png,183214.2~A45.K_22R.png,train,/data5/chensx/MyProject/UAE/data/arrangement_merged/chr_22/183214.2~A45.K_22L.png,/data5/chensx/MyProject/UAE/data/arrangement_merged/chr_22/183214.2~A45.K_22R.png,0,-0.4483656468542232,,0.0009841918945312,-0.304757356213513,chromosome
0,0.0011030435562133,183214,183214.2~A6.K_22,22,,normal,183214.2~A6.K_22L.png,183214.2~A6.K_22R.png,train,/data5/chensx/MyProject/UAE/data/arrangement_merged/chr_22/183214.2~A6.K_22L.png,/data5/chensx/MyProject/UAE/data/arrangement_merged/chr_22/183214.2~A6.K_22R.png,0,-0.292487952635889,,0.0011030435562133,-0.06201265179898696,chromosome
0,0.0012242197990417,183214,183214.3~A12.K_22,22,,normal,183214.3~A12.K_22L.png,183214.3~A12.K_22R.png,train,/data5/chensx/MyProject/UAE/data/arrangement_merged/chr_22/183214.3~A12.K_22L.png,/data5/chensx/MyProject/UAE/data/arrangement_merged/chr_22/183214.3~A12.K_22R.png,0,-0.1335614970963336,,0.0012242197990417,0.18547981764683882,chromosome
0,0.0010603666305541,183214,183214.3~A19.K_22,22,,normal,183214.3~A19.K_22L.png,183214.3~A19.K_22R.png,train,/data5/chensx/MyProject/UAE/data/arrangement_merged/chr_22/183214.3~A19.K_22L.png,/data5/chensx/MyProject/UAE/data/arrangement_merged/chr_22/183214.3~A19.K_22R.png,0,-0.3484600835588214,,0.0010603666305541,-0.14917674826885952,chromosome
0,0.0008697509765625,183214,183214.3~A28.K_22,22,,normal,183214.3~A28.K_22L.png,183214.3~A28.K_22R.png,train,/data5/chensx/MyProject/UAE/data/arrangement_merged/chr_22/183214.3~A28.K_22L.png,/data5/chensx/MyProject/UAE/data/arrangement_merged/chr_22/183214.3~A28.K_22R.png,0,-0.5984585118989583,,0.0008697509765625,-0.5384934808252478,chromosome
0,0.0010757446289062,183214,183214.3~A4.K_22,22,,normal,183214.3~A4.K_22L.png,183214.3~A4.K_22R.png,train,/data5/chensx/MyProject/UAE/data/arrangement_merged/chr_22/183214.3~A4.K_22L.png,/data5/chensx/MyProject/UAE/data/arrangement_merged/chr_22/183214.3~A4.K_22R.png,0,-0.3282913548184352,,0.0010757446289062,-0.11776845652404337,chromosome
0,0.0010955929756164,183214,183214.3~A42.K_22,22,,normal,183214.3~A42.K_22L.png,183214.3~A42.K_22R.png,train,/data5/chensx/MyProject/UAE/data/arrangement_merged/chr_22/183214.3~A42.K_22L.png,/data5/chensx/MyProject/UAE/data/arrangement_merged/chr_22/183214.3~A42.K_22R.png,0,-0.3022596235372389,,0.0010955929756164,-0.07722984741168806,chromosome
0,0.0009571909904479,183214,183214.3~A43.K_22,22,,normal,183214.3~A43.K_22L.png,183214.3~A43.K_22R.png,train,/data5/chensx/MyProject/UAE/data/arrangement_merged/chr_22/183214.3~A43.K_22L.png,/data5/chensx/MyProject/UAE/data/arrangement_merged/chr_22/183214.3~A43.K_22R.png,0,-0.4837781822007154,,0.0009571909904479,-0.3599044731142162,chromosome
0,0.0010813474655151,183214,183214.3~A47.K_22,22,,normal,183214.3~A47.K_22L.png,183214.3~A47.K_22R.png,train,/data5/chensx/MyProject/UAE/data/arrangement_merged/chr_22/183214.3~A47.K_22L.png,/data5/chensx/MyProject/UAE/data/arrangement_merged/chr_22/183214.3~A47.K_22R.png,0,-0.32094305830062,,0.0010813474655151,-0.10632512542322806,chromosome
0,0.0010435581207275,183214,183214.4~A22.K_22,22,,normal,183214.4~A22.K_22L.png,183214.4~A22.K_22R.png,train,/data5/chensx/MyProject/UAE/data/arrangement_merged/chr_22/183214.4~A22.K_22L.png,/data5/chensx/MyProject/UAE/data/arrangement_merged/chr_22/183214.4~A22.K_22R.png,0,-0.3705049731122669,,0.0010435581207275,-0.18350674157109995,chromosome
0,0.0010477304458618,183214,183214.4~A24.K_22,22,,normal,183214.4~A24.K_22L.png,183214.4~A24.K_22R.png,train,/data5/chensx/MyProject/UAE/data/arrangement_merged/chr_22/183214.4~A24.K_22L.png,/data5/chensx/MyProject/UAE/data/arrangement_merged/chr_22/183214.4~A24.K_22R.png,0,-0.3650328374075109,,0.0010477304458618,-0.174985112027914,chromosome
0,0.0010015368461608,183214,183214.4~A26.K_22,22,,normal,183214.4~A26.K_22L.png,183214.4~A26.K_22R.png,train,/data5/chensx/MyProject/UAE/data/arrangement_merged/chr_22/183214.4~A26.K_22L.png,/data5/chensx/MyProject/UAE/data/arrangement_merged/chr_22/183214.4~A26.K_22R.png,0,-0.4256171969958806,,0.0010015368461608,-0.2693317248271103,chromosome
0,0.0012452602386474,183214,183214.4~A28.K_22,22,,normal,183214.4~A28.K_22L.png,183214.4~A28.K_22R.png,train,/data5/chensx/MyProject/UAE/data/arrangement_merged/chr_22/183214.4~A28.K_22L.png,/data5/chensx/MyProject/UAE/data/arrangement_merged/chr_22/183214.4~A28.K_22R.png,0,-0.1059662984709214,,0.0012452602386474,0.22845317805721815,chromosome
0,0.0009806752204895,183214,183214.4~A50.K_22,22,,normal,183214.4~A50.K_22L.png,183214.4~A50.K_22R.png,train,/data5/chensx/MyProject/UAE/data/arrangement_merged/chr_22/183214.4~A50.K_22L.png,/data5/chensx/MyProject/UAE/data/arrangement_merged/chr_22/183214.4~A50.K_22R.png,0,-0.4529778755196604,,0.0009806752204895,-0.3119398725426326,chromosome
0,0.0010125041007995,183214,183214.4~A8.K_22,22,,normal,183214.4~A8.K_22L.png,183214.4~A8.K_22R.png,train,/data5/chensx/MyProject/UAE/data/arrangement_merged/chr_22/183214.4~A8.K_22L.png,/data5/chensx/MyProject/UAE/data/arrangement_merged/chr_22/183214.4~A8.K_22R.png,0,-0.4112332974290934,,0.0010125041007995,-0.246932012885085,chromosome
0,0.0011698007583618,183262,183262.11~A16.K_22,22,,normal,183262.11~A16.K_22L.png,183262.11~A16.K_22R.png,train,/data5/chensx/MyProject/UAE/data/arrangement_merged/chr_22/183262.11~A16.K_22L.png,/data5/chensx/MyProject/UAE/data/arrangement_merged/chr_22/183262.11~A16.K_22R.png,0,-0.2104575772126048,,0.0011698007583618,0.07433342089137888,chromosome
0,0.0012017488479614,183262,183262.12~A5.K_22,22,,normal,183262.12~A5.K_22L.png,183262.12~A5.K_22R.png,train,/data5/chensx/MyProject/UAE/data/arrangement_merged/chr_22/183262.12~A5.K_22L.png,/data5/chensx/MyProject/UAE/data/arrangement_merged/chr_22/183262.12~A5.K_22R.png,0,-0.1700494535544676,,0.0012017488479614,0.13958475567883102,chromosome
0,0.0011518001556396,183262,183262.14~A1.K_22,22,,normal,183262.14~A1.K_22L.png,183262.14~A1.K_22R.png,train,/data5/chensx/MyProject/UAE/data/arrangement_merged/chr_22/183262.14~A1.K_22L.png,/data5/chensx/MyProject/UAE/data/arrangement_merged/chr_22/183262.14~A1.K_22R.png,0,-0.2332248409155105,,0.0011518001556396,0.037568676290910236,chromosome
0,0.0019505023956298,183262,183262.14~A16.K_22,22,,normal,183262.14~A16.K_22L.png,183262.14~A16.K_22R.png,train,/data5/chensx/MyProject/UAE/data/arrangement_merged/chr_22/183262.14~A16.K_22L.png,/data5/chensx/MyProject/UAE/data/arrangement_merged/chr_22/183262.14~A16.K_22R.png,0,0.7769782505379204,,0.0019505023956298,1.6688520459776195,chromosome
0,0.0012800097465515,183262,183262.14~A21.K_22,22,,normal,183262.14~A21.K_22L.png,183262.14~A21.K_22R.png,train,/data5/chensx/MyProject/UAE/data/arrangement_merged/chr_22/183262.14~A21.K_22L.png,/data5/chensx/MyProject/UAE/data/arrangement_merged/chr_22/183262.14~A21.K_22R.png,0,-0.0710646282501127,,0.0012800097465515,0.2994261783951798,chromosome
0,0.0010673999786376,183262,183262.14~A23.K_22,22,,normal,183262.14~A23.K_22L.png,183262.14~A23.K_22R.png,train,/data5/chensx/MyProject/UAE/data/arrangement_merged/chr_22/183262.14~A23.K_22L.png,/data5/chensx/MyProject/UAE/data/arrangement_merged/chr_22/183262.14~A23.K_22R.png,0,-0.3399746601317835,,0.0010673999786376,-0.13481171561041572,chromosome
0,0.0008735060691833,183262,183262.14~A29.K_22,22,,normal,183262.14~A29.K_22L.png,183262.14~A29.K_22R.png,train,/data5/chensx/MyProject/UAE/data/arrangement_merged/chr_22/183262.14~A29.K_22L.png,/data5/chensx/MyProject/UAE/data/arrangement_merged/chr_22/183262.14~A29.K_22R.png,0,-0.585212768825665,,0.0008735060691833,-0.5308240142365234,chromosome
0,0.0010778903961181,183262,183262.14~A33.K_22,22,,normal,183262.14~A33.K_22L.png,183262.14~A33.K_22R.png,train,/data5/chensx/MyProject/UAE/data/arrangement_merged/chr_22/183262.14~A33.K_22L.png,/data5/chensx/MyProject/UAE/data/arrangement_merged/chr_22/183262.14~A33.K_22R.png,0,-0.3267063210201564,,0.0010778903961181,-0.11338590418759976,chromosome
0,0.0012747049331665,183262,183262.14~A38.K_22,22,,normal,183262.14~A38.K_22L.png,183262.14~A38.K_22R.png,train,/data5/chensx/MyProject/UAE/data/arrangement_merged/chr_22/183262.14~A38.K_22L.png,/data5/chensx/MyProject/UAE/data/arrangement_merged/chr_22/183262.14~A38.K_22R.png,0,-0.0777741860963333,,0.0012747049331665,0.2885915351189219,chromosome
0,0.0010868310928344,183262,183262.14~A45.K_22,22,,normal,183262.14~A45.K_22L.png,183262.14~A45.K_22R.png,train,/data5/chensx/MyProject/UAE/data/arrangement_merged/chr_22/183262.14~A45.K_22L.png,/data5/chensx/MyProject/UAE/data/arrangement_merged/chr_22/183262.14~A45.K_22R.png,0,-0.3153980774591105,,0.0010868310928344,-0.09512526945231771,chromosome
0,0.0009622573852539,183262,183262.14~A8.K_22,22,,normal,183262.14~A8.K_22L.png,183262.14~A8.K_22R.png,train,/data5/chensx/MyProject/UAE/data/arrangement_merged/chr_22/183262.14~A8.K_22L.png,/data5/chensx/MyProject/UAE/data/arrangement_merged/chr_22/183262.14~A8.K_22R.png,0,-0.4729596044096829,,0.0009622573852539,-0.349556780097359,chromosome
0,0.0010442733764648,183262,183262.1~A2.K_22,22,,normal,183262.1~A2.K_22L.png,183262.1~A2.K_22R.png,train,/data5/chensx/MyProject/UAE/data/arrangement_merged/chr_22/183262.1~A2.K_22L.png,/data5/chensx/MyProject/UAE/data/arrangement_merged/chr_22/183262.1~A2.K_22R.png,0,-0.3692253168096888,,0.0010442733764648,-0.18204589079228573,chromosome
0,0.0011504888534545,183262,183262.1~A24.K_22,22,,normal,183262.1~A24.K_22L.png,183262.1~A24.K_22R.png,train,/data5/chensx/MyProject/UAE/data/arrangement_merged/chr_22/183262.1~A24.K_22L.png,/data5/chensx/MyProject/UAE/data/arrangement_merged/chr_22/183262.1~A24.K_22R.png,0,-0.2348833833044639,,0.0011504888534545,0.03489044986298168,chromosome
0,0.0013763308525085,183262,183262.1~A26.K_22,22,,normal,183262.1~A26.K_22L.png,183262.1~A26.K_22R.png,train,/data5/chensx/MyProject/UAE/data/arrangement_merged/chr_22/183262.1~A26.K_22L.png,/data5/chensx/MyProject/UAE/data/arrangement_merged/chr_22/183262.1~A26.K_22R.png,0,0.0507628490475547,,0.0013763308525085,0.4961540832767456,chromosome
0,0.0009148120880126,183262,183262.1~A42.K_22,22,,normal,183262.1~A42.K_22L.png,183262.1~A42.K_22R.png,train,/data5/chensx/MyProject/UAE/data/arrangement_merged/chr_22/183262.1~A42.K_22L.png,/data5/chensx/MyProject/UAE/data/arrangement_merged/chr_22/183262.1~A42.K_22R.png,0,-0.532968683573633,,0.0009148120880126,-0.4464598817595316,chromosome
0,0.0011166334152221,183262,183262.1~A9.K_22,22,,normal,183262.1~A9.K_22L.png,183262.1~A9.K_22R.png,train,/data5/chensx/MyProject/UAE/data/arrangement_merged/chr_22/183262.1~A9.K_22L.png,/data5/chensx/MyProject/UAE/data/arrangement_merged/chr_22/183262.1~A9.K_22R.png,0,-0.2777039322556243,,0.0011166334152221,-0.034256487001308726,chromosome
0,0.0010689496994018,183262,183262.2~A10.K_22,22,,normal,183262.2~A10.K_22L.png,183262.2~A10.K_22R.png,train,/data5/chensx/MyProject/UAE/data/arrangement_merged/chr_22/183262.2~A10.K_22L.png,/data5/chensx/MyProject/UAE/data/arrangement_merged/chr_22/183262.2~A10.K_22R.png,0,-0.3380145645812022,,0.0010689496994018,-0.13164653892288225,chromosome
0,0.0010961294174194,183262,183262.2~A22.K_22,22,,normal,183262.2~A22.K_22L.png,183262.2~A22.K_22R.png,train,/data5/chensx/MyProject/UAE/data/arrangement_merged/chr_22/183262.2~A22.K_22L.png,/data5/chensx/MyProject/UAE/data/arrangement_merged/chr_22/183262.2~A22.K_22R.png,0,-0.3036375041556228,,0.0010961294174194,-0.07613420932752622,chromosome
0,0.0013498067855834,183262,183262.2~A23.K_22,22,,normal,183262.2~A23.K_22L.png,183262.2~A23.K_22R.png,train,/data5/chensx/MyProject/UAE/data/arrangement_merged/chr_22/183262.2~A23.K_22L.png,/data5/chensx/MyProject/UAE/data/arrangement_merged/chr_22/183262.2~A23.K_22R.png,0,0.0172150598164519,,0.0013498067855834,0.44198086689525173,chromosome
0,0.0010918378829956,183262,183262.2~A44.K_22,22,,normal,183262.2~A44.K_22L.png,183262.2~A44.K_22R.png,train,/data5/chensx/MyProject/UAE/data/arrangement_merged/chr_22/183262.2~A44.K_22L.png,/data5/chensx/MyProject/UAE/data/arrangement_merged/chr_22/183262.2~A44.K_22R.png,0,-0.3090654610649248,,0.0010918378829956,-0.08489931400041255,chromosome
0,0.0011919736862182,183262,183262.2~A45.K_22,22,,normal,183262.2~A45.K_22L.png,183262.2~A45.K_22R.png,train,/data5/chensx/MyProject/UAE/data/arrangement_merged/chr_22/183262.2~A45.K_22L.png,/data5/chensx/MyProject/UAE/data/arrangement_merged/chr_22/183262.2~A45.K_22R.png,0,-0.182413133181211,,0.0011919736862182,0.11961979503482975,chromosome
0,0.0012436509132385,183262,183262.3~A17.K_22,22,,normal,183262.3~A17.K_22L.png,183262.3~A17.K_22R.png,train,/data5/chensx/MyProject/UAE/data/arrangement_merged/chr_22/183262.3~A17.K_22L.png,/data5/chensx/MyProject/UAE/data/arrangement_merged/chr_22/183262.3~A17.K_22R.png,0,-0.1170514853983659,,0.0012436509132385,0.22516626380493684,chromosome
0,0.0010446310043334,183262,183262.3~A24.K_22,22,,normal,183262.3~A24.K_22L.png,183262.3~A24.K_22R.png,train,/data5/chensx/MyProject/UAE/data/arrangement_merged/chr_22/183262.3~A24.K_22L.png,/data5/chensx/MyProject/UAE/data/arrangement_merged/chr_22/183262.3~A24.K_22R.png,0,-0.368772987067247,,0.0010446310043334,-0.18131546540298046,chromosome
0,0.0010026693344116,183262,183262.3~A30.K_22,22,,normal,183262.3~A30.K_22L.png,183262.3~A30.K_22R.png,train,/data5/chensx/MyProject/UAE/data/arrangement_merged/chr_22/183262.3~A30.K_22L.png,/data5/chensx/MyProject/UAE/data/arrangement_merged/chr_22/183262.3~A30.K_22R.png,0,-0.4218463435137556,,0.0010026693344116,-0.2670187110938342,chromosome
0,0.0010582208633422,183262,183262.3~A41.K_22,22,,normal,183262.3~A41.K_22L.png,183262.3~A41.K_22R.png,train,/data5/chensx/MyProject/UAE/data/arrangement_merged/chr_22/183262.3~A41.K_22L.png,/data5/chensx/MyProject/UAE/data/arrangement_merged/chr_22/183262.3~A41.K_22R.png,0,-0.3515844568544573,,0.0010582208633422,-0.15355930060530265,chromosome
0,0.001055359840393,183262,183262.4~A14.K_22,22,,normal,183262.4~A14.K_22L.png,183262.4~A14.K_22R.png,train,/data5/chensx/MyProject/UAE/data/arrangement_merged/chr_22/183262.4~A14.K_22L.png,/data5/chensx/MyProject/UAE/data/arrangement_merged/chr_22/183262.4~A14.K_22R.png,0,-0.355203094793992,,0.001055359840393,-0.15940270372056006,chromosome
0,0.0011508464813232,183262,183262.4~A19.K_22,22,,normal,183262.4~A19.K_22L.png,183262.4~A19.K_22R.png,train,/data5/chensx/MyProject/UAE/data/arrangement_merged/chr_22/183262.4~A19.K_22L.png,/data5/chensx/MyProject/UAE/data/arrangement_merged/chr_22/183262.4~A19.K_22R.png,0,-0.2344310535620221,,0.0011508464813232,0.035620875252490664,chromosome
0,0.0011171698570251,183262,183262.4~A24.K_22,22,,normal,183262.4~A24.K_22L.png,183262.4~A24.K_22R.png,train,/data5/chensx/MyProject/UAE/data/arrangement_merged/chr_22/183262.4~A24.K_22L.png,/data5/chensx/MyProject/UAE/data/arrangement_merged/chr_22/183262.4~A24.K_22R.png,0,-0.2770254376419615,,0.0011171698570251,-0.03316084891714689,chromosome
0,0.0009546279907226,183262,183262.4~A29.K_22,22,,normal,183262.4~A29.K_22L.png,183262.4~A29.K_22R.png,train,/data5/chensx/MyProject/UAE/data/arrangement_merged/chr_22/183262.4~A29.K_22L.png,/data5/chensx/MyProject/UAE/data/arrangement_merged/chr_22/183262.4~A29.K_22R.png,0,-0.4826093055817754,,0.0009546279907226,-0.3651391884049169,chromosome
0,0.0010223388671875,183262,183262.4~A31.K_22,22,,normal,183262.4~A31.K_22L.png,183262.4~A31.K_22R.png,train,/data5/chensx/MyProject/UAE/data/arrangement_merged/chr_22/183262.4~A31.K_22L.png,/data5/chensx/MyProject/UAE/data/arrangement_merged/chr_22/183262.4~A31.K_22R.png,0,-0.3969682076794547,,0.0010223388671875,-0.2268453146761317,chromosome
0,0.0012431740760803,183262,183262.4~A50.K_22,22,,normal,183262.4~A50.K_22L.png,183262.4~A50.K_22R.png,train,/data5/chensx/MyProject/UAE/data/arrangement_merged/chr_22/183262.4~A50.K_22L.png,/data5/chensx/MyProject/UAE/data/arrangement_merged/chr_22/183262.4~A50.K_22R.png,0,-0.1176545917216217,,0.0012431740760803,0.22419236328572706,chromosome
0,0.0011112093925476,183786,183786.11~A44.K_22,22,,normal,183786.11~A44.K_22L.png,183786.11~A44.K_22R.png,train,/data5/chensx/MyProject/UAE/data/arrangement_merged/chr_22/183786.11~A44.K_22L.png,/data5/chensx/MyProject/UAE/data/arrangement_merged/chr_22/183786.11~A44.K_22R.png,0,-0.1595179845299192,,0.0011112093925476,-0.045334605407267026,chromosome
0,0.0009658336639404,183786,183786.12~A1.K_22,22,,normal,183786.12~A1.K_22L.png,183786.12~A1.K_22R.png,train,/data5/chensx/MyProject/UAE/data/arrangement_merged/chr_22/183786.12~A1.K_22L.png,/data5/chensx/MyProject/UAE/data/arrangement_merged/chr_22/183786.12~A1.K_22R.png,0,-0.2353317655502806,,0.0009658336639404,-0.34225252620328694,chromosome
0,0.001084566116333,183786,183786.12~A12.K_22,22,,normal,183786.12~A12.K_22L.png,183786.12~A12.K_22R.png,train,/data5/chensx/MyProject/UAE/data/arrangement_merged/chr_22/183786.12~A12.K_22L.png,/data5/chensx/MyProject/UAE/data/arrangement_merged/chr_22/183786.12~A12.K_22R.png,0,-0.1734125151228267,,0.001084566116333,-0.09975129691846123,chromosome
0,0.001061737537384,183786,183786.12~A15.K_22,22,,normal,183786.12~A15.K_22L.png,183786.12~A15.K_22R.png,train,/data5/chensx/MyProject/UAE/data/arrangement_merged/chr_22/183786.12~A15.K_22L.png,/data5/chensx/MyProject/UAE/data/arrangement_merged/chr_22/183786.12~A15.K_22R.png,0,-0.1853176722080249,,0.001061737537384,-0.14637678427597847,chromosome
0,0.0010466575622558,183786,183786.12~A16.K_22,22,,normal,183786.12~A16.K_22L.png,183786.12~A16.K_22R.png,train,/data5/chensx/MyProject/UAE/data/arrangement_merged/chr_22/183786.12~A16.K_22L.png,/data5/chensx/MyProject/UAE/data/arrangement_merged/chr_22/183786.12~A16.K_22R.png,0,-0.1931819143556885,,0.0010466575622558,-0.17717638819623766,chromosome
0,0.0011970996856689,183786,183786.12~A34.K_22,22,,normal,183786.12~A34.K_22L.png,183786.12~A34.K_22R.png,train,/data5/chensx/MyProject/UAE/data/arrangement_merged/chr_22/183786.12~A34.K_22L.png,/data5/chensx/MyProject/UAE/data/arrangement_merged/chr_22/183786.12~A34.K_22R.png,0,-0.1147259966454006,,0.0011970996856689,0.1300892256164353,chromosome
0,0.0011979341506958,183786,183786.12~A41.K_22,22,,normal,183786.12~A41.K_22L.png,183786.12~A41.K_22R.png,train,/data5/chensx/MyProject/UAE/data/arrangement_merged/chr_22/183786.12~A41.K_22L.png,/data5/chensx/MyProject/UAE/data/arrangement_merged/chr_22/183786.12~A41.K_22R.png,0,-0.1142908211905892,,0.0011979341506958,0.13179355152515404,chromosome
0,0.0011441111564636,183786,183786.12~A47.K_22,22,,normal,183786.12~A47.K_22L.png,183786.12~A47.K_22R.png,train,/data5/chensx/MyProject/UAE/data/arrangement_merged/chr_22/183786.12~A47.K_22L.png,/data5/chensx/MyProject/UAE/data/arrangement_merged/chr_22/183786.12~A47.K_22R.png,0,-0.1423596380259259,,0.0011441111564636,0.021864530418604252,chromosome
0,0.0010753870010375,183786,183786.13~A10.K_22,22,,normal,183786.13~A10.K_22L.png,183786.13~A10.K_22R.png,train,/data5/chensx/MyProject/UAE/data/arrangement_merged/chr_22/183786.13~A10.K_22L.png,/data5/chensx/MyProject/UAE/data/arrangement_merged/chr_22/183786.13~A10.K_22R.png,0,-0.1781994451257524,,0.0010753870010375,-0.11849888191355235,chromosome
0,0.0009790658950805,183786,183786.13~A12.K_22,22,,normal,183786.13~A12.K_22L.png,183786.13~A12.K_22R.png,train,/data5/chensx/MyProject/UAE/data/arrangement_merged/chr_22/183786.13~A12.K_22L.png,/data5/chensx/MyProject/UAE/data/arrangement_merged/chr_22/183786.13~A12.K_22R.png,0,-0.2284311261954138,,0.0009790658950805,-0.3152267867951181,chromosome
0,0.0010216236114501,183786,183786.13~A29.K_22,22,,normal,183786.13~A29.K_22L.png,183786.13~A29.K_22R.png,train,/data5/chensx/MyProject/UAE/data/arrangement_merged/chr_22/183786.13~A29.K_22L.png,/data5/chensx/MyProject/UAE/data/arrangement_merged/chr_22/183786.13~A29.K_22R.png,0,-0.2062371780000312,,0.0010216236114501,-0.22830616545515053,chromosome
0,0.0011163353919982,183786,183786.13~A34.K_22,22,,normal,183786.13~A34.K_22L.png,183786.13~A34.K_22R.png,train,/data5/chensx/MyProject/UAE/data/arrangement_merged/chr_22/183786.13~A34.K_22L.png,/data5/chensx/MyProject/UAE/data/arrangement_merged/chr_22/183786.13~A34.K_22R.png,0,-0.1568447638789347,,0.0011163353919982,-0.0348651748258661,chromosome
0,0.0011740326881408,183786,183786.13~A43.K_22,22,,normal,183786.13~A43.K_22L.png,183786.13~A43.K_22R.png,train,/data5/chensx/MyProject/UAE/data/arrangement_merged/chr_22/183786.13~A43.K_22L.png,/data5/chensx/MyProject/UAE/data/arrangement_merged/chr_22/183786.13~A43.K_22R.png,0,-0.1267554895748306,,0.0011740326881408,0.08297678799931316,chromosome
0,0.001348853111267,183786,183786.14~A17.K_22,22,,normal,183786.14~A17.K_22L.png,183786.14~A17.K_22R.png,train,/data5/chensx/MyProject/UAE/data/arrangement_merged/chr_22/183786.14~A17.K_22L.png,/data5/chensx/MyProject/UAE/data/arrangement_merged/chr_22/183786.14~A17.K_22R.png,0,-0.0355862317918376,,0.001348853111267,0.4400330658568326,chromosome
0,0.001056969165802,183786,183786.14~A24.K_22,22,,normal,183786.14~A24.K_22L.png,183786.14~A24.K_22R.png,train,/data5/chensx/MyProject/UAE/data/arrangement_merged/chr_22/183786.14~A24.K_22L.png,/data5/chensx/MyProject/UAE/data/arrangement_merged/chr_22/183786.14~A24.K_22R.png,0,-0.1878043890926617,,0.001056969165802,-0.15611578946807456,chromosome
0,0.0011535882949829,183786,183786.14~A38.K_22,22,,normal,183786.14~A38.K_22L.png,183786.14~A38.K_22R.png,train,/data5/chensx/MyProject/UAE/data/arrangement_merged/chr_22/183786.14~A38.K_22L.png,/data5/chensx/MyProject/UAE/data/arrangement_merged/chr_22/183786.14~A38.K_22R.png,0,-0.1374172882177105,,0.0011535882949829,0.04122080323804814,chromosome
0,0.001352846622467,183786,183786.14~A39.K_22,22,,normal,183786.14~A39.K_22L.png,183786.14~A39.K_22R.png,train,/data5/chensx/MyProject/UAE/data/arrangement_merged/chr_22/183786.14~A39.K_22L.png,/data5/chensx/MyProject/UAE/data/arrangement_merged/chr_22/183786.14~A39.K_22R.png,0,-0.0335036064009543,,0.001352846622467,0.4481894827053662,chromosome
0,0.0013341903686523,183786,183786.1~A44.K_22,22,,normal,183786.1~A44.K_22L.png,183786.1~A44.K_22R.png,train,/data5/chensx/MyProject/UAE/data/arrangement_merged/chr_22/183786.1~A44.K_22L.png,/data5/chensx/MyProject/UAE/data/arrangement_merged/chr_22/183786.1~A44.K_22R.png,0,-0.0432328862120954,,0.0013341903686523,0.4100856248910349,chromosome
0,0.0009621977806091,183786,183786.2~A14.K_22,22,,normal,183786.2~A14.K_22L.png,183786.2~A14.K_22R.png,train,/data5/chensx/MyProject/UAE/data/arrangement_merged/chr_22/183786.2~A14.K_22L.png,/data5/chensx/MyProject/UAE/data/arrangement_merged/chr_22/183786.2~A14.K_22R.png,0,-0.2372278871748161,,0.0009621977806091,-0.3496785176623113,chromosome
0,0.0009974241256713,183786,183786.2~A4.K_22,22,,normal,183786.2~A4.K_22L.png,183786.2~A4.K_22R.png,train,/data5/chensx/MyProject/UAE/data/arrangement_merged/chr_22/183786.2~A4.K_22L.png,/data5/chensx/MyProject/UAE/data/arrangement_merged/chr_22/183786.2~A4.K_22R.png,0,-0.2188572661895625,,0.0009974241256713,-0.2777316168053442,chromosome
0,0.0013161897659301,183786,183786.2~A49.K_22,22,,normal,183786.2~A49.K_22L.png,183786.2~A49.K_22R.png,train,/data5/chensx/MyProject/UAE/data/arrangement_merged/chr_22/183786.2~A49.K_22L.png,/data5/chensx/MyProject/UAE/data/arrangement_merged/chr_22/183786.2~A49.K_22R.png,0,-0.052620242451599,,0.0013161897659301,0.37332088029056626,chromosome
0,0.0010442733764648,183786,183786.3~A1.K_22,22,,normal,183786.3~A1.K_22L.png,183786.3~A1.K_22R.png,train,/data5/chensx/MyProject/UAE/data/arrangement_merged/chr_22/183786.3~A1.K_22L.png,/data5/chensx/MyProject/UAE/data/arrangement_merged/chr_22/183786.3~A1.K_22R.png,0,-0.1944252727980069,,0.0010442733764648,-0.18204589079228573,chromosome
0,0.0011579990386962,183786,183786.3~A25.K_22,22,,normal,183786.3~A25.K_22L.png,183786.3~A25.K_22R.png,train,/data5/chensx/MyProject/UAE/data/arrangement_merged/chr_22/183786.3~A25.K_22L.png,/data5/chensx/MyProject/UAE/data/arrangement_merged/chr_22/183786.3~A25.K_22R.png,0,-0.1351170750994215,,0.0011579990386962,0.05022938304063482,chromosome
0,0.0011088848114013,183786,183786.3~A36.K_22,22,,normal,183786.3~A36.K_22L.png,183786.3~A36.K_22R.png,train,/data5/chensx/MyProject/UAE/data/arrangement_merged/chr_22/183786.3~A36.K_22L.png,/data5/chensx/MyProject/UAE/data/arrangement_merged/chr_22/183786.3~A36.K_22R.png,0,-0.1607302590111796,,0.0011088848114013,-0.0500823704385672,chromosome
0,0.0009491443634033,183786,183786.3~A37.K_22,22,,normal,183786.3~A37.K_22L.png,183786.3~A37.K_22R.png,train,/data5/chensx/MyProject/UAE/data/arrangement_merged/chr_22/183786.3~A37.K_22L.png,/data5/chensx/MyProject/UAE/data/arrangement_merged/chr_22/183786.3~A37.K_22R.png,0,-0.2440352746465091,,0.0009491443634033,-0.3763390443758272,chromosome
0,0.0012363195419311,183786,183786.3~A44.K_22,22,,normal,183786.3~A44.K_22L.png,183786.3~A44.K_22R.png,train,/data5/chensx/MyProject/UAE/data/arrangement_merged/chr_22/183786.3~A44.K_22L.png,/data5/chensx/MyProject/UAE/data/arrangement_merged/chr_22/183786.3~A44.K_22R.png,0,-0.0942727502692637,,0.0012363195419311,0.2101925433219361,chromosome
0,0.0008581280708312,183786,183786.4~A49.K_22,22,,normal,183786.4~A49.K_22L.png,183786.4~A49.K_22R.png,train,/data5/chensx/MyProject/UAE/data/arrangement_merged/chr_22/183786.4~A49.K_22L.png,/data5/chensx/MyProject/UAE/data/arrangement_merged/chr_22/183786.4~A49.K_22R.png,0,-0.2915004831820121,,0.0008581280708312,-0.5622323059813394,chromosome
0,0.0011501312255859,183786,183786.5~A1.K_22,22,,normal,183786.5~A1.K_22L.png,183786.5~A1.K_22R.png,train,/data5/chensx/MyProject/UAE/data/arrangement_merged/chr_22/183786.5~A1.K_22L.png,/data5/chensx/MyProject/UAE/data/arrangement_merged/chr_22/183786.5~A1.K_22R.png,0,-0.1392201579590721,,0.0011501312255859,0.03416002447367642,chromosome
0,0.0011401176452636,183786,183786.5~A31.K_22,22,,normal,183786.5~A31.K_22L.png,183786.5~A31.K_22R.png,train,/data5/chensx/MyProject/UAE/data/arrangement_merged/chr_22/183786.5~A31.K_22L.png,/data5/chensx/MyProject/UAE/data/arrangement_merged/chr_22/183786.5~A31.K_22R.png,0,-0.1444422634168092,,0.0011401176452636,0.013708113570070705,chromosome
0,0.0012426376342773,183786,183786.5~A33.K_22,22,,normal,183786.5~A33.K_22L.png,183786.5~A33.K_22R.png,train,/data5/chensx/MyProject/UAE/data/arrangement_merged/chr_22/183786.5~A33.K_22L.png,/data5/chensx/MyProject/UAE/data/arrangement_merged/chr_22/183786.5~A33.K_22R.png,0,-0.0909778503971201,,0.0012426376342773,0.22309672520156523,chromosome
0,0.0010132193565368,183786,183786.5~A42.K_22,22,,normal,183786.5~A42.K_22L.png,183786.5~A42.K_22R.png,train,/data5/chensx/MyProject/UAE/data/arrangement_merged/chr_22/183786.5~A42.K_22L.png,/data5/chensx/MyProject/UAE/data/arrangement_merged/chr_22/183786.5~A42.K_22R.png,0,-0.2106200165092034,,0.0010132193565368,-0.24547116210627076,chromosome
0,0.0013345479965209,183786,183786.5~A44.K_22,22,,normal,183786.5~A44.K_22L.png,183786.5~A44.K_22R.png,train,/data5/chensx/MyProject/UAE/data/arrangement_merged/chr_22/183786.5~A44.K_22L.png,/data5/chensx/MyProject/UAE/data/arrangement_merged/chr_22/183786.5~A44.K_22R.png,0,-0.0430463824457477,,0.0013345479965209,0.41081605028034013,chromosome
0,0.0011563897132873,183786,183786.5~A6.K_22,22,,normal,183786.5~A6.K_22L.png,183786.5~A6.K_22R.png,train,/data5/chensx/MyProject/UAE/data/arrangement_merged/chr_22/183786.5~A6.K_22L.png,/data5/chensx/MyProject/UAE/data/arrangement_merged/chr_22/183786.5~A6.K_22R.png,0,-0.1359563420479864,,0.0011563897132873,0.046942468788353495,chromosome
0,0.0010484457015991,183786,183786.5~A8.K_22,22,,normal,183786.5~A8.K_22L.png,183786.5~A8.K_22R.png,train,/data5/chensx/MyProject/UAE/data/arrangement_merged/chr_22/183786.5~A8.K_22L.png,/data5/chensx/MyProject/UAE/data/arrangement_merged/chr_22/183786.5~A8.K_22R.png,0,-0.1922493955239498,,0.0010484457015991,-0.1735242612490993,chromosome
0,0.0010762214660644,184752,184752.11~A43.K_22,22,,normal,184752.11~A43.K_22L.png,184752.11~A43.K_22R.png,train,/data5/chensx/MyProject/UAE/data/arrangement_merged/chr_22/184752.11~A43.K_22L.png,/data5/chensx/MyProject/UAE/data/arrangement_merged/chr_22/184752.11~A43.K_22R.png,0,-0.1616950310965079,,0.0010762214660644,-0.11679455600483357,chromosome
0,0.001018464565277,184752,184752.13~A19.K_22,22,,normal,184752.13~A19.K_22L.png,184752.13~A19.K_22R.png,train,/data5/chensx/MyProject/UAE/data/arrangement_merged/chr_22/184752.13~A19.K_22L.png,/data5/chensx/MyProject/UAE/data/arrangement_merged/chr_22/184752.13~A19.K_22R.png,0,-0.2533157209177688,,0.001018464565277,-0.2347582563949649,chromosome
0,0.0011977553367614,184752,184752.13~A20.K_22,22,,normal,184752.13~A20.K_22L.png,184752.13~A20.K_22R.png,train,/data5/chensx/MyProject/UAE/data/arrangement_merged/chr_22/184752.13~A20.K_22L.png,/data5/chensx/MyProject/UAE/data/arrangement_merged/chr_22/184752.13~A20.K_22R.png,0,0.0310960798896126,,0.0011977553367614,0.13142833883029748,chromosome
0,0.0014668703079223,184752,184752.14~A10.K_22,22,,normal,184752.14~A10.K_22L.png,184752.14~A10.K_22R.png,train,/data5/chensx/MyProject/UAE/data/arrangement_merged/chr_22/184752.14~A10.K_22L.png,/data5/chensx/MyProject/UAE/data/arrangement_merged/chr_22/184752.14~A10.K_22R.png,0,0.4579974364871285,,0.0014668703079223,0.6810734443628437,chromosome
0,0.0011410117149353,184752,184752.14~A14.K_22,22,,normal,184752.14~A14.K_22L.png,184752.14~A14.K_22R.png,train,/data5/chensx/MyProject/UAE/data/arrangement_merged/chr_22/184752.14~A14.K_22L.png,/data5/chensx/MyProject/UAE/data/arrangement_merged/chr_22/184752.14~A14.K_22R.png,0,-0.0589172294084681,,0.0011410117149353,0.015534177043741517,chromosome
0,0.0010848045349121,184752,184752.14~A43.K_22,22,,normal,184752.14~A43.K_22L.png,184752.14~A43.K_22R.png,train,/data5/chensx/MyProject/UAE/data/arrangement_merged/chr_22/184752.14~A43.K_22L.png,/data5/chensx/MyProject/UAE/data/arrangement_merged/chr_22/184752.14~A43.K_22R.png,0,-0.1480795725472184,,0.0010848045349121,-0.09926434665885633,chromosome
0,0.0010061264038085,184752,184752.2~A30.K_22,22,,normal,184752.2~A30.K_22L.png,184752.2~A30.K_22R.png,train,/data5/chensx/MyProject/UAE/data/arrangement_merged/chr_22/184752.2~A30.K_22L.png,/data5/chensx/MyProject/UAE/data/arrangement_merged/chr_22/184752.2~A30.K_22R.png,0,-0.2728879425823725,,0.0010061264038085,-0.25995793232966663,chromosome
0,0.0010467767715454,184752,184752.2~A50.K_22,22,,normal,184752.2~A50.K_22L.png,184752.2~A50.K_22R.png,train,/data5/chensx/MyProject/UAE/data/arrangement_merged/chr_22/184752.2~A50.K_22L.png,/data5/chensx/MyProject/UAE/data/arrangement_merged/chr_22/184752.2~A50.K_22R.png,0,-0.2084036180642095,,0.0010467767715454,-0.17693291306633313,chromosome
0,0.0011610388755798,184752,184752.3~A13.K_22,22,,normal,184752.3~A13.K_22L.png,184752.3~A13.K_22R.png,train,/data5/chensx/MyProject/UAE/data/arrangement_merged/chr_22/184752.3~A13.K_22L.png,/data5/chensx/MyProject/UAE/data/arrangement_merged/chr_22/184752.3~A13.K_22R.png,0,-0.0271478261267925,,0.0011610388755798,0.05643799885074923,chromosome
0,0.0009799003601074,184752,184752.3~A16.K_22,22,,normal,184752.3~A16.K_22L.png,184752.3~A16.K_22R.png,train,/data5/chensx/MyProject/UAE/data/arrangement_merged/chr_22/184752.3~A16.K_22L.png,/data5/chensx/MyProject/UAE/data/arrangement_merged/chr_22/184752.3~A16.K_22R.png,0,-0.3144907325940906,,0.0009799003601074,-0.31352246088639935,chromosome
0,0.0009295344352722,184752,184752.4~A27.K_22,22,,normal,184752.4~A27.K_22L.png,184752.4~A27.K_22R.png,train,/data5/chensx/MyProject/UAE/data/arrangement_merged/chr_22/184752.4~A27.K_22L.png,/data5/chensx/MyProject/UAE/data/arrangement_merged/chr_22/184752.4~A27.K_22R.png,0,-0.3943869997756855,,0.0009295344352722,-0.41639070322857763,chromosome
0,0.0011088848114013,185290,185290.11~A25.K_22,22,,normal,185290.11~A25.K_22L.png,185290.11~A25.K_22R.png,train,/data5/chensx/MyProject/UAE/data/arrangement_merged/chr_22/185290.11~A25.K_22L.png,/data5/chensx/MyProject/UAE/data/arrangement_merged/chr_22/185290.11~A25.K_22R.png,0,-0.2571224085132534,,0.0011088848114013,-0.0500823704385672,chromosome
0,0.0009600520133972,185290,185290.11~A27.K_22,22,,normal,185290.11~A27.K_22L.png,185290.11~A27.K_22R.png,train,/data5/chensx/MyProject/UAE/data/arrangement_merged/chr_22/185290.11~A27.K_22L.png,/data5/chensx/MyProject/UAE/data/arrangement_merged/chr_22/185290.11~A27.K_22R.png,0,-0.4558312624568446,,0.0009600520133972,-0.3540610699987544,chromosome
0,0.0012299418449401,185290,185290.11~A38.K_22,22,,normal,185290.11~A38.K_22L.png,185290.11~A38.K_22R.png,train,/data5/chensx/MyProject/UAE/data/arrangement_merged/chr_22/185290.11~A38.K_22L.png,/data5/chensx/MyProject/UAE/data/arrangement_merged/chr_22/185290.11~A38.K_22R.png,0,-0.0954973855419144,,0.0012299418449401,0.19716662387735406,chromosome
0,0.0011103749275207,185290,185290.12~A12.K_22,22,,normal,185290.12~A12.K_22L.png,185290.12~A12.K_22R.png,train,/data5/chensx/MyProject/UAE/data/arrangement_merged/chr_22/185290.12~A12.K_22L.png,/data5/chensx/MyProject/UAE/data/arrangement_merged/chr_22/185290.12~A12.K_22R.png,0,-0.2551329326027249,,0.0011103749275207,-0.047038931315986236,chromosome
0,0.0009969472885131,185290,185290.12~A33.K_22,22,,normal,185290.12~A33.K_22L.png,185290.12~A33.K_22R.png,train,/data5/chensx/MyProject/UAE/data/arrangement_merged/chr_22/185290.12~A33.K_22L.png,/data5/chensx/MyProject/UAE/data/arrangement_merged/chr_22/185290.12~A33.K_22R.png,0,-0.4065718389121578,,0.0009969472885131,-0.278705517324554,chromosome
0,0.0010272860527038,185290,185290.12~A35.K_22,22,,normal,185290.12~A35.K_22L.png,185290.12~A35.K_22R.png,train,/data5/chensx/MyProject/UAE/data/arrangement_merged/chr_22/185290.12~A35.K_22L.png,/data5/chensx/MyProject/UAE/data/arrangement_merged/chr_22/185290.12~A35.K_22R.png,0,-0.3660661093737966,,0.0010272860527038,-0.2167410967893832,chromosome
0,0.000990092754364,185290,185290.12~A49.K_22,22,,normal,185290.12~A49.K_22L.png,185290.12~A49.K_22R.png,train,/data5/chensx/MyProject/UAE/data/arrangement_merged/chr_22/185290.12~A49.K_22L.png,/data5/chensx/MyProject/UAE/data/arrangement_merged/chr_22/185290.12~A49.K_22R.png,0,-0.4157234281005891,,0.000990092754364,-0.2927053372881408,chromosome
0,0.001074194908142,185290,185290.12~A5.K_22,22,,normal,185290.12~A5.K_22L.png,185290.12~A5.K_22R.png,train,/data5/chensx/MyProject/UAE/data/arrangement_merged/chr_22/185290.12~A5.K_22L.png,/data5/chensx/MyProject/UAE/data/arrangement_merged/chr_22/185290.12~A5.K_22R.png,0,-0.303437407710358,,0.001074194908142,-0.12093363321157637,chromosome
0,0.0010324716567993,185290,185290.12~A50.K_22,22,,normal,185290.12~A50.K_22L.png,185290.12~A50.K_22R.png,train,/data5/chensx/MyProject/UAE/data/arrangement_merged/chr_22/185290.12~A50.K_22L.png,/data5/chensx/MyProject/UAE/data/arrangement_merged/chr_22/185290.12~A50.K_22R.png,0,-0.3591427332051572,,0.0010324716567993,-0.2061499286428256,chromosome
0,0.0011658668518066,185290,185290.12~A7.K_22,22,,normal,185290.12~A7.K_22L.png,185290.12~A7.K_22R.png,train,/data5/chensx/MyProject/UAE/data/arrangement_merged/chr_22/185290.12~A7.K_22L.png,/data5/chensx/MyProject/UAE/data/arrangement_merged/chr_22/185290.12~A7.K_22R.png,0,-0.1810448496946419,,0.0011658668518066,0.06629874160779782,chromosome
0,0.00120210647583,185290,185290.12~A8.K_22,22,,normal,185290.12~A8.K_22L.png,185290.12~A8.K_22R.png,train,/data5/chensx/MyProject/UAE/data/arrangement_merged/chr_22/185290.12~A8.K_22L.png,/data5/chensx/MyProject/UAE/data/arrangement_merged/chr_22/185290.12~A8.K_22R.png,0,-0.1326607955505876,,0.00120210647583,0.14031518106813629,chromosome
0,0.0009979009628295,185290,185290.13~A13.K_22,22,,normal,185290.13~A13.K_22L.png,185290.13~A13.K_22R.png,train,/data5/chensx/MyProject/UAE/data/arrangement_merged/chr_22/185290.13~A13.K_22L.png,/data5/chensx/MyProject/UAE/data/arrangement_merged/chr_22/185290.13~A13.K_22R.png,0,-0.4052985743294195,,0.0009979009628295,-0.27675771628613444,chromosome
0,0.0012558102607727,185290,185290.13~A26.K_22,22,,normal,185290.13~A26.K_22L.png,185290.13~A26.K_22R.png,train,/data5/chensx/MyProject/UAE/data/arrangement_merged/chr_22/185290.13~A26.K_22L.png,/data5/chensx/MyProject/UAE/data/arrangement_merged/chr_22/185290.13~A26.K_22R.png,0,-0.0609600837351389,,0.0012558102607727,0.25000072704498616,chromosome
0,0.0010173320770263,185290,185290.13~A28.K_22,22,,normal,185290.13~A28.K_22L.png,185290.13~A28.K_22R.png,train,/data5/chensx/MyProject/UAE/data/arrangement_merged/chr_22/185290.13~A28.K_22L.png,/data5/chensx/MyProject/UAE/data/arrangement_merged/chr_22/185290.13~A28.K_22R.png,0,-0.3793558084561273,,0.0010173320770263,-0.23707127012803686,chromosome
0,0.0008180737495422,185290,185290.13~A30.K_22,22,,normal,185290.13~A30.K_22L.png,185290.13~A30.K_22R.png,train,/data5/chensx/MyProject/UAE/data/arrangement_merged/chr_22/185290.13~A30.K_22L.png,/data5/chensx/MyProject/UAE/data/arrangement_merged/chr_22/185290.13~A30.K_22R.png,0,-0.6453885272120043,,0.0008180737495422,-0.6440399495953547,chromosome
0,0.0009563565254211,185290,185290.13~A35.K_22,22,,normal,185290.13~A35.K_22L.png,185290.13~A35.K_22R.png,train,/data5/chensx/MyProject/UAE/data/arrangement_merged/chr_22/185290.13~A35.K_22L.png,/data5/chensx/MyProject/UAE/data/arrangement_merged/chr_22/185290.13~A35.K_22R.png,0,-0.4607651627149554,,0.0009563565254211,-0.361608799022731,chromosome
0,0.001190960407257,185290,185290.13~A36.K_22,22,,normal,185290.13~A36.K_22L.png,185290.13~A36.K_22R.png,train,/data5/chensx/MyProject/UAE/data/arrangement_merged/chr_22/185290.13~A36.K_22L.png,/data5/chensx/MyProject/UAE/data/arrangement_merged/chr_22/185290.13~A36.K_22R.png,0,-0.1475420753613412,,0.001190960407257,0.11755025643145858,chromosome
0,0.0011185407638549,185290,185290.13~A46.K_22,22,,normal,185290.13~A46.K_22L.png,185290.13~A46.K_22R.png,train,/data5/chensx/MyProject/UAE/data/arrangement_merged/chr_22/185290.13~A46.K_22L.png,/data5/chensx/MyProject/UAE/data/arrangement_merged/chr_22/185290.13~A46.K_22R.png,0,-0.2442306046130285,,0.0011185407638549,-0.03036088492447046,chromosome
0,0.0009371042251586,185290,185290.13~A6.K_22,22,,normal,185290.13~A6.K_22L.png,185290.13~A6.K_22R.png,train,/data5/chensx/MyProject/UAE/data/arrangement_merged/chr_22/185290.13~A6.K_22L.png,/data5/chensx/MyProject/UAE/data/arrangement_merged/chr_22/185290.13~A6.K_22R.png,0,-0.4864691914789842,,0.0009371042251586,-0.4009300324861762,chromosome
0,0.000960350036621,185290,185290.13~A7.K_22,22,,normal,185290.13~A7.K_22L.png,185290.13~A7.K_22R.png,train,/data5/chensx/MyProject/UAE/data/arrangement_merged/chr_22/185290.13~A7.K_22L.png,/data5/chensx/MyProject/UAE/data/arrangement_merged/chr_22/185290.13~A7.K_22R.png,0,-0.4554333672747389,,0.000960350036621,-0.35345238217440167,chromosome
0,0.0011146068572998,185290,185290.14~A27.K_22,22,,normal,185290.14~A27.K_22L.png,185290.14~A27.K_22R.png,train,/data5/chensx/MyProject/UAE/data/arrangement_merged/chr_22/185290.14~A27.K_22L.png,/data5/chensx/MyProject/UAE/data/arrangement_merged/chr_22/185290.14~A27.K_22R.png,0,-0.2494828210168238,,0.0011146068572998,-0.038395564207847795,chromosome
0,0.0011732578277587,185290,185290.14~A31.K_22,22,,normal,185290.14~A31.K_22L.png,185290.14~A31.K_22R.png,train,/data5/chensx/MyProject/UAE/data/arrangement_merged/chr_22/185290.14~A31.K_22L.png,/data5/chensx/MyProject/UAE/data/arrangement_merged/chr_22/185290.14~A31.K_22R.png,0,-0.1711770491784203,,0.0011732578277587,0.08139419965554642,chromosome
0,0.0010674595832824,185290,185290.14~A44.K_22,22,,normal,185290.14~A44.K_22L.png,185290.14~A44.K_22R.png,train,/data5/chensx/MyProject/UAE/data/arrangement_merged/chr_22/185290.14~A44.K_22L.png,/data5/chensx/MyProject/UAE/data/arrangement_merged/chr_22/185290.14~A44.K_22R.png,0,-0.312429838825947,,0.0010674595832824,-0.13468997804546323,chromosome
0,0.0011002421379089,185290,185290.14~A47.K_22,22,,normal,185290.14~A47.K_22L.png,185290.14~A47.K_22R.png,train,/data5/chensx/MyProject/UAE/data/arrangement_merged/chr_22/185290.14~A47.K_22L.png,/data5/chensx/MyProject/UAE/data/arrangement_merged/chr_22/185290.14~A47.K_22R.png,0,-0.268661368794319,,0.0011002421379089,-0.06773431734929232,chromosome
0,0.0013635158538818,185290,185290.1~A31.K_22,22,,normal,185290.1~A31.K_22L.png,185290.1~A31.K_22R.png,train,/data5/chensx/MyProject/UAE/data/arrangement_merged/chr_22/185290.1~A31.K_22L.png,/data5/chensx/MyProject/UAE/data/arrangement_merged/chr_22/185290.1~A31.K_22R.png,0,0.0828392350778643,,0.0013635158538818,0.4699805068228341,chromosome
0,0.0012690424919128,185290,185290.1~A32.K_22,22,,normal,185290.1~A32.K_22L.png,185290.1~A32.K_22R.png,train,/data5/chensx/MyProject/UAE/data/arrangement_merged/chr_22/185290.1~A32.K_22L.png,/data5/chensx/MyProject/UAE/data/arrangement_merged/chr_22/185290.1~A32.K_22R.png,0,-0.0432935376496454,,0.0012690424919128,0.27702646645315454,chromosome
0,0.0012553930282592,185290,185290.1~A35.K_22,22,,normal,185290.1~A35.K_22L.png,185290.1~A35.K_22R.png,train,/data5/chensx/MyProject/UAE/data/arrangement_merged/chr_22/185290.1~A35.K_22L.png,/data5/chensx/MyProject/UAE/data/arrangement_merged/chr_22/185290.1~A35.K_22R.png,0,-0.0615171369900869,,0.0012553930282592,0.24914856409052424,chromosome
0,0.001562476158142,185290,185290.2~A19.K_22,22,,normal,185290.2~A19.K_22L.png,185290.2~A19.K_22R.png,train,/data5/chensx/MyProject/UAE/data/arrangement_merged/chr_22/185290.2~A19.K_22L.png,/data5/chensx/MyProject/UAE/data/arrangement_merged/chr_22/185290.2~A19.K_22R.png,0,0.3484740586516357,,0.001562476158142,0.8763404984655951,chromosome
0,0.0009058117866516,185290,185290.3~A26.K_22,22,,normal,185290.3~A26.K_22L.png,185290.3~A26.K_22R.png,train,/data5/chensx/MyProject/UAE/data/arrangement_merged/chr_22/185290.3~A26.K_22L.png,/data5/chensx/MyProject/UAE/data/arrangement_merged/chr_22/185290.3~A26.K_22R.png,0,-0.5282481856000837,,0.0009058117866516,-0.46484225405956175,chromosome
0,0.0008918642997741,185290,185290.3~A32.K_22,22,,normal,185290.3~A32.K_22L.png,185290.3~A32.K_22R.png,train,/data5/chensx/MyProject/UAE/data/arrangement_merged/chr_22/185290.3~A32.K_22L.png,/data5/chensx/MyProject/UAE/data/arrangement_merged/chr_22/185290.3~A32.K_22R.png,0,-0.5468696801226308,,0.0008918642997741,-0.4933288442467492,chromosome
0,0.0010405182838439,185290,185290.4~A11.K_22,22,,normal,185290.4~A11.K_22L.png,185290.4~A11.K_22R.png,train,/data5/chensx/MyProject/UAE/data/arrangement_merged/chr_22/185290.4~A11.K_22L.png,/data5/chensx/MyProject/UAE/data/arrangement_merged/chr_22/185290.4~A11.K_22R.png,0,-0.3483995632883031,,0.0010405182838439,-0.18971535738121437,chromosome
0,0.0010879039764404,185290,185290.4~A15.K_22,22,,normal,185290.4~A15.K_22L.png,185290.4~A15.K_22R.png,train,/data5/chensx/MyProject/UAE/data/arrangement_merged/chr_22/185290.4~A15.K_22L.png,/data5/chensx/MyProject/UAE/data/arrangement_merged/chr_22/185290.4~A15.K_22R.png,0,-0.2851342293334954,,0.0010879039764404,-0.09293399328399404,chromosome
0,0.001055896282196,185290,185290.4~A18.K_22,22,,normal,185290.4~A18.K_22L.png,185290.4~A18.K_22R.png,train,/data5/chensx/MyProject/UAE/data/arrangement_merged/chr_22/185290.4~A18.K_22L.png,/data5/chensx/MyProject/UAE/data/arrangement_merged/chr_22/185290.4~A18.K_22R.png,0,-0.3278681718916486,,0.001055896282196,-0.15830706563639824,chromosome
0,0.00070720911026,185290,185290.4~A28.K_22,22,,normal,185290.4~A28.K_22L.png,185290.4~A28.K_22R.png,train,/data5/chensx/MyProject/UAE/data/arrangement_merged/chr_22/185290.4~A28.K_22L.png,/data5/chensx/MyProject/UAE/data/arrangement_merged/chr_22/185290.4~A28.K_22R.png,0,-0.7934055349553282,,0.00070720911026,-0.8704718203130176,chromosome
0,0.0010523796081542,185290,185290.4~A29.K_22,22,,normal,185290.4~A29.K_22L.png,185290.4~A29.K_22R.png,train,/data5/chensx/MyProject/UAE/data/arrangement_merged/chr_22/185290.4~A29.K_22L.png,/data5/chensx/MyProject/UAE/data/arrangement_merged/chr_22/185290.4~A29.K_22R.png,0,-0.3325633350404959,,0.0010523796081542,-0.16548958196572244,chromosome
0,0.0009812116622924,185290,185290.4~A37.K_22,22,,normal,185290.4~A37.K_22L.png,185290.4~A37.K_22R.png,train,/data5/chensx/MyProject/UAE/data/arrangement_merged/chr_22/185290.4~A37.K_22L.png,/data5/chensx/MyProject/UAE/data/arrangement_merged/chr_22/185290.4~A37.K_22R.png,0,-0.4275807045273392,,0.0009812116622924,-0.310844234458675,chromosome
0,0.0013476014137268,185290,185290.4~A9.K_22,22,,normal,185290.4~A9.K_22L.png,185290.4~A9.K_22R.png,train,/data5/chensx/MyProject/UAE/data/arrangement_merged/chr_22/185290.4~A9.K_22L.png,/data5/chensx/MyProject/UAE/data/arrangement_merged/chr_22/185290.4~A9.K_22R.png,0,0.0615916323534194,,0.0013476014137268,0.4374765769940603,chromosome
0,0.0081803798675537,185824,185824.11~A10.K_22,22,,normal,185824.11~A10.K_22L.png,185824.11~A10.K_22R.png,train,/data5/chensx/MyProject/UAE/data/arrangement_merged/chr_22/185824.11~A10.K_22L.png,/data5/chensx/MyProject/UAE/data/arrangement_merged/chr_22/185824.11~A10.K_22R.png,1,8.991868356353908,,0.0081803798675537,14.392862329534648,chromosome
0,0.0010607838630676,185824,185824.11~A15.K_22,22,,normal,185824.11~A15.K_22L.png,185824.11~A15.K_22R.png,train,/data5/chensx/MyProject/UAE/data/arrangement_merged/chr_22/185824.11~A15.K_22L.png,/data5/chensx/MyProject/UAE/data/arrangement_merged/chr_22/185824.11~A15.K_22R.png,0,-0.2861332589041973,,0.0010607838630676,-0.1483245853143976,chromosome
0,0.0009849071502685,185824,185824.11~A31.K_22,22,,normal,185824.11~A31.K_22L.png,185824.11~A31.K_22R.png,train,/data5/chensx/MyProject/UAE/data/arrangement_merged/chr_22/185824.11~A31.K_22L.png,/data5/chensx/MyProject/UAE/data/arrangement_merged/chr_22/185824.11~A31.K_22R.png,0,-0.3850130638069873,,0.0009849071502685,-0.3032965054346983,chromosome
0,0.0011464953422546,185824,185824.12~A12.K_22,22,,normal,185824.12~A12.K_22L.png,185824.12~A12.K_22R.png,train,/data5/chensx/MyProject/UAE/data/arrangement_merged/chr_22/185824.12~A12.K_22L.png,/data5/chensx/MyProject/UAE/data/arrangement_merged/chr_22/185824.12~A12.K_22R.png,0,-0.1744371399330958,,0.0011464953422546,0.0267340330146523,chromosome
0,0.0011863708496093,185824,185824.12~A28.K_22,22,,normal,185824.12~A28.K_22L.png,185824.12~A28.K_22R.png,train,/data5/chensx/MyProject/UAE/data/arrangement_merged/chr_22/185824.12~A28.K_22L.png,/data5/chensx/MyProject/UAE/data/arrangement_merged/chr_22/185824.12~A28.K_22R.png,0,-0.122472811983397,,0.0011863708496093,0.10817646393401488,chromosome
0,0.0011665821075439,185824,185824.12~A31.K_22,22,,normal,185824.12~A31.K_22L.png,185824.12~A31.K_22R.png,train,/data5/chensx/MyProject/UAE/data/arrangement_merged/chr_22/185824.12~A31.K_22L.png,/data5/chensx/MyProject/UAE/data/arrangement_merged/chr_22/185824.12~A31.K_22R.png,0,-0.1482607893814538,,0.0011665821075439,0.06775959238661206,chromosome
0,0.0010084509849548,185824,185824.12~A38.K_22,22,,normal,185824.12~A38.K_22L.png,185824.12~A38.K_22R.png,train,/data5/chensx/MyProject/UAE/data/arrangement_merged/chr_22/185824.12~A38.K_22L.png,/data5/chensx/MyProject/UAE/data/arrangement_merged/chr_22/185824.12~A38.K_22R.png,0,-0.3543315846737571,,0.0010084509849548,-0.2552101672983669,chromosome
0,0.0011903643608093,185824,185824.12~A48.K_22,22,,normal,185824.12~A48.K_22L.png,185824.12~A48.K_22R.png,train,/data5/chensx/MyProject/UAE/data/arrangement_merged/chr_22/185824.12~A48.K_22L.png,/data5/chensx/MyProject/UAE/data/arrangement_merged/chr_22/185824.12~A48.K_22R.png,0,-0.1172686117253554,,0.0011903643608093,0.11633288078254843,chromosome
0,0.0011921525001525,185824,185824.12~A7.K_22,22,,normal,185824.12~A7.K_22L.png,185824.12~A7.K_22R.png,train,/data5/chensx/MyProject/UAE/data/arrangement_merged/chr_22/185824.12~A7.K_22L.png,/data5/chensx/MyProject/UAE/data/arrangement_merged/chr_22/185824.12~A7.K_22R.png,0,-0.1149383728038442,,0.0011921525001525,0.1199850077294826,chromosome
0,0.0010555982589721,185824,185824.13~A1.K_22,22,,normal,185824.13~A1.K_22L.png,185824.13~A1.K_22R.png,train,/data5/chensx/MyProject/UAE/data/arrangement_merged/chr_22/185824.13~A1.K_22L.png,/data5/chensx/MyProject/UAE/data/arrangement_merged/chr_22/185824.13~A1.K_22R.png,0,-0.2928909517765796,,0.0010555982589721,-0.15891575346095516,chromosome
0,0.0011247396469116,185824,185824.13~A14.K_22,22,,normal,185824.13~A14.K_22L.png,185824.13~A14.K_22R.png,train,/data5/chensx/MyProject/UAE/data/arrangement_merged/chr_22/185824.13~A14.K_22L.png,/data5/chensx/MyProject/UAE/data/arrangement_merged/chr_22/185824.13~A14.K_22R.png,0,-0.2027883801448148,,0.0011247396469116,-0.01770017817454127,chromosome
0,0.0009682774543762,185824,185824.13~A5.K_22,22,,normal,185824.13~A5.K_22L.png,185824.13~A5.K_22R.png,train,/data5/chensx/MyProject/UAE/data/arrangement_merged/chr_22/185824.13~A5.K_22L.png,/data5/chensx/MyProject/UAE/data/arrangement_merged/chr_22/185824.13~A5.K_22R.png,0,-0.4066842857770411,,0.0009682774543762,-0.3372612860422866,chromosome
0,0.001158595085144,185824,185824.1~A10.K_22,22,,normal,185824.1~A10.K_22L.png,185824.1~A10.K_22R.png,train,/data5/chensx/MyProject/UAE/data/arrangement_merged/chr_22/185824.1~A10.K_22L.png,/data5/chensx/MyProject/UAE/data/arrangement_merged/chr_22/185824.1~A10.K_22R.png,0,-0.1586691898975369,,0.001158595085144,0.051446758689749135,chromosome
0,0.00115168094635,185824,185824.1~A11.K_22,22,,normal,185824.1~A11.K_22L.png,185824.1~A11.K_22R.png,train,/data5/chensx/MyProject/UAE/data/arrangement_merged/chr_22/185824.1~A11.K_22L.png,/data5/chensx/MyProject/UAE/data/arrangement_merged/chr_22/185824.1~A11.K_22R.png,0,-0.1676794470607134,,0.00115168094635,0.037325201161005704,chromosome
0,0.0010823011398315,185824,185824.1~A18.K_22,22,,normal,185824.1~A18.K_22L.png,185824.1~A18.K_22R.png,train,/data5/chensx/MyProject/UAE/data/arrangement_merged/chr_22/185824.1~A18.K_22L.png,/data5/chensx/MyProject/UAE/data/arrangement_merged/chr_22/185824.1~A18.K_22R.png,0,-0.2580927172153463,,0.0010823011398315,-0.10437732438480891,chromosome
0,0.0010017156600952,185824,185824.1~A39.K_22,22,,normal,185824.1~A39.K_22L.png,185824.1~A39.K_22R.png,train,/data5/chensx/MyProject/UAE/data/arrangement_merged/chr_22/185824.1~A39.K_22L.png,/data5/chensx/MyProject/UAE/data/arrangement_merged/chr_22/185824.1~A39.K_22R.png,0,-0.3631088179447824,,0.0010017156600952,-0.2689665121322533,chromosome
0,0.0011111497879028,185824,185824.2~A10.K_22,22,,normal,185824.2~A10.K_22L.png,185824.2~A10.K_22R.png,train,/data5/chensx/MyProject/UAE/data/arrangement_merged/chr_22/185824.2~A10.K_22L.png,/data5/chensx/MyProject/UAE/data/arrangement_merged/chr_22/185824.2~A10.K_22R.png,0,-0.2204981959482996,,0.0011111497879028,-0.04545634297221951,chromosome
0,0.0013152360916137,185824,185824.2~A11.K_22,22,,normal,185824.2~A11.K_22L.png,185824.2~A11.K_22R.png,train,/data5/chensx/MyProject/UAE/data/arrangement_merged/chr_22/185824.2~A11.K_22L.png,/data5/chensx/MyProject/UAE/data/arrangement_merged/chr_22/185824.2~A11.K_22R.png,0,0.0454597396268403,,0.0013152360916137,0.3713730792521467,chromosome
0,0.0010443329811096,185824,185824.2~A14.K_22,22,,normal,185824.2~A14.K_22L.png,185824.2~A14.K_22R.png,train,/data5/chensx/MyProject/UAE/data/arrangement_merged/chr_22/185824.2~A14.K_22L.png,/data5/chensx/MyProject/UAE/data/arrangement_merged/chr_22/185824.2~A14.K_22R.png,0,-0.3075714569820999,,0.0010443329811096,-0.18192415322733324,chromosome
0,0.0011659860610961,185824,185824.2~A17.K_22,22,,normal,185824.2~A17.K_22L.png,185824.2~A17.K_22R.png,train,/data5/chensx/MyProject/UAE/data/arrangement_merged/chr_22/185824.2~A17.K_22L.png,/data5/chensx/MyProject/UAE/data/arrangement_merged/chr_22/185824.2~A17.K_22R.png,0,-0.1490375356886241,,0.0011659860610961,0.06654221673749774,chromosome
0,0.0010746717453002,185824,185824.2~A2.K_22,22,,normal,185824.2~A2.K_22L.png,185824.2~A2.K_22R.png,train,/data5/chensx/MyProject/UAE/data/arrangement_merged/chr_22/185824.2~A2.K_22L.png,/data5/chensx/MyProject/UAE/data/arrangement_merged/chr_22/185824.2~A2.K_22R.png,0,-0.2680350699471273,,0.0010746717453002,-0.11995973269236702,chromosome
0,0.0010460019111633,185824,185824.2~A25.K_22,22,,normal,185824.2~A25.K_22L.png,185824.2~A25.K_22R.png,train,/data5/chensx/MyProject/UAE/data/arrangement_merged/chr_22/185824.2~A25.K_22L.png,/data5/chensx/MyProject/UAE/data/arrangement_merged/chr_22/185824.2~A25.K_22R.png,0,-0.3053965673220228,,0.0010460019111633,-0.17851550141009986,chromosome
0,0.0011772513389587,185824,185824.2~A27.K_22,22,,normal,185824.2~A27.K_22L.png,185824.2~A27.K_22R.png,train,/data5/chensx/MyProject/UAE/data/arrangement_merged/chr_22/185824.2~A27.K_22L.png,/data5/chensx/MyProject/UAE/data/arrangement_merged/chr_22/185824.2~A27.K_22R.png,0,-0.1343570304831039,,0.0011772513389587,0.08955061650407997,chromosome
0,0.0010470747947692,185824,185824.2~A7.K_22,22,,normal,185824.2~A7.K_22L.png,185824.2~A7.K_22R.png,train,/data5/chensx/MyProject/UAE/data/arrangement_merged/chr_22/185824.2~A7.K_22L.png,/data5/chensx/MyProject/UAE/data/arrangement_merged/chr_22/185824.2~A7.K_22R.png,0,-0.3039984239691161,,0.0010470747947692,-0.17632422524198035,chromosome
0,0.0010958313941955,185824,185824.2~A8.K_22,22,,normal,185824.2~A8.K_22L.png,185824.2~A8.K_22R.png,train,/data5/chensx/MyProject/UAE/data/arrangement_merged/chr_22/185824.2~A8.K_22L.png,/data5/chensx/MyProject/UAE/data/arrangement_merged/chr_22/185824.2~A8.K_22R.png,0,-0.2404605760425786,,0.0010958313941955,-0.07674289715208317,chromosome
0,0.0009605288505554,185824,185824.2~A9.K_22,22,,normal,185824.2~A9.K_22L.png,185824.2~A9.K_22R.png,train,/data5/chensx/MyProject/UAE/data/arrangement_merged/chr_22/185824.2~A9.K_22L.png,/data5/chensx/MyProject/UAE/data/arrangement_merged/chr_22/185824.2~A9.K_22R.png,0,-0.4167819877702561,,0.0009605288505554,-0.3530871694795449,chromosome
0,0.0010260939598083,185824,185824.3~A18.K_22,22,,normal,185824.3~A18.K_22L.png,185824.3~A18.K_22R.png,train,/data5/chensx/MyProject/UAE/data/arrangement_merged/chr_22/185824.3~A18.K_22L.png,/data5/chensx/MyProject/UAE/data/arrangement_merged/chr_22/185824.3~A18.K_22R.png,0,-0.3313398939815137,,0.0010260939598083,-0.21917584808740723,chromosome
0,0.0011407732963562,185824,185824.3~A2.K_22,22,,normal,185824.3~A2.K_22L.png,185824.3~A2.K_22R.png,train,/data5/chensx/MyProject/UAE/data/arrangement_merged/chr_22/185824.3~A2.K_22L.png,/data5/chensx/MyProject/UAE/data/arrangement_merged/chr_22/185824.3~A2.K_22R.png,0,-0.1818939044819315,,0.0011407732963562,0.015047226784137066,chromosome
0,0.0011674165725708,185824,185824.3~A28.K_22,22,,normal,185824.3~A28.K_22L.png,185824.3~A28.K_22R.png,train,/data5/chensx/MyProject/UAE/data/arrangement_merged/chr_22/185824.3~A28.K_22L.png,/data5/chensx/MyProject/UAE/data/arrangement_merged/chr_22/185824.3~A28.K_22R.png,0,-0.1471733445514152,,0.0011674165725708,0.06946391829533083,chromosome
0,0.0014011859893798,185824,185824.3~A41.K_22,22,,normal,185824.3~A41.K_22L.png,185824.3~A41.K_22R.png,train,/data5/chensx/MyProject/UAE/data/arrangement_merged/chr_22/185824.3~A41.K_22L.png,/data5/chensx/MyProject/UAE/data/arrangement_merged/chr_22/185824.3~A41.K_22R.png,0,0.1574665571208099,,0.0014011859893798,0.5469186478408015,chromosome
0,0.001091718673706,185824,185824.3~A43.K_22,22,,normal,185824.3~A43.K_22L.png,185824.3~A43.K_22R.png,train,/data5/chensx/MyProject/UAE/data/arrangement_merged/chr_22/185824.3~A43.K_22L.png,/data5/chensx/MyProject/UAE/data/arrangement_merged/chr_22/185824.3~A43.K_22R.png,0,-0.2458201255620542,,0.001091718673706,-0.08514278913031707,chromosome
0,0.0010451674461364,185824,185824.3~A46.K_22,22,,normal,185824.3~A46.K_22L.png,185824.3~A46.K_22R.png,train,/data5/chensx/MyProject/UAE/data/arrangement_merged/chr_22/185824.3~A46.K_22L.png,/data5/chensx/MyProject/UAE/data/arrangement_merged/chr_22/185824.3~A46.K_22R.png,0,-0.3064840121520613,,0.0010451674461364,-0.18021982731881864,chromosome
0,0.0010891556739807,186193,186193.11~A23.K_22,22,,normal,186193.11~A23.K_22L.png,186193.11~A23.K_22R.png,train,/data5/chensx/MyProject/UAE/data/arrangement_merged/chr_22/186193.11~A23.K_22L.png,/data5/chensx/MyProject/UAE/data/arrangement_merged/chr_22/186193.11~A23.K_22R.png,0,-0.2975216008251168,,0.0010891556739807,-0.09037750442101754,chromosome
0,0.0011603236198425,186193,186193.12~A4.K_22,22,,normal,186193.12~A4.K_22L.png,186193.12~A4.K_22R.png,train,/data5/chensx/MyProject/UAE/data/arrangement_merged/chr_22/186193.12~A4.K_22L.png,/data5/chensx/MyProject/UAE/data/arrangement_merged/chr_22/186193.12~A4.K_22R.png,0,-0.2090198421437477,,0.0011603236198425,0.054977148071934996,chromosome
0,0.0011718273162841,186193,186193.13~A11.K_22,22,,normal,186193.13~A11.K_22L.png,186193.13~A11.K_22R.png,train,/data5/chensx/MyProject/UAE/data/arrangement_merged/chr_22/186193.13~A11.K_22L.png,/data5/chensx/MyProject/UAE/data/arrangement_merged/chr_22/186193.13~A11.K_22R.png,0,-0.1947142814858714,,0.0011718273162841,0.07847249809791795,chromosome
0,0.0077502131462097,186193,186193.13~A22.K_22,22,,normal,186193.13~A22.K_22L.png,186193.13~A22.K_22R.png,train,/data5/chensx/MyProject/UAE/data/arrangement_merged/chr_22/186193.13~A22.K_22L.png,/data5/chensx/MyProject/UAE/data/arrangement_merged/chr_22/186193.13~A22.K_22R.png,1,7.985916874616865,,0.0077502131462097,13.514282323636913,chromosome
0,0.0010272860527038,186193,186193.13~A4.K_22,22,,normal,186193.13~A4.K_22L.png,186193.13~A4.K_22R.png,train,/data5/chensx/MyProject/UAE/data/arrangement_merged/chr_22/186193.13~A4.K_22L.png,/data5/chensx/MyProject/UAE/data/arrangement_merged/chr_22/186193.13~A4.K_22R.png,0,-0.3744603156586689,,0.0010272860527038,-0.2167410967893832,chromosome
0,0.0010663270950317,186193,186193.13~A41.K_22,22,,normal,186193.13~A41.K_22L.png,186193.13~A41.K_22R.png,train,/data5/chensx/MyProject/UAE/data/arrangement_merged/chr_22/186193.13~A41.K_22L.png,/data5/chensx/MyProject/UAE/data/arrangement_merged/chr_22/186193.13~A41.K_22R.png,0,-0.3259103559130267,,0.0010663270950317,-0.1370029917785352,chromosome
0,0.001102864742279,186193,186193.13~A5.K_22,22,,normal,186193.13~A5.K_22L.png,186193.13~A5.K_22R.png,train,/data5/chensx/MyProject/UAE/data/arrangement_merged/chr_22/186193.13~A5.K_22L.png,/data5/chensx/MyProject/UAE/data/arrangement_merged/chr_22/186193.13~A5.K_22R.png,0,-0.2804735233571814,,0.001102864742279,-0.06237786449363937,chromosome
0,0.0011219382286071,186193,186193.1~A34.K_22,22,,normal,186193.1~A34.K_22L.png,186193.1~A34.K_22R.png,train,/data5/chensx/MyProject/UAE/data/arrangement_merged/chr_22/186193.1~A34.K_22L.png,/data5/chensx/MyProject/UAE/data/arrangement_merged/chr_22/186193.1~A34.K_22R.png,0,-0.2567544590539669,,0.0011219382286071,-0.023421843725050788,chromosome
0,0.0012237429618835,186193,186193.1~A38.K_22,22,,normal,186193.1~A38.K_22L.png,186193.1~A38.K_22R.png,train,/data5/chensx/MyProject/UAE/data/arrangement_merged/chr_22/186193.1~A38.K_22L.png,/data5/chensx/MyProject/UAE/data/arrangement_merged/chr_22/186193.1~A38.K_22R.png,0,-0.1301539533355594,,0.0012237429618835,0.18450591712762948,chromosome
0,0.0009704232215881,186193,186193.1~A44.K_22,22,,normal,186193.1~A44.K_22L.png,186193.1~A44.K_22R.png,train,/data5/chensx/MyProject/UAE/data/arrangement_merged/chr_22/186193.1~A44.K_22L.png,/data5/chensx/MyProject/UAE/data/arrangement_merged/chr_22/186193.1~A44.K_22R.png,0,-0.4451727761126271,,0.0009704232215881,-0.3328787337058435,chromosome
0,0.0012339949607849,186193,186193.1~A8.K_22,22,,normal,186193.1~A8.K_22L.png,186193.1~A8.K_22R.png,train,/data5/chensx/MyProject/UAE/data/arrangement_merged/chr_22/186193.1~A8.K_22L.png,/data5/chensx/MyProject/UAE/data/arrangement_merged/chr_22/186193.1~A8.K_22R.png,0,-0.1174049562725816,,0.0012339949607849,0.2054447782908401,chromosome
0,0.0009625554084777,186193,186193.2~A1.K_22,22,,normal,186193.2~A1.K_22L.png,186193.2~A1.K_22R.png,train,/data5/chensx/MyProject/UAE/data/arrangement_merged/chr_22/186193.2~A1.K_22L.png,/data5/chensx/MyProject/UAE/data/arrangement_merged/chr_22/186193.2~A1.K_22R.png,0,-0.4549568901377031,,0.0009625554084777,-0.348948092273006,chromosome
0,0.0011153221130371,186193,186193.2~A12.K_22,22,,normal,186193.2~A12.K_22L.png,186193.2~A12.K_22R.png,train,/data5/chensx/MyProject/UAE/data/arrangement_merged/chr_22/186193.2~A12.K_22L.png,/data5/chensx/MyProject/UAE/data/arrangement_merged/chr_22/186193.2~A12.K_22R.png,0,-0.2649820094841444,,0.0011153221130371,-0.036934713429033116,chromosome
0,0.0009775161743164,186193,186193.2~A14.K_22,22,,normal,186193.2~A14.K_22L.png,186193.2~A14.K_22R.png,train,/data5/chensx/MyProject/UAE/data/arrangement_merged/chr_22/186193.2~A14.K_22L.png,/data5/chensx/MyProject/UAE/data/arrangement_merged/chr_22/186193.2~A14.K_22R.png,0,-0.4363522490748692,,0.0009775161743164,-0.3183919634824474,chromosome
0,0.0009762644767761,186193,186193.2~A15.K_22,22,,normal,186193.2~A15.K_22L.png,186193.2~A15.K_22R.png,train,/data5/chensx/MyProject/UAE/data/arrangement_merged/chr_22/186193.2~A15.K_22L.png,/data5/chensx/MyProject/UAE/data/arrangement_merged/chr_22/186193.2~A15.K_22R.png,0,-0.4379088126697676,,0.0009762644767761,-0.3209484523454237,chromosome
0,0.0010000467300415,186193,186193.2~A24.K_22,22,,normal,186193.2~A24.K_22L.png,186193.2~A24.K_22R.png,train,/data5/chensx/MyProject/UAE/data/arrangement_merged/chr_22/186193.2~A24.K_22L.png,/data5/chensx/MyProject/UAE/data/arrangement_merged/chr_22/186193.2~A24.K_22R.png,0,-0.4083341043666971,,0.0010000467300415,-0.2723751639494871,chromosome
0,0.0013960599899291,186193,186193.2~A3.K_22,22,,normal,186193.2~A3.K_22L.png,186193.2~A3.K_22R.png,train,/data5/chensx/MyProject/UAE/data/arrangement_merged/chr_22/186193.2~A3.K_22L.png,/data5/chensx/MyProject/UAE/data/arrangement_merged/chr_22/186193.2~A3.K_22R.png,0,0.0841329682287941,,0.0013960599899291,0.5364492172591959,chromosome
0,0.0011286735534667,186193,186193.2~A37.K_22,22,,normal,186193.2~A37.K_22L.png,186193.2~A37.K_22R.png,train,/data5/chensx/MyProject/UAE/data/arrangement_merged/chr_22/186193.2~A37.K_22L.png,/data5/chensx/MyProject/UAE/data/arrangement_merged/chr_22/186193.2~A37.K_22R.png,0,-0.2483786644718942,,0.0011286735534667,-0.009665498891164378,chromosome
0,0.0012928247451782,186193,186193.2~A4.K_22,22,,normal,186193.2~A4.K_22L.png,186193.2~A4.K_22R.png,train,/data5/chensx/MyProject/UAE/data/arrangement_merged/chr_22/186193.2~A4.K_22L.png,/data5/chensx/MyProject/UAE/data/arrangement_merged/chr_22/186193.2~A4.K_22R.png,0,-0.0442464673123544,,0.0012928247451782,0.3255997548490913,chromosome
0,0.0011842846870422,186193,186193.2~A42.K_22,22,,normal,186193.2~A42.K_22L.png,186193.2~A42.K_22R.png,train,/data5/chensx/MyProject/UAE/data/arrangement_merged/chr_22/186193.2~A42.K_22L.png,/data5/chensx/MyProject/UAE/data/arrangement_merged/chr_22/186193.2~A42.K_22R.png,0,-0.1792227676128344,,0.0011842846870422,0.10391564916252377,chromosome
0,0.0008940696716308,186193,186193.2~A44.K_22,22,,normal,186193.2~A44.K_22L.png,186193.2~A44.K_22R.png,train,/data5/chensx/MyProject/UAE/data/arrangement_merged/chr_22/186193.2~A44.K_22L.png,/data5/chensx/MyProject/UAE/data/arrangement_merged/chr_22/186193.2~A44.K_22R.png,0,-0.5401231554014327,,0.0008940696716308,-0.48882455434535377,chromosome
0,0.0010062456130981,186193,186193.2~A46.K_22,22,,normal,186193.2~A46.K_22L.png,186193.2~A46.K_22R.png,train,/data5/chensx/MyProject/UAE/data/arrangement_merged/chr_22/186193.2~A46.K_22L.png,/data5/chensx/MyProject/UAE/data/arrangement_merged/chr_22/186193.2~A46.K_22R.png,0,-0.4006254084681523,,0.0010062456130981,-0.2597144571997621,chromosome
0,0.0009946823120117,186193,186193.2~A48.K_22,22,,normal,186193.2~A48.K_22L.png,186193.2~A48.K_22R.png,train,/data5/chensx/MyProject/UAE/data/arrangement_merged/chr_22/186193.2~A48.K_22L.png,/data5/chensx/MyProject/UAE/data/arrangement_merged/chr_22/186193.2~A48.K_22R.png,0,-0.4150050912019762,,0.0009946823120117,-0.28333154479069705,chromosome
0,0.000794231891632,186193,186193.2~A5.K_22,22,,normal,186193.2~A5.K_22L.png,186193.2~A5.K_22R.png,train,/data5/chensx/MyProject/UAE/data/arrangement_merged/chr_22/186193.2~A5.K_22L.png,/data5/chensx/MyProject/UAE/data/arrangement_merged/chr_22/186193.2~A5.K_22R.png,0,-0.6642776326135711,,0.000794231891632,-0.6927349755562435,chromosome
0,0.0010197162628173,186193,186193.2~A50.K_22,22,,normal,186193.2~A50.K_22L.png,186193.2~A50.K_22R.png,train,/data5/chensx/MyProject/UAE/data/arrangement_merged/chr_22/186193.2~A50.K_22L.png,/data5/chensx/MyProject/UAE/data/arrangement_merged/chr_22/186193.2~A50.K_22R.png,0,-0.3838738193040071,,0.0010197162628173,-0.23220176753198882,chromosome
0,0.0009547472000122,186193,186193.2~A7.K_22,22,,normal,186193.2~A7.K_22L.png,186193.2~A7.K_22R.png,train,/data5/chensx/MyProject/UAE/data/arrangement_merged/chr_22/186193.2~A7.K_22L.png,/data5/chensx/MyProject/UAE/data/arrangement_merged/chr_22/186193.2~A7.K_22R.png,0,-0.4646668820868315,,0.0009547472000122,-0.36489571327501236,chromosome
0,0.0011555552482604,186193,186193.3~A15.K_22,22,,normal,186193.3~A15.K_22L.png,186193.3~A15.K_22R.png,train,/data5/chensx/MyProject/UAE/data/arrangement_merged/chr_22/186193.3~A15.K_22L.png,/data5/chensx/MyProject/UAE/data/arrangement_merged/chr_22/186193.3~A15.K_22R.png,0,-0.2149496082195513,,0.0011555552482604,0.04523814287963472,chromosome
0,0.0009970068931579,186193,186193.3~A6.K_22,22,,normal,186193.3~A6.K_22L.png,186193.3~A6.K_22R.png,train,/data5/chensx/MyProject/UAE/data/arrangement_merged/chr_22/186193.3~A6.K_22L.png,/data5/chensx/MyProject/UAE/data/arrangement_merged/chr_22/186193.3~A6.K_22R.png,0,-0.4121143302400219,,0.0009970068931579,-0.2785837797596015,chromosome
0,0.0015578269958496,Q242362,Q242362.11~A39.K_22,22,,normal,Q242362.11~A39.K_22L.png,Q242362.11~A39.K_22R.png,train,/data5/chensx/MyProject/UAE/data/arrangement_merged/chr_22/Q242362.11~A39.K_22L.png,/data5/chensx/MyProject/UAE/data/arrangement_merged/chr_22/Q242362.11~A39.K_22R.png,0,0.3147838518138708,,0.0015578269958496,0.8668449684034036,chromosome
0,0.0014706850051879,Q242362,Q242362.12~A25.K_22,22,,normal,Q242362.12~A25.K_22L.png,Q242362.12~A25.K_22R.png,train,/data5/chensx/MyProject/UAE/data/arrangement_merged/chr_22/Q242362.12~A25.K_22L.png,/data5/chensx/MyProject/UAE/data/arrangement_merged/chr_22/Q242362.12~A25.K_22R.png,0,0.2003364822323602,,0.0014706850051879,0.6888646485165206,chromosome
0,0.0008440017700195,Q242362,Q242362.12~A30.K_22,22,,normal,Q242362.12~A30.K_22L.png,Q242362.12~A30.K_22R.png,train,/data5/chensx/MyProject/UAE/data/arrangement_merged/chr_22/Q242362.12~A30.K_22L.png,/data5/chensx/MyProject/UAE/data/arrangement_merged/chr_22/Q242362.12~A30.K_22R.png,0,-0.6227138897101858,,0.0008440017700195,-0.5910841088629749,chromosome
0,0.0009295940399169,Q242362,Q242362.12~A6.K_22,22,,normal,Q242362.12~A6.K_22L.png,Q242362.12~A6.K_22R.png,train,/data5/chensx/MyProject/UAE/data/arrangement_merged/chr_22/Q242362.12~A6.K_22L.png,/data5/chensx/MyProject/UAE/data/arrangement_merged/chr_22/Q242362.12~A6.K_22R.png,0,-0.5103018358667869,,0.0009295940399169,-0.41626896566382954,chromosome
0,0.0012351870536804,Q242362,Q242362.13~A12.K_22,22,,normal,Q242362.13~A12.K_22L.png,Q242362.13~A12.K_22R.png,train,/data5/chensx/MyProject/UAE/data/arrangement_merged/chr_22/Q242362.13~A12.K_22L.png,/data5/chensx/MyProject/UAE/data/arrangement_merged/chr_22/Q242362.13~A12.K_22R.png,0,-0.1089532285860722,,0.0012351870536804,0.20787952958886413,chromosome
0,0.0009549856185913,Q242362,Q242362.13~A3.K_22,22,,normal,Q242362.13~A3.K_22L.png,Q242362.13~A3.K_22R.png,train,/data5/chensx/MyProject/UAE/data/arrangement_merged/chr_22/Q242362.13~A3.K_22L.png,/data5/chensx/MyProject/UAE/data/arrangement_merged/chr_22/Q242362.13~A3.K_22R.png,0,-0.4769539703115725,,0.0009549856185913,-0.3644087630154075,chromosome
0,0.0009717941284179,Q242362,Q242362.13~A33.K_22,22,,normal,Q242362.13~A33.K_22L.png,Q242362.13~A33.K_22R.png,train,/data5/chensx/MyProject/UAE/data/arrangement_merged/chr_22/Q242362.13~A33.K_22L.png,/data5/chensx/MyProject/UAE/data/arrangement_merged/chr_22/Q242362.13~A33.K_22R.png,0,-0.454878622690515,,0.0009717941284179,-0.3300787697131668,chromosome
0,0.0009850263595581,Q242362,Q242362.13~A6.K_22,22,,normal,Q242362.13~A6.K_22L.png,Q242362.13~A6.K_22R.png,train,/data5/chensx/MyProject/UAE/data/arrangement_merged/chr_22/Q242362.13~A6.K_22L.png,/data5/chensx/MyProject/UAE/data/arrangement_merged/chr_22/Q242362.13~A6.K_22R.png,0,-0.437500157542023,,0.0009850263595581,-0.3030530303047938,chromosome
0,0.0009800195693969,Q242362,Q242362.14~A13.K_22,22,,normal,Q242362.14~A13.K_22L.png,Q242362.14~A13.K_22R.png,train,/data5/chensx/MyProject/UAE/data/arrangement_merged/chr_22/Q242362.14~A13.K_22L.png,/data5/chensx/MyProject/UAE/data/arrangement_merged/chr_22/Q242362.14~A13.K_22R.png,0,-0.4440757930036146,,0.0009800195693969,-0.313278985756699,chromosome
0,0.0010399222373962,Q242362,Q242362.14~A25.K_22,22,,normal,Q242362.14~A25.K_22L.png,Q242362.14~A25.K_22R.png,train,/data5/chensx/MyProject/UAE/data/arrangement_merged/chr_22/Q242362.14~A25.K_22L.png,/data5/chensx/MyProject/UAE/data/arrangement_merged/chr_22/Q242362.14~A25.K_22R.png,0,-0.3654030115881439,,0.0010399222373962,-0.19093273303012454,chromosome
0,0.0010938644409179,Q242362,Q242362.14~A29.K_22,22,,normal,Q242362.14~A29.K_22L.png,Q242362.14~A29.K_22R.png,train,/data5/chensx/MyProject/UAE/data/arrangement_merged/chr_22/Q242362.14~A29.K_22L.png,/data5/chensx/MyProject/UAE/data/arrangement_merged/chr_22/Q242362.14~A29.K_22R.png,0,-0.2945583676269489,,0.0010938644409179,-0.08076023679387391,chromosome
0,0.0013484954833984,Q242362,Q242362.14~A36.K_22,22,,normal,Q242362.14~A36.K_22L.png,Q242362.14~A36.K_22R.png,train,/data5/chensx/MyProject/UAE/data/arrangement_merged/chr_22/Q242362.14~A36.K_22L.png,/data5/chensx/MyProject/UAE/data/arrangement_merged/chr_22/Q242362.14~A36.K_22R.png,0,0.0398596644197085,,0.0013484954833984,0.43930264046752737,chromosome
0,0.0013121366500854,Q242362,Q242362.14~A48.K_22,22,,normal,Q242362.14~A48.K_22L.png,Q242362.14~A48.K_22R.png,train,/data5/chensx/MyProject/UAE/data/arrangement_merged/chr_22/Q242362.14~A48.K_22L.png,/data5/chensx/MyProject/UAE/data/arrangement_merged/chr_22/Q242362.14~A48.K_22R.png,0,-0.0078919740513731,,0.0013121366500854,0.36504272587728437,chromosome
0,0.0009911656379699,Q242362,Q242362.1~A28.K_22,22,,normal,Q242362.1~A28.K_22L.png,Q242362.1~A28.K_22R.png,train,/data5/chensx/MyProject/UAE/data/arrangement_merged/chr_22/Q242362.1~A28.K_22L.png,/data5/chensx/MyProject/UAE/data/arrangement_merged/chr_22/Q242362.1~A28.K_22R.png,0,-0.429437175964119,,0.0009911656379699,-0.29051406112002126,chromosome
0,0.0008608102798461,Q242362,Q242362.1~A32.K_22,22,,normal,Q242362.1~A32.K_22L.png,Q242362.1~A32.K_22R.png,train,/data5/chensx/MyProject/UAE/data/arrangement_merged/chr_22/Q242362.1~A32.K_22L.png,/data5/chensx/MyProject/UAE/data/arrangement_merged/chr_22/Q242362.1~A32.K_22R.png,0,-0.6006385420891284,,0.0008608102798461,-0.5567541155607343,chromosome
0,0.0010062456130981,Q242362,Q242362.1~A4.K_22,22,,normal,Q242362.1~A4.K_22L.png,Q242362.1~A4.K_22R.png,train,/data5/chensx/MyProject/UAE/data/arrangement_merged/chr_22/Q242362.1~A4.K_22L.png,/data5/chensx/MyProject/UAE/data/arrangement_merged/chr_22/Q242362.1~A4.K_22R.png,0,-0.4096319882048015,,0.0010062456130981,-0.2597144571997621,chromosome
0,0.0010650157928466,Q242362,Q242362.1~A9.K_22,22,,normal,Q242362.1~A9.K_22L.png,Q242362.1~A9.K_22R.png,train,/data5/chensx/MyProject/UAE/data/arrangement_merged/chr_22/Q242362.1~A9.K_22L.png,/data5/chensx/MyProject/UAE/data/arrangement_merged/chr_22/Q242362.1~A9.K_22R.png,0,-0.3324465529056432,,0.0010650157928466,-0.13968121820646331,chromosome
0,0.001062273979187,Q242362,Q242362.2~A14.K_22,22,,normal,Q242362.2~A14.K_22L.png,Q242362.2~A14.K_22R.png,train,/data5/chensx/MyProject/UAE/data/arrangement_merged/chr_22/Q242362.2~A14.K_22L.png,/data5/chensx/MyProject/UAE/data/arrangement_merged/chr_22/Q242362.2~A14.K_22R.png,0,-0.33604749613461,,0.001062273979187,-0.14528114619181665,chromosome
0,0.0010442733764648,Q242362,Q242362.2~A2.K_22,22,,normal,Q242362.2~A2.K_22L.png,Q242362.2~A2.K_22R.png,train,/data5/chensx/MyProject/UAE/data/arrangement_merged/chr_22/Q242362.2~A2.K_22L.png,/data5/chensx/MyProject/UAE/data/arrangement_merged/chr_22/Q242362.2~A2.K_22R.png,0,-0.3596884712465226,,0.0010442733764648,-0.18204589079228573,chromosome
0,0.0012174844741821,Q242362,Q242362.2~A7.K_22,22,,normal,Q242362.2~A7.K_22L.png,Q242362.2~A7.K_22R.png,train,/data5/chensx/MyProject/UAE/data/arrangement_merged/chr_22/Q242362.2~A7.K_22L.png,/data5/chensx/MyProject/UAE/data/arrangement_merged/chr_22/Q242362.2~A7.K_22R.png,0,-0.132202796825271,,0.0012174844741821,0.17172347281295242,chromosome
0,0.0012087821960449,Q242362,Q242362.2~A9.K_22,22,,normal,Q242362.2~A9.K_22L.png,Q242362.2~A9.K_22R.png,train,/data5/chensx/MyProject/UAE/data/arrangement_merged/chr_22/Q242362.2~A9.K_22L.png,/data5/chensx/MyProject/UAE/data/arrangement_merged/chr_22/Q242362.2~A9.K_22R.png,0,-0.1436318775085135,,0.0012087821960449,0.15394978833727482,chromosome
0,0.0010269284248352,Q242362,Q242362.3~A15.K_22,22,,normal,Q242362.3~A15.K_22L.png,Q242362.3~A15.K_22R.png,train,/data5/chensx/MyProject/UAE/data/arrangement_merged/chr_22/Q242362.3~A15.K_22L.png,/data5/chensx/MyProject/UAE/data/arrangement_merged/chr_22/Q242362.3~A15.K_22R.png,0,-0.3824683512384649,,0.0010269284248352,-0.217471522178688,chromosome
0,0.0009616613388061,Q242362,Q242362.4~A30.K_22,22,,normal,Q242362.4~A30.K_22L.png,Q242362.4~A30.K_22R.png,train,/data5/chensx/MyProject/UAE/data/arrangement_merged/chr_22/Q242362.4~A30.K_22L.png,/data5/chensx/MyProject/UAE/data/arrangement_merged/chr_22/Q242362.4~A30.K_22R.png,0,-0.4681864563627837,,0.0009616613388061,-0.3507741557464731,chromosome
0,0.0010831356048583,Q242362,Q242362.4~A42.K_22,22,,normal,Q242362.4~A42.K_22L.png,Q242362.4~A42.K_22R.png,train,/data5/chensx/MyProject/UAE/data/arrangement_merged/chr_22/Q242362.4~A42.K_22L.png,/data5/chensx/MyProject/UAE/data/arrangement_merged/chr_22/Q242362.4~A42.K_22R.png,0,-0.3086490150446451,,0.0010831356048583,-0.10267299847629431,chromosome
0,0.0013293027877807,Q242664,Q242664.11~A21.K_22,22,,normal,Q242664.11~A21.K_22L.png,Q242664.11~A21.K_22R.png,train,/data5/chensx/MyProject/UAE/data/arrangement_merged/chr_22/Q242664.11~A21.K_22L.png,/data5/chensx/MyProject/UAE/data/arrangement_merged/chr_22/Q242664.11~A21.K_22R.png,0,0.0830825877259067,,0.0013293027877807,0.40010314456903423,chromosome
0,0.0008718371391296,Q242664,Q242664.12~A1.K_22,22,,normal,Q242664.12~A1.K_22L.png,Q242664.12~A1.K_22R.png,train,/data5/chensx/MyProject/UAE/data/arrangement_merged/chr_22/Q242664.12~A1.K_22L.png,/data5/chensx/MyProject/UAE/data/arrangement_merged/chr_22/Q242664.12~A1.K_22R.png,0,-0.5361076943552121,,0.0008718371391296,-0.534232666053757,chromosome
0,0.0010561943054199,Q242664,Q242664.12~A16.K_22,22,,normal,Q242664.12~A16.K_22L.png,Q242664.12~A16.K_22R.png,train,/data5/chensx/MyProject/UAE/data/arrangement_merged/chr_22/Q242664.12~A16.K_22L.png,/data5/chensx/MyProject/UAE/data/arrangement_merged/chr_22/Q242664.12~A16.K_22R.png,0,-0.2865760275829775,,0.0010561943054199,-0.1576983778118413,chromosome
0,0.0012873411178588,Q242664,Q242664.12~A19.K_22,22,,normal,Q242664.12~A19.K_22L.png,Q242664.12~A19.K_22R.png,train,/data5/chensx/MyProject/UAE/data/arrangement_merged/chr_22/Q242664.12~A19.K_22L.png,/data5/chensx/MyProject/UAE/data/arrangement_merged/chr_22/Q242664.12~A19.K_22R.png,0,0.0262865019167722,,0.0012873411178588,0.31439989887797637,chromosome
0,0.0010119676589965,Q242664,Q242664.12~A22.K_22,22,,normal,Q242664.12~A22.K_22L.png,Q242664.12~A22.K_22R.png,train,/data5/chensx/MyProject/UAE/data/arrangement_merged/chr_22/Q242664.12~A22.K_22L.png,/data5/chensx/MyProject/UAE/data/arrangement_merged/chr_22/Q242664.12~A22.K_22R.png,0,-0.3464378112056733,,0.0010119676589965,-0.24802765096924684,chromosome
0,0.0011566877365112,Q242664,Q242664.12~A24.K_22,22,,normal,Q242664.12~A24.K_22L.png,Q242664.12~A24.K_22R.png,train,/data5/chensx/MyProject/UAE/data/arrangement_merged/chr_22/Q242664.12~A24.K_22L.png,/data5/chensx/MyProject/UAE/data/arrangement_merged/chr_22/Q242664.12~A24.K_22R.png,0,-0.1505558561707603,,0.0011566877365112,0.04755115661291043,chromosome
0,0.0011504888534545,Q242664,Q242664.12~A29.K_22,22,,normal,Q242664.12~A29.K_22L.png,Q242664.12~A29.K_22R.png,train,/data5/chensx/MyProject/UAE/data/arrangement_merged/chr_22/Q242664.12~A29.K_22L.png,/data5/chensx/MyProject/UAE/data/arrangement_merged/chr_22/Q242664.12~A29.K_22R.png,0,-0.158946187028928,,0.0011504888534545,0.03489044986298168,chromosome
0,0.0009385347366333,Q242664,Q242664.12~A34.K_22,22,,normal,Q242664.12~A34.K_22L.png,Q242664.12~A34.K_22R.png,train,/data5/chensx/MyProject/UAE/data/arrangement_merged/chr_22/Q242664.12~A34.K_22L.png,/data5/chensx/MyProject/UAE/data/arrangement_merged/chr_22/Q242664.12~A34.K_22R.png,0,-0.4458309613716588,,0.0009385347366333,-0.3980083309283431,chromosome
0,0.0010112524032592,Q242664,Q242664.12~A37.K_22,22,,normal,Q242664.12~A37.K_22L.png,Q242664.12~A37.K_22R.png,train,/data5/chensx/MyProject/UAE/data/arrangement_merged/chr_22/Q242664.12~A37.K_22L.png,/data5/chensx/MyProject/UAE/data/arrangement_merged/chr_22/Q242664.12~A37.K_22R.png,0,-0.3474059263046926,,0.0010112524032592,-0.24948850174806153,chromosome
0,0.0009644031524658,Q242664,Q242664.12~A8.K_22,22,,normal,Q242664.12~A8.K_22L.png,Q242664.12~A8.K_22R.png,train,/data5/chensx/MyProject/UAE/data/arrangement_merged/chr_22/Q242664.12~A8.K_22L.png,/data5/chensx/MyProject/UAE/data/arrangement_merged/chr_22/Q242664.12~A8.K_22R.png,0,-0.4108174652904593,,0.0009644031524658,-0.3451742277609156,chromosome
0,0.0010095834732055,Q242664,Q242664.13~A20.K_22,22,,normal,Q242664.13~A20.K_22L.png,Q242664.13~A20.K_22R.png,train,/data5/chensx/MyProject/UAE/data/arrangement_merged/chr_22/Q242664.13~A20.K_22L.png,/data5/chensx/MyProject/UAE/data/arrangement_merged/chr_22/Q242664.13~A20.K_22R.png,0,-0.3496648615357378,,0.0010095834732055,-0.2528971535652949,chromosome
0,0.0013735294342041,Q242664,Q242664.13~A32.K_22,22,,normal,Q242664.13~A32.K_22L.png,Q242664.13~A32.K_22R.png,train,/data5/chensx/MyProject/UAE/data/arrangement_merged/chr_22/Q242664.13~A32.K_22L.png,/data5/chensx/MyProject/UAE/data/arrangement_merged/chr_22/Q242664.13~A32.K_22R.png,0,0.1429443713486025,,0.0013735294342041,0.49043241772644025,chromosome
0,0.0012189745903015,Q242664,Q242664.13~A33.K_22,22,,normal,Q242664.13~A33.K_22L.png,Q242664.13~A33.K_22R.png,train,/data5/chensx/MyProject/UAE/data/arrangement_merged/chr_22/Q242664.13~A33.K_22L.png,/data5/chensx/MyProject/UAE/data/arrangement_merged/chr_22/Q242664.13~A33.K_22R.png,0,-0.0662491662978262,,0.0012189745903015,0.1747669119355334,chromosome
0,0.001155138015747,Q242664,Q242664.13~A42.K_22,22,,normal,Q242664.13~A42.K_22L.png,Q242664.13~A42.K_22R.png,train,/data5/chensx/MyProject/UAE/data/arrangement_merged/chr_22/Q242664.13~A42.K_22L.png,/data5/chensx/MyProject/UAE/data/arrangement_merged/chr_22/Q242664.13~A42.K_22R.png,0,-0.1526534388853022,,0.001155138015747,0.04438597992537742,chromosome
0,0.0011730194091796,Q242664,Q242664.13~A50.K_22,22,,normal,Q242664.13~A50.K_22L.png,Q242664.13~A50.K_22R.png,train,/data5/chensx/MyProject/UAE/data/arrangement_merged/chr_22/Q242664.13~A50.K_22L.png,/data5/chensx/MyProject/UAE/data/arrangement_merged/chr_22/Q242664.13~A50.K_22R.png,0,-0.1284505614098188,,0.0011730194091796,0.08090724939594153,chromosome
0,0.0012226104736328,Q242664,Q242664.14~A47.K_22,22,,normal,Q242664.14~A47.K_22L.png,Q242664.14~A47.K_22R.png,train,/data5/chensx/MyProject/UAE/data/arrangement_merged/chr_22/Q242664.14~A47.K_22L.png,/data5/chensx/MyProject/UAE/data/arrangement_merged/chr_22/Q242664.14~A47.K_22R.png,0,-0.0613279145444779,,0.0012226104736328,0.18219290339455751,chromosome
0,0.0013385415077209,Q242664,Q242664.1~A14.K_22,22,,normal,Q242664.1~A14.K_22L.png,Q242664.1~A14.K_22R.png,train,/data5/chensx/MyProject/UAE/data/arrangement_merged/chr_22/Q242664.1~A14.K_22L.png,/data5/chensx/MyProject/UAE/data/arrangement_merged/chr_22/Q242664.1~A14.K_22R.png,0,0.0955874077549065,,0.0013385415077209,0.4189724671288737,chromosome
0,0.0012067556381225,Q242664,Q242664.2~A1.K_22,22,,normal,Q242664.2~A1.K_22L.png,Q242664.2~A1.K_22R.png,train,/data5/chensx/MyProject/UAE/data/arrangement_merged/chr_22/Q242664.2~A1.K_22L.png,/data5/chensx/MyProject/UAE/data/arrangement_merged/chr_22/Q242664.2~A1.K_22R.png,0,-0.0827877992394066,,0.0012067556381225,0.14981071113053201,chromosome
0,0.0013115406036376,Q242664,Q242664.2~A10.K_22,22,,normal,Q242664.2~A10.K_22L.png,Q242664.2~A10.K_22R.png,train,/data5/chensx/MyProject/UAE/data/arrangement_merged/chr_22/Q242664.2~A10.K_22L.png,/data5/chensx/MyProject/UAE/data/arrangement_merged/chr_22/Q242664.2~A10.K_22R.png,0,0.0590410627669265,,0.0013115406036376,0.36382535022817003,chromosome
0,0.0008904933929443,Q242664,Q242664.2~A30.K_22,22,,normal,Q242664.2~A30.K_22L.png,Q242664.2~A30.K_22R.png,train,/data5/chensx/MyProject/UAE/data/arrangement_merged/chr_22/Q242664.2~A30.K_22L.png,/data5/chensx/MyProject/UAE/data/arrangement_merged/chr_22/Q242664.2~A30.K_22R.png,0,-0.5108560255224577,,0.0008904933929443,-0.4961288082394256,chromosome
0,0.0011172294616699,Q242664,Q242664.2~A32.K_22,22,,normal,Q242664.2~A32.K_22L.png,Q242664.2~A32.K_22R.png,train,/data5/chensx/MyProject/UAE/data/arrangement_merged/chr_22/Q242664.2~A32.K_22L.png,/data5/chensx/MyProject/UAE/data/arrangement_merged/chr_22/Q242664.2~A32.K_22R.png,0,-0.2039635391333272,,0.0011172294616699,-0.03303911135219485,chromosome
0,0.001132309436798,Q242664,Q242664.2~A6.K_22,22,,normal,Q242664.2~A6.K_22L.png,Q242664.2~A6.K_22R.png,train,/data5/chensx/MyProject/UAE/data/arrangement_merged/chr_22/Q242664.2~A6.K_22L.png,/data5/chensx/MyProject/UAE/data/arrangement_merged/chr_22/Q242664.2~A6.K_22R.png,0,-0.1835524457956695,,0.001132309436798,-0.002239507432139813,chromosome
0,0.001246690750122,Q242664,Q242664.3~A19.K_22,22,,normal,Q242664.3~A19.K_22L.png,Q242664.3~A19.K_22R.png,train,/data5/chensx/MyProject/UAE/data/arrangement_merged/chr_22/Q242664.3~A19.K_22L.png,/data5/chensx/MyProject/UAE/data/arrangement_merged/chr_22/Q242664.3~A19.K_22R.png,0,-0.0287347062108268,,0.001246690750122,0.2313748796148471,chromosome
0,0.0011248588562011,Q242664,Q242664.3~A29.K_22,22,,normal,Q242664.3~A29.K_22L.png,Q242664.3~A29.K_22R.png,train,/data5/chensx/MyProject/UAE/data/arrangement_merged/chr_22/Q242664.3~A29.K_22L.png,/data5/chensx/MyProject/UAE/data/arrangement_merged/chr_22/Q242664.3~A29.K_22R.png,0,-0.1936369780771209,,0.0011248588562011,-0.017456703044840906,chromosome
0,0.0009797811508178,Q242664,Q242664.3~A44.K_22,22,,normal,Q242664.3~A44.K_22L.png,Q242664.3~A44.K_22R.png,train,/data5/chensx/MyProject/UAE/data/arrangement_merged/chr_22/Q242664.3~A44.K_22L.png,/data5/chensx/MyProject/UAE/data/arrangement_merged/chr_22/Q242664.3~A44.K_22R.png,0,-0.3900029906615436,,0.0009797811508178,-0.31376593601630387,chromosome
0,0.0010472536087036,Q242664,Q242664.3~A48.K_22,22,,normal,Q242664.3~A48.K_22L.png,Q242664.3~A48.K_22R.png,train,/data5/chensx/MyProject/UAE/data/arrangement_merged/chr_22/Q242664.3~A48.K_22L.png,/data5/chensx/MyProject/UAE/data/arrangement_merged/chr_22/Q242664.3~A48.K_22R.png,0,-0.2986774663207192,,0.0010472536087036,-0.17595901254712334,chromosome
0,0.0008152723312377,Q242664,Q242664.4~A14.K_22,22,,normal,Q242664.4~A14.K_22L.png,Q242664.4~A14.K_22R.png,train,/data5/chensx/MyProject/UAE/data/arrangement_merged/chr_22/Q242664.4~A14.K_22L.png,/data5/chensx/MyProject/UAE/data/arrangement_merged/chr_22/Q242664.4~A14.K_22R.png,0,-0.6126694634359916,,0.0008152723312377,-0.6497616151458642,chromosome
0,0.0009690523147583,Q242664,Q242664.4~A34.K_22,22,,normal,Q242664.4~A34.K_22L.png,Q242664.4~A34.K_22R.png,train,/data5/chensx/MyProject/UAE/data/arrangement_merged/chr_22/Q242664.4~A34.K_22L.png,/data5/chensx/MyProject/UAE/data/arrangement_merged/chr_22/Q242664.4~A34.K_22R.png,0,-0.4045247171468336,,0.0009690523147583,-0.3356786976985199,chromosome
0,0.0010262727737426,Q242664,Q242664.4~A41.K_22,22,,normal,Q242664.4~A41.K_22L.png,Q242664.4~A41.K_22R.png,train,/data5/chensx/MyProject/UAE/data/arrangement_merged/chr_22/Q242664.4~A41.K_22L.png,/data5/chensx/MyProject/UAE/data/arrangement_merged/chr_22/Q242664.4~A41.K_22R.png,0,-0.3270755092252865,,0.0010262727737426,-0.21881063539275436,chromosome
0,0.0010334849357604,Q242664,Q242664.4~A49.K_22,22,,normal,Q242664.4~A49.K_22L.png,Q242664.4~A49.K_22R.png,train,/data5/chensx/MyProject/UAE/data/arrangement_merged/chr_22/Q242664.4~A49.K_22L.png,/data5/chensx/MyProject/UAE/data/arrangement_merged/chr_22/Q242664.4~A49.K_22R.png,0,-0.3173136819768415,,0.0010334849357604,-0.20408039003965817,chromosome
0,0.0009316802024841,Q250230,Q250230.11~A30.K_22,22,,normal,Q250230.11~A30.K_22L.png,Q250230.11~A30.K_22R.png,train,/data5/chensx/MyProject/UAE/data/arrangement_merged/chr_22/Q250230.11~A30.K_22L.png,/data5/chensx/MyProject/UAE/data/arrangement_merged/chr_22/Q250230.11~A30.K_22R.png,0,-0.494557092144613,,0.0009316802024841,-0.4120081508921345,chromosome
0,0.0009238719940185,Q250230,Q250230.12~A40.K_22,22,,normal,Q250230.12~A40.K_22L.png,Q250230.12~A40.K_22R.png,train,/data5/chensx/MyProject/UAE/data/arrangement_merged/chr_22/Q250230.12~A40.K_22L.png,/data5/chensx/MyProject/UAE/data/arrangement_merged/chr_22/Q250230.12~A40.K_22R.png,0,-0.5043277534612938,,0.0009238719940185,-0.4279557718943448,chromosome
0,0.0011675357818603,Q250230,Q250230.13~A45.K_22,22,,normal,Q250230.13~A45.K_22L.png,Q250230.13~A45.K_22R.png,train,/data5/chensx/MyProject/UAE/data/arrangement_merged/chr_22/Q250230.13~A45.K_22L.png,/data5/chensx/MyProject/UAE/data/arrangement_merged/chr_22/Q250230.13~A45.K_22R.png,0,-0.1994234522201414,,0.0011675357818603,0.0697073934250312,chromosome
0,0.0009574890136718,Q250230,Q250230.14~A21.K_22,22,,normal,Q250230.14~A21.K_22L.png,Q250230.14~A21.K_22R.png,train,/data5/chensx/MyProject/UAE/data/arrangement_merged/chr_22/Q250230.14~A21.K_22L.png,/data5/chensx/MyProject/UAE/data/arrangement_merged/chr_22/Q250230.14~A21.K_22R.png,0,-0.462261700158943,,0.0009574890136718,-0.3592957852896593,chromosome
0,0.0010120868682861,Q250230,Q250230.14~A43.K_22,22,,normal,Q250230.14~A43.K_22L.png,Q250230.14~A43.K_22R.png,train,/data5/chensx/MyProject/UAE/data/arrangement_merged/chr_22/Q250230.14~A43.K_22L.png,/data5/chensx/MyProject/UAE/data/arrangement_merged/chr_22/Q250230.14~A43.K_22R.png,0,-0.3939416561430683,,0.0010120868682861,-0.2477841758393423,chromosome
0,0.0010914802551269,Q250230,Q250230.15~A8.K_22,22,,normal,Q250230.15~A8.K_22L.png,Q250230.15~A8.K_22R.png,train,/data5/chensx/MyProject/UAE/data/arrangement_merged/chr_22/Q250230.15~A8.K_22L.png,/data5/chensx/MyProject/UAE/data/arrangement_merged/chr_22/Q250230.15~A8.K_22R.png,0,-0.2945941685566655,,0.0010914802551269,-0.08562973938992197,chromosome
0,0.0009220838546752,Q250230,Q250230.1~A20.K_22,22,,normal,Q250230.1~A20.K_22L.png,Q250230.1~A20.K_22R.png,train,/data5/chensx/MyProject/UAE/data/arrangement_merged/chr_22/Q250230.1~A20.K_22L.png,/data5/chensx/MyProject/UAE/data/arrangement_merged/chr_22/Q250230.1~A20.K_22R.png,0,-0.5065653094880146,,0.0009220838546752,-0.43160789884148293,chromosome
0,0.0012745857238769,Q250230,Q250230.2~A24.K_22,22,,normal,Q250230.2~A24.K_22L.png,Q250230.2~A24.K_22R.png,train,/data5/chensx/MyProject/UAE/data/arrangement_merged/chr_22/Q250230.2~A24.K_22L.png,/data5/chensx/MyProject/UAE/data/arrangement_merged/chr_22/Q250230.2~A24.K_22R.png,0,-0.0654684314204571,,0.0012745857238769,0.28834805998901736,chromosome
0,0.0008869171142578,Q250230,Q250230.2~A27.K_22,22,,normal,Q250230.2~A27.K_22L.png,Q250230.2~A27.K_22R.png,train,/data5/chensx/MyProject/UAE/data/arrangement_merged/chr_22/Q250230.2~A27.K_22L.png,/data5/chensx/MyProject/UAE/data/arrangement_merged/chr_22/Q250230.2~A27.K_22R.png,0,-0.5505705780135234,,0.0008869171142578,-0.5034330621334977,chromosome
0,0.0009530782699584,Q250230,Q250230.2~A38.K_22,22,,normal,Q250230.2~A38.K_22L.png,Q250230.2~A38.K_22R.png,train,/data5/chensx/MyProject/UAE/data/arrangement_merged/chr_22/Q250230.2~A38.K_22L.png,/data5/chensx/MyProject/UAE/data/arrangement_merged/chr_22/Q250230.2~A38.K_22R.png,0,-0.4677810050248543,,0.0009530782699584,-0.3683043650924501,chromosome
0,0.0010796785354614,Q250230,Q250230.4~A35.K_22,22,,normal,Q250230.4~A35.K_22L.png,Q250230.4~A35.K_22R.png,train,/data5/chensx/MyProject/UAE/data/arrangement_merged/chr_22/Q250230.4~A35.K_22L.png,/data5/chensx/MyProject/UAE/data/arrangement_merged/chr_22/Q250230.4~A35.K_22R.png,0,-0.3093620383330226,,0.0010796785354614,-0.10973377724046186,chromosome
0,0.0010228157043457,Q250230,Q250230.5~A21.K_22,22,,normal,Q250230.5~A21.K_22L.png,Q250230.5~A21.K_22R.png,train,/data5/chensx/MyProject/UAE/data/arrangement_merged/chr_22/Q250230.5~A21.K_22L.png,/data5/chensx/MyProject/UAE/data/arrangement_merged/chr_22/Q250230.5~A21.K_22R.png,0,-0.3805163199827436,,0.0010228157043457,-0.2258714141569219,chromosome
0,0.0008922815322875,Q250230,Q250230.5~A42.K_22,22,,normal,Q250230.5~A42.K_22L.png,Q250230.5~A42.K_22R.png,train,/data5/chensx/MyProject/UAE/data/arrangement_merged/chr_22/Q250230.5~A42.K_22L.png,/data5/chensx/MyProject/UAE/data/arrangement_merged/chr_22/Q250230.5~A42.K_22R.png,0,-0.543857909933361,,0.0008922815322875,-0.4924766812924919,chromosome
0,0.001052975654602,Q250230,Q250230.5~A46.K_22,22,,normal,Q250230.5~A46.K_22L.png,Q250230.5~A46.K_22R.png,train,/data5/chensx/MyProject/UAE/data/arrangement_merged/chr_22/Q250230.5~A46.K_22L.png,/data5/chensx/MyProject/UAE/data/arrangement_merged/chr_22/Q250230.5~A46.K_22R.png,0,-0.3427762083320531,,0.001052975654602,-0.1642722063166081,chromosome
0,0.0012149810791015,Q250230,Q250230.5~A5.K_22,22,,normal,Q250230.5~A5.K_22L.png,Q250230.5~A5.K_22R.png,train,/data5/chensx/MyProject/UAE/data/arrangement_merged/chr_22/Q250230.5~A5.K_22L.png,/data5/chensx/MyProject/UAE/data/arrangement_merged/chr_22/Q250230.5~A5.K_22R.png,0,-0.1400536323111499,,0.0012149810791015,0.16661049508699985,chromosome
0,0.0010625720024108,Q250230,Q250230.5~A6.K_22,22,,normal,Q250230.5~A6.K_22L.png,Q250230.5~A6.K_22R.png,train,/data5/chensx/MyProject/UAE/data/arrangement_merged/chr_22/Q250230.5~A6.K_22L.png,/data5/chensx/MyProject/UAE/data/arrangement_merged/chr_22/Q250230.5~A6.K_22R.png,0,-0.3307679909886515,,0.0010625720024108,-0.14467245836746387,chromosome
0,0.0010039806365966,Q251136,Q251136.12~A20.K_22,22,,normal,Q251136.12~A20.K_22L.png,Q251136.12~A20.K_22R.png,train,/data5/chensx/MyProject/UAE/data/arrangement_merged/chr_22/Q251136.12~A20.K_22L.png,/data5/chensx/MyProject/UAE/data/arrangement_merged/chr_22/Q251136.12~A20.K_22R.png,0,-0.3235819337208258,,0.0010039806365966,-0.26434048466610977,chromosome
0,0.0010266900062561,Q251136,Q251136.12~A23.K_22,22,,normal,Q251136.12~A23.K_22L.png,Q251136.12~A23.K_22R.png,train,/data5/chensx/MyProject/UAE/data/arrangement_merged/chr_22/Q251136.12~A23.K_22L.png,/data5/chensx/MyProject/UAE/data/arrangement_merged/chr_22/Q251136.12~A23.K_22R.png,0,-0.3012361213338189,,0.0010266900062561,-0.2179584724382929,chromosome
0,0.0012391805648803,Q251136,Q251136.14~A16.K_22,22,,normal,Q251136.14~A16.K_22L.png,Q251136.14~A16.K_22R.png,train,/data5/chensx/MyProject/UAE/data/arrangement_merged/chr_22/Q251136.14~A16.K_22L.png,/data5/chensx/MyProject/UAE/data/arrangement_merged/chr_22/Q251136.14~A16.K_22R.png,0,-0.0921473518858403,,0.0012391805648803,0.2160359464371935,chromosome
0,0.001222550868988,Q251136,Q251136.14~A17.K_22,22,,normal,Q251136.14~A17.K_22L.png,Q251136.14~A17.K_22R.png,train,/data5/chensx/MyProject/UAE/data/arrangement_merged/chr_22/Q251136.14~A17.K_22L.png,/data5/chensx/MyProject/UAE/data/arrangement_merged/chr_22/Q251136.14~A17.K_22R.png,0,-0.1085108207991604,,0.001222550868988,0.18207116582960547,chromosome
0,0.0010172128677368,Q251136,Q251136.14~A18.K_22,22,,normal,Q251136.14~A18.K_22L.png,Q251136.14~A18.K_22R.png,train,/data5/chensx/MyProject/UAE/data/arrangement_merged/chr_22/Q251136.14~A18.K_22L.png,/data5/chensx/MyProject/UAE/data/arrangement_merged/chr_22/Q251136.14~A18.K_22R.png,0,-0.3105615391016249,,0.0010172128677368,-0.23731474525773721,chromosome
0,0.0010653734207153,Q251136,Q251136.14~A2.K_22,22,,normal,Q251136.14~A2.K_22L.png,Q251136.14~A2.K_22R.png,train,/data5/chensx/MyProject/UAE/data/arrangement_merged/chr_22/Q251136.14~A2.K_22L.png,/data5/chensx/MyProject/UAE/data/arrangement_merged/chr_22/Q251136.14~A2.K_22R.png,0,-0.2631719947218306,,0.0010653734207153,-0.13895079281695435,chromosome
0,0.0010472536087036,Q251136,Q251136.14~A31.K_22,22,,normal,Q251136.14~A31.K_22L.png,Q251136.14~A31.K_22R.png,train,/data5/chensx/MyProject/UAE/data/arrangement_merged/chr_22/Q251136.14~A31.K_22L.png,/data5/chensx/MyProject/UAE/data/arrangement_merged/chr_22/Q251136.14~A31.K_22R.png,0,-0.2810017242904661,,0.0010472536087036,-0.17595901254712334,chromosome
0,0.0012106299400329,Q251136,Q251136.14~A39.K_22,22,,normal,Q251136.14~A39.K_22L.png,Q251136.14~A39.K_22R.png,train,/data5/chensx/MyProject/UAE/data/arrangement_merged/chr_22/Q251136.14~A39.K_22L.png,/data5/chensx/MyProject/UAE/data/arrangement_merged/chr_22/Q251136.14~A39.K_22R.png,0,-0.1202409060416837,,0.0012106299400329,0.15772365284916104,chromosome
0,0.0009599924087524,Q251136,Q251136.1~A12.K_22,22,,normal,Q251136.1~A12.K_22L.png,Q251136.1~A12.K_22R.png,train,/data5/chensx/MyProject/UAE/data/arrangement_merged/chr_22/Q251136.1~A12.K_22L.png,/data5/chensx/MyProject/UAE/data/arrangement_merged/chr_22/Q251136.1~A12.K_22R.png,0,-0.366865948265737,,0.0009599924087524,-0.3541828075637067,chromosome
0,0.0010647773742675,Q251136,Q251136.1~A38.K_22,22,,normal,Q251136.1~A38.K_22L.png,Q251136.1~A38.K_22R.png,train,/data5/chensx/MyProject/UAE/data/arrangement_merged/chr_22/Q251136.1~A38.K_22L.png,/data5/chensx/MyProject/UAE/data/arrangement_merged/chr_22/Q251136.1~A38.K_22R.png,0,-0.2637584989839568,,0.0010647773742675,-0.14016816846606822,chromosome
0,0.0010938644409179,Q251136,Q251136.2~A15.K_22,22,,normal,Q251136.2~A15.K_22L.png,Q251136.2~A15.K_22R.png,train,/data5/chensx/MyProject/UAE/data/arrangement_merged/chr_22/Q251136.2~A15.K_22L.png,/data5/chensx/MyProject/UAE/data/arrangement_merged/chr_22/Q251136.2~A15.K_22R.png,0,-0.2351370909921998,,0.0010938644409179,-0.08076023679387391,chromosome
0,0.0013101696968078,Q251136,Q251136.2~A2.K_22,22,,normal,Q251136.2~A2.K_22L.png,Q251136.2~A2.K_22R.png,train,/data5/chensx/MyProject/UAE/data/arrangement_merged/chr_22/Q251136.2~A2.K_22L.png,/data5/chensx/MyProject/UAE/data/arrangement_merged/chr_22/Q251136.2~A2.K_22R.png,0,-0.0222946942666138,,0.0013101696968078,0.36102538623549363,chromosome
0,0.0012694597244262,Q251136,Q251136.2~A20.K_22,22,,normal,Q251136.2~A20.K_22L.png,Q251136.2~A20.K_22R.png,train,/data5/chensx/MyProject/UAE/data/arrangement_merged/chr_22/Q251136.2~A20.K_22L.png,/data5/chensx/MyProject/UAE/data/arrangement_merged/chr_22/Q251136.2~A20.K_22R.png,0,-0.062352935369831,,0.0012694597244262,0.2778786294074118,chromosome
0,0.0010913610458374,Q251136,Q251136.2~A25.K_22,22,,normal,Q251136.2~A25.K_22L.png,Q251136.2~A25.K_22R.png,train,/data5/chensx/MyProject/UAE/data/arrangement_merged/chr_22/Q251136.2~A25.K_22L.png,/data5/chensx/MyProject/UAE/data/arrangement_merged/chr_22/Q251136.2~A25.K_22R.png,0,-0.2376004088931297,,0.0010913610458374,-0.08587321451962233,chromosome
0,0.0009672045707702,Q251136,Q251136.2~A36.K_22,22,,normal,Q251136.2~A36.K_22L.png,Q251136.2~A36.K_22R.png,train,/data5/chensx/MyProject/UAE/data/arrangement_merged/chr_22/Q251136.2~A36.K_22L.png,/data5/chensx/MyProject/UAE/data/arrangement_merged/chr_22/Q251136.2~A36.K_22R.png,0,-0.3597692466940103,,0.0009672045707702,-0.33945256221061026,chromosome
0,0.0011960268020629,Q251136,Q251136.2~A5.K_22,22,,normal,Q251136.2~A5.K_22L.png,Q251136.2~A5.K_22R.png,train,/data5/chensx/MyProject/UAE/data/arrangement_merged/chr_22/Q251136.2~A5.K_22L.png,/data5/chensx/MyProject/UAE/data/arrangement_merged/chr_22/Q251136.2~A5.K_22R.png,0,-0.1346102604637748,,0.0011960268020629,0.12789794944811161,chromosome
0,0.0012031197547912,Q251136,Q251136.2~A7.K_22,22,,normal,Q251136.2~A7.K_22L.png,Q251136.2~A7.K_22R.png,train,/data5/chensx/MyProject/UAE/data/arrangement_merged/chr_22/Q251136.2~A7.K_22L.png,/data5/chensx/MyProject/UAE/data/arrangement_merged/chr_22/Q251136.2~A7.K_22R.png,0,-0.1276308597444734,,0.0012031197547912,0.14238471967150745,chromosome
0,0.001015305519104,Q251136,Q251136.3~A16.K_22,22,,normal,Q251136.3~A16.K_22L.png,Q251136.3~A16.K_22R.png,train,/data5/chensx/MyProject/UAE/data/arrangement_merged/chr_22/Q251136.3~A16.K_22L.png,/data5/chensx/MyProject/UAE/data/arrangement_merged/chr_22/Q251136.3~A16.K_22R.png,0,-0.3124383527404287,,0.001015305519104,-0.2412103473345755,chromosome
0,0.0009706020355224,Q251136,Q251136.3~A21.K_22,22,,normal,Q251136.3~A21.K_22L.png,Q251136.3~A21.K_22R.png,train,/data5/chensx/MyProject/UAE/data/arrangement_merged/chr_22/Q251136.3~A21.K_22L.png,/data5/chensx/MyProject/UAE/data/arrangement_merged/chr_22/Q251136.3~A21.K_22R.png,0,-0.3564261723998912,,0.0009706020355224,-0.3325135210111908,chromosome
0,0.0013103485107421,Q251136,Q251136.3~A23.K_22,22,,normal,Q251136.3~A23.K_22L.png,Q251136.3~A23.K_22R.png,train,/data5/chensx/MyProject/UAE/data/arrangement_merged/chr_22/Q251136.3~A23.K_22L.png,/data5/chensx/MyProject/UAE/data/arrangement_merged/chr_22/Q251136.3~A23.K_22R.png,0,-0.022118742987976,,0.0013103485107421,0.361390598930146,chromosome
0,0.0011199116706848,Q251136,Q251136.3~A26.K_22,22,,normal,Q251136.3~A26.K_22L.png,Q251136.3~A26.K_22R.png,train,/data5/chensx/MyProject/UAE/data/arrangement_merged/chr_22/Q251136.3~A26.K_22L.png,/data5/chensx/MyProject/UAE/data/arrangement_merged/chr_22/Q251136.3~A26.K_22R.png,0,-0.2095068547372864,,0.0011199116706848,-0.02756092093158986,chromosome
0,0.0014396905899047,Q251136,Q251136.3~A32.K_22,22,,normal,Q251136.3~A32.K_22L.png,Q251136.3~A32.K_22R.png,train,/data5/chensx/MyProject/UAE/data/arrangement_merged/chr_22/Q251136.3~A32.K_22L.png,/data5/chensx/MyProject/UAE/data/arrangement_merged/chr_22/Q251136.3~A32.K_22R.png,0,0.1051526818934022,,0.0014396905899047,0.6255611147674877,chromosome
0,0.0010432600975036,Q251136,Q251136.3~A36.K_22,22,,normal,Q251136.3~A36.K_22L.png,Q251136.3~A36.K_22R.png,train,/data5/chensx/MyProject/UAE/data/arrangement_merged/chr_22/Q251136.3~A36.K_22L.png,/data5/chensx/MyProject/UAE/data/arrangement_merged/chr_22/Q251136.3~A36.K_22R.png,0,-0.2849313028467115,,0.0010432600975036,-0.1841154293956569,chromosome
0,0.0015434026718139,Q251136,Q251136.3~A40.K_22,22,,normal,Q251136.3~A40.K_22L.png,Q251136.3~A40.K_22R.png,train,/data5/chensx/MyProject/UAE/data/arrangement_merged/chr_22/Q251136.3~A40.K_22L.png,/data5/chensx/MyProject/UAE/data/arrangement_merged/chr_22/Q251136.3~A40.K_22R.png,0,0.2072044235033552,,0.0015434026718139,0.8373844776970066,chromosome
0,0.0010527372360229,Q251136,Q251136.3~A41.K_22,22,,normal,Q251136.3~A41.K_22L.png,Q251136.3~A41.K_22R.png,train,/data5/chensx/MyProject/UAE/data/arrangement_merged/chr_22/Q251136.3~A41.K_22L.png,/data5/chensx/MyProject/UAE/data/arrangement_merged/chr_22/Q251136.3~A41.K_22R.png,0,-0.2756058850789054,,0.0010527372360229,-0.164759156576213,chromosome
0,0.0011798739433288,Q251136,Q251136.4~A12.K_22,22,,normal,Q251136.4~A12.K_22L.png,Q251136.4~A12.K_22R.png,train,/data5/chensx/MyProject/UAE/data/arrangement_merged/chr_22/Q251136.4~A12.K_22L.png,/data5/chensx/MyProject/UAE/data/arrangement_merged/chr_22/Q251136.4~A12.K_22R.png,0,-0.1505045259673939,,0.0011798739433288,0.09490706935973292,chromosome
0,0.0013721585273742,Q251136,Q251136.4~A13.K_22,22,,normal,Q251136.4~A13.K_22L.png,Q251136.4~A13.K_22R.png,train,/data5/chensx/MyProject/UAE/data/arrangement_merged/chr_22/Q251136.4~A13.K_22L.png,/data5/chensx/MyProject/UAE/data/arrangement_merged/chr_22/Q251136.4~A13.K_22R.png,0,0.0387017489945074,,0.0013721585273742,0.4876324537335592,chromosome
0,0.0011977553367614,Q251136,Q251136.4~A15.K_22,22,,normal,Q251136.4~A15.K_22L.png,Q251136.4~A15.K_22R.png,train,/data5/chensx/MyProject/UAE/data/arrangement_merged/chr_22/Q251136.4~A15.K_22L.png,/data5/chensx/MyProject/UAE/data/arrangement_merged/chr_22/Q251136.4~A15.K_22R.png,0,-0.1329093981036089,,0.0011977553367614,0.13142833883029748,chromosome
0,0.0011674165725708,Q251136,Q251136.4~A16.K_22,22,,normal,Q251136.4~A16.K_22L.png,Q251136.4~A16.K_22R.png,train,/data5/chensx/MyProject/UAE/data/arrangement_merged/chr_22/Q251136.4~A16.K_22L.png,/data5/chensx/MyProject/UAE/data/arrangement_merged/chr_22/Q251136.4~A16.K_22R.png,0,-0.1627624650458308,,0.0011674165725708,0.06946391829533083,chromosome
0,0.0010766983032226,Q251136,Q251136.4~A19.K_22,22,,normal,Q251136.4~A19.K_22L.png,Q251136.4~A19.K_22R.png,train,/data5/chensx/MyProject/UAE/data/arrangement_merged/chr_22/Q251136.4~A19.K_22L.png,/data5/chensx/MyProject/UAE/data/arrangement_merged/chr_22/Q251136.4~A19.K_22R.png,0,-0.2520284137414335,,0.0010766983032226,-0.11582065548562379,chromosome
0,0.000976026058197,Q251136,Q251136.4~A2.K_22,22,,normal,Q251136.4~A2.K_22L.png,Q251136.4~A2.K_22R.png,train,/data5/chensx/MyProject/UAE/data/arrangement_merged/chr_22/Q251136.4~A2.K_22L.png,/data5/chensx/MyProject/UAE/data/arrangement_merged/chr_22/Q251136.4~A2.K_22R.png,0,-0.3510889836145431,,0.000976026058197,-0.32143540260502834,chromosome
0,0.0011148452758789,Q251136,Q251136.4~A36.K_22,22,,normal,Q251136.4~A36.K_22L.png,Q251136.4~A36.K_22R.png,train,/data5/chensx/MyProject/UAE/data/arrangement_merged/chr_22/Q251136.4~A36.K_22L.png,/data5/chensx/MyProject/UAE/data/arrangement_merged/chr_22/Q251136.4~A36.K_22R.png,0,-0.2144921409653588,,0.0011148452758789,-0.0379086139482429,chromosome
0,0.0013718605041503,Q251136,Q251136.4~A5.K_22,22,,normal,Q251136.4~A5.K_22L.png,Q251136.4~A5.K_22R.png,train,/data5/chensx/MyProject/UAE/data/arrangement_merged/chr_22/Q251136.4~A5.K_22L.png,/data5/chensx/MyProject/UAE/data/arrangement_merged/chr_22/Q251136.4~A5.K_22R.png,0,0.0384084968634444,,0.0013718605041503,0.48702376590900226,chromosome
0,0.0029126405715942,165070,165070.11~A20.K_3,3,,normal,165070.11~A20.K_3L.png,165070.11~A20.K_3R.png,train,/data5/chensx/MyProject/UAE/data/arrangement_merged/chr_03/165070.11~A20.K_3L.png,/data5/chensx/MyProject/UAE/data/arrangement_merged/chr_03/165070.11~A20.K_3R.png,0,2.321737900623813,,0.0029126405715942,-0.24572256573466394,chromosome
0,0.0034828186035156,165070,165070.11~A21.K_3,3,,normal,165070.11~A21.K_3L.png,165070.11~A21.K_3R.png,train,/data5/chensx/MyProject/UAE/data/arrangement_merged/chr_03/165070.11~A21.K_3L.png,/data5/chensx/MyProject/UAE/data/arrangement_merged/chr_03/165070.11~A21.K_3R.png,1,3.1249902447365923,,0.0034828186035156,1.3485396371180378,chromosome
0,0.0032535791397094,165070,165070.11~A30.K_3,3,,normal,165070.11~A30.K_3L.png,165070.11~A30.K_3R.png,train,/data5/chensx/MyProject/UAE/data/arrangement_merged/chr_03/165070.11~A30.K_3L.png,/data5/chensx/MyProject/UAE/data/arrangement_merged/chr_03/165070.11~A30.K_3R.png,0,2.8020435046720147,,0.0032535791397094,0.7075682350510687,chromosome
0,0.0033264756202697,165070,165070.12~A1.K_3,3,,normal,165070.12~A1.K_3L.png,165070.12~A1.K_3R.png,train,/data5/chensx/MyProject/UAE/data/arrangement_merged/chr_03/165070.12~A1.K_3L.png,/data5/chensx/MyProject/UAE/data/arrangement_merged/chr_03/165070.12~A1.K_3R.png,0,2.904738216866237,,0.0033264756202697,0.9113924744498498,chromosome
0,0.0029941797256469,165070,165070.12~A21.K_3,3,,normal,165070.12~A21.K_3L.png,165070.12~A21.K_3R.png,train,/data5/chensx/MyProject/UAE/data/arrangement_merged/chr_03/165070.12~A21.K_3L.png,/data5/chensx/MyProject/UAE/data/arrangement_merged/chr_03/165070.12~A21.K_3R.png,0,2.436608191941635,,0.0029941797256469,-0.0177327378545136,chromosome
0,0.0030649304389953,165070,165070.12~A41.K_3,3,,normal,165070.12~A41.K_3L.png,165070.12~A41.K_3R.png,train,/data5/chensx/MyProject/UAE/data/arrangement_merged/chr_03/165070.12~A41.K_3L.png,/data5/chensx/MyProject/UAE/data/arrangement_merged/chr_03/165070.12~A41.K_3R.png,0,2.5362800017327567,,0.0030649304389953,0.18009176923166945,chromosome
0,0.0027661323547363,165070,165070.12~A5.K_3,3,,normal,165070.12~A5.K_3L.png,165070.12~A5.K_3R.png,train,/data5/chensx/MyProject/UAE/data/arrangement_merged/chr_03/165070.12~A5.K_3L.png,/data5/chensx/MyProject/UAE/data/arrangement_merged/chr_03/165070.12~A5.K_3R.png,0,2.1153408421010025,,0.0027661323547363,-0.6553709553030922,chromosome
0,0.0031923651695251,165070,165070.12~A9.K_3,3,,normal,165070.12~A9.K_3L.png,165070.12~A9.K_3R.png,train,/data5/chensx/MyProject/UAE/data/arrangement_merged/chr_03/165070.12~A9.K_3L.png,/data5/chensx/MyProject/UAE/data/arrangement_merged/chr_03/165070.12~A9.K_3R.png,0,2.715806816672452,,0.0031923651695251,0.5364092049100505,chromosome
0,0.0024433135986328,165070,165070.13~A24.K_3,3,,normal,165070.13~A24.K_3L.png,165070.13~A24.K_3R.png,train,/data5/chensx/MyProject/UAE/data/arrangement_merged/chr_03/165070.13~A24.K_3L.png,/data5/chensx/MyProject/UAE/data/arrangement_merged/chr_03/165070.13~A24.K_3R.png,0,1.6605619694567613,,0.0024433135986328,-1.5579973498932678,chromosome
0,0.0030565857887268,165070,165070.13~A25.K_3,3,,normal,165070.13~A25.K_3L.png,165070.13~A25.K_3R.png,train,/data5/chensx/MyProject/UAE/data/arrangement_merged/chr_03/165070.13~A25.K_3L.png,/data5/chensx/MyProject/UAE/data/arrangement_merged/chr_03/165070.13~A25.K_3R.png,0,2.524524270165143,,0.0030565857887268,0.15675947690489633,chromosome
0,0.0029934048652648,165070,165070.13~A26.K_3,3,,normal,165070.13~A26.K_3L.png,165070.13~A26.K_3R.png,train,/data5/chensx/MyProject/UAE/data/arrangement_merged/chr_03/165070.13~A26.K_3L.png,/data5/chensx/MyProject/UAE/data/arrangement_merged/chr_03/165070.13~A26.K_3R.png,0,2.4355165882960708,,0.0029934048652648,-0.019899307856354145,chromosome
0,0.0032247304916381,165070,165070.13~A27.K_3,3,,normal,165070.13~A27.K_3L.png,165070.13~A27.K_3R.png,train,/data5/chensx/MyProject/UAE/data/arrangement_merged/chr_03/165070.13~A27.K_3L.png,/data5/chensx/MyProject/UAE/data/arrangement_merged/chr_03/165070.13~A27.K_3R.png,0,2.7614022612525515,,0.0032247304916381,0.6269051672922373,chromosome
0,0.0028940439224243,165070,165070.13~A28.K_3,3,,normal,165070.13~A28.K_3L.png,165070.13~A28.K_3R.png,train,/data5/chensx/MyProject/UAE/data/arrangement_merged/chr_03/165070.13~A28.K_3L.png,/data5/chensx/MyProject/UAE/data/arrangement_merged/chr_03/165070.13~A28.K_3R.png,0,2.295539413130275,,0.0028940439224243,-0.29772024577746675,chromosome
0,0.0024641156196594,165070,165070.13~A3.K_3,3,,normal,165070.13~A3.K_3L.png,165070.13~A3.K_3R.png,train,/data5/chensx/MyProject/UAE/data/arrangement_merged/chr_03/165070.13~A3.K_3L.png,/data5/chensx/MyProject/UAE/data/arrangement_merged/chr_03/165070.13~A3.K_3R.png,0,1.6898673288645971,,0.0024641156196594,-1.499833278306891,chromosome
0,0.0026100873947143,165070,165070.13~A36.K_3,3,,normal,165070.13~A36.K_3L.png,165070.13~A36.K_3R.png,train,/data5/chensx/MyProject/UAE/data/arrangement_merged/chr_03/165070.13~A36.K_3L.png,/data5/chensx/MyProject/UAE/data/arrangement_merged/chr_03/165070.13~A36.K_3R.png,0,1.8955086617866328,,0.0026100873947143,-1.091684821816683,chromosome
0,0.0032509565353393,165070,165070.13~A40.K_3,3,,normal,165070.13~A40.K_3L.png,165070.13~A40.K_3R.png,train,/data5/chensx/MyProject/UAE/data/arrangement_merged/chr_03/165070.13~A40.K_3L.png,/data5/chensx/MyProject/UAE/data/arrangement_merged/chr_03/165070.13~A40.K_3R.png,0,2.798348846179336,,0.0032509565353393,0.7002352288912261,chromosome
0,0.0028101205825805,165070,165070.13~A9.K_3,3,,normal,165070.13~A9.K_3L.png,165070.13~A9.K_3R.png,train,/data5/chensx/MyProject/UAE/data/arrangement_merged/chr_03/165070.13~A9.K_3L.png,/data5/chensx/MyProject/UAE/data/arrangement_merged/chr_03/165070.13~A9.K_3R.png,0,2.177310341364564,,0.0028101205825805,-0.5323764428941181,chromosome
0,0.0026339292526245,165070,165070.1~A9.K_3,3,,normal,165070.1~A9.K_3L.png,165070.1~A9.K_3R.png,train,/data5/chensx/MyProject/UAE/data/arrangement_merged/chr_03/165070.1~A9.K_3L.png,/data5/chensx/MyProject/UAE/data/arrangement_merged/chr_03/165070.1~A9.K_3R.png,0,1.9290964662655288,,0.0026339292526245,-1.025021129453915,chromosome
0,0.0031992197036743,165070,165070.2~A31.K_3,3,,normal,165070.2~A31.K_3L.png,165070.2~A31.K_3R.png,train,/data5/chensx/MyProject/UAE/data/arrangement_merged/chr_03/165070.2~A31.K_3L.png,/data5/chensx/MyProject/UAE/data/arrangement_merged/chr_03/165070.2~A31.K_3R.png,0,2.725463310460134,,0.0031992197036743,0.5555750164643948,chromosome
0,0.003125786781311,165070,165070.3~A15.K_3,3,,normal,165070.3~A15.K_3L.png,165070.3~A15.K_3R.png,train,/data5/chensx/MyProject/UAE/data/arrangement_merged/chr_03/165070.3~A15.K_3L.png,/data5/chensx/MyProject/UAE/data/arrangement_merged/chr_03/165070.3~A15.K_3R.png,0,2.6220128726651364,,0.003125786781311,0.35025084398739464,chromosome
0,0.0030874013900756,165070,165070.3~A2.K_3,3,,normal,165070.3~A2.K_3L.png,165070.3~A2.K_3R.png,train,/data5/chensx/MyProject/UAE/data/arrangement_merged/chr_03/165070.3~A2.K_3L.png,/data5/chensx/MyProject/UAE/data/arrangement_merged/chr_03/165070.3~A2.K_3R.png,0,2.567936507454115,,0.0030874013900756,0.2429222992833997,chromosome
0,0.0028051137924194,165070,165070.3~A30.K_3,3,,normal,165070.3~A30.K_3L.png,165070.3~A30.K_3R.png,train,/data5/chensx/MyProject/UAE/data/arrangement_merged/chr_03/165070.3~A30.K_3L.png,/data5/chensx/MyProject/UAE/data/arrangement_merged/chr_03/165070.3~A30.K_3R.png,0,2.170256902423996,,0.0028051137924194,-0.5463758182901814,chromosome
0,0.0023459196090698,165070,165070.3~A35.K_3,3,,normal,165070.3~A35.K_3L.png,165070.3~A35.K_3R.png,train,/data5/chensx/MyProject/UAE/data/arrangement_merged/chr_03/165070.3~A35.K_3L.png,/data5/chensx/MyProject/UAE/data/arrangement_merged/chr_03/165070.3~A35.K_3R.png,0,1.5233557881604745,,0.0023459196090698,-1.830318533194707,chromosome
0,0.0026166439056396,165070,165070.3~A43.K_3,3,,normal,165070.3~A43.K_3L.png,165070.3~A43.K_3R.png,train,/data5/chensx/MyProject/UAE/data/arrangement_merged/chr_03/165070.3~A43.K_3L.png,/data5/chensx/MyProject/UAE/data/arrangement_merged/chr_03/165070.3~A43.K_3R.png,0,1.9047453080183292,,0.0026166439056396,-1.0733523064169361,chromosome
0,0.0033727884292602,170215,170215.12~A1.K_3,3,,normal,170215.12~A1.K_3L.png,170215.12~A1.K_3R.png,train,/data5/chensx/MyProject/UAE/data/arrangement_merged/chr_03/170215.12~A1.K_3L.png,/data5/chensx/MyProject/UAE/data/arrangement_merged/chr_03/170215.12~A1.K_3R.png,0,2.681189874484617,,0.0033727884292602,1.040886696864349,chromosome
0,0.0021730065345764,170215,170215.12~A24.K_3,3,,normal,170215.12~A24.K_3L.png,170215.12~A24.K_3R.png,train,/data5/chensx/MyProject/UAE/data/arrangement_merged/chr_03/170215.12~A24.K_3L.png,/data5/chensx/MyProject/UAE/data/arrangement_merged/chr_03/170215.12~A24.K_3R.png,0,1.1062925499069765,,0.0021730065345764,-2.31379696205477,chromosome
0,0.0032668113708496,170215,170215.12~A31.K_3,3,,normal,170215.12~A31.K_3L.png,170215.12~A31.K_3R.png,train,/data5/chensx/MyProject/UAE/data/arrangement_merged/chr_03/170215.12~A31.K_3L.png,/data5/chensx/MyProject/UAE/data/arrangement_merged/chr_03/170215.12~A31.K_3R.png,0,2.5420787689602964,,0.0032668113708496,0.7445665843125139,chromosome
0,0.0031276941299438,170215,170215.12~A33.K_3,3,,normal,170215.12~A33.K_3L.png,170215.12~A33.K_3R.png,train,/data5/chensx/MyProject/UAE/data/arrangement_merged/chr_03/170215.12~A33.K_3L.png,/data5/chensx/MyProject/UAE/data/arrangement_merged/chr_03/170215.12~A33.K_3R.png,0,2.3594661028783146,,0.0031276941299438,0.3555839393763711,chromosome
0,0.0028262734413146,170215,170215.12~A44.K_3,3,,normal,170215.12~A44.K_3L.png,170215.12~A44.K_3R.png,train,/data5/chensx/MyProject/UAE/data/arrangement_merged/chr_03/170215.12~A44.K_3L.png,/data5/chensx/MyProject/UAE/data/arrangement_merged/chr_03/170215.12~A44.K_3R.png,0,1.963805326367354,,0.0028262734413146,-0.48721179131851194,chromosome
0,0.0034818649291992,170215,170215.12~A47.K_3,3,,normal,170215.12~A47.K_3L.png,170215.12~A47.K_3R.png,train,/data5/chensx/MyProject/UAE/data/arrangement_merged/chr_03/170215.12~A47.K_3L.png,/data5/chensx/MyProject/UAE/data/arrangement_merged/chr_03/170215.12~A47.K_3R.png,1,2.8243694712841143,,0.0034818649291992,1.3458730894235502,chromosome
0,0.0024554133415222,170215,170215.12~A48.K_3,3,,normal,170215.12~A48.K_3L.png,170215.12~A48.K_3R.png,train,/data5/chensx/MyProject/UAE/data/arrangement_merged/chr_03/170215.12~A48.K_3L.png,/data5/chensx/MyProject/UAE/data/arrangement_merged/chr_03/170215.12~A48.K_3R.png,0,1.4769946972490628,,0.0024554133415222,-1.5241655260192373,chromosome
0,0.0030739307403564,170215,170215.12~A49.K_3,3,,normal,170215.12~A49.K_3L.png,170215.12~A49.K_3R.png,train,/data5/chensx/MyProject/UAE/data/arrangement_merged/chr_03/170215.12~A49.K_3L.png,/data5/chensx/MyProject/UAE/data/arrangement_merged/chr_03/170215.12~A49.K_3R.png,0,2.28889342729736,,0.0030739307403564,0.20525731309861298,chromosome
0,0.0028805136680603,170215,170215.12~A6.K_3,3,,normal,170215.12~A6.K_3L.png,170215.12~A6.K_3R.png,train,/data5/chensx/MyProject/UAE/data/arrangement_merged/chr_03/170215.12~A6.K_3L.png,/data5/chensx/MyProject/UAE/data/arrangement_merged/chr_03/170215.12~A6.K_3R.png,0,2.035003923682951,,0.0028805136680603,-0.33555189119322926,chromosome
0,0.0033274888992309,170215,170215.12~A7.K_3,3,,normal,170215.12~A7.K_3L.png,170215.12~A7.K_3R.png,train,/data5/chensx/MyProject/UAE/data/arrangement_merged/chr_03/170215.12~A7.K_3L.png,/data5/chensx/MyProject/UAE/data/arrangement_merged/chr_03/170215.12~A7.K_3R.png,0,2.621727309693569,,0.0033274888992309,0.9142256813753131,chromosome
0,0.0030823945999145,170215,170215.13~A21.K_3,3,,normal,170215.13~A21.K_3L.png,170215.13~A21.K_3R.png,train,/data5/chensx/MyProject/UAE/data/arrangement_merged/chr_03/170215.13~A21.K_3L.png,/data5/chensx/MyProject/UAE/data/arrangement_merged/chr_03/170215.13~A21.K_3R.png,0,2.3000035380872665,,0.0030823945999145,0.22892292388733632,chromosome
0,0.0030604004859924,170215,170215.13~A36.K_3,3,,normal,170215.13~A36.K_3L.png,170215.13~A36.K_3R.png,train,/data5/chensx/MyProject/UAE/data/arrangement_merged/chr_03/170215.13~A36.K_3L.png,/data5/chensx/MyProject/UAE/data/arrangement_merged/chr_03/170215.13~A36.K_3R.png,0,2.271132898076876,,0.0030604004859924,0.16742566768284928,chromosome
0,0.0029329061508178,170215,170215.13~A44.K_3,3,,normal,170215.13~A44.K_3L.png,170215.13~A44.K_3R.png,train,/data5/chensx/MyProject/UAE/data/arrangement_merged/chr_03/170215.13~A44.K_3L.png,/data5/chensx/MyProject/UAE/data/arrangement_merged/chr_03/170215.13~A44.K_3R.png,0,2.103777074276808,,0.0029329061508178,-0.1890584272265075,chromosome
0,0.0032575130462646,170215,170215.13~A47.K_3,3,,normal,170215.13~A47.K_3L.png,170215.13~A47.K_3R.png,train,/data5/chensx/MyProject/UAE/data/arrangement_merged/chr_03/170215.13~A47.K_3L.png,/data5/chensx/MyProject/UAE/data/arrangement_merged/chr_03/170215.13~A47.K_3R.png,0,2.5298732951347658,,0.0032575130462646,0.718567744290973,chromosome
0,0.0028573870658874,170215,170215.13~A5.K_3,3,,normal,170215.13~A5.K_3L.png,170215.13~A5.K_3R.png,train,/data5/chensx/MyProject/UAE/data/arrangement_merged/chr_03/170215.13~A5.K_3L.png,/data5/chensx/MyProject/UAE/data/arrangement_merged/chr_03/170215.13~A5.K_3R.png,0,2.004646719552784,,0.0028573870658874,-0.4002156727851311,chromosome
0,0.0023077726364135,170215,170215.1~A9.K_3,3,,normal,170215.1~A9.K_3L.png,170215.1~A9.K_3R.png,train,/data5/chensx/MyProject/UAE/data/arrangement_merged/chr_03/170215.1~A9.K_3L.png,/data5/chensx/MyProject/UAE/data/arrangement_merged/chr_03/170215.1~A9.K_3R.png,0,1.2831936801603443,,0.0023077726364135,-1.936980440975079,chromosome
0,0.0028273463249206,170215,170215.2~A19.K_3,3,,normal,170215.2~A19.K_3L.png,170215.2~A19.K_3R.png,train,/data5/chensx/MyProject/UAE/data/arrangement_merged/chr_03/170215.2~A19.K_3L.png,/data5/chensx/MyProject/UAE/data/arrangement_merged/chr_03/170215.2~A19.K_3R.png,0,1.9652136502703,,0.0028273463249206,-0.48421192516207284,chromosome
0,0.0028443336486816,170215,170215.2~A2.K_3,3,,normal,170215.2~A2.K_3L.png,170215.2~A2.K_3R.png,train,/data5/chensx/MyProject/UAE/data/arrangement_merged/chr_03/170215.2~A2.K_3L.png,/data5/chensx/MyProject/UAE/data/arrangement_merged/chr_03/170215.2~A2.K_3R.png,0,1.9875121120669428,,0.0028443336486816,-0.4367140443536504,chromosome
0,0.002872347831726,170215,170215.2~A23.K_3,3,,normal,170215.2~A23.K_3L.png,170215.2~A23.K_3R.png,train,/data5/chensx/MyProject/UAE/data/arrangement_merged/chr_03/170215.2~A23.K_3L.png,/data5/chensx/MyProject/UAE/data/arrangement_merged/chr_03/170215.2~A23.K_3R.png,0,2.024285013977196,,0.002872347831726,-0.35838420582763536,chromosome
0,0.0032667517662048,170215,170215.2~A33.K_3,3,,normal,170215.2~A33.K_3L.png,170215.2~A33.K_3R.png,train,/data5/chensx/MyProject/UAE/data/arrangement_merged/chr_03/170215.2~A33.K_3L.png,/data5/chensx/MyProject/UAE/data/arrangement_merged/chr_03/170215.2~A33.K_3R.png,0,2.542000528743466,,0.0032667517662048,0.7443999250815394,chromosome
0,0.0027215480804443,170215,170215.2~A4.K_3,3,,normal,170215.2~A4.K_3L.png,170215.2~A4.K_3R.png,train,/data5/chensx/MyProject/UAE/data/arrangement_merged/chr_03/170215.2~A4.K_3L.png,/data5/chensx/MyProject/UAE/data/arrangement_merged/chr_03/170215.2~A4.K_3R.png,0,1.8263372653964705,,0.0027215480804443,-0.780032060021261,chromosome
0,0.0033071041107177,170215,170215.3~A32.K_3,3,,normal,170215.3~A32.K_3L.png,170215.3~A32.K_3R.png,train,/data5/chensx/MyProject/UAE/data/arrangement_merged/chr_03/170215.3~A32.K_3L.png,/data5/chensx/MyProject/UAE/data/arrangement_merged/chr_03/170215.3~A32.K_3R.png,0,2.5949691555375973,,0.0033071041107177,0.8572282244052064,chromosome
0,0.003347635269165,170215,170215.3~A33.K_3,3,,normal,170215.3~A33.K_3L.png,170215.3~A33.K_3R.png,train,/data5/chensx/MyProject/UAE/data/arrangement_merged/chr_03/170215.3~A33.K_3L.png,/data5/chensx/MyProject/UAE/data/arrangement_merged/chr_03/170215.3~A33.K_3R.png,0,2.648172502982219,,0.003347635269165,0.9705565014217995,chromosome
0,0.0029425621032714,170215,170215.3~A38.K_3,3,,normal,170215.3~A38.K_3L.png,170215.3~A38.K_3R.png,train,/data5/chensx/MyProject/UAE/data/arrangement_merged/chr_03/170215.3~A38.K_3L.png,/data5/chensx/MyProject/UAE/data/arrangement_merged/chr_03/170215.3~A38.K_3R.png,0,2.1164519894033207,,0.0029425621032714,-0.1620596318196737,chromosome
0,0.0032837390899658,170215,170215.3~A41.K_3,3,,normal,170215.3~A41.K_3L.png,170215.3~A41.K_3R.png,train,/data5/chensx/MyProject/UAE/data/arrangement_merged/chr_03/170215.3~A41.K_3L.png,/data5/chensx/MyProject/UAE/data/arrangement_merged/chr_03/170215.3~A41.K_3R.png,0,2.564298990540109,,0.0032837390899658,0.7918978058899618,chromosome
0,0.0033060908317565,170215,170215.3~A47.K_3,3,,normal,170215.3~A47.K_3L.png,170215.3~A47.K_3R.png,train,/data5/chensx/MyProject/UAE/data/arrangement_merged/chr_03/170215.3~A47.K_3L.png,/data5/chensx/MyProject/UAE/data/arrangement_merged/chr_03/170215.3~A47.K_3R.png,0,2.5936390718514817,,0.0033060908317565,0.8543950174797419,chromosome
0,0.0029466152191162,180371,180371.11~A18.K_3,3,,normal,180371.11~A18.K_3L.png,180371.11~A18.K_3R.png,train,/data5/chensx/MyProject/UAE/data/arrangement_merged/chr_03/180371.11~A18.K_3L.png,/data5/chensx/MyProject/UAE/data/arrangement_merged/chr_03/180371.11~A18.K_3R.png,0,2.439817153701718,,0.0029466152191162,-0.15072680411781783,chromosome
0,0.0030603408813476,180371,180371.11~A42.K_3,3,,normal,180371.11~A42.K_3L.png,180371.11~A42.K_3R.png,train,/data5/chensx/MyProject/UAE/data/arrangement_merged/chr_03/180371.11~A42.K_3L.png,/data5/chensx/MyProject/UAE/data/arrangement_merged/chr_03/180371.11~A42.K_3R.png,0,2.602954947569278,,0.0030603408813476,0.16725900845187355,chromosome
0,0.0026459693908691,180371,180371.11~A50.K_3,3,,normal,180371.11~A50.K_3L.png,180371.11~A50.K_3R.png,train,/data5/chensx/MyProject/UAE/data/arrangement_merged/chr_03/180371.11~A50.K_3L.png,/data5/chensx/MyProject/UAE/data/arrangement_merged/chr_03/180371.11~A50.K_3R.png,0,2.008545124211166,,0.0026459693908691,-0.9913559648108603,chromosome
0,0.0030174255371093,180371,180371.13~A44.K_3,3,,normal,180371.13~A44.K_3L.png,180371.13~A44.K_3R.png,train,/data5/chensx/MyProject/UAE/data/arrangement_merged/chr_03/180371.13~A44.K_3L.png,/data5/chensx/MyProject/UAE/data/arrangement_merged/chr_03/180371.13~A44.K_3R.png,0,2.5413935159211425,,0.0030174255371093,0.04726436219905963,chromosome
0,0.0030134916305541,180371,180371.14~A1.K_3,3,,normal,180371.14~A1.K_3L.png,180371.14~A1.K_3R.png,train,/data5/chensx/MyProject/UAE/data/arrangement_merged/chr_03/180371.14~A1.K_3L.png,/data5/chensx/MyProject/UAE/data/arrangement_merged/chr_03/180371.14~A1.K_3R.png,0,2.5357503846867298,,0.0030134916305541,0.03626485295915523,chromosome
0,0.0028124451637268,180371,180371.1~A15.K_3,3,,normal,180371.1~A15.K_3L.png,180371.1~A15.K_3R.png,train,/data5/chensx/MyProject/UAE/data/arrangement_merged/chr_03/180371.1~A15.K_3L.png,/data5/chensx/MyProject/UAE/data/arrangement_merged/chr_03/180371.1~A15.K_3R.png,0,2.247352177812893,,0.0028124451637268,-0.5258767328885928,chromosome
0,0.0021639466285705,180371,180371.1~A25.K_3,3,,normal,180371.1~A25.K_3L.png,180371.1~A25.K_3R.png,train,/data5/chensx/MyProject/UAE/data/arrangement_merged/chr_03/180371.1~A25.K_3L.png,/data5/chensx/MyProject/UAE/data/arrangement_merged/chr_03/180371.1~A25.K_3R.png,0,1.3170905440188394,,0.0021639466285705,-2.339129165152689,chromosome
0,0.0030428767204284,180371,180371.1~A33.K_3,3,,normal,180371.1~A33.K_3L.png,180371.1~A33.K_3R.png,train,/data5/chensx/MyProject/UAE/data/arrangement_merged/chr_03/180371.1~A33.K_3L.png,/data5/chensx/MyProject/UAE/data/arrangement_merged/chr_03/180371.1~A33.K_3R.png,0,2.577902864968023,,0.0030428767204284,0.11842785379620667,chromosome
0,0.0032293200492858,180371,180371.1~A35.K_3,3,,normal,180371.1~A35.K_3L.png,180371.1~A35.K_3R.png,train,/data5/chensx/MyProject/UAE/data/arrangement_merged/chr_03/180371.1~A35.K_3L.png,/data5/chensx/MyProject/UAE/data/arrangement_merged/chr_03/180371.1~A35.K_3R.png,0,2.845353084683813,,0.0032293200492858,0.6397379280720333,chromosome
0,0.0033797025680541,180371,180371.2~A15.K_3,3,,normal,180371.2~A15.K_3L.png,180371.2~A15.K_3R.png,train,/data5/chensx/MyProject/UAE/data/arrangement_merged/chr_03/180371.2~A15.K_3L.png,/data5/chensx/MyProject/UAE/data/arrangement_merged/chr_03/180371.2~A15.K_3R.png,0,3.0610746014174897,,0.0033797025680541,1.060219167649389,chromosome
0,0.0040934085845947,180371,180371.2~A16.K_3,3,,normal,180371.2~A16.K_3L.png,180371.2~A16.K_3R.png,train,/data5/chensx/MyProject/UAE/data/arrangement_merged/chr_03/180371.2~A16.K_3L.png,/data5/chensx/MyProject/UAE/data/arrangement_merged/chr_03/180371.2~A16.K_3R.png,1,4.08487541052135,,0.0040934085845947,3.055796798525382,chromosome
0,0.0021635890007019,180371,180371.2~A21.K_3,3,,normal,180371.2~A21.K_3L.png,180371.2~A21.K_3R.png,train,/data5/chensx/MyProject/UAE/data/arrangement_merged/chr_03/180371.2~A21.K_3L.png,/data5/chensx/MyProject/UAE/data/arrangement_merged/chr_03/180371.2~A21.K_3R.png,0,1.3165775320884383,,0.0021635890007019,-2.340129120537982,chromosome
0,0.0028557181358337,180371,180371.2~A41.K_3,3,,normal,180371.2~A41.K_3L.png,180371.2~A41.K_3R.png,train,/data5/chensx/MyProject/UAE/data/arrangement_merged/chr_03/180371.2~A41.K_3L.png,/data5/chensx/MyProject/UAE/data/arrangement_merged/chr_03/180371.2~A41.K_3R.png,0,2.30942662139143,,0.0028557181358337,-0.404882131250486,chromosome
0,0.0028854608535766,180371,180371.2~A49.K_3,3,,normal,180371.2~A49.K_3L.png,180371.2~A49.K_3R.png,train,/data5/chensx/MyProject/UAE/data/arrangement_merged/chr_03/180371.2~A49.K_3L.png,/data5/chensx/MyProject/UAE/data/arrangement_merged/chr_03/180371.2~A49.K_3R.png,0,2.3520921136031245,,0.0028854608535766,-0.32171917502814157,chromosome
0,0.0024767518043518,180371,180371.3~A2.K_3,3,,normal,180371.3~A2.K_3L.png,180371.3~A2.K_3R.png,train,/data5/chensx/MyProject/UAE/data/arrangement_merged/chr_03/180371.3~A2.K_3L.png,/data5/chensx/MyProject/UAE/data/arrangement_merged/chr_03/180371.3~A2.K_3R.png,0,1.76580497914303,,0.0024767518043518,-1.4645015213546404,chromosome
0,0.0023202896118164,180371,180371.3~A25.K_3,3,,normal,180371.3~A25.K_3L.png,180371.3~A25.K_3R.png,train,/data5/chensx/MyProject/UAE/data/arrangement_merged/chr_03/180371.3~A25.K_3L.png,/data5/chensx/MyProject/UAE/data/arrangement_merged/chr_03/180371.3~A25.K_3R.png,0,1.5413622595925345,,0.0023202896118164,-1.9019820024845,chromosome
0,0.0029107332229614,180371,180371.3~A45.K_3,3,,normal,180371.3~A45.K_3L.png,180371.3~A45.K_3R.png,train,/data5/chensx/MyProject/UAE/data/arrangement_merged/chr_03/180371.3~A45.K_3L.png,/data5/chensx/MyProject/UAE/data/arrangement_merged/chr_03/180371.3~A45.K_3R.png,0,2.3883449566848047,,0.0029107332229614,-0.2510556611236404,chromosome
0,0.0033402442932128,180371,180371.3~A9.K_3,3,,normal,180371.3~A9.K_3L.png,180371.3~A9.K_3R.png,train,/data5/chensx/MyProject/UAE/data/arrangement_merged/chr_03/180371.3~A9.K_3L.png,/data5/chensx/MyProject/UAE/data/arrangement_merged/chr_03/180371.3~A9.K_3R.png,0,3.0044722850965644,,0.0033402442932128,0.9498907567892351,chromosome
0,0.0034604668617248,180371,180371.4~A19.K_3,3,,normal,180371.4~A19.K_3L.png,180371.4~A19.K_3R.png,train,/data5/chensx/MyProject/UAE/data/arrangement_merged/chr_03/180371.4~A19.K_3L.png,/data5/chensx/MyProject/UAE/data/arrangement_merged/chr_03/180371.4~A19.K_3R.png,1,3.176929795699745,,0.0034604668617248,1.286042425527979,chromosome
0,0.0023618340492248,180371,180371.4~A20.K_3,3,,normal,180371.4~A20.K_3L.png,180371.4~A20.K_3R.png,train,/data5/chensx/MyProject/UAE/data/arrangement_merged/chr_03/180371.4~A20.K_3L.png,/data5/chensx/MyProject/UAE/data/arrangement_merged/chr_03/180371.4~A20.K_3R.png,0,1.600957145507466,,0.0023618340492248,-1.7858205185427225,chromosome
0,0.0032566785812377,180371,180371.4~A23.K_3,3,,normal,180371.4~A23.K_3L.png,180371.4~A23.K_3R.png,train,/data5/chensx/MyProject/UAE/data/arrangement_merged/chr_03/180371.4~A23.K_3L.png,/data5/chensx/MyProject/UAE/data/arrangement_merged/chr_03/180371.4~A23.K_3R.png,0,2.8845984973595,,0.0032566785812377,0.7162345150581568,chromosome
0,0.0029686689376831,180371,180371.4~A27.K_3,3,,normal,180371.4~A27.K_3L.png,180371.4~A27.K_3R.png,train,/data5/chensx/MyProject/UAE/data/arrangement_merged/chr_03/180371.4~A27.K_3L.png,/data5/chensx/MyProject/UAE/data/arrangement_merged/chr_03/180371.4~A27.K_3R.png,0,2.471452889409788,,0.0029686689376831,-0.08906288868235626,chromosome
0,0.0030614733695983,180371,180371.4~A35.K_3,3,,normal,180371.4~A35.K_3L.png,180371.4~A35.K_3R.png,train,/data5/chensx/MyProject/UAE/data/arrangement_merged/chr_03/180371.4~A35.K_3L.png,/data5/chensx/MyProject/UAE/data/arrangement_merged/chr_03/180371.4~A35.K_3R.png,0,2.6045794853488817,,0.0030614733695983,0.17042553383900946,chromosome
0,0.002504289150238,180371,180371.4~A39.K_3,3,,normal,180371.4~A39.K_3L.png,180371.4~A39.K_3R.png,train,/data5/chensx/MyProject/UAE/data/arrangement_merged/chr_03/180371.4~A39.K_3L.png,/data5/chensx/MyProject/UAE/data/arrangement_merged/chr_03/180371.4~A39.K_3R.png,0,1.8053068977839173,,0.002504289150238,-1.387504956675871,chromosome
0,0.0031971335411071,180371,180371.4~A44.K_3,3,,normal,180371.4~A44.K_3L.png,180371.4~A44.K_3R.png,train,/data5/chensx/MyProject/UAE/data/arrangement_merged/chr_03/180371.4~A44.K_3L.png,/data5/chensx/MyProject/UAE/data/arrangement_merged/chr_03/180371.4~A44.K_3R.png,0,2.799182010947712,,0.0031971335411071,0.5497419433824923,chromosome
0,0.0026580095291137,182418,182418.13~A1.K_3,3,,normal,182418.13~A1.K_3L.png,182418.13~A1.K_3R.png,train,/data5/chensx/MyProject/UAE/data/arrangement_merged/chr_03/182418.13~A1.K_3L.png,/data5/chensx/MyProject/UAE/data/arrangement_merged/chr_03/182418.13~A1.K_3R.png,0,1.8075006955647588,,0.0026580095291137,-0.9576908001678044,chromosome
0,0.0031598806381225,182418,182418.13~A27.K_3,3,,normal,182418.13~A27.K_3L.png,182418.13~A27.K_3R.png,train,/data5/chensx/MyProject/UAE/data/arrangement_merged/chr_03/182418.13~A27.K_3L.png,/data5/chensx/MyProject/UAE/data/arrangement_merged/chr_03/182418.13~A27.K_3R.png,0,2.488296693696992,,0.0031598806381225,0.4455799240659121,chromosome
0,0.0024515390396118,182418,182418.13~A6.K_3,3,,normal,182418.13~A6.K_3L.png,182418.13~A6.K_3R.png,train,/data5/chensx/MyProject/UAE/data/arrangement_merged/chr_03/182418.13~A6.K_3L.png,/data5/chensx/MyProject/UAE/data/arrangement_merged/chr_03/182418.13~A6.K_3R.png,0,1.5274202516775788,,0.0024515390396118,-1.534998376028166,chromosome
0,0.0030288696289062,182418,182418.14~A44.K_3,3,,normal,182418.14~A44.K_3L.png,182418.14~A44.K_3R.png,train,/data5/chensx/MyProject/UAE/data/arrangement_merged/chr_03/182418.14~A44.K_3L.png,/data5/chensx/MyProject/UAE/data/arrangement_merged/chr_03/182418.14~A44.K_3R.png,0,2.3105782134244683,,0.0030288696289062,0.07926293453319977,chromosome
0,0.002637505531311,182418,182418.1~A24.K_3,3,,normal,182418.1~A24.K_3L.png,182418.1~A24.K_3R.png,train,/data5/chensx/MyProject/UAE/data/arrangement_merged/chr_03/182418.1~A24.K_3L.png,/data5/chensx/MyProject/UAE/data/arrangement_merged/chr_03/182418.1~A24.K_3R.png,0,1.779686702291898,,0.002637505531311,-1.0150215755995837,chromosome
0,0.003150463104248,182418,182418.2~A16.K_3,3,,normal,182418.2~A16.K_3L.png,182418.2~A16.K_3R.png,train,/data5/chensx/MyProject/UAE/data/arrangement_merged/chr_03/182418.2~A16.K_3L.png,/data5/chensx/MyProject/UAE/data/arrangement_merged/chr_03/182418.2~A16.K_3R.png,0,2.4755216619030618,,0.003150463104248,0.41924776558269994,chromosome
0,0.0026228427886962,182418,182418.2~A2.K_3,3,,normal,182418.2~A2.K_3L.png,182418.2~A2.K_3R.png,train,/data5/chensx/MyProject/UAE/data/arrangement_merged/chr_03/182418.2~A2.K_3L.png,/data5/chensx/MyProject/UAE/data/arrangement_merged/chr_03/182418.2~A2.K_3R.png,0,1.7597964629165384,,0.0026228427886962,-1.056019746402761,chromosome
0,0.0031827688217163,182418,182418.2~A3.K_3,3,,normal,182418.2~A3.K_3L.png,182418.2~A3.K_3R.png,train,/data5/chensx/MyProject/UAE/data/arrangement_merged/chr_03/182418.2~A3.K_3L.png,/data5/chensx/MyProject/UAE/data/arrangement_merged/chr_03/182418.2~A3.K_3R.png,0,2.519344872234139,,0.0031827688217163,0.5095770687341912,chromosome
0,0.0030457377433776,182418,182418.2~A33.K_3,3,,normal,182418.2~A33.K_3L.png,182418.2~A33.K_3R.png,train,/data5/chensx/MyProject/UAE/data/arrangement_merged/chr_03/182418.2~A33.K_3L.png,/data5/chensx/MyProject/UAE/data/arrangement_merged/chr_03/182418.2~A33.K_3R.png,0,2.333460074169293,,0.0030457377433776,0.12642749687967197,chromosome
0,0.0032545328140258,182418,182418.2~A38.K_3,3,,normal,182418.2~A38.K_3L.png,182418.2~A38.K_3R.png,train,/data5/chensx/MyProject/UAE/data/arrangement_merged/chr_03/182418.2~A38.K_3L.png,/data5/chensx/MyProject/UAE/data/arrangement_merged/chr_03/182418.2~A38.K_3R.png,0,2.616693848689152,,0.0032545328140258,0.7102347827455575,chromosome
0,0.0027288198471069,182418,182418.3~A15.K_3,3,,normal,182418.3~A15.K_3L.png,182418.3~A15.K_3R.png,train,/data5/chensx/MyProject/UAE/data/arrangement_merged/chr_03/182418.3~A15.K_3L.png,/data5/chensx/MyProject/UAE/data/arrangement_merged/chr_03/182418.3~A15.K_3R.png,0,1.9035559979140573,,0.0027288198471069,-0.7596996338506469,chromosome
0,0.0027677416801452,182418,182418.3~A25.K_3,3,,normal,182418.3~A25.K_3L.png,182418.3~A25.K_3R.png,train,/data5/chensx/MyProject/UAE/data/arrangement_merged/chr_03/182418.3~A25.K_3L.png,/data5/chensx/MyProject/UAE/data/arrangement_merged/chr_03/182418.3~A25.K_3R.png,0,1.9563540723535289,,0.0027677416801452,-0.650871156068713,chromosome
0,0.0027051568031311,182418,182418.3~A49.K_3,3,,normal,182418.3~A49.K_3L.png,182418.3~A49.K_3R.png,train,/data5/chensx/MyProject/UAE/data/arrangement_merged/chr_03/182418.3~A49.K_3L.png,/data5/chensx/MyProject/UAE/data/arrangement_merged/chr_03/182418.3~A49.K_3R.png,0,1.8714567091660173,,0.0027051568031311,-0.8258633485204888,chromosome
0,0.0032190084457397,182418,182418.4~A15.K_3,3,,normal,182418.4~A15.K_3L.png,182418.4~A15.K_3R.png,train,/data5/chensx/MyProject/UAE/data/arrangement_merged/chr_03/182418.4~A15.K_3L.png,/data5/chensx/MyProject/UAE/data/arrangement_merged/chr_03/182418.4~A15.K_3R.png,0,2.5685044882512886,,0.0032190084457397,0.610905881125308,chromosome
0,0.0027788281440734,182418,182418.4~A6.K_3,3,,normal,182418.4~A6.K_3L.png,182418.4~A6.K_3R.png,train,/data5/chensx/MyProject/UAE/data/arrangement_merged/chr_03/182418.4~A6.K_3L.png,/data5/chensx/MyProject/UAE/data/arrangement_merged/chr_03/182418.4~A6.K_3R.png,0,1.9713930338324592,,0.0027788281440734,-0.6198725391201461,chromosome
0,0.002806544303894,182418,182418.5~A16.K_3,3,,normal,182418.5~A16.K_3L.png,182418.5~A16.K_3R.png,train,/data5/chensx/MyProject/UAE/data/arrangement_merged/chr_03/182418.5~A16.K_3L.png,/data5/chensx/MyProject/UAE/data/arrangement_merged/chr_03/182418.5~A16.K_3R.png,0,2.0089904375297856,,0.002806544303894,-0.5423759967484495,chromosome
0,0.0028147101402282,182418,182418.5~A17.K_3,3,,normal,182418.5~A17.K_3L.png,182418.5~A17.K_3R.png,train,/data5/chensx/MyProject/UAE/data/arrangement_merged/chr_03/182418.5~A17.K_3L.png,/data5/chensx/MyProject/UAE/data/arrangement_merged/chr_03/182418.5~A17.K_3R.png,0,2.020067522059965,,0.0028147101402282,-0.5195436821143234,chromosome
0,0.0028846263885498,182418,182418.5~A3.K_3,3,,normal,182418.5~A3.K_3L.png,182418.5~A3.K_3R.png,train,/data5/chensx/MyProject/UAE/data/arrangement_merged/chr_03/182418.5~A3.K_3L.png,/data5/chensx/MyProject/UAE/data/arrangement_merged/chr_03/182418.5~A3.K_3R.png,0,2.114910004935157,,0.0028846263885498,-0.32405240426067894,chromosome
0,0.0021074414253234,182418,182418.5~A30.K_3,3,,normal,182418.5~A30.K_3L.png,182418.5~A30.K_3R.png,train,/data5/chensx/MyProject/UAE/data/arrangement_merged/chr_03/182418.5~A30.K_3L.png,/data5/chensx/MyProject/UAE/data/arrangement_merged/chr_03/182418.5~A30.K_3R.png,0,1.0606464634094812,,0.0021074414253234,-2.497122116052241,chromosome
0,0.0028338432312011,182418,182418.5~A5.K_3,3,,normal,182418.5~A5.K_3L.png,182418.5~A5.K_3R.png,train,/data5/chensx/MyProject/UAE/data/arrangement_merged/chr_03/182418.5~A5.K_3L.png,/data5/chensx/MyProject/UAE/data/arrangement_merged/chr_03/182418.5~A5.K_3R.png,0,2.046021858805862,,0.0028338432312011,-0.4660460689933017,chromosome
0,0.0031399726867675,182747,182747.11~A42.K_3,3,,normal,182747.11~A42.K_3L.png,182747.11~A42.K_3R.png,train,/data5/chensx/MyProject/UAE/data/arrangement_merged/chr_03/182747.11~A42.K_3L.png,/data5/chensx/MyProject/UAE/data/arrangement_merged/chr_03/182747.11~A42.K_3R.png,0,2.444567658989151,,0.0031399726867675,0.38991574094304865,chromosome
0,0.0025676488876342,182747,182747.12~A10.K_3,3,,normal,182747.12~A10.K_3L.png,182747.12~A10.K_3R.png,train,/data5/chensx/MyProject/UAE/data/arrangement_merged/chr_03/182747.12~A10.K_3L.png,/data5/chensx/MyProject/UAE/data/arrangement_merged/chr_03/182747.12~A10.K_3R.png,0,1.6807417450778823,,0.0025676488876342,-1.2103461942222524,chromosome
0,0.002994418144226,182747,182747.12~A14.K_3,3,,normal,182747.12~A14.K_3L.png,182747.12~A14.K_3R.png,train,/data5/chensx/MyProject/UAE/data/arrangement_merged/chr_03/182747.12~A14.K_3L.png,/data5/chensx/MyProject/UAE/data/arrangement_merged/chr_03/182747.12~A14.K_3R.png,0,2.250309912501824,,0.002994418144226,-0.017066100930890785,chromosome
0,0.0032076835632324,182747,182747.12~A18.K_3,3,,normal,182747.12~A18.K_3L.png,182747.12~A18.K_3R.png,train,/data5/chensx/MyProject/UAE/data/arrangement_merged/chr_03/182747.12~A18.K_3L.png,/data5/chensx/MyProject/UAE/data/arrangement_merged/chr_03/182747.12~A18.K_3R.png,0,2.534934898960324,,0.0032076835632324,0.5792406272531193,chromosome
0,0.0028446912765502,182747,182747.12~A26.K_3,3,,normal,182747.12~A26.K_3L.png,182747.12~A26.K_3R.png,train,/data5/chensx/MyProject/UAE/data/arrangement_merged/chr_03/182747.12~A26.K_3L.png,/data5/chensx/MyProject/UAE/data/arrangement_merged/chr_03/182747.12~A26.K_3R.png,0,2.050483762143033,,0.0028446912765502,-0.43571408896835623,chromosome
0,0.002831757068634,182747,182747.12~A28.K_3,3,,normal,182747.12~A28.K_3L.png,182747.12~A28.K_3R.png,train,/data5/chensx/MyProject/UAE/data/arrangement_merged/chr_03/182747.12~A28.K_3L.png,/data5/chensx/MyProject/UAE/data/arrangement_merged/chr_03/182747.12~A28.K_3R.png,0,2.0332217101414973,,0.002831757068634,-0.47187914207492526,chromosome
0,0.0032699108123779,182747,182747.12~A4.K_3,3,,normal,182747.12~A4.K_3L.png,182747.12~A4.K_3R.png,train,/data5/chensx/MyProject/UAE/data/arrangement_merged/chr_03/182747.12~A4.K_3L.png,/data5/chensx/MyProject/UAE/data/arrangement_merged/chr_03/182747.12~A4.K_3R.png,0,2.61798366527186,,0.0032699108123779,0.753232864319602,chromosome
0,0.0023770928382873,182747,182747.13~A33.K_3,3,,normal,182747.13~A33.K_3L.png,182747.13~A33.K_3R.png,train,/data5/chensx/MyProject/UAE/data/arrangement_merged/chr_03/182747.13~A33.K_3L.png,/data5/chensx/MyProject/UAE/data/arrangement_merged/chr_03/182747.13~A33.K_3R.png,0,1.4264247854054886,,0.0023770928382873,-1.7431557554306294,chromosome
0,0.0028918981552124,182747,182747.13~A45.K_3,3,,normal,182747.13~A45.K_3L.png,182747.13~A45.K_3R.png,train,/data5/chensx/MyProject/UAE/data/arrangement_merged/chr_03/182747.13~A45.K_3L.png,/data5/chensx/MyProject/UAE/data/arrangement_merged/chr_03/182747.13~A45.K_3R.png,0,2.1134862745173013,,0.0028918981552124,-0.30371997809006485,chromosome
0,0.0028932094573974,182747,182747.13~A5.K_3,3,,normal,182747.13~A5.K_3L.png,182747.13~A5.K_3R.png,train,/data5/chensx/MyProject/UAE/data/arrangement_merged/chr_03/182747.13~A5.K_3L.png,/data5/chensx/MyProject/UAE/data/arrangement_merged/chr_03/182747.13~A5.K_3R.png,0,2.115236344305476,,0.0028932094573974,-0.30005347501028423,chromosome
0,0.0031531453132629,182747,182747.1~A15.K_3,3,,normal,182747.1~A15.K_3L.png,182747.1~A15.K_3R.png,train,/data5/chensx/MyProject/UAE/data/arrangement_merged/chr_03/182747.1~A15.K_3L.png,/data5/chensx/MyProject/UAE/data/arrangement_merged/chr_03/182747.1~A15.K_3R.png,0,2.4621479054976274,,0.0031531453132629,0.42674743097351814,chromosome
0,0.0031112432479858,182747,182747.1~A42.K_3,3,,normal,182747.1~A42.K_3L.png,182747.1~A42.K_3R.png,train,/data5/chensx/MyProject/UAE/data/arrangement_merged/chr_03/182747.1~A42.K_3L.png,/data5/chensx/MyProject/UAE/data/arrangement_merged/chr_03/182747.1~A42.K_3R.png,0,2.406225220902791,,0.0031112432479858,0.3095859916461676,chromosome
0,0.0028350949287414,182747,182747.2~A13.K_3,3,,normal,182747.2~A13.K_3L.png,182747.2~A13.K_3R.png,train,/data5/chensx/MyProject/UAE/data/arrangement_merged/chr_03/182747.2~A13.K_3L.png,/data5/chensx/MyProject/UAE/data/arrangement_merged/chr_03/182747.2~A13.K_3R.png,0,2.037676433238668,,0.0028350949287414,-0.4625462251442155,chromosome
0,0.0031782984733581,182747,182747.3~A20.K_3,3,,normal,182747.3~A20.K_3L.png,182747.3~A20.K_3R.png,train,/data5/chensx/MyProject/UAE/data/arrangement_merged/chr_03/182747.3~A20.K_3L.png,/data5/chensx/MyProject/UAE/data/arrangement_merged/chr_03/182747.3~A20.K_3R.png,0,2.4957174259798767,,0.0031782984733581,0.49707762641606784,chromosome
0,0.0030320882797241,182747,182747.3~A24.K_3,3,,normal,182747.3~A24.K_3L.png,182747.3~A24.K_3R.png,train,/data5/chensx/MyProject/UAE/data/arrangement_merged/chr_03/182747.3~A24.K_3L.png,/data5/chensx/MyProject/UAE/data/arrangement_merged/chr_03/182747.3~A24.K_3R.png,0,2.300584644598462,,0.0030320882797241,0.08826253300223694,chromosome
0,0.0031943321228027,182747,182747.3~A35.K_3,3,,normal,182747.3~A35.K_3L.png,182747.3~A35.K_3R.png,train,/data5/chensx/MyProject/UAE/data/arrangement_merged/chr_03/182747.3~A35.K_3L.png,/data5/chensx/MyProject/UAE/data/arrangement_merged/chr_03/182747.3~A35.K_3R.png,0,2.517116006571642,,0.0031943321228027,0.5419089595300027,chromosome
0,0.0033864378929138,182747,182747.4~A1.K_3,3,,normal,182747.4~A1.K_3L.png,182747.4~A1.K_3R.png,train,/data5/chensx/MyProject/UAE/data/arrangement_merged/chr_03/182747.4~A1.K_3L.png,/data5/chensx/MyProject/UAE/data/arrangement_merged/chr_03/182747.4~A1.K_3R.png,0,2.773501230539151,,0.0033864378929138,1.079051660742063,chromosome
0,0.0025775432586669,182747,182747.4~A32.K_3,3,,normal,182747.4~A32.K_3L.png,182747.4~A32.K_3R.png,train,/data5/chensx/MyProject/UAE/data/arrangement_merged/chr_03/182747.4~A32.K_3L.png,/data5/chensx/MyProject/UAE/data/arrangement_merged/chr_03/182747.4~A32.K_3R.png,0,1.6939468171159235,,0.0025775432586669,-1.182680761891797,chromosome
0,0.0033316016197204,182747,182747.4~A33.K_3,3,,normal,182747.4~A33.K_3L.png,182747.4~A33.K_3R.png,train,/data5/chensx/MyProject/UAE/data/arrangement_merged/chr_03/182747.4~A33.K_3L.png,/data5/chensx/MyProject/UAE/data/arrangement_merged/chr_03/182747.4~A33.K_3R.png,0,2.700316493942778,,0.0033316016197204,0.9257251683078647,chromosome
0,0.0030157566070556,182747,182747.4~A35.K_3,3,,normal,182747.4~A35.K_3L.png,182747.4~A35.K_3R.png,train,/data5/chensx/MyProject/UAE/data/arrangement_merged/chr_03/182747.4~A35.K_3L.png,/data5/chensx/MyProject/UAE/data/arrangement_merged/chr_03/182747.4~A35.K_3R.png,0,2.2787883208730206,,0.0030157566070556,0.04259790373370476,chromosome
0,0.0038811564445495,182747,182747.4~A41.K_3,3,,normal,182747.4~A41.K_3L.png,182747.4~A41.K_3R.png,train,/data5/chensx/MyProject/UAE/data/arrangement_merged/chr_03/182747.4~A41.K_3L.png,/data5/chensx/MyProject/UAE/data/arrangement_merged/chr_03/182747.4~A41.K_3R.png,1,3.4337548324412053,,0.0038811564445495,2.462323277266837,chromosome
0,0.0031823515892028,182747,182747.4~A43.K_3,3,,normal,182747.4~A43.K_3L.png,182747.4~A43.K_3R.png,train,/data5/chensx/MyProject/UAE/data/arrangement_merged/chr_03/182747.4~A43.K_3L.png,/data5/chensx/MyProject/UAE/data/arrangement_merged/chr_03/182747.4~A43.K_3R.png,0,2.501126732597869,,0.0031823515892028,0.5084104541176436,chromosome
0,0.0028712153434753,182747,182747.4~A9.K_3,3,,normal,182747.4~A9.K_3L.png,182747.4~A9.K_3R.png,train,/data5/chensx/MyProject/UAE/data/arrangement_merged/chr_03/182747.4~A9.K_3L.png,/data5/chensx/MyProject/UAE/data/arrangement_merged/chr_03/182747.4~A9.K_3R.png,0,2.085882901040192,,0.0028712153434753,-0.3615507312147701,chromosome
0,0.0031671524047851,183038,183038.11~A13.K_3,3,,normal,183038.11~A13.K_3L.png,183038.11~A13.K_3R.png,train,/data5/chensx/MyProject/UAE/data/arrangement_merged/chr_03/183038.11~A13.K_3L.png,/data5/chensx/MyProject/UAE/data/arrangement_merged/chr_03/183038.11~A13.K_3R.png,0,2.372137337046562,,0.0031671524047851,0.46591235023652505,chromosome
0,0.00310480594635,183038,183038.11~A39.K_3,3,,normal,183038.11~A39.K_3L.png,183038.11~A39.K_3R.png,train,/data5/chensx/MyProject/UAE/data/arrangement_merged/chr_03/183038.11~A39.K_3L.png,/data5/chensx/MyProject/UAE/data/arrangement_merged/chr_03/183038.11~A39.K_3R.png,0,2.2917148330284065,,0.00310480594635,0.29158679470809207,chromosome
0,0.0030275583267211,183038,183038.12~A11.K_3,3,,normal,183038.12~A11.K_3L.png,183038.12~A11.K_3R.png,train,/data5/chensx/MyProject/UAE/data/arrangement_merged/chr_03/183038.12~A11.K_3L.png,/data5/chensx/MyProject/UAE/data/arrangement_merged/chr_03/183038.12~A11.K_3R.png,0,2.192070889235357,,0.0030275583267211,0.07559643145313785,chromosome
0,0.0029334425926208,183038,183038.12~A45.K_3,3,,normal,183038.12~A45.K_3L.png,183038.12~A45.K_3R.png,train,/data5/chensx/MyProject/UAE/data/arrangement_merged/chr_03/183038.12~A45.K_3L.png,/data5/chensx/MyProject/UAE/data/arrangement_merged/chr_03/183038.12~A45.K_3R.png,0,2.070668275617128,,0.0029334425926208,-0.18755849414828735,chromosome
0,0.0030208230018615,183038,183038.13~A11.K_3,3,,normal,183038.13~A11.K_3L.png,183038.13~A11.K_3R.png,train,/data5/chensx/MyProject/UAE/data/arrangement_merged/chr_03/183038.13~A11.K_3L.png,/data5/chensx/MyProject/UAE/data/arrangement_merged/chr_03/183038.13~A11.K_3R.png,0,2.1833827984571053,,0.0030208230018615,0.05676393836074388,chromosome
0,0.0036274790763854,183038,183038.13~A29.K_3,3,,normal,183038.13~A29.K_3L.png,183038.13~A29.K_3R.png,train,/data5/chensx/MyProject/UAE/data/arrangement_merged/chr_03/183038.13~A29.K_3L.png,/data5/chensx/MyProject/UAE/data/arrangement_merged/chr_03/183038.13~A29.K_3R.png,1,2.96592605457258,,0.0036274790763854,1.7530215905281852,chromosome
0,0.0022026300430297,183038,183038.13~A39.K_3,3,,normal,183038.13~A39.K_3L.png,183038.13~A39.K_3R.png,train,/data5/chensx/MyProject/UAE/data/arrangement_merged/chr_03/183038.13~A39.K_3L.png,/data5/chensx/MyProject/UAE/data/arrangement_merged/chr_03/183038.13~A39.K_3R.png,0,1.127971983297239,,0.0022026300430297,-2.230967324294376,chromosome
0,0.0031170845031738,183038,183038.13~A47.K_3,3,,normal,183038.13~A47.K_3L.png,183038.13~A47.K_3R.png,train,/data5/chensx/MyProject/UAE/data/arrangement_merged/chr_03/183038.13~A47.K_3L.png,/data5/chensx/MyProject/UAE/data/arrangement_merged/chr_03/183038.13~A47.K_3R.png,0,2.307553299402919,,0.0031170845031738,0.3259185962750485,chromosome
0,0.0032814145088195,183038,183038.14~A2.K_3,3,,normal,183038.14~A2.K_3L.png,183038.14~A2.K_3R.png,train,/data5/chensx/MyProject/UAE/data/arrangement_merged/chr_03/183038.14~A2.K_3L.png,/data5/chensx/MyProject/UAE/data/arrangement_merged/chr_03/183038.14~A2.K_3R.png,0,2.519527337240447,,0.0032814145088195,0.7853980958844365,chromosome
0,0.0026047229766845,183038,183038.14~A3.K_3,3,,normal,183038.14~A3.K_3L.png,183038.14~A3.K_3R.png,train,/data5/chensx/MyProject/UAE/data/arrangement_merged/chr_03/183038.14~A3.K_3L.png,/data5/chensx/MyProject/UAE/data/arrangement_merged/chr_03/183038.14~A3.K_3R.png,0,1.646643314182972,,0.0026047229766845,-1.1066841525983193,chromosome
0,0.0032548308372497,183038,183038.14~A30.K_3,3,,normal,183038.14~A30.K_3L.png,183038.14~A30.K_3R.png,train,/data5/chensx/MyProject/UAE/data/arrangement_merged/chr_03/183038.14~A30.K_3L.png,/data5/chensx/MyProject/UAE/data/arrangement_merged/chr_03/183038.14~A30.K_3R.png,0,2.485236288682037,,0.0032548308372497,0.7110680789001549,chromosome
0,0.0042477846145629,183038,183038.14~A34.K_3,3,,normal,183038.14~A34.K_3L.png,183038.14~A34.K_3R.png,train,/data5/chensx/MyProject/UAE/data/arrangement_merged/chr_03/183038.14~A34.K_3L.png,/data5/chensx/MyProject/UAE/data/arrangement_merged/chr_03/183038.14~A34.K_3R.png,1,3.766076149521857,,0.0042477846145629,3.4874442065733393,chromosome
0,0.0036015510559082,183038,183038.14~A48.K_3,3,,normal,183038.14~A48.K_3L.png,183038.14~A48.K_3R.png,train,/data5/chensx/MyProject/UAE/data/arrangement_merged/chr_03/183038.14~A48.K_3L.png,/data5/chensx/MyProject/UAE/data/arrangement_merged/chr_03/183038.14~A48.K_3R.png,1,2.932480749364265,,0.0036015510559082,1.6805248250840739,chromosome
0,0.0030115246772766,183038,183038.14~A9.K_3,3,,normal,183038.14~A9.K_3L.png,183038.14~A9.K_3R.png,train,/data5/chensx/MyProject/UAE/data/arrangement_merged/chr_03/183038.14~A9.K_3L.png,/data5/chensx/MyProject/UAE/data/arrangement_merged/chr_03/183038.14~A9.K_3R.png,0,2.1713886200375714,,0.0030115246772766,0.030765098339483137,chromosome
0,0.0029129981994628,183038,183038.1~A28.K_3,3,,normal,183038.1~A28.K_3L.png,183038.1~A28.K_3R.png,train,/data5/chensx/MyProject/UAE/data/arrangement_merged/chr_03/183038.1~A28.K_3L.png,/data5/chensx/MyProject/UAE/data/arrangement_merged/chr_03/183038.1~A28.K_3R.png,0,2.044296460245974,,0.0029129981994628,-0.244722610349371,chromosome
0,0.0031251907348632,183038,183038.2~A12.K_3,3,,normal,183038.2~A12.K_3L.png,183038.2~A12.K_3R.png,train,/data5/chensx/MyProject/UAE/data/arrangement_merged/chr_03/183038.2~A12.K_3L.png,/data5/chensx/MyProject/UAE/data/arrangement_merged/chr_03/183038.2~A12.K_3R.png,0,2.318009762640461,,0.0031251907348632,0.3485842516782,chromosome
0,0.0033134222030639,183038,183038.2~A13.K_3,3,,normal,183038.2~A13.K_3L.png,183038.2~A13.K_3R.png,train,/data5/chensx/MyProject/UAE/data/arrangement_merged/chr_03/183038.2~A13.K_3L.png,/data5/chensx/MyProject/UAE/data/arrangement_merged/chr_03/183038.2~A13.K_3R.png,0,2.5608149898769192,,0.0033134222030639,0.8748941028813305,chromosome
0,0.0029492378234863,183038,183038.2~A15.K_3,3,,normal,183038.2~A15.K_3L.png,183038.2~A15.K_3R.png,train,/data5/chensx/MyProject/UAE/data/arrangement_merged/chr_03/183038.2~A15.K_3L.png,/data5/chensx/MyProject/UAE/data/arrangement_merged/chr_03/183038.2~A15.K_3R.png,0,2.0910430017785155,,0.0029492378234863,-0.14339379795797533,chromosome
0,0.003221571445465,183038,183038.2~A21.K_3,3,,normal,183038.2~A21.K_3L.png,183038.2~A21.K_3R.png,train,/data5/chensx/MyProject/UAE/data/arrangement_merged/chr_03/183038.2~A21.K_3L.png,/data5/chensx/MyProject/UAE/data/arrangement_merged/chr_03/183038.2~A21.K_3R.png,0,2.4423340351044738,,0.003221571445465,0.6180722280541747,chromosome
0,0.0027092695236206,183038,183038.2~A43.K_3,3,,normal,183038.2~A43.K_3L.png,183038.2~A43.K_3R.png,train,/data5/chensx/MyProject/UAE/data/arrangement_merged/chr_03/183038.2~A43.K_3L.png,/data5/chensx/MyProject/UAE/data/arrangement_merged/chr_03/183038.2~A43.K_3R.png,0,1.7815009356436269,,0.0027092695236206,-0.8143638615879385,chromosome
0,0.0022271871566772,183038,183038.2~A46.K_3,3,,normal,183038.2~A46.K_3L.png,183038.2~A46.K_3R.png,train,/data5/chensx/MyProject/UAE/data/arrangement_merged/chr_03/183038.2~A46.K_3L.png,/data5/chensx/MyProject/UAE/data/arrangement_merged/chr_03/183038.2~A46.K_3R.png,0,1.1596489160462635,,0.0022271871566772,-2.162303721160742,chromosome
0,0.0022931098937988,183038,183038.2~A47.K_3,3,,normal,183038.2~A47.K_3L.png,183038.2~A47.K_3R.png,train,/data5/chensx/MyProject/UAE/data/arrangement_merged/chr_03/183038.2~A47.K_3L.png,/data5/chensx/MyProject/UAE/data/arrangement_merged/chr_03/183038.2~A47.K_3R.png,0,1.2446845656103938,,0.0022931098937988,-1.9779786117779776,chromosome
0,0.0032930374145507,183038,183038.3~A12.K_3,3,,normal,183038.3~A12.K_3L.png,183038.3~A12.K_3R.png,train,/data5/chensx/MyProject/UAE/data/arrangement_merged/chr_03/183038.3~A12.K_3L.png,/data5/chensx/MyProject/UAE/data/arrangement_merged/chr_03/183038.3~A12.K_3R.png,0,2.5345200602648643,,0.0032930374145507,0.8178966459112238,chromosome
0,0.0032557845115661,183038,183038.3~A19.K_3,3,,normal,183038.3~A19.K_3L.png,183038.3~A19.K_3R.png,train,/data5/chensx/MyProject/UAE/data/arrangement_merged/chr_03/183038.3~A19.K_3L.png,/data5/chensx/MyProject/UAE/data/arrangement_merged/chr_03/183038.3~A19.K_3R.png,0,2.48646646082763,,0.0032557845115661,0.7137346265946437,chromosome
0,0.0022289752960205,183038,183038.3~A30.K_3,3,,normal,183038.3~A30.K_3L.png,183038.3~A30.K_3R.png,train,/data5/chensx/MyProject/UAE/data/arrangement_merged/chr_03/183038.3~A30.K_3L.png,/data5/chensx/MyProject/UAE/data/arrangement_merged/chr_03/183038.3~A30.K_3R.png,0,1.1619554888192511,,0.0022289752960205,-2.1573039442334365,chromosome
0,0.0031353831291198,183038,183038.3~A36.K_3,3,,normal,183038.3~A36.K_3L.png,183038.3~A36.K_3R.png,train,/data5/chensx/MyProject/UAE/data/arrangement_merged/chr_03/183038.3~A36.K_3L.png,/data5/chensx/MyProject/UAE/data/arrangement_merged/chr_03/183038.3~A36.K_3R.png,0,2.3311572274464885,,0.0031353831291198,0.377082980163254,chromosome
0,0.0031215548515319,183038,183038.4~A15.K_3,3,,normal,183038.4~A15.K_3L.png,183038.4~A15.K_3R.png,train,/data5/chensx/MyProject/UAE/data/arrangement_merged/chr_03/183038.4~A15.K_3L.png,/data5/chensx/MyProject/UAE/data/arrangement_merged/chr_03/183038.4~A15.K_3R.png,0,2.3133197313353877,,0.0031215548515319,0.33841803859289293,chromosome
0,0.0028469562530517,183038,183038.4~A24.K_3,3,,normal,183038.4~A24.K_3L.png,183038.4~A24.K_3R.png,train,/data5/chensx/MyProject/UAE/data/arrangement_merged/chr_03/183038.4~A24.K_3L.png,/data5/chensx/MyProject/UAE/data/arrangement_merged/chr_03/183038.4~A24.K_3R.png,0,1.959107039163645,,0.0028469562530517,-0.4293810381938067,chromosome
0,0.0034502148628234,183038,183038.4~A36.K_3,3,,normal,183038.4~A36.K_3L.png,183038.4~A36.K_3R.png,train,/data5/chensx/MyProject/UAE/data/arrangement_merged/chr_03/183038.4~A36.K_3L.png,/data5/chensx/MyProject/UAE/data/arrangement_merged/chr_03/183038.4~A36.K_3R.png,1,2.737267807010444,,0.0034502148628234,1.2573770378119493,chromosome
0,0.0030795931816101,183038,183038.4~A39.K_3,3,,normal,183038.4~A39.K_3L.png,183038.4~A39.K_3R.png,train,/data5/chensx/MyProject/UAE/data/arrangement_merged/chr_03/183038.4~A39.K_3L.png,/data5/chensx/MyProject/UAE/data/arrangement_merged/chr_03/183038.4~A39.K_3R.png,0,2.259192156929286,,0.0030795931816101,0.22108994003484675,chromosome
0,0.0029240250587463,183079,183079.11~A27.K_3,3,,normal,183079.11~A27.K_3L.png,183079.11~A27.K_3R.png,train,/data5/chensx/MyProject/UAE/data/arrangement_merged/chr_03/183079.11~A27.K_3L.png,/data5/chensx/MyProject/UAE/data/arrangement_merged/chr_03/183079.11~A27.K_3R.png,0,2.213438429059304,,0.0029240250587463,-0.21389065263149956,chromosome
0,0.0033549070358276,183079,183079.12~A27.K_3,3,,normal,183079.12~A27.K_3L.png,183079.12~A27.K_3R.png,train,/data5/chensx/MyProject/UAE/data/arrangement_merged/chr_03/183079.12~A27.K_3L.png,/data5/chensx/MyProject/UAE/data/arrangement_merged/chr_03/183079.12~A27.K_3R.png,0,2.7960992467360555,,0.0033549070358276,0.9908889275924124,chromosome
0,0.0031968355178833,183079,183079.12~A37.K_3,3,,normal,183079.12~A37.K_3L.png,183079.12~A37.K_3R.png,train,/data5/chensx/MyProject/UAE/data/arrangement_merged/chr_03/183079.12~A37.K_3L.png,/data5/chensx/MyProject/UAE/data/arrangement_merged/chr_03/183079.12~A37.K_3R.png,0,2.58234679294179,,0.0031968355178833,0.5489086472281738,chromosome
0,0.0032105445861816,183079,183079.12~A44.K_3,3,,normal,183079.12~A44.K_3L.png,183079.12~A44.K_3R.png,train,/data5/chensx/MyProject/UAE/data/arrangement_merged/chr_03/183079.12~A44.K_3L.png,/data5/chensx/MyProject/UAE/data/arrangement_merged/chr_03/183079.12~A44.K_3R.png,0,2.600884901679603,,0.0032105445861816,0.5872402703365834,chromosome
0,0.0029788613319396,183079,183079.13~A12.K_3,3,,normal,183079.13~A12.K_3L.png,183079.13~A12.K_3R.png,train,/data5/chensx/MyProject/UAE/data/arrangement_merged/chr_03/183079.13~A12.K_3L.png,/data5/chensx/MyProject/UAE/data/arrangement_merged/chr_03/183079.13~A12.K_3R.png,0,2.287590864010557,,0.0029788613319396,-0.06056416019758119,chromosome
0,0.0031408071517944,183079,183079.13~A19.K_3,3,,normal,183079.13~A19.K_3L.png,183079.13~A19.K_3R.png,train,/data5/chensx/MyProject/UAE/data/arrangement_merged/chr_03/183079.13~A19.K_3L.png,/data5/chensx/MyProject/UAE/data/arrangement_merged/chr_03/183079.13~A19.K_3R.png,0,2.5065823485350744,,0.0031408071517944,0.39224897017586613,chromosome
0,0.0027394890785217,183079,183079.13~A27.K_3,3,,normal,183079.13~A27.K_3L.png,183079.13~A27.K_3R.png,train,/data5/chensx/MyProject/UAE/data/arrangement_merged/chr_03/183079.13~A27.K_3L.png,/data5/chensx/MyProject/UAE/data/arrangement_merged/chr_03/183079.13~A27.K_3R.png,0,1.963899365353781,,0.0027394890785217,-0.7298676315183497,chromosome
0,0.0032325983047485,183079,183079.13~A6.K_3,3,,normal,183079.13~A6.K_3L.png,183079.13~A6.K_3R.png,train,/data5/chensx/MyProject/UAE/data/arrangement_merged/chr_03/183079.13~A6.K_3L.png,/data5/chensx/MyProject/UAE/data/arrangement_merged/chr_03/183079.13~A6.K_3R.png,0,2.630707076605651,,0.0032325983047485,0.6489041857720462,chromosome
0,0.0031788945198059,183079,183079.13~A9.K_3,3,,normal,183079.13~A9.K_3L.png,183079.13~A9.K_3R.png,train,/data5/chensx/MyProject/UAE/data/arrangement_merged/chr_03/183079.13~A9.K_3L.png,/data5/chensx/MyProject/UAE/data/arrangement_merged/chr_03/183079.13~A9.K_3R.png,0,2.5580860506370864,,0.0031788945198059,0.49874421872526253,chromosome
0,0.0021999478340148,183079,183079.14~A11.K_3,3,,normal,183079.14~A11.K_3L.png,183079.14~A11.K_3R.png,train,/data5/chensx/MyProject/UAE/data/arrangement_merged/chr_03/183079.14~A11.K_3L.png,/data5/chensx/MyProject/UAE/data/arrangement_merged/chr_03/183079.14~A11.K_3R.png,0,1.2343038858116653,,0.0021999478340148,-2.238466989685194,chromosome
0,0.0032855868339538,183079,183079.14~A13.K_3,3,,normal,183079.14~A13.K_3L.png,183079.14~A13.K_3R.png,train,/data5/chensx/MyProject/UAE/data/arrangement_merged/chr_03/183079.14~A13.K_3L.png,/data5/chensx/MyProject/UAE/data/arrangement_merged/chr_03/183079.14~A13.K_3R.png,0,2.7023608969009385,,0.0032855868339538,0.7970642420479638,chromosome
0,0.0027271509170532,183079,183079.14~A23.K_3,3,,normal,183079.14~A23.K_3L.png,183079.14~A23.K_3R.png,train,/data5/chensx/MyProject/UAE/data/arrangement_merged/chr_03/183079.14~A23.K_3L.png,/data5/chensx/MyProject/UAE/data/arrangement_merged/chr_03/183079.14~A23.K_3R.png,0,1.947215067489749,,0.0027271509170532,-0.7643660923160017,chromosome
0,0.0024197101593017,183079,183079.14~A24.K_3,3,,normal,183079.14~A24.K_3L.png,183079.14~A24.K_3R.png,train,/data5/chensx/MyProject/UAE/data/arrangement_merged/chr_03/183079.14~A24.K_3L.png,/data5/chensx/MyProject/UAE/data/arrangement_merged/chr_03/183079.14~A24.K_3R.png,0,1.531477828926091,,0.0024197101593017,-1.6239944053324127,chromosome
0,0.0031928420066833,183079,183079.14~A26.K_3,3,,normal,183079.14~A26.K_3L.png,183079.14~A26.K_3R.png,train,/data5/chensx/MyProject/UAE/data/arrangement_merged/chr_03/183079.14~A26.K_3L.png,/data5/chensx/MyProject/UAE/data/arrangement_merged/chr_03/183079.14~A26.K_3R.png,0,2.576946561265992,,0.0031928420066833,0.5377424787572949,chromosome
0,0.0030279159545898,183079,183079.14~A28.K_3,3,,normal,183079.14~A28.K_3L.png,183079.14~A28.K_3R.png,train,/data5/chensx/MyProject/UAE/data/arrangement_merged/chr_03/183079.14~A28.K_3L.png,/data5/chensx/MyProject/UAE/data/arrangement_merged/chr_03/183079.14~A28.K_3R.png,0,2.35392505310282,,0.0030279159545898,0.07659638683871092,chromosome
0,0.0030864477157592,183079,183079.14~A3.K_3,3,,normal,183079.14~A3.K_3L.png,183079.14~A3.K_3R.png,train,/data5/chensx/MyProject/UAE/data/arrangement_merged/chr_03/183079.14~A3.K_3L.png,/data5/chensx/MyProject/UAE/data/arrangement_merged/chr_03/183079.14~A3.K_3R.png,0,2.4330747173660057,,0.0030864477157592,0.24025575158891208,chromosome
0,0.0028161406517028,183079,183079.14~A34.K_3,3,,normal,183079.14~A34.K_3L.png,183079.14~A34.K_3R.png,train,/data5/chensx/MyProject/UAE/data/arrangement_merged/chr_03/183079.14~A34.K_3L.png,/data5/chensx/MyProject/UAE/data/arrangement_merged/chr_03/183079.14~A34.K_3R.png,0,2.0675515733399896,,0.0028161406517028,-0.5155438605725902,chromosome
0,0.0028905272483825,183079,183079.14~A38.K_3,3,,normal,183079.14~A38.K_3L.png,183079.14~A38.K_3R.png,train,/data5/chensx/MyProject/UAE/data/arrangement_merged/chr_03/183079.14~A38.K_3L.png,/data5/chensx/MyProject/UAE/data/arrangement_merged/chr_03/183079.14~A38.K_3R.png,0,2.1681409633608206,,0.0028905272483825,-0.3075531404011025,chromosome
0,0.0030999183654785,183079,183079.14~A6.K_3,3,,normal,183079.14~A6.K_3L.png,183079.14~A6.K_3R.png,train,/data5/chensx/MyProject/UAE/data/arrangement_merged/chr_03/183079.14~A6.K_3L.png,/data5/chensx/MyProject/UAE/data/arrangement_merged/chr_03/183079.14~A6.K_3R.png,0,2.4512904242127265,,0.0030999183654785,0.27792073777397897,chromosome
0,0.0030218362808227,183079,183079.2~A40.K_3,3,,normal,183079.2~A40.K_3L.png,183079.2~A40.K_3R.png,train,/data5/chensx/MyProject/UAE/data/arrangement_merged/chr_03/183079.2~A40.K_3L.png,/data5/chensx/MyProject/UAE/data/arrangement_merged/chr_03/183079.2~A40.K_3R.png,0,2.3457038048799634,,0.0030218362808227,0.05959714528620845,chromosome
0,0.0029737949371337,183079,183079.2~A8.K_3,3,,normal,183079.2~A8.K_3L.png,183079.2~A8.K_3R.png,train,/data5/chensx/MyProject/UAE/data/arrangement_merged/chr_03/183079.2~A8.K_3L.png,/data5/chensx/MyProject/UAE/data/arrangement_merged/chr_03/183079.2~A8.K_3R.png,0,2.2807398238248435,,0.0029737949371337,-0.0747301948246203,chromosome
0,0.0031086802482604,183079,183079.3~A16.K_3,3,,normal,183079.3~A16.K_3L.png,183079.3~A16.K_3R.png,train,/data5/chensx/MyProject/UAE/data/arrangement_merged/chr_03/183079.3~A16.K_3L.png,/data5/chensx/MyProject/UAE/data/arrangement_merged/chr_03/183079.3~A16.K_3R.png,0,2.4631386937103725,,0.0031086802482604,0.30241964471702076,chromosome
0,0.0029596090316772,183079,183079.3~A22.K_3,3,,normal,183079.3~A22.K_3L.png,183079.3~A22.K_3R.png,train,/data5/chensx/MyProject/UAE/data/arrangement_merged/chr_03/183079.3~A22.K_3L.png,/data5/chensx/MyProject/UAE/data/arrangement_merged/chr_03/183079.3~A22.K_3R.png,0,2.261556911304845,,0.0029596090316772,-0.1143950917802743,chromosome
0,0.003125786781311,183079,183079.3~A5.K_3,3,,normal,183079.3~A5.K_3L.png,183079.3~A5.K_3R.png,train,/data5/chensx/MyProject/UAE/data/arrangement_merged/chr_03/183079.3~A5.K_3L.png,/data5/chensx/MyProject/UAE/data/arrangement_merged/chr_03/183079.3~A5.K_3R.png,0,2.4862710293962524,,0.003125786781311,0.35025084398739464,chromosome
0,0.0029790997505187,183079,183079.3~A7.K_3,3,,normal,183079.3~A7.K_3L.png,183079.3~A7.K_3R.png,train,/data5/chensx/MyProject/UAE/data/arrangement_merged/chr_03/183079.3~A7.K_3L.png,/data5/chensx/MyProject/UAE/data/arrangement_merged/chr_03/183079.3~A7.K_3R.png,0,2.2879132659016497,,0.0029790997505187,-0.05989752327395959,chromosome
0,0.0026690959930419,183079,183079.4~A13.K_3,3,,normal,183079.4~A13.K_3L.png,183079.4~A13.K_3R.png,train,/data5/chensx/MyProject/UAE/data/arrangement_merged/chr_03/183079.4~A13.K_3L.png,/data5/chensx/MyProject/UAE/data/arrangement_merged/chr_03/183079.4~A13.K_3R.png,0,1.868710207008748,,0.0026690959930419,-0.9266921832192386,chromosome
0,0.0027716159820556,183079,183079.4~A17.K_3,3,,normal,183079.4~A17.K_3L.png,183079.4~A17.K_3R.png,train,/data5/chensx/MyProject/UAE/data/arrangement_merged/chr_03/183079.4~A17.K_3L.png,/data5/chensx/MyProject/UAE/data/arrangement_merged/chr_03/183079.4~A17.K_3R.png,0,2.007343020178483,,0.0027716159820556,-0.6400383060597844,chromosome
0,0.003026008605957,183079,183079.4~A18.K_3,3,,normal,183079.4~A18.K_3L.png,183079.4~A18.K_3R.png,train,/data5/chensx/MyProject/UAE/data/arrangement_merged/chr_03/183079.4~A18.K_3L.png,/data5/chensx/MyProject/UAE/data/arrangement_merged/chr_03/183079.4~A18.K_3R.png,0,2.3513458379740806,,0.003026008605957,0.07126329144973445,chromosome
0,0.0033997297286987,183079,183079.4~A23.K_3,3,,normal,183079.4~A23.K_3L.png,183079.4~A23.K_3R.png,train,/data5/chensx/MyProject/UAE/data/arrangement_merged/chr_03/183079.4~A23.K_3L.png,/data5/chensx/MyProject/UAE/data/arrangement_merged/chr_03/183079.4~A23.K_3R.png,0,2.856710802261428,,0.0033997297286987,1.116216669234204,chromosome
0,0.0030292272567749,183079,183079.4~A29.K_3,3,,normal,183079.4~A29.K_3L.png,183079.4~A29.K_3R.png,train,/data5/chensx/MyProject/UAE/data/arrangement_merged/chr_03/183079.4~A29.K_3L.png,/data5/chensx/MyProject/UAE/data/arrangement_merged/chr_03/183079.4~A29.K_3R.png,0,2.355698263503828,,0.0030292272567749,0.08026288991877284,chromosome
0,0.0030668377876281,183079,183079.4~A4.K_3,3,,normal,183079.4~A4.K_3L.png,183079.4~A4.K_3R.png,train,/data5/chensx/MyProject/UAE/data/arrangement_merged/chr_03/183079.4~A4.K_3L.png,/data5/chensx/MyProject/UAE/data/arrangement_merged/chr_03/183079.4~A4.K_3R.png,0,2.406557161823655,,0.0030668377876281,0.18542486462064592,chromosome
0,0.0036985278129577,183079,183079.4~A50.K_3,3,,normal,183079.4~A50.K_3L.png,183079.4~A50.K_3R.png,train,/data5/chensx/MyProject/UAE/data/arrangement_merged/chr_03/183079.4~A50.K_3L.png,/data5/chensx/MyProject/UAE/data/arrangement_merged/chr_03/183079.4~A50.K_3R.png,1,3.2607609722729864,,0.0036985278129577,1.9516793937689645,chromosome
0,0.0033323764801025,183214,183214.11~A34.K_3,3,,normal,183214.11~A34.K_3L.png,183214.11~A34.K_3R.png,train,/data5/chensx/MyProject/UAE/data/arrangement_merged/chr_03/183214.11~A34.K_3L.png,/data5/chensx/MyProject/UAE/data/arrangement_merged/chr_03/183214.11~A34.K_3R.png,0,2.6313523277824338,,0.0033323764801025,0.9278917383097064,chromosome
0,0.0028114318847656,183214,183214.11~A9.K_3,3,,normal,183214.11~A9.K_3L.png,183214.11~A9.K_3R.png,train,/data5/chensx/MyProject/UAE/data/arrangement_merged/chr_03/183214.11~A9.K_3L.png,/data5/chensx/MyProject/UAE/data/arrangement_merged/chr_03/183214.11~A9.K_3R.png,0,1.9481170983600464,,0.0028114318847656,-0.5287099398140575,chromosome
0,0.0034291744232177,183214,183214.12~A1.K_3,3,,normal,183214.12~A1.K_3L.png,183214.12~A1.K_3R.png,train,/data5/chensx/MyProject/UAE/data/arrangement_merged/chr_03/183214.12~A1.K_3L.png,/data5/chensx/MyProject/UAE/data/arrangement_merged/chr_03/183214.12~A1.K_3R.png,1,2.758305876132772,,0.0034291744232177,1.198546329301951,chromosome
0,0.0028250217437744,183214,183214.12~A24.K_3,3,,normal,183214.12~A24.K_3L.png,183214.12~A24.K_3R.png,train,/data5/chensx/MyProject/UAE/data/arrangement_merged/chr_03/183214.12~A24.K_3L.png,/data5/chensx/MyProject/UAE/data/arrangement_merged/chr_03/183214.12~A24.K_3R.png,0,1.9659406260841084,,0.0028250217437744,-0.490711635167318,chromosome
0,0.0032501220703125,183214,183214.12~A8.K_3,3,,normal,183214.12~A8.K_3L.png,183214.12~A8.K_3R.png,train,/data5/chensx/MyProject/UAE/data/arrangement_merged/chr_03/183214.12~A8.K_3L.png,/data5/chensx/MyProject/UAE/data/arrangement_merged/chr_03/183214.12~A8.K_3R.png,0,2.5234730810315305,,0.0032501220703125,0.6979019996586888,chromosome
0,0.002991497516632,183214,183214.13~A21.K_3,3,,normal,183214.13~A21.K_3L.png,183214.13~A21.K_3R.png,train,/data5/chensx/MyProject/UAE/data/arrangement_merged/chr_03/183214.13~A21.K_3L.png,/data5/chensx/MyProject/UAE/data/arrangement_merged/chr_03/183214.13~A21.K_3R.png,0,2.184278840703872,,0.002991497516632,-0.025232403245331825,chromosome
0,0.0031505823135375,183214,183214.13~A34.K_3,3,,normal,183214.13~A34.K_3L.png,183214.13~A34.K_3R.png,train,/data5/chensx/MyProject/UAE/data/arrangement_merged/chr_03/183214.13~A34.K_3L.png,/data5/chensx/MyProject/UAE/data/arrangement_merged/chr_03/183214.13~A34.K_3R.png,0,2.392923557789495,,0.0031505823135375,0.4195810840443713,chromosome
0,0.0023028850555419,183214,183214.13~A49.K_3,3,,normal,183214.13~A49.K_3L.png,183214.13~A49.K_3R.png,train,/data5/chensx/MyProject/UAE/data/arrangement_merged/chr_03/183214.13~A49.K_3L.png,/data5/chensx/MyProject/UAE/data/arrangement_merged/chr_03/183214.13~A49.K_3R.png,0,1.2811419293175048,,0.0023028850555419,-1.9506464979094724,chromosome
0,0.002870500087738,183214,183214.13~A6.K_3,3,,normal,183214.13~A6.K_3L.png,183214.13~A6.K_3R.png,train,/data5/chensx/MyProject/UAE/data/arrangement_merged/chr_03/183214.13~A6.K_3L.png,/data5/chensx/MyProject/UAE/data/arrangement_merged/chr_03/183214.13~A6.K_3R.png,0,2.0255869052659485,,0.002870500087738,-0.3635506419856373,chromosome
0,0.0027002096176147,183214,183214.14~A11.K_3,3,,normal,183214.14~A11.K_3L.png,183214.14~A11.K_3R.png,train,/data5/chensx/MyProject/UAE/data/arrangement_merged/chr_03/183214.14~A11.K_3L.png,/data5/chensx/MyProject/UAE/data/arrangement_merged/chr_03/183214.14~A11.K_3R.png,0,1.8022455951446943,,0.0027002096176147,-0.8396960646858566,chromosome
0,0.0027805566787719,183214,183214.14~A17.K_3,3,,normal,183214.14~A17.K_3L.png,183214.14~A17.K_3R.png,train,/data5/chensx/MyProject/UAE/data/arrangement_merged/chr_03/183214.14~A17.K_3L.png,/data5/chensx/MyProject/UAE/data/arrangement_merged/chr_03/183214.14~A17.K_3R.png,0,1.907623294144852,,0.0027805566787719,-0.6150394214238166,chromosome
0,0.0029271841049194,183214,183214.14~A19.K_3,3,,normal,183214.14~A19.K_3L.png,183214.14~A19.K_3R.png,train,/data5/chensx/MyProject/UAE/data/arrangement_merged/chr_03/183214.14~A19.K_3L.png,/data5/chensx/MyProject/UAE/data/arrangement_merged/chr_03/183214.14~A19.K_3R.png,0,2.099929777483419,,0.0029271841049194,-0.2050577133934369,chromosome
0,0.0025993585586547,183214,183214.14~A21.K_3,3,,normal,183214.14~A21.K_3L.png,183214.14~A21.K_3R.png,train,/data5/chensx/MyProject/UAE/data/arrangement_merged/chr_03/183214.14~A21.K_3L.png,/data5/chensx/MyProject/UAE/data/arrangement_merged/chr_03/183214.14~A21.K_3R.png,0,1.6699762578240216,,0.0025993585586547,-1.1216834833799558,chromosome
0,0.0026326179504394,183214,183214.14~A6.K_3,3,,normal,183214.14~A6.K_3L.png,183214.14~A6.K_3R.png,train,/data5/chensx/MyProject/UAE/data/arrangement_merged/chr_03/183214.14~A6.K_3L.png,/data5/chensx/MyProject/UAE/data/arrangement_merged/chr_03/183214.14~A6.K_3R.png,0,1.7135969967276476,,0.0026326179504394,-1.0286876325339758,chromosome
0,0.003400981426239,183214,183214.2~A19.K_3,3,,normal,183214.2~A19.K_3L.png,183214.2~A19.K_3R.png,train,/data5/chensx/MyProject/UAE/data/arrangement_merged/chr_03/183214.2~A19.K_3L.png,/data5/chensx/MyProject/UAE/data/arrangement_merged/chr_03/183214.2~A19.K_3R.png,0,2.721329873442064,,0.003400981426239,1.119716513083289,chromosome
0,0.0030354857444763,183214,183214.2~A25.K_3,3,,normal,183214.2~A25.K_3L.png,183214.2~A25.K_3R.png,train,/data5/chensx/MyProject/UAE/data/arrangement_merged/chr_03/183214.2~A25.K_3L.png,/data5/chensx/MyProject/UAE/data/arrangement_merged/chr_03/183214.2~A25.K_3R.png,0,2.2419707857054414,,0.0030354857444763,0.09776210916392239,chromosome
0,0.0033368468284606,183214,183214.2~A30.K_3,3,,normal,183214.2~A30.K_3L.png,183214.2~A30.K_3R.png,train,/data5/chensx/MyProject/UAE/data/arrangement_merged/chr_03/183214.2~A30.K_3L.png,/data5/chensx/MyProject/UAE/data/arrangement_merged/chr_03/183214.2~A30.K_3R.png,0,2.637215330323244,,0.0033368468284606,0.9403911806275508,chromosome
0,0.0027559995651245,183214,183214.2~A36.K_3,3,,normal,183214.2~A36.K_3L.png,183214.2~A36.K_3R.png,train,/data5/chensx/MyProject/UAE/data/arrangement_merged/chr_03/183214.2~A36.K_3L.png,/data5/chensx/MyProject/UAE/data/arrangement_merged/chr_03/183214.2~A36.K_3R.png,0,1.8754158668540024,,0.0027559995651245,-0.6837030245571705,chromosome
0,0.0033663511276245,183214,183214.2~A39.K_3,3,,normal,183214.2~A39.K_3L.png,183214.2~A39.K_3R.png,train,/data5/chensx/MyProject/UAE/data/arrangement_merged/chr_03/183214.2~A39.K_3L.png,/data5/chensx/MyProject/UAE/data/arrangement_merged/chr_03/183214.2~A39.K_3R.png,0,2.6759111470925894,,0.0033663511276245,1.0228874999265525,chromosome
0,0.0024956464767456,183214,183214.2~A45.K_3,3,,normal,183214.2~A45.K_3L.png,183214.2~A45.K_3R.png,train,/data5/chensx/MyProject/UAE/data/arrangement_merged/chr_03/183214.2~A45.K_3L.png,/data5/chensx/MyProject/UAE/data/arrangement_merged/chr_03/183214.2~A45.K_3R.png,0,1.5339545988772303,,0.0024956464767456,-1.4116705451572416,chromosome
0,0.0031185150146484,183214,183214.2~A6.K_3,3,,normal,183214.2~A6.K_3L.png,183214.2~A6.K_3R.png,train,/data5/chensx/MyProject/UAE/data/arrangement_merged/chr_03/183214.2~A6.K_3L.png,/data5/chensx/MyProject/UAE/data/arrangement_merged/chr_03/183214.2~A6.K_3R.png,0,2.3508662862300853,,0.0031185150146484,0.3299184178167817,chromosome
0,0.003162682056427,183214,183214.3~A12.K_3,3,,normal,183214.3~A12.K_3L.png,183214.3~A12.K_3R.png,train,/data5/chensx/MyProject/UAE/data/arrangement_merged/chr_03/183214.3~A12.K_3L.png,/data5/chensx/MyProject/UAE/data/arrangement_merged/chr_03/183214.3~A12.K_3R.png,0,2.408792751333288,,0.003162682056427,0.4534129079186806,chromosome
0,0.003206729888916,183214,183214.3~A19.K_3,3,,normal,183214.3~A19.K_3L.png,183214.3~A19.K_3R.png,train,/data5/chensx/MyProject/UAE/data/arrangement_merged/chr_03/183214.3~A19.K_3L.png,/data5/chensx/MyProject/UAE/data/arrangement_merged/chr_03/183214.3~A19.K_3R.png,0,2.4665628697020683,,0.003206729888916,0.5765740795586305,chromosome
0,0.0033595561981201,183214,183214.3~A28.K_3,3,,normal,183214.3~A28.K_3L.png,183214.3~A28.K_3R.png,train,/data5/chensx/MyProject/UAE/data/arrangement_merged/chr_03/183214.3~A28.K_3L.png,/data5/chensx/MyProject/UAE/data/arrangement_merged/chr_03/183214.3~A28.K_3R.png,0,2.666999383230558,,0.0033595561981201,1.0038883476031828,chromosome
0,0.0034291744232177,183214,183214.3~A4.K_3,3,,normal,183214.3~A4.K_3L.png,183214.3~A4.K_3R.png,train,/data5/chensx/MyProject/UAE/data/arrangement_merged/chr_03/183214.3~A4.K_3L.png,/data5/chensx/MyProject/UAE/data/arrangement_merged/chr_03/183214.3~A4.K_3R.png,1,2.758305876132772,,0.0034291744232177,1.198546329301951,chromosome
0,0.002989113330841,183214,183214.3~A42.K_3,3,,normal,183214.3~A42.K_3L.png,183214.3~A42.K_3R.png,train,/data5/chensx/MyProject/UAE/data/arrangement_merged/chr_03/183214.3~A42.K_3L.png,/data5/chensx/MyProject/UAE/data/arrangement_merged/chr_03/183214.3~A42.K_3R.png,0,2.1811519060154394,,0.002989113330841,-0.03189877248155271,chromosome
0,0.0035340189933776,183214,183214.3~A43.K_3,3,,normal,183214.3~A43.K_3L.png,183214.3~A43.K_3R.png,train,/data5/chensx/MyProject/UAE/data/arrangement_merged/chr_03/183214.3~A43.K_3L.png,/data5/chensx/MyProject/UAE/data/arrangement_merged/chr_03/183214.3~A43.K_3R.png,1,2.895812829056569,,0.0035340189933776,1.4916999164666505,chromosome
0,0.0031982660293579,183214,183214.3~A47.K_3,3,,normal,183214.3~A47.K_3L.png,183214.3~A47.K_3R.png,train,/data5/chensx/MyProject/UAE/data/arrangement_merged/chr_03/183214.3~A47.K_3L.png,/data5/chensx/MyProject/UAE/data/arrangement_merged/chr_03/183214.3~A47.K_3R.png,0,2.455462251558135,,0.0031982660293579,0.5529084687699071,chromosome
0,0.0030782222747802,183214,183214.4~A22.K_3,3,,normal,183214.4~A22.K_3L.png,183214.4~A22.K_3R.png,train,/data5/chensx/MyProject/UAE/data/arrangement_merged/chr_03/183214.4~A22.K_3L.png,/data5/chensx/MyProject/UAE/data/arrangement_merged/chr_03/183214.4~A22.K_3R.png,0,2.2980210899955846,,0.0030782222747802,0.21725677772381033,chromosome
0,0.0024361610412597,183214,183214.4~A24.K_3,3,,normal,183214.4~A24.K_3L.png,183214.4~A24.K_3R.png,train,/data5/chensx/MyProject/UAE/data/arrangement_merged/chr_03/183214.4~A24.K_3L.png,/data5/chensx/MyProject/UAE/data/arrangement_merged/chr_03/183214.4~A24.K_3R.png,0,1.4559375784008526,,0.0024361610412597,-1.5779964576022092,chromosome
0,0.0026634335517883,183214,183214.4~A26.K_3,3,,normal,183214.4~A26.K_3L.png,183214.4~A26.K_3R.png,train,/data5/chensx/MyProject/UAE/data/arrangement_merged/chr_03/183214.4~A26.K_3L.png,/data5/chensx/MyProject/UAE/data/arrangement_merged/chr_03/183214.4~A26.K_3R.png,0,1.754012627575631,,0.0026634335517883,-0.9425248101551923,chromosome
0,0.0029035806655883,183214,183214.4~A28.K_3,3,,normal,183214.4~A28.K_3L.png,183214.4~A28.K_3R.png,train,/data5/chensx/MyProject/UAE/data/arrangement_merged/chr_03/183214.4~A28.K_3L.png,/data5/chensx/MyProject/UAE/data/arrangement_merged/chr_03/183214.4~A28.K_3R.png,0,2.0689731240679423,,0.0029035806655883,-0.2710547688325832,chromosome
0,0.0032179951667785,183214,183214.4~A50.K_3,3,,normal,183214.4~A50.K_3L.png,183214.4~A50.K_3R.png,train,/data5/chensx/MyProject/UAE/data/arrangement_merged/chr_03/183214.4~A50.K_3L.png,/data5/chensx/MyProject/UAE/data/arrangement_merged/chr_03/183214.4~A50.K_3R.png,0,2.481337636104909,,0.0032179951667785,0.6080726741998435,chromosome
0,0.0018682479858398,183214,183214.4~A8.K_3,3,,normal,183214.4~A8.K_3L.png,183214.4~A8.K_3R.png,train,/data5/chensx/MyProject/UAE/data/arrangement_merged/chr_03/183214.4~A8.K_3L.png,/data5/chensx/MyProject/UAE/data/arrangement_merged/chr_03/183214.4~A8.K_3R.png,0,0.7111017356163549,,0.0018682479858398,-3.1659256096803627,chromosome
0,0.0026066899299621,183262,183262.11~A16.K_3,3,,normal,183262.11~A16.K_3L.png,183262.11~A16.K_3R.png,train,/data5/chensx/MyProject/UAE/data/arrangement_merged/chr_03/183262.11~A16.K_3L.png,/data5/chensx/MyProject/UAE/data/arrangement_merged/chr_03/183262.11~A16.K_3R.png,0,1.60692793962828,,0.0026066899299621,-1.101184397978367,chromosome
0,0.002776026725769,183262,183262.12~A5.K_3,3,,normal,183262.12~A5.K_3L.png,183262.12~A5.K_3R.png,train,/data5/chensx/MyProject/UAE/data/arrangement_merged/chr_03/183262.12~A5.K_3L.png,/data5/chensx/MyProject/UAE/data/arrangement_merged/chr_03/183262.12~A5.K_3R.png,0,1.821106072674489,,0.002776026725769,-0.6277055229726356,chromosome
0,0.0029038786888122,183262,183262.14~A1.K_3,3,,normal,183262.14~A1.K_3L.png,183262.14~A1.K_3R.png,train,/data5/chensx/MyProject/UAE/data/arrangement_merged/chr_03/183262.14~A1.K_3L.png,/data5/chensx/MyProject/UAE/data/arrangement_merged/chr_03/183262.14~A1.K_3R.png,0,1.9828139555974449,,0.0029038786888122,-0.27022147267798585,chromosome
0,0.0030806064605712,183262,183262.14~A16.K_3,3,,normal,183262.14~A16.K_3L.png,183262.14~A16.K_3R.png,train,/data5/chensx/MyProject/UAE/data/arrangement_merged/chr_03/183262.14~A16.K_3L.png,/data5/chensx/MyProject/UAE/data/arrangement_merged/chr_03/183262.14~A16.K_3R.png,0,2.206340236654118,,0.0030806064605712,0.2239231469600312,chromosome
0,0.0031905174255371,183262,183262.14~A21.K_3,3,,normal,183262.14~A21.K_3L.png,183262.14~A21.K_3R.png,train,/data5/chensx/MyProject/UAE/data/arrangement_merged/chr_03/183262.14~A21.K_3L.png,/data5/chensx/MyProject/UAE/data/arrangement_merged/chr_03/183262.14~A21.K_3R.png,0,2.3453562441645754,,0.0031905174255371,0.5312427687520486,chromosome
0,0.0029516220092773,183262,183262.14~A23.K_3,3,,normal,183262.14~A23.K_3L.png,183262.14~A23.K_3R.png,train,/data5/chensx/MyProject/UAE/data/arrangement_merged/chr_03/183262.14~A23.K_3L.png,/data5/chensx/MyProject/UAE/data/arrangement_merged/chr_03/183262.14~A23.K_3R.png,0,2.0431999762134296,,0.0029516220092773,-0.13672742872175445,chromosome
0,0.0029558539390563,183262,183262.14~A29.K_3,3,,normal,183262.14~A29.K_3L.png,183262.14~A29.K_3R.png,train,/data5/chensx/MyProject/UAE/data/arrangement_merged/chr_03/183262.14~A29.K_3L.png,/data5/chensx/MyProject/UAE/data/arrangement_merged/chr_03/183262.14~A29.K_3R.png,0,2.048552544832325,,0.0029558539390563,-0.12489462332753161,chromosome
0,0.0029223561286926,183262,183262.14~A33.K_3,3,,normal,183262.14~A33.K_3L.png,183262.14~A33.K_3R.png,train,/data5/chensx/MyProject/UAE/data/arrangement_merged/chr_03/183262.14~A33.K_3L.png,/data5/chensx/MyProject/UAE/data/arrangement_merged/chr_03/183262.14~A33.K_3R.png,0,2.0061843256236065,,0.0029223561286926,-0.2185571110968544,chromosome
0,0.0027015209197998,183262,183262.14~A38.K_3,3,,normal,183262.14~A38.K_3L.png,183262.14~A38.K_3R.png,train,/data5/chensx/MyProject/UAE/data/arrangement_merged/chr_03/183262.14~A38.K_3L.png,/data5/chensx/MyProject/UAE/data/arrangement_merged/chr_03/183262.14~A38.K_3R.png,0,1.7268707096657734,,0.0027015209197998,-0.8360295616057959,chromosome
0,0.0031994581222534,183262,183262.14~A45.K_3,3,,normal,183262.14~A45.K_3L.png,183262.14~A45.K_3R.png,train,/data5/chensx/MyProject/UAE/data/arrangement_merged/chr_03/183262.14~A45.K_3L.png,/data5/chensx/MyProject/UAE/data/arrangement_merged/chr_03/183262.14~A45.K_3R.png,0,2.356664487725621,,0.0031994581222534,0.5562416533880176,chromosome
0,0.0031584501266479,183262,183262.14~A8.K_3,3,,normal,183262.14~A8.K_3L.png,183262.14~A8.K_3R.png,train,/data5/chensx/MyProject/UAE/data/arrangement_merged/chr_03/183262.14~A8.K_3L.png,/data5/chensx/MyProject/UAE/data/arrangement_merged/chr_03/183262.14~A8.K_3R.png,0,2.304797343925624,,0.0031584501266479,0.4415801025241801,chromosome
0,0.0030999183654785,183262,183262.1~A2.K_3,3,,normal,183262.1~A2.K_3L.png,183262.1~A2.K_3R.png,train,/data5/chensx/MyProject/UAE/data/arrangement_merged/chr_03/183262.1~A2.K_3L.png,/data5/chensx/MyProject/UAE/data/arrangement_merged/chr_03/183262.1~A2.K_3R.png,0,2.230766042745977,,0.0030999183654785,0.27792073777397897,chromosome
0,0.0028581023216247,183262,183262.1~A24.K_3,3,,normal,183262.1~A24.K_3L.png,183262.1~A24.K_3R.png,train,/data5/chensx/MyProject/UAE/data/arrangement_merged/chr_03/183262.1~A24.K_3L.png,/data5/chensx/MyProject/UAE/data/arrangement_merged/chr_03/183262.1~A24.K_3R.png,0,1.92491574856489,,0.0028581023216247,-0.3982157620142651,chromosome
0,0.0029302239418029,183262,183262.1~A26.K_3,3,,normal,183262.1~A26.K_3L.png,183262.1~A26.K_3R.png,train,/data5/chensx/MyProject/UAE/data/arrangement_merged/chr_03/183262.1~A26.K_3L.png,/data5/chensx/MyProject/UAE/data/arrangement_merged/chr_03/183262.1~A26.K_3R.png,0,2.016135579957327,,0.0029302239418029,-0.19655809261732574,chromosome
0,0.0027121305465698,183262,183262.1~A42.K_3,3,,normal,183262.1~A42.K_3L.png,183262.1~A42.K_3R.png,train,/data5/chensx/MyProject/UAE/data/arrangement_merged/chr_03/183262.1~A42.K_3L.png,/data5/chensx/MyProject/UAE/data/arrangement_merged/chr_03/183262.1~A42.K_3R.png,0,1.7402898253582144,,0.0027121305465698,-0.8063642185044733,chromosome
0,0.0030372142791748,183262,183262.1~A9.K_3,3,,normal,183262.1~A9.K_3L.png,183262.1~A9.K_3R.png,train,/data5/chensx/MyProject/UAE/data/arrangement_merged/chr_03/183262.1~A9.K_3L.png,/data5/chensx/MyProject/UAE/data/arrangement_merged/chr_03/183262.1~A9.K_3R.png,0,2.151457561237842,,0.0030372142791748,0.10259522686025177,chromosome
0,0.0028283596038818,183262,183262.2~A10.K_3,3,,normal,183262.2~A10.K_3L.png,183262.2~A10.K_3R.png,train,/data5/chensx/MyProject/UAE/data/arrangement_merged/chr_03/183262.2~A10.K_3L.png,/data5/chensx/MyProject/UAE/data/arrangement_merged/chr_03/183262.2~A10.K_3R.png,0,1.8872969916518108,,0.0028283596038818,-0.4813787182366095,chromosome
0,0.0029106140136718,183262,183262.2~A22.K_3,3,,normal,183262.2~A22.K_3L.png,183262.2~A22.K_3R.png,train,/data5/chensx/MyProject/UAE/data/arrangement_merged/chr_03/183262.2~A22.K_3L.png,/data5/chensx/MyProject/UAE/data/arrangement_merged/chr_03/183262.2~A22.K_3R.png,0,1.9913328324134327,,0.0029106140136718,-0.25138897958559187,chromosome
0,0.0027301907539367,183262,183262.2~A23.K_3,3,,normal,183262.2~A23.K_3L.png,183262.2~A23.K_3R.png,train,/data5/chensx/MyProject/UAE/data/arrangement_merged/chr_03/183262.2~A23.K_3L.png,/data5/chensx/MyProject/UAE/data/arrangement_merged/chr_03/183262.2~A23.K_3R.png,0,1.7631324773515271,,0.0027301907539367,-0.7558664715398905,chromosome
0,0.003257930278778,183262,183262.2~A44.K_3,3,,normal,183262.2~A44.K_3L.png,183262.2~A44.K_3R.png,train,/data5/chensx/MyProject/UAE/data/arrangement_merged/chr_03/183262.2~A44.K_3L.png,/data5/chensx/MyProject/UAE/data/arrangement_merged/chr_03/183262.2~A44.K_3R.png,0,2.430620400614861,,0.003257930278778,0.7197343589072418,chromosome
0,0.0033552646636962,183262,183262.2~A45.K_3,3,,normal,183262.2~A45.K_3L.png,183262.2~A45.K_3R.png,train,/data5/chensx/MyProject/UAE/data/arrangement_merged/chr_03/183262.2~A45.K_3L.png,/data5/chensx/MyProject/UAE/data/arrangement_merged/chr_03/183262.2~A45.K_3R.png,0,2.553729478849448,,0.0033552646636962,0.9918888829777065,chromosome
0,0.0032407045364379,183262,183262.3~A17.K_3,3,,normal,183262.3~A17.K_3L.png,183262.3~A17.K_3R.png,train,/data5/chensx/MyProject/UAE/data/arrangement_merged/chr_03/183262.3~A17.K_3L.png,/data5/chensx/MyProject/UAE/data/arrangement_merged/chr_03/183262.3~A17.K_3R.png,0,2.4088331846872464,,0.0032407045364379,0.6715698411751965,chromosome
0,0.0020965337753295,183262,183262.3~A24.K_3,3,,normal,183262.3~A24.K_3L.png,183262.3~A24.K_3R.png,train,/data5/chensx/MyProject/UAE/data/arrangement_merged/chr_03/183262.3~A24.K_3L.png,/data5/chensx/MyProject/UAE/data/arrangement_merged/chr_03/183262.3~A24.K_3R.png,0,0.9616795620350028,,0.0020965337753295,-2.527620755308161,chromosome
0,0.0031330585479736,183262,183262.3~A30.K_3,3,,normal,183262.3~A30.K_3L.png,183262.3~A30.K_3R.png,train,/data5/chensx/MyProject/UAE/data/arrangement_merged/chr_03/183262.3~A30.K_3L.png,/data5/chensx/MyProject/UAE/data/arrangement_merged/chr_03/183262.3~A30.K_3R.png,0,2.272681932212254,,0.0031330585479736,0.37058327015800757,chromosome
0,0.0041090250015258,183262,183262.3~A41.K_3,3,,normal,183262.3~A41.K_3L.png,183262.3~A41.K_3R.png,train,/data5/chensx/MyProject/UAE/data/arrangement_merged/chr_03/183262.3~A41.K_3L.png,/data5/chensx/MyProject/UAE/data/arrangement_merged/chr_03/183262.3~A41.K_3R.png,1,3.507089799336021,,0.0041090250015258,3.0994615170227697,chromosome
0,0.0030552148818969,183262,183262.4~A14.K_3,3,,normal,183262.4~A14.K_3L.png,183262.4~A14.K_3R.png,train,/data5/chensx/MyProject/UAE/data/arrangement_merged/chr_03/183262.4~A14.K_3L.png,/data5/chensx/MyProject/UAE/data/arrangement_merged/chr_03/183262.4~A14.K_3R.png,0,2.174224824940748,,0.0030552148818969,0.1529263145938587,chromosome
0,0.0030435323715209,183262,183262.4~A19.K_3,3,,normal,183262.4~A19.K_3L.png,183262.4~A19.K_3R.png,train,/data5/chensx/MyProject/UAE/data/arrangement_merged/chr_03/183262.4~A19.K_3L.png,/data5/chensx/MyProject/UAE/data/arrangement_merged/chr_03/183262.4~A19.K_3R.png,0,2.1594487200209813,,0.0030435323715209,0.12026110533609695,chromosome
0,0.0033963322639465,183262,183262.4~A24.K_3,3,,normal,183262.4~A24.K_3L.png,183262.4~A24.K_3R.png,train,/data5/chensx/MyProject/UAE/data/arrangement_merged/chr_03/183262.4~A24.K_3L.png,/data5/chensx/MyProject/UAE/data/arrangement_merged/chr_03/183262.4~A24.K_3R.png,0,2.6056720109398515,,0.0033963322639465,1.1067170930725185,chromosome
0,0.0027216076850891,183262,183262.4~A29.K_3,3,,normal,183262.4~A29.K_3L.png,183262.4~A29.K_3R.png,train,/data5/chensx/MyProject/UAE/data/arrangement_merged/chr_03/183262.4~A29.K_3L.png,/data5/chensx/MyProject/UAE/data/arrangement_merged/chr_03/183262.4~A29.K_3R.png,0,1.7522765635329232,,0.0027216076850891,-0.7798654007902853,chromosome
0,0.0030249953269958,183262,183262.4~A31.K_3,3,,normal,183262.4~A31.K_3L.png,183262.4~A31.K_3R.png,train,/data5/chensx/MyProject/UAE/data/arrangement_merged/chr_03/183262.4~A31.K_3L.png,/data5/chensx/MyProject/UAE/data/arrangement_merged/chr_03/183262.4~A31.K_3R.png,0,2.136002961704413,,0.0030249953269958,0.0684300845242711,chromosome
0,0.0032569169998168,183262,183262.4~A50.K_3,3,,normal,183262.4~A50.K_3L.png,183262.4~A50.K_3R.png,train,/data5/chensx/MyProject/UAE/data/arrangement_merged/chr_03/183262.4~A50.K_3L.png,/data5/chensx/MyProject/UAE/data/arrangement_merged/chr_03/183262.4~A50.K_3R.png,0,2.4293387996779425,,0.0032569169998168,0.7169011519817784,chromosome
0,0.0029561519622802,183786,183786.11~A44.K_3,3,,normal,183786.11~A44.K_3L.png,183786.11~A44.K_3R.png,train,/data5/chensx/MyProject/UAE/data/arrangement_merged/chr_03/183786.11~A44.K_3L.png,/data5/chensx/MyProject/UAE/data/arrangement_merged/chr_03/183786.11~A44.K_3R.png,0,0.8026238620970786,,0.0029561519622802,-0.12406132717293428,chromosome
0,0.0034040212631225,183786,183786.12~A1.K_3,3,,normal,183786.12~A1.K_3L.png,183786.12~A1.K_3R.png,train,/data5/chensx/MyProject/UAE/data/arrangement_merged/chr_03/183786.12~A1.K_3L.png,/data5/chensx/MyProject/UAE/data/arrangement_merged/chr_03/183786.12~A1.K_3R.png,0,1.0361887454865808,,0.0034040212631225,1.1282161338594012,chromosome
0,0.0031294822692871,183786,183786.12~A12.K_3,3,,normal,183786.12~A12.K_3L.png,183786.12~A12.K_3R.png,train,/data5/chensx/MyProject/UAE/data/arrangement_merged/chr_03/183786.12~A12.K_3L.png,/data5/chensx/MyProject/UAE/data/arrangement_merged/chr_03/183786.12~A12.K_3R.png,0,0.8930160208536226,,0.0031294822692871,0.36058371630367625,chromosome
0,0.0033372044563293,183786,183786.12~A15.K_3,3,,normal,183786.12~A15.K_3L.png,183786.12~A15.K_3R.png,train,/data5/chensx/MyProject/UAE/data/arrangement_merged/chr_03/183786.12~A15.K_3L.png,/data5/chensx/MyProject/UAE/data/arrangement_merged/chr_03/183786.12~A15.K_3R.png,0,1.001343625140609,,0.0033372044563293,0.9413911360131239,chromosome
0,0.0035274028778076,183786,183786.12~A16.K_3,3,,normal,183786.12~A16.K_3L.png,183786.12~A16.K_3R.png,train,/data5/chensx/MyProject/UAE/data/arrangement_merged/chr_03/183786.12~A16.K_3L.png,/data5/chensx/MyProject/UAE/data/arrangement_merged/chr_03/183786.12~A16.K_3R.png,1,1.1005325448765555,,0.0035274028778076,1.4732007418362065,chromosome
0,0.0030841827392578,183786,183786.12~A34.K_3,3,,normal,183786.12~A34.K_3L.png,183786.12~A34.K_3R.png,train,/data5/chensx/MyProject/UAE/data/arrangement_merged/chr_03/183786.12~A34.K_3L.png,/data5/chensx/MyProject/UAE/data/arrangement_merged/chr_03/183786.12~A34.K_3R.png,0,0.869392210449574,,0.0030841827392578,0.23392270081464145,chromosome
0,0.0027853846549987,183786,183786.12~A41.K_3,3,,normal,183786.12~A41.K_3L.png,183786.12~A41.K_3R.png,train,/data5/chensx/MyProject/UAE/data/arrangement_merged/chr_03/183786.12~A41.K_3L.png,/data5/chensx/MyProject/UAE/data/arrangement_merged/chr_03/183786.12~A41.K_3R.png,0,0.7135683136660267,,0.0027853846549987,-0.6015400237203992,chromosome
0,0.0031065344810485,183786,183786.12~A47.K_3,3,,normal,183786.12~A47.K_3L.png,183786.12~A47.K_3R.png,train,/data5/chensx/MyProject/UAE/data/arrangement_merged/chr_03/183786.12~A47.K_3L.png,/data5/chensx/MyProject/UAE/data/arrangement_merged/chr_03/183786.12~A47.K_3R.png,0,0.8810486958463085,,0.0031065344810485,0.29641991240442145,chromosome
0,0.0031190514564514,183786,183786.13~A10.K_3,3,,normal,183786.13~A10.K_3L.png,183786.13~A10.K_3R.png,train,/data5/chensx/MyProject/UAE/data/arrangement_merged/chr_03/183786.13~A10.K_3L.png,/data5/chensx/MyProject/UAE/data/arrangement_merged/chr_03/183786.13~A10.K_3R.png,0,0.8875763276684799,,0.0031190514564514,0.33141835089500066,chromosome
0,0.0029825568199157,183786,183786.13~A12.K_3,3,,normal,183786.13~A12.K_3L.png,183786.13~A12.K_3R.png,train,/data5/chensx/MyProject/UAE/data/arrangement_merged/chr_03/183786.13~A12.K_3L.png,/data5/chensx/MyProject/UAE/data/arrangement_merged/chr_03/183786.13~A12.K_3R.png,0,0.8163940568457543,,0.0029825568199157,-0.05023128788129961,chromosome
0,0.0031839609146118,183786,183786.13~A29.K_3,3,,normal,183786.13~A29.K_3L.png,183786.13~A29.K_3R.png,train,/data5/chensx/MyProject/UAE/data/arrangement_merged/chr_03/183786.13~A29.K_3L.png,/data5/chensx/MyProject/UAE/data/arrangement_merged/chr_03/183786.13~A29.K_3R.png,0,0.921426761260597,,0.0031839609146118,0.5129102533523017,chromosome
0,0.0023772716522216,183786,183786.13~A34.K_3,3,,normal,183786.13~A34.K_3L.png,183786.13~A34.K_3R.png,train,/data5/chensx/MyProject/UAE/data/arrangement_merged/chr_03/183786.13~A34.K_3L.png,/data5/chensx/MyProject/UAE/data/arrangement_merged/chr_03/183786.13~A34.K_3R.png,0,0.500736432302183,,0.0023772716522216,-1.7426557777379834,chromosome
0,0.0027374029159545,183786,183786.13~A43.K_3,3,,normal,183786.13~A43.K_3L.png,183786.13~A43.K_3R.png,train,/data5/chensx/MyProject/UAE/data/arrangement_merged/chr_03/183786.13~A43.K_3L.png,/data5/chensx/MyProject/UAE/data/arrangement_merged/chr_03/183786.13~A43.K_3R.png,0,0.68854572501437,,0.0027374029159545,-0.7357007046002522,chromosome
0,0.0040016174316406,183786,183786.14~A17.K_3,3,,normal,183786.14~A17.K_3L.png,183786.14~A17.K_3R.png,train,/data5/chensx/MyProject/UAE/data/arrangement_merged/chr_03/183786.14~A17.K_3L.png,/data5/chensx/MyProject/UAE/data/arrangement_merged/chr_03/183786.14~A17.K_3R.png,1,1.3478365390536755,,0.0040016174316406,2.7991415829292023,chromosome
0,0.0026054978370666,183786,183786.14~A24.K_3,3,,normal,183786.14~A24.K_3L.png,183786.14~A24.K_3R.png,train,/data5/chensx/MyProject/UAE/data/arrangement_merged/chr_03/183786.14~A24.K_3L.png,/data5/chensx/MyProject/UAE/data/arrangement_merged/chr_03/183786.14~A24.K_3R.png,0,0.6197569191931072,,0.0026054978370666,-1.1045175825964777,chromosome
0,0.0027358531951904,183786,183786.14~A38.K_3,3,,normal,183786.14~A38.K_3L.png,183786.14~A38.K_3R.png,train,/data5/chensx/MyProject/UAE/data/arrangement_merged/chr_03/183786.14~A38.K_3L.png,/data5/chensx/MyProject/UAE/data/arrangement_merged/chr_03/183786.14~A38.K_3R.png,0,0.687737542026863,,0.0027358531951904,-0.7400338446036555,chromosome
0,0.0027920603752136,183786,183786.14~A39.K_3,3,,normal,183786.14~A39.K_3L.png,183786.14~A39.K_3R.png,train,/data5/chensx/MyProject/UAE/data/arrangement_merged/chr_03/183786.14~A39.K_3L.png,/data5/chensx/MyProject/UAE/data/arrangement_merged/chr_03/183786.14~A39.K_3R.png,0,0.717049717304518,,0.0027920603752136,-0.5828741898587008,chromosome
0,0.0027298927307128,183786,183786.1~A44.K_3,3,,normal,183786.1~A44.K_3L.png,183786.1~A44.K_3R.png,train,/data5/chensx/MyProject/UAE/data/arrangement_merged/chr_03/183786.1~A44.K_3L.png,/data5/chensx/MyProject/UAE/data/arrangement_merged/chr_03/183786.1~A44.K_3R.png,0,0.684629145921067,,0.0027298927307128,-0.7566997676944879,chromosome
0,0.003057062625885,183786,183786.2~A14.K_3,3,,normal,183786.2~A14.K_3L.png,183786.2~A14.K_3R.png,train,/data5/chensx/MyProject/UAE/data/arrangement_merged/chr_03/183786.2~A14.K_3L.png,/data5/chensx/MyProject/UAE/data/arrangement_merged/chr_03/183786.2~A14.K_3R.png,0,0.8552490081682028,,0.003057062625885,0.15809275075213955,chromosome
0,0.0024762153625488,183786,183786.2~A4.K_3,3,,normal,183786.2~A4.K_3L.png,183786.2~A4.K_3R.png,train,/data5/chensx/MyProject/UAE/data/arrangement_merged/chr_03/183786.2~A4.K_3L.png,/data5/chensx/MyProject/UAE/data/arrangement_merged/chr_03/183786.2~A4.K_3R.png,0,0.5523358076583945,,0.0024762153625488,-1.4660014544328606,chromosome
0,0.002781867980957,183786,183786.2~A49.K_3,3,,normal,183786.2~A49.K_3L.png,183786.2~A49.K_3R.png,train,/data5/chensx/MyProject/UAE/data/arrangement_merged/chr_03/183786.2~A49.K_3L.png,/data5/chensx/MyProject/UAE/data/arrangement_merged/chr_03/183786.2~A49.K_3R.png,0,0.7117343599636071,,0.002781867980957,-0.6113729183437547,chromosome
0,0.0027772188186645,183786,183786.3~A1.K_3,3,,normal,183786.3~A1.K_3L.png,183786.3~A1.K_3R.png,train,/data5/chensx/MyProject/UAE/data/arrangement_merged/chr_03/183786.3~A1.K_3L.png,/data5/chensx/MyProject/UAE/data/arrangement_merged/chr_03/183786.3~A1.K_3R.png,0,0.7093098110010864,,0.0027772188186645,-0.6243723383545252,chromosome
0,0.0026290416717529,183786,183786.3~A25.K_3,3,,normal,183786.3~A25.K_3L.png,183786.3~A25.K_3R.png,train,/data5/chensx/MyProject/UAE/data/arrangement_merged/chr_03/183786.3~A25.K_3L.png,/data5/chensx/MyProject/UAE/data/arrangement_merged/chr_03/183786.3~A25.K_3R.png,0,0.6320350838110008,,0.0026290416717529,-1.0386871863883071,chromosome
0,0.0029364824295043,183786,183786.3~A36.K_3,3,,normal,183786.3~A36.K_3L.png,183786.3~A36.K_3R.png,train,/data5/chensx/MyProject/UAE/data/arrangement_merged/chr_03/183786.3~A36.K_3L.png,/data5/chensx/MyProject/UAE/data/arrangement_merged/chr_03/183786.3~A36.K_3R.png,0,0.7923661549479522,,0.0029364824295043,-0.17905887337217616,chromosome
0,0.0034108757972717,183786,183786.3~A37.K_3,3,,normal,183786.3~A37.K_3L.png,183786.3~A37.K_3R.png,train,/data5/chensx/MyProject/UAE/data/arrangement_merged/chr_03/183786.3~A37.K_3L.png,/data5/chensx/MyProject/UAE/data/arrangement_merged/chr_03/183786.3~A37.K_3R.png,0,1.039763401008246,,0.0034108757972717,1.1473819454137455,chromosome
0,0.0030670166015625,183786,183786.3~A44.K_3,3,,normal,183786.3~A44.K_3L.png,183786.3~A44.K_3R.png,train,/data5/chensx/MyProject/UAE/data/arrangement_merged/chr_03/183786.3~A44.K_3L.png,/data5/chensx/MyProject/UAE/data/arrangement_merged/chr_03/183786.3~A44.K_3R.png,0,0.8604400296648819,,0.0030670166015625,0.1859248423135719,chromosome
0,0.0032176971435546,183786,183786.4~A49.K_3,3,,normal,183786.4~A49.K_3L.png,183786.4~A49.K_3R.png,train,/data5/chensx/MyProject/UAE/data/arrangement_merged/chr_03/183786.4~A49.K_3L.png,/data5/chensx/MyProject/UAE/data/arrangement_merged/chr_03/183786.4~A49.K_3R.png,0,0.9390202832194016,,0.0032176971435546,0.6072393780452461,chromosome
0,0.0028053522109985,183786,183786.5~A1.K_3,3,,normal,183786.5~A1.K_3L.png,183786.5~A1.K_3R.png,train,/data5/chensx/MyProject/UAE/data/arrangement_merged/chr_03/183786.5~A1.K_3L.png,/data5/chensx/MyProject/UAE/data/arrangement_merged/chr_03/183786.5~A1.K_3R.png,0,0.7239814406204429,,0.0028053522109985,-0.5457091813665599,chromosome
0,0.0030955076217651,183786,183786.5~A31.K_3,3,,normal,183786.5~A31.K_3L.png,183786.5~A31.K_3R.png,train,/data5/chensx/MyProject/UAE/data/arrangement_merged/chr_03/183786.5~A31.K_3L.png,/data5/chensx/MyProject/UAE/data/arrangement_merged/chr_03/183786.5~A31.K_3R.png,0,0.8752981630505862,,0.0030955076217651,0.2655879546868301,chromosome
0,0.0030540227890014,183786,183786.5~A33.K_3,3,,normal,183786.5~A33.K_3L.png,183786.5~A33.K_3R.png,train,/data5/chensx/MyProject/UAE/data/arrangement_merged/chr_03/183786.5~A33.K_3L.png,/data5/chensx/MyProject/UAE/data/arrangement_merged/chr_03/183786.5~A33.K_3R.png,0,0.8536637261542469,,0.0030540227890014,0.14959312997574825,chromosome
0,0.0034708976745605,183786,183786.5~A42.K_3,3,,normal,183786.5~A42.K_3L.png,183786.5~A42.K_3R.png,train,/data5/chensx/MyProject/UAE/data/arrangement_merged/chr_03/183786.5~A42.K_3L.png,/data5/chensx/MyProject/UAE/data/arrangement_merged/chr_03/183786.5~A42.K_3R.png,1,1.0710649497936104,,0.0034708976745605,1.3152077909366544,chromosome
0,0.0032621026039123,183786,183786.5~A44.K_3,3,,normal,183786.5~A44.K_3L.png,183786.5~A44.K_3R.png,train,/data5/chensx/MyProject/UAE/data/arrangement_merged/chr_03/183786.5~A44.K_3L.png,/data5/chensx/MyProject/UAE/data/arrangement_merged/chr_03/183786.5~A44.K_3R.png,0,0.962177834207581,,0.0032621026039123,0.7314005050707689,chromosome
0,0.0032200813293457,183786,183786.5~A6.K_3,3,,normal,183786.5~A6.K_3L.png,183786.5~A6.K_3R.png,train,/data5/chensx/MyProject/UAE/data/arrangement_merged/chr_03/183786.5~A6.K_3L.png,/data5/chensx/MyProject/UAE/data/arrangement_merged/chr_03/183786.5~A6.K_3R.png,0,0.94026364166172,,0.0032200813293457,0.6139057472817471,chromosome
0,0.0029290318489074,183786,183786.5~A8.K_3,3,,normal,183786.5~A8.K_3L.png,183786.5~A8.K_3R.png,train,/data5/chensx/MyProject/UAE/data/arrangement_merged/chr_03/183786.5~A8.K_3L.png,/data5/chensx/MyProject/UAE/data/arrangement_merged/chr_03/183786.5~A8.K_3R.png,0,0.7884806598157074,,0.0029290318489074,-0.19989127723543618,chromosome
0,0.0028455853462219,184752,184752.11~A43.K_3,3,,normal,184752.11~A43.K_3L.png,184752.11~A43.K_3R.png,train,/data5/chensx/MyProject/UAE/data/arrangement_merged/chr_03/184752.11~A43.K_3L.png,/data5/chensx/MyProject/UAE/data/arrangement_merged/chr_03/184752.11~A43.K_3R.png,0,2.645075017762242,,0.0028455853462219,-0.4332142005045642,chromosome
0,0.0033994913101196,184752,184752.13~A19.K_3,3,,normal,184752.13~A19.K_3L.png,184752.13~A19.K_3R.png,train,/data5/chensx/MyProject/UAE/data/arrangement_merged/chr_03/184752.13~A19.K_3L.png,/data5/chensx/MyProject/UAE/data/arrangement_merged/chr_03/184752.13~A19.K_3R.png,0,3.523744853168823,,0.0033994913101196,1.1155500323105811,chromosome
0,0.0028889775276184,184752,184752.13~A20.K_3,3,,normal,184752.13~A20.K_3L.png,184752.13~A20.K_3R.png,train,/data5/chensx/MyProject/UAE/data/arrangement_merged/chr_03/184752.13~A20.K_3L.png,/data5/chensx/MyProject/UAE/data/arrangement_merged/chr_03/184752.13~A20.K_3R.png,0,2.7139087248725398,,0.0028889775276184,-0.3118862804045059,chromosome
0,0.0030817985534667,184752,184752.14~A10.K_3,3,,normal,184752.14~A10.K_3L.png,184752.14~A10.K_3R.png,train,/data5/chensx/MyProject/UAE/data/arrangement_merged/chr_03/184752.14~A10.K_3L.png,/data5/chensx/MyProject/UAE/data/arrangement_merged/chr_03/184752.14~A10.K_3R.png,0,3.019783783254148,,0.0030817985534667,0.22725633157814165,chromosome
0,0.0031559467315673,184752,184752.14~A14.K_3,3,,normal,184752.14~A14.K_3L.png,184752.14~A14.K_3R.png,train,/data5/chensx/MyProject/UAE/data/arrangement_merged/chr_03/184752.14~A14.K_3L.png,/data5/chensx/MyProject/UAE/data/arrangement_merged/chr_03/184752.14~A14.K_3R.png,0,3.137406216832732,,0.0031559467315673,0.43458041482600773,chromosome
0,0.0031293630599975,184752,184752.14~A43.K_3,3,,normal,184752.14~A43.K_3L.png,184752.14~A43.K_3R.png,train,/data5/chensx/MyProject/UAE/data/arrangement_merged/chr_03/184752.14~A43.K_3L.png,/data5/chensx/MyProject/UAE/data/arrangement_merged/chr_03/184752.14~A43.K_3R.png,0,3.0952361160481274,,0.0031293630599975,0.360250397841726,chromosome
0,0.0034206509590148,184752,184752.2~A30.K_3,3,,normal,184752.2~A30.K_3L.png,184752.2~A30.K_3R.png,train,/data5/chensx/MyProject/UAE/data/arrangement_merged/chr_03/184752.2~A30.K_3L.png,/data5/chensx/MyProject/UAE/data/arrangement_merged/chr_03/184752.2~A30.K_3R.png,0,3.557310740564641,,0.0034206509590148,1.174714059282252,chromosome
0,0.0030349493026733,184752,184752.2~A50.K_3,3,,normal,184752.2~A50.K_3L.png,184752.2~A50.K_3R.png,train,/data5/chensx/MyProject/UAE/data/arrangement_merged/chr_03/184752.2~A50.K_3L.png,/data5/chensx/MyProject/UAE/data/arrangement_merged/chr_03/184752.2~A50.K_3R.png,0,2.9454660720059427,,0.0030349493026733,0.09626217608570224,chromosome
0,0.0031577348709106,184752,184752.3~A13.K_3,3,,normal,184752.3~A13.K_3L.png,184752.3~A13.K_3R.png,train,/data5/chensx/MyProject/UAE/data/arrangement_merged/chr_03/184752.3~A13.K_3L.png,/data5/chensx/MyProject/UAE/data/arrangement_merged/chr_03/184752.3~A13.K_3R.png,0,3.140242770697168,,0.0031577348709106,0.43958019175331287,chromosome
0,0.003081738948822,184752,184752.3~A16.K_3,3,,normal,184752.3~A16.K_3L.png,184752.3~A16.K_3R.png,train,/data5/chensx/MyProject/UAE/data/arrangement_merged/chr_03/184752.3~A16.K_3L.png,/data5/chensx/MyProject/UAE/data/arrangement_merged/chr_03/184752.3~A16.K_3R.png,0,3.0196892314586665,,0.003081738948822,0.22708967234744482,chromosome
0,0.0025838017463684,184752,184752.4~A27.K_3,3,,normal,184752.4~A27.K_3L.png,184752.4~A27.K_3R.png,train,/data5/chensx/MyProject/UAE/data/arrangement_merged/chr_03/184752.4~A27.K_3L.png,/data5/chensx/MyProject/UAE/data/arrangement_merged/chr_03/184752.4~A27.K_3R.png,0,2.229803532008911,,0.0025838017463684,-1.1651815426463674,chromosome
0,0.0031297802925109,184793,184793.11~A18.K_3,3,,normal,184793.11~A18.K_3L.png,184793.11~A18.K_3R.png,train,/data5/chensx/MyProject/UAE/data/arrangement_merged/chr_03/184793.11~A18.K_3L.png,/data5/chensx/MyProject/UAE/data/arrangement_merged/chr_03/184793.11~A18.K_3R.png,0,2.2915547231038778,,0.0031297802925109,0.3614170124579947,chromosome
0,0.00309818983078,184793,184793.12~A12.K_3,3,,normal,184793.12~A12.K_3L.png,184793.12~A12.K_3R.png,train,/data5/chensx/MyProject/UAE/data/arrangement_merged/chr_03/184793.12~A12.K_3L.png,/data5/chensx/MyProject/UAE/data/arrangement_merged/chr_03/184793.12~A12.K_3R.png,0,2.2514215723084234,,0.00309818983078,0.27308762007764836,chromosome
0,0.0030379295349121,184793,184793.12~A27.K_3,3,,normal,184793.12~A27.K_3L.png,184793.12~A27.K_3R.png,train,/data5/chensx/MyProject/UAE/data/arrangement_merged/chr_03/184793.12~A27.K_3L.png,/data5/chensx/MyProject/UAE/data/arrangement_merged/chr_03/184793.12~A27.K_3R.png,0,2.174865694092944,,0.0030379295349121,0.1045951376311178,chromosome
0,0.0035792589187622,184793,184793.12~A32.K_3,3,,normal,184793.12~A32.K_3L.png,184793.12~A32.K_3R.png,train,/data5/chensx/MyProject/UAE/data/arrangement_merged/chr_03/184793.12~A32.K_3L.png,/data5/chensx/MyProject/UAE/data/arrangement_merged/chr_03/184793.12~A32.K_3R.png,1,2.862581308289766,,0.0035792589187622,1.6181942727249896,chromosome
0,0.0030033588409423,184793,184793.12~A38.K_3,3,,normal,184793.12~A38.K_3L.png,184793.12~A38.K_3R.png,train,/data5/chensx/MyProject/UAE/data/arrangement_merged/chr_03/184793.12~A38.K_3L.png,/data5/chensx/MyProject/UAE/data/arrangement_merged/chr_03/184793.12~A38.K_3R.png,0,2.1309463969960314,,0.0030033588409423,0.007932783705076999,chromosome
0,0.0030959248542785,184793,184793.12~A42.K_3,3,,normal,184793.12~A42.K_3L.png,184793.12~A42.K_3R.png,train,/data5/chensx/MyProject/UAE/data/arrangement_merged/chr_03/184793.12~A42.K_3L.png,/data5/chensx/MyProject/UAE/data/arrangement_merged/chr_03/184793.12~A42.K_3R.png,0,2.2485441011193155,,0.0030959248542785,0.2667545693030988,chromosome
0,0.003183364868164,184793,184793.13~A10.K_3,3,,normal,184793.13~A10.K_3L.png,184793.13~A10.K_3R.png,train,/data5/chensx/MyProject/UAE/data/arrangement_merged/chr_03/184793.13~A10.K_3L.png,/data5/chensx/MyProject/UAE/data/arrangement_merged/chr_03/184793.13~A10.K_3R.png,0,2.359629633604092,,0.003183364868164,0.5112436610431069,chromosome
0,0.0031140446662902,184793,184793.13~A16.K_3,3,,normal,184793.13~A16.K_3L.png,184793.13~A16.K_3R.png,train,/data5/chensx/MyProject/UAE/data/arrangement_merged/chr_03/184793.13~A16.K_3L.png,/data5/chensx/MyProject/UAE/data/arrangement_merged/chr_03/184793.13~A16.K_3R.png,0,2.27156387063218,,0.0031140446662902,0.31741897549865716,chromosome
0,0.0027008056640625,184793,184793.13~A43.K_3,3,,normal,184793.13~A43.K_3L.png,184793.13~A43.K_3R.png,train,/data5/chensx/MyProject/UAE/data/arrangement_merged/chr_03/184793.13~A43.K_3L.png,/data5/chensx/MyProject/UAE/data/arrangement_merged/chr_03/184793.13~A43.K_3R.png,0,1.74657682447202,,0.0027008056640625,-0.8380294723766619,chromosome
0,0.0031399726867675,184793,184793.14~A14.K_3,3,,normal,184793.14~A14.K_3L.png,184793.14~A14.K_3R.png,train,/data5/chensx/MyProject/UAE/data/arrangement_merged/chr_03/184793.14~A14.K_3L.png,/data5/chensx/MyProject/UAE/data/arrangement_merged/chr_03/184793.14~A14.K_3R.png,0,2.304503343454864,,0.0031399726867675,0.38991574094304865,chromosome
0,0.0031255483627319,184793,184793.14~A26.K_3,3,,normal,184793.14~A26.K_3L.png,184793.14~A26.K_3R.png,train,/data5/chensx/MyProject/UAE/data/arrangement_merged/chr_03/184793.14~A26.K_3L.png,/data5/chensx/MyProject/UAE/data/arrangement_merged/chr_03/184793.14~A26.K_3R.png,0,2.286178395355808,,0.0031255483627319,0.3495842070637731,chromosome
0,0.0030158162117004,184793,184793.14~A27.K_3,3,,normal,184793.14~A27.K_3L.png,184793.14~A27.K_3R.png,train,/data5/chensx/MyProject/UAE/data/arrangement_merged/chr_03/184793.14~A27.K_3L.png,/data5/chensx/MyProject/UAE/data/arrangement_merged/chr_03/184793.14~A27.K_3R.png,0,2.1467724885361257,,0.0030158162117004,0.042764562964680494,chromosome
0,0.003406822681427,184793,184793.14~A3.K_3,3,,normal,184793.14~A3.K_3L.png,184793.14~A3.K_3R.png,train,/data5/chensx/MyProject/UAE/data/arrangement_merged/chr_03/184793.14~A3.K_3L.png,/data5/chensx/MyProject/UAE/data/arrangement_merged/chr_03/184793.14~A3.K_3R.png,0,2.643514883287409,,0.003406822681427,1.1360491177121699,chromosome
0,0.0025693774223327,184793,184793.14~A30.K_3,3,,normal,184793.14~A30.K_3L.png,184793.14~A30.K_3R.png,train,/data5/chensx/MyProject/UAE/data/arrangement_merged/chr_03/184793.14~A30.K_3L.png,/data5/chensx/MyProject/UAE/data/arrangement_merged/chr_03/184793.14~A30.K_3R.png,0,1.579607772577724,,0.0025693774223327,-1.205513076525923,chromosome
0,0.0025399327278137,184793,184793.14~A32.K_3,3,,normal,184793.14~A32.K_3L.png,184793.14~A32.K_3R.png,train,/data5/chensx/MyProject/UAE/data/arrangement_merged/chr_03/184793.14~A32.K_3L.png,/data5/chensx/MyProject/UAE/data/arrangement_merged/chr_03/184793.14~A32.K_3R.png,0,1.5422006471193197,,0.0025399327278137,-1.2878427365936702,chromosome
0,0.0035926699638366,184793,184793.14~A33.K_3,3,,normal,184793.14~A33.K_3L.png,184793.14~A33.K_3R.png,train,/data5/chensx/MyProject/UAE/data/arrangement_merged/chr_03/184793.14~A33.K_3L.png,/data5/chensx/MyProject/UAE/data/arrangement_merged/chr_03/184793.14~A33.K_3R.png,1,2.879618966646327,,0.0035926699638366,1.6556925996788017,chromosome
0,0.0024827122688293,184793,184793.14~A4.K_3,3,,normal,184793.14~A4.K_3L.png,184793.14~A4.K_3R.png,train,/data5/chensx/MyProject/UAE/data/arrangement_merged/chr_03/184793.14~A4.K_3L.png,/data5/chensx/MyProject/UAE/data/arrangement_merged/chr_03/184793.14~A4.K_3R.png,0,1.4695066381313266,,0.0024827122688293,-1.4478355982640883,chromosome
0,0.0036778450012207,184793,184793.14~A9.K_3,3,,normal,184793.14~A9.K_3L.png,184793.14~A9.K_3R.png,train,/data5/chensx/MyProject/UAE/data/arrangement_merged/chr_03/184793.14~A9.K_3L.png,/data5/chensx/MyProject/UAE/data/arrangement_merged/chr_03/184793.14~A9.K_3R.png,1,2.987827027941996,,0.0036778450012207,1.8938486406445394,chromosome
0,0.0024401545524597,184793,184793.1~A26.K_3,3,,normal,184793.1~A26.K_3L.png,184793.1~A26.K_3R.png,train,/data5/chensx/MyProject/UAE/data/arrangement_merged/chr_03/184793.1~A26.K_3L.png,/data5/chensx/MyProject/UAE/data/arrangement_merged/chr_03/184793.1~A26.K_3R.png,0,1.415440468946507,,0.0024401545524597,-1.5668302891313304,chromosome
0,0.0025673508644104,184793,184793.2~A4.K_3,3,,normal,184793.2~A4.K_3L.png,184793.2~A4.K_3R.png,train,/data5/chensx/MyProject/UAE/data/arrangement_merged/chr_03/184793.2~A4.K_3L.png,/data5/chensx/MyProject/UAE/data/arrangement_merged/chr_03/184793.2~A4.K_3R.png,0,1.5770331930927326,,0.0025673508644104,-1.211179490376571,chromosome
0,0.0028318762779235,184793,184793.3~A8.K_3,3,,normal,184793.3~A8.K_3L.png,184793.3~A8.K_3R.png,train,/data5/chensx/MyProject/UAE/data/arrangement_merged/chr_03/184793.3~A8.K_3L.png,/data5/chensx/MyProject/UAE/data/arrangement_merged/chr_03/184793.3~A8.K_3R.png,0,1.9130915388101408,,0.0028318762779235,-0.47154582361325387,chromosome
0,0.0030194520950317,185290,185290.11~A25.K_3,3,,normal,185290.11~A25.K_3L.png,185290.11~A25.K_3R.png,train,/data5/chensx/MyProject/UAE/data/arrangement_merged/chr_03/185290.11~A25.K_3L.png,/data5/chensx/MyProject/UAE/data/arrangement_merged/chr_03/185290.11~A25.K_3R.png,0,2.293704024930026,,0.0030194520950317,0.05293077604998756,chromosome
0,0.0031669735908508,185290,185290.11~A27.K_3,3,,normal,185290.11~A27.K_3L.png,185290.11~A27.K_3R.png,train,/data5/chensx/MyProject/UAE/data/arrangement_merged/chr_03/185290.11~A27.K_3L.png,/data5/chensx/MyProject/UAE/data/arrangement_merged/chr_03/185290.11~A27.K_3R.png,0,2.4906621400723523,,0.0031669735908508,0.4654123725438792,chromosome
0,0.0031772851943969,185290,185290.11~A38.K_3,3,,normal,185290.11~A38.K_3L.png,185290.11~A38.K_3R.png,train,/data5/chensx/MyProject/UAE/data/arrangement_merged/chr_03/185290.11~A38.K_3L.png,/data5/chensx/MyProject/UAE/data/arrangement_merged/chr_03/185290.11~A38.K_3R.png,0,2.5044293133732096,,0.0031772851943969,0.49424441949060327,chromosome
0,0.0028105378150939,185290,185290.12~A12.K_3,3,,normal,185290.12~A12.K_3L.png,185290.12~A12.K_3R.png,train,/data5/chensx/MyProject/UAE/data/arrangement_merged/chr_03/185290.12~A12.K_3L.png,/data5/chensx/MyProject/UAE/data/arrangement_merged/chr_03/185290.12~A12.K_3R.png,0,2.014779502273924,,0.0028105378150939,-0.5312098282778495,chromosome
0,0.0032614469528198,185290,185290.12~A33.K_3,3,,normal,185290.12~A33.K_3L.png,185290.12~A33.K_3R.png,train,/data5/chensx/MyProject/UAE/data/arrangement_merged/chr_03/185290.12~A33.K_3L.png,/data5/chensx/MyProject/UAE/data/arrangement_merged/chr_03/185290.12~A33.K_3R.png,0,2.616794912799862,,0.0032614469528198,0.7295672535308775,chromosome
0,0.0030838251113891,185290,185290.12~A35.K_3,3,,normal,185290.12~A35.K_3L.png,185290.12~A35.K_3R.png,train,/data5/chensx/MyProject/UAE/data/arrangement_merged/chr_03/185290.12~A35.K_3L.png,/data5/chensx/MyProject/UAE/data/arrangement_merged/chr_03/185290.12~A35.K_3R.png,0,2.379649384264859,,0.0030838251113891,0.23292274542906838,chromosome
0,0.0033579468727111,185290,185290.12~A49.K_3,3,,normal,185290.12~A49.K_3L.png,185290.12~A49.K_3R.png,train,/data5/chensx/MyProject/UAE/data/arrangement_merged/chr_03/185290.12~A49.K_3L.png,/data5/chensx/MyProject/UAE/data/arrangement_merged/chr_03/185290.12~A49.K_3R.png,0,2.7456333727656905,,0.0033579468727111,0.9993885483685248,chromosome
0,0.0027010440826416,185290,185290.12~A5.K_3,3,,normal,185290.12~A5.K_3L.png,185290.12~A5.K_3R.png,train,/data5/chensx/MyProject/UAE/data/arrangement_merged/chr_03/185290.12~A5.K_3L.png,/data5/chensx/MyProject/UAE/data/arrangement_merged/chr_03/185290.12~A5.K_3R.png,0,1.868592812368287,,0.0027010440826416,-0.8373628354530402,chromosome
0,0.0031424760818481,185290,185290.12~A50.K_3,3,,normal,185290.12~A50.K_3L.png,185290.12~A50.K_3R.png,train,/data5/chensx/MyProject/UAE/data/arrangement_merged/chr_03/185290.12~A50.K_3L.png,/data5/chensx/MyProject/UAE/data/arrangement_merged/chr_03/185290.12~A50.K_3R.png,0,2.457955156103263,,0.0031424760818481,0.39691542864121976,chromosome
0,0.0030290484428405,185290,185290.12~A7.K_3,3,,normal,185290.12~A7.K_3L.png,185290.12~A7.K_3R.png,train,/data5/chensx/MyProject/UAE/data/arrangement_merged/chr_03/185290.12~A7.K_3L.png,/data5/chensx/MyProject/UAE/data/arrangement_merged/chr_03/185290.12~A7.K_3R.png,0,2.30651624979383,,0.0030290484428405,0.07976291222584564,chromosome
0,0.0025577545166015,185290,185290.12~A8.K_3,3,,normal,185290.12~A8.K_3L.png,185290.12~A8.K_3R.png,train,/data5/chensx/MyProject/UAE/data/arrangement_merged/chr_03/185290.12~A8.K_3L.png,/data5/chensx/MyProject/UAE/data/arrangement_merged/chr_03/185290.12~A8.K_3R.png,0,1.6772848088118617,,0.0025577545166015,-1.238011626552709,chromosome
0,0.0024030208587646,185290,185290.13~A13.K_3,3,,normal,185290.13~A13.K_3L.png,185290.13~A13.K_3R.png,train,/data5/chensx/MyProject/UAE/data/arrangement_merged/chr_03/185290.13~A13.K_3L.png,/data5/chensx/MyProject/UAE/data/arrangement_merged/chr_03/185290.13~A13.K_3R.png,0,1.4706976302625776,,0.0024030208587646,-1.6706589899862392,chromosome
0,0.0030638575553894,185290,185290.13~A26.K_3,3,,normal,185290.13~A26.K_3L.png,185290.13~A26.K_3R.png,train,/data5/chensx/MyProject/UAE/data/arrangement_merged/chr_03/185290.13~A26.K_3L.png,/data5/chensx/MyProject/UAE/data/arrangement_merged/chr_03/185290.13~A26.K_3R.png,0,2.352990407063777,,0.0030638575553894,0.17709190307550926,chromosome
0,0.0030776262283325,185290,185290.13~A28.K_3,3,,normal,185290.13~A28.K_3L.png,185290.13~A28.K_3R.png,train,/data5/chensx/MyProject/UAE/data/arrangement_merged/chr_03/185290.13~A28.K_3L.png,/data5/chensx/MyProject/UAE/data/arrangement_merged/chr_03/185290.13~A28.K_3R.png,0,2.3713731644770606,,0.0030776262283325,0.21559018541489455,chromosome
0,0.0033187270164489,185290,185290.13~A30.K_3,3,,normal,185290.13~A30.K_3L.png,185290.13~A30.K_3R.png,train,/data5/chensx/MyProject/UAE/data/arrangement_merged/chr_03/185290.13~A30.K_3L.png,/data5/chensx/MyProject/UAE/data/arrangement_merged/chr_03/185290.13~A30.K_3R.png,0,2.6932703668005797,,0.0033187270164489,0.8897267744319924,chromosome
0,0.0027721524238586,185290,185290.13~A35.K_3,3,,normal,185290.13~A35.K_3L.png,185290.13~A35.K_3R.png,train,/data5/chensx/MyProject/UAE/data/arrangement_merged/chr_03/185290.13~A35.K_3L.png,/data5/chensx/MyProject/UAE/data/arrangement_merged/chr_03/185290.13~A35.K_3R.png,0,1.963530602818709,,0.0027721524238586,-0.6385383729815642,chromosome
0,0.0027449131011962,185290,185290.13~A36.K_3,3,,normal,185290.13~A36.K_3L.png,185290.13~A36.K_3R.png,train,/data5/chensx/MyProject/UAE/data/arrangement_merged/chr_03/185290.13~A36.K_3L.png,/data5/chensx/MyProject/UAE/data/arrangement_merged/chr_03/185290.13~A36.K_3R.png,0,1.927162983174247,,0.0027449131011962,-0.7147016415060164,chromosome
0,0.003555417060852,185290,185290.13~A46.K_3,3,,normal,185290.13~A46.K_3L.png,185290.13~A46.K_3R.png,train,/data5/chensx/MyProject/UAE/data/arrangement_merged/chr_03/185290.13~A46.K_3L.png,/data5/chensx/MyProject/UAE/data/arrangement_merged/chr_03/185290.13~A46.K_3R.png,1,3.009278720428933,,0.003555417060852,1.5515305803622217,chromosome
0,0.0029373168945312,185290,185290.13~A6.K_3,3,,normal,185290.13~A6.K_3L.png,185290.13~A6.K_3R.png,train,/data5/chensx/MyProject/UAE/data/arrangement_merged/chr_03/185290.13~A6.K_3L.png,/data5/chensx/MyProject/UAE/data/arrangement_merged/chr_03/185290.13~A6.K_3R.png,0,2.184044112741693,,0.0029373168945312,-0.17672564413935868,chromosome
0,0.0032354593276977,185290,185290.13~A7.K_3,3,,normal,185290.13~A7.K_3L.png,185290.13~A7.K_3R.png,train,/data5/chensx/MyProject/UAE/data/arrangement_merged/chr_03/185290.13~A7.K_3L.png,/data5/chensx/MyProject/UAE/data/arrangement_merged/chr_03/185290.13~A7.K_3R.png,0,2.582098452920244,,0.0032354593276977,0.6569038288555115,chromosome
0,0.0029833912849426,185290,185290.14~A27.K_3,3,,normal,185290.14~A27.K_3L.png,185290.14~A27.K_3R.png,train,/data5/chensx/MyProject/UAE/data/arrangement_merged/chr_03/185290.14~A27.K_3L.png,/data5/chensx/MyProject/UAE/data/arrangement_merged/chr_03/185290.14~A27.K_3R.png,0,2.2455587078952357,,0.0029833912849426,-0.04789805864848212,chromosome
0,0.0032088756561279,185290,185290.14~A31.K_3,3,,normal,185290.14~A31.K_3L.png,185290.14~A31.K_3R.png,train,/data5/chensx/MyProject/UAE/data/arrangement_merged/chr_03/185290.14~A31.K_3L.png,/data5/chensx/MyProject/UAE/data/arrangement_merged/chr_03/185290.14~A31.K_3R.png,0,2.546606202676415,,0.0032088756561279,0.5825738118712297,chromosome
0,0.0026272535324096,185290,185290.14~A44.K_3,3,,normal,185290.14~A44.K_3L.png,185290.14~A44.K_3R.png,train,/data5/chensx/MyProject/UAE/data/arrangement_merged/chr_03/185290.14~A44.K_3L.png,/data5/chensx/MyProject/UAE/data/arrangement_merged/chr_03/185290.14~A44.K_3R.png,0,1.770073965278913,,0.0026272535324096,-1.0436869633156134,chromosome
0,0.0033938884735107,185290,185290.14~A47.K_3,3,,normal,185290.14~A47.K_3L.png,185290.14~A47.K_3R.png,train,/data5/chensx/MyProject/UAE/data/arrangement_merged/chr_03/185290.14~A47.K_3L.png,/data5/chensx/MyProject/UAE/data/arrangement_merged/chr_03/185290.14~A47.K_3R.png,0,2.7936195317276398,,0.0033938884735107,1.0998840646053232,chromosome
0,0.0022720098495483,185290,185290.1~A31.K_3,3,,normal,185290.1~A31.K_3L.png,185290.1~A31.K_3R.png,train,/data5/chensx/MyProject/UAE/data/arrangement_merged/chr_03/185290.1~A31.K_3L.png,/data5/chensx/MyProject/UAE/data/arrangement_merged/chr_03/185290.1~A31.K_3R.png,0,1.2957829082089078,,0.0022720098495483,-2.0369759795189513,chromosome
0,0.0025055408477783,185290,185290.1~A32.K_3,3,,normal,185290.1~A32.K_3L.png,185290.1~A32.K_3R.png,train,/data5/chensx/MyProject/UAE/data/arrangement_merged/chr_03/185290.1~A32.K_3L.png,/data5/chensx/MyProject/UAE/data/arrangement_merged/chr_03/185290.1~A32.K_3R.png,0,1.6075735729069416,,0.0025055408477783,-1.384005112826785,chromosome
0,0.003569483757019,185290,185290.1~A35.K_3,3,,normal,185290.1~A35.K_3L.png,185290.1~A35.K_3R.png,train,/data5/chensx/MyProject/UAE/data/arrangement_merged/chr_03/185290.1~A35.K_3L.png,/data5/chensx/MyProject/UAE/data/arrangement_merged/chr_03/185290.1~A35.K_3R.png,1,3.028059373024323,,0.003569483757019,1.5908621588562042,chromosome
0,0.0026069283485412,185290,185290.2~A19.K_3,3,,normal,185290.2~A19.K_3L.png,185290.2~A19.K_3R.png,train,/data5/chensx/MyProject/UAE/data/arrangement_merged/chr_03/185290.2~A19.K_3L.png,/data5/chensx/MyProject/UAE/data/arrangement_merged/chr_03/185290.2~A19.K_3R.png,0,1.7429375138593035,,0.0026069283485412,-1.1005177610547456,chromosome
0,0.0031250715255737,185290,185290.3~A26.K_3,3,,normal,185290.3~A26.K_3L.png,185290.3~A26.K_3R.png,train,/data5/chensx/MyProject/UAE/data/arrangement_merged/chr_03/185290.3~A26.K_3L.png,/data5/chensx/MyProject/UAE/data/arrangement_merged/chr_03/185290.3~A26.K_3R.png,0,2.4347180774682897,,0.0031250715255737,0.3482509332165286,chromosome
0,0.0035154223442077,185290,185290.3~A32.K_3,3,,normal,185290.3~A32.K_3L.png,185290.3~A32.K_3R.png,train,/data5/chensx/MyProject/UAE/data/arrangement_merged/chr_03/185290.3~A32.K_3L.png,/data5/chensx/MyProject/UAE/data/arrangement_merged/chr_03/185290.3~A32.K_3R.png,1,2.9558811869903474,,0.0035154223442077,1.4397022364238476,chromosome
0,0.0028411149978637,185290,185290.4~A11.K_3,3,,normal,185290.4~A11.K_3L.png,185290.4~A11.K_3R.png,train,/data5/chensx/MyProject/UAE/data/arrangement_merged/chr_03/185290.4~A11.K_3L.png,/data5/chensx/MyProject/UAE/data/arrangement_merged/chr_03/185290.4~A11.K_3R.png,0,2.0556035479579697,,0.0028411149978637,-0.44571364282268755,chromosome
0,0.0021781921386718,185290,185290.4~A15.K_3,3,,normal,185290.4~A15.K_3L.png,185290.4~A15.K_3R.png,train,/data5/chensx/MyProject/UAE/data/arrangement_merged/chr_03/185290.4~A15.K_3L.png,/data5/chensx/MyProject/UAE/data/arrangement_merged/chr_03/185290.4~A15.K_3R.png,0,1.1705255048820309,,0.0021781921386718,-2.2992976089660595,chromosome
0,0.003380537033081,185290,185290.4~A18.K_3,3,,normal,185290.4~A18.K_3L.png,185290.4~A18.K_3R.png,train,/data5/chensx/MyProject/UAE/data/arrangement_merged/chr_03/185290.4~A18.K_3L.png,/data5/chensx/MyProject/UAE/data/arrangement_merged/chr_03/185290.4~A18.K_3R.png,0,2.7757938275693035,,0.003380537033081,1.0625523968822066,chromosome
0,0.0029752850532531,185290,185290.4~A28.K_3,3,,normal,185290.4~A28.K_3L.png,185290.4~A28.K_3R.png,train,/data5/chensx/MyProject/UAE/data/arrangement_merged/chr_03/185290.4~A28.K_3L.png,/data5/chensx/MyProject/UAE/data/arrangement_merged/chr_03/185290.4~A28.K_3R.png,0,2.23473595894196,,0.0029752850532531,-0.07056371405191253,chromosome
0,0.0034933686256408,185290,185290.4~A29.K_3,3,,normal,185290.4~A29.K_3L.png,185290.4~A29.K_3R.png,train,/data5/chensx/MyProject/UAE/data/arrangement_merged/chr_03/185290.4~A29.K_3L.png,/data5/chensx/MyProject/UAE/data/arrangement_merged/chr_03/185290.4~A29.K_3R.png,1,2.926436943514525,,0.0034933686256408,1.378038320988386,chromosome
0,0.0032950639724731,185290,185290.4~A37.K_3,3,,normal,185290.4~A37.K_3L.png,185290.4~A37.K_3R.png,train,/data5/chensx/MyProject/UAE/data/arrangement_merged/chr_03/185290.4~A37.K_3L.png,/data5/chensx/MyProject/UAE/data/arrangement_merged/chr_03/185290.4~A37.K_3R.png,0,2.661677489341386,,0.0032950639724731,0.8235630597621505,chromosome
0,0.0030968189239501,185290,185290.4~A9.K_3,3,,normal,185290.4~A9.K_3L.png,185290.4~A9.K_3R.png,train,/data5/chensx/MyProject/UAE/data/arrangement_merged/chr_03/185290.4~A9.K_3L.png,/data5/chensx/MyProject/UAE/data/arrangement_merged/chr_03/185290.4~A9.K_3R.png,0,2.3969976142046683,,0.0030968189239501,0.2692544577666119,chromosome
0,0.002731442451477,185824,185824.11~A10.K_3,3,,normal,185824.11~A10.K_3L.png,185824.11~A10.K_3R.png,train,/data5/chensx/MyProject/UAE/data/arrangement_merged/chr_03/185824.11~A10.K_3L.png,/data5/chensx/MyProject/UAE/data/arrangement_merged/chr_03/185824.11~A10.K_3R.png,0,1.8910089654636768,,0.002731442451477,-0.7523666276908044,chromosome
0,0.0028994083404541,185824,185824.11~A15.K_3,3,,normal,185824.11~A15.K_3L.png,185824.11~A15.K_3R.png,train,/data5/chensx/MyProject/UAE/data/arrangement_merged/chr_03/185824.11~A15.K_3L.png,/data5/chensx/MyProject/UAE/data/arrangement_merged/chr_03/185824.11~A15.K_3R.png,0,2.109896074824291,,0.0028994083404541,-0.2827209149958303,chromosome
0,0.002871811389923,185824,185824.11~A31.K_3,3,,normal,185824.11~A31.K_3L.png,185824.11~A31.K_3R.png,train,/data5/chensx/MyProject/UAE/data/arrangement_merged/chr_03/185824.11~A31.K_3L.png,/data5/chensx/MyProject/UAE/data/arrangement_merged/chr_03/185824.11~A31.K_3R.png,0,2.0739327208023024,,0.002871811389923,-0.3598841389058555,chromosome
0,0.0031095147132873,185824,185824.12~A12.K_3,3,,normal,185824.12~A12.K_3L.png,185824.12~A12.K_3R.png,train,/data5/chensx/MyProject/UAE/data/arrangement_merged/chr_03/185824.12~A12.K_3L.png,/data5/chensx/MyProject/UAE/data/arrangement_merged/chr_03/185824.12~A12.K_3R.png,0,2.383699148101852,,0.0031095147132873,0.30475287394983824,chromosome
0,0.0030654668807983,185824,185824.12~A28.K_3,3,,normal,185824.12~A28.K_3L.png,185824.12~A28.K_3R.png,train,/data5/chensx/MyProject/UAE/data/arrangement_merged/chr_03/185824.12~A28.K_3L.png,/data5/chensx/MyProject/UAE/data/arrangement_merged/chr_03/185824.12~A28.K_3R.png,0,2.326297596001961,,0.0030654668807983,0.1815917023098884,chromosome
0,0.0034653544425964,185824,185824.12~A31.K_3,3,,normal,185824.12~A31.K_3L.png,185824.12~A31.K_3R.png,train,/data5/chensx/MyProject/UAE/data/arrangement_merged/chr_03/185824.12~A31.K_3L.png,/data5/chensx/MyProject/UAE/data/arrangement_merged/chr_03/185824.12~A31.K_3R.png,1,2.8474166934825726,,0.0034653544425964,1.299708482462371,chromosome
0,0.0034089684486389,185824,185824.12~A38.K_3,3,,normal,185824.12~A38.K_3L.png,185824.12~A38.K_3R.png,train,/data5/chensx/MyProject/UAE/data/arrangement_merged/chr_03/185824.12~A38.K_3L.png,/data5/chensx/MyProject/UAE/data/arrangement_merged/chr_03/185824.12~A38.K_3R.png,0,2.7739364928242543,,0.0034089684486389,1.1420488500247692,chromosome
0,0.0029308795928955,185824,185824.12~A48.K_3,3,,normal,185824.12~A48.K_3L.png,185824.12~A48.K_3R.png,train,/data5/chensx/MyProject/UAE/data/arrangement_merged/chr_03/185824.12~A48.K_3L.png,/data5/chensx/MyProject/UAE/data/arrangement_merged/chr_03/185824.12~A48.K_3R.png,0,2.150908279842888,,0.0029308795928955,-0.19472484107715532,chromosome
0,0.0031120777130126,185824,185824.12~A7.K_3,3,,normal,185824.12~A7.K_3L.png,185824.12~A7.K_3R.png,train,/data5/chensx/MyProject/UAE/data/arrangement_merged/chr_03/185824.12~A7.K_3L.png,/data5/chensx/MyProject/UAE/data/arrangement_merged/chr_03/185824.12~A7.K_3R.png,0,2.387039157222685,,0.0031120777130126,0.311919220878705,chromosome
0,0.0030727982521057,185824,185824.13~A1.K_3,3,,normal,185824.13~A1.K_3L.png,185824.13~A1.K_3R.png,train,/data5/chensx/MyProject/UAE/data/arrangement_merged/chr_03/185824.13~A1.K_3L.png,/data5/chensx/MyProject/UAE/data/arrangement_merged/chr_03/185824.13~A1.K_3R.png,0,2.3358515755801568,,0.0030727982521057,0.20209078771147704,chromosome
0,0.0022859573364257,185824,185824.13~A14.K_3,3,,normal,185824.13~A14.K_3L.png,185824.13~A14.K_3R.png,train,/data5/chensx/MyProject/UAE/data/arrangement_merged/chr_03/185824.13~A14.K_3L.png,/data5/chensx/MyProject/UAE/data/arrangement_merged/chr_03/185824.13~A14.K_3R.png,0,1.3104687754845306,,0.0022859573364257,-1.997977719486919,chromosome
0,0.0031359791755676,185824,185824.13~A5.K_3,3,,normal,185824.13~A5.K_3L.png,185824.13~A5.K_3R.png,train,/data5/chensx/MyProject/UAE/data/arrangement_merged/chr_03/185824.13~A5.K_3L.png,/data5/chensx/MyProject/UAE/data/arrangement_merged/chr_03/185824.13~A5.K_3R.png,0,2.4181866841402173,,0.0031359791755676,0.3787495724724486,chromosome
0,0.0026453137397766,185824,185824.1~A10.K_3,3,,normal,185824.1~A10.K_3L.png,185824.1~A10.K_3R.png,train,/data5/chensx/MyProject/UAE/data/arrangement_merged/chr_03/185824.1~A10.K_3L.png,/data5/chensx/MyProject/UAE/data/arrangement_merged/chr_03/185824.1~A10.K_3R.png,0,1.778769124077556,,0.0026453137397766,-0.9931892163507506,chromosome
0,0.002465009689331,185824,185824.1~A11.K_3,3,,normal,185824.1~A11.K_3L.png,185824.1~A11.K_3R.png,train,/data5/chensx/MyProject/UAE/data/arrangement_merged/chr_03/185824.1~A11.K_3L.png,/data5/chensx/MyProject/UAE/data/arrangement_merged/chr_03/185824.1~A11.K_3R.png,0,1.5438033661585142,,0.002465009689331,-1.497333389843378,chromosome
0,0.0035642981529235,185824,185824.1~A18.K_3,3,,normal,185824.1~A18.K_3L.png,185824.1~A18.K_3R.png,train,/data5/chensx/MyProject/UAE/data/arrangement_merged/chr_03/185824.1~A18.K_3L.png,/data5/chensx/MyProject/UAE/data/arrangement_merged/chr_03/185824.1~A18.K_3R.png,1,2.9763565804728565,,0.0035642981529235,1.5763628057672137,chromosome
0,0.0034897923469543,185824,185824.1~A39.K_3,3,,normal,185824.1~A39.K_3L.png,185824.1~A39.K_3R.png,train,/data5/chensx/MyProject/UAE/data/arrangement_merged/chr_03/185824.1~A39.K_3L.png,/data5/chensx/MyProject/UAE/data/arrangement_merged/chr_03/185824.1~A39.K_3R.png,1,2.8792632920765584,,0.0034897923469543,1.3680387671340546,chromosome
0,0.0028542280197143,185824,185824.2~A10.K_3,3,,normal,185824.2~A10.K_3L.png,185824.2~A10.K_3R.png,train,/data5/chensx/MyProject/UAE/data/arrangement_merged/chr_03/185824.2~A10.K_3L.png,/data5/chensx/MyProject/UAE/data/arrangement_merged/chr_03/185824.2~A10.K_3R.png,0,2.051018704740776,,0.0028542280197143,-0.40904861202319376,chromosome
0,0.003443956375122,185824,185824.2~A11.K_3,3,,normal,185824.2~A11.K_3L.png,185824.2~A11.K_3R.png,train,/data5/chensx/MyProject/UAE/data/arrangement_merged/chr_03/185824.2~A11.K_3L.png,/data5/chensx/MyProject/UAE/data/arrangement_merged/chr_03/185824.2~A11.K_3R.png,1,2.819531501055156,,0.003443956375122,1.2398778185667998,chromosome
0,0.0027133226394653,185824,185824.2~A14.K_3,3,,normal,185824.2~A14.K_3L.png,185824.2~A14.K_3R.png,train,/data5/chensx/MyProject/UAE/data/arrangement_merged/chr_03/185824.2~A14.K_3L.png,/data5/chensx/MyProject/UAE/data/arrangement_merged/chr_03/185824.2~A14.K_3R.png,0,1.867395877725697,,0.0027133226394653,-0.8030310338863628,chromosome
0,0.0034563541412353,185824,185824.2~A17.K_3,3,,normal,185824.2~A17.K_3L.png,185824.2~A17.K_3R.png,train,/data5/chensx/MyProject/UAE/data/arrangement_merged/chr_03/185824.2~A17.K_3L.png,/data5/chensx/MyProject/UAE/data/arrangement_merged/chr_03/185824.2~A17.K_3R.png,1,2.8356878242442995,,0.0034563541412353,1.2745429385954274,chromosome
0,0.0023474097251892,185824,185824.2~A2.K_3,3,,normal,185824.2~A2.K_3L.png,185824.2~A2.K_3R.png,train,/data5/chensx/MyProject/UAE/data/arrangement_merged/chr_03/185824.2~A2.K_3L.png,/data5/chensx/MyProject/UAE/data/arrangement_merged/chr_03/185824.2~A2.K_3R.png,0,1.3905513197537973,,0.0023474097251892,-1.8261520524219992,chromosome
0,0.0023928880691528,185824,185824.2~A25.K_3,3,,normal,185824.2~A25.K_3L.png,185824.2~A25.K_3R.png,train,/data5/chensx/MyProject/UAE/data/arrangement_merged/chr_03/185824.2~A25.K_3L.png,/data5/chensx/MyProject/UAE/data/arrangement_merged/chr_03/185824.2~A25.K_3R.png,0,1.4498170629908975,,0.0023928880691528,-1.6989910592403172,chromosome
0,0.0034286975860595,185824,185824.2~A27.K_3,3,,normal,185824.2~A27.K_3L.png,185824.2~A27.K_3R.png,train,/data5/chensx/MyProject/UAE/data/arrangement_merged/chr_03/185824.2~A27.K_3L.png,/data5/chensx/MyProject/UAE/data/arrangement_merged/chr_03/185824.2~A27.K_3R.png,1,2.799646795591594,,0.0034286975860595,1.1972130554547067,chromosome
0,0.0030031204223632,185824,185824.2~A7.K_3,3,,normal,185824.2~A7.K_3L.png,185824.2~A7.K_3R.png,train,/data5/chensx/MyProject/UAE/data/arrangement_merged/chr_03/185824.2~A7.K_3L.png,/data5/chensx/MyProject/UAE/data/arrangement_merged/chr_03/185824.2~A7.K_3R.png,0,2.2450499322719386,,0.0030031204223632,0.007266146781455395,chromosome
0,0.002466857433319,185824,185824.2~A8.K_3,3,,normal,185824.2~A8.K_3L.png,185824.2~A8.K_3R.png,train,/data5/chensx/MyProject/UAE/data/arrangement_merged/chr_03/185824.2~A8.K_3L.png,/data5/chensx/MyProject/UAE/data/arrangement_merged/chr_03/185824.2~A8.K_3R.png,0,1.5462112797107426,,0.002466857433319,-1.4921669536853772,chromosome
0,0.0031336545944213,185824,185824.2~A9.K_3,3,,normal,185824.2~A9.K_3L.png,185824.2~A9.K_3R.png,train,/data5/chensx/MyProject/UAE/data/arrangement_merged/chr_03/185824.2~A9.K_3L.png,/data5/chensx/MyProject/UAE/data/arrangement_merged/chr_03/185824.2~A9.K_3R.png,0,2.415157373542253,,0.0031336545944213,0.3722498624669234,chromosome
0,0.003374695777893,185824,185824.3~A18.K_3,3,,normal,185824.3~A18.K_3L.png,185824.3~A18.K_3R.png,train,/data5/chensx/MyProject/UAE/data/arrangement_merged/chr_03/185824.3~A18.K_3L.png,/data5/chensx/MyProject/UAE/data/arrangement_merged/chr_03/185824.3~A18.K_3R.png,0,2.7292735801619568,,0.003374695777893,1.0462197922533256,chromosome
0,0.0034009218215942,185824,185824.3~A2.K_3,3,,normal,185824.3~A2.K_3L.png,185824.3~A2.K_3R.png,train,/data5/chensx/MyProject/UAE/data/arrangement_merged/chr_03/185824.3~A2.K_3L.png,/data5/chensx/MyProject/UAE/data/arrangement_merged/chr_03/185824.3~A2.K_3R.png,0,2.7634504176774537,,0.0034009218215942,1.1195498538523143,chromosome
0,0.0031733512878417,185824,185824.3~A28.K_3,3,,normal,185824.3~A28.K_3L.png,185824.3~A28.K_3R.png,train,/data5/chensx/MyProject/UAE/data/arrangement_merged/chr_03/185824.3~A28.K_3L.png,/data5/chensx/MyProject/UAE/data/arrangement_merged/chr_03/185824.3~A28.K_3R.png,0,2.4668886775998007,,0.0031733512878417,0.4832449102507001,chromosome
0,0.0027961134910583,185824,185824.3~A41.K_3,3,,normal,185824.3~A41.K_3L.png,185824.3~A41.K_3R.png,train,/data5/chensx/MyProject/UAE/data/arrangement_merged/chr_03/185824.3~A41.K_3L.png,/data5/chensx/MyProject/UAE/data/arrangement_merged/chr_03/185824.3~A41.K_3R.png,0,1.975285939791664,,0.0027961134910583,-0.571541362157125,chromosome
0,0.0034626126289367,185824,185824.3~A43.K_3,3,,normal,185824.3~A43.K_3L.png,185824.3~A43.K_3R.png,train,/data5/chensx/MyProject/UAE/data/arrangement_merged/chr_03/185824.3~A43.K_3L.png,/data5/chensx/MyProject/UAE/data/arrangement_merged/chr_03/185824.3~A43.K_3R.png,1,2.843843660469589,,0.0034626126289367,1.292042157840577,chromosome
0,0.0029252171516418,185824,185824.3~A46.K_3,3,,normal,185824.3~A46.K_3L.png,185824.3~A46.K_3R.png,train,/data5/chensx/MyProject/UAE/data/arrangement_merged/chr_03/185824.3~A46.K_3L.png,/data5/chensx/MyProject/UAE/data/arrangement_merged/chr_03/185824.3~A46.K_3R.png,0,2.1435291899247693,,0.0029252171516418,-0.21055746801338912,chromosome
0,0.0035170912742614,186193,186193.11~A23.K_3,3,,normal,186193.11~A23.K_3L.png,186193.11~A23.K_3R.png,train,/data5/chensx/MyProject/UAE/data/arrangement_merged/chr_03/186193.11~A23.K_3L.png,/data5/chensx/MyProject/UAE/data/arrangement_merged/chr_03/186193.11~A23.K_3R.png,1,2.7217670408221952,,0.0035170912742614,1.4443686948892025,chromosome
0,0.0027686357498168,186193,186193.12~A4.K_3,3,,normal,186193.12~A4.K_3L.png,186193.12~A4.K_3R.png,train,/data5/chensx/MyProject/UAE/data/arrangement_merged/chr_03/186193.12~A4.K_3L.png,/data5/chensx/MyProject/UAE/data/arrangement_merged/chr_03/186193.12~A4.K_3R.png,0,1.791016133148868,,0.0027686357498168,-0.6483712676052,chromosome
0,0.0028256773948669,186193,186193.13~A11.K_3,3,,normal,186193.13~A11.K_3L.png,186193.13~A11.K_3R.png,train,/data5/chensx/MyProject/UAE/data/arrangement_merged/chr_03/186193.13~A11.K_3L.png,/data5/chensx/MyProject/UAE/data/arrangement_merged/chr_03/186193.13~A11.K_3R.png,0,1.861950959830669,,0.0028256773948669,-0.4888783836274277,chromosome
0,0.003049612045288,186193,186193.13~A22.K_3,3,,normal,186193.13~A22.K_3L.png,186193.13~A22.K_3R.png,train,/data5/chensx/MyProject/UAE/data/arrangement_merged/chr_03/186193.13~A22.K_3L.png,/data5/chensx/MyProject/UAE/data/arrangement_merged/chr_03/186193.13~A22.K_3R.png,0,2.140427599165597,,0.003049612045288,0.13726034688860064,chromosome
0,0.0034421682357788,186193,186193.13~A4.K_3,3,,normal,186193.13~A4.K_3L.png,186193.13~A4.K_3R.png,train,/data5/chensx/MyProject/UAE/data/arrangement_merged/chr_03/186193.13~A4.K_3L.png,/data5/chensx/MyProject/UAE/data/arrangement_merged/chr_03/186193.13~A4.K_3R.png,1,2.6285955913561305,,0.0034421682357788,1.2348780416397735,chromosome
0,0.0030214786529541,186193,186193.13~A41.K_3,3,,normal,186193.13~A41.K_3L.png,186193.13~A41.K_3R.png,train,/data5/chensx/MyProject/UAE/data/arrangement_merged/chr_03/186193.13~A41.K_3L.png,/data5/chensx/MyProject/UAE/data/arrangement_merged/chr_03/186193.13~A41.K_3R.png,0,2.105441979318355,,0.0030214786529541,0.05859718990091428,chromosome
0,0.0030227899551391,186193,186193.13~A5.K_3,3,,normal,186193.13~A5.K_3L.png,186193.13~A5.K_3R.png,train,/data5/chensx/MyProject/UAE/data/arrangement_merged/chr_03/186193.13~A5.K_3L.png,/data5/chensx/MyProject/UAE/data/arrangement_merged/chr_03/186193.13~A5.K_3R.png,0,2.107072664989201,,0.0030227899551391,0.06226369298069608,chromosome
0,0.003143310546875,186193,186193.1~A34.K_3,3,,normal,186193.1~A34.K_3L.png,186193.1~A34.K_3R.png,train,/data5/chensx/MyProject/UAE/data/arrangement_merged/chr_03/186193.1~A34.K_3L.png,/data5/chensx/MyProject/UAE/data/arrangement_merged/chr_03/186193.1~A34.K_3R.png,0,2.256947502555138,,0.003143310546875,0.3992486578740373,chromosome
0,0.0027109384536743,186193,186193.1~A38.K_3,3,,normal,186193.1~A38.K_3L.png,186193.1~A38.K_3R.png,train,/data5/chensx/MyProject/UAE/data/arrangement_merged/chr_03/186193.1~A38.K_3L.png,/data5/chensx/MyProject/UAE/data/arrangement_merged/chr_03/186193.1~A38.K_3R.png,0,1.719265963631644,,0.0027109384536743,-0.8096974031225836,chromosome
0,0.0026724338531494,186193,186193.1~A44.K_3,3,,normal,186193.1~A44.K_3L.png,186193.1~A44.K_3R.png,train,/data5/chensx/MyProject/UAE/data/arrangement_merged/chr_03/186193.1~A44.K_3L.png,/data5/chensx/MyProject/UAE/data/arrangement_merged/chr_03/186193.1~A44.K_3R.png,0,1.6713831025695298,,0.0026724338531494,-0.9173592662882487,chromosome
0,0.0034655928611755,186193,186193.1~A8.K_3,3,,normal,186193.1~A8.K_3L.png,186193.1~A8.K_3R.png,train,/data5/chensx/MyProject/UAE/data/arrangement_merged/chr_03/186193.1~A8.K_3L.png,/data5/chensx/MyProject/UAE/data/arrangement_merged/chr_03/186193.1~A8.K_3R.png,1,2.657725567203516,,0.0034655928611755,1.3003751193859925,chromosome
0,0.002812385559082,186193,186193.2~A1.K_3,3,,normal,186193.2~A1.K_3L.png,186193.2~A1.K_3R.png,train,/data5/chensx/MyProject/UAE/data/arrangement_merged/chr_03/186193.2~A1.K_3L.png,/data5/chensx/MyProject/UAE/data/arrangement_merged/chr_03/186193.2~A1.K_3R.png,0,1.8454217368943664,,0.002812385559082,-0.5260433921195686,chromosome
0,0.0035688281059265,186193,186193.2~A12.K_3,3,,normal,186193.2~A12.K_3L.png,186193.2~A12.K_3R.png,train,/data5/chensx/MyProject/UAE/data/arrangement_merged/chr_03/186193.2~A12.K_3L.png,/data5/chensx/MyProject/UAE/data/arrangement_merged/chr_03/186193.2~A12.K_3R.png,1,2.7861050027446645,,0.0035688281059265,1.5890289073163129,chromosome
0,0.0032256245613098,186193,186193.2~A14.K_3,3,,normal,186193.2~A14.K_3L.png,186193.2~A14.K_3R.png,train,/data5/chensx/MyProject/UAE/data/arrangement_merged/chr_03/186193.2~A14.K_3L.png,/data5/chensx/MyProject/UAE/data/arrangement_merged/chr_03/186193.2~A14.K_3R.png,0,2.359310089438698,,0.0032256245613098,0.6294050557560306,chromosome
0,0.0031080842018127,186193,186193.2~A15.K_3,3,,normal,186193.2~A15.K_3L.png,186193.2~A15.K_3R.png,train,/data5/chensx/MyProject/UAE/data/arrangement_merged/chr_03/186193.2~A15.K_3L.png,/data5/chensx/MyProject/UAE/data/arrangement_merged/chr_03/186193.2~A15.K_3R.png,0,2.213141355670139,,0.0031080842018127,0.30075305240810496,chromosome
0,0.0032817721366882,186193,186193.2~A24.K_3,3,,normal,186193.2~A24.K_3L.png,186193.2~A24.K_3R.png,train,/data5/chensx/MyProject/UAE/data/arrangement_merged/chr_03/186193.2~A24.K_3L.png,/data5/chensx/MyProject/UAE/data/arrangement_merged/chr_03/186193.2~A24.K_3R.png,0,2.429133084981286,,0.0032817721366882,0.7863980512700096,chromosome
0,0.0032047033309936,186193,186193.2~A3.K_3,3,,normal,186193.2~A3.K_3L.png,186193.2~A3.K_3R.png,train,/data5/chensx/MyProject/UAE/data/arrangement_merged/chr_03/186193.2~A3.K_3L.png,/data5/chensx/MyProject/UAE/data/arrangement_merged/chr_03/186193.2~A3.K_3R.png,0,2.3332932407811096,,0.0032047033309936,0.5709076657077026,chromosome
0,0.0032182931900024,186193,186193.2~A37.K_3,3,,normal,186193.2~A37.K_3L.png,186193.2~A37.K_3R.png,train,/data5/chensx/MyProject/UAE/data/arrangement_merged/chr_03/186193.2~A37.K_3L.png,/data5/chensx/MyProject/UAE/data/arrangement_merged/chr_03/186193.2~A37.K_3R.png,0,2.35019307409715,,0.0032182931900024,0.6089059703544419,chromosome
0,0.0032369494438171,186193,186193.2~A4.K_3,3,,normal,186193.2~A4.K_3L.png,186193.2~A4.K_3R.png,train,/data5/chensx/MyProject/UAE/data/arrangement_merged/chr_03/186193.2~A4.K_3L.png,/data5/chensx/MyProject/UAE/data/arrangement_merged/chr_03/186193.2~A4.K_3R.png,0,2.373393283868732,,0.0032369494438171,0.6610703096282192,chromosome
0,0.0029101967811584,186193,186193.2~A42.K_3,3,,normal,186193.2~A42.K_3L.png,186193.2~A42.K_3R.png,train,/data5/chensx/MyProject/UAE/data/arrangement_merged/chr_03/186193.2~A42.K_3L.png,/data5/chensx/MyProject/UAE/data/arrangement_merged/chr_03/186193.2~A42.K_3R.png,0,1.967056063524288,,0.0029101967811584,-0.2525555942018606,chromosome
0,0.003509521484375,186193,186193.2~A44.K_3,3,,normal,186193.2~A44.K_3L.png,186193.2~A44.K_3R.png,train,/data5/chensx/MyProject/UAE/data/arrangement_merged/chr_03/186193.2~A44.K_3L.png,/data5/chensx/MyProject/UAE/data/arrangement_merged/chr_03/186193.2~A44.K_3R.png,1,2.712353537176857,,0.003509521484375,1.423202972564271,chromosome
0,0.0031337738037109,186193,186193.2~A46.K_3,3,,normal,186193.2~A46.K_3L.png,186193.2~A46.K_3R.png,train,/data5/chensx/MyProject/UAE/data/arrangement_merged/chr_03/186193.2~A46.K_3L.png,/data5/chensx/MyProject/UAE/data/arrangement_merged/chr_03/186193.2~A46.K_3R.png,0,2.2450879704035307,,0.0031337738037109,0.3725831809288748,chromosome
0,0.0032336711883544,186193,186193.2~A48.K_3,3,,normal,186193.2~A48.K_3L.png,186193.2~A48.K_3R.png,train,/data5/chensx/MyProject/UAE/data/arrangement_merged/chr_03/186193.2~A48.K_3L.png,/data5/chensx/MyProject/UAE/data/arrangement_merged/chr_03/186193.2~A48.K_3R.png,0,2.369316569691617,,0.0032336711883544,0.6519040519282051,chromosome
0,0.0029851794242858,186193,186193.2~A5.K_3,3,,normal,186193.2~A5.K_3L.png,186193.2~A5.K_3R.png,train,/data5/chensx/MyProject/UAE/data/arrangement_merged/chr_03/186193.2~A5.K_3L.png,/data5/chensx/MyProject/UAE/data/arrangement_merged/chr_03/186193.2~A5.K_3R.png,0,2.0603016350663004,,0.0029851794242858,-0.042898281721455905,chromosome
0,0.0029630661010742,186193,186193.2~A50.K_3,3,,normal,186193.2~A50.K_3L.png,186193.2~A50.K_3R.png,train,/data5/chensx/MyProject/UAE/data/arrangement_merged/chr_03/186193.2~A50.K_3L.png,/data5/chensx/MyProject/UAE/data/arrangement_merged/chr_03/186193.2~A50.K_3R.png,0,2.032802344889761,,0.0029630661010742,-0.10472885638761431,chromosome
0,0.0034728050231933,186193,186193.2~A7.K_3,3,,normal,186193.2~A7.K_3L.png,186193.2~A7.K_3R.png,train,/data5/chensx/MyProject/UAE/data/arrangement_merged/chr_03/186193.2~A7.K_3L.png,/data5/chensx/MyProject/UAE/data/arrangement_merged/chr_03/186193.2~A7.K_3R.png,1,2.6666943383931687,,0.0034728050231933,1.320540886325631,chromosome
0,0.0027796626091003,186193,186193.3~A15.K_3,3,,normal,186193.3~A15.K_3L.png,186193.3~A15.K_3R.png,train,/data5/chensx/MyProject/UAE/data/arrangement_merged/chr_03/186193.3~A15.K_3L.png,/data5/chensx/MyProject/UAE/data/arrangement_merged/chr_03/186193.3~A15.K_3R.png,0,1.804728717199164,,0.0027796626091003,-0.6175393098873285,chromosome
0,0.0027737617492675,186193,186193.3~A6.K_3,3,,normal,186193.3~A6.K_3L.png,186193.3~A6.K_3R.png,train,/data5/chensx/MyProject/UAE/data/arrangement_merged/chr_03/186193.3~A6.K_3L.png,/data5/chensx/MyProject/UAE/data/arrangement_merged/chr_03/186193.3~A6.K_3R.png,0,1.797390631680357,,0.0027737617492675,-0.6340385737471851,chromosome
0,0.0028408169746398,Q242362,Q242362.11~A39.K_3,3,,normal,Q242362.11~A39.K_3L.png,Q242362.11~A39.K_3R.png,train,/data5/chensx/MyProject/UAE/data/arrangement_merged/chr_03/Q242362.11~A39.K_3L.png,/data5/chensx/MyProject/UAE/data/arrangement_merged/chr_03/Q242362.11~A39.K_3R.png,0,1.9997904388467127,,0.0028408169746398,-0.44654693897728487,chromosome
0,0.0031883716583251,Q242362,Q242362.12~A25.K_3,3,,normal,Q242362.12~A25.K_3L.png,Q242362.12~A25.K_3R.png,train,/data5/chensx/MyProject/UAE/data/arrangement_merged/chr_03/Q242362.12~A25.K_3L.png,/data5/chensx/MyProject/UAE/data/arrangement_merged/chr_03/Q242362.12~A25.K_3R.png,0,2.456249133805529,,0.0031883716583251,0.5252430364391704,chromosome
0,0.0030064582824707,Q242362,Q242362.12~A30.K_3,3,,normal,Q242362.12~A30.K_3L.png,Q242362.12~A30.K_3R.png,train,/data5/chensx/MyProject/UAE/data/arrangement_merged/chr_03/Q242362.12~A30.K_3L.png,/data5/chensx/MyProject/UAE/data/arrangement_merged/chr_03/Q242362.12~A30.K_3R.png,0,2.2173343787010347,,0.0030064582824707,0.016599063712444025,chromosome
0,0.0025779604911804,Q242362,Q242362.12~A6.K_3,3,,normal,Q242362.12~A6.K_3L.png,Q242362.12~A6.K_3R.png,train,/data5/chensx/MyProject/UAE/data/arrangement_merged/chr_03/Q242362.12~A6.K_3L.png,/data5/chensx/MyProject/UAE/data/arrangement_merged/chr_03/Q242362.12~A6.K_3R.png,0,1.6545695771131552,,0.0025779604911804,-1.1815141472752482,chromosome
0,0.0028114318847656,Q242362,Q242362.13~A12.K_3,3,,normal,Q242362.13~A12.K_3L.png,Q242362.13~A12.K_3R.png,train,/data5/chensx/MyProject/UAE/data/arrangement_merged/chr_03/Q242362.13~A12.K_3L.png,/data5/chensx/MyProject/UAE/data/arrangement_merged/chr_03/Q242362.13~A12.K_3R.png,0,1.961197721197134,,0.0028114318847656,-0.5287099398140575,chromosome
0,0.0031535625457763,Q242362,Q242362.13~A3.K_3,3,,normal,Q242362.13~A3.K_3L.png,Q242362.13~A3.K_3R.png,train,/data5/chensx/MyProject/UAE/data/arrangement_merged/chr_03/Q242362.13~A3.K_3L.png,/data5/chensx/MyProject/UAE/data/arrangement_merged/chr_03/Q242362.13~A3.K_3R.png,0,2.410532811072559,,0.0031535625457763,0.42791404558978685,chromosome
0,0.0033942461013793,Q242362,Q242362.13~A33.K_3,3,,normal,Q242362.13~A33.K_3L.png,Q242362.13~A33.K_3R.png,train,/data5/chensx/MyProject/UAE/data/arrangement_merged/chr_03/Q242362.13~A33.K_3L.png,/data5/chensx/MyProject/UAE/data/arrangement_merged/chr_03/Q242362.13~A33.K_3R.png,0,2.7266330014762112,,0.0033942461013793,1.100884019990616,chromosome
0,0.0031914710998535,Q242362,Q242362.13~A6.K_3,3,,normal,Q242362.13~A6.K_3L.png,Q242362.13~A6.K_3R.png,train,/data5/chensx/MyProject/UAE/data/arrangement_merged/chr_03/Q242362.13~A6.K_3L.png,/data5/chensx/MyProject/UAE/data/arrangement_merged/chr_03/Q242362.13~A6.K_3R.png,0,2.460319765281752,,0.0031914710998535,0.5339093164465374,chromosome
0,0.0029553174972534,Q242362,Q242362.14~A13.K_3,3,,normal,Q242362.14~A13.K_3L.png,Q242362.14~A13.K_3R.png,train,/data5/chensx/MyProject/UAE/data/arrangement_merged/chr_03/Q242362.14~A13.K_3L.png,/data5/chensx/MyProject/UAE/data/arrangement_merged/chr_03/Q242362.14~A13.K_3R.png,0,2.150168959343349,,0.0029553174972534,-0.12639455640547165,chromosome
0,0.0031347870826721,Q242362,Q242362.14~A25.K_3,3,,normal,Q242362.14~A25.K_3L.png,Q242362.14~A25.K_3R.png,train,/data5/chensx/MyProject/UAE/data/arrangement_merged/chr_03/Q242362.14~A25.K_3L.png,/data5/chensx/MyProject/UAE/data/arrangement_merged/chr_03/Q242362.14~A25.K_3R.png,0,2.38587417809159,,0.0031347870826721,0.3754163878543382,chromosome
0,0.003153383731842,Q242362,Q242362.14~A29.K_3,3,,normal,Q242362.14~A29.K_3L.png,Q242362.14~A29.K_3R.png,train,/data5/chensx/MyProject/UAE/data/arrangement_merged/chr_03/Q242362.14~A29.K_3L.png,/data5/chensx/MyProject/UAE/data/arrangement_merged/chr_03/Q242362.14~A29.K_3R.png,0,2.41029796694893,,0.003153383731842,0.42741406789713976,chromosome
0,0.0031071901321411,Q242362,Q242362.14~A36.K_3,3,,normal,Q242362.14~A36.K_3L.png,Q242362.14~A36.K_3R.png,train,/data5/chensx/MyProject/UAE/data/arrangement_merged/chr_03/Q242362.14~A36.K_3L.png,/data5/chensx/MyProject/UAE/data/arrangement_merged/chr_03/Q242362.14~A36.K_3R.png,0,2.3496299016782936,,0.0031071901321411,0.29825316394459184,chromosome
0,0.0035255551338195,Q242362,Q242362.14~A48.K_3,3,,normal,Q242362.14~A48.K_3L.png,Q242362.14~A48.K_3R.png,train,/data5/chensx/MyProject/UAE/data/arrangement_merged/chr_03/Q242362.14~A48.K_3L.png,/data5/chensx/MyProject/UAE/data/arrangement_merged/chr_03/Q242362.14~A48.K_3R.png,1,2.899086869593905,,0.0035255551338195,1.4680343056779257,chromosome
0,0.0025129914283752,Q242362,Q242362.1~A28.K_3,3,,normal,Q242362.1~A28.K_3L.png,Q242362.1~A28.K_3R.png,train,/data5/chensx/MyProject/UAE/data/arrangement_merged/chr_03/Q242362.1~A28.K_3L.png,/data5/chensx/MyProject/UAE/data/arrangement_merged/chr_03/Q242362.1~A28.K_3R.png,0,1.5692428788615502,,0.0025129914283752,-1.3631727089635248,chromosome
0,0.0033586025238037,Q242362,Q242362.1~A32.K_3,3,,normal,Q242362.1~A32.K_3L.png,Q242362.1~A32.K_3R.png,train,/data5/chensx/MyProject/UAE/data/arrangement_merged/chr_03/Q242362.1~A32.K_3L.png,/data5/chensx/MyProject/UAE/data/arrangement_merged/chr_03/Q242362.1~A32.K_3R.png,0,2.6798207394996427,,0.0033586025238037,1.0012217999086952,chromosome
0,0.0024084448814392,Q242362,Q242362.1~A4.K_3,3,,normal,Q242362.1~A4.K_3L.png,Q242362.1~A4.K_3R.png,train,/data5/chensx/MyProject/UAE/data/arrangement_merged/chr_03/Q242362.1~A4.K_3L.png,/data5/chensx/MyProject/UAE/data/arrangement_merged/chr_03/Q242362.1~A4.K_3R.png,0,1.4319373479135546,,0.0024084448814392,-1.655492999973627,chromosome
0,0.0028985738754272,Q242362,Q242362.1~A9.K_3,3,,normal,Q242362.1~A9.K_3L.png,Q242362.1~A9.K_3R.png,train,/data5/chensx/MyProject/UAE/data/arrangement_merged/chr_03/Q242362.1~A9.K_3L.png,/data5/chensx/MyProject/UAE/data/arrangement_merged/chr_03/Q242362.1~A9.K_3R.png,0,2.075645090778645,,0.0028985738754272,-0.2850541442286466,chromosome
0,0.0022492408752441,Q242362,Q242362.2~A14.K_3,3,,normal,Q242362.2~A14.K_3L.png,Q242362.2~A14.K_3R.png,train,/data5/chensx/MyProject/UAE/data/arrangement_merged/chr_03/Q242362.2~A14.K_3L.png,/data5/chensx/MyProject/UAE/data/arrangement_merged/chr_03/Q242362.2~A14.K_3R.png,0,1.222847796509851,,0.0022492408752441,-2.1006398057252804,chromosome
0,0.0034735798835754,Q242362,Q242362.2~A2.K_3,3,,normal,Q242362.2~A2.K_3L.png,Q242362.2~A2.K_3R.png,train,/data5/chensx/MyProject/UAE/data/arrangement_merged/chr_03/Q242362.2~A2.K_3L.png,/data5/chensx/MyProject/UAE/data/arrangement_merged/chr_03/Q242362.2~A2.K_3R.png,1,2.8308255109926206,,0.0034735798835754,1.3227074563274728,chromosome
0,0.0027447342872619,Q242362,Q242362.2~A7.K_3,3,,normal,Q242362.2~A7.K_3L.png,Q242362.2~A7.K_3R.png,train,/data5/chensx/MyProject/UAE/data/arrangement_merged/chr_03/Q242362.2~A7.K_3L.png,/data5/chensx/MyProject/UAE/data/arrangement_merged/chr_03/Q242362.2~A7.K_3R.png,0,1.873600863083789,,0.0027447342872619,-0.7152016191986635,chromosome
0,0.0032166242599487,Q242362,Q242362.2~A9.K_3,3,,normal,Q242362.2~A9.K_3L.png,Q242362.2~A9.K_3R.png,train,/data5/chensx/MyProject/UAE/data/arrangement_merged/chr_03/Q242362.2~A9.K_3L.png,/data5/chensx/MyProject/UAE/data/arrangement_merged/chr_03/Q242362.2~A9.K_3R.png,0,2.4933545053387958,,0.0032166242599487,0.6042395118890871,chromosome
0,0.0036568045616149,Q242362,Q242362.3~A15.K_3,3,,normal,Q242362.3~A15.K_3L.png,Q242362.3~A15.K_3R.png,train,/data5/chensx/MyProject/UAE/data/arrangement_merged/chr_03/Q242362.3~A15.K_3L.png,/data5/chensx/MyProject/UAE/data/arrangement_merged/chr_03/Q242362.3~A15.K_3R.png,1,3.071462456337056,,0.0036568045616149,1.835017932134261,chromosome
0,0.002845287322998,Q242362,Q242362.4~A30.K_3,3,,normal,Q242362.4~A30.K_3L.png,Q242362.4~A30.K_3R.png,train,/data5/chensx/MyProject/UAE/data/arrangement_merged/chr_03/Q242362.4~A30.K_3L.png,/data5/chensx/MyProject/UAE/data/arrangement_merged/chr_03/Q242362.4~A30.K_3R.png,0,2.00566154193742,,0.002845287322998,-0.43404749665916154,chromosome
0,0.0031453371047973,Q242362,Q242362.4~A42.K_3,3,,normal,Q242362.4~A42.K_3L.png,Q242362.4~A42.K_3R.png,train,/data5/chensx/MyProject/UAE/data/arrangement_merged/chr_03/Q242362.4~A42.K_3L.png,/data5/chensx/MyProject/UAE/data/arrangement_merged/chr_03/Q242362.4~A42.K_3R.png,0,2.3997299813856583,,0.0031453371047973,0.4049150717246851,chromosome
0,0.0025454759597778,Q242664,Q242664.11~A21.K_3,3,,normal,Q242664.11~A21.K_3L.png,Q242664.11~A21.K_3R.png,train,/data5/chensx/MyProject/UAE/data/arrangement_merged/chr_03/Q242664.11~A21.K_3L.png,/data5/chensx/MyProject/UAE/data/arrangement_merged/chr_03/Q242664.11~A21.K_3R.png,0,1.7292009610917896,,0.0025454759597778,-1.2723434281193866,chromosome
0,0.0027385354042053,Q242664,Q242664.12~A1.K_3,3,,normal,Q242664.12~A1.K_3L.png,Q242664.12~A1.K_3R.png,train,/data5/chensx/MyProject/UAE/data/arrangement_merged/chr_03/Q242664.12~A1.K_3L.png,/data5/chensx/MyProject/UAE/data/arrangement_merged/chr_03/Q242664.12~A1.K_3R.png,0,1.9905113615687595,,0.0027385354042053,-0.7325341792128374,chromosome
0,0.0032883882522583,Q242664,Q242664.12~A16.K_3,3,,normal,Q242664.12~A16.K_3L.png,Q242664.12~A16.K_3R.png,train,/data5/chensx/MyProject/UAE/data/arrangement_merged/chr_03/Q242664.12~A16.K_3L.png,/data5/chensx/MyProject/UAE/data/arrangement_merged/chr_03/Q242664.12~A16.K_3R.png,0,2.734749843939876,,0.0032883882522583,0.8048972259007323,chromosome
0,0.0030152797698974,Q242664,Q242664.12~A19.K_3,3,,normal,Q242664.12~A19.K_3L.png,Q242664.12~A19.K_3R.png,train,/data5/chensx/MyProject/UAE/data/arrangement_merged/chr_03/Q242664.12~A19.K_3L.png,/data5/chensx/MyProject/UAE/data/arrangement_merged/chr_03/Q242664.12~A19.K_3R.png,0,2.365091228630992,,0.0030152797698974,0.04126462988646035,chromosome
0,0.0030901432037353,Q242664,Q242664.12~A22.K_3,3,,normal,Q242664.12~A22.K_3L.png,Q242664.12~A22.K_3R.png,train,/data5/chensx/MyProject/UAE/data/arrangement_merged/chr_03/Q242664.12~A22.K_3L.png,/data5/chensx/MyProject/UAE/data/arrangement_merged/chr_03/Q242664.12~A22.K_3R.png,0,2.4664206089950165,,0.0030901432037353,0.25058862390519365,chromosome
0,0.0030606389045715,Q242664,Q242664.12~A24.K_3,3,,normal,Q242664.12~A24.K_3L.png,Q242664.12~A24.K_3R.png,train,/data5/chensx/MyProject/UAE/data/arrangement_merged/chr_03/Q242664.12~A24.K_3L.png,/data5/chensx/MyProject/UAE/data/arrangement_merged/chr_03/Q242664.12~A24.K_3R.png,0,2.4264858611604687,,0.0030606389045715,0.16809230460647087,chromosome
0,0.0025548934936523,Q242664,Q242664.12~A29.K_3,3,,normal,Q242664.12~A29.K_3L.png,Q242664.12~A29.K_3R.png,train,/data5/chensx/MyProject/UAE/data/arrangement_merged/chr_03/Q242664.12~A29.K_3L.png,/data5/chensx/MyProject/UAE/data/arrangement_merged/chr_03/Q242664.12~A29.K_3R.png,0,1.7419478098955443,,0.0025548934936523,-1.2460112696361745,chromosome
0,0.003175139427185,Q242664,Q242664.12~A34.K_3,3,,normal,Q242664.12~A34.K_3L.png,Q242664.12~A34.K_3R.png,train,/data5/chensx/MyProject/UAE/data/arrangement_merged/chr_03/Q242664.12~A34.K_3L.png,/data5/chensx/MyProject/UAE/data/arrangement_merged/chr_03/Q242664.12~A34.K_3R.png,0,2.5814649532618144,,0.003175139427185,0.48824468717800523,chromosome
0,0.0031920075416564,Q242664,Q242664.12~A37.K_3,3,,normal,Q242664.12~A37.K_3L.png,Q242664.12~A37.K_3R.png,train,/data5/chensx/MyProject/UAE/data/arrangement_merged/chr_03/Q242664.12~A37.K_3L.png,/data5/chensx/MyProject/UAE/data/arrangement_merged/chr_03/Q242664.12~A37.K_3R.png,0,2.6042963343470205,,0.0031920075416564,0.5354092495244774,chromosome
0,0.0027129650115966,Q242664,Q242664.12~A8.K_3,3,,normal,Q242664.12~A8.K_3L.png,Q242664.12~A8.K_3R.png,train,/data5/chensx/MyProject/UAE/data/arrangement_merged/chr_03/Q242664.12~A8.K_3L.png,/data5/chensx/MyProject/UAE/data/arrangement_merged/chr_03/Q242664.12~A8.K_3R.png,0,1.9559012467788184,,0.0027129650115966,-0.8040309892719358,chromosome
0,0.0030676126480102,Q242664,Q242664.13~A20.K_3,3,,normal,Q242664.13~A20.K_3L.png,Q242664.13~A20.K_3R.png,train,/data5/chensx/MyProject/UAE/data/arrangement_merged/chr_03/Q242664.13~A20.K_3L.png,/data5/chensx/MyProject/UAE/data/arrangement_merged/chr_03/Q242664.13~A20.K_3R.png,0,2.435924983375908,,0.0030676126480102,0.18759143462248767,chromosome
0,0.0026071071624755,Q242664,Q242664.13~A32.K_3,3,,normal,Q242664.13~A32.K_3L.png,Q242664.13~A32.K_3R.png,train,/data5/chensx/MyProject/UAE/data/arrangement_merged/chr_03/Q242664.13~A32.K_3L.png,/data5/chensx/MyProject/UAE/data/arrangement_merged/chr_03/Q242664.13~A32.K_3R.png,0,1.812620212123956,,0.0026071071624755,-1.1000177833620985,chromosome
0,0.0025528669357299,Q242664,Q242664.13~A33.K_3,3,,normal,Q242664.13~A33.K_3L.png,Q242664.13~A33.K_3R.png,train,/data5/chensx/MyProject/UAE/data/arrangement_merged/chr_03/Q242664.13~A33.K_3L.png,/data5/chensx/MyProject/UAE/data/arrangement_merged/chr_03/Q242664.13~A33.K_3R.png,0,1.7392048171149894,,0.0025528669357299,-1.2516776834871024,chromosome
0,0.0032281875610351,Q242664,Q242664.13~A42.K_3,3,,normal,Q242664.13~A42.K_3L.png,Q242664.13~A42.K_3R.png,train,/data5/chensx/MyProject/UAE/data/arrangement_merged/chr_03/Q242664.13~A42.K_3L.png,/data5/chensx/MyProject/UAE/data/arrangement_merged/chr_03/Q242664.13~A42.K_3R.png,0,2.6532668231057484,,0.0032281875610351,0.6365714026848973,chromosome
0,0.0026330351829528,Q242664,Q242664.13~A50.K_3,3,,normal,Q242664.13~A50.K_3L.png,Q242664.13~A50.K_3R.png,train,/data5/chensx/MyProject/UAE/data/arrangement_merged/chr_03/Q242664.13~A50.K_3L.png,/data5/chensx/MyProject/UAE/data/arrangement_merged/chr_03/Q242664.13~A50.K_3R.png,0,1.847714384463407,,0.0026330351829528,-1.027521017917707,chromosome
0,0.00285005569458,Q242664,Q242664.14~A47.K_3,3,,normal,Q242664.14~A47.K_3L.png,Q242664.14~A47.K_3R.png,train,/data5/chensx/MyProject/UAE/data/arrangement_merged/chr_03/Q242664.14~A47.K_3L.png,/data5/chensx/MyProject/UAE/data/arrangement_merged/chr_03/Q242664.14~A47.K_3R.png,0,2.141456640757525,,0.00285005569458,-0.4207147581867198,chromosome
0,0.0024065375328063,Q242664,Q242664.1~A14.K_3,3,,normal,Q242664.1~A14.K_3L.png,Q242664.1~A14.K_3R.png,train,/data5/chensx/MyProject/UAE/data/arrangement_merged/chr_03/Q242664.1~A14.K_3L.png,/data5/chensx/MyProject/UAE/data/arrangement_merged/chr_03/Q242664.1~A14.K_3R.png,0,1.541144603107283,,0.0024065375328063,-1.6608260953628824,chromosome
0,0.002729058265686,Q242664,Q242664.2~A1.K_3,3,,normal,Q242664.2~A1.K_3L.png,Q242664.2~A1.K_3R.png,train,/data5/chensx/MyProject/UAE/data/arrangement_merged/chr_03/Q242664.2~A1.K_3L.png,/data5/chensx/MyProject/UAE/data/arrangement_merged/chr_03/Q242664.2~A1.K_3R.png,0,1.9776838365067533,,0.002729058265686,-0.7590329969270253,chromosome
0,0.0025852918624877,Q242664,Q242664.2~A10.K_3,3,,normal,Q242664.2~A10.K_3L.png,Q242664.2~A10.K_3R.png,train,/data5/chensx/MyProject/UAE/data/arrangement_merged/chr_03/Q242664.2~A10.K_3L.png,/data5/chensx/MyProject/UAE/data/arrangement_merged/chr_03/Q242664.2~A10.K_3R.png,0,1.7830927016038662,,0.0025852918624877,-1.1610150618739385,chromosome
0,0.003555417060852,Q242664,Q242664.2~A30.K_3,3,,normal,Q242664.2~A30.K_3L.png,Q242664.2~A30.K_3R.png,train,/data5/chensx/MyProject/UAE/data/arrangement_merged/chr_03/Q242664.2~A30.K_3L.png,/data5/chensx/MyProject/UAE/data/arrangement_merged/chr_03/Q242664.2~A30.K_3R.png,1,3.096179480907096,,0.003555417060852,1.5515305803622217,chromosome
0,0.0024837851524353,Q242664,Q242664.2~A32.K_3,3,,normal,Q242664.2~A32.K_3L.png,Q242664.2~A32.K_3R.png,train,/data5/chensx/MyProject/UAE/data/arrangement_merged/chr_03/Q242664.2~A32.K_3L.png,/data5/chensx/MyProject/UAE/data/arrangement_merged/chr_03/Q242664.2~A32.K_3R.png,0,1.6457010338013716,,0.0024837851524353,-1.4448357321076493,chromosome
0,0.0029025077819824,Q242664,Q242664.2~A6.K_3,3,,normal,Q242664.2~A6.K_3L.png,Q242664.2~A6.K_3R.png,train,/data5/chensx/MyProject/UAE/data/arrangement_merged/chr_03/Q242664.2~A6.K_3L.png,/data5/chensx/MyProject/UAE/data/arrangement_merged/chr_03/Q242664.2~A6.K_3R.png,0,2.212451748018943,,0.0029025077819824,-0.27405463498874216,chromosome
0,0.0027679204940795,Q242664,Q242664.3~A19.K_3,3,,normal,Q242664.3~A19.K_3L.png,Q242664.3~A19.K_3R.png,train,/data5/chensx/MyProject/UAE/data/arrangement_merged/chr_03/Q242664.3~A19.K_3L.png,/data5/chensx/MyProject/UAE/data/arrangement_merged/chr_03/Q242664.3~A19.K_3R.png,0,2.030284756886804,,0.0027679204940795,-0.6503711783760661,chromosome
0,0.00242680311203,Q242664,Q242664.3~A29.K_3,3,,normal,Q242664.3~A29.K_3L.png,Q242664.3~A29.K_3R.png,train,/data5/chensx/MyProject/UAE/data/arrangement_merged/chr_03/Q242664.3~A29.K_3L.png,/data5/chensx/MyProject/UAE/data/arrangement_merged/chr_03/Q242664.3~A29.K_3R.png,0,1.568574530912831,,0.00242680311203,-1.604161956854447,chromosome
0,0.0033439397811889,Q242664,Q242664.3~A44.K_3,3,,normal,Q242664.3~A44.K_3L.png,Q242664.3~A44.K_3R.png,train,/data5/chensx/MyProject/UAE/data/arrangement_merged/chr_03/Q242664.3~A44.K_3L.png,/data5/chensx/MyProject/UAE/data/arrangement_merged/chr_03/Q242664.3~A44.K_3R.png,0,2.8099401166303783,,0.0033439397811889,0.9602236291055166,chromosome
0,0.0025385022163391,Q242664,Q242664.3~A48.K_3,3,,normal,Q242664.3~A48.K_3L.png,Q242664.3~A48.K_3R.png,train,/data5/chensx/MyProject/UAE/data/arrangement_merged/chr_03/Q242664.3~A48.K_3L.png,/data5/chensx/MyProject/UAE/data/arrangement_merged/chr_03/Q242664.3~A48.K_3R.png,0,1.7197618388763511,,0.0025385022163391,-1.2918425581354023,chromosome
0,0.0033223628997802,Q242664,Q242664.4~A14.K_3,3,,normal,Q242664.4~A14.K_3L.png,Q242664.4~A14.K_3R.png,train,/data5/chensx/MyProject/UAE/data/arrangement_merged/chr_03/Q242664.4~A14.K_3L.png,/data5/chensx/MyProject/UAE/data/arrangement_merged/chr_03/Q242664.4~A14.K_3R.png,0,2.780735311143294,,0.0033223628997802,0.8998929875172995,chromosome
0,0.0029739141464233,Q242664,Q242664.4~A34.K_3,3,,normal,Q242664.4~A34.K_3L.png,Q242664.4~A34.K_3R.png,train,/data5/chensx/MyProject/UAE/data/arrangement_merged/chr_03/Q242664.4~A34.K_3L.png,/data5/chensx/MyProject/UAE/data/arrangement_merged/chr_03/Q242664.4~A34.K_3R.png,0,2.3091019054043738,,0.0029739141464233,-0.07439687636267006,chromosome
0,0.0028585195541381,Q242664,Q242664.4~A41.K_3,3,,normal,Q242664.4~A41.K_3L.png,Q242664.4~A41.K_3R.png,train,/data5/chensx/MyProject/UAE/data/arrangement_merged/chr_03/Q242664.4~A41.K_3L.png,/data5/chensx/MyProject/UAE/data/arrangement_merged/chr_03/Q242664.4~A41.K_3R.png,0,2.152912669429253,,0.0028585195541381,-0.3970491473979964,chromosome
0,0.0032780170440673,Q242664,Q242664.4~A49.K_3,3,,normal,Q242664.4~A49.K_3L.png,Q242664.4~A49.K_3R.png,train,/data5/chensx/MyProject/UAE/data/arrangement_merged/chr_03/Q242664.4~A49.K_3L.png,/data5/chensx/MyProject/UAE/data/arrangement_merged/chr_03/Q242664.4~A49.K_3R.png,0,2.720712175004096,,0.0032780170440673,0.7758985197227524,chromosome
0,0.0031784772872924,Q250230,Q250230.11~A30.K_3,3,,normal,Q250230.11~A30.K_3L.png,Q250230.11~A30.K_3R.png,train,/data5/chensx/MyProject/UAE/data/arrangement_merged/chr_03/Q250230.11~A30.K_3L.png,/data5/chensx/MyProject/UAE/data/arrangement_merged/chr_03/Q250230.11~A30.K_3R.png,0,2.316932055430054,,0.0031784772872924,0.4975776041087137,chromosome
0,0.0033360719680786,Q250230,Q250230.12~A40.K_3,3,,normal,Q250230.12~A40.K_3L.png,Q250230.12~A40.K_3R.png,train,/data5/chensx/MyProject/UAE/data/arrangement_merged/chr_03/Q250230.12~A40.K_3L.png,/data5/chensx/MyProject/UAE/data/arrangement_merged/chr_03/Q250230.12~A40.K_3R.png,0,2.5141353265850457,,0.0033360719680786,0.9382246106259879,chromosome
0,0.0037777423858642,Q250230,Q250230.13~A45.K_3,3,,normal,Q250230.13~A45.K_3L.png,Q250230.13~A45.K_3R.png,train,/data5/chensx/MyProject/UAE/data/arrangement_merged/chr_03/Q250230.13~A45.K_3L.png,/data5/chensx/MyProject/UAE/data/arrangement_merged/chr_03/Q250230.13~A45.K_3R.png,1,3.0668116651850794,,0.0037777423858642,2.173169511643871,chromosome
0,0.0032019019126892,Q250230,Q250230.14~A21.K_3,3,,normal,Q250230.14~A21.K_3L.png,Q250230.14~A21.K_3R.png,train,/data5/chensx/MyProject/UAE/data/arrangement_merged/chr_03/Q250230.14~A21.K_3L.png,/data5/chensx/MyProject/UAE/data/arrangement_merged/chr_03/Q250230.14~A21.K_3R.png,0,2.346244039380096,,0.0032019019126892,0.5630746818552129,chromosome
0,0.0033078789710998,Q250230,Q250230.14~A43.K_3,3,,normal,Q250230.14~A43.K_3L.png,Q250230.14~A43.K_3R.png,train,/data5/chensx/MyProject/UAE/data/arrangement_merged/chr_03/Q250230.14~A43.K_3L.png,/data5/chensx/MyProject/UAE/data/arrangement_merged/chr_03/Q250230.14~A43.K_3R.png,0,2.478856526563748,,0.0033078789710998,0.8593947944070482,chromosome
0,0.003059983253479,Q250230,Q250230.15~A8.K_3,3,,normal,Q250230.15~A8.K_3L.png,Q250230.15~A8.K_3R.png,train,/data5/chensx/MyProject/UAE/data/arrangement_merged/chr_03/Q250230.15~A8.K_3L.png,/data5/chensx/MyProject/UAE/data/arrangement_merged/chr_03/Q250230.15~A8.K_3R.png,0,2.1686566760593564,,0.003059983253479,0.1662590530665806,chromosome
0,0.0029941201210021,Q250230,Q250230.1~A20.K_3,3,,normal,Q250230.1~A20.K_3L.png,Q250230.1~A20.K_3R.png,train,/data5/chensx/MyProject/UAE/data/arrangement_merged/chr_03/Q250230.1~A20.K_3L.png,/data5/chensx/MyProject/UAE/data/arrangement_merged/chr_03/Q250230.1~A20.K_3R.png,0,2.0862400290751406,,0.0029941201210021,-0.01789939708548812,chromosome
0,0.0032681226730346,Q250230,Q250230.2~A24.K_3,3,,normal,Q250230.2~A24.K_3L.png,Q250230.2~A24.K_3R.png,train,/data5/chensx/MyProject/UAE/data/arrangement_merged/chr_03/Q250230.2~A24.K_3L.png,/data5/chensx/MyProject/UAE/data/arrangement_merged/chr_03/Q250230.2~A24.K_3R.png,0,2.429108197569656,,0.0032681226730346,0.7482330873922957,chromosome
0,0.0030953288078308,Q250230,Q250230.2~A27.K_3,3,,normal,Q250230.2~A27.K_3L.png,Q250230.2~A27.K_3R.png,train,/data5/chensx/MyProject/UAE/data/arrangement_merged/chr_03/Q250230.2~A27.K_3L.png,/data5/chensx/MyProject/UAE/data/arrangement_merged/chr_03/Q250230.2~A27.K_3R.png,0,2.2128857001875373,,0.0030953288078308,0.26508797699418424,chromosome
0,0.0027735233306884,Q250230,Q250230.2~A38.K_3,3,,normal,Q250230.2~A38.K_3L.png,Q250230.2~A38.K_3R.png,train,/data5/chensx/MyProject/UAE/data/arrangement_merged/chr_03/Q250230.2~A38.K_3L.png,/data5/chensx/MyProject/UAE/data/arrangement_merged/chr_03/Q250230.2~A38.K_3R.png,0,1.8102002005786864,,0.0027735233306884,-0.634705210670808,chromosome
0,0.0028806924819946,Q250230,Q250230.4~A35.K_3,3,,normal,Q250230.4~A35.K_3L.png,Q250230.4~A35.K_3R.png,train,/data5/chensx/MyProject/UAE/data/arrangement_merged/chr_03/Q250230.4~A35.K_3L.png,/data5/chensx/MyProject/UAE/data/arrangement_merged/chr_03/Q250230.4~A35.K_3R.png,0,1.9443043917801524,,0.0028806924819946,-0.3350519135005834,chromosome
0,0.0031378269195556,Q250230,Q250230.5~A21.K_3,3,,normal,Q250230.5~A21.K_3L.png,Q250230.5~A21.K_3R.png,train,/data5/chensx/MyProject/UAE/data/arrangement_merged/chr_03/Q250230.5~A21.K_3L.png,/data5/chensx/MyProject/UAE/data/arrangement_merged/chr_03/Q250230.5~A21.K_3R.png,0,2.2660649484226014,,0.0031378269195556,0.38391600863044933,chromosome
0,0.0033453106880187,Q250230,Q250230.5~A42.K_3,3,,normal,Q250230.5~A42.K_3L.png,Q250230.5~A42.K_3R.png,train,/data5/chensx/MyProject/UAE/data/arrangement_merged/chr_03/Q250230.5~A42.K_3L.png,/data5/chensx/MyProject/UAE/data/arrangement_merged/chr_03/Q250230.5~A42.K_3R.png,0,2.525696032723103,,0.0033453106880187,0.9640567914162742,chromosome
0,0.0028624534606933,Q250230,Q250230.5~A46.K_3,3,,normal,Q250230.5~A46.K_3L.png,Q250230.5~A46.K_3R.png,train,/data5/chensx/MyProject/UAE/data/arrangement_merged/chr_03/Q250230.5~A46.K_3L.png,/data5/chensx/MyProject/UAE/data/arrangement_merged/chr_03/Q250230.5~A46.K_3R.png,0,1.9214813203076,,0.0028624534606933,-0.386049638158092,chromosome
0,0.0031988024711608,Q250230,Q250230.5~A5.K_3,3,,normal,Q250230.5~A5.K_3L.png,Q250230.5~A5.K_3R.png,train,/data5/chensx/MyProject/UAE/data/arrangement_merged/chr_03/Q250230.5~A5.K_3L.png,/data5/chensx/MyProject/UAE/data/arrangement_merged/chr_03/Q250230.5~A5.K_3R.png,0,2.34236560893378,,0.0031988024711608,0.5544084018478471,chromosome
0,0.0035648345947265,Q250230,Q250230.5~A6.K_3,3,,normal,Q250230.5~A6.K_3L.png,Q250230.5~A6.K_3R.png,train,/data5/chensx/MyProject/UAE/data/arrangement_merged/chr_03/Q250230.5~A6.K_3L.png,/data5/chensx/MyProject/UAE/data/arrangement_merged/chr_03/Q250230.5~A6.K_3R.png,1,2.800393327603525,,0.0035648345947265,1.5778627388454338,chromosome
0,0.0040823221206665,Q251136,Q251136.12~A20.K_3,3,,normal,Q251136.12~A20.K_3L.png,Q251136.12~A20.K_3R.png,train,/data5/chensx/MyProject/UAE/data/arrangement_merged/chr_03/Q251136.12~A20.K_3L.png,/data5/chensx/MyProject/UAE/data/arrangement_merged/chr_03/Q251136.12~A20.K_3R.png,1,2.7054779784559764,,0.0040823221206665,3.0247981815768155,chromosome
0,0.0046432018280029,Q251136,Q251136.12~A23.K_3,3,,normal,Q251136.12~A23.K_3L.png,Q251136.12~A23.K_3R.png,train,/data5/chensx/MyProject/UAE/data/arrangement_merged/chr_03/Q251136.12~A23.K_3L.png,/data5/chensx/MyProject/UAE/data/arrangement_merged/chr_03/Q251136.12~A23.K_3R.png,1,3.2573784891166992,,0.0046432018280029,4.593061544407979,chromosome
0,0.0027896761894226,Q251136,Q251136.14~A16.K_3,3,,normal,Q251136.14~A16.K_3L.png,Q251136.14~A16.K_3R.png,train,/data5/chensx/MyProject/UAE/data/arrangement_merged/chr_03/Q251136.14~A16.K_3L.png,/data5/chensx/MyProject/UAE/data/arrangement_merged/chr_03/Q251136.14~A16.K_3R.png,0,1.4335261851829575,,0.0027896761894226,-0.5895405590949216,chromosome
0,0.0030763149261474,Q251136,Q251136.14~A17.K_3,3,,normal,Q251136.14~A17.K_3L.png,Q251136.14~A17.K_3R.png,train,/data5/chensx/MyProject/UAE/data/arrangement_merged/chr_03/Q251136.14~A17.K_3L.png,/data5/chensx/MyProject/UAE/data/arrangement_merged/chr_03/Q251136.14~A17.K_3R.png,0,1.7155760848394317,,0.0030763149261474,0.21192368233483264,chromosome
0,0.0017004609107971,Q251136,Q251136.14~A18.K_3,3,,normal,Q251136.14~A18.K_3L.png,Q251136.14~A18.K_3R.png,train,/data5/chensx/MyProject/UAE/data/arrangement_merged/chr_03/Q251136.14~A18.K_3L.png,/data5/chensx/MyProject/UAE/data/arrangement_merged/chr_03/Q251136.14~A18.K_3R.png,0,0.3617482965736002,,0.0017004609107971,-3.635071344682411,chromosome
0,0.0028419494628906,Q251136,Q251136.14~A2.K_3,3,,normal,Q251136.14~A2.K_3L.png,Q251136.14~A2.K_3R.png,train,/data5/chensx/MyProject/UAE/data/arrangement_merged/chr_03/Q251136.14~A2.K_3L.png,/data5/chensx/MyProject/UAE/data/arrangement_merged/chr_03/Q251136.14~A2.K_3R.png,0,1.4849626089714223,,0.0028419494628906,-0.4433804135898713,chromosome
0,0.0030959844589233,Q251136,Q251136.14~A31.K_3,3,,normal,Q251136.14~A31.K_3L.png,Q251136.14~A31.K_3R.png,train,/data5/chensx/MyProject/UAE/data/arrangement_merged/chr_03/Q251136.14~A31.K_3L.png,/data5/chensx/MyProject/UAE/data/arrangement_merged/chr_03/Q251136.14~A31.K_3R.png,0,1.734930725489595,,0.0030959844589233,0.2669212285340745,chromosome
0,0.0027337670326232,Q251136,Q251136.14~A39.K_3,3,,normal,Q251136.14~A39.K_3L.png,Q251136.14~A39.K_3R.png,train,/data5/chensx/MyProject/UAE/data/arrangement_merged/chr_03/Q251136.14~A39.K_3L.png,/data5/chensx/MyProject/UAE/data/arrangement_merged/chr_03/Q251136.14~A39.K_3R.png,0,1.3785120853955233,,0.0027337670326232,-0.7458669176855592,chromosome
0,0.0030252337455749,Q251136,Q251136.1~A12.K_3,3,,normal,Q251136.1~A12.K_3L.png,Q251136.1~A12.K_3R.png,train,/data5/chensx/MyProject/UAE/data/arrangement_merged/chr_03/Q251136.1~A12.K_3L.png,/data5/chensx/MyProject/UAE/data/arrangement_merged/chr_03/Q251136.1~A12.K_3R.png,0,1.665312669575219,,0.0030252337455749,0.0690967214478927,chromosome
0,0.0028444528579711,Q251136,Q251136.1~A38.K_3,3,,normal,Q251136.1~A38.K_3L.png,Q251136.1~A38.K_3R.png,train,/data5/chensx/MyProject/UAE/data/arrangement_merged/chr_03/Q251136.1~A38.K_3L.png,/data5/chensx/MyProject/UAE/data/arrangement_merged/chr_03/Q251136.1~A38.K_3R.png,0,1.4874259268723524,,0.0028444528579711,-0.436380725891979,chromosome
0,0.0024397373199462,Q251136,Q251136.2~A15.K_3,3,,normal,Q251136.2~A15.K_3L.png,Q251136.2~A15.K_3R.png,train,/data5/chensx/MyProject/UAE/data/arrangement_merged/chr_03/Q251136.2~A15.K_3L.png,/data5/chensx/MyProject/UAE/data/arrangement_merged/chr_03/Q251136.2~A15.K_3R.png,0,1.0891895328886851,,0.0024397373199462,-1.5679969037478778,chromosome
0,0.0030475854873657,Q251136,Q251136.2~A2.K_3,3,,normal,Q251136.2~A2.K_3L.png,Q251136.2~A2.K_3R.png,train,/data5/chensx/MyProject/UAE/data/arrangement_merged/chr_03/Q251136.2~A2.K_3L.png,/data5/chensx/MyProject/UAE/data/arrangement_merged/chr_03/Q251136.2~A2.K_3R.png,0,1.6873065794049502,,0.0030475854873657,0.13159393303795283,chromosome
0,0.0033371448516845,Q251136,Q251136.2~A20.K_3,3,,normal,Q251136.2~A20.K_3L.png,Q251136.2~A20.K_3R.png,train,/data5/chensx/MyProject/UAE/data/arrangement_merged/chr_03/Q251136.2~A20.K_3L.png,/data5/chensx/MyProject/UAE/data/arrangement_merged/chr_03/Q251136.2~A20.K_3R.png,0,1.9722303499458425,,0.0033371448516845,0.9412244767821482,chromosome
0,0.0028293132781982,Q251136,Q251136.2~A25.K_3,3,,normal,Q251136.2~A25.K_3L.png,Q251136.2~A25.K_3R.png,train,/data5/chensx/MyProject/UAE/data/arrangement_merged/chr_03/Q251136.2~A25.K_3L.png,/data5/chensx/MyProject/UAE/data/arrangement_merged/chr_03/Q251136.2~A25.K_3R.png,0,1.472528718614348,,0.0028293132781982,-0.4787121705421206,chromosome
0,0.0027282834053039,Q251136,Q251136.2~A36.K_3,3,,normal,Q251136.2~A36.K_3L.png,Q251136.2~A36.K_3R.png,train,/data5/chensx/MyProject/UAE/data/arrangement_merged/chr_03/Q251136.2~A36.K_3L.png,/data5/chensx/MyProject/UAE/data/arrangement_merged/chr_03/Q251136.2~A36.K_3R.png,0,1.3731162461839626,,0.0027282834053039,-0.761199566928867,chromosome
0,0.0023714303970336,Q251136,Q251136.2~A5.K_3,3,,normal,Q251136.2~A5.K_3L.png,Q251136.2~A5.K_3R.png,train,/data5/chensx/MyProject/UAE/data/arrangement_merged/chr_03/Q251136.2~A5.K_3L.png,/data5/chensx/MyProject/UAE/data/arrangement_merged/chr_03/Q251136.2~A5.K_3R.png,0,1.0219761444490263,,0.0023714303970336,-1.7589883823668644,chromosome
0,0.002883493900299,Q251136,Q251136.2~A7.K_3,3,,normal,Q251136.2~A7.K_3L.png,Q251136.2~A7.K_3R.png,train,/data5/chensx/MyProject/UAE/data/arrangement_merged/chr_03/Q251136.2~A7.K_3L.png,/data5/chensx/MyProject/UAE/data/arrangement_merged/chr_03/Q251136.2~A7.K_3R.png,0,1.5258419560416163,,0.002883493900299,-0.3272189296480938,chromosome
0,0.0024420022964477,Q251136,Q251136.3~A16.K_3,3,,normal,Q251136.3~A16.K_3L.png,Q251136.3~A16.K_3R.png,train,/data5/chensx/MyProject/UAE/data/arrangement_merged/chr_03/Q251136.3~A16.K_3L.png,/data5/chensx/MyProject/UAE/data/arrangement_merged/chr_03/Q251136.3~A16.K_3R.png,0,1.0914182490847646,,0.0024420022964477,-1.5616638529733284,chromosome
0,0.0030047893524169,Q251136,Q251136.3~A21.K_3,3,,normal,Q251136.3~A21.K_3L.png,Q251136.3~A21.K_3R.png,train,/data5/chensx/MyProject/UAE/data/arrangement_merged/chr_03/Q251136.3~A21.K_3L.png,/data5/chensx/MyProject/UAE/data/arrangement_merged/chr_03/Q251136.3~A21.K_3R.png,0,1.6451955733842911,,0.0030047893524169,0.011932605246809048,chromosome
0,0.0027151107788085,Q251136,Q251136.3~A23.K_3,3,,normal,Q251136.3~A23.K_3L.png,Q251136.3~A23.K_3R.png,train,/data5/chensx/MyProject/UAE/data/arrangement_merged/chr_03/Q251136.3~A23.K_3L.png,/data5/chensx/MyProject/UAE/data/arrangement_merged/chr_03/Q251136.3~A23.K_3R.png,0,1.3601545019909742,,0.0027151107788085,-0.7980312569593365,chromosome
0,0.0029643774032592,Q251136,Q251136.3~A26.K_3,3,,normal,Q251136.3~A26.K_3L.png,Q251136.3~A26.K_3R.png,train,/data5/chensx/MyProject/UAE/data/arrangement_merged/chr_03/Q251136.3~A26.K_3L.png,/data5/chensx/MyProject/UAE/data/arrangement_merged/chr_03/Q251136.3~A26.K_3R.png,0,1.6054305844121373,,0.0029643774032592,-0.10106235330783252,chromosome
0,0.0031859874725341,Q251136,Q251136.3~A32.K_3,3,,normal,Q251136.3~A32.K_3L.png,Q251136.3~A32.K_3R.png,train,/data5/chensx/MyProject/UAE/data/arrangement_merged/chr_03/Q251136.3~A32.K_3L.png,/data5/chensx/MyProject/UAE/data/arrangement_merged/chr_03/Q251136.3~A32.K_3R.png,0,1.8234928690706464,,0.0031859874725341,0.5185766672029495,chromosome
0,0.0024551153182983,Q251136,Q251136.3~A36.K_3,3,,normal,Q251136.3~A36.K_3L.png,Q251136.3~A36.K_3R.png,train,/data5/chensx/MyProject/UAE/data/arrangement_merged/chr_03/Q251136.3~A36.K_3L.png,/data5/chensx/MyProject/UAE/data/arrangement_merged/chr_03/Q251136.3~A36.K_3R.png,0,1.1043213428515402,,0.0024551153182983,-1.5249988221738346,chromosome
0,0.0035663843154907,Q251136,Q251136.3~A40.K_3,3,,normal,Q251136.3~A40.K_3L.png,Q251136.3~A40.K_3R.png,train,/data5/chensx/MyProject/UAE/data/arrangement_merged/chr_03/Q251136.3~A40.K_3L.png,/data5/chensx/MyProject/UAE/data/arrangement_merged/chr_03/Q251136.3~A40.K_3R.png,1,2.1977998891595663,,0.0035663843154907,1.5821958788491173,chromosome
0,0.0031783580780029,Q251136,Q251136.3~A41.K_3,3,,normal,Q251136.3~A41.K_3L.png,Q251136.3~A41.K_3R.png,train,/data5/chensx/MyProject/UAE/data/arrangement_merged/chr_03/Q251136.3~A41.K_3L.png,/data5/chensx/MyProject/UAE/data/arrangement_merged/chr_03/Q251136.3~A41.K_3R.png,0,1.8159856145154312,,0.0031783580780029,0.4972442856470436,chromosome
0,0.0025420784950256,Q251136,Q251136.4~A12.K_3,3,,normal,Q251136.4~A12.K_3L.png,Q251136.4~A12.K_3R.png,train,/data5/chensx/MyProject/UAE/data/arrangement_merged/chr_03/Q251136.4~A12.K_3L.png,/data5/chensx/MyProject/UAE/data/arrangement_merged/chr_03/Q251136.4~A12.K_3R.png,0,1.189892314695748,,0.0025420784950256,-1.281843004281071,chromosome
0,0.0031976103782653,Q251136,Q251136.4~A13.K_3,3,,normal,Q251136.4~A13.K_3L.png,Q251136.4~A13.K_3R.png,train,/data5/chensx/MyProject/UAE/data/arrangement_merged/chr_03/Q251136.4~A13.K_3L.png,/data5/chensx/MyProject/UAE/data/arrangement_merged/chr_03/Q251136.4~A13.K_3R.png,0,1.8349297021821065,,0.0031976103782653,0.5510752172297367,chromosome
0,0.0032730102539062,Q251136,Q251136.4~A15.K_3,3,,normal,Q251136.4~A15.K_3L.png,Q251136.4~A15.K_3R.png,train,/data5/chensx/MyProject/UAE/data/arrangement_merged/chr_03/Q251136.4~A15.K_3L.png,/data5/chensx/MyProject/UAE/data/arrangement_merged/chr_03/Q251136.4~A15.K_3R.png,0,1.9091224913410665,,0.0032730102539062,0.7618991443266889,chromosome
0,0.0028863549232482,Q251136,Q251136.4~A16.K_3,3,,normal,Q251136.4~A16.K_3L.png,Q251136.4~A16.K_3R.png,train,/data5/chensx/MyProject/UAE/data/arrangement_merged/chr_03/Q251136.4~A16.K_3L.png,/data5/chensx/MyProject/UAE/data/arrangement_merged/chr_03/Q251136.4~A16.K_3R.png,0,1.528657176499822,,0.0028863549232482,-0.3192192865646285,chromosome
0,0.0030487775802612,Q251136,Q251136.4~A19.K_3,3,,normal,Q251136.4~A19.K_3L.png,Q251136.4~A19.K_3R.png,train,/data5/chensx/MyProject/UAE/data/arrangement_merged/chr_03/Q251136.4~A19.K_3L.png,/data5/chensx/MyProject/UAE/data/arrangement_merged/chr_03/Q251136.4~A19.K_3R.png,0,1.6884795879292025,,0.0030487775802612,0.13492711765606327,chromosome
0,0.0030029416084289,Q251136,Q251136.4~A2.K_3,3,,normal,Q251136.4~A2.K_3L.png,Q251136.4~A2.K_3R.png,train,/data5/chensx/MyProject/UAE/data/arrangement_merged/chr_03/Q251136.4~A2.K_3L.png,/data5/chensx/MyProject/UAE/data/arrangement_merged/chr_03/Q251136.4~A2.K_3R.png,0,1.6433774101717002,,0.0030029416084289,0.006766169088808311,chromosome
0,0.0020529627799987,Q251136,Q251136.4~A36.K_3,3,,normal,Q251136.4~A36.K_3L.png,Q251136.4~A36.K_3R.png,train,/data5/chensx/MyProject/UAE/data/arrangement_merged/chr_03/Q251136.4~A36.K_3L.png,/data5/chensx/MyProject/UAE/data/arrangement_merged/chr_03/Q251136.4~A36.K_3R.png,0,0.7086069171950153,,0.0020529627799987,-2.6494486531008667,chromosome
0,0.0033537745475769,Q251136,Q251136.4~A5.K_3,3,,normal,Q251136.4~A5.K_3L.png,Q251136.4~A5.K_3R.png,train,/data5/chensx/MyProject/UAE/data/arrangement_merged/chr_03/Q251136.4~A5.K_3L.png,/data5/chensx/MyProject/UAE/data/arrangement_merged/chr_03/Q251136.4~A5.K_3R.png,0,1.9885938188591623,,0.0033537745475769,0.9877224022052776,chromosome
0,0.0015183687210083,165070,165070.11~A20.K_4,4,,normal,165070.11~A20.K_4L.png,165070.11~A20.K_4R.png,train,/data5/chensx/MyProject/UAE/data/arrangement_merged/chr_04/165070.11~A20.K_4L.png,/data5/chensx/MyProject/UAE/data/arrangement_merged/chr_04/165070.11~A20.K_4R.png,0,0.3575230946980219,,0.0015183687210083,0.3372302340616265,chromosome
0,0.001362144947052,165070,165070.11~A21.K_4,4,,normal,165070.11~A21.K_4L.png,165070.11~A21.K_4R.png,train,/data5/chensx/MyProject/UAE/data/arrangement_merged/chr_04/165070.11~A21.K_4L.png,/data5/chensx/MyProject/UAE/data/arrangement_merged/chr_04/165070.11~A21.K_4R.png,0,0.1374390058500611,,0.001362144947052,-0.17490703206775482,chromosome
0,0.0012747645378112,165070,165070.11~A30.K_4,4,,normal,165070.11~A30.K_4L.png,165070.11~A30.K_4R.png,train,/data5/chensx/MyProject/UAE/data/arrangement_merged/chr_04/165070.11~A30.K_4L.png,/data5/chensx/MyProject/UAE/data/arrangement_merged/chr_04/165070.11~A30.K_4R.png,0,0.0143397024349102,,0.0012747645378112,-0.4613600012193508,chromosome
0,0.0012946128845214,165070,165070.12~A1.K_4,4,,normal,165070.12~A1.K_4L.png,165070.12~A1.K_4R.png,train,/data5/chensx/MyProject/UAE/data/arrangement_merged/chr_04/165070.12~A1.K_4L.png,/data5/chensx/MyProject/UAE/data/arrangement_merged/chr_04/165070.12~A1.K_4R.png,0,0.0423015496635904,,0.0012946128845214,-0.39629258053219324,chromosome
0,0.001684546470642,165070,165070.12~A21.K_4,4,,normal,165070.12~A21.K_4L.png,165070.12~A21.K_4R.png,train,/data5/chensx/MyProject/UAE/data/arrangement_merged/chr_04/165070.12~A21.K_4L.png,/data5/chensx/MyProject/UAE/data/arrangement_merged/chr_04/165070.12~A21.K_4R.png,0,0.5916300919159215,,0.001684546470642,0.8819989093641605,chromosome
0,0.0010079145431518,165070,165070.12~A41.K_4,4,,normal,165070.12~A41.K_4L.png,165070.12~A41.K_4R.png,train,/data5/chensx/MyProject/UAE/data/arrangement_merged/chr_04/165070.12~A41.K_4L.png,/data5/chensx/MyProject/UAE/data/arrangement_merged/chr_04/165070.12~A41.K_4R.png,0,-0.3615917991951243,,0.0010079145431518,-1.3361553237912773,chromosome
0,0.0013115406036376,165070,165070.12~A5.K_4,4,,normal,165070.12~A5.K_4L.png,165070.12~A5.K_4R.png,train,/data5/chensx/MyProject/UAE/data/arrangement_merged/chr_04/165070.12~A5.K_4L.png,/data5/chensx/MyProject/UAE/data/arrangement_merged/chr_04/165070.12~A5.K_4R.png,0,0.066148890843606,,0.0013115406036376,-0.3407996451713965,chromosome
0,0.0008119344711303,165070,165070.12~A9.K_4,4,,normal,165070.12~A9.K_4L.png,165070.12~A9.K_4R.png,train,/data5/chensx/MyProject/UAE/data/arrangement_merged/chr_04/165070.12~A9.K_4L.png,/data5/chensx/MyProject/UAE/data/arrangement_merged/chr_04/165070.12~A9.K_4R.png,0,-0.637683552011643,,0.0008119344711303,-1.9786228289547754,chromosome
0,0.0012074708938598,165070,165070.13~A24.K_4,4,,normal,165070.13~A24.K_4L.png,165070.13~A24.K_4R.png,train,/data5/chensx/MyProject/UAE/data/arrangement_merged/chr_04/165070.13~A24.K_4L.png,/data5/chensx/MyProject/UAE/data/arrangement_merged/chr_04/165070.13~A24.K_4R.png,0,-0.0804618757067715,,0.0012074708938598,-0.6819639590445815,chromosome
0,0.001011312007904,165070,165070.13~A25.K_4,4,,normal,165070.13~A25.K_4L.png,165070.13~A25.K_4R.png,train,/data5/chensx/MyProject/UAE/data/arrangement_merged/chr_04/165070.13~A25.K_4L.png,/data5/chensx/MyProject/UAE/data/arrangement_merged/chr_04/165070.13~A25.K_4R.png,0,-0.3568055370568818,,0.001011312007904,-1.3250176571871572,chromosome
0,0.0012745261192321,165070,165070.13~A26.K_4,4,,normal,165070.13~A26.K_4L.png,165070.13~A26.K_4R.png,train,/data5/chensx/MyProject/UAE/data/arrangement_merged/chr_04/165070.13~A26.K_4L.png,/data5/chensx/MyProject/UAE/data/arrangement_merged/chr_04/165070.13~A26.K_4R.png,0,0.0140038243901212,,0.0012745261192321,-0.46214159185823006,chromosome
0,0.001924455165863,165070,165070.13~A27.K_4,4,,normal,165070.13~A27.K_4L.png,165070.13~A27.K_4R.png,train,/data5/chensx/MyProject/UAE/data/arrangement_merged/chr_04/165070.13~A27.K_4L.png,/data5/chensx/MyProject/UAE/data/arrangement_merged/chr_04/165070.13~A27.K_4R.png,0,0.9296073744848043,,0.001924455165863,1.668474489742336,chromosome
0,0.0016181468963623,165070,165070.13~A28.K_4,4,,normal,165070.13~A28.K_4L.png,165070.13~A28.K_4R.png,train,/data5/chensx/MyProject/UAE/data/arrangement_merged/chr_04/165070.13~A28.K_4L.png,/data5/chensx/MyProject/UAE/data/arrangement_merged/chr_04/165070.13~A28.K_4R.png,0,0.4980880564421984,,0.0016181468963623,0.6643259164349744,chromosome
0,0.0016778111457824,165070,165070.13~A3.K_4,4,,normal,165070.13~A3.K_4L.png,165070.13~A3.K_4R.png,train,/data5/chensx/MyProject/UAE/data/arrangement_merged/chr_04/165070.13~A3.K_4L.png,/data5/chensx/MyProject/UAE/data/arrangement_merged/chr_04/165070.13~A3.K_4R.png,0,0.5821415371506337,,0.0016778111457824,0.8599189738157226,chromosome
0,0.0015119314193725,165070,165070.13~A36.K_4,4,,normal,165070.13~A36.K_4L.png,165070.13~A36.K_4R.png,train,/data5/chensx/MyProject/UAE/data/arrangement_merged/chr_04/165070.13~A36.K_4L.png,/data5/chensx/MyProject/UAE/data/arrangement_merged/chr_04/165070.13~A36.K_4R.png,0,0.3484543874887202,,0.0015119314193725,0.3161272868115432,chromosome
0,0.0016537308692932,165070,165070.13~A40.K_4,4,,normal,165070.13~A40.K_4L.png,165070.13~A40.K_4R.png,train,/data5/chensx/MyProject/UAE/data/arrangement_merged/chr_04/165070.13~A40.K_4L.png,/data5/chensx/MyProject/UAE/data/arrangement_merged/chr_04/165070.13~A40.K_4R.png,0,0.5482178546269495,,0.0016537308692932,0.7809783192885302,chromosome
0,0.0014676451683044,165070,165070.13~A9.K_4,4,,normal,165070.13~A9.K_4L.png,165070.13~A9.K_4R.png,train,/data5/chensx/MyProject/UAE/data/arrangement_merged/chr_04/165070.13~A9.K_4L.png,/data5/chensx/MyProject/UAE/data/arrangement_merged/chr_04/165070.13~A9.K_4R.png,0,0.2860650406691724,,0.0014676451683044,0.17094682563870944,chromosome
0,0.0015326738357543,165070,165070.1~A9.K_4,4,,normal,165070.1~A9.K_4L.png,165070.1~A9.K_4R.png,train,/data5/chensx/MyProject/UAE/data/arrangement_merged/chr_04/165070.1~A9.K_4L.png,/data5/chensx/MyProject/UAE/data/arrangement_merged/chr_04/165070.1~A9.K_4R.png,0,0.377675777385359,,0.0015326738357543,0.38412567239441775,chromosome
0,0.0010460019111633,165070,165070.2~A31.K_4,4,,normal,165070.2~A31.K_4L.png,165070.2~A31.K_4R.png,train,/data5/chensx/MyProject/UAE/data/arrangement_merged/chr_04/165070.2~A31.K_4L.png,/data5/chensx/MyProject/UAE/data/arrangement_merged/chr_04/165070.2~A31.K_4R.png,0,-0.3079352815400892,,0.0010460019111633,-1.21129621922932,chromosome
0,0.0016978979110717,165070,165070.3~A15.K_4,4,,normal,165070.3~A15.K_4L.png,165070.3~A15.K_4R.png,train,/data5/chensx/MyProject/UAE/data/arrangement_merged/chr_04/165070.3~A15.K_4L.png,/data5/chensx/MyProject/UAE/data/arrangement_merged/chr_04/165070.3~A15.K_4R.png,0,0.6104392624241028,,0.0016978979110717,0.9257679851417594,chromosome
0,0.0014783143997192,165070,165070.3~A2.K_4,4,,normal,165070.3~A2.K_4L.png,165070.3~A2.K_4R.png,train,/data5/chensx/MyProject/UAE/data/arrangement_merged/chr_04/165070.3~A2.K_4L.png,/data5/chensx/MyProject/UAE/data/arrangement_merged/chr_04/165070.3~A2.K_4R.png,0,0.301095583173478,,0.0014783143997192,0.20592300672882827,chromosome
0,0.0015848875045776,165070,165070.3~A30.K_4,4,,normal,165070.3~A30.K_4L.png,165070.3~A30.K_4R.png,train,/data5/chensx/MyProject/UAE/data/arrangement_merged/chr_04/165070.3~A30.K_4L.png,/data5/chensx/MyProject/UAE/data/arrangement_merged/chr_04/165070.3~A30.K_4R.png,0,0.4512330691941396,,0.0015848875045776,0.5552940223104164,chromosome
0,0.0012515783309936,165070,165070.3~A35.K_4,4,,normal,165070.3~A35.K_4L.png,165070.3~A35.K_4R.png,train,/data5/chensx/MyProject/UAE/data/arrangement_merged/chr_04/165070.3~A35.K_4L.png,/data5/chensx/MyProject/UAE/data/arrangement_merged/chr_04/165070.3~A35.K_4R.png,0,-0.0183244374208153,,0.0012515783309936,-0.5373696908508254,chromosome
0,0.0011342167854309,165070,165070.3~A43.K_4,4,,normal,165070.3~A43.K_4L.png,165070.3~A43.K_4R.png,train,/data5/chensx/MyProject/UAE/data/arrangement_merged/chr_04/165070.3~A43.K_4L.png,/data5/chensx/MyProject/UAE/data/arrangement_merged/chr_04/165070.3~A43.K_4R.png,0,-0.183660404968177,,0.0011342167854309,-0.9221076828418086,chromosome
0,0.0015838742256164,170215,170215.12~A1.K_4,4,,normal,170215.12~A1.K_4L.png,170215.12~A1.K_4R.png,train,/data5/chensx/MyProject/UAE/data/arrangement_merged/chr_04/170215.12~A1.K_4L.png,/data5/chensx/MyProject/UAE/data/arrangement_merged/chr_04/170215.12~A1.K_4R.png,0,0.33296624675603,,0.0015838742256164,0.5519722620950949,chromosome
0,0.0011277198791503,170215,170215.12~A24.K_4,4,,normal,170215.12~A24.K_4L.png,170215.12~A24.K_4R.png,train,/data5/chensx/MyProject/UAE/data/arrangement_merged/chr_04/170215.12~A24.K_4L.png,/data5/chensx/MyProject/UAE/data/arrangement_merged/chr_04/170215.12~A24.K_4R.png,0,-0.2658061326464581,,0.0011277198791503,-0.9434060277516941,chromosome
0,0.0016477108001708,170215,170215.12~A31.K_4,4,,normal,170215.12~A31.K_4L.png,170215.12~A31.K_4R.png,train,/data5/chensx/MyProject/UAE/data/arrangement_merged/chr_04/170215.12~A31.K_4L.png,/data5/chensx/MyProject/UAE/data/arrangement_merged/chr_04/170215.12~A31.K_4R.png,0,0.4167615189813096,,0.0016477108001708,0.7612431556564039,chromosome
0,0.0009640455245971,170215,170215.12~A33.K_4,4,,normal,170215.12~A33.K_4L.png,170215.12~A33.K_4R.png,train,/data5/chensx/MyProject/UAE/data/arrangement_merged/chr_04/170215.12~A33.K_4L.png,/data5/chensx/MyProject/UAE/data/arrangement_merged/chr_04/170215.12~A33.K_4R.png,0,-0.4806537680625344,,0.0009640455245971,-1.479968001346153,chromosome
0,0.0013158917427062,170215,170215.12~A44.K_4,4,,normal,170215.12~A44.K_4L.png,170215.12~A44.K_4R.png,train,/data5/chensx/MyProject/UAE/data/arrangement_merged/chr_04/170215.12~A44.K_4L.png,/data5/chensx/MyProject/UAE/data/arrangement_merged/chr_04/170215.12~A44.K_4R.png,0,-0.0188017681131175,,0.0013158917427062,-0.3265356160117571,chromosome
0,0.0015044808387756,170215,170215.12~A47.K_4,4,,normal,170215.12~A47.K_4L.png,170215.12~A47.K_4R.png,train,/data5/chensx/MyProject/UAE/data/arrangement_merged/chr_04/170215.12~A47.K_4L.png,/data5/chensx/MyProject/UAE/data/arrangement_merged/chr_04/170215.12~A47.K_4R.png,0,0.2287502779380352,,0.0015044808387756,0.29170257934646604,chromosome
0,0.0013467669486999,170215,170215.12~A48.K_4,4,,normal,170215.12~A48.K_4L.png,170215.12~A48.K_4R.png,train,/data5/chensx/MyProject/UAE/data/arrangement_merged/chr_04/170215.12~A48.K_4L.png,/data5/chensx/MyProject/UAE/data/arrangement_merged/chr_04/170215.12~A48.K_4R.png,0,0.0217266642049915,,0.0013467669486999,-0.22531962827599689,chromosome
0,0.0015153884887695,170215,170215.12~A49.K_4,4,,normal,170215.12~A49.K_4L.png,170215.12~A49.K_4R.png,train,/data5/chensx/MyProject/UAE/data/arrangement_merged/chr_04/170215.12~A49.K_4L.png,/data5/chensx/MyProject/UAE/data/arrangement_merged/chr_04/170215.12~A49.K_4R.png,0,0.2430682376179849,,0.0015153884887695,0.32746035107546484,chromosome
0,0.0018753409385681,170215,170215.12~A6.K_4,4,,normal,170215.12~A6.K_4L.png,170215.12~A6.K_4R.png,train,/data5/chensx/MyProject/UAE/data/arrangement_merged/chr_04/170215.12~A6.K_4L.png,/data5/chensx/MyProject/UAE/data/arrangement_merged/chr_04/170215.12~A6.K_4R.png,0,0.7155609070563262,,0.0018753409385681,1.5074668181321036,chromosome
0,0.0012289881706237,170215,170215.12~A7.K_4,4,,normal,170215.12~A7.K_4L.png,170215.12~A7.K_4R.png,train,/data5/chensx/MyProject/UAE/data/arrangement_merged/chr_04/170215.12~A7.K_4L.png,/data5/chensx/MyProject/UAE/data/arrangement_merged/chr_04/170215.12~A7.K_4R.png,0,-0.1328760042517335,,0.0012289881706237,-0.6114254038852653,chromosome
0,0.0013538599014282,170215,170215.13~A21.K_4,4,,normal,170215.13~A21.K_4L.png,170215.13~A21.K_4R.png,train,/data5/chensx/MyProject/UAE/data/arrangement_merged/chr_04/170215.13~A21.K_4L.png,/data5/chensx/MyProject/UAE/data/arrangement_merged/chr_04/170215.13~A21.K_4R.png,0,0.0310372500078003,,0.0013538599014282,-0.20206730676907514,chromosome
0,0.0008535981178283,170215,170215.13~A36.K_4,4,,normal,170215.13~A36.K_4L.png,170215.13~A36.K_4R.png,train,/data5/chensx/MyProject/UAE/data/arrangement_merged/chr_04/170215.13~A36.K_4L.png,/data5/chensx/MyProject/UAE/data/arrangement_merged/chr_04/170215.13~A36.K_4R.png,0,-0.6256328898491293,,0.0008535981178283,-1.8420398648096201,chromosome
0,0.0014500617980957,170215,170215.13~A44.K_4,4,,normal,170215.13~A44.K_4L.png,170215.13~A44.K_4R.png,train,/data5/chensx/MyProject/UAE/data/arrangement_merged/chr_04/170215.13~A44.K_4L.png,/data5/chensx/MyProject/UAE/data/arrangement_merged/chr_04/170215.13~A44.K_4R.png,0,0.1573169599719472,,0.0014500617980957,0.11330451602107498,chromosome
0,0.0013821721076965,170215,170215.13~A47.K_4,4,,normal,170215.13~A47.K_4L.png,170215.13~A47.K_4R.png,train,/data5/chensx/MyProject/UAE/data/arrangement_merged/chr_04/170215.13~A47.K_4L.png,/data5/chensx/MyProject/UAE/data/arrangement_merged/chr_04/170215.13~A47.K_4R.png,0,0.0682013530022054,,0.0013821721076965,-0.10925341840151956,chromosome
0,0.0014122128486633,170215,170215.13~A5.K_4,4,,normal,170215.13~A5.K_4L.png,170215.13~A5.K_4R.png,train,/data5/chensx/MyProject/UAE/data/arrangement_merged/chr_04/170215.13~A5.K_4L.png,/data5/chensx/MyProject/UAE/data/arrangement_merged/chr_04/170215.13~A5.K_4R.png,0,0.1076344222846899,,0.0014122128486633,-0.010772997902003154,chromosome
0,0.0011759996414184,170215,170215.1~A9.K_4,4,,normal,170215.1~A9.K_4L.png,170215.1~A9.K_4R.png,train,/data5/chensx/MyProject/UAE/data/arrangement_merged/chr_04/170215.1~A9.K_4L.png,/data5/chensx/MyProject/UAE/data/arrangement_merged/chr_04/170215.1~A9.K_4R.png,0,-0.2024315570138936,,0.0011759996414184,-0.7851339233773772,chromosome
0,0.0010961890220642,170215,170215.2~A19.K_4,4,,normal,170215.2~A19.K_4L.png,170215.2~A19.K_4R.png,train,/data5/chensx/MyProject/UAE/data/arrangement_merged/chr_04/170215.2~A19.K_4L.png,/data5/chensx/MyProject/UAE/data/arrangement_merged/chr_04/170215.2~A19.K_4R.png,0,-0.3071952073497007,,0.0010961890220642,-1.0467713897439637,chromosome
0,0.0015374422073364,170215,170215.2~A2.K_4,4,,normal,170215.2~A2.K_4L.png,170215.2~A2.K_4R.png,train,/data5/chensx/MyProject/UAE/data/arrangement_merged/chr_04/170215.2~A2.K_4L.png,/data5/chensx/MyProject/UAE/data/arrangement_merged/chr_04/170215.2~A2.K_4R.png,0,0.2720171178452057,,0.0015374422073364,0.3997574851723425,chromosome
0,0.0012946128845214,170215,170215.2~A23.K_4,4,,normal,170215.2~A23.K_4L.png,170215.2~A23.K_4R.png,train,/data5/chensx/MyProject/UAE/data/arrangement_merged/chr_04/170215.2~A23.K_4L.png,/data5/chensx/MyProject/UAE/data/arrangement_merged/chr_04/170215.2~A23.K_4R.png,0,-0.0467335255215441,,0.0012946128845214,-0.39629258053219324,chromosome
0,0.001362919807434,170215,170215.2~A33.K_4,4,,normal,170215.2~A33.K_4L.png,170215.2~A33.K_4R.png,train,/data5/chensx/MyProject/UAE/data/arrangement_merged/chr_04/170215.2~A33.K_4L.png,/data5/chensx/MyProject/UAE/data/arrangement_merged/chr_04/170215.2~A33.K_4R.png,0,0.0429297629660099,,0.001362919807434,-0.172366862491641,chromosome
0,0.0015387535095214,170215,170215.2~A4.K_4,4,,normal,170215.2~A4.K_4L.png,170215.2~A4.K_4R.png,train,/data5/chensx/MyProject/UAE/data/arrangement_merged/chr_04/170215.2~A4.K_4L.png,/data5/chensx/MyProject/UAE/data/arrangement_merged/chr_04/170215.2~A4.K_4R.png,0,0.2737384026154729,,0.0015387535095214,0.40405623368601795,chromosome
0,0.001492440700531,170215,170215.3~A32.K_4,4,,normal,170215.3~A32.K_4L.png,170215.3~A32.K_4R.png,train,/data5/chensx/MyProject/UAE/data/arrangement_merged/chr_04/170215.3~A32.K_4L.png,/data5/chensx/MyProject/UAE/data/arrangement_merged/chr_04/170215.3~A32.K_4R.png,0,0.2129457541383093,,0.001492440700531,0.2522322520828695,chromosome
0,0.0012068748474121,170215,170215.3~A33.K_4,4,,normal,170215.3~A33.K_4L.png,170215.3~A33.K_4R.png,train,/data5/chensx/MyProject/UAE/data/arrangement_merged/chr_04/170215.3~A33.K_4L.png,/data5/chensx/MyProject/UAE/data/arrangement_merged/chr_04/170215.3~A33.K_4R.png,0,-0.1619031246957846,,0.0012068748474121,-0.683917935641617,chromosome
0,0.001537799835205,170215,170215.3~A38.K_4,4,,normal,170215.3~A38.K_4L.png,170215.3~A38.K_4R.png,train,/data5/chensx/MyProject/UAE/data/arrangement_merged/chr_04/170215.3~A38.K_4L.png,/data5/chensx/MyProject/UAE/data/arrangement_merged/chr_04/170215.3~A38.K_4R.png,0,0.2724865591461877,,0.001537799835205,0.40092987113049866,chromosome
0,0.0018835663795471,170215,170215.3~A41.K_4,4,,normal,170215.3~A41.K_4L.png,170215.3~A41.K_4R.png,train,/data5/chensx/MyProject/UAE/data/arrangement_merged/chr_04/170215.3~A41.K_4L.png,/data5/chensx/MyProject/UAE/data/arrangement_merged/chr_04/170215.3~A41.K_4R.png,0,0.7263580569789113,,0.0018835663795471,1.5344316951736223,chromosome
0,0.0013343691825866,170215,170215.3~A47.K_4,4,,normal,170215.3~A47.K_4L.png,170215.3~A47.K_4R.png,train,/data5/chensx/MyProject/UAE/data/arrangement_merged/chr_04/170215.3~A47.K_4L.png,/data5/chensx/MyProject/UAE/data/arrangement_merged/chr_04/170215.3~A47.K_4R.png,0,0.0054526991042836,,0.0013343691825866,-0.26596234149807657,chromosome
0,0.0017058849334716,179083,179083.12~A20.K_4,4,,normal,179083.12~A20.K_4L.png,179083.12~A20.K_4R.png,train,/data5/chensx/MyProject/UAE/data/arrangement_merged/chr_04/179083.12~A20.K_4L.png,/data5/chensx/MyProject/UAE/data/arrangement_merged/chr_04/179083.12~A20.K_4R.png,0,0.7717860779711122,,0.0017058849334716,0.9519512715443988,chromosome
0,0.0022497177124023,179083,179083.12~A37.K_4,4,,normal,179083.12~A37.K_4L.png,179083.12~A37.K_4R.png,train,/data5/chensx/MyProject/UAE/data/arrangement_merged/chr_04/179083.12~A37.K_4L.png,/data5/chensx/MyProject/UAE/data/arrangement_merged/chr_04/179083.12~A37.K_4R.png,0,1.5895780400020638,,0.0022497177124023,2.734759518841137,chromosome
0,0.0014359951019287,179083,179083.12~A39.K_4,4,,normal,179083.12~A39.K_4L.png,179083.12~A39.K_4R.png,train,/data5/chensx/MyProject/UAE/data/arrangement_merged/chr_04/179083.12~A39.K_4L.png,/data5/chensx/MyProject/UAE/data/arrangement_merged/chr_04/179083.12~A39.K_4R.png,0,0.3659375461784611,,0.0014359951019287,0.06719066832683605,chromosome
0,0.0008571743965148,179083,179083.12~A47.K_4,4,,normal,179083.12~A47.K_4L.png,179083.12~A47.K_4R.png,train,/data5/chensx/MyProject/UAE/data/arrangement_merged/chr_04/179083.12~A47.K_4L.png,/data5/chensx/MyProject/UAE/data/arrangement_merged/chr_04/179083.12~A47.K_4R.png,0,-0.5044677303759635,,0.0008571743965148,-1.8303160052264222,chromosome
0,0.0013575553894042,179083,179083.12~A9.K_4,4,,normal,179083.12~A9.K_4L.png,179083.12~A9.K_4R.png,train,/data5/chensx/MyProject/UAE/data/arrangement_merged/chr_04/179083.12~A9.K_4L.png,/data5/chensx/MyProject/UAE/data/arrangement_merged/chr_04/179083.12~A9.K_4R.png,0,0.2479833350832471,,0.0013575553894042,-0.1899526518666019,chromosome
0,0.0016268491744995,179083,179083.13~A11.K_4,4,,normal,179083.13~A11.K_4L.png,179083.13~A11.K_4R.png,train,/data5/chensx/MyProject/UAE/data/arrangement_merged/chr_04/179083.13~A11.K_4L.png,/data5/chensx/MyProject/UAE/data/arrangement_merged/chr_04/179083.13~A11.K_4R.png,0,0.6529355582809498,,0.0016268491744995,0.6928539747542531,chromosome
0,0.0019385814666748,179083,179083.13~A13.K_4,4,,normal,179083.13~A13.K_4L.png,179083.13~A13.K_4R.png,train,/data5/chensx/MyProject/UAE/data/arrangement_merged/chr_04/179083.13~A13.K_4L.png,/data5/chensx/MyProject/UAE/data/arrangement_merged/chr_04/179083.13~A13.K_4R.png,0,1.1217049534389811,,0.0019385814666748,1.7147837350963766,chromosome
0,0.0016008019447326,179083,179083.13~A14.K_4,4,,normal,179083.13~A14.K_4L.png,179083.13~A14.K_4R.png,train,/data5/chensx/MyProject/UAE/data/arrangement_merged/chr_04/179083.13~A14.K_4L.png,/data5/chensx/MyProject/UAE/data/arrangement_merged/chr_04/179083.13~A14.K_4R.png,0,0.6137668726817033,,0.0016008019447326,0.6074651974558922,chromosome
0,0.0013750791549682,179083,179083.13~A2.K_4,4,,normal,179083.13~A2.K_4L.png,179083.13~A2.K_4R.png,train,/data5/chensx/MyProject/UAE/data/arrangement_merged/chr_04/179083.13~A2.K_4L.png,/data5/chensx/MyProject/UAE/data/arrangement_merged/chr_04/179083.13~A2.K_4R.png,0,0.2743348077747311,,0.0013750791549682,-0.1325057399084413,chromosome
0,0.0010966062545776,179083,179083.13~A22.K_4,4,,normal,179083.13~A22.K_4L.png,179083.13~A22.K_4R.png,train,/data5/chensx/MyProject/UAE/data/arrangement_merged/chr_04/179083.13~A22.K_4L.png,/data5/chensx/MyProject/UAE/data/arrangement_merged/chr_04/179083.13~A22.K_4R.png,0,-0.1444205677851774,,0.0010966062545776,-1.045403606126006,chromosome
0,0.0014647245407104,179083,179083.13~A26.K_4,4,,normal,179083.13~A26.K_4L.png,179083.13~A26.K_4R.png,train,/data5/chensx/MyProject/UAE/data/arrangement_merged/chr_04/179083.13~A26.K_4L.png,/data5/chensx/MyProject/UAE/data/arrangement_merged/chr_04/179083.13~A26.K_4R.png,0,0.4091396204549757,,0.0014647245407104,0.16137234031234934,chromosome
0,0.0011532306671142,179083,179083.13~A34.K_4,4,,normal,179083.13~A34.K_4L.png,179083.13~A34.K_4R.png,train,/data5/chensx/MyProject/UAE/data/arrangement_merged/chr_04/179083.13~A34.K_4L.png,/data5/chensx/MyProject/UAE/data/arrangement_merged/chr_04/179083.13~A34.K_4R.png,0,-0.0592712512650761,,0.0011532306671142,-0.8597758293908948,chromosome
0,0.0011350512504577,179083,179083.13~A39.K_4,4,,normal,179083.13~A39.K_4L.png,179083.13~A39.K_4R.png,train,/data5/chensx/MyProject/UAE/data/arrangement_merged/chr_04/179083.13~A39.K_4L.png,/data5/chensx/MyProject/UAE/data/arrangement_merged/chr_04/179083.13~A39.K_4R.png,0,-0.0866086634110033,,0.0011350512504577,-0.919372115605893,chromosome
0,0.0012934207916259,179083,179083.14~A14.K_4,4,,normal,179083.14~A14.K_4L.png,179083.14~A14.K_4R.png,train,/data5/chensx/MyProject/UAE/data/arrangement_merged/chr_04/179083.14~A14.K_4L.png,/data5/chensx/MyProject/UAE/data/arrangement_merged/chr_04/179083.14~A14.K_4R.png,0,0.1515405302667956,,0.0012934207916259,-0.4002005337265925,chromosome
0,0.001461923122406,179083,179083.14~A18.K_4,4,,normal,179083.14~A18.K_4L.png,179083.14~A18.K_4R.png,train,/data5/chensx/MyProject/UAE/data/arrangement_merged/chr_04/179083.14~A18.K_4L.png,/data5/chensx/MyProject/UAE/data/arrangement_merged/chr_04/179083.14~A18.K_4R.png,0,0.404926970058718,,0.001461923122406,0.1521886503055931,chromosome
0,0.0012602806091308,179083,179083.14~A2.K_4,4,,normal,179083.14~A2.K_4L.png,179083.14~A2.K_4R.png,train,/data5/chensx/MyProject/UAE/data/arrangement_merged/chr_04/179083.14~A2.K_4L.png,/data5/chensx/MyProject/UAE/data/arrangement_merged/chr_04/179083.14~A2.K_4R.png,0,0.1017057723876627,,0.0012602806091308,-0.5088416325315475,chromosome
0,0.0016630887985229,179083,179083.14~A27.K_4,4,,normal,179083.14~A27.K_4L.png,179083.14~A27.K_4R.png,train,/data5/chensx/MyProject/UAE/data/arrangement_merged/chr_04/179083.14~A27.K_4L.png,/data5/chensx/MyProject/UAE/data/arrangement_merged/chr_04/179083.14~A27.K_4R.png,0,0.7074311208538147,,0.0016630887985229,0.8116557518646459,chromosome
0,0.0011467933654785,179083,179083.14~A28.K_4,4,,normal,179083.14~A28.K_4L.png,179083.14~A28.K_4R.png,train,/data5/chensx/MyProject/UAE/data/arrangement_merged/chr_04/179083.14~A28.K_4L.png,/data5/chensx/MyProject/UAE/data/arrangement_merged/chr_04/179083.14~A28.K_4R.png,0,-0.0689513840905192,,0.0011467933654785,-0.8808787766406504,chromosome
0,0.0010389685630798,179083,179083.14~A39.K_4,4,,normal,179083.14~A39.K_4L.png,179083.14~A39.K_4R.png,train,/data5/chensx/MyProject/UAE/data/arrangement_merged/chr_04/179083.14~A39.K_4L.png,/data5/chensx/MyProject/UAE/data/arrangement_merged/chr_04/179083.14~A39.K_4R.png,0,-0.231093608916691,,0.0010389685630798,-1.2343531430764394,chromosome
0,0.0012497305870056,179083,179083.14~A44.K_4,4,,normal,179083.14~A44.K_4L.png,179083.14~A44.K_4R.png,train,/data5/chensx/MyProject/UAE/data/arrangement_merged/chr_04/179083.14~A44.K_4L.png,/data5/chensx/MyProject/UAE/data/arrangement_merged/chr_04/179083.14~A44.K_4R.png,0,0.0858411102570754,,0.0012497305870056,-0.5434270183020624,chromosome
0,0.0012715458869934,179083,179083.14~A7.K_4,4,,normal,179083.14~A7.K_4L.png,179083.14~A7.K_4R.png,train,/data5/chensx/MyProject/UAE/data/arrangement_merged/chr_04/179083.14~A7.K_4L.png,/data5/chensx/MyProject/UAE/data/arrangement_merged/chr_04/179083.14~A7.K_4R.png,0,0.1186460048321881,,0.0012715458869934,-0.47191147484406476,chromosome
0,0.0012637972831726,179083,179083.1~A24.K_4,4,,normal,179083.1~A24.K_4L.png,179083.1~A24.K_4R.png,train,/data5/chensx/MyProject/UAE/data/arrangement_merged/chr_04/179083.1~A24.K_4L.png,/data5/chensx/MyProject/UAE/data/arrangement_merged/chr_04/179083.1~A24.K_4R.png,0,0.1069939930978584,,0.0012637972831726,-0.4973131706078235,chromosome
0,0.0012511014938354,179083,179083.2~A1.K_4,4,,normal,179083.2~A1.K_4L.png,179083.2~A1.K_4R.png,train,/data5/chensx/MyProject/UAE/data/arrangement_merged/chr_04/179083.2~A1.K_4L.png,/data5/chensx/MyProject/UAE/data/arrangement_merged/chr_04/179083.2~A1.K_4R.png,0,0.0879026200254568,,0.0012511014938354,-0.5389328721285854,chromosome
0,0.0015760064125061,179083,179083.2~A12.K_4,4,,normal,179083.2~A12.K_4L.png,179083.2~A12.K_4R.png,train,/data5/chensx/MyProject/UAE/data/arrangement_merged/chr_04/179083.2~A12.K_4L.png,/data5/chensx/MyProject/UAE/data/arrangement_merged/chr_04/179083.2~A12.K_4R.png,0,0.5764804351318484,,0.0015760064125061,0.5261797710120599,chromosome
0,0.0020272731781005,179083,179083.2~A14.K_4,4,,normal,179083.2~A14.K_4L.png,179083.2~A14.K_4R.png,train,/data5/chensx/MyProject/UAE/data/arrangement_merged/chr_04/179083.2~A14.K_4L.png,/data5/chensx/MyProject/UAE/data/arrangement_merged/chr_04/179083.2~A14.K_4R.png,0,1.255075672367308,,0.0020272731781005,2.00553545276132,chromosome
0,0.0008833408355712,179083,179083.2~A18.K_4,4,,normal,179083.2~A18.K_4L.png,179083.2~A18.K_4R.png,train,/data5/chensx/MyProject/UAE/data/arrangement_merged/chr_04/179083.2~A18.K_4L.png,/data5/chensx/MyProject/UAE/data/arrangement_merged/chr_04/179083.2~A18.K_4R.png,0,-0.4651197830577272,,0.0008833408355712,-1.7445364326087849,chromosome
0,0.0015074014663696,179083,179083.2~A20.K_4,4,,normal,179083.2~A20.K_4L.png,179083.2~A20.K_4R.png,train,/data5/chensx/MyProject/UAE/data/arrangement_merged/chr_04/179083.2~A20.K_4L.png,/data5/chensx/MyProject/UAE/data/arrangement_merged/chr_04/179083.2~A20.K_4R.png,0,0.4733153158532835,,0.0015074014663696,0.3012770646728261,chromosome
0,0.0013964772224426,179083,179083.2~A26.K_4,4,,normal,179083.2~A26.K_4L.png,179083.2~A26.K_4R.png,train,/data5/chensx/MyProject/UAE/data/arrangement_merged/chr_04/179083.2~A26.K_4L.png,/data5/chensx/MyProject/UAE/data/arrangement_merged/chr_04/179083.2~A26.K_4R.png,0,0.3065122863333799,,0.0013964772224426,-0.06235798006840063,chromosome
0,0.001641035079956,179083,179083.2~A3.K_4,4,,normal,179083.2~A3.K_4L.png,179083.2~A3.K_4R.png,train,/data5/chensx/MyProject/UAE/data/arrangement_merged/chr_04/179083.2~A3.K_4L.png,/data5/chensx/MyProject/UAE/data/arrangement_merged/chr_04/179083.2~A3.K_4R.png,0,0.6742677028407226,,0.001641035079956,0.7393586177677682,chromosome
0,0.00141042470932,179083,179083.2~A31.K_4,4,,normal,179083.2~A31.K_4L.png,179083.2~A31.K_4R.png,train,/data5/chensx/MyProject/UAE/data/arrangement_merged/chr_04/179083.2~A31.K_4L.png,/data5/chensx/MyProject/UAE/data/arrangement_merged/chr_04/179083.2~A31.K_4R.png,0,0.3274859074551733,,0.00141042470932,-0.016634927693765553,chromosome
0,0.0021155476570129,179083,179083.2~A35.K_4,4,,normal,179083.2~A35.K_4L.png,179083.2~A35.K_4R.png,train,/data5/chensx/MyProject/UAE/data/arrangement_merged/chr_04/179083.2~A35.K_4L.png,/data5/chensx/MyProject/UAE/data/arrangement_merged/chr_04/179083.2~A35.K_4R.png,0,1.3878189752791712,,0.0021155476570129,2.2949193868086333,chromosome
0,0.0015251636505126,179083,179083.2~A38.K_4,4,,normal,179083.2~A38.K_4L.png,179083.2~A38.K_4R.png,train,/data5/chensx/MyProject/UAE/data/arrangement_merged/chr_04/179083.2~A38.K_4L.png,/data5/chensx/MyProject/UAE/data/arrangement_merged/chr_04/179083.2~A38.K_4R.png,0,0.5000253119827469,,0.0015251636505126,0.3595055672695383,chromosome
0,0.0013039708137512,179083,179083.3~A1.K_4,4,,normal,179083.3~A1.K_4L.png,179083.3~A1.K_4R.png,train,/data5/chensx/MyProject/UAE/data/arrangement_merged/chr_04/179083.3~A1.K_4L.png,/data5/chensx/MyProject/UAE/data/arrangement_merged/chr_04/179083.3~A1.K_4R.png,0,0.1674051923973829,,0.0013039708137512,-0.36561514795574906,chromosome
0,0.0013036727905273,179083,179083.3~A24.K_4,4,,normal,179083.3~A24.K_4L.png,179083.3~A24.K_4R.png,train,/data5/chensx/MyProject/UAE/data/arrangement_merged/chr_04/179083.3~A24.K_4L.png,/data5/chensx/MyProject/UAE/data/arrangement_merged/chr_04/179083.3~A24.K_4R.png,0,0.1669570380999087,,0.0013036727905273,-0.3665921362544314,chromosome
0,0.0009412765502929,179083,179083.3~A27.K_4,4,,normal,179083.3~A27.K_4L.png,179083.3~A27.K_4R.png,train,/data5/chensx/MyProject/UAE/data/arrangement_merged/chr_04/179083.3~A27.K_4L.png,/data5/chensx/MyProject/UAE/data/arrangement_merged/chr_04/179083.3~A27.K_4R.png,0,-0.3779985876287394,,0.0009412765502929,-1.5546099073596704,chromosome
0,0.0016417503356933,179083,179083.4~A34.K_4,4,,normal,179083.4~A34.K_4L.png,179083.4~A34.K_4R.png,train,/data5/chensx/MyProject/UAE/data/arrangement_merged/chr_04/179083.4~A34.K_4L.png,/data5/chensx/MyProject/UAE/data/arrangement_merged/chr_04/179083.4~A34.K_4R.png,0,0.6753432731546607,,0.0016417503356933,0.7417033896844075,chromosome
0,0.0012927651405334,180371,180371.11~A18.K_4,4,,normal,180371.11~A18.K_4L.png,180371.11~A18.K_4R.png,train,/data5/chensx/MyProject/UAE/data/arrangement_merged/chr_04/180371.11~A18.K_4L.png,/data5/chensx/MyProject/UAE/data/arrangement_merged/chr_04/180371.11~A18.K_4R.png,0,0.0673934815616802,,0.0012927651405334,-0.4023499079834302,chromosome
0,0.0020599365234375,180371,180371.11~A42.K_4,4,,normal,180371.11~A42.K_4L.png,180371.11~A42.K_4R.png,train,/data5/chensx/MyProject/UAE/data/arrangement_merged/chr_04/180371.11~A42.K_4L.png,/data5/chensx/MyProject/UAE/data/arrangement_merged/chr_04/180371.11~A42.K_4R.png,0,1.16788957426051,,0.0020599365234375,2.1126133702888428,chromosome
0,0.0012983679771423,180371,180371.11~A50.K_4,4,,normal,180371.11~A50.K_4L.png,180371.11~A50.K_4R.png,train,/data5/chensx/MyProject/UAE/data/arrangement_merged/chr_04/180371.11~A50.K_4L.png,/data5/chensx/MyProject/UAE/data/arrangement_merged/chr_04/180371.11~A50.K_4R.png,0,0.075430668471298,,0.0012983679771423,-0.38398252796959,chromosome
0,0.0013178586959838,180371,180371.13~A44.K_4,4,,normal,180371.13~A44.K_4L.png,180371.13~A44.K_4R.png,train,/data5/chensx/MyProject/UAE/data/arrangement_merged/chr_04/180371.13~A44.K_4L.png,/data5/chensx/MyProject/UAE/data/arrangement_merged/chr_04/180371.13~A44.K_4R.png,0,0.1033898186781597,,0.0013178586959838,-0.3200874932409163,chromosome
0,0.0018916130065917,180371,180371.14~A1.K_4,4,,normal,180371.14~A1.K_4L.png,180371.14~A1.K_4R.png,train,/data5/chensx/MyProject/UAE/data/arrangement_merged/chr_04/180371.14~A1.K_4L.png,/data5/chensx/MyProject/UAE/data/arrangement_merged/chr_04/180371.14~A1.K_4R.png,0,0.9264319590183768,,0.0018916130065917,1.560810379235735,chromosome
0,0.0011969804763793,180371,180371.1~A15.K_4,4,,normal,180371.1~A15.K_4L.png,180371.1~A15.K_4R.png,train,/data5/chensx/MyProject/UAE/data/arrangement_merged/chr_04/180371.1~A15.K_4L.png,/data5/chensx/MyProject/UAE/data/arrangement_merged/chr_04/180371.1~A15.K_4R.png,0,-0.070008213797423,,0.0011969804763793,-0.7163539471556226,chromosome
0,0.0016514062881469,180371,180371.1~A25.K_4,4,,normal,180371.1~A25.K_4L.png,180371.1~A25.K_4R.png,train,/data5/chensx/MyProject/UAE/data/arrangement_merged/chr_04/180371.1~A25.K_4L.png,/data5/chensx/MyProject/UAE/data/arrangement_merged/chr_04/180371.1~A25.K_4R.png,0,0.5818589457656161,,0.0016514062881469,0.7733578105592055,chromosome
0,0.0021438598632812,180371,180371.1~A33.K_4,4,,normal,180371.1~A33.K_4L.png,180371.1~A33.K_4R.png,train,/data5/chensx/MyProject/UAE/data/arrangement_merged/chr_04/180371.1~A33.K_4L.png,/data5/chensx/MyProject/UAE/data/arrangement_merged/chr_04/180371.1~A33.K_4R.png,0,1.2882763739279757,,0.0021438598632812,2.3877332751761893,chromosome
0,0.0016397833824157,180371,180371.1~A35.K_4,4,,normal,180371.1~A35.K_4L.png,180371.1~A35.K_4R.png,train,/data5/chensx/MyProject/UAE/data/arrangement_merged/chr_04/180371.1~A35.K_4L.png,/data5/chensx/MyProject/UAE/data/arrangement_merged/chr_04/180371.1~A35.K_4R.png,0,0.5651860580275793,,0.0016397833824157,0.7352552669135667,chromosome
0,0.0014525651931762,180371,180371.2~A15.K_4,4,,normal,180371.2~A15.K_4L.png,180371.2~A15.K_4R.png,train,/data5/chensx/MyProject/UAE/data/arrangement_merged/chr_04/180371.2~A15.K_4L.png,/data5/chensx/MyProject/UAE/data/arrangement_merged/chr_04/180371.2~A15.K_4R.png,0,0.2966243124625863,,0.0014525651931762,0.12151121772914895,chromosome
0,0.0014380812644958,180371,180371.2~A16.K_4,4,,normal,180371.2~A16.K_4L.png,180371.2~A16.K_4R.png,train,/data5/chensx/MyProject/UAE/data/arrangement_merged/chr_04/180371.2~A16.K_4L.png,/data5/chensx/MyProject/UAE/data/arrangement_merged/chr_04/180371.2~A16.K_4R.png,0,0.2758473292813405,,0.0014380812644958,0.07402958641695231,chromosome
0,0.0017441511154174,180371,180371.2~A21.K_4,4,,normal,180371.2~A21.K_4L.png,180371.2~A21.K_4R.png,train,/data5/chensx/MyProject/UAE/data/arrangement_merged/chr_04/180371.2~A21.K_4L.png,/data5/chensx/MyProject/UAE/data/arrangement_merged/chr_04/180371.2~A21.K_4R.png,0,0.7149000397163099,,0.0017441511154174,1.077396569085434,chromosome
0,0.0012235641479492,180371,180371.2~A41.K_4,4,,normal,180371.2~A41.K_4L.png,180371.2~A41.K_4R.png,train,/data5/chensx/MyProject/UAE/data/arrangement_merged/chr_04/180371.2~A41.K_4L.png,/data5/chensx/MyProject/UAE/data/arrangement_merged/chr_04/180371.2~A41.K_4R.png,0,-0.0318743269709388,,0.0012235641479492,-0.6292065909196994,chromosome
0,0.001322865486145,180371,180371.2~A49.K_4,4,,normal,180371.2~A49.K_4L.png,180371.2~A49.K_4R.png,train,/data5/chensx/MyProject/UAE/data/arrangement_merged/chr_04/180371.2~A49.K_4L.png,/data5/chensx/MyProject/UAE/data/arrangement_merged/chr_04/180371.2~A49.K_4R.png,0,0.1105719857037756,,0.001322865486145,-0.30367408982411154,chromosome
0,0.0010544657707214,180371,180371.3~A2.K_4,4,,normal,180371.3~A2.K_4L.png,180371.3~A2.K_4R.png,train,/data5/chensx/MyProject/UAE/data/arrangement_merged/chr_04/180371.3~A2.K_4L.png,/data5/chensx/MyProject/UAE/data/arrangement_merged/chr_04/180371.3~A2.K_4R.png,0,-0.2744434680622744,,0.0010544657707214,-1.1835497515489213,chromosome
0,0.0013818740844726,180371,180371.3~A25.K_4,4,,normal,180371.3~A25.K_4L.png,180371.3~A25.K_4R.png,train,/data5/chensx/MyProject/UAE/data/arrangement_merged/chr_04/180371.3~A25.K_4L.png,/data5/chensx/MyProject/UAE/data/arrangement_merged/chr_04/180371.3~A25.K_4R.png,0,0.1952189542199625,,0.0013818740844726,-0.11023040670020112,chromosome
0,0.0014857053756713,180371,180371.3~A45.K_4,4,,normal,180371.3~A45.K_4L.png,180371.3~A45.K_4R.png,train,/data5/chensx/MyProject/UAE/data/arrangement_merged/chr_04/180371.3~A45.K_4L.png,/data5/chensx/MyProject/UAE/data/arrangement_merged/chr_04/180371.3~A45.K_4R.png,0,0.3441634180130913,,0.0014857053756713,0.2301523165341039,chromosome
0,0.0008451342582702,180371,180371.3~A9.K_4,4,,normal,180371.3~A9.K_4L.png,180371.3~A9.K_4R.png,train,/data5/chensx/MyProject/UAE/data/arrangement_merged/chr_04/180371.3~A9.K_4L.png,/data5/chensx/MyProject/UAE/data/arrangement_merged/chr_04/180371.3~A9.K_4R.png,0,-0.5747264513237375,,0.0008451342582702,-1.8697863324900186,chromosome
0,0.0009757876396179,180371,180371.4~A19.K_4,4,,normal,180371.4~A19.K_4L.png,180371.4~A19.K_4R.png,train,/data5/chensx/MyProject/UAE/data/arrangement_merged/chr_04/180371.4~A19.K_4L.png,/data5/chensx/MyProject/UAE/data/arrangement_merged/chr_04/180371.4~A19.K_4R.png,0,-0.3873060927505236,,0.0009757876396179,-1.4414746623809107,chromosome
0,0.0017695426940917,180371,180371.4~A20.K_4,4,,normal,180371.4~A20.K_4L.png,180371.4~A20.K_4R.png,train,/data5/chensx/MyProject/UAE/data/arrangement_merged/chr_04/180371.4~A20.K_4L.png,/data5/chensx/MyProject/UAE/data/arrangement_merged/chr_04/180371.4~A20.K_4R.png,0,0.7513238867747902,,0.0017695426940917,1.1606359721266295,chromosome
0,0.0008691549301147,180371,180371.4~A23.K_4,4,,normal,180371.4~A23.K_4L.png,180371.4~A23.K_4R.png,train,/data5/chensx/MyProject/UAE/data/arrangement_merged/chr_04/180371.4~A23.K_4L.png,/data5/chensx/MyProject/UAE/data/arrangement_merged/chr_04/180371.4~A23.K_4R.png,0,-0.5402691499984613,,0.0008691549301147,-1.7910410756223,chromosome
0,0.0012227892875671,180371,180371.4~A27.K_4,4,,normal,180371.4~A27.K_4L.png,180371.4~A27.K_4R.png,train,/data5/chensx/MyProject/UAE/data/arrangement_merged/chr_04/180371.4~A27.K_4L.png,/data5/chensx/MyProject/UAE/data/arrangement_merged/chr_04/180371.4~A27.K_4R.png,0,-0.0329858528201413,,0.0012227892875671,-0.631746760496141,chromosome
0,0.0013318657875061,180371,180371.4~A35.K_4,4,,normal,180371.4~A35.K_4L.png,180371.4~A35.K_4R.png,train,/data5/chensx/MyProject/UAE/data/arrangement_merged/chr_04/180371.4~A35.K_4L.png,/data5/chensx/MyProject/UAE/data/arrangement_merged/chr_04/180371.4~A35.K_4R.png,0,0.1234827859522041,,0.0013318657875061,-0.2741690432061512,chromosome
0,0.0009110569953918,180371,180371.4~A39.K_4,4,,normal,180371.4~A39.K_4L.png,180371.4~A39.K_4R.png,train,/data5/chensx/MyProject/UAE/data/arrangement_merged/chr_04/180371.4~A39.K_4L.png,/data5/chensx/MyProject/UAE/data/arrangement_merged/chr_04/180371.4~A39.K_4R.png,0,-0.4801612521531286,,0.0009110569953918,-1.653676520838265,chromosome
0,0.0013263821601867,180371,180371.4~A44.K_4,4,,normal,180371.4~A44.K_4L.png,180371.4~A44.K_4R.png,train,/data5/chensx/MyProject/UAE/data/arrangement_merged/chr_04/180371.4~A44.K_4L.png,/data5/chensx/MyProject/UAE/data/arrangement_merged/chr_04/180371.4~A44.K_4R.png,0,0.1156166030193867,,0.0013263821601867,-0.292145627900716,chromosome
0,0.001711368560791,182418,182418.13~A1.K_4,4,,normal,182418.13~A1.K_4L.png,182418.13~A1.K_4R.png,train,/data5/chensx/MyProject/UAE/data/arrangement_merged/chr_04/182418.13~A1.K_4L.png,/data5/chensx/MyProject/UAE/data/arrangement_merged/chr_04/182418.13~A1.K_4R.png,0,0.5233674363799455,,0.001711368560791,0.9699278562389629,chromosome
0,0.0011546611785888,182418,182418.13~A27.K_4,4,,normal,182418.13~A27.K_4L.png,182418.13~A27.K_4R.png,train,/data5/chensx/MyProject/UAE/data/arrangement_merged/chr_04/182418.13~A27.K_4L.png,/data5/chensx/MyProject/UAE/data/arrangement_merged/chr_04/182418.13~A27.K_4R.png,0,-0.2318148228308689,,0.0011546611785888,-0.8550862855576156,chromosome
0,0.0017033219337463,182418,182418.13~A6.K_4,4,,normal,182418.13~A6.K_4L.png,182418.13~A6.K_4R.png,train,/data5/chensx/MyProject/UAE/data/arrangement_merged/chr_04/182418.13~A6.K_4L.png,/data5/chensx/MyProject/UAE/data/arrangement_merged/chr_04/182418.13~A6.K_4R.png,0,0.5124520611129798,,0.0017033219337463,0.9435491721765219,chromosome
0,0.0016025900840759,182418,182418.14~A44.K_4,4,,normal,182418.14~A44.K_4L.png,182418.14~A44.K_4R.png,train,/data5/chensx/MyProject/UAE/data/arrangement_merged/chr_04/182418.14~A44.K_4L.png,/data5/chensx/MyProject/UAE/data/arrangement_merged/chr_04/182418.14~A44.K_4R.png,0,0.3758077336968902,,0.0016025900840759,0.6133271272476547,chromosome
0,0.0009375810623168,182418,182418.1~A24.K_4,4,,normal,182418.1~A24.K_4L.png,182418.1~A24.K_4R.png,train,/data5/chensx/MyProject/UAE/data/arrangement_merged/chr_04/182418.1~A24.K_4L.png,/data5/chensx/MyProject/UAE/data/arrangement_merged/chr_04/182418.1~A24.K_4R.png,0,-0.5262873911441224,,0.0009375810623168,-1.566724562262472,chromosome
0,0.0015521645545959,182418,182418.2~A16.K_4,4,,normal,182418.2~A16.K_4L.png,182418.2~A16.K_4R.png,train,/data5/chensx/MyProject/UAE/data/arrangement_merged/chr_04/182418.2~A16.K_4L.png,/data5/chensx/MyProject/UAE/data/arrangement_merged/chr_04/182418.2~A16.K_4R.png,0,0.3074047153572383,,0.0015521645545959,0.4480207071234192,chromosome
0,0.0014024972915649,182418,182418.2~A2.K_4,4,,normal,182418.2~A2.K_4L.png,182418.2~A2.K_4R.png,train,/data5/chensx/MyProject/UAE/data/arrangement_merged/chr_04/182418.2~A2.K_4L.png,/data5/chensx/MyProject/UAE/data/arrangement_merged/chr_04/182418.2~A2.K_4R.png,0,0.1043787353916756,,0.0014024972915649,-0.04262281643660272,chromosome
0,0.0013934969902038,182418,182418.2~A3.K_4,4,,normal,182418.2~A3.K_4L.png,182418.2~A3.K_4R.png,train,/data5/chensx/MyProject/UAE/data/arrangement_merged/chr_04/182418.2~A3.K_4L.png,/data5/chensx/MyProject/UAE/data/arrangement_merged/chr_04/182418.2~A3.K_4R.png,0,0.0921696860189954,,0.0013934969902038,-0.07212786305456301,chromosome
0,0.00164395570755,182418,182418.2~A33.K_4,4,,normal,182418.2~A33.K_4L.png,182418.2~A33.K_4R.png,train,/data5/chensx/MyProject/UAE/data/arrangement_merged/chr_04/182418.2~A33.K_4L.png,/data5/chensx/MyProject/UAE/data/arrangement_merged/chr_04/182418.2~A33.K_4R.png,0,0.4319208480322548,,0.00164395570755,0.7489331030941283,chromosome
0,0.001156210899353,182418,182418.2~A38.K_4,4,,normal,182418.2~A38.K_4L.png,182418.2~A38.K_4R.png,train,/data5/chensx/MyProject/UAE/data/arrangement_merged/chr_04/182418.2~A38.K_4L.png,/data5/chensx/MyProject/UAE/data/arrangement_merged/chr_04/182418.2~A38.K_4R.png,0,-0.2297126024090829,,0.001156210899353,-0.8500059464047324,chromosome
0,0.0011730790138244,182418,182418.3~A15.K_4,4,,normal,182418.3~A15.K_4L.png,182418.3~A15.K_4R.png,train,/data5/chensx/MyProject/UAE/data/arrangement_merged/chr_04/182418.3~A15.K_4L.png,/data5/chensx/MyProject/UAE/data/arrangement_merged/chr_04/182418.3~A15.K_4R.png,0,-0.2068307416642585,,0.0011730790138244,-0.7947084087037373,chromosome
0,0.0009115934371948,182418,182418.3~A25.K_4,4,,normal,182418.3~A25.K_4L.png,182418.3~A25.K_4R.png,train,/data5/chensx/MyProject/UAE/data/arrangement_merged/chr_04/182418.3~A25.K_4L.png,/data5/chensx/MyProject/UAE/data/arrangement_merged/chr_04/182418.3~A25.K_4R.png,0,-0.5615400105248413,,0.0009115934371948,-1.6519179419007033,chromosome
0,0.0015450119972229,182418,182418.3~A49.K_4,4,,normal,182418.3~A49.K_4L.png,182418.3~A49.K_4R.png,train,/data5/chensx/MyProject/UAE/data/arrangement_merged/chr_04/182418.3~A49.K_4L.png,/data5/chensx/MyProject/UAE/data/arrangement_merged/chr_04/182418.3~A49.K_4R.png,0,0.2977021595643799,,0.0015450119972229,0.42457298795702353,chromosome
0,0.0011773109436035,182418,182418.4~A15.K_4,4,,normal,182418.4~A15.K_4L.png,182418.4~A15.K_4R.png,train,/data5/chensx/MyProject/UAE/data/arrangement_merged/chr_04/182418.4~A15.K_4L.png,/data5/chensx/MyProject/UAE/data/arrangement_merged/chr_04/182418.4~A15.K_4R.png,0,-0.2010900628201506,,0.0011773109436035,-0.7808351748633741,chromosome
0,0.0021309852600097,182418,182418.4~A6.K_4,4,,normal,182418.4~A6.K_4L.png,182418.4~A6.K_4R.png,train,/data5/chensx/MyProject/UAE/data/arrangement_merged/chr_04/182418.4~A6.K_4L.png,/data5/chensx/MyProject/UAE/data/arrangement_merged/chr_04/182418.4~A6.K_4R.png,0,1.0925840428943068,,0.0021309852600097,2.3455273806763497,chromosome
0,0.0011621713638305,182418,182418.5~A16.K_4,4,,normal,182418.5~A16.K_4L.png,182418.5~A16.K_4R.png,train,/data5/chensx/MyProject/UAE/data/arrangement_merged/chr_04/182418.5~A16.K_4L.png,/data5/chensx/MyProject/UAE/data/arrangement_merged/chr_04/182418.5~A16.K_4R.png,0,-0.2216271392483676,,0.0011621713638305,-0.8304661804327361,chromosome
0,0.0018393993377685,182418,182418.5~A17.K_4,4,,normal,182418.5~A17.K_4L.png,182418.5~A17.K_4R.png,train,/data5/chensx/MyProject/UAE/data/arrangement_merged/chr_04/182418.5~A17.K_4L.png,/data5/chensx/MyProject/UAE/data/arrangement_merged/chr_04/182418.5~A17.K_4R.png,0,0.6970431850721115,,0.0018393993377685,1.3896420293200649,chromosome
0,0.0009787082672119,182418,182418.5~A3.K_4,4,,normal,182418.5~A3.K_4L.png,182418.5~A3.K_4R.png,train,/data5/chensx/MyProject/UAE/data/arrangement_merged/chr_04/182418.5~A3.K_4L.png,/data5/chensx/MyProject/UAE/data/arrangement_merged/chr_04/182418.5~A3.K_4R.png,0,-0.4704976953351863,,0.0009787082672119,-1.4319001770545505,chromosome
0,0.0009150505065917,182418,182418.5~A30.K_4,4,,normal,182418.5~A30.K_4L.png,182418.5~A30.K_4R.png,train,/data5/chensx/MyProject/UAE/data/arrangement_merged/chr_04/182418.5~A30.K_4L.png,/data5/chensx/MyProject/UAE/data/arrangement_merged/chr_04/182418.5~A30.K_4R.png,0,-0.5568504418916264,,0.0009150505065917,-1.6405848776371097,chromosome
0,0.0018184185028076,182418,182418.5~A5.K_4,4,,normal,182418.5~A5.K_4L.png,182418.5~A5.K_4R.png,train,/data5/chensx/MyProject/UAE/data/arrangement_merged/chr_04/182418.5~A5.K_4L.png,/data5/chensx/MyProject/UAE/data/arrangement_merged/chr_04/182418.5~A5.K_4R.png,0,0.6685823547463934,,0.0018184185028076,1.3208620530983102,chromosome
0,0.0007956027984619,182747,182747.11~A42.K_4,4,,normal,182747.11~A42.K_4L.png,182747.11~A42.K_4R.png,train,/data5/chensx/MyProject/UAE/data/arrangement_merged/chr_04/182747.11~A42.K_4L.png,/data5/chensx/MyProject/UAE/data/arrangement_merged/chr_04/182747.11~A42.K_4R.png,0,-0.6842389277592367,,0.0007956027984619,-2.0321617877182088,chromosome
0,0.0010885000228881,182747,182747.12~A10.K_4,4,,normal,182747.12~A10.K_4L.png,182747.12~A10.K_4R.png,train,/data5/chensx/MyProject/UAE/data/arrangement_merged/chr_04/182747.12~A10.K_4L.png,/data5/chensx/MyProject/UAE/data/arrangement_merged/chr_04/182747.12~A10.K_4R.png,0,-0.2933369759825261,,0.0010885000228881,-1.0719776878482492,chromosome
0,0.0015811920166015,182747,182747.12~A14.K_4,4,,normal,182747.12~A14.K_4L.png,182747.12~A14.K_4R.png,train,/data5/chensx/MyProject/UAE/data/arrangement_merged/chr_04/182747.12~A14.K_4L.png,/data5/chensx/MyProject/UAE/data/arrangement_merged/chr_04/182747.12~A14.K_4R.png,0,0.3642119726105322,,0.0015811920166015,0.5431793674076147,chromosome
0,0.0012222528457641,182747,182747.12~A18.K_4,4,,normal,182747.12~A18.K_4L.png,182747.12~A18.K_4R.png,train,/data5/chensx/MyProject/UAE/data/arrangement_merged/chr_04/182747.12~A18.K_4L.png,/data5/chensx/MyProject/UAE/data/arrangement_merged/chr_04/182747.12~A18.K_4R.png,0,-0.1148298575887658,,0.0012222528457641,-0.6335053394337026,chromosome
0,0.0012037754058837,182747,182747.12~A26.K_4,4,,normal,182747.12~A26.K_4L.png,182747.12~A26.K_4R.png,train,/data5/chensx/MyProject/UAE/data/arrangement_merged/chr_04/182747.12~A26.K_4L.png,/data5/chensx/MyProject/UAE/data/arrangement_merged/chr_04/182747.12~A26.K_4R.png,0,-0.1394899318766738,,0.0012037754058837,-0.6940786139473831,chromosome
0,0.001133918762207,182747,182747.12~A28.K_4,4,,normal,182747.12~A28.K_4L.png,182747.12~A28.K_4R.png,train,/data5/chensx/MyProject/UAE/data/arrangement_merged/chr_04/182747.12~A28.K_4L.png,/data5/chensx/MyProject/UAE/data/arrangement_merged/chr_04/182747.12~A28.K_4R.png,0,-0.2327209224103134,,0.001133918762207,-0.9230846711404901,chromosome
0,0.0012892484664916,182747,182747.12~A4.K_4,4,,normal,182747.12~A4.K_4L.png,182747.12~A4.K_4R.png,train,/data5/chensx/MyProject/UAE/data/arrangement_merged/chr_04/182747.12~A4.K_4L.png,/data5/chensx/MyProject/UAE/data/arrangement_merged/chr_04/182747.12~A4.K_4R.png,0,-0.0254172011384152,,0.0012892484664916,-0.41387836990715415,chromosome
0,0.0010211467742919,182747,182747.13~A33.K_4,4,,normal,182747.13~A33.K_4L.png,182747.13~A33.K_4R.png,train,/data5/chensx/MyProject/UAE/data/arrangement_merged/chr_04/182747.13~A33.K_4L.png,/data5/chensx/MyProject/UAE/data/arrangement_merged/chr_04/182747.13~A33.K_4R.png,0,-0.3832269241932878,,0.0010211467742919,-1.2927770433332815,chromosome
0,0.0012615323066711,182747,182747.13~A45.K_4,4,,normal,182747.13~A45.K_4L.png,182747.13~A45.K_4R.png,train,/data5/chensx/MyProject/UAE/data/arrangement_merged/chr_04/182747.13~A45.K_4L.png,/data5/chensx/MyProject/UAE/data/arrangement_merged/chr_04/182747.13~A45.K_4R.png,0,-0.0624073125702773,,0.0012615323066711,-0.5047382816773459,chromosome
0,0.0008600950241088,182747,182747.13~A5.K_4,4,,normal,182747.13~A5.K_4L.png,182747.13~A5.K_4R.png,train,/data5/chensx/MyProject/UAE/data/arrangement_merged/chr_04/182747.13~A5.K_4L.png,/data5/chensx/MyProject/UAE/data/arrangement_merged/chr_04/182747.13~A5.K_4R.png,0,-0.598167313631764,,0.0008600950241088,-1.8207415199000623,chromosome
0,0.0011042356491088,182747,182747.1~A15.K_4,4,,normal,182747.1~A15.K_4L.png,182747.1~A15.K_4R.png,train,/data5/chensx/MyProject/UAE/data/arrangement_merged/chr_04/182747.1~A15.K_4L.png,/data5/chensx/MyProject/UAE/data/arrangement_merged/chr_04/182747.1~A15.K_4R.png,0,-0.2723361385244367,,0.0011042356491088,-1.0203927056818511,chromosome
0,0.0013220310211181,182747,182747.1~A42.K_4,4,,normal,182747.1~A42.K_4L.png,182747.1~A42.K_4R.png,train,/data5/chensx/MyProject/UAE/data/arrangement_merged/chr_04/182747.1~A42.K_4L.png,/data5/chensx/MyProject/UAE/data/arrangement_merged/chr_04/182747.1~A42.K_4R.png,0,0.0183345435659377,,0.0013220310211181,-0.30640965706035467,chromosome
0,0.0016254186630249,182747,182747.2~A13.K_4,4,,normal,182747.2~A13.K_4L.png,182747.2~A13.K_4R.png,train,/data5/chensx/MyProject/UAE/data/arrangement_merged/chr_04/182747.2~A13.K_4L.png,/data5/chensx/MyProject/UAE/data/arrangement_merged/chr_04/182747.2~A13.K_4R.png,0,0.4232370536480412,,0.0016254186630249,0.6881644309209739,chromosome
0,0.0011430978775024,182747,182747.3~A20.K_4,4,,normal,182747.3~A20.K_4L.png,182747.3~A20.K_4R.png,train,/data5/chensx/MyProject/UAE/data/arrangement_merged/chr_04/182747.3~A20.K_4L.png,/data5/chensx/MyProject/UAE/data/arrangement_merged/chr_04/182747.3~A20.K_4R.png,0,-0.2204704338930945,,0.0011430978775024,-0.8929934315434521,chromosome
0,0.0014014840126037,182747,182747.3~A24.K_4,4,,normal,182747.3~A24.K_4L.png,182747.3~A24.K_4R.png,train,/data5/chensx/MyProject/UAE/data/arrangement_merged/chr_04/182747.3~A24.K_4L.png,/data5/chensx/MyProject/UAE/data/arrangement_merged/chr_04/182747.3~A24.K_4R.png,0,0.1243728630039424,,0.0014014840126037,-0.04594457665192427,chromosome
0,0.001453161239624,182747,182747.3~A35.K_4,4,,normal,182747.3~A35.K_4L.png,182747.3~A35.K_4R.png,train,/data5/chensx/MyProject/UAE/data/arrangement_merged/chr_04/182747.3~A35.K_4L.png,/data5/chensx/MyProject/UAE/data/arrangement_merged/chr_04/182747.3~A35.K_4R.png,0,0.1933415223833499,,0.001453161239624,0.12346519432651279,chromosome
0,0.0011469721794128,182747,182747.4~A1.K_4,4,,normal,182747.4~A1.K_4L.png,182747.4~A1.K_4R.png,train,/data5/chensx/MyProject/UAE/data/arrangement_merged/chr_04/182747.4~A1.K_4L.png,/data5/chensx/MyProject/UAE/data/arrangement_merged/chr_04/182747.4~A1.K_4R.png,0,-0.2152997731553073,,0.0011469721794128,-0.8802925836615727,chromosome
0,0.0015669465065002,182747,182747.4~A32.K_4,4,,normal,182747.4~A32.K_4L.png,182747.4~A32.K_4R.png,train,/data5/chensx/MyProject/UAE/data/arrangement_merged/chr_04/182747.4~A32.K_4L.png,/data5/chensx/MyProject/UAE/data/arrangement_merged/chr_04/182747.4~A32.K_4R.png,0,0.3451998508208225,,0.0015669465065002,0.49647932673429734,chromosome
0,0.0015113353729248,182747,182747.4~A33.K_4,4,,normal,182747.4~A33.K_4L.png,182747.4~A33.K_4R.png,train,/data5/chensx/MyProject/UAE/data/arrangement_merged/chr_04/182747.4~A33.K_4L.png,/data5/chensx/MyProject/UAE/data/arrangement_merged/chr_04/182747.4~A33.K_4R.png,0,0.2709809820768927,,0.0015113353729248,0.31417331021450706,chromosome
0,0.0015034675598144,182747,182747.4~A35.K_4,4,,normal,182747.4~A35.K_4L.png,182747.4~A35.K_4R.png,train,/data5/chensx/MyProject/UAE/data/arrangement_merged/chr_04/182747.4~A35.K_4L.png,/data5/chensx/MyProject/UAE/data/arrangement_merged/chr_04/182747.4~A35.K_4R.png,0,0.2604805633478479,,0.0015034675598144,0.28838081913114444,chromosome
0,0.0010080337524414,182747,182747.4~A41.K_4,4,,normal,182747.4~A41.K_4L.png,182747.4~A41.K_4R.png,train,/data5/chensx/MyProject/UAE/data/arrangement_merged/chr_04/182747.4~A41.K_4L.png,/data5/chensx/MyProject/UAE/data/arrangement_merged/chr_04/182747.4~A41.K_4R.png,0,-0.400727622075029,,0.0010080337524414,-1.3357645284716735,chromosome
0,0.0016893148422241,182747,182747.4~A43.K_4,4,,normal,182747.4~A43.K_4L.png,182747.4~A43.K_4R.png,train,/data5/chensx/MyProject/UAE/data/arrangement_merged/chr_04/182747.4~A43.K_4L.png,/data5/chensx/MyProject/UAE/data/arrangement_merged/chr_04/182747.4~A43.K_4R.png,0,0.508513181508162,,0.0016893148422241,0.8976307221420852,chromosome
0,0.0015501379966735,182747,182747.4~A9.K_4,4,,normal,182747.4~A9.K_4L.png,182747.4~A9.K_4R.png,train,/data5/chensx/MyProject/UAE/data/arrangement_merged/chr_04/182747.4~A9.K_4L.png,/data5/chensx/MyProject/UAE/data/arrangement_merged/chr_04/182747.4~A9.K_4R.png,0,0.3227671380814996,,0.0015501379966735,0.44137718669277676,chromosome
0,0.001150369644165,183038,183038.11~A13.K_4,4,,normal,183038.11~A13.K_4L.png,183038.11~A13.K_4R.png,train,/data5/chensx/MyProject/UAE/data/arrangement_merged/chr_04/183038.11~A13.K_4L.png,/data5/chensx/MyProject/UAE/data/arrangement_merged/chr_04/183038.11~A13.K_4R.png,0,-0.2293692078466585,,0.001150369644165,-0.8691549170574526,chromosome
0,0.0013837814331054,183038,183038.11~A39.K_4,4,,normal,183038.11~A39.K_4L.png,183038.11~A39.K_4R.png,train,/data5/chensx/MyProject/UAE/data/arrangement_merged/chr_04/183038.11~A39.K_4L.png,/data5/chensx/MyProject/UAE/data/arrangement_merged/chr_04/183038.11~A39.K_4R.png,0,0.0717154247872772,,0.0013837814331054,-0.10397768158916258,chromosome
0,0.0012537240982055,183038,183038.12~A11.K_4,4,,normal,183038.12~A11.K_4L.png,183038.12~A11.K_4R.png,train,/data5/chensx/MyProject/UAE/data/arrangement_merged/chr_04/183038.12~A11.K_4L.png,/data5/chensx/MyProject/UAE/data/arrangement_merged/chr_04/183038.12~A11.K_4R.png,0,-0.0960493015679954,,0.0012537240982055,-0.5303353751009069,chromosome
0,0.0012634992599487,183038,183038.12~A45.K_4,4,,normal,183038.12~A45.K_4L.png,183038.12~A45.K_4R.png,train,/data5/chensx/MyProject/UAE/data/arrangement_merged/chr_04/183038.12~A45.K_4L.png,/data5/chensx/MyProject/UAE/data/arrangement_merged/chr_04/183038.12~A45.K_4R.png,0,-0.0834400370756651,,0.0012634992599487,-0.49829015890650574,chromosome
0,0.0007698535919189,183038,183038.13~A11.K_4,4,,normal,183038.13~A11.K_4L.png,183038.13~A11.K_4R.png,train,/data5/chensx/MyProject/UAE/data/arrangement_merged/chr_04/183038.13~A11.K_4L.png,/data5/chensx/MyProject/UAE/data/arrangement_merged/chr_04/183038.13~A11.K_4R.png,0,-0.7202078939383455,,0.0007698535919189,-2.1165735767178884,chromosome
0,0.0016177892684936,183038,183038.13~A29.K_4,4,,normal,183038.13~A29.K_4L.png,183038.13~A29.K_4R.png,train,/data5/chensx/MyProject/UAE/data/arrangement_merged/chr_04/183038.13~A29.K_4L.png,/data5/chensx/MyProject/UAE/data/arrangement_merged/chr_04/183038.13~A29.K_4R.png,0,0.3735689150122088,,0.0016177892684936,0.6631535304764913,chromosome
0,0.0014064311981201,183038,183038.13~A39.K_4,4,,normal,183038.13~A39.K_4L.png,183038.13~A39.K_4R.png,train,/data5/chensx/MyProject/UAE/data/arrangement_merged/chr_04/183038.13~A39.K_4L.png,/data5/chensx/MyProject/UAE/data/arrangement_merged/chr_04/183038.13~A39.K_4R.png,0,0.1009320132451157,,0.0014064311981201,-0.029726570894921072,chromosome
0,0.0017734169960021,183038,183038.13~A47.K_4,4,,normal,183038.13~A47.K_4L.png,183038.13~A47.K_4R.png,train,/data5/chensx/MyProject/UAE/data/arrangement_merged/chr_04/183038.13~A47.K_4L.png,/data5/chensx/MyProject/UAE/data/arrangement_merged/chr_04/183038.13~A47.K_4R.png,0,0.5743176320211992,,0.0017734169960021,1.1733368200085088,chromosome
0,0.0014557838439941,183038,183038.14~A2.K_4,4,,normal,183038.14~A2.K_4L.png,183038.14~A2.K_4R.png,train,/data5/chensx/MyProject/UAE/data/arrangement_merged/chr_04/183038.14~A2.K_4L.png,/data5/chensx/MyProject/UAE/data/arrangement_merged/chr_04/183038.14~A2.K_4R.png,0,0.1645934217795639,,0.0014557838439941,0.13206269135419132,chromosome
0,0.0013282299041748,183038,183038.14~A3.K_4,4,,normal,183038.14~A3.K_4L.png,183038.14~A3.K_4R.png,train,/data5/chensx/MyProject/UAE/data/arrangement_merged/chr_04/183038.14~A3.K_4L.png,/data5/chensx/MyProject/UAE/data/arrangement_merged/chr_04/183038.14~A3.K_4R.png,0,5.789730647336276e-05,,0.0013282299041748,-0.2860883004491513,chromosome
0,0.0012717247009277,183038,183038.14~A30.K_4,4,,normal,183038.14~A30.K_4L.png,183038.14~A30.K_4R.png,train,/data5/chensx/MyProject/UAE/data/arrangement_merged/chr_04/183038.14~A30.K_4L.png,/data5/chensx/MyProject/UAE/data/arrangement_merged/chr_04/183038.14~A30.K_4R.png,0,-0.0728298023199237,,0.0012717247009277,-0.471325281864987,chromosome
0,0.0012708902359008,183038,183038.14~A34.K_4,4,,normal,183038.14~A34.K_4L.png,183038.14~A34.K_4R.png,train,/data5/chensx/MyProject/UAE/data/arrangement_merged/chr_04/183038.14~A34.K_4L.png,/data5/chensx/MyProject/UAE/data/arrangement_merged/chr_04/183038.14~A34.K_4R.png,0,-0.0739062029473178,,0.0012708902359008,-0.47406084910123014,chromosome
0,0.0013301968574523,183038,183038.14~A48.K_4,4,,normal,183038.14~A48.K_4L.png,183038.14~A48.K_4R.png,train,/data5/chensx/MyProject/UAE/data/arrangement_merged/chr_04/183038.14~A48.K_4L.png,/data5/chensx/MyProject/UAE/data/arrangement_merged/chr_04/183038.14~A48.K_4R.png,0,0.0025951273567593,,0.0013301968574523,-0.2796401776786382,chromosome
0,0.0010331869125366,183038,183038.14~A9.K_4,4,,normal,183038.14~A9.K_4L.png,183038.14~A9.K_4R.png,train,/data5/chensx/MyProject/UAE/data/arrangement_merged/chr_04/183038.14~A9.K_4L.png,/data5/chensx/MyProject/UAE/data/arrangement_merged/chr_04/183038.14~A9.K_4R.png,0,-0.380526610236423,,0.0010331869125366,-1.2533067160693572,chromosome
0,0.0012574791908264,183038,183038.1~A28.K_4,4,,normal,183038.1~A28.K_4L.png,183038.1~A28.K_4R.png,train,/data5/chensx/MyProject/UAE/data/arrangement_merged/chr_04/183038.1~A28.K_4L.png,/data5/chensx/MyProject/UAE/data/arrangement_merged/chr_04/183038.1~A28.K_4R.png,0,-0.0912054987447221,,0.0012574791908264,-0.5180253225383037,chromosome
0,0.0015759468078613,183038,183038.2~A12.K_4,4,,normal,183038.2~A12.K_4L.png,183038.2~A12.K_4R.png,train,/data5/chensx/MyProject/UAE/data/arrangement_merged/chr_04/183038.2~A12.K_4L.png,/data5/chensx/MyProject/UAE/data/arrangement_merged/chr_04/183038.2~A12.K_4R.png,0,0.3195951121243071,,0.0015759468078613,0.5259843733522577,chromosome
0,0.0012606382369995,183038,183038.2~A13.K_4,4,,normal,183038.2~A13.K_4L.png,183038.2~A13.K_4R.png,train,/data5/chensx/MyProject/UAE/data/arrangement_merged/chr_04/183038.2~A13.K_4L.png,/data5/chensx/MyProject/UAE/data/arrangement_merged/chr_04/183038.2~A13.K_4R.png,0,-0.0871305535124447,,0.0012606382369995,-0.5076692465730636,chromosome
0,0.0019999742507934,183038,183038.2~A15.K_4,4,,normal,183038.2~A15.K_4L.png,183038.2~A15.K_4R.png,train,/data5/chensx/MyProject/UAE/data/arrangement_merged/chr_04/183038.2~A15.K_4L.png,/data5/chensx/MyProject/UAE/data/arrangement_merged/chr_04/183038.2~A15.K_4R.png,0,0.8665604023586839,,0.0019999742507934,1.9160433246090849,chromosome
0,0.0014688968658447,183038,183038.2~A21.K_4,4,,normal,183038.2~A21.K_4L.png,183038.2~A21.K_4R.png,train,/data5/chensx/MyProject/UAE/data/arrangement_merged/chr_04/183038.2~A21.K_4L.png,/data5/chensx/MyProject/UAE/data/arrangement_merged/chr_04/183038.2~A21.K_4R.png,0,0.1815082887814704,,0.0014688968658447,0.175050176492911,chromosome
0,0.0012650489807128,183038,183038.2~A43.K_4,4,,normal,183038.2~A43.K_4L.png,183038.2~A43.K_4R.png,train,/data5/chensx/MyProject/UAE/data/arrangement_merged/chr_04/183038.2~A43.K_4L.png,/data5/chensx/MyProject/UAE/data/arrangement_merged/chr_04/183038.2~A43.K_4R.png,0,-0.0814410073390761,,0.0012650489807128,-0.49320981975395034,chromosome
0,0.00113046169281,183038,183038.2~A46.K_4,4,,normal,183038.2~A46.K_4L.png,183038.2~A46.K_4R.png,train,/data5/chensx/MyProject/UAE/data/arrangement_merged/chr_04/183038.2~A46.K_4L.png,/data5/chensx/MyProject/UAE/data/arrangement_merged/chr_04/183038.2~A46.K_4R.png,0,-0.2550490513859165,,0.00113046169281,-0.9344177354044118,chromosome
0,0.0017026662826538,183038,183038.2~A47.K_4,4,,normal,183038.2~A47.K_4L.png,183038.2~A47.K_4R.png,train,/data5/chensx/MyProject/UAE/data/arrangement_merged/chr_04/183038.2~A47.K_4L.png,/data5/chensx/MyProject/UAE/data/arrangement_merged/chr_04/183038.2~A47.K_4R.png,0,0.4830542359700036,,0.0017026662826538,0.9413997979196842,chromosome
0,0.0016599893569946,183038,183038.3~A12.K_4,4,,normal,183038.3~A12.K_4L.png,183038.3~A12.K_4R.png,train,/data5/chensx/MyProject/UAE/data/arrangement_merged/chr_04/183038.3~A12.K_4L.png,/data5/chensx/MyProject/UAE/data/arrangement_merged/chr_04/183038.3~A12.K_4R.png,0,0.4280040324547079,,0.0016599893569946,0.8014950735592081,chromosome
0,0.0014340877532958,183038,183038.3~A19.K_4,4,,normal,183038.3~A19.K_4L.png,183038.3~A19.K_4R.png,train,/data5/chensx/MyProject/UAE/data/arrangement_merged/chr_04/183038.3~A19.K_4L.png,/data5/chensx/MyProject/UAE/data/arrangement_merged/chr_04/183038.3~A19.K_4R.png,0,0.1366070054673186,,0.0014340877532958,0.060937943215469095,chromosome
0,0.0012077093124389,183038,183038.3~A30.K_4,4,,normal,183038.3~A30.K_4L.png,183038.3~A30.K_4R.png,train,/data5/chensx/MyProject/UAE/data/arrangement_merged/chr_04/183038.3~A30.K_4L.png,/data5/chensx/MyProject/UAE/data/arrangement_merged/chr_04/183038.3~A30.K_4R.png,0,-0.1554051075928673,,0.0012077093124389,-0.6811823684057015,chromosome
0,0.0016275644302368,183038,183038.3~A36.K_4,4,,normal,183038.3~A36.K_4L.png,183038.3~A36.K_4R.png,train,/data5/chensx/MyProject/UAE/data/arrangement_merged/chr_04/183038.3~A36.K_4L.png,/data5/chensx/MyProject/UAE/data/arrangement_merged/chr_04/183038.3~A36.K_4R.png,0,0.3861781795045391,,0.0016275644302368,0.6951987466708924,chromosome
0,0.0016422271728515,183038,183038.4~A15.K_4,4,,normal,183038.4~A15.K_4L.png,183038.4~A15.K_4R.png,train,/data5/chensx/MyProject/UAE/data/arrangement_merged/chr_04/183038.4~A15.K_4L.png,/data5/chensx/MyProject/UAE/data/arrangement_merged/chr_04/183038.4~A15.K_4R.png,0,0.4050920762430345,,0.0016422271728515,0.7432665709621675,chromosome
0,0.0012022256851196,183038,183038.4~A24.K_4,4,,normal,183038.4~A24.K_4L.png,183038.4~A24.K_4R.png,train,/data5/chensx/MyProject/UAE/data/arrangement_merged/chr_04/183038.4~A24.K_4L.png,/data5/chensx/MyProject/UAE/data/arrangement_merged/chr_04/183038.4~A24.K_4R.png,0,-0.1624785974300282,,0.0012022256851196,-0.6991589530999378,chromosome
0,0.0018039345741271,183038,183038.4~A36.K_4,4,,normal,183038.4~A36.K_4L.png,183038.4~A36.K_4R.png,train,/data5/chensx/MyProject/UAE/data/arrangement_merged/chr_04/183038.4~A36.K_4L.png,/data5/chensx/MyProject/UAE/data/arrangement_merged/chr_04/183038.4~A36.K_4R.png,0,0.6136831406801816,,0.0018039345741271,1.2733804217857851,chromosome
0,0.0014863610267639,183038,183038.4~A39.K_4,4,,normal,183038.4~A39.K_4L.png,183038.4~A39.K_4R.png,train,/data5/chensx/MyProject/UAE/data/arrangement_merged/chr_04/183038.4~A39.K_4L.png,/data5/chensx/MyProject/UAE/data/arrangement_merged/chr_04/183038.4~A39.K_4R.png,0,0.2040358161976459,,0.0014863610267639,0.2323016907912693,chromosome
0,0.001542329788208,183079,183079.11~A27.K_4,4,,normal,183079.11~A27.K_4L.png,183079.11~A27.K_4R.png,train,/data5/chensx/MyProject/UAE/data/arrangement_merged/chr_04/183079.11~A27.K_4L.png,/data5/chensx/MyProject/UAE/data/arrangement_merged/chr_04/183079.11~A27.K_4R.png,0,0.3450388697060353,,0.001542329788208,0.41578009326954346,chromosome
0,0.0012017488479614,183079,183079.12~A27.K_4,4,,normal,183079.12~A27.K_4L.png,183079.12~A27.K_4R.png,train,/data5/chensx/MyProject/UAE/data/arrangement_merged/chr_04/183079.12~A27.K_4L.png,/data5/chensx/MyProject/UAE/data/arrangement_merged/chr_04/183079.12~A27.K_4R.png,0,-0.1155122317194672,,0.0012017488479614,-0.7007221343776978,chromosome
0,0.0011780261993408,183079,183079.12~A37.K_4,4,,normal,183079.12~A37.K_4L.png,183079.12~A37.K_4R.png,train,/data5/chensx/MyProject/UAE/data/arrangement_merged/chr_04/183079.12~A37.K_4L.png,/data5/chensx/MyProject/UAE/data/arrangement_merged/chr_04/183079.12~A37.K_4R.png,0,-0.1475912198831616,,0.0011780261993408,-0.7784904029467348,chromosome
0,0.0017054080963134,183079,183079.12~A44.K_4,4,,normal,183079.12~A44.K_4L.png,183079.12~A44.K_4R.png,train,/data5/chensx/MyProject/UAE/data/arrangement_merged/chr_04/183079.12~A44.K_4L.png,/data5/chensx/MyProject/UAE/data/arrangement_merged/chr_04/183079.12~A44.K_4R.png,0,0.5655617632132414,,0.0017054080963134,0.9503880902666388,chromosome
0,0.0016743540763854,183079,183079.13~A12.K_4,4,,normal,183079.13~A12.K_4L.png,183079.13~A12.K_4R.png,train,/data5/chensx/MyProject/UAE/data/arrangement_merged/chr_04/183079.13~A12.K_4L.png,/data5/chensx/MyProject/UAE/data/arrangement_merged/chr_04/183079.13~A12.K_4R.png,0,0.5235689168984554,,0.0016743540763854,0.8485859095518009,chromosome
0,0.0016326904296875,183079,183079.13~A19.K_4,4,,normal,183079.13~A19.K_4L.png,183079.13~A19.K_4R.png,train,/data5/chensx/MyProject/UAE/data/arrangement_merged/chr_04/183079.13~A19.K_4L.png,/data5/chensx/MyProject/UAE/data/arrangement_merged/chr_04/183079.13~A19.K_4R.png,0,0.4672291864300574,,0.0016326904296875,0.7120029454069734,chromosome
0,0.0013253688812255,183079,183079.13~A27.K_4,4,,normal,183079.13~A27.K_4L.png,183079.13~A27.K_4R.png,train,/data5/chensx/MyProject/UAE/data/arrangement_merged/chr_04/183079.13~A27.K_4L.png,/data5/chensx/MyProject/UAE/data/arrangement_merged/chr_04/183079.13~A27.K_4R.png,0,0.0516531488119454,,0.0013253688812255,-0.29546738811603684,chromosome
0,0.0015521049499511,183079,183079.13~A6.K_4,4,,normal,183079.13~A6.K_4L.png,183079.13~A6.K_4R.png,train,/data5/chensx/MyProject/UAE/data/arrangement_merged/chr_04/183079.13~A6.K_4L.png,/data5/chensx/MyProject/UAE/data/arrangement_merged/chr_04/183079.13~A6.K_4R.png,0,0.358257347240824,,0.0015521049499511,0.4478253094636176,chromosome
0,0.0018931031227111,183079,183079.13~A9.K_4,4,,normal,183079.13~A9.K_4L.png,183079.13~A9.K_4R.png,train,/data5/chensx/MyProject/UAE/data/arrangement_merged/chr_04/183079.13~A9.K_4L.png,/data5/chensx/MyProject/UAE/data/arrangement_merged/chr_04/183079.13~A9.K_4R.png,0,0.8193726519757383,,0.0018931031227111,1.5656953207288158,chromosome
0,0.0017688870429992,183079,183079.14~A11.K_4,4,,normal,183079.14~A11.K_4L.png,183079.14~A11.K_4R.png,train,/data5/chensx/MyProject/UAE/data/arrangement_merged/chr_04/183079.14~A11.K_4L.png,/data5/chensx/MyProject/UAE/data/arrangement_merged/chr_04/183079.14~A11.K_4R.png,0,0.6514012667165946,,0.0017688870429992,1.1584865978697918,chromosome
0,0.0018232464790344,183079,183079.14~A13.K_4,4,,normal,183079.14~A13.K_4L.png,183079.14~A13.K_4R.png,train,/data5/chensx/MyProject/UAE/data/arrangement_merged/chr_04/183079.14~A13.K_4L.png,/data5/chensx/MyProject/UAE/data/arrangement_merged/chr_04/183079.14~A13.K_4R.png,0,0.7249088978856633,,0.0018232464790344,1.3366892635357088,chromosome
0,0.0014865398406982,183079,183079.14~A23.K_4,4,,normal,183079.14~A23.K_4L.png,183079.14~A23.K_4R.png,train,/data5/chensx/MyProject/UAE/data/arrangement_merged/chr_04/183079.14~A23.K_4L.png,/data5/chensx/MyProject/UAE/data/arrangement_merged/chr_04/183079.14~A23.K_4R.png,0,0.2695968271904122,,0.0014865398406982,0.232887883770347,chromosome
0,0.0010125637054443,183079,183079.14~A24.K_4,4,,normal,183079.14~A24.K_4L.png,183079.14~A24.K_4R.png,train,/data5/chensx/MyProject/UAE/data/arrangement_merged/chr_04/183079.14~A24.K_4L.png,/data5/chensx/MyProject/UAE/data/arrangement_merged/chr_04/183079.14~A24.K_4R.png,0,-0.3713381323012917,,0.0010125637054443,-1.3209143063329565,chromosome
0,0.001372218132019,183079,183079.14~A26.K_4,4,,normal,183079.14~A26.K_4L.png,183079.14~A26.K_4R.png,train,/data5/chensx/MyProject/UAE/data/arrangement_merged/chr_04/183079.14~A26.K_4L.png,/data5/chensx/MyProject/UAE/data/arrangement_merged/chr_04/183079.14~A26.K_4R.png,0,0.1150051204116033,,0.001372218132019,-0.14188482757499912,chromosome
0,0.0012627840042114,183079,183079.14~A28.K_4,4,,normal,183079.14~A28.K_4L.png,183079.14~A28.K_4R.png,train,/data5/chensx/MyProject/UAE/data/arrangement_merged/chr_04/183079.14~A28.K_4L.png,/data5/chensx/MyProject/UAE/data/arrangement_merged/chr_04/183079.14~A28.K_4R.png,0,-0.0329773475998112,,0.0012627840042114,-0.500634930823145,chromosome
0,0.0017146468162536,183079,183079.14~A3.K_4,4,,normal,183079.14~A3.K_4L.png,183079.14~A3.K_4R.png,train,/data5/chensx/MyProject/UAE/data/arrangement_merged/chr_04/183079.14~A3.K_4L.png,/data5/chensx/MyProject/UAE/data/arrangement_merged/chr_04/183079.14~A3.K_4R.png,0,0.5780548364930721,,0.0017146468162536,0.9806747275234792,chromosome
0,0.0017321109771728,183079,183079.14~A34.K_4,4,,normal,183079.14~A34.K_4L.png,183079.14~A34.K_4R.png,train,/data5/chensx/MyProject/UAE/data/arrangement_merged/chr_04/183079.14~A34.K_4L.png,/data5/chensx/MyProject/UAE/data/arrangement_merged/chr_04/183079.14~A34.K_4R.png,0,0.6016707750155909,,0.0017321109771728,1.0379262418218373,chromosome
0,0.0022666454315185,183079,183079.14~A38.K_4,4,,normal,183079.14~A38.K_4L.png,183079.14~A38.K_4R.png,train,/data5/chensx/MyProject/UAE/data/arrangement_merged/chr_04/183079.14~A38.K_4L.png,/data5/chensx/MyProject/UAE/data/arrangement_merged/chr_04/183079.14~A38.K_4R.png,0,1.324495814844766,,0.0022666454315185,2.7902524542019345,chromosome
0,0.0013787746429443,183079,183079.14~A6.K_4,4,,normal,183079.14~A6.K_4L.png,183079.14~A6.K_4R.png,train,/data5/chensx/MyProject/UAE/data/arrangement_merged/chr_04/183079.14~A6.K_4L.png,/data5/chensx/MyProject/UAE/data/arrangement_merged/chr_04/183079.14~A6.K_4R.png,0,0.1238711724166445,,0.0013787746429443,-0.12039108500563965,chromosome
0,0.0015081763267517,183079,183079.2~A40.K_4,4,,normal,183079.2~A40.K_4L.png,183079.2~A40.K_4R.png,train,/data5/chensx/MyProject/UAE/data/arrangement_merged/chr_04/183079.2~A40.K_4L.png,/data5/chensx/MyProject/UAE/data/arrangement_merged/chr_04/183079.2~A40.K_4R.png,0,0.2988547988070481,,0.0015081763267517,0.30381723424926765,chromosome
0,0.0015246868133544,183079,183079.2~A8.K_4,4,,normal,183079.2~A8.K_4L.png,183079.2~A8.K_4R.png,train,/data5/chensx/MyProject/UAE/data/arrangement_merged/chr_04/183079.2~A8.K_4L.png,/data5/chensx/MyProject/UAE/data/arrangement_merged/chr_04/183079.2~A8.K_4R.png,0,0.3211811297651972,,0.0015246868133544,0.357942385991779,chromosome
0,0.0015605092048645,183079,183079.3~A16.K_4,4,,normal,183079.3~A16.K_4L.png,183079.3~A16.K_4R.png,train,/data5/chensx/MyProject/UAE/data/arrangement_merged/chr_04/183079.3~A16.K_4L.png,/data5/chensx/MyProject/UAE/data/arrangement_merged/chr_04/183079.3~A16.K_4R.png,0,0.3696220139018313,,0.0015605092048645,0.47537637948454176,chromosome
0,0.0008002519607543,183079,183079.3~A22.K_4,4,,normal,183079.3~A22.K_4L.png,183079.3~A22.K_4R.png,train,/data5/chensx/MyProject/UAE/data/arrangement_merged/chr_04/183079.3~A22.K_4L.png,/data5/chensx/MyProject/UAE/data/arrangement_merged/chr_04/183079.3~A22.K_4R.png,0,-0.6584370163190797,,0.0008002519607543,-2.016920770260216,chromosome
0,0.0009997487068176,183079,183079.3~A5.K_4,4,,normal,183079.3~A5.K_4L.png,183079.3~A5.K_4R.png,train,/data5/chensx/MyProject/UAE/data/arrangement_merged/chr_04/183079.3~A5.K_4L.png,/data5/chensx/MyProject/UAE/data/arrangement_merged/chr_04/183079.3~A5.K_4R.png,0,-0.3886672339475086,,0.0009997487068176,-1.3629248031729937,chromosome
0,0.0015292763710021,183079,183079.3~A7.K_4,4,,normal,183079.3~A7.K_4L.png,183079.3~A7.K_4R.png,train,/data5/chensx/MyProject/UAE/data/arrangement_merged/chr_04/183079.3~A7.K_4L.png,/data5/chensx/MyProject/UAE/data/arrangement_merged/chr_04/183079.3~A7.K_4R.png,0,0.3273873661687261,,0.0015292763710021,0.37298800579029767,chromosome
0,0.001749038696289,183079,183079.4~A13.K_4,4,,normal,183079.4~A13.K_4L.png,183079.4~A13.K_4R.png,train,/data5/chensx/MyProject/UAE/data/arrangement_merged/chr_04/183079.4~A13.K_4L.png,/data5/chensx/MyProject/UAE/data/arrangement_merged/chr_04/183079.4~A13.K_4R.png,0,0.6245613092831517,,0.001749038696289,1.093419177182635,chromosome
0,0.0017502307891845,183079,183079.4~A17.K_4,4,,normal,183079.4~A17.K_4L.png,183079.4~A17.K_4R.png,train,/data5/chensx/MyProject/UAE/data/arrangement_merged/chr_04/183079.4~A17.K_4L.png,/data5/chensx/MyProject/UAE/data/arrangement_merged/chr_04/183079.4~A17.K_4R.png,0,0.6261733187386137,,0.0017502307891845,1.0973271303770342,chromosome
0,0.0016906261444091,183079,183079.4~A18.K_4,4,,normal,183079.4~A18.K_4L.png,183079.4~A18.K_4R.png,train,/data5/chensx/MyProject/UAE/data/arrangement_merged/chr_04/183079.4~A18.K_4L.png,/data5/chensx/MyProject/UAE/data/arrangement_merged/chr_04/183079.4~A18.K_4R.png,0,0.5455728459655121,,0.0016906261444091,0.9019294706557607,chromosome
0,0.001315951347351,183079,183079.4~A23.K_4,4,,normal,183079.4~A23.K_4L.png,183079.4~A23.K_4R.png,train,/data5/chensx/MyProject/UAE/data/arrangement_merged/chr_04/183079.4~A23.K_4L.png,/data5/chensx/MyProject/UAE/data/arrangement_merged/chr_04/183079.4~A23.K_4R.png,0,0.0389182741137954,,0.001315951347351,-0.3263402183519548,chromosome
0,0.001254379749298,183079,183079.4~A29.K_4,4,,normal,183079.4~A29.K_4L.png,183079.4~A29.K_4R.png,train,/data5/chensx/MyProject/UAE/data/arrangement_merged/chr_04/183079.4~A29.K_4L.png,/data5/chensx/MyProject/UAE/data/arrangement_merged/chr_04/183079.4~A29.K_4R.png,0,-0.0443420142608185,,0.001254379749298,-0.5281860008440692,chromosome
0,0.001387596130371,183079,183079.4~A4.K_4,4,,normal,183079.4~A4.K_4L.png,183079.4~A4.K_4R.png,train,/data5/chensx/MyProject/UAE/data/arrangement_merged/chr_04/183079.4~A4.K_4L.png,/data5/chensx/MyProject/UAE/data/arrangement_merged/chr_04/183079.4~A4.K_4R.png,0,0.1358000423870635,,0.001387596130371,-0.09147223136708478,chromosome
0,0.0011148452758789,183079,183079.4~A50.K_4,4,,normal,183079.4~A50.K_4L.png,183079.4~A50.K_4R.png,train,/data5/chensx/MyProject/UAE/data/arrangement_merged/chr_04/183079.4~A50.K_4L.png,/data5/chensx/MyProject/UAE/data/arrangement_merged/chr_04/183079.4~A50.K_4R.png,0,-0.2330277210226494,,0.0011148452758789,-0.9856119222512061,chromosome
0,0.0015007853507995,183214,183214.11~A34.K_4,4,,normal,183214.11~A34.K_4L.png,183214.11~A34.K_4R.png,train,/data5/chensx/MyProject/UAE/data/arrangement_merged/chr_04/183214.11~A34.K_4L.png,/data5/chensx/MyProject/UAE/data/arrangement_merged/chr_04/183214.11~A34.K_4R.png,0,0.229162926761776,,0.0015007853507995,0.27958792444366437,chromosome
0,0.0014897584915161,183214,183214.11~A9.K_4,4,,normal,183214.11~A9.K_4L.png,183214.11~A9.K_4R.png,train,/data5/chensx/MyProject/UAE/data/arrangement_merged/chr_04/183214.11~A9.K_4L.png,/data5/chensx/MyProject/UAE/data/arrangement_merged/chr_04/183214.11~A9.K_4R.png,0,0.2147008538277781,,0.0014897584915161,0.24343935739538938,chromosome
0,0.0019664168357849,183214,183214.12~A1.K_4,4,,normal,183214.12~A1.K_4L.png,183214.12~A1.K_4R.png,train,/data5/chensx/MyProject/UAE/data/arrangement_merged/chr_04/183214.12~A1.K_4L.png,/data5/chensx/MyProject/UAE/data/arrangement_merged/chr_04/183214.12~A1.K_4R.png,0,0.8398532714125416,,0.0019664168357849,1.806034442186173,chromosome
0,0.0009733438491821,183214,183214.12~A24.K_4,4,,normal,183214.12~A24.K_4L.png,183214.12~A24.K_4R.png,train,/data5/chensx/MyProject/UAE/data/arrangement_merged/chr_04/183214.12~A24.K_4L.png,/data5/chensx/MyProject/UAE/data/arrangement_merged/chr_04/183214.12~A24.K_4R.png,0,-0.4625931996865887,,0.0009733438491821,-1.4494859664295112,chromosome
0,0.0017054080963134,183214,183214.12~A8.K_4,4,,normal,183214.12~A8.K_4L.png,183214.12~A8.K_4R.png,train,/data5/chensx/MyProject/UAE/data/arrangement_merged/chr_04/183214.12~A8.K_4L.png,/data5/chensx/MyProject/UAE/data/arrangement_merged/chr_04/183214.12~A8.K_4R.png,0,0.4975320963964507,,0.0017054080963134,0.9503880902666388,chromosome
0,0.0011798739433288,183214,183214.13~A21.K_4,4,,normal,183214.13~A21.K_4L.png,183214.13~A21.K_4R.png,train,/data5/chensx/MyProject/UAE/data/arrangement_merged/chr_04/183214.13~A21.K_4L.png,/data5/chensx/MyProject/UAE/data/arrangement_merged/chr_04/183214.13~A21.K_4R.png,0,-0.1917224823011684,,0.0011798739433288,-0.7724330754954978,chromosome
0,0.0012890100479125,183214,183214.13~A34.K_4,4,,normal,183214.13~A34.K_4L.png,183214.13~A34.K_4R.png,train,/data5/chensx/MyProject/UAE/data/arrangement_merged/chr_04/183214.13~A34.K_4L.png,/data5/chensx/MyProject/UAE/data/arrangement_merged/chr_04/183214.13~A34.K_4R.png,0,-0.0485870469381945,,0.0012890100479125,-0.41465996054603343,chromosome
0,0.0014727711677551,183214,183214.13~A49.K_4,4,,normal,183214.13~A49.K_4L.png,183214.13~A49.K_4R.png,train,/data5/chensx/MyProject/UAE/data/arrangement_merged/chr_04/183214.13~A49.K_4L.png,/data5/chensx/MyProject/UAE/data/arrangement_merged/chr_04/183214.13~A49.K_4R.png,0,0.1924214441727002,,0.0014727711677551,0.18775102437479035,chromosome
0,0.001874029636383,183214,183214.13~A6.K_4,4,,normal,183214.13~A6.K_4L.png,183214.13~A6.K_4R.png,train,/data5/chensx/MyProject/UAE/data/arrangement_merged/chr_04/183214.13~A6.K_4L.png,/data5/chensx/MyProject/UAE/data/arrangement_merged/chr_04/183214.13~A6.K_4R.png,0,0.7186845522358024,,0.001874029636383,1.5031680696181007,chromosome
0,0.0015696883201599,183214,183214.14~A11.K_4,4,,normal,183214.14~A11.K_4L.png,183214.14~A11.K_4R.png,train,/data5/chensx/MyProject/UAE/data/arrangement_merged/chr_04/183214.14~A11.K_4L.png,/data5/chensx/MyProject/UAE/data/arrangement_merged/chr_04/183214.14~A11.K_4R.png,0,0.3195313392574602,,0.0015696883201599,0.5054676190815798,chromosome
0,0.0009640455245971,183214,183214.14~A17.K_4,4,,normal,183214.14~A17.K_4L.png,183214.14~A17.K_4R.png,train,/data5/chensx/MyProject/UAE/data/arrangement_merged/chr_04/183214.14~A17.K_4L.png,/data5/chensx/MyProject/UAE/data/arrangement_merged/chr_04/183214.14~A17.K_4R.png,0,-0.4747882449714734,,0.0009640455245971,-1.479968001346153,chromosome
0,0.0010455846786499,183214,183214.14~A19.K_4,4,,normal,183214.14~A19.K_4L.png,183214.14~A19.K_4R.png,train,/data5/chensx/MyProject/UAE/data/arrangement_merged/chr_04/183214.14~A19.K_4L.png,/data5/chensx/MyProject/UAE/data/arrangement_merged/chr_04/183214.14~A19.K_4R.png,0,-0.3678470786270997,,0.0010455846786499,-1.2126640028472777,chromosome
0,0.001428484916687,183214,183214.14~A21.K_4,4,,normal,183214.14~A21.K_4L.png,183214.14~A21.K_4R.png,train,/data5/chensx/MyProject/UAE/data/arrangement_merged/chr_04/183214.14~A21.K_4L.png,/data5/chensx/MyProject/UAE/data/arrangement_merged/chr_04/183214.14~A21.K_4R.png,0,0.1343386323350762,,0.001428484916687,0.042570563201956596,chromosome
0,0.0015367269515991,183214,183214.14~A6.K_4,4,,normal,183214.14~A6.K_4L.png,183214.14~A6.K_4R.png,train,/data5/chensx/MyProject/UAE/data/arrangement_merged/chr_04/183214.14~A6.K_4L.png,/data5/chensx/MyProject/UAE/data/arrangement_merged/chr_04/183214.14~A6.K_4R.png,0,0.2763014671898881,,0.0015367269515991,0.39741271325570326,chromosome
0,0.0012849569320678,183214,183214.2~A19.K_4,4,,normal,183214.2~A19.K_4L.png,183214.2~A19.K_4R.png,train,/data5/chensx/MyProject/UAE/data/arrangement_merged/chr_04/183214.2~A19.K_4L.png,/data5/chensx/MyProject/UAE/data/arrangement_merged/chr_04/183214.2~A19.K_4R.png,0,-0.0539028359085289,,0.0012849569320678,-0.4279470014069912,chromosome
0,0.0014530420303344,183214,183214.2~A25.K_4,4,,normal,183214.2~A25.K_4L.png,183214.2~A25.K_4R.png,train,/data5/chensx/MyProject/UAE/data/arrangement_merged/chr_04/183214.2~A25.K_4L.png,/data5/chensx/MyProject/UAE/data/arrangement_merged/chr_04/183214.2~A25.K_4R.png,0,0.1665460596259256,,0.0014530420303344,0.12307439900690895,chromosome
0,0.0015326738357543,183214,183214.2~A30.K_4,4,,normal,183214.2~A30.K_4L.png,183214.2~A30.K_4R.png,train,/data5/chensx/MyProject/UAE/data/arrangement_merged/chr_04/183214.2~A30.K_4L.png,/data5/chensx/MyProject/UAE/data/arrangement_merged/chr_04/183214.2~A30.K_4R.png,0,0.2709856782195537,,0.0015326738357543,0.38412567239441775,chromosome
0,0.001598834991455,183214,183214.2~A36.K_4,4,,normal,183214.2~A36.K_4L.png,183214.2~A36.K_4R.png,train,/data5/chensx/MyProject/UAE/data/arrangement_merged/chr_04/183214.2~A36.K_4L.png,/data5/chensx/MyProject/UAE/data/arrangement_merged/chr_04/183214.2~A36.K_4R.png,0,0.3577581158235411,,0.001598834991455,0.6010170746850515,chromosome
0,0.0015997886657714,183214,183214.2~A39.K_4,4,,normal,183214.2~A39.K_4L.png,183214.2~A39.K_4R.png,train,/data5/chensx/MyProject/UAE/data/arrangement_merged/chr_04/183214.2~A39.K_4L.png,/data5/chensx/MyProject/UAE/data/arrangement_merged/chr_04/183214.2~A39.K_4R.png,0,0.359008889698914,,0.0015997886657714,0.6041434372405707,chromosome
0,0.0016653537750244,183214,183214.2~A45.K_4,4,,normal,183214.2~A45.K_4L.png,183214.2~A45.K_4R.png,train,/data5/chensx/MyProject/UAE/data/arrangement_merged/chr_04/183214.2~A45.K_4L.png,/data5/chensx/MyProject/UAE/data/arrangement_merged/chr_04/183214.2~A45.K_4R.png,0,0.4449995936307934,,0.0016653537750244,0.8190808629341683,chromosome
0,0.0016366243362426,183214,183214.2~A6.K_4,4,,normal,183214.2~A6.K_4L.png,183214.2~A6.K_4R.png,train,/data5/chensx/MyProject/UAE/data/arrangement_merged/chr_04/183214.2~A6.K_4L.png,/data5/chensx/MyProject/UAE/data/arrangement_merged/chr_04/183214.2~A6.K_4R.png,0,0.407320030635188,,0.0016366243362426,0.7248991909483273,chromosome
0,0.001283049583435,183214,183214.3~A12.K_4,4,,normal,183214.3~A12.K_4L.png,183214.3~A12.K_4R.png,train,/data5/chensx/MyProject/UAE/data/arrangement_merged/chr_04/183214.3~A12.K_4L.png,/data5/chensx/MyProject/UAE/data/arrangement_merged/chr_04/183214.3~A12.K_4R.png,0,-0.0564043836592745,,0.001283049583435,-0.4341997265180298,chromosome
0,0.0014376640319824,183214,183214.3~A19.K_4,4,,normal,183214.3~A19.K_4L.png,183214.3~A19.K_4R.png,train,/data5/chensx/MyProject/UAE/data/arrangement_merged/chr_04/183214.3~A19.K_4L.png,/data5/chensx/MyProject/UAE/data/arrangement_merged/chr_04/183214.3~A19.K_4R.png,0,0.1463773308855393,,0.0014376640319824,0.0726618027989946,chromosome
0,0.0014975070953369,183214,183214.3~A28.K_4,4,,normal,183214.3~A28.K_4L.png,183214.3~A28.K_4R.png,train,/data5/chensx/MyProject/UAE/data/arrangement_merged/chr_04/183214.3~A28.K_4L.png,/data5/chensx/MyProject/UAE/data/arrangement_merged/chr_04/183214.3~A28.K_4R.png,0,0.224863391565182,,0.0014975070953369,0.26884105315914814,chromosome
0,0.0019142627716064,183214,183214.3~A4.K_4,4,,normal,183214.3~A4.K_4L.png,183214.3~A4.K_4R.png,train,/data5/chensx/MyProject/UAE/data/arrangement_merged/chr_04/183214.3~A4.K_4L.png,/data5/chensx/MyProject/UAE/data/arrangement_merged/chr_04/183214.3~A4.K_4R.png,0,0.7714515751030921,,0.0019142627716064,1.6350614899299765,chromosome
0,0.0014183521270751,183214,183214.3~A42.K_4,4,,normal,183214.3~A42.K_4L.png,183214.3~A42.K_4R.png,train,/data5/chensx/MyProject/UAE/data/arrangement_merged/chr_04/183214.3~A42.K_4L.png,/data5/chensx/MyProject/UAE/data/arrangement_merged/chr_04/183214.3~A42.K_4R.png,0,0.1210491599092403,,0.0014183521270751,0.009352961049070904,chromosome
0,0.0014535784721374,183214,183214.3~A43.K_4,4,,normal,183214.3~A43.K_4L.png,183214.3~A43.K_4R.png,train,/data5/chensx/MyProject/UAE/data/arrangement_merged/chr_04/183214.3~A43.K_4L.png,/data5/chensx/MyProject/UAE/data/arrangement_merged/chr_04/183214.3~A43.K_4R.png,0,0.1672496199308228,,0.0014535784721374,0.12483297794447051,chromosome
0,0.0016669631004333,183214,183214.3~A47.K_4,4,,normal,183214.3~A47.K_4L.png,183214.3~A47.K_4R.png,train,/data5/chensx/MyProject/UAE/data/arrangement_merged/chr_04/183214.3~A47.K_4L.png,/data5/chensx/MyProject/UAE/data/arrangement_merged/chr_04/183214.3~A47.K_4R.png,0,0.447110274545485,,0.0016669631004333,0.8243565997465253,chromosome
0,0.001701533794403,183214,183214.4~A22.K_4,4,,normal,183214.4~A22.K_4L.png,183214.4~A22.K_4R.png,train,/data5/chensx/MyProject/UAE/data/arrangement_merged/chr_04/183214.4~A22.K_4L.png,/data5/chensx/MyProject/UAE/data/arrangement_merged/chr_04/183214.4~A22.K_4R.png,0,0.4924508275277487,,0.001701533794403,0.9376872423847594,chromosome
0,0.001488447189331,183214,183214.4~A24.K_4,4,,normal,183214.4~A24.K_4L.png,183214.4~A24.K_4R.png,train,/data5/chensx/MyProject/UAE/data/arrangement_merged/chr_04/183214.4~A24.K_4L.png,/data5/chensx/MyProject/UAE/data/arrangement_merged/chr_04/183214.4~A24.K_4R.png,0,0.2129810397491405,,0.001488447189331,0.23914060888138627,chromosome
0,0.00150728225708,183214,183214.4~A26.K_4,4,,normal,183214.4~A26.K_4L.png,183214.4~A26.K_4R.png,train,/data5/chensx/MyProject/UAE/data/arrangement_merged/chr_04/183214.4~A26.K_4L.png,/data5/chensx/MyProject/UAE/data/arrangement_merged/chr_04/183214.4~A26.K_4R.png,0,0.2376838237877531,,0.00150728225708,0.30088626935322227,chromosome
0,0.0017560720443725,183214,183214.4~A28.K_4,4,,normal,183214.4~A28.K_4L.png,183214.4~A28.K_4R.png,train,/data5/chensx/MyProject/UAE/data/arrangement_merged/chr_04/183214.4~A28.K_4L.png,/data5/chensx/MyProject/UAE/data/arrangement_merged/chr_04/183214.4~A28.K_4R.png,0,0.5639794585256303,,0.0017560720443725,1.1164761010297544,chromosome
0,0.0017492175102233,183214,183214.4~A50.K_4,4,,normal,183214.4~A50.K_4L.png,183214.4~A50.K_4R.png,train,/data5/chensx/MyProject/UAE/data/arrangement_merged/chr_04/183214.4~A50.K_4L.png,/data5/chensx/MyProject/UAE/data/arrangement_merged/chr_04/183214.4~A50.K_4R.png,0,0.5549895212963883,,0.0017492175102233,1.0940053701617125,chromosome
0,0.0019129514694213,183214,183214.4~A8.K_4,4,,normal,183214.4~A8.K_4L.png,183214.4~A8.K_4R.png,train,/data5/chensx/MyProject/UAE/data/arrangement_merged/chr_04/183214.4~A8.K_4L.png,/data5/chensx/MyProject/UAE/data/arrangement_merged/chr_04/183214.4~A8.K_4R.png,0,0.7697317610244545,,0.0019129514694213,1.6307627414159733,chromosome
0,0.0012873411178588,183262,183262.11~A16.K_4,4,,normal,183262.11~A16.K_4L.png,183262.11~A16.K_4R.png,train,/data5/chensx/MyProject/UAE/data/arrangement_merged/chr_04/183262.11~A16.K_4L.png,/data5/chensx/MyProject/UAE/data/arrangement_merged/chr_04/183262.11~A16.K_4R.png,0,-0.0617918685300551,,0.0012873411178588,-0.4201310950181927,chromosome
0,0.0011049509048461,183262,183262.12~A5.K_4,4,,normal,183262.12~A5.K_4L.png,183262.12~A5.K_4R.png,train,/data5/chensx/MyProject/UAE/data/arrangement_merged/chr_04/183262.12~A5.K_4L.png,/data5/chensx/MyProject/UAE/data/arrangement_merged/chr_04/183262.12~A5.K_4R.png,0,-0.2924800371753909,,0.0011049509048461,-1.0180479337652117,chromosome
0,0.0015109777450561,183262,183262.14~A1.K_4,4,,normal,183262.14~A1.K_4L.png,183262.14~A1.K_4R.png,train,/data5/chensx/MyProject/UAE/data/arrangement_merged/chr_04/183262.14~A1.K_4L.png,/data5/chensx/MyProject/UAE/data/arrangement_merged/chr_04/183262.14~A1.K_4R.png,0,0.2210649970769055,,0.0015109777450561,0.31300092425602394,chromosome
0,0.0011628866195678,183262,183262.14~A16.K_4,4,,normal,183262.14~A16.K_4L.png,183262.14~A16.K_4R.png,train,/data5/chensx/MyProject/UAE/data/arrangement_merged/chr_04/183262.14~A16.K_4L.png,/data5/chensx/MyProject/UAE/data/arrangement_merged/chr_04/183262.14~A16.K_4R.png,0,-0.2192026188998136,,0.0011628866195678,-0.8281214085160968,chromosome
0,0.0015981197357177,183262,183262.14~A21.K_4,4,,normal,183262.14~A21.K_4L.png,183262.14~A21.K_4R.png,train,/data5/chensx/MyProject/UAE/data/arrangement_merged/chr_04/183262.14~A21.K_4L.png,/data5/chensx/MyProject/UAE/data/arrangement_merged/chr_04/183262.14~A21.K_4R.png,0,0.3312826776518992,,0.0015981197357177,0.5986723027684114,chromosome
0,0.0015578269958496,183262,183262.14~A23.K_4,4,,normal,183262.14~A23.K_4L.png,183262.14~A23.K_4R.png,train,/data5/chensx/MyProject/UAE/data/arrangement_merged/chr_04/183262.14~A23.K_4L.png,/data5/chensx/MyProject/UAE/data/arrangement_merged/chr_04/183262.14~A23.K_4R.png,0,0.2803201933367859,,0.0015578269958496,0.46658348479706163,chromosome
0,0.0015045404434204,183262,183262.14~A29.K_4,4,,normal,183262.14~A29.K_4L.png,183262.14~A29.K_4R.png,train,/data5/chensx/MyProject/UAE/data/arrangement_merged/chr_04/183262.14~A29.K_4L.png,/data5/chensx/MyProject/UAE/data/arrangement_merged/chr_04/183262.14~A29.K_4R.png,0,0.2129230617129524,,0.0015045404434204,0.2918979770062676,chromosome
0,0.0015841126441955,183262,183262.14~A33.K_4,4,,normal,183262.14~A33.K_4L.png,183262.14~A33.K_4R.png,train,/data5/chensx/MyProject/UAE/data/arrangement_merged/chr_04/183262.14~A33.K_4L.png,/data5/chensx/MyProject/UAE/data/arrangement_merged/chr_04/183262.14~A33.K_4R.png,0,0.3135664294062607,,0.0015841126441955,0.5527538527339748,chromosome
0,0.0015547275543212,183262,183262.14~A38.K_4,4,,normal,183262.14~A38.K_4L.png,183262.14~A38.K_4R.png,train,/data5/chensx/MyProject/UAE/data/arrangement_merged/chr_04/183262.14~A38.K_4L.png,/data5/chensx/MyProject/UAE/data/arrangement_merged/chr_04/183262.14~A38.K_4R.png,0,0.2764000022356233,,0.0015547275543212,0.4564228064912954,chromosome
0,0.0018290281295776,183262,183262.14~A45.K_4,4,,normal,183262.14~A45.K_4L.png,183262.14~A45.K_4R.png,train,/data5/chensx/MyProject/UAE/data/arrangement_merged/chr_04/183262.14~A45.K_4L.png,/data5/chensx/MyProject/UAE/data/arrangement_merged/chr_04/183262.14~A45.K_4R.png,0,0.6233369146885105,,0.0018290281295776,1.3556428365286275,chromosome
0,0.0013270378112792,183262,183262.14~A8.K_4,4,,normal,183262.14~A8.K_4L.png,183262.14~A8.K_4R.png,train,/data5/chensx/MyProject/UAE/data/arrangement_merged/chr_04/183262.14~A8.K_4L.png,/data5/chensx/MyProject/UAE/data/arrangement_merged/chr_04/183262.14~A8.K_4R.png,0,-0.0115832671190115,,0.0013270378112792,-0.28999625364387827,chromosome
0,0.0011516213417053,183262,183262.1~A2.K_4,4,,normal,183262.1~A2.K_4L.png,183262.1~A2.K_4R.png,train,/data5/chensx/MyProject/UAE/data/arrangement_merged/chr_04/183262.1~A2.K_4L.png,/data5/chensx/MyProject/UAE/data/arrangement_merged/chr_04/183262.1~A2.K_4R.png,0,-0.2334510057867314,,0.0011516213417053,-0.8650515662032517,chromosome
0,0.0022836923599243,183262,183262.1~A24.K_4,4,,normal,183262.1~A24.K_4L.png,183262.1~A24.K_4R.png,train,/data5/chensx/MyProject/UAE/data/arrangement_merged/chr_04/183262.1~A24.K_4L.png,/data5/chensx/MyProject/UAE/data/arrangement_merged/chr_04/183262.1~A24.K_4R.png,0,1.1983987939128964,,0.0022836923599243,2.8461361848823348,chromosome
0,0.0015287995338439,183262,183262.1~A26.K_4,4,,normal,183262.1~A26.K_4L.png,183262.1~A26.K_4R.png,train,/data5/chensx/MyProject/UAE/data/arrangement_merged/chr_04/183262.1~A26.K_4L.png,/data5/chensx/MyProject/UAE/data/arrangement_merged/chr_04/183262.1~A26.K_4R.png,0,0.2436060959085902,,0.0015287995338439,0.3714248245125384,chromosome
0,0.0017884969711303,183262,183262.1~A42.K_4,4,,normal,183262.1~A42.K_4L.png,183262.1~A42.K_4R.png,train,/data5/chensx/MyProject/UAE/data/arrangement_merged/chr_04/183262.1~A42.K_4L.png,/data5/chensx/MyProject/UAE/data/arrangement_merged/chr_04/183262.1~A42.K_4R.png,0,0.5720728772117692,,0.0017884969711303,1.2227724279180694,chromosome
0,0.001099944114685,183262,183262.1~A9.K_4,4,,normal,183262.1~A9.K_4L.png,183262.1~A9.K_4R.png,train,/data5/chensx/MyProject/UAE/data/arrangement_merged/chr_04/183262.1~A9.K_4L.png,/data5/chensx/MyProject/UAE/data/arrangement_merged/chr_04/183262.1~A9.K_4R.png,0,-0.2988126535695766,,0.001099944114685,-1.0344613371816882,chromosome
0,0.0015656948089599,183262,183262.2~A10.K_4,4,,normal,183262.2~A10.K_4L.png,183262.2~A10.K_4R.png,train,/data5/chensx/MyProject/UAE/data/arrangement_merged/chr_04/183262.2~A10.K_4L.png,/data5/chensx/MyProject/UAE/data/arrangement_merged/chr_04/183262.2~A10.K_4R.png,0,0.2902714476705062,,0.0015656948089599,0.4923759758800965,chromosome
0,0.0011418461799621,183262,183262.2~A22.K_4,4,,normal,183262.2~A22.K_4L.png,183262.2~A22.K_4R.png,train,/data5/chensx/MyProject/UAE/data/arrangement_merged/chr_04/183262.2~A22.K_4L.png,/data5/chensx/MyProject/UAE/data/arrangement_merged/chr_04/183262.2~A22.K_4R.png,0,-0.2458146854134749,,0.0011418461799621,-0.8970967823976529,chromosome
0,0.0016795992851257,183262,183262.2~A23.K_4,4,,normal,183262.2~A23.K_4L.png,183262.2~A23.K_4R.png,train,/data5/chensx/MyProject/UAE/data/arrangement_merged/chr_04/183262.2~A23.K_4L.png,/data5/chensx/MyProject/UAE/data/arrangement_merged/chr_04/183262.2~A23.K_4R.png,0,0.4343384706382305,,0.0016795992851257,0.8657809036074849,chromosome
0,0.0018267631530761,183262,183262.2~A44.K_4,4,,normal,183262.2~A44.K_4L.png,183262.2~A44.K_4R.png,train,/data5/chensx/MyProject/UAE/data/arrangement_merged/chr_04/183262.2~A44.K_4L.png,/data5/chensx/MyProject/UAE/data/arrangement_merged/chr_04/183262.2~A44.K_4R.png,0,0.6204721596530456,,0.0018267631530761,1.3482177254591052,chromosome
0,0.0012029409408569,183262,183262.2~A45.K_4,4,,normal,183262.2~A45.K_4L.png,183262.2~A45.K_4R.png,train,/data5/chensx/MyProject/UAE/data/arrangement_merged/chr_04/183262.2~A45.K_4L.png,/data5/chensx/MyProject/UAE/data/arrangement_merged/chr_04/183262.2~A45.K_4R.png,0,-0.1685416877463281,,0.0012029409408569,-0.6968141811832985,chromosome
0,0.0018056631088256,183262,183262.3~A17.K_4,4,,normal,183262.3~A17.K_4L.png,183262.3~A17.K_4R.png,train,/data5/chensx/MyProject/UAE/data/arrangement_merged/chr_04/183262.3~A17.K_4L.png,/data5/chensx/MyProject/UAE/data/arrangement_merged/chr_04/183262.3~A17.K_4R.png,0,0.5937847048489773,,0.0018056631088256,1.279046953917746,chromosome
0,0.001912236213684,183262,183262.3~A24.K_4,4,,normal,183262.3~A24.K_4L.png,183262.3~A24.K_4R.png,train,/data5/chensx/MyProject/UAE/data/arrangement_merged/chr_04/183262.3~A24.K_4L.png,/data5/chensx/MyProject/UAE/data/arrangement_merged/chr_04/183262.3~A24.K_4R.png,0,0.7285789680966441,,0.001912236213684,1.6284179694993342,chromosome
0,0.0010931491851806,183262,183262.3~A30.K_4,4,,normal,183262.3~A30.K_4L.png,183262.3~A30.K_4R.png,train,/data5/chensx/MyProject/UAE/data/arrangement_merged/chr_04/183262.3~A30.K_4L.png,/data5/chensx/MyProject/UAE/data/arrangement_merged/chr_04/183262.3~A30.K_4R.png,0,-0.3074069186759714,,0.0010931491851806,-1.0567366703899277,chromosome
0,0.0014771223068237,183262,183262.3~A41.K_4,4,,normal,183262.3~A41.K_4L.png,183262.3~A41.K_4R.png,train,/data5/chensx/MyProject/UAE/data/arrangement_merged/chr_04/183262.3~A41.K_4L.png,/data5/chensx/MyProject/UAE/data/arrangement_merged/chr_04/183262.3~A41.K_4R.png,0,0.1782444481257451,,0.0014771223068237,0.202015053534429,chromosome
0,0.0010963082313537,183262,183262.4~A14.K_4,4,,normal,183262.4~A14.K_4L.png,183262.4~A14.K_4R.png,train,/data5/chensx/MyProject/UAE/data/arrangement_merged/chr_04/183262.4~A14.K_4L.png,/data5/chensx/MyProject/UAE/data/arrangement_merged/chr_04/183262.4~A14.K_4R.png,0,-0.3034113392844019,,0.0010963082313537,-1.0463805944246882,chromosome
0,0.001626431941986,183262,183262.4~A19.K_4,4,,normal,183262.4~A19.K_4L.png,183262.4~A19.K_4R.png,train,/data5/chensx/MyProject/UAE/data/arrangement_merged/chr_04/183262.4~A19.K_4L.png,/data5/chensx/MyProject/UAE/data/arrangement_merged/chr_04/183262.4~A19.K_4R.png,0,0.3670921155952111,,0.001626431941986,0.6914861911359678,chromosome
0,0.0014072656631469,183262,183262.4~A24.K_4,4,,normal,183262.4~A24.K_4L.png,183262.4~A24.K_4R.png,train,/data5/chensx/MyProject/UAE/data/arrangement_merged/chr_04/183262.4~A24.K_4L.png,/data5/chensx/MyProject/UAE/data/arrangement_merged/chr_04/183262.4~A24.K_4R.png,0,0.0898893717687734,,0.0014072656631469,-0.026991003659005648,chromosome
0,0.0014832615852355,183262,183262.4~A29.K_4,4,,normal,183262.4~A29.K_4L.png,183262.4~A29.K_4R.png,train,/data5/chensx/MyProject/UAE/data/arrangement_merged/chr_04/183262.4~A29.K_4L.png,/data5/chensx/MyProject/UAE/data/arrangement_merged/chr_04/183262.4~A29.K_4R.png,0,0.1860094420376633,,0.0014832615852355,0.22214101248550377,chromosome
0,0.0017822384834289,183262,183262.4~A31.K_4,4,,normal,183262.4~A31.K_4L.png,183262.4~A31.K_4R.png,train,/data5/chensx/MyProject/UAE/data/arrangement_merged/chr_04/183262.4~A31.K_4L.png,/data5/chensx/MyProject/UAE/data/arrangement_merged/chr_04/183262.4~A31.K_4R.png,0,0.5641571067190372,,0.0017822384834289,1.2022556736473915,chromosome
0,0.0013151168823242,183262,183262.4~A50.K_4,4,,normal,183262.4~A50.K_4L.png,183262.4~A50.K_4R.png,train,/data5/chensx/MyProject/UAE/data/arrangement_merged/chr_04/183262.4~A50.K_4L.png,/data5/chensx/MyProject/UAE/data/arrangement_merged/chr_04/183262.4~A50.K_4R.png,0,-0.0266609252004059,,0.0013151168823242,-0.32907578558787026,chromosome
0,0.0009255409240722,183786,183786.11~A44.K_4,4,,normal,183786.11~A44.K_4L.png,183786.11~A44.K_4R.png,train,/data5/chensx/MyProject/UAE/data/arrangement_merged/chr_04/183786.11~A44.K_4L.png,/data5/chensx/MyProject/UAE/data/arrangement_merged/chr_04/183786.11~A44.K_4R.png,0,-0.2563445232254607,,0.0009255409240722,-1.606194889526068,chromosome
0,0.0009834766387939,183786,183786.12~A1.K_4,4,,normal,183786.12~A1.K_4L.png,183786.12~A1.K_4R.png,train,/data5/chensx/MyProject/UAE/data/arrangement_merged/chr_04/183786.12~A1.K_4L.png,/data5/chensx/MyProject/UAE/data/arrangement_merged/chr_04/183786.12~A1.K_4R.png,0,-0.2261309130771248,,0.0009834766387939,-1.4162683642769536,chromosome
0,0.0018308758735656,183786,183786.12~A12.K_4,4,,normal,183786.12~A12.K_4L.png,183786.12~A12.K_4R.png,train,/data5/chensx/MyProject/UAE/data/arrangement_merged/chr_04/183786.12~A12.K_4L.png,/data5/chensx/MyProject/UAE/data/arrangement_merged/chr_04/183786.12~A12.K_4R.png,0,0.2157897612838749,,0.0018308758735656,1.3617001639798645,chromosome
0,0.001223862171173,183786,183786.12~A15.K_4,4,,normal,183786.12~A15.K_4L.png,183786.12~A15.K_4R.png,train,/data5/chensx/MyProject/UAE/data/arrangement_merged/chr_04/183786.12~A15.K_4L.png,/data5/chensx/MyProject/UAE/data/arrangement_merged/chr_04/183786.12~A15.K_4R.png,0,-0.1007692981303771,,0.001223862171173,-0.6282296026213456,chromosome
0,0.0014097690582275,183786,183786.12~A16.K_4,4,,normal,183786.12~A16.K_4L.png,183786.12~A16.K_4R.png,train,/data5/chensx/MyProject/UAE/data/arrangement_merged/chr_04/183786.12~A16.K_4L.png,/data5/chensx/MyProject/UAE/data/arrangement_merged/chr_04/183786.12~A16.K_4R.png,0,-0.0038184235906037,,0.0014097690582275,-0.01878430195060326,chromosome
0,0.0009590983390808,183786,183786.12~A34.K_4,4,,normal,183786.12~A34.K_4L.png,183786.12~A34.K_4R.png,train,/data5/chensx/MyProject/UAE/data/arrangement_merged/chr_04/183786.12~A34.K_4L.png,/data5/chensx/MyProject/UAE/data/arrangement_merged/chr_04/183786.12~A34.K_4R.png,0,-0.23884425314983,,0.0009590983390808,-1.496186007102828,chromosome
0,0.0010494589805603,183786,183786.12~A41.K_4,4,,normal,183786.12~A41.K_4L.png,183786.12~A41.K_4R.png,train,/data5/chensx/MyProject/UAE/data/arrangement_merged/chr_04/183786.12~A41.K_4L.png,/data5/chensx/MyProject/UAE/data/arrangement_merged/chr_04/183786.12~A41.K_4R.png,0,-0.1917209681859644,,0.0010494589805603,-1.1999631549653982,chromosome
0,0.0016866326332092,183786,183786.12~A47.K_4,4,,normal,183786.12~A47.K_4L.png,183786.12~A47.K_4R.png,train,/data5/chensx/MyProject/UAE/data/arrangement_merged/chr_04/183786.12~A47.K_4L.png,/data5/chensx/MyProject/UAE/data/arrangement_merged/chr_04/183786.12~A47.K_4R.png,0,0.1405665755236147,,0.0016866326332092,0.8888378274546044,chromosome
0,0.0007227659225463,183786,183786.13~A10.K_4,4,,normal,183786.13~A10.K_4L.png,183786.13~A10.K_4R.png,train,/data5/chensx/MyProject/UAE/data/arrangement_merged/chr_04/183786.13~A10.K_4L.png,/data5/chensx/MyProject/UAE/data/arrangement_merged/chr_04/183786.13~A10.K_4R.png,0,-0.3620921587446365,,0.0007227659225463,-2.270937727897806,chromosome
0,0.0014505386352539,183786,183786.13~A12.K_4,4,,normal,183786.13~A12.K_4L.png,183786.13~A12.K_4R.png,train,/data5/chensx/MyProject/UAE/data/arrangement_merged/chr_04/183786.13~A12.K_4L.png,/data5/chensx/MyProject/UAE/data/arrangement_merged/chr_04/183786.13~A12.K_4R.png,0,0.01744300577304,,0.0014505386352539,0.11486769729883427,chromosome
0,0.0009436607360839,183786,183786.13~A29.K_4,4,,normal,183786.13~A29.K_4L.png,183786.13~A29.K_4R.png,train,/data5/chensx/MyProject/UAE/data/arrangement_merged/chr_04/183786.13~A29.K_4L.png,/data5/chensx/MyProject/UAE/data/arrangement_merged/chr_04/183786.13~A29.K_4R.png,0,-0.2468949990638413,,0.0009436607360839,-1.5467940009708718,chromosome
0,0.0010685920715332,183786,183786.13~A34.K_4,4,,normal,183786.13~A34.K_4L.png,183786.13~A34.K_4R.png,train,/data5/chensx/MyProject/UAE/data/arrangement_merged/chr_04/183786.13~A34.K_4L.png,/data5/chensx/MyProject/UAE/data/arrangement_merged/chr_04/183786.13~A34.K_4R.png,0,-0.1817430166863597,,0.0010685920715332,-1.13724050619488,chromosome
0,0.0013929009437561,183786,183786.13~A43.K_4,4,,normal,183786.13~A43.K_4L.png,183786.13~A43.K_4R.png,train,/data5/chensx/MyProject/UAE/data/arrangement_merged/chr_04/183786.13~A43.K_4L.png,/data5/chensx/MyProject/UAE/data/arrangement_merged/chr_04/183786.13~A43.K_4R.png,0,-0.012615184570006,,0.0013929009437561,-0.07408183965159844,chromosome
0,0.000866413116455,183786,183786.14~A17.K_4,4,,normal,183786.14~A17.K_4L.png,183786.14~A17.K_4R.png,train,/data5/chensx/MyProject/UAE/data/arrangement_merged/chr_04/183786.14~A17.K_4L.png,/data5/chensx/MyProject/UAE/data/arrangement_merged/chr_04/183786.14~A17.K_4R.png,0,-0.2871798125949559,,0.000866413116455,-1.8000293679695825,chromosome
0,0.0016411542892456,183786,183786.14~A24.K_4,4,,normal,183786.14~A24.K_4L.png,183786.14~A24.K_4R.png,train,/data5/chensx/MyProject/UAE/data/arrangement_merged/chr_04/183786.14~A24.K_4L.png,/data5/chensx/MyProject/UAE/data/arrangement_merged/chr_04/183786.14~A24.K_4R.png,0,0.1168495132363922,,0.0016411542892456,0.7397494130873721,chromosome
0,0.0014724731445312,183786,183786.14~A38.K_4,4,,normal,183786.14~A38.K_4L.png,183786.14~A38.K_4R.png,train,/data5/chensx/MyProject/UAE/data/arrangement_merged/chr_04/183786.14~A38.K_4L.png,/data5/chensx/MyProject/UAE/data/arrangement_merged/chr_04/183786.14~A38.K_4R.png,0,0.0288819034423688,,0.0014724731445312,0.18677403607610807,chromosome
0,0.0008961558341979,183786,183786.14~A39.K_4,4,,normal,183786.14~A39.K_4L.png,183786.14~A39.K_4R.png,train,/data5/chensx/MyProject/UAE/data/arrangement_merged/chr_04/183786.14~A39.K_4L.png,/data5/chensx/MyProject/UAE/data/arrangement_merged/chr_04/183786.14~A39.K_4R.png,0,-0.2716689160270344,,0.0008961558341979,-1.7025259357687472,chromosome
0,0.001224398612976,183786,183786.1~A44.K_4,4,,normal,183786.1~A44.K_4L.png,183786.1~A44.K_4R.png,train,/data5/chensx/MyProject/UAE/data/arrangement_merged/chr_04/183786.1~A44.K_4L.png,/data5/chensx/MyProject/UAE/data/arrangement_merged/chr_04/183786.1~A44.K_4R.png,0,-0.1004895424808555,,0.001224398612976,-0.626471023683784,chromosome
0,0.0014013051986694,183786,183786.2~A14.K_4,4,,normal,183786.2~A14.K_4L.png,183786.2~A14.K_4R.png,train,/data5/chensx/MyProject/UAE/data/arrangement_merged/chr_04/183786.2~A14.K_4L.png,/data5/chensx/MyProject/UAE/data/arrangement_merged/chr_04/183786.2~A14.K_4R.png,0,-0.0082323460608338,,0.0014013051986694,-0.046530769631001986,chromosome
0,0.0010654926300048,183786,183786.2~A4.K_4,4,,normal,183786.2~A4.K_4L.png,183786.2~A4.K_4R.png,train,/data5/chensx/MyProject/UAE/data/arrangement_merged/chr_04/183786.2~A4.K_4L.png,/data5/chensx/MyProject/UAE/data/arrangement_merged/chr_04/183786.2~A4.K_4R.png,0,-0.1833593826613735,,0.0010654926300048,-1.1474011845006462,chromosome
0,0.0009567737579345,183786,183786.2~A49.K_4,4,,normal,183786.2~A49.K_4L.png,183786.2~A49.K_4R.png,train,/data5/chensx/MyProject/UAE/data/arrangement_merged/chr_04/183786.2~A49.K_4L.png,/data5/chensx/MyProject/UAE/data/arrangement_merged/chr_04/183786.2~A49.K_4R.png,0,-0.2400565276310904,,0.0009567737579345,-1.5038065158321525,chromosome
0,0.0012218952178955,183786,183786.3~A1.K_4,4,,normal,183786.3~A1.K_4L.png,183786.3~A1.K_4R.png,train,/data5/chensx/MyProject/UAE/data/arrangement_merged/chr_04/183786.3~A1.K_4L.png,/data5/chensx/MyProject/UAE/data/arrangement_merged/chr_04/183786.3~A1.K_4R.png,0,-0.1017950688452897,,0.0012218952178955,-0.6346777253918587,chromosome
0,0.0013067126274108,183786,183786.3~A25.K_4,4,,normal,183786.3~A25.K_4L.png,183786.3~A25.K_4R.png,train,/data5/chensx/MyProject/UAE/data/arrangement_merged/chr_04/183786.3~A25.K_4L.png,/data5/chensx/MyProject/UAE/data/arrangement_merged/chr_04/183786.3~A25.K_4R.png,0,-0.0575625922598144,,0.0013067126274108,-0.35662685560879515,chromosome
0,0.0011763572692871,183786,183786.3~A36.K_4,4,,normal,183786.3~A36.K_4L.png,183786.3~A36.K_4R.png,train,/data5/chensx/MyProject/UAE/data/arrangement_merged/chr_04/183786.3~A36.K_4L.png,/data5/chensx/MyProject/UAE/data/arrangement_merged/chr_04/183786.3~A36.K_4R.png,0,-0.1255432150935702,,0.0011763572692871,-0.7839615374188933,chromosome
0,0.001096487045288,183786,183786.3~A37.K_4,4,,normal,183786.3~A37.K_4L.png,183786.3~A37.K_4R.png,train,/data5/chensx/MyProject/UAE/data/arrangement_merged/chr_04/183786.3~A37.K_4L.png,/data5/chensx/MyProject/UAE/data/arrangement_merged/chr_04/183786.3~A37.K_4R.png,0,-0.167195722911235,,0.001096487045288,-1.0457944014456098,chromosome
0,0.001619279384613,183786,183786.3~A44.K_4,4,,normal,183786.3~A44.K_4L.png,183786.3~A44.K_4R.png,train,/data5/chensx/MyProject/UAE/data/arrangement_merged/chr_04/183786.3~A44.K_4L.png,/data5/chensx/MyProject/UAE/data/arrangement_merged/chr_04/183786.3~A44.K_4R.png,0,0.1054416995281213,,0.001619279384613,0.6680384719695721,chromosome
0,0.0010114312171936,183786,183786.4~A49.K_4,4,,normal,183786.4~A49.K_4L.png,183786.4~A49.K_4R.png,train,/data5/chensx/MyProject/UAE/data/arrangement_merged/chr_04/183786.4~A49.K_4L.png,/data5/chensx/MyProject/UAE/data/arrangement_merged/chr_04/183786.4~A49.K_4R.png,0,-0.2115525353409421,,0.0010114312171936,-1.3246268618675534,chromosome
0,0.001095712184906,183786,183786.5~A1.K_4,4,,normal,183786.5~A1.K_4L.png,183786.5~A1.K_4R.png,train,/data5/chensx/MyProject/UAE/data/arrangement_merged/chr_04/183786.5~A1.K_4L.png,/data5/chensx/MyProject/UAE/data/arrangement_merged/chr_04/183786.5~A1.K_4R.png,0,-0.1675998144049885,,0.001095712184906,-1.0483345710217236,chromosome
0,0.0013254880905151,183786,183786.5~A31.K_4,4,,normal,183786.5~A31.K_4L.png,183786.5~A31.K_4R.png,train,/data5/chensx/MyProject/UAE/data/arrangement_merged/chr_04/183786.5~A31.K_4L.png,/data5/chensx/MyProject/UAE/data/arrangement_merged/chr_04/183786.5~A31.K_4R.png,0,-0.0477711445265574,,0.0013254880905151,-0.295076592796433,chromosome
0,0.0017092823982238,183786,183786.5~A33.K_4,4,,normal,183786.5~A33.K_4L.png,183786.5~A33.K_4R.png,train,/data5/chensx/MyProject/UAE/data/arrangement_merged/chr_04/183786.5~A33.K_4L.png,/data5/chensx/MyProject/UAE/data/arrangement_merged/chr_04/183786.5~A33.K_4R.png,0,0.1523784807256391,,0.0017092823982238,0.9630889381485183,chromosome
0,0.0015375614166259,183786,183786.5~A42.K_4,4,,normal,183786.5~A42.K_4L.png,183786.5~A42.K_4R.png,train,/data5/chensx/MyProject/UAE/data/arrangement_merged/chr_04/183786.5~A42.K_4L.png,/data5/chensx/MyProject/UAE/data/arrangement_merged/chr_04/183786.5~A42.K_4R.png,0,0.0628255889176598,,0.0015375614166259,0.40014828049161866,chromosome
0,0.0015179514884948,183786,183786.5~A44.K_4,4,,normal,183786.5~A44.K_4L.png,183786.5~A44.K_4R.png,train,/data5/chensx/MyProject/UAE/data/arrangement_merged/chr_04/183786.5~A44.K_4L.png,/data5/chensx/MyProject/UAE/data/arrangement_merged/chr_04/183786.5~A44.K_4R.png,0,0.0525989657295914,,0.0015179514884948,0.3358624504433411,chromosome
0,0.0009111166000366,183786,183786.5~A6.K_4,4,,normal,183786.5~A6.K_4L.png,183786.5~A6.K_4R.png,train,/data5/chensx/MyProject/UAE/data/arrangement_merged/chr_04/183786.5~A6.K_4L.png,/data5/chensx/MyProject/UAE/data/arrangement_merged/chr_04/183786.5~A6.K_4R.png,0,-0.2638668418014868,,0.0009111166000366,-1.6534811231784632,chromosome
0,0.001094102859497,183786,183786.5~A8.K_4,4,,normal,183786.5~A8.K_4L.png,183786.5~A8.K_4R.png,train,/data5/chensx/MyProject/UAE/data/arrangement_merged/chr_04/183786.5~A8.K_4L.png,/data5/chensx/MyProject/UAE/data/arrangement_merged/chr_04/183786.5~A8.K_4R.png,0,-0.1684390813535533,,0.001094102859497,-1.0536103078344083,chromosome
0,0.001016616821289,184752,184752.11~A43.K_4,4,,normal,184752.11~A43.K_4L.png,184752.11~A43.K_4R.png,train,/data5/chensx/MyProject/UAE/data/arrangement_merged/chr_04/184752.11~A43.K_4L.png,/data5/chensx/MyProject/UAE/data/arrangement_merged/chr_04/184752.11~A43.K_4R.png,0,-0.2562468265776853,,0.001016616821289,-1.3076272654719987,chromosome
0,0.0014679431915283,184752,184752.13~A19.K_4,4,,normal,184752.13~A19.K_4L.png,184752.13~A19.K_4R.png,train,/data5/chensx/MyProject/UAE/data/arrangement_merged/chr_04/184752.13~A19.K_4L.png,/data5/chensx/MyProject/UAE/data/arrangement_merged/chr_04/184752.13~A19.K_4R.png,0,0.4596993688057896,,0.0014679431915283,0.171923813937391,chromosome
0,0.0014809370040893,184752,184752.13~A20.K_4,4,,normal,184752.13~A20.K_4L.png,184752.13~A20.K_4R.png,train,/data5/chensx/MyProject/UAE/data/arrangement_merged/chr_04/184752.13~A20.K_4L.png,/data5/chensx/MyProject/UAE/data/arrangement_merged/chr_04/184752.13~A20.K_4R.png,0,0.4803116602206863,,0.0014809370040893,0.2145205037565068,chromosome
0,0.0014513134956359,184752,184752.14~A10.K_4,4,,normal,184752.14~A10.K_4L.png,184752.14~A10.K_4R.png,train,/data5/chensx/MyProject/UAE/data/arrangement_merged/chr_04/184752.14~A10.K_4L.png,/data5/chensx/MyProject/UAE/data/arrangement_merged/chr_04/184752.14~A10.K_4R.png,0,0.4333194178665411,,0.0014513134956359,0.11740786687494811,chromosome
0,0.0015609860420227,184752,184752.14~A14.K_4,4,,normal,184752.14~A14.K_4L.png,184752.14~A14.K_4R.png,train,/data5/chensx/MyProject/UAE/data/arrangement_merged/chr_04/184752.14~A14.K_4L.png,/data5/chensx/MyProject/UAE/data/arrangement_merged/chr_04/184752.14~A14.K_4R.png,0,0.6072947215519076,,0.0015609860420227,0.4769395607623017,chromosome
0,0.0021082162857055,184752,184752.14~A43.K_4,4,,normal,184752.14~A43.K_4L.png,184752.14~A43.K_4R.png,train,/data5/chensx/MyProject/UAE/data/arrangement_merged/chr_04/184752.14~A43.K_4L.png,/data5/chensx/MyProject/UAE/data/arrangement_merged/chr_04/184752.14~A43.K_4R.png,0,1.4753747558645969,,0.0021082162857055,2.270885474662832,chromosome
0,0.001275360584259,184752,184752.2~A30.K_4,4,,normal,184752.2~A30.K_4L.png,184752.2~A30.K_4R.png,train,/data5/chensx/MyProject/UAE/data/arrangement_merged/chr_04/184752.2~A30.K_4L.png,/data5/chensx/MyProject/UAE/data/arrangement_merged/chr_04/184752.2~A30.K_4R.png,0,0.1542025176061056,,0.001275360584259,-0.45940602462198693,chromosome
0,0.0014317035675048,184752,184752.2~A50.K_4,4,,normal,184752.2~A50.K_4L.png,184752.2~A50.K_4R.png,train,/data5/chensx/MyProject/UAE/data/arrangement_merged/chr_04/184752.2~A50.K_4L.png,/data5/chensx/MyProject/UAE/data/arrangement_merged/chr_04/184752.2~A50.K_4R.png,0,0.4022118771532338,,0.0014317035675048,0.053122036826670556,chromosome
0,0.0011398792266845,184752,184752.3~A13.K_4,4,,normal,184752.3~A13.K_4L.png,184752.3~A13.K_4R.png,train,/data5/chensx/MyProject/UAE/data/arrangement_merged/chr_04/184752.3~A13.K_4L.png,/data5/chensx/MyProject/UAE/data/arrangement_merged/chr_04/184752.3~A13.K_4R.png,0,-0.0607137135226105,,0.0011398792266845,-0.9035449051684937,chromosome
0,0.0013609528541564,184752,184752.3~A16.K_4,4,,normal,184752.3~A16.K_4L.png,184752.3~A16.K_4R.png,train,/data5/chensx/MyProject/UAE/data/arrangement_merged/chr_04/184752.3~A16.K_4L.png,/data5/chensx/MyProject/UAE/data/arrangement_merged/chr_04/184752.3~A16.K_4R.png,0,0.2899788959170762,,0.0013609528541564,-0.1788149852624818,chromosome
0,0.0012993812561035,184752,184752.4~A27.K_4,4,,normal,184752.4~A27.K_4L.png,184752.4~A27.K_4R.png,train,/data5/chensx/MyProject/UAE/data/arrangement_merged/chr_04/184752.4~A27.K_4L.png,/data5/chensx/MyProject/UAE/data/arrangement_merged/chr_04/184752.4~A27.K_4R.png,0,0.19230689118502,,0.0012993812561035,-0.38066076775426844,chromosome
0,0.0013514161109924,184793,184793.11~A18.K_4,4,,normal,184793.11~A18.K_4L.png,184793.11~A18.K_4R.png,train,/data5/chensx/MyProject/UAE/data/arrangement_merged/chr_04/184793.11~A18.K_4L.png,/data5/chensx/MyProject/UAE/data/arrangement_merged/chr_04/184793.11~A18.K_4R.png,0,0.0322855020978869,,0.0013514161109924,-0.21007861081767595,chromosome
0,0.0016404390335083,184793,184793.12~A12.K_4,4,,normal,184793.12~A12.K_4L.png,184793.12~A12.K_4R.png,train,/data5/chensx/MyProject/UAE/data/arrangement_merged/chr_04/184793.12~A12.K_4L.png,/data5/chensx/MyProject/UAE/data/arrangement_merged/chr_04/184793.12~A12.K_4R.png,0,0.3994659704132794,,0.0016404390335083,0.7374046411707321,chromosome
0,0.0011564493179321,184793,184793.12~A27.K_4,4,,normal,184793.12~A27.K_4L.png,184793.12~A27.K_4R.png,train,/data5/chensx/MyProject/UAE/data/arrangement_merged/chr_04/184793.12~A27.K_4L.png,/data5/chensx/MyProject/UAE/data/arrangement_merged/chr_04/184793.12~A27.K_4R.png,0,-0.2154041889434925,,0.0011564493179321,-0.8492243557658524,chromosome
0,0.0010707378387451,184793,184793.12~A32.K_4,4,,normal,184793.12~A32.K_4L.png,184793.12~A32.K_4R.png,train,/data5/chensx/MyProject/UAE/data/arrangement_merged/chr_04/184793.12~A32.K_4L.png,/data5/chensx/MyProject/UAE/data/arrangement_merged/chr_04/184793.12~A32.K_4R.png,0,-0.3242937565734233,,0.0010707378387451,-1.1302061904449614,chromosome
0,0.0013197064399719,184793,184793.12~A38.K_4,4,,normal,184793.12~A38.K_4L.png,184793.12~A38.K_4R.png,train,/data5/chensx/MyProject/UAE/data/arrangement_merged/chr_04/184793.12~A38.K_4L.png,/data5/chensx/MyProject/UAE/data/arrangement_merged/chr_04/184793.12~A38.K_4R.png,0,-0.0079990945496257,,0.0013197064399719,-0.3140301657893516,chromosome
0,0.001293659210205,184793,184793.12~A42.K_4,4,,normal,184793.12~A42.K_4L.png,184793.12~A42.K_4R.png,train,/data5/chensx/MyProject/UAE/data/arrangement_merged/chr_04/184793.12~A42.K_4L.png,/data5/chensx/MyProject/UAE/data/arrangement_merged/chr_04/184793.12~A42.K_4R.png,0,-0.0410900132243682,,0.001293659210205,-0.3994189430877125,chromosome
0,0.0013546347618103,184793,184793.13~A10.K_4,4,,normal,184793.13~A10.K_4L.png,184793.13~A10.K_4R.png,train,/data5/chensx/MyProject/UAE/data/arrangement_merged/chr_04/184793.13~A10.K_4L.png,/data5/chensx/MyProject/UAE/data/arrangement_merged/chr_04/184793.13~A10.K_4R.png,0,0.0363745401034614,,0.0013546347618103,-0.1995271371926343,chromosome
0,0.0011688470840454,184793,184793.13~A16.K_4,4,,normal,184793.13~A16.K_4L.png,184793.13~A16.K_4R.png,train,/data5/chensx/MyProject/UAE/data/arrangement_merged/chr_04/184793.13~A16.K_4L.png,/data5/chensx/MyProject/UAE/data/arrangement_merged/chr_04/184793.13~A16.K_4R.png,0,-0.1996538203294274,,0.0011688470840454,-0.8085816425437727,chromosome
0,0.001287817955017,184793,184793.13~A43.K_4,4,,normal,184793.13~A43.K_4L.png,184793.13~A43.K_4R.png,train,/data5/chensx/MyProject/UAE/data/arrangement_merged/chr_04/184793.13~A43.K_4L.png,/data5/chensx/MyProject/UAE/data/arrangement_merged/chr_04/184793.13~A43.K_4R.png,0,-0.0485108599752258,,0.001287817955017,-0.4185679137404327,chromosome
0,0.0011622905731201,184793,184793.14~A14.K_4,4,,normal,184793.14~A14.K_4L.png,184793.14~A14.K_4R.png,train,/data5/chensx/MyProject/UAE/data/arrangement_merged/chr_04/184793.14~A14.K_4L.png,/data5/chensx/MyProject/UAE/data/arrangement_merged/chr_04/184793.14~A14.K_4R.png,0,-0.2079833421926349,,0.0011622905731201,-0.8300753851131323,chromosome
0,0.0017761588096618,184793,184793.14~A26.K_4,4,,normal,184793.14~A26.K_4L.png,184793.14~A26.K_4R.png,train,/data5/chensx/MyProject/UAE/data/arrangement_merged/chr_04/184793.14~A26.K_4L.png,/data5/chensx/MyProject/UAE/data/arrangement_merged/chr_04/184793.14~A26.K_4R.png,0,0.5718870729816746,,0.0017761588096618,1.1823251123557912,chromosome
0,0.0010867714881896,184793,184793.14~A27.K_4,4,,normal,184793.14~A27.K_4L.png,184793.14~A27.K_4R.png,train,/data5/chensx/MyProject/UAE/data/arrangement_merged/chr_04/184793.14~A27.K_4L.png,/data5/chensx/MyProject/UAE/data/arrangement_merged/chr_04/184793.14~A27.K_4R.png,0,-0.3039242894715795,,0.0010867714881896,-1.07764421998021,chromosome
0,0.001102328300476,184793,184793.14~A3.K_4,4,,normal,184793.14~A3.K_4L.png,184793.14~A3.K_4R.png,train,/data5/chensx/MyProject/UAE/data/arrangement_merged/chr_04/184793.14~A3.K_4L.png,/data5/chensx/MyProject/UAE/data/arrangement_merged/chr_04/184793.14~A3.K_4R.png,0,-0.284160605777969,,0.001102328300476,-1.0266454307928896,chromosome
0,0.0014775991439819,184793,184793.14~A30.K_4,4,,normal,184793.14~A30.K_4L.png,184793.14~A30.K_4R.png,train,/data5/chensx/MyProject/UAE/data/arrangement_merged/chr_04/184793.14~A30.K_4L.png,/data5/chensx/MyProject/UAE/data/arrangement_merged/chr_04/184793.14~A30.K_4R.png,0,0.1925909365016167,,0.0014775991439819,0.203578234812189,chromosome
0,0.0012094974517822,184793,184793.14~A32.K_4,4,,normal,184793.14~A32.K_4L.png,184793.14~A32.K_4R.png,train,/data5/chensx/MyProject/UAE/data/arrangement_merged/chr_04/184793.14~A32.K_4L.png,/data5/chensx/MyProject/UAE/data/arrangement_merged/chr_04/184793.14~A32.K_4R.png,0,-0.1480107847775409,,0.0012094974517822,-0.6753204386139384,chromosome
0,0.001823604106903,184793,184793.14~A33.K_4,4,,normal,184793.14~A33.K_4L.png,184793.14~A33.K_4R.png,train,/data5/chensx/MyProject/UAE/data/arrangement_merged/chr_04/184793.14~A33.K_4L.png,/data5/chensx/MyProject/UAE/data/arrangement_merged/chr_04/184793.14~A33.K_4R.png,0,0.6321625221008853,,0.001823604106903,1.337861649493865,chromosome
0,0.0012367367744445,184793,184793.14~A4.K_4,4,,normal,184793.14~A4.K_4L.png,184793.14~A4.K_4R.png,train,/data5/chensx/MyProject/UAE/data/arrangement_merged/chr_04/184793.14~A4.K_4L.png,/data5/chensx/MyProject/UAE/data/arrangement_merged/chr_04/184793.14~A4.K_4R.png,0,-0.1134054075822152,,0.0012367367744445,-0.586023708121506,chromosome
0,0.0013977289199829,184793,184793.14~A9.K_4,4,,normal,184793.14~A9.K_4L.png,184793.14~A9.K_4R.png,train,/data5/chensx/MyProject/UAE/data/arrangement_merged/chr_04/184793.14~A9.K_4L.png,/data5/chensx/MyProject/UAE/data/arrangement_merged/chr_04/184793.14~A9.K_4R.png,0,0.0911222156225435,,0.0013977289199829,-0.05825462921419979,chromosome
0,0.0016179680824279,184793,184793.1~A26.K_4,4,,normal,184793.1~A26.K_4L.png,184793.1~A26.K_4R.png,train,/data5/chensx/MyProject/UAE/data/arrangement_merged/chr_04/184793.1~A26.K_4L.png,/data5/chensx/MyProject/UAE/data/arrangement_merged/chr_04/184793.1~A26.K_4R.png,0,0.3709184273002864,,0.0016179680824279,0.663739723455569,chromosome
0,0.0012943744659423,184793,184793.2~A4.K_4,4,,normal,184793.2~A4.K_4L.png,184793.2~A4.K_4R.png,train,/data5/chensx/MyProject/UAE/data/arrangement_merged/chr_04/184793.2~A4.K_4L.png,/data5/chensx/MyProject/UAE/data/arrangement_merged/chr_04/184793.2~A4.K_4R.png,0,-0.0401813381120183,,0.0012943744659423,-0.39707417117107324,chromosome
0,0.0008638501167297,184793,184793.3~A8.K_4,4,,normal,184793.3~A8.K_4L.png,184793.3~A8.K_4R.png,train,/data5/chensx/MyProject/UAE/data/arrangement_merged/chr_04/184793.3~A8.K_4L.png,/data5/chensx/MyProject/UAE/data/arrangement_merged/chr_04/184793.3~A8.K_4R.png,0,-0.5871280328206345,,0.0008638501167297,-1.8084314673374586,chromosome
0,0.0016951560974121,185290,185290.11~A25.K_4,4,,normal,185290.11~A25.K_4L.png,185290.11~A25.K_4R.png,train,/data5/chensx/MyProject/UAE/data/arrangement_merged/chr_04/185290.11~A25.K_4L.png,/data5/chensx/MyProject/UAE/data/arrangement_merged/chr_04/185290.11~A25.K_4R.png,0,0.5256169937250974,,0.0016951560974121,0.9167796927948054,chromosome
0,0.0011070370674133,185290,185290.11~A27.K_4,4,,normal,185290.11~A27.K_4L.png,185290.11~A27.K_4R.png,train,/data5/chensx/MyProject/UAE/data/arrangement_merged/chr_04/185290.11~A27.K_4L.png,/data5/chensx/MyProject/UAE/data/arrangement_merged/chr_04/185290.11~A27.K_4R.png,0,-0.2595893586423088,,0.0011070370674133,-1.011209015674767,chromosome
0,0.0014660358428955,185290,185290.11~A38.K_4,4,,normal,185290.11~A38.K_4L.png,185290.11~A38.K_4R.png,train,/data5/chensx/MyProject/UAE/data/arrangement_merged/chr_04/185290.11~A38.K_4L.png,/data5/chensx/MyProject/UAE/data/arrangement_merged/chr_04/185290.11~A38.K_4R.png,0,0.2197151777222282,,0.0014660358428955,0.16567108882635245,chromosome
0,0.0017058849334716,185290,185290.12~A12.K_4,4,,normal,185290.12~A12.K_4L.png,185290.12~A12.K_4R.png,train,/data5/chensx/MyProject/UAE/data/arrangement_merged/chr_04/185290.12~A12.K_4L.png,/data5/chensx/MyProject/UAE/data/arrangement_merged/chr_04/185290.12~A12.K_4R.png,0,0.539941220280903,,0.0017058849334716,0.9519512715443988,chromosome
0,0.0013803243637084,185290,185290.12~A33.K_4,4,,normal,185290.12~A33.K_4L.png,185290.12~A33.K_4R.png,train,/data5/chensx/MyProject/UAE/data/arrangement_merged/chr_04/185290.12~A33.K_4L.png,/data5/chensx/MyProject/UAE/data/arrangement_merged/chr_04/185290.12~A33.K_4R.png,0,0.1052805233486263,,0.0013803243637084,-0.11531074585308423,chromosome
0,0.001225471496582,185290,185290.12~A35.K_4,4,,normal,185290.12~A35.K_4L.png,185290.12~A35.K_4R.png,train,/data5/chensx/MyProject/UAE/data/arrangement_merged/chr_04/185290.12~A35.K_4L.png,/data5/chensx/MyProject/UAE/data/arrangement_merged/chr_04/185290.12~A35.K_4R.png,0,-0.1014658132735001,,0.001225471496582,-0.6229538658086609,chromosome
0,0.0009832978248596,185290,185290.12~A49.K_4,4,,normal,185290.12~A49.K_4L.png,185290.12~A49.K_4R.png,train,/data5/chensx/MyProject/UAE/data/arrangement_merged/chr_04/185290.12~A49.K_4L.png,/data5/chensx/MyProject/UAE/data/arrangement_merged/chr_04/185290.12~A49.K_4R.png,0,-0.4247954382525993,,0.0009832978248596,-1.4168545572560312,chromosome
0,0.0014348030090332,185290,185290.12~A5.K_4,4,,normal,185290.12~A5.K_4L.png,185290.12~A5.K_4R.png,train,/data5/chensx/MyProject/UAE/data/arrangement_merged/chr_04/185290.12~A5.K_4L.png,/data5/chensx/MyProject/UAE/data/arrangement_merged/chr_04/185290.12~A5.K_4R.png,0,0.1780157626375499,,0.0014348030090332,0.06328271513243679,chromosome
0,0.0018517971038818,185290,185290.12~A50.K_4,4,,normal,185290.12~A50.K_4L.png,185290.12~A50.K_4R.png,train,/data5/chensx/MyProject/UAE/data/arrangement_merged/chr_04/185290.12~A50.K_4L.png,/data5/chensx/MyProject/UAE/data/arrangement_merged/chr_04/185290.12~A50.K_4R.png,0,0.7347507014398581,,0.0018517971038818,1.4302847425421445,chromosome
0,0.0018904209136962,185290,185290.12~A7.K_4,4,,normal,185290.12~A7.K_4L.png,185290.12~A7.K_4R.png,train,/data5/chensx/MyProject/UAE/data/arrangement_merged/chr_04/185290.12~A7.K_4L.png,/data5/chensx/MyProject/UAE/data/arrangement_merged/chr_04/185290.12~A7.K_4R.png,0,0.7863179170407579,,0.0018904209136962,1.5569024260413358,chromosome
0,0.00232994556427,185290,185290.12~A8.K_4,4,,normal,185290.12~A8.K_4L.png,185290.12~A8.K_4R.png,train,/data5/chensx/MyProject/UAE/data/arrangement_merged/chr_04/185290.12~A8.K_4L.png,/data5/chensx/MyProject/UAE/data/arrangement_merged/chr_04/185290.12~A8.K_4R.png,0,1.3731337316102576,,0.00232994556427,2.9977647688260096,chromosome
0,0.0016147494316101,185290,185290.13~A13.K_4,4,,normal,185290.13~A13.K_4L.png,185290.13~A13.K_4R.png,train,/data5/chensx/MyProject/UAE/data/arrangement_merged/chr_04/185290.13~A13.K_4L.png,/data5/chensx/MyProject/UAE/data/arrangement_merged/chr_04/185290.13~A13.K_4R.png,0,0.4182648735929771,,0.0016147494316101,0.6531882498308551,chromosome
0,0.001429259777069,185290,185290.13~A26.K_4,4,,normal,185290.13~A26.K_4L.png,185290.13~A26.K_4R.png,train,/data5/chensx/MyProject/UAE/data/arrangement_merged/chr_04/185290.13~A26.K_4L.png,/data5/chensx/MyProject/UAE/data/arrangement_merged/chr_04/185290.13~A26.K_4R.png,0,0.1706149122503837,,0.001429259777069,0.04511073277807045,chromosome
0,0.001117467880249,185290,185290.13~A28.K_4,4,,normal,185290.13~A28.K_4L.png,185290.13~A28.K_4R.png,train,/data5/chensx/MyProject/UAE/data/arrangement_merged/chr_04/185290.13~A28.K_4L.png,/data5/chensx/MyProject/UAE/data/arrangement_merged/chr_04/185290.13~A28.K_4R.png,0,-0.245663027268609,,0.001117467880249,-0.9770144252235275,chromosome
0,0.0018599033355712,185290,185290.13~A30.K_4,4,,normal,185290.13~A30.K_4L.png,185290.13~A30.K_4R.png,train,/data5/chensx/MyProject/UAE/data/arrangement_merged/chr_04/185290.13~A30.K_4L.png,/data5/chensx/MyProject/UAE/data/arrangement_merged/chr_04/185290.13~A30.K_4R.png,0,0.7455734503931334,,0.0018599033355712,1.4568588242640594,chromosome
0,0.0015697479248046,185290,185290.13~A35.K_4,4,,normal,185290.13~A35.K_4L.png,185290.13~A35.K_4R.png,train,/data5/chensx/MyProject/UAE/data/arrangement_merged/chr_04/185290.13~A35.K_4L.png,/data5/chensx/MyProject/UAE/data/arrangement_merged/chr_04/185290.13~A35.K_4R.png,0,0.358182701095015,,0.0015697479248046,0.5056630167410536,chromosome
0,0.0017629861831665,185290,185290.13~A36.K_4,4,,normal,185290.13~A36.K_4L.png,185290.13~A36.K_4R.png,train,/data5/chensx/MyProject/UAE/data/arrangement_merged/chr_04/185290.13~A36.K_4L.png,/data5/chensx/MyProject/UAE/data/arrangement_merged/chr_04/185290.13~A36.K_4R.png,0,0.6161779371723568,,0.0017629861831665,1.1391422295575977,chromosome
0,0.0011717677116394,185290,185290.13~A46.K_4,4,,normal,185290.13~A46.K_4L.png,185290.13~A46.K_4R.png,train,/data5/chensx/MyProject/UAE/data/arrangement_merged/chr_04/185290.13~A46.K_4L.png,/data5/chensx/MyProject/UAE/data/arrangement_merged/chr_04/185290.13~A46.K_4R.png,0,-0.1731665250889488,,0.0011717677116394,-0.7990071572174127,chromosome
0,0.0010300874710083,185290,185290.13~A6.K_4,4,,normal,185290.13~A6.K_4L.png,185290.13~A6.K_4R.png,train,/data5/chensx/MyProject/UAE/data/arrangement_merged/chr_04/185290.13~A6.K_4L.png,/data5/chensx/MyProject/UAE/data/arrangement_merged/chr_04/185290.13~A6.K_4R.png,0,-0.362325894662003,,0.0010300874710083,-1.2634673943747958,chromosome
0,0.0015164017677307,185290,185290.13~A7.K_4,4,,normal,185290.13~A7.K_4L.png,185290.13~A7.K_4R.png,train,/data5/chensx/MyProject/UAE/data/arrangement_merged/chr_04/185290.13~A7.K_4L.png,/data5/chensx/MyProject/UAE/data/arrangement_merged/chr_04/185290.13~A7.K_4R.png,0,0.2869594634980931,,0.0015164017677307,0.3307821112907864,chromosome
0,0.0013773441314697,185290,185290.14~A27.K_4,4,,normal,185290.14~A27.K_4L.png,185290.14~A27.K_4R.png,train,/data5/chensx/MyProject/UAE/data/arrangement_merged/chr_04/185290.14~A27.K_4L.png,/data5/chensx/MyProject/UAE/data/arrangement_merged/chr_04/185290.14~A27.K_4R.png,0,0.1013015715275692,,0.0013773441314697,-0.1250806288389182,chromosome
0,0.0011787414550781,185290,185290.14~A31.K_4,4,,normal,185290.14~A31.K_4L.png,185290.14~A31.K_4R.png,train,/data5/chensx/MyProject/UAE/data/arrangement_merged/chr_04/185290.14~A31.K_4L.png,/data5/chensx/MyProject/UAE/data/arrangement_merged/chr_04/185290.14~A31.K_4R.png,0,-0.1638557778276752,,0.0011787414550781,-0.7761456310300948,chromosome
0,0.0014957785606384,185290,185290.14~A44.K_4,4,,normal,185290.14~A44.K_4L.png,185290.14~A44.K_4R.png,train,/data5/chensx/MyProject/UAE/data/arrangement_merged/chr_04/185290.14~A44.K_4L.png,/data5/chensx/MyProject/UAE/data/arrangement_merged/chr_04/185290.14~A44.K_4R.png,0,0.259425116896378,,0.0014957785606384,0.2631745210271873,chromosome
0,0.0015900135040283,185290,185290.14~A47.K_4,4,,normal,185290.14~A47.K_4L.png,185290.14~A47.K_4R.png,train,/data5/chensx/MyProject/UAE/data/arrangement_merged/chr_04/185290.14~A47.K_4L.png,/data5/chensx/MyProject/UAE/data/arrangement_merged/chr_04/185290.14~A47.K_4R.png,0,0.3852395734782032,,0.0015900135040283,0.5720982210464965,chromosome
0,0.0016759634017944,185290,185290.1~A31.K_4,4,,normal,185290.1~A31.K_4L.png,185290.1~A31.K_4R.png,train,/data5/chensx/MyProject/UAE/data/arrangement_merged/chr_04/185290.1~A31.K_4L.png,/data5/chensx/MyProject/UAE/data/arrangement_merged/chr_04/185290.1~A31.K_4R.png,0,0.4999925439974897,,0.0016759634017944,0.8538616463644856,chromosome
0,0.0013020634651184,185290,185290.1~A32.K_4,4,,normal,185290.1~A32.K_4L.png,185290.1~A32.K_4R.png,train,/data5/chensx/MyProject/UAE/data/arrangement_merged/chr_04/185290.1~A32.K_4L.png,/data5/chensx/MyProject/UAE/data/arrangement_merged/chr_04/185290.1~A32.K_4R.png,0,0.0007932485276671,,0.0013020634651184,-0.37186787306678837,chromosome
0,0.0014408826828002,185290,185290.1~A35.K_4,4,,normal,185290.1~A35.K_4L.png,185290.1~A35.K_4R.png,train,/data5/chensx/MyProject/UAE/data/arrangement_merged/chr_04/185290.1~A35.K_4L.png,/data5/chensx/MyProject/UAE/data/arrangement_merged/chr_04/185290.1~A35.K_4R.png,0,0.1861328243525064,,0.0014408826828002,0.08321327642370856,chromosome
0,0.0014479160308837,185290,185290.2~A19.K_4,4,,normal,185290.2~A19.K_4L.png,185290.2~A19.K_4R.png,train,/data5/chensx/MyProject/UAE/data/arrangement_merged/chr_04/185290.2~A19.K_4L.png,/data5/chensx/MyProject/UAE/data/arrangement_merged/chr_04/185290.2~A19.K_4R.png,0,0.1955231506502011,,0.0014479160308837,0.10627020027082802,chromosome
0,0.0014017820358276,185290,185290.3~A26.K_4,4,,normal,185290.3~A26.K_4L.png,185290.3~A26.K_4R.png,train,/data5/chensx/MyProject/UAE/data/arrangement_merged/chr_04/185290.3~A26.K_4L.png,/data5/chensx/MyProject/UAE/data/arrangement_merged/chr_04/185290.3~A26.K_4R.png,0,0.1339289764602373,,0.0014017820358276,-0.044967588353242,chromosome
0,0.0011124610900878,185290,185290.3~A32.K_4,4,,normal,185290.3~A32.K_4L.png,185290.3~A32.K_4R.png,train,/data5/chensx/MyProject/UAE/data/arrangement_merged/chr_04/185290.3~A32.K_4L.png,/data5/chensx/MyProject/UAE/data/arrangement_merged/chr_04/185290.3~A32.K_4R.png,0,-0.252347666327985,,0.0011124610900878,-0.9934278286403323,chromosome
0,0.0012773275375366,185290,185290.4~A11.K_4,4,,normal,185290.4~A11.K_4L.png,185290.4~A11.K_4R.png,train,/data5/chensx/MyProject/UAE/data/arrangement_merged/chr_04/185290.4~A11.K_4L.png,/data5/chensx/MyProject/UAE/data/arrangement_merged/chr_04/185290.4~A11.K_4R.png,0,-0.0322320515871067,,0.0012773275375366,-0.4529579018511461,chromosome
0,0.0013017654418945,185290,185290.4~A15.K_4,4,,normal,185290.4~A15.K_4L.png,185290.4~A15.K_4R.png,train,/data5/chensx/MyProject/UAE/data/arrangement_merged/chr_04/185290.4~A15.K_4L.png,/data5/chensx/MyProject/UAE/data/arrangement_merged/chr_04/185290.4~A15.K_4R.png,0,0.0003953533455614,,0.0013017654418945,-0.3728448613654699,chromosome
0,0.0013239979743957,185290,185290.4~A18.K_4,4,,normal,185290.4~A18.K_4L.png,185290.4~A18.K_4R.png,train,/data5/chensx/MyProject/UAE/data/arrangement_merged/chr_04/185290.4~A18.K_4L.png,/data5/chensx/MyProject/UAE/data/arrangement_merged/chr_04/185290.4~A18.K_4R.png,0,0.0300783339306473,,0.0013239979743957,-0.29996153428951455,chromosome
0,0.0013394951820373,185290,185290.4~A28.K_4,4,,normal,185290.4~A28.K_4L.png,185290.4~A28.K_4R.png,train,/data5/chensx/MyProject/UAE/data/arrangement_merged/chr_04/185290.4~A28.K_4L.png,/data5/chensx/MyProject/UAE/data/arrangement_merged/chr_04/185290.4~A28.K_4R.png,0,0.0507688834001441,,0.0013394951820373,-0.24915814276199633,chromosome
0,0.002034842967987,185290,185290.4~A29.K_4,4,,normal,185290.4~A29.K_4L.png,185290.4~A29.K_4R.png,train,/data5/chensx/MyProject/UAE/data/arrangement_merged/chr_04/185290.4~A29.K_4L.png,/data5/chensx/MyProject/UAE/data/arrangement_merged/chr_04/185290.4~A29.K_4R.png,0,0.9791379222891846,,0.002034842967987,2.0303509555460004,chromosome
0,0.0010621547698974,185290,185290.4~A37.K_4,4,,normal,185290.4~A37.K_4L.png,185290.4~A37.K_4R.png,train,/data5/chensx/MyProject/UAE/data/arrangement_merged/chr_04/185290.4~A37.K_4L.png,/data5/chensx/MyProject/UAE/data/arrangement_merged/chr_04/185290.4~A37.K_4R.png,0,-0.3195123730674287,,0.0010621547698974,-1.158343453444964,chromosome
0,0.0019208192825317,185290,185290.4~A9.K_4,4,,normal,185290.4~A9.K_4L.png,185290.4~A9.K_4R.png,train,/data5/chensx/MyProject/UAE/data/arrangement_merged/chr_04/185290.4~A9.K_4L.png,/data5/chensx/MyProject/UAE/data/arrangement_merged/chr_04/185290.4~A9.K_4R.png,0,0.8269032256155403,,0.0019208192825317,1.656555232499336,chromosome
0,0.0014498233795166,185824,185824.11~A10.K_4,4,,normal,185824.11~A10.K_4L.png,185824.11~A10.K_4R.png,train,/data5/chensx/MyProject/UAE/data/arrangement_merged/chr_04/185824.11~A10.K_4L.png,/data5/chensx/MyProject/UAE/data/arrangement_merged/chr_04/185824.11~A10.K_4R.png,0,0.2208490557859134,,0.0014498233795166,0.11252292538219498,chromosome
0,0.0017674565315246,185824,185824.11~A15.K_4,4,,normal,185824.11~A15.K_4L.png,185824.11~A15.K_4R.png,train,/data5/chensx/MyProject/UAE/data/arrangement_merged/chr_04/185824.11~A15.K_4L.png,/data5/chensx/MyProject/UAE/data/arrangement_merged/chr_04/185824.11~A15.K_4R.png,0,0.634777162877012,,0.0017674565315246,1.1537970540365132,chromosome
0,0.0010486841201782,185824,185824.11~A31.K_4,4,,normal,185824.11~A31.K_4L.png,185824.11~A31.K_4R.png,train,/data5/chensx/MyProject/UAE/data/arrangement_merged/chr_04/185824.11~A31.K_4L.png,/data5/chensx/MyProject/UAE/data/arrangement_merged/chr_04/185824.11~A31.K_4R.png,0,-0.3019012089397561,,0.0010486841201782,-1.202503324541839,chromosome
0,0.0013517141342163,185824,185824.12~A12.K_4,4,,normal,185824.12~A12.K_4L.png,185824.12~A12.K_4R.png,train,/data5/chensx/MyProject/UAE/data/arrangement_merged/chr_04/185824.12~A12.K_4L.png,/data5/chensx/MyProject/UAE/data/arrangement_merged/chr_04/185824.12~A12.K_4R.png,0,0.0929966136256679,,0.0013517141342163,-0.2091016225189944,chromosome
0,0.0015194416046142,185824,185824.12~A28.K_4,4,,normal,185824.12~A28.K_4L.png,185824.12~A28.K_4R.png,train,/data5/chensx/MyProject/UAE/data/arrangement_merged/chr_04/185824.12~A28.K_4L.png,/data5/chensx/MyProject/UAE/data/arrangement_merged/chr_04/185824.12~A28.K_4R.png,0,0.3115730244634145,,0.0015194416046142,0.34074739193642195,chromosome
0,0.0013065934181213,185824,185824.12~A31.K_4,4,,normal,185824.12~A31.K_4L.png,185824.12~A31.K_4R.png,train,/data5/chensx/MyProject/UAE/data/arrangement_merged/chr_04/185824.12~A31.K_4L.png,/data5/chensx/MyProject/UAE/data/arrangement_merged/chr_04/185824.12~A31.K_4R.png,0,0.0341969181728697,,0.0013065934181213,-0.35701765092807125,chromosome
0,0.001815915107727,185824,185824.12~A38.K_4,4,,normal,185824.12~A38.K_4L.png,185824.12~A38.K_4R.png,train,/data5/chensx/MyProject/UAE/data/arrangement_merged/chr_04/185824.12~A38.K_4L.png,/data5/chensx/MyProject/UAE/data/arrangement_merged/chr_04/185824.12~A38.K_4R.png,0,0.6979266376499643,,0.001815915107727,1.312655351389908,chromosome
0,0.0015308260917663,185824,185824.12~A48.K_4,4,,normal,185824.12~A48.K_4L.png,185824.12~A48.K_4R.png,train,/data5/chensx/MyProject/UAE/data/arrangement_merged/chr_04/185824.12~A48.K_4L.png,/data5/chensx/MyProject/UAE/data/arrangement_merged/chr_04/185824.12~A48.K_4R.png,0,0.3264088789303688,,0.0015308260917663,0.37806834494318076,chromosome
0,0.0016497373580932,185824,185824.12~A7.K_4,4,,normal,185824.12~A7.K_4L.png,185824.12~A7.K_4R.png,train,/data5/chensx/MyProject/UAE/data/arrangement_merged/chr_04/185824.12~A7.K_4L.png,/data5/chensx/MyProject/UAE/data/arrangement_merged/chr_04/185824.12~A7.K_4R.png,0,0.4813697672108608,,0.0016497373580932,0.7678866760870463,chromosome
0,0.0012613534927368,185824,185824.13~A1.K_4,4,,normal,185824.13~A1.K_4L.png,185824.13~A1.K_4R.png,train,/data5/chensx/MyProject/UAE/data/arrangement_merged/chr_04/185824.13~A1.K_4L.png,/data5/chensx/MyProject/UAE/data/arrangement_merged/chr_04/185824.13~A1.K_4R.png,0,-0.0247581265413624,,0.0012613534927368,-0.5053244746564243,chromosome
0,0.0012511014938354,185824,185824.13~A14.K_4,4,,normal,185824.13~A14.K_4L.png,185824.13~A14.K_4R.png,train,/data5/chensx/MyProject/UAE/data/arrangement_merged/chr_04/185824.13~A14.K_4L.png,/data5/chensx/MyProject/UAE/data/arrangement_merged/chr_04/185824.13~A14.K_4R.png,0,-0.0381181630246931,,0.0012511014938354,-0.5389328721285854,chromosome
0,0.0012661218643188,185824,185824.13~A5.K_4,4,,normal,185824.13~A5.K_4L.png,185824.13~A5.K_4R.png,train,/data5/chensx/MyProject/UAE/data/arrangement_merged/chr_04/185824.13~A5.K_4L.png,/data5/chensx/MyProject/UAE/data/arrangement_merged/chr_04/185824.13~A5.K_4R.png,0,-0.0185441560839993,,0.0012661218643188,-0.4896926618788272,chromosome
0,0.0010119080543518,185824,185824.1~A10.K_4,4,,normal,185824.1~A10.K_4L.png,185824.1~A10.K_4R.png,train,/data5/chensx/MyProject/UAE/data/arrangement_merged/chr_04/185824.1~A10.K_4L.png,/data5/chensx/MyProject/UAE/data/arrangement_merged/chr_04/185824.1~A10.K_4R.png,0,-0.3498264560921689,,0.0010119080543518,-1.3230636805897942,chromosome
0,0.0013983845710754,185824,185824.1~A11.K_4,4,,normal,185824.1~A11.K_4L.png,185824.1~A11.K_4R.png,train,/data5/chensx/MyProject/UAE/data/arrangement_merged/chr_04/185824.1~A11.K_4L.png,/data5/chensx/MyProject/UAE/data/arrangement_merged/chr_04/185824.1~A11.K_4R.png,0,0.1538158494771092,,0.0013983845710754,-0.056105254957362086,chromosome
0,0.0015240907669067,185824,185824.1~A18.K_4,4,,normal,185824.1~A18.K_4L.png,185824.1~A18.K_4R.png,train,/data5/chensx/MyProject/UAE/data/arrangement_merged/chr_04/185824.1~A18.K_4L.png,/data5/chensx/MyProject/UAE/data/arrangement_merged/chr_04/185824.1~A18.K_4R.png,0,0.3176316456593435,,0.0015240907669067,0.35598840939474286,chromosome
0,0.0012493133544921,185824,185824.1~A39.K_4,4,,normal,185824.1~A39.K_4L.png,185824.1~A39.K_4R.png,train,/data5/chensx/MyProject/UAE/data/arrangement_merged/chr_04/185824.1~A39.K_4L.png,/data5/chensx/MyProject/UAE/data/arrangement_merged/chr_04/185824.1~A39.K_4R.png,0,-0.0404484019462042,,0.0012493133544921,-0.5447948019203486,chromosome
0,0.0018949508666992,185824,185824.2~A10.K_4,4,,normal,185824.2~A10.K_4L.png,185824.2~A10.K_4R.png,train,/data5/chensx/MyProject/UAE/data/arrangement_merged/chr_04/185824.2~A10.K_4L.png,/data5/chensx/MyProject/UAE/data/arrangement_merged/chr_04/185824.2~A10.K_4R.png,0,0.8009231979807575,,0.0018949508666992,1.5717526481803812,chromosome
0,0.0014942288398742,185824,185824.2~A11.K_4,4,,normal,185824.2~A11.K_4L.png,185824.2~A11.K_4R.png,train,/data5/chensx/MyProject/UAE/data/arrangement_merged/chr_04/185824.2~A11.K_4L.png,/data5/chensx/MyProject/UAE/data/arrangement_merged/chr_04/185824.2~A11.K_4R.png,0,0.2787166556701071,,0.0014942288398742,0.25809418187430416,chromosome
0,0.0009211301803588,185824,185824.2~A14.K_4,4,,normal,185824.2~A14.K_4L.png,185824.2~A14.K_4R.png,train,/data5/chensx/MyProject/UAE/data/arrangement_merged/chr_04/185824.2~A14.K_4L.png,/data5/chensx/MyProject/UAE/data/arrangement_merged/chr_04/185824.2~A14.K_4R.png,0,-0.4681249186742186,,0.0009211301803588,-1.6206543163455094,chromosome
0,0.0016359686851501,185824,185824.2~A17.K_4,4,,normal,185824.2~A17.K_4L.png,185824.2~A17.K_4R.png,train,/data5/chensx/MyProject/UAE/data/arrangement_merged/chr_04/185824.2~A17.K_4L.png,/data5/chensx/MyProject/UAE/data/arrangement_merged/chr_04/185824.2~A17.K_4R.png,0,0.4634269275152249,,0.0016359686851501,0.7227498166914896,chromosome
0,0.0014719367027282,185824,185824.2~A2.K_4,4,,normal,185824.2~A2.K_4L.png,185824.2~A2.K_4R.png,train,/data5/chensx/MyProject/UAE/data/arrangement_merged/chr_04/185824.2~A2.K_4L.png,/data5/chensx/MyProject/UAE/data/arrangement_merged/chr_04/185824.2~A2.K_4R.png,0,0.2496663437819347,,0.0014719367027282,0.18501545713854653,chromosome
0,0.0010688304901123,185824,185824.2~A25.K_4,4,,normal,185824.2~A25.K_4L.png,185824.2~A25.K_4R.png,train,/data5/chensx/MyProject/UAE/data/arrangement_merged/chr_04/185824.2~A25.K_4L.png,/data5/chensx/MyProject/UAE/data/arrangement_merged/chr_04/185824.2~A25.K_4R.png,0,-0.275647183757397,,0.0010688304901123,-1.1364589155560008,chromosome
0,0.0022279024124145,185824,185824.2~A27.K_4,4,,normal,185824.2~A27.K_4L.png,185824.2~A27.K_4R.png,train,/data5/chensx/MyProject/UAE/data/arrangement_merged/chr_04/185824.2~A27.K_4L.png,/data5/chensx/MyProject/UAE/data/arrangement_merged/chr_04/185824.2~A27.K_4R.png,0,1.2348136851661349,,0.0022279024124145,2.663243975383139,chromosome
0,0.0009400248527526,185824,185824.2~A7.K_4,4,,normal,185824.2~A7.K_4L.png,185824.2~A7.K_4R.png,train,/data5/chensx/MyProject/UAE/data/arrangement_merged/chr_04/185824.2~A7.K_4L.png,/data5/chensx/MyProject/UAE/data/arrangement_merged/chr_04/185824.2~A7.K_4R.png,0,-0.4435020607369174,,0.0009400248527526,-1.5587132582138714,chromosome
0,0.0013784170150756,185824,185824.2~A8.K_4,4,,normal,185824.2~A8.K_4L.png,185824.2~A8.K_4R.png,train,/data5/chensx/MyProject/UAE/data/arrangement_merged/chr_04/185824.2~A8.K_4L.png,/data5/chensx/MyProject/UAE/data/arrangement_merged/chr_04/185824.2~A8.K_4R.png,0,0.1277948481869012,,0.0013784170150756,-0.1215634709641235,chromosome
0,0.0016916394233703,185824,185824.2~A9.K_4,4,,normal,185824.2~A9.K_4L.png,185824.2~A9.K_4R.png,train,/data5/chensx/MyProject/UAE/data/arrangement_merged/chr_04/185824.2~A9.K_4L.png,/data5/chensx/MyProject/UAE/data/arrangement_merged/chr_04/185824.2~A9.K_4R.png,0,0.535975032604939,,0.0016916394233703,0.9052512308710815,chromosome
0,0.0015914440155029,185824,185824.3~A18.K_4,4,,normal,185824.3~A18.K_4L.png,185824.3~A18.K_4R.png,train,/data5/chensx/MyProject/UAE/data/arrangement_merged/chr_04/185824.3~A18.K_4L.png,/data5/chensx/MyProject/UAE/data/arrangement_merged/chr_04/185824.3~A18.K_4R.png,0,0.4054039783695971,,0.0015914440155029,0.5767877648797759,chromosome
0,0.0011589527130126,185824,185824.3~A2.K_4,4,,normal,185824.3~A2.K_4L.png,185824.3~A2.K_4R.png,train,/data5/chensx/MyProject/UAE/data/arrangement_merged/chr_04/185824.3~A2.K_4L.png,/data5/chensx/MyProject/UAE/data/arrangement_merged/chr_04/185824.3~A2.K_4R.png,0,-0.1582031421132347,,0.0011589527130126,-0.8410176540577785,chromosome
0,0.0019290447235107,185824,185824.3~A28.K_4,4,,normal,185824.3~A28.K_4L.png,185824.3~A28.K_4R.png,train,/data5/chensx/MyProject/UAE/data/arrangement_merged/chr_04/185824.3~A28.K_4L.png,/data5/chensx/MyProject/UAE/data/arrangement_merged/chr_04/185824.3~A28.K_4R.png,0,0.8453530867509035,,0.0019290447235107,1.6835201095408547,chromosome
0,0.0011544227600097,185824,185824.3~A41.K_4,4,,normal,185824.3~A41.K_4L.png,185824.3~A41.K_4R.png,train,/data5/chensx/MyProject/UAE/data/arrangement_merged/chr_04/185824.3~A41.K_4L.png,/data5/chensx/MyProject/UAE/data/arrangement_merged/chr_04/185824.3~A41.K_4R.png,0,-0.1641064140477296,,0.0011544227600097,-0.8558678761964955,chromosome
0,0.0011635422706604,185824,185824.3~A43.K_4,4,,normal,185824.3~A43.K_4L.png,185824.3~A43.K_4R.png,train,/data5/chensx/MyProject/UAE/data/arrangement_merged/chr_04/185824.3~A43.K_4L.png,/data5/chensx/MyProject/UAE/data/arrangement_merged/chr_04/185824.3~A43.K_4R.png,0,-0.1522221955480227,,0.0011635422706604,-0.8259720342589314,chromosome
0,0.001793622970581,185824,185824.3~A46.K_4,4,,normal,185824.3~A46.K_4L.png,185824.3~A46.K_4R.png,train,/data5/chensx/MyProject/UAE/data/arrangement_merged/chr_04/185824.3~A46.K_4L.png,/data5/chensx/MyProject/UAE/data/arrangement_merged/chr_04/185824.3~A46.K_4R.png,0,0.6688763257617919,,0.001793622970581,1.2395766266541501,chromosome
0,0.0011779069900512,186193,186193.11~A23.K_4,4,,normal,186193.11~A23.K_4L.png,186193.11~A23.K_4R.png,train,/data5/chensx/MyProject/UAE/data/arrangement_merged/chr_04/186193.11~A23.K_4L.png,/data5/chensx/MyProject/UAE/data/arrangement_merged/chr_04/186193.11~A23.K_4R.png,0,-0.1871538297392218,,0.0011779069900512,-0.7788811982663386,chromosome
0,0.0008264780044555,186193,186193.12~A4.K_4,4,,normal,186193.12~A4.K_4L.png,186193.12~A4.K_4R.png,train,/data5/chensx/MyProject/UAE/data/arrangement_merged/chr_04/186193.12~A4.K_4L.png,/data5/chensx/MyProject/UAE/data/arrangement_merged/chr_04/186193.12~A4.K_4R.png,0,-0.6241775895259492,,0.0008264780044555,-1.9309457999827764,chromosome
0,0.0023272633552551,186193,186193.13~A11.K_4,4,,normal,186193.13~A11.K_4L.png,186193.13~A11.K_4R.png,train,/data5/chensx/MyProject/UAE/data/arrangement_merged/chr_04/186193.13~A11.K_4L.png,/data5/chensx/MyProject/UAE/data/arrangement_merged/chr_04/186193.13~A11.K_4R.png,0,1.2421421607572949,,0.0023272633552551,2.9889718741385294,chromosome
0,0.0013982653617858,186193,186193.13~A22.K_4,4,,normal,186193.13~A22.K_4L.png,186193.13~A22.K_4R.png,train,/data5/chensx/MyProject/UAE/data/arrangement_merged/chr_04/186193.13~A22.K_4L.png,/data5/chensx/MyProject/UAE/data/arrangement_merged/chr_04/186193.13~A22.K_4R.png,0,0.0868754850388532,,0.0013982653617858,-0.056496050276965935,chromosome
0,0.0015972852706909,186193,186193.13~A4.K_4,4,,normal,186193.13~A4.K_4L.png,186193.13~A4.K_4R.png,train,/data5/chensx/MyProject/UAE/data/arrangement_merged/chr_04/186193.13~A4.K_4L.png,/data5/chensx/MyProject/UAE/data/arrangement_merged/chr_04/186193.13~A4.K_4R.png,0,0.3343690966277071,,0.0015972852706909,0.595936735532496,chromosome
0,0.0011428594589233,186193,186193.13~A41.K_4,4,,normal,186193.13~A41.K_4L.png,186193.13~A41.K_4R.png,train,/data5/chensx/MyProject/UAE/data/arrangement_merged/chr_04/186193.13~A41.K_4L.png,/data5/chensx/MyProject/UAE/data/arrangement_merged/chr_04/186193.13~A41.K_4R.png,0,-0.2307376103963784,,0.0011428594589233,-0.8937750221823321,chromosome
0,0.0014206171035766,186193,186193.13~A5.K_4,4,,normal,186193.13~A5.K_4L.png,186193.13~A5.K_4R.png,train,/data5/chensx/MyProject/UAE/data/arrangement_merged/chr_04/186193.13~A5.K_4L.png,/data5/chensx/MyProject/UAE/data/arrangement_merged/chr_04/186193.13~A5.K_4R.png,0,0.1146712635191827,,0.0014206171035766,0.016778072118594004,chromosome
0,0.001239538192749,186193,186193.1~A34.K_4,4,,normal,186193.1~A34.K_4L.png,186193.1~A34.K_4R.png,train,/data5/chensx/MyProject/UAE/data/arrangement_merged/chr_04/186193.1~A34.K_4L.png,/data5/chensx/MyProject/UAE/data/arrangement_merged/chr_04/186193.1~A34.K_4R.png,0,-0.1105116032094599,,0.001239538192749,-0.576840018114422,chromosome
0,0.0010994672775268,186193,186193.1~A38.K_4,4,,normal,186193.1~A38.K_4L.png,186193.1~A38.K_4R.png,train,/data5/chensx/MyProject/UAE/data/arrangement_merged/chr_04/186193.1~A38.K_4L.png,/data5/chensx/MyProject/UAE/data/arrangement_merged/chr_04/186193.1~A38.K_4R.png,0,-0.2846984816861915,,0.0010994672775268,-1.036024518459448,chromosome
0,0.0012620687484741,186193,186193.1~A44.K_4,4,,normal,186193.1~A44.K_4L.png,186193.1~A44.K_4R.png,train,/data5/chensx/MyProject/UAE/data/arrangement_merged/chr_04/186193.1~A44.K_4L.png,/data5/chensx/MyProject/UAE/data/arrangement_merged/chr_04/186193.1~A44.K_4R.png,0,-0.0824934585012878,,0.0012620687484741,-0.5029797027397843,chromosome
0,0.0012085437774658,186193,186193.1~A8.K_4,4,,normal,186193.1~A8.K_4L.png,186193.1~A8.K_4R.png,train,/data5/chensx/MyProject/UAE/data/arrangement_merged/chr_04/186193.1~A8.K_4L.png,/data5/chensx/MyProject/UAE/data/arrangement_merged/chr_04/186193.1~A8.K_4R.png,0,-0.1490550827021835,,0.0012085437774658,-0.6784468011694583,chromosome
0,0.0011554956436157,186193,186193.2~A1.K_4,4,,normal,186193.2~A1.K_4L.png,186193.2~A1.K_4R.png,train,/data5/chensx/MyProject/UAE/data/arrangement_merged/chr_04/186193.2~A1.K_4L.png,/data5/chensx/MyProject/UAE/data/arrangement_merged/chr_04/186193.2~A1.K_4R.png,0,-0.2150237302954988,,0.0011554956436157,-0.8523507183213717,chromosome
0,0.0017173886299133,186193,186193.2~A12.K_4,4,,normal,186193.2~A12.K_4L.png,186193.2~A12.K_4R.png,train,/data5/chensx/MyProject/UAE/data/arrangement_merged/chr_04/186193.2~A12.K_4L.png,/data5/chensx/MyProject/UAE/data/arrangement_merged/chr_04/186193.2~A12.K_4R.png,0,0.483725079662011,,0.0017173886299133,0.9896630198707608,chromosome
0,0.0009474754333496,186193,186193.2~A14.K_4,4,,normal,186193.2~A14.K_4L.png,186193.2~A14.K_4R.png,train,/data5/chensx/MyProject/UAE/data/arrangement_merged/chr_04/186193.2~A14.K_4L.png,/data5/chensx/MyProject/UAE/data/arrangement_merged/chr_04/186193.2~A14.K_4R.png,0,-0.4737097753524321,,0.0009474754333496,-1.5342885507484663,chromosome
0,0.0008007287979125,186193,186193.2~A15.K_4,4,,normal,186193.2~A15.K_4L.png,186193.2~A15.K_4R.png,train,/data5/chensx/MyProject/UAE/data/arrangement_merged/chr_04/186193.2~A15.K_4L.png,/data5/chensx/MyProject/UAE/data/arrangement_merged/chr_04/186193.2~A15.K_4R.png,0,-0.6561983263352887,,0.0008007287979125,-2.015357588982456,chromosome
0,0.0013203620910644,186193,186193.2~A24.K_4,4,,normal,186193.2~A24.K_4L.png,186193.2~A24.K_4R.png,train,/data5/chensx/MyProject/UAE/data/arrangement_merged/chr_04/186193.2~A24.K_4L.png,/data5/chensx/MyProject/UAE/data/arrangement_merged/chr_04/186193.2~A24.K_4R.png,0,-0.0100020682245884,,0.0013203620910644,-0.3118807915325139,chromosome
0,0.0017535686492919,186193,186193.2~A3.K_4,4,,normal,186193.2~A3.K_4L.png,186193.2~A3.K_4R.png,train,/data5/chensx/MyProject/UAE/data/arrangement_merged/chr_04/186193.2~A3.K_4L.png,/data5/chensx/MyProject/UAE/data/arrangement_merged/chr_04/186193.2~A3.K_4R.png,0,0.528717179762171,,0.0017535686492919,1.108269399321352,chromosome
0,0.0016112327575683,186193,186193.2~A37.K_4,4,,normal,186193.2~A37.K_4L.png,186193.2~A37.K_4R.png,train,/data5/chensx/MyProject/UAE/data/arrangement_merged/chr_04/186193.2~A37.K_4L.png,/data5/chensx/MyProject/UAE/data/arrangement_merged/chr_04/186193.2~A37.K_4R.png,0,0.3517136623994327,,0.0016112327575683,0.6416597879071311,chromosome
0,0.0010461211204528,186193,186193.2~A4.K_4,4,,normal,186193.2~A4.K_4L.png,186193.2~A4.K_4R.png,train,/data5/chensx/MyProject/UAE/data/arrangement_merged/chr_04/186193.2~A4.K_4L.png,/data5/chensx/MyProject/UAE/data/arrangement_merged/chr_04/186193.2~A4.K_4R.png,0,-0.3510377396592445,,0.0010461211204528,-1.2109054239100439,chromosome
0,0.0020997524261474,186193,186193.2~A42.K_4,4,,normal,186193.2~A42.K_4L.png,186193.2~A42.K_4R.png,train,/data5/chensx/MyProject/UAE/data/arrangement_merged/chr_04/186193.2~A42.K_4L.png,/data5/chensx/MyProject/UAE/data/arrangement_merged/chr_04/186193.2~A42.K_4R.png,0,0.9592181968655143,,0.0020997524261474,2.2431390069824326,chromosome
0,0.0021812319755554,186193,186193.2~A44.K_4,4,,normal,186193.2~A44.K_4L.png,186193.2~A44.K_4R.png,train,/data5/chensx/MyProject/UAE/data/arrangement_merged/chr_04/186193.2~A44.K_4L.png,/data5/chensx/MyProject/UAE/data/arrangement_merged/chr_04/186193.2~A44.K_4R.png,0,1.0605430746858089,,0.0021812319755554,2.510247607821507,chromosome
0,0.0008719563484191,186193,186193.2~A46.K_4,4,,normal,186193.2~A46.K_4L.png,186193.2~A46.K_4R.png,train,/data5/chensx/MyProject/UAE/data/arrangement_merged/chr_04/186193.2~A46.K_4L.png,/data5/chensx/MyProject/UAE/data/arrangement_merged/chr_04/186193.2~A46.K_4R.png,0,-0.567622445577972,,0.0008719563484191,-1.7818573856155437,chromosome
0,0.00102961063385,186193,186193.2~A48.K_4,4,,normal,186193.2~A48.K_4L.png,186193.2~A48.K_4R.png,train,/data5/chensx/MyProject/UAE/data/arrangement_merged/chr_04/186193.2~A48.K_4L.png,/data5/chensx/MyProject/UAE/data/arrangement_merged/chr_04/186193.2~A48.K_4R.png,0,-0.3715695546967146,,0.00102961063385,-1.2650305756528828,chromosome
0,0.0020553469657897,186193,186193.2~A5.K_4,4,,normal,186193.2~A5.K_4L.png,186193.2~A5.K_4R.png,train,/data5/chensx/MyProject/UAE/data/arrangement_merged/chr_04/186193.2~A5.K_4L.png,/data5/chensx/MyProject/UAE/data/arrangement_merged/chr_04/186193.2~A5.K_4R.png,0,0.9039972502845932,,0.0020553469657897,2.0975677504899957,chromosome
0,0.0019528865814208,186193,186193.2~A50.K_4,4,,normal,186193.2~A50.K_4L.png,186193.2~A50.K_4R.png,train,/data5/chensx/MyProject/UAE/data/arrangement_merged/chr_04/186193.2~A50.K_4L.png,/data5/chensx/MyProject/UAE/data/arrangement_merged/chr_04/186193.2~A50.K_4R.png,0,0.7765814017307626,,0.0019528865814208,1.761679173429168,chromosome
0,0.0014556050300598,186193,186193.2~A7.K_4,4,,normal,186193.2~A7.K_4L.png,186193.2~A7.K_4R.png,train,/data5/chensx/MyProject/UAE/data/arrangement_merged/chr_04/186193.2~A7.K_4L.png,/data5/chensx/MyProject/UAE/data/arrangement_merged/chr_04/186193.2~A7.K_4R.png,0,0.1581809221003919,,0.0014556050300598,0.1314764983751129,chromosome
0,0.0014641284942626,186193,186193.3~A15.K_4,4,,normal,186193.3~A15.K_4L.png,186193.3~A15.K_4R.png,train,/data5/chensx/MyProject/UAE/data/arrangement_merged/chr_04/186193.3~A15.K_4L.png,/data5/chensx/MyProject/UAE/data/arrangement_merged/chr_04/186193.3~A15.K_4R.png,0,0.1687803789608908,,0.0014641284942626,0.1594183637149855,chromosome
0,0.0011734962463378,186193,186193.3~A6.K_4,4,,normal,186193.3~A6.K_4L.png,186193.3~A6.K_4R.png,train,/data5/chensx/MyProject/UAE/data/arrangement_merged/chr_04/186193.3~A6.K_4L.png,/data5/chensx/MyProject/UAE/data/arrangement_merged/chr_04/186193.3~A6.K_4R.png,0,-0.1926388633593402,,0.0011734962463378,-0.7933406250857795,chromosome
0,0.0009820461273193,Q242362,Q242362.11~A39.K_4,4,,normal,Q242362.11~A39.K_4L.png,Q242362.11~A39.K_4R.png,train,/data5/chensx/MyProject/UAE/data/arrangement_merged/chr_04/Q242362.11~A39.K_4L.png,/data5/chensx/MyProject/UAE/data/arrangement_merged/chr_04/Q242362.11~A39.K_4R.png,0,-0.4414142262691608,,0.0009820461273193,-1.4209579081102328,chromosome
0,0.0018746852874755,Q242362,Q242362.12~A25.K_4,4,,normal,Q242362.12~A25.K_4L.png,Q242362.12~A25.K_4R.png,train,/data5/chensx/MyProject/UAE/data/arrangement_merged/chr_04/Q242362.12~A25.K_4L.png,/data5/chensx/MyProject/UAE/data/arrangement_merged/chr_04/Q242362.12~A25.K_4R.png,0,0.7309276388831665,,0.0018746852874755,1.5053174438749384,chromosome
0,0.0009340643882751,Q242362,Q242362.12~A30.K_4,4,,normal,Q242362.12~A30.K_4L.png,Q242362.12~A30.K_4R.png,train,/data5/chensx/MyProject/UAE/data/arrangement_merged/chr_04/Q242362.12~A30.K_4L.png,/data5/chensx/MyProject/UAE/data/arrangement_merged/chr_04/Q242362.12~A30.K_4R.png,0,-0.5044307327760802,,0.0009340643882751,-1.5782530241858679,chromosome
0,0.0016123056411743,Q242362,Q242362.12~A6.K_4,4,,normal,Q242362.12~A6.K_4L.png,Q242362.12~A6.K_4R.png,train,/data5/chensx/MyProject/UAE/data/arrangement_merged/chr_04/Q242362.12~A6.K_4L.png,/data5/chensx/MyProject/UAE/data/arrangement_merged/chr_04/Q242362.12~A6.K_4R.png,0,0.3863330281459506,,0.0016123056411743,0.6451769457822543,chromosome
0,0.0015560388565063,Q242362,Q242362.13~A12.K_4,4,,normal,Q242362.13~A12.K_4L.png,Q242362.13~A12.K_4R.png,train,/data5/chensx/MyProject/UAE/data/arrangement_merged/chr_04/Q242362.13~A12.K_4L.png,/data5/chensx/MyProject/UAE/data/arrangement_merged/chr_04/Q242362.13~A12.K_4R.png,0,0.3124354105775881,,0.0015560388565063,0.46072155500529854,chromosome
0,0.0014266967773437,Q242362,Q242362.13~A3.K_4,4,,normal,Q242362.13~A3.K_4L.png,Q242362.13~A3.K_4R.png,train,/data5/chensx/MyProject/UAE/data/arrangement_merged/chr_04/Q242362.13~A3.K_4L.png,/data5/chensx/MyProject/UAE/data/arrangement_merged/chr_04/Q242362.13~A3.K_4R.png,0,0.1425648278198056,,0.0014266967773437,0.03670863341019349,chromosome
0,0.0012197494506835,Q242362,Q242362.13~A33.K_4,4,,normal,Q242362.13~A33.K_4L.png,Q242362.13~A33.K_4R.png,train,/data5/chensx/MyProject/UAE/data/arrangement_merged/chr_04/Q242362.13~A33.K_4L.png,/data5/chensx/MyProject/UAE/data/arrangement_merged/chr_04/Q242362.13~A33.K_4R.png,0,-0.1292281045926463,,0.0012197494506835,-0.641712041142105,chromosome
0,0.0012080073356628,Q242362,Q242362.13~A6.K_4,4,,normal,Q242362.13~A6.K_4L.png,Q242362.13~A6.K_4R.png,train,/data5/chensx/MyProject/UAE/data/arrangement_merged/chr_04/Q242362.13~A6.K_4L.png,/data5/chensx/MyProject/UAE/data/arrangement_merged/chr_04/Q242362.13~A6.K_4R.png,0,-0.1446495353775694,,0.0012080073356628,-0.6802053801070199,chromosome
0,0.001793086528778,Q242362,Q242362.14~A13.K_4,4,,normal,Q242362.14~A13.K_4L.png,Q242362.14~A13.K_4R.png,train,/data5/chensx/MyProject/UAE/data/arrangement_merged/chr_04/Q242362.14~A13.K_4L.png,/data5/chensx/MyProject/UAE/data/arrangement_merged/chr_04/Q242362.14~A13.K_4R.png,0,0.6237604371341323,,0.001793086528778,1.2378180477165888,chromosome
0,0.0019233226776123,Q242362,Q242362.14~A25.K_4,4,,normal,Q242362.14~A25.K_4L.png,Q242362.14~A25.K_4R.png,train,/data5/chensx/MyProject/UAE/data/arrangement_merged/chr_04/Q242362.14~A25.K_4L.png,/data5/chensx/MyProject/UAE/data/arrangement_merged/chr_04/Q242362.14~A25.K_4R.png,0,0.7948052405100562,,0.0019233226776123,1.6647619342077384,chromosome
0,0.0017892718315124,Q242362,Q242362.14~A29.K_4,4,,normal,Q242362.14~A29.K_4L.png,Q242362.14~A29.K_4R.png,train,/data5/chensx/MyProject/UAE/data/arrangement_merged/chr_04/Q242362.14~A29.K_4L.png,/data5/chensx/MyProject/UAE/data/arrangement_merged/chr_04/Q242362.14~A29.K_4R.png,0,0.6187504291633958,,0.0017892718315124,1.225312597494511,chromosome
0,0.0016831755638122,Q242362,Q242362.14~A36.K_4,4,,normal,Q242362.14~A36.K_4L.png,Q242362.14~A36.K_4R.png,train,/data5/chensx/MyProject/UAE/data/arrangement_merged/chr_04/Q242362.14~A36.K_4L.png,/data5/chensx/MyProject/UAE/data/arrangement_merged/chr_04/Q242362.14~A36.K_4R.png,0,0.4794095824772886,,0.0016831755638122,0.8775047631906827,chromosome
0,0.0014538168907165,Q242362,Q242362.14~A48.K_4,4,,normal,Q242362.14~A48.K_4L.png,Q242362.14~A48.K_4R.png,train,/data5/chensx/MyProject/UAE/data/arrangement_merged/chr_04/Q242362.14~A48.K_4L.png,/data5/chensx/MyProject/UAE/data/arrangement_merged/chr_04/Q242362.14~A48.K_4R.png,0,0.17818285323676,,0.0014538168907165,0.12561456858335052,chromosome
0,0.0020847916603088,Q242362,Q242362.1~A28.K_4,4,,normal,Q242362.1~A28.K_4L.png,Q242362.1~A28.K_4R.png,train,/data5/chensx/MyProject/UAE/data/arrangement_merged/chr_04/Q242362.1~A28.K_4L.png,/data5/chensx/MyProject/UAE/data/arrangement_merged/chr_04/Q242362.1~A28.K_4R.png,0,1.0068694841463846,,0.0020847916603088,2.1940941943924774,chromosome
0,0.0014819502830505,Q242362,Q242362.1~A32.K_4,4,,normal,Q242362.1~A32.K_4L.png,Q242362.1~A32.K_4R.png,train,/data5/chensx/MyProject/UAE/data/arrangement_merged/chr_04/Q242362.1~A32.K_4L.png,/data5/chensx/MyProject/UAE/data/arrangement_merged/chr_04/Q242362.1~A32.K_4R.png,0,0.2151316620209412,,0.0014819502830505,0.21784226397182835,chromosome
0,0.0017133951187133,Q242362,Q242362.1~A4.K_4,4,,normal,Q242362.1~A4.K_4L.png,Q242362.1~A4.K_4R.png,train,/data5/chensx/MyProject/UAE/data/arrangement_merged/chr_04/Q242362.1~A4.K_4L.png,/data5/chensx/MyProject/UAE/data/arrangement_merged/chr_04/Q242362.1~A4.K_4R.png,0,0.5190982393704663,,0.0017133951187133,0.9765713766692776,chromosome
0,0.001811921596527,Q242362,Q242362.1~A9.K_4,4,,normal,Q242362.1~A9.K_4L.png,Q242362.1~A9.K_4R.png,train,/data5/chensx/MyProject/UAE/data/arrangement_merged/chr_04/Q242362.1~A9.K_4L.png,/data5/chensx/MyProject/UAE/data/arrangement_merged/chr_04/Q242362.1~A9.K_4R.png,0,0.6484973514896435,,0.001811921596527,1.2995637081884246,chromosome
0,0.0012811422348022,Q242362,Q242362.2~A14.K_4,4,,normal,Q242362.2~A14.K_4L.png,Q242362.2~A14.K_4R.png,train,/data5/chensx/MyProject/UAE/data/arrangement_merged/chr_04/Q242362.2~A14.K_4L.png,/data5/chensx/MyProject/UAE/data/arrangement_merged/chr_04/Q242362.2~A14.K_4R.png,0,-0.0485982888136067,,0.0012811422348022,-0.44045245162906904,chromosome
0,0.0012038946151733,Q242362,Q242362.2~A2.K_4,4,,normal,Q242362.2~A2.K_4L.png,Q242362.2~A2.K_4R.png,train,/data5/chensx/MyProject/UAE/data/arrangement_merged/chr_04/Q242362.2~A2.K_4L.png,/data5/chensx/MyProject/UAE/data/arrangement_merged/chr_04/Q242362.2~A2.K_4R.png,0,-0.1500509502210196,,0.0012038946151733,-0.6936878186277793,chromosome
0,0.0011842250823974,Q242362,Q242362.2~A7.K_4,4,,normal,Q242362.2~A7.K_4L.png,Q242362.2~A7.K_4R.png,train,/data5/chensx/MyProject/UAE/data/arrangement_merged/chr_04/Q242362.2~A7.K_4L.png,/data5/chensx/MyProject/UAE/data/arrangement_merged/chr_04/Q242362.2~A7.K_4R.png,0,-0.1758838038201294,,0.0011842250823974,-0.7581690463358585,chromosome
0,0.0014301538467407,Q242362,Q242362.2~A9.K_4,4,,normal,Q242362.2~A9.K_4L.png,Q242362.2~A9.K_4R.png,train,/data5/chensx/MyProject/UAE/data/arrangement_merged/chr_04/Q242362.2~A9.K_4L.png,/data5/chensx/MyProject/UAE/data/arrangement_merged/chr_04/Q242362.2~A9.K_4R.png,0,0.1471051475432855,,0.0014301538467407,0.048041697674115855,chromosome
0,0.0020239949226379,Q242362,Q242362.3~A15.K_4,4,,normal,Q242362.3~A15.K_4L.png,Q242362.3~A15.K_4R.png,train,/data5/chensx/MyProject/UAE/data/arrangement_merged/chr_04/Q242362.3~A15.K_4L.png,/data5/chensx/MyProject/UAE/data/arrangement_merged/chr_04/Q242362.3~A15.K_4R.png,0,0.9270224821127726,,0.0020239949226379,1.994788581476804,chromosome
0,0.0013481378555297,Q242362,Q242362.4~A30.K_4,4,,normal,Q242362.4~A30.K_4L.png,Q242362.4~A30.K_4R.png,train,/data5/chensx/MyProject/UAE/data/arrangement_merged/chr_04/Q242362.4~A30.K_4L.png,/data5/chensx/MyProject/UAE/data/arrangement_merged/chr_04/Q242362.4~A30.K_4R.png,0,0.039389976172452,,0.0013481378555297,-0.2208254821025199,chromosome
0,0.0007661581039428,Q242362,Q242362.4~A42.K_4,4,,normal,Q242362.4~A42.K_4L.png,Q242362.4~A42.K_4R.png,train,/data5/chensx/MyProject/UAE/data/arrangement_merged/chr_04/Q242362.4~A42.K_4L.png,/data5/chensx/MyProject/UAE/data/arrangement_merged/chr_04/Q242362.4~A42.K_4R.png,0,-0.7249493648630263,,0.0007661581039428,-2.12868823162069,chromosome
0,0.0012651681900024,Q242664,Q242664.11~A21.K_4,4,,normal,Q242664.11~A21.K_4L.png,Q242664.11~A21.K_4R.png,train,/data5/chensx/MyProject/UAE/data/arrangement_merged/chr_04/Q242664.11~A21.K_4L.png,/data5/chensx/MyProject/UAE/data/arrangement_merged/chr_04/Q242664.11~A21.K_4R.png,0,-0.0037250661528272,,0.0012651681900024,-0.4928190244343465,chromosome
0,0.0011703372001647,Q242664,Q242664.12~A1.K_4,4,,normal,Q242664.12~A1.K_4L.png,Q242664.12~A1.K_4R.png,train,/data5/chensx/MyProject/UAE/data/arrangement_merged/chr_04/Q242664.12~A1.K_4L.png,/data5/chensx/MyProject/UAE/data/arrangement_merged/chr_04/Q242664.12~A1.K_4R.png,0,-0.1320809930311413,,0.0011703372001647,-0.8036967010510196,chromosome
0,0.0013941526412963,Q242664,Q242664.12~A16.K_4,4,,normal,Q242664.12~A16.K_4L.png,Q242664.12~A16.K_4R.png,train,/data5/chensx/MyProject/UAE/data/arrangement_merged/chr_04/Q242664.12~A16.K_4L.png,/data5/chensx/MyProject/UAE/data/arrangement_merged/chr_04/Q242664.12~A16.K_4R.png,0,0.1708583567036602,,0.0013941526412963,-0.06997848879772531,chromosome
0,0.0013125538825988,Q242664,Q242664.12~A19.K_4,4,,normal,Q242664.12~A19.K_4L.png,Q242664.12~A19.K_4R.png,train,/data5/chensx/MyProject/UAE/data/arrangement_merged/chr_04/Q242664.12~A19.K_4L.png,/data5/chensx/MyProject/UAE/data/arrangement_merged/chr_04/Q242664.12~A19.K_4R.png,0,0.0604125591572039,,0.0013125538825988,-0.33747788495607495,chromosome
0,0.0011664032936096,Q242664,Q242664.12~A22.K_4,4,,normal,Q242664.12~A22.K_4L.png,Q242664.12~A22.K_4R.png,train,/data5/chensx/MyProject/UAE/data/arrangement_merged/chr_04/Q242664.12~A22.K_4L.png,/data5/chensx/MyProject/UAE/data/arrangement_merged/chr_04/Q242664.12~A22.K_4R.png,0,-0.1374056260757477,,0.0011664032936096,-0.8165929465923729,chromosome
0,0.0009800195693969,Q242664,Q242664.12~A24.K_4,4,,normal,Q242664.12~A24.K_4L.png,Q242664.12~A24.K_4R.png,train,/data5/chensx/MyProject/UAE/data/arrangement_merged/chr_04/Q242664.12~A24.K_4L.png,/data5/chensx/MyProject/UAE/data/arrangement_merged/chr_04/Q242664.12~A24.K_4R.png,0,-0.3896802856285371,,0.0009800195693969,-1.4276014285408751,chromosome
0,0.0013523697853088,Q242664,Q242664.12~A29.K_4,4,,normal,Q242664.12~A29.K_4L.png,Q242664.12~A29.K_4R.png,train,/data5/chensx/MyProject/UAE/data/arrangement_merged/chr_04/Q242664.12~A29.K_4L.png,/data5/chensx/MyProject/UAE/data/arrangement_merged/chr_04/Q242664.12~A29.K_4R.png,0,0.1143042996692804,,0.0013523697853088,-0.20695224826215666,chromosome
0,0.0012106895446777,Q242664,Q242664.12~A34.K_4,4,,normal,Q242664.12~A34.K_4L.png,Q242664.12~A34.K_4R.png,train,/data5/chensx/MyProject/UAE/data/arrangement_merged/chr_04/Q242664.12~A34.K_4L.png,/data5/chensx/MyProject/UAE/data/arrangement_merged/chr_04/Q242664.12~A34.K_4R.png,0,-0.0774631661948002,,0.0012106895446777,-0.6714124854195398,chromosome
0,0.0016364455223083,Q242664,Q242664.12~A37.K_4,4,,normal,Q242664.12~A37.K_4L.png,Q242664.12~A37.K_4R.png,train,/data5/chensx/MyProject/UAE/data/arrangement_merged/chr_04/Q242664.12~A37.K_4L.png,/data5/chensx/MyProject/UAE/data/arrangement_merged/chr_04/Q242664.12~A37.K_4R.png,0,0.4988073464964613,,0.0016364455223083,0.7243129979692489,chromosome
0,0.0010598897933959,Q242664,Q242664.12~A8.K_4,4,,normal,Q242664.12~A8.K_4L.png,Q242664.12~A8.K_4R.png,train,/data5/chensx/MyProject/UAE/data/arrangement_merged/chr_04/Q242664.12~A8.K_4L.png,/data5/chensx/MyProject/UAE/data/arrangement_merged/chr_04/Q242664.12~A8.K_4R.png,0,-0.2815740995713776,,0.0010598897933959,-1.1657685645144864,chromosome
0,0.0015645027160644,Q242664,Q242664.13~A20.K_4,4,,normal,Q242664.13~A20.K_4L.png,Q242664.13~A20.K_4R.png,train,/data5/chensx/MyProject/UAE/data/arrangement_merged/chr_04/Q242664.13~A20.K_4L.png,/data5/chensx/MyProject/UAE/data/arrangement_merged/chr_04/Q242664.13~A20.K_4R.png,0,0.4014311027867661,,0.0015645027160644,0.4884680226856973,chromosome
0,0.0014582276344299,Q242664,Q242664.13~A32.K_4,4,,normal,Q242664.13~A32.K_4L.png,Q242664.13~A32.K_4R.png,train,/data5/chensx/MyProject/UAE/data/arrangement_merged/chr_04/Q242664.13~A32.K_4L.png,/data5/chensx/MyProject/UAE/data/arrangement_merged/chr_04/Q242664.13~A32.K_4R.png,0,0.2575853343241426,,0.0014582276344299,0.14007399540279145,chromosome
0,0.0015974044799804,Q242664,Q242664.13~A33.K_4,4,,normal,Q242664.13~A33.K_4L.png,Q242664.13~A33.K_4R.png,train,/data5/chensx/MyProject/UAE/data/arrangement_merged/chr_04/Q242664.13~A33.K_4L.png,/data5/chensx/MyProject/UAE/data/arrangement_merged/chr_04/Q242664.13~A33.K_4R.png,0,0.4459643973416557,,0.0015974044799804,0.5963275308517721,chromosome
0,0.0020279884338378,Q242664,Q242664.13~A42.K_4,4,,normal,Q242664.13~A42.K_4L.png,Q242664.13~A42.K_4R.png,train,/data5/chensx/MyProject/UAE/data/arrangement_merged/chr_04/Q242664.13~A42.K_4L.png,/data5/chensx/MyProject/UAE/data/arrangement_merged/chr_04/Q242664.13~A42.K_4R.png,0,1.028769686951298,,0.0020279884338378,2.0078802246779595,chromosome
0,0.0009758472442626,Q242664,Q242664.13~A50.K_4,4,,normal,Q242664.13~A50.K_4L.png,Q242664.13~A50.K_4R.png,train,/data5/chensx/MyProject/UAE/data/arrangement_merged/chr_04/Q242664.13~A50.K_4L.png,/data5/chensx/MyProject/UAE/data/arrangement_merged/chr_04/Q242664.13~A50.K_4R.png,0,-0.3953276237061499,,0.0009758472442626,-1.4412792647214365,chromosome
0,0.0010333061218261,Q242664,Q242664.14~A47.K_4,4,,normal,Q242664.14~A47.K_4L.png,Q242664.14~A47.K_4R.png,train,/data5/chensx/MyProject/UAE/data/arrangement_merged/chr_04/Q242664.14~A47.K_4L.png,/data5/chensx/MyProject/UAE/data/arrangement_merged/chr_04/Q242664.14~A47.K_4R.png,0,-0.3175557107515963,,0.0010333061218261,-1.252915920750081,chromosome
0,0.0014959573745727,Q242664,Q242664.1~A14.K_4,4,,normal,Q242664.1~A14.K_4L.png,Q242664.1~A14.K_4R.png,train,/data5/chensx/MyProject/UAE/data/arrangement_merged/chr_04/Q242664.1~A14.K_4L.png,/data5/chensx/MyProject/UAE/data/arrangement_merged/chr_04/Q242664.1~A14.K_4R.png,0,0.3086534057974128,,0.0014959573745727,0.263760714006265,chromosome
0,0.0019766092300415,Q242664,Q242664.2~A1.K_4,4,,normal,Q242664.2~A1.K_4L.png,Q242664.2~A1.K_4R.png,train,/data5/chensx/MyProject/UAE/data/arrangement_merged/chr_04/Q242664.2~A1.K_4L.png,/data5/chensx/MyProject/UAE/data/arrangement_merged/chr_04/Q242664.2~A1.K_4R.png,0,0.9592267523384086,,0.0019766092300415,1.8394474419985325,chromosome
0,0.001659870147705,Q242664,Q242664.2~A10.K_4,4,,normal,Q242664.2~A10.K_4L.png,Q242664.2~A10.K_4R.png,train,/data5/chensx/MyProject/UAE/data/arrangement_merged/chr_04/Q242664.2~A10.K_4L.png,/data5/chensx/MyProject/UAE/data/arrangement_merged/chr_04/Q242664.2~A10.K_4R.png,0,0.5305131159893447,,0.001659870147705,0.8011042782396043,chromosome
0,0.0014163851737976,Q242664,Q242664.2~A30.K_4,4,,normal,Q242664.2~A30.K_4L.png,Q242664.2~A30.K_4R.png,train,/data5/chensx/MyProject/UAE/data/arrangement_merged/chr_04/Q242664.2~A30.K_4L.png,/data5/chensx/MyProject/UAE/data/arrangement_merged/chr_04/Q242664.2~A30.K_4R.png,0,0.2009506010315113,,0.0014163851737976,0.002904838278558492,chromosome
0,0.0019914507865905,Q242664,Q242664.2~A32.K_4,4,,normal,Q242664.2~A32.K_4L.png,Q242664.2~A32.K_4R.png,train,/data5/chensx/MyProject/UAE/data/arrangement_merged/chr_04/Q242664.2~A32.K_4L.png,/data5/chensx/MyProject/UAE/data/arrangement_merged/chr_04/Q242664.2~A32.K_4R.png,0,0.97931514064306,,0.0019914507865905,1.8881014592688845,chromosome
0,0.0015625357627868,Q242664,Q242664.2~A6.K_4,4,,normal,Q242664.2~A6.K_4L.png,Q242664.2~A6.K_4R.png,train,/data5/chensx/MyProject/UAE/data/arrangement_merged/chr_04/Q242664.2~A6.K_4L.png,/data5/chensx/MyProject/UAE/data/arrangement_merged/chr_04/Q242664.2~A6.K_4R.png,0,0.3987687862644629,,0.0015625357627868,0.48201989991485644,chromosome
0,0.0013306140899658,Q242664,Q242664.3~A19.K_4,4,,normal,Q242664.3~A19.K_4L.png,Q242664.3~A19.K_4R.png,train,/data5/chensx/MyProject/UAE/data/arrangement_merged/chr_04/Q242664.3~A19.K_4L.png,/data5/chensx/MyProject/UAE/data/arrangement_merged/chr_04/Q242664.3~A19.K_4R.png,0,0.0848574654074422,,0.0013306140899658,-0.27827239406035276,chromosome
0,0.0014621019363403,Q242664,Q242664.3~A29.K_4,4,,normal,Q242664.3~A29.K_4L.png,Q242664.3~A29.K_4R.png,train,/data5/chensx/MyProject/UAE/data/arrangement_merged/chr_04/Q242664.3~A29.K_4L.png,/data5/chensx/MyProject/UAE/data/arrangement_merged/chr_04/Q242664.3~A29.K_4R.png,0,0.2628292911104974,,0.0014621019363403,0.1527748432846708,chromosome
0,0.0015766620635986,Q242664,Q242664.3~A44.K_4,4,,normal,Q242664.3~A44.K_4L.png,Q242664.3~A44.K_4R.png,train,/data5/chensx/MyProject/UAE/data/arrangement_merged/chr_04/Q242664.3~A44.K_4L.png,/data5/chensx/MyProject/UAE/data/arrangement_merged/chr_04/Q242664.3~A44.K_4R.png,0,0.4178890594700948,,0.0015766620635986,0.5283291452688976,chromosome
0,0.0012474656105041,Q242664,Q242664.3~A48.K_4,4,,normal,Q242664.3~A48.K_4L.png,Q242664.3~A48.K_4R.png,train,/data5/chensx/MyProject/UAE/data/arrangement_merged/chr_04/Q242664.3~A48.K_4L.png,/data5/chensx/MyProject/UAE/data/arrangement_merged/chr_04/Q242664.3~A48.K_4R.png,0,-0.0276859148535559,,0.0012474656105041,-0.5508521293715848,chromosome
0,0.0014078617095947,Q242664,Q242664.4~A14.K_4,4,,normal,Q242664.4~A14.K_4L.png,Q242664.4~A14.K_4R.png,train,/data5/chensx/MyProject/UAE/data/arrangement_merged/chr_04/Q242664.4~A14.K_4L.png,/data5/chensx/MyProject/UAE/data/arrangement_merged/chr_04/Q242664.4~A14.K_4R.png,0,0.1894138961015308,,0.0014078617095947,-0.025037027061641806,chromosome
0,0.0011241436004638,Q242664,Q242664.4~A34.K_4,4,,normal,Q242664.4~A34.K_4L.png,Q242664.4~A34.K_4R.png,train,/data5/chensx/MyProject/UAE/data/arrangement_merged/chr_04/Q242664.4~A34.K_4L.png,/data5/chensx/MyProject/UAE/data/arrangement_merged/chr_04/Q242664.4~A34.K_4R.png,0,-0.1946050931761403,,0.0011241436004638,-0.9551298873348919,chromosome
0,0.0014611482620239,Q242664,Q242664.4~A41.K_4,4,,normal,Q242664.4~A41.K_4L.png,Q242664.4~A41.K_4R.png,train,/data5/chensx/MyProject/UAE/data/arrangement_merged/chr_04/Q242664.4~A41.K_4L.png,/data5/chensx/MyProject/UAE/data/arrangement_merged/chr_04/Q242664.4~A41.K_4R.png,0,0.2615384709784716,,0.0014611482620239,0.14964848072915155,chromosome
0,0.0016378164291381,Q242664,Q242664.4~A49.K_4,4,,normal,Q242664.4~A49.K_4L.png,Q242664.4~A49.K_4R.png,train,/data5/chensx/MyProject/UAE/data/arrangement_merged/chr_04/Q242664.4~A49.K_4L.png,/data5/chensx/MyProject/UAE/data/arrangement_merged/chr_04/Q242664.4~A49.K_4R.png,0,0.5006629004362484,,0.0016378164291381,0.7288071441427258,chromosome
0,0.0014954805374145,Q251136,Q251136.12~A20.K_4,4,,normal,Q251136.12~A20.K_4L.png,Q251136.12~A20.K_4R.png,train,/data5/chensx/MyProject/UAE/data/arrangement_merged/chr_04/Q251136.12~A20.K_4L.png,/data5/chensx/MyProject/UAE/data/arrangement_merged/chr_04/Q251136.12~A20.K_4R.png,0,0.1600494808284114,,0.0014954805374145,0.2621975327285057,chromosome
0,0.0016409158706665,Q251136,Q251136.12~A23.K_4,4,,normal,Q251136.12~A23.K_4L.png,Q251136.12~A23.K_4R.png,train,/data5/chensx/MyProject/UAE/data/arrangement_merged/chr_04/Q251136.12~A23.K_4L.png,/data5/chensx/MyProject/UAE/data/arrangement_merged/chr_04/Q251136.12~A23.K_4R.png,0,0.3031565207871962,,0.0016409158706665,0.7389678224484921,chromosome
0,0.0013218522071838,Q251136,Q251136.14~A16.K_4,4,,normal,Q251136.14~A16.K_4L.png,Q251136.14~A16.K_4R.png,train,/data5/chensx/MyProject/UAE/data/arrangement_merged/chr_04/Q251136.14~A16.K_4L.png,/data5/chensx/MyProject/UAE/data/arrangement_merged/chr_04/Q251136.14~A16.K_4R.png,0,-0.010799210728941,,0.0013218522071838,-0.3069958500394331,chromosome
0,0.0011197328567504,Q251136,Q251136.14~A17.K_4,4,,normal,Q251136.14~A17.K_4L.png,Q251136.14~A17.K_4R.png,train,/data5/chensx/MyProject/UAE/data/arrangement_merged/chr_04/Q251136.14~A17.K_4L.png,/data5/chensx/MyProject/UAE/data/arrangement_merged/chr_04/Q251136.14~A17.K_4R.png,0,-0.2096828060159242,,0.0011197328567504,-0.9695893141543329,chromosome
0,0.0010418891906738,Q251136,Q251136.14~A18.K_4,4,,normal,Q251136.14~A18.K_4L.png,Q251136.14~A18.K_4R.png,train,/data5/chensx/MyProject/UAE/data/arrangement_merged/chr_04/Q251136.14~A18.K_4L.png,/data5/chensx/MyProject/UAE/data/arrangement_merged/chr_04/Q251136.14~A18.K_4R.png,0,-0.2862802626496016,,0.0010418891906738,-1.2247786577500792,chromosome
0,0.0019422769546508,Q251136,Q251136.14~A2.K_4,4,,normal,Q251136.14~A2.K_4L.png,Q251136.14~A2.K_4R.png,train,/data5/chensx/MyProject/UAE/data/arrangement_merged/chr_04/Q251136.14~A2.K_4L.png,/data5/chensx/MyProject/UAE/data/arrangement_merged/chr_04/Q251136.14~A2.K_4R.png,0,0.5996930757181862,,0.0019422769546508,1.7268983899988506,chromosome
0,0.0014475584030151,Q251136,Q251136.14~A31.K_4,4,,normal,Q251136.14~A31.K_4L.png,Q251136.14~A31.K_4R.png,train,/data5/chensx/MyProject/UAE/data/arrangement_merged/chr_04/Q251136.14~A31.K_4L.png,/data5/chensx/MyProject/UAE/data/arrangement_merged/chr_04/Q251136.14~A31.K_4R.png,0,0.1128945381534676,,0.0014475584030151,0.1050978143126726,chromosome
0,0.0011786818504333,Q251136,Q251136.14~A39.K_4,4,,normal,Q251136.14~A39.K_4L.png,Q251136.14~A39.K_4R.png,train,/data5/chensx/MyProject/UAE/data/arrangement_merged/chr_04/Q251136.14~A39.K_4L.png,/data5/chensx/MyProject/UAE/data/arrangement_merged/chr_04/Q251136.14~A39.K_4R.png,0,-0.1516775344916463,,0.0011786818504333,-0.7763410286898971,chromosome
0,0.0013555288314819,Q251136,Q251136.1~A12.K_4,4,,normal,Q251136.1~A12.K_4L.png,Q251136.1~A12.K_4R.png,train,/data5/chensx/MyProject/UAE/data/arrangement_merged/chr_04/Q251136.1~A12.K_4L.png,/data5/chensx/MyProject/UAE/data/arrangement_merged/chr_04/Q251136.1~A12.K_4R.png,0,0.0223382800811874,,0.0013555288314819,-0.1965961722969166,chromosome
0,0.0020338296890258,Q251136,Q251136.1~A38.K_4,4,,normal,Q251136.1~A38.K_4L.png,Q251136.1~A38.K_4R.png,train,/data5/chensx/MyProject/UAE/data/arrangement_merged/chr_04/Q251136.1~A38.K_4L.png,/data5/chensx/MyProject/UAE/data/arrangement_merged/chr_04/Q251136.1~A38.K_4R.png,0,0.6897801303807655,,0.0020338296890258,2.02702919533068,chromosome
0,0.0016844272613525,Q251136,Q251136.2~A15.K_4,4,,normal,Q251136.2~A15.K_4L.png,Q251136.2~A15.K_4R.png,train,/data5/chensx/MyProject/UAE/data/arrangement_merged/chr_04/Q251136.2~A15.K_4L.png,/data5/chensx/MyProject/UAE/data/arrangement_merged/chr_04/Q251136.2~A15.K_4R.png,0,0.3459713319224063,,0.0016844272613525,0.8816081140448843,chromosome
0,0.0015758275985717,Q251136,Q251136.2~A2.K_4,4,,normal,Q251136.2~A2.K_4L.png,Q251136.2~A2.K_4R.png,train,/data5/chensx/MyProject/UAE/data/arrangement_merged/chr_04/Q251136.2~A2.K_4L.png,/data5/chensx/MyProject/UAE/data/arrangement_merged/chr_04/Q251136.2~A2.K_4R.png,0,0.2391102553630187,,0.0015758275985717,0.5255935780326538,chromosome
0,0.0013059377670288,Q251136,Q251136.2~A20.K_4,4,,normal,Q251136.2~A20.K_4L.png,Q251136.2~A20.K_4R.png,train,/data5/chensx/MyProject/UAE/data/arrangement_merged/chr_04/Q251136.2~A20.K_4L.png,/data5/chensx/MyProject/UAE/data/arrangement_merged/chr_04/Q251136.2~A20.K_4R.png,0,-0.0264588745277096,,0.0013059377670288,-0.35916702518490895,chromosome
0,0.001361072063446,Q251136,Q251136.2~A25.K_4,4,,normal,Q251136.2~A25.K_4L.png,Q251136.2~A25.K_4R.png,train,/data5/chensx/MyProject/UAE/data/arrangement_merged/chr_04/Q251136.2~A25.K_4L.png,/data5/chensx/MyProject/UAE/data/arrangement_merged/chr_04/Q251136.2~A25.K_4R.png,0,0.0277927697189607,,0.001361072063446,-0.17842418994287795,chromosome
0,0.0015178322792053,Q251136,Q251136.2~A36.K_4,4,,normal,Q251136.2~A36.K_4L.png,Q251136.2~A36.K_4R.png,train,/data5/chensx/MyProject/UAE/data/arrangement_merged/chr_04/Q251136.2~A36.K_4L.png,/data5/chensx/MyProject/UAE/data/arrangement_merged/chr_04/Q251136.2~A36.K_4R.png,0,0.1820433906581426,,0.0015178322792053,0.33547165512406496,chromosome
0,0.0013481974601745,Q251136,Q251136.2~A5.K_4,4,,normal,Q251136.2~A5.K_4L.png,Q251136.2~A5.K_4R.png,train,/data5/chensx/MyProject/UAE/data/arrangement_merged/chr_04/Q251136.2~A5.K_4L.png,/data5/chensx/MyProject/UAE/data/arrangement_merged/chr_04/Q251136.2~A5.K_4R.png,0,0.0151242776570355,,0.0013481974601745,-0.22063008444271762,chromosome
0,0.0014337301254272,Q251136,Q251136.2~A7.K_4,4,,normal,Q251136.2~A7.K_4L.png,Q251136.2~A7.K_4R.png,train,/data5/chensx/MyProject/UAE/data/arrangement_merged/chr_04/Q251136.2~A7.K_4L.png,/data5/chensx/MyProject/UAE/data/arrangement_merged/chr_04/Q251136.2~A7.K_4R.png,0,0.0992876392721405,,0.0014337301254272,0.05976555725731295,chromosome
0,0.0014810562133789,Q251136,Q251136.3~A16.K_4,4,,normal,Q251136.3~A16.K_4L.png,Q251136.3~A16.K_4R.png,train,/data5/chensx/MyProject/UAE/data/arrangement_merged/chr_04/Q251136.3~A16.K_4L.png,/data5/chensx/MyProject/UAE/data/arrangement_merged/chr_04/Q251136.3~A16.K_4R.png,0,0.1458560776849581,,0.0014810562133789,0.21491129907611065,chromosome
0,0.0019363164901733,Q251136,Q251136.3~A21.K_4,4,,normal,Q251136.3~A21.K_4L.png,Q251136.3~A21.K_4R.png,train,/data5/chensx/MyProject/UAE/data/arrangement_merged/chr_04/Q251136.3~A21.K_4L.png,/data5/chensx/MyProject/UAE/data/arrangement_merged/chr_04/Q251136.3~A21.K_4R.png,0,0.5938280330969246,,0.0019363164901733,1.7073586240268541,chromosome
0,0.0019531846046447,Q251136,Q251136.3~A23.K_4,4,,normal,Q251136.3~A23.K_4L.png,Q251136.3~A23.K_4R.png,train,/data5/chensx/MyProject/UAE/data/arrangement_merged/chr_04/Q251136.3~A23.K_4L.png,/data5/chensx/MyProject/UAE/data/arrangement_merged/chr_04/Q251136.3~A23.K_4R.png,0,0.6104261037150951,,0.0019531846046447,1.7626561617278493,chromosome
0,0.0015888214111328,Q251136,Q251136.3~A26.K_4,4,,normal,Q251136.3~A26.K_4L.png,Q251136.3~A26.K_4R.png,train,/data5/chensx/MyProject/UAE/data/arrangement_merged/chr_04/Q251136.3~A26.K_4L.png,/data5/chensx/MyProject/UAE/data/arrangement_merged/chr_04/Q251136.3~A26.K_4R.png,0,0.2518960482773691,,0.0015888214111328,0.5681902678520974,chromosome
0,0.0013012886047363,Q251136,Q251136.3~A32.K_4,4,,normal,Q251136.3~A32.K_4L.png,Q251136.3~A32.K_4R.png,train,/data5/chensx/MyProject/UAE/data/arrangement_merged/chr_04/Q251136.3~A32.K_4L.png,/data5/chensx/MyProject/UAE/data/arrangement_merged/chr_04/Q251136.3~A32.K_4R.png,0,-0.0310336077722937,,0.0013012886047363,-0.3744080426432299,chromosome
0,0.0016849040985107,Q251136,Q251136.3~A36.K_4,4,,normal,Q251136.3~A36.K_4L.png,Q251136.3~A36.K_4R.png,train,/data5/chensx/MyProject/UAE/data/arrangement_merged/chr_04/Q251136.3~A36.K_4L.png,/data5/chensx/MyProject/UAE/data/arrangement_merged/chr_04/Q251136.3~A36.K_4R.png,0,0.3464405353321073,,0.0016849040985107,0.8831712953226436,chromosome
0,0.0013821125030517,Q251136,Q251136.3~A40.K_4,4,,normal,Q251136.3~A40.K_4L.png,Q251136.3~A40.K_4R.png,train,/data5/chensx/MyProject/UAE/data/arrangement_merged/chr_04/Q251136.3~A40.K_4L.png,/data5/chensx/MyProject/UAE/data/arrangement_merged/chr_04/Q251136.3~A40.K_4R.png,0,0.0484963701720144,,0.0013821125030517,-0.10944881606132184,chromosome
0,0.0016124248504638,Q251136,Q251136.3~A41.K_4,4,,normal,Q251136.3~A41.K_4L.png,Q251136.3~A41.K_4R.png,train,/data5/chensx/MyProject/UAE/data/arrangement_merged/chr_04/Q251136.3~A41.K_4L.png,/data5/chensx/MyProject/UAE/data/arrangement_merged/chr_04/Q251136.3~A41.K_4R.png,0,0.2751216170575654,,0.0016124248504638,0.6455677411015304,chromosome
0,0.0011595487594604,Q251136,Q251136.4~A12.K_4,4,,normal,Q251136.4~A12.K_4L.png,Q251136.4~A12.K_4R.png,train,/data5/chensx/MyProject/UAE/data/arrangement_merged/chr_04/Q251136.4~A12.K_4L.png,/data5/chensx/MyProject/UAE/data/arrangement_merged/chr_04/Q251136.4~A12.K_4R.png,0,-0.1705043213058962,,0.0011595487594604,-0.8390636774604147,chromosome
0,0.0015339255332946,Q251136,Q251136.4~A13.K_4,4,,normal,Q251136.4~A13.K_4L.png,Q251136.4~A13.K_4R.png,train,/data5/chensx/MyProject/UAE/data/arrangement_merged/chr_04/Q251136.4~A13.K_4L.png,/data5/chensx/MyProject/UAE/data/arrangement_merged/chr_04/Q251136.4~A13.K_4R.png,0,0.1978790057355492,,0.0015339255332946,0.3882290232486193,chromosome
0,0.0014172196388244,Q251136,Q251136.4~A15.K_4,4,,normal,Q251136.4~A15.K_4L.png,Q251136.4~A15.K_4R.png,train,/data5/chensx/MyProject/UAE/data/arrangement_merged/chr_04/Q251136.4~A15.K_4L.png,/data5/chensx/MyProject/UAE/data/arrangement_merged/chr_04/Q251136.4~A15.K_4R.png,0,0.0830414712112457,,0.0014172196388244,0.005640405514473915,chromosome
0,0.0015550851821899,Q251136,Q251136.4~A16.K_4,4,,normal,Q251136.4~A16.K_4L.png,Q251136.4~A16.K_4R.png,train,/data5/chensx/MyProject/UAE/data/arrangement_merged/chr_04/Q251136.4~A16.K_4L.png,/data5/chensx/MyProject/UAE/data/arrangement_merged/chr_04/Q251136.4~A16.K_4R.png,0,0.2186999070410281,,0.0015550851821899,0.45759519244977925,chromosome
0,0.0014934539794921,Q251136,Q251136.4~A19.K_4,4,,normal,Q251136.4~A19.K_4L.png,Q251136.4~A19.K_4R.png,train,/data5/chensx/MyProject/UAE/data/arrangement_merged/chr_04/Q251136.4~A19.K_4L.png,/data5/chensx/MyProject/UAE/data/arrangement_merged/chr_04/Q251136.4~A19.K_4R.png,0,0.1580553663371824,,0.0014934539794921,0.2555540122978626,chromosome
0,0.0008162856101989,Q251136,Q251136.4~A2.K_4,4,,normal,Q251136.4~A2.K_4L.png,Q251136.4~A2.K_4R.png,train,/data5/chensx/MyProject/UAE/data/arrangement_merged/chr_04/Q251136.4~A2.K_4L.png,/data5/chensx/MyProject/UAE/data/arrangement_merged/chr_04/Q251136.4~A2.K_4R.png,0,-0.5082721258643559,,0.0008162856101989,-1.964358799795136,chromosome
0,0.0007650852203369,Q251136,Q251136.4~A36.K_4,4,,normal,Q251136.4~A36.K_4L.png,Q251136.4~A36.K_4R.png,train,/data5/chensx/MyProject/UAE/data/arrangement_merged/chr_04/Q251136.4~A36.K_4L.png,/data5/chensx/MyProject/UAE/data/arrangement_merged/chr_04/Q251136.4~A36.K_4R.png,0,-0.5586528419809935,,0.0007650852203369,-2.1322053894954855,chromosome
0,0.0016812682151794,Q251136,Q251136.4~A5.K_4,4,,normal,Q251136.4~A5.K_4L.png,Q251136.4~A5.K_4R.png,train,/data5/chensx/MyProject/UAE/data/arrangement_merged/chr_04/Q251136.4~A5.K_4L.png,/data5/chensx/MyProject/UAE/data/arrangement_merged/chr_04/Q251136.4~A5.K_4R.png,0,0.3428628593331376,,0.0016812682151794,0.8712520380796442,chromosome
0,0.0013010501861572,165070,165070.11~A20.K_5,5,,normal,165070.11~A20.K_5L.png,165070.11~A20.K_5R.png,train,/data5/chensx/MyProject/UAE/data/arrangement_merged/chr_05/165070.11~A20.K_5L.png,/data5/chensx/MyProject/UAE/data/arrangement_merged/chr_05/165070.11~A20.K_5R.png,0,0.0513702568728921,,0.0013010501861572,0.2550716104383022,chromosome
0,0.0010619163513183,165070,165070.11~A21.K_5,5,,normal,165070.11~A21.K_5L.png,165070.11~A21.K_5R.png,train,/data5/chensx/MyProject/UAE/data/arrangement_merged/chr_05/165070.11~A21.K_5L.png,/data5/chensx/MyProject/UAE/data/arrangement_merged/chr_05/165070.11~A21.K_5R.png,0,-0.2855154220504267,,0.0010619163513183,-0.6464100209704033,chromosome
0,0.0017818212509155,165070,165070.11~A30.K_5,5,,normal,165070.11~A30.K_5L.png,165070.11~A30.K_5R.png,train,/data5/chensx/MyProject/UAE/data/arrangement_merged/chr_05/165070.11~A30.K_5L.png,/data5/chensx/MyProject/UAE/data/arrangement_merged/chr_05/165070.11~A30.K_5R.png,0,0.7286683341898139,,0.0017818212509155,2.0674721186490705,chromosome
0,0.0019673109054565,165070,165070.12~A1.K_5,5,,normal,165070.12~A1.K_5L.png,165070.12~A1.K_5R.png,train,/data5/chensx/MyProject/UAE/data/arrangement_merged/chr_05/165070.12~A1.K_5L.png,/data5/chensx/MyProject/UAE/data/arrangement_merged/chr_05/165070.12~A1.K_5R.png,0,0.9899814530356186,,0.0019673109054565,2.76672706305168,chromosome
0,0.0011380910873413,165070,165070.12~A21.K_5,5,,normal,165070.12~A21.K_5L.png,165070.12~A21.K_5R.png,train,/data5/chensx/MyProject/UAE/data/arrangement_merged/chr_05/165070.12~A21.K_5L.png,/data5/chensx/MyProject/UAE/data/arrangement_merged/chr_05/165070.12~A21.K_5R.png,0,-0.1782023867403565,,0.0011380910873413,-0.3592481254218155,chromosome
0,0.0013555288314819,165070,165070.12~A41.K_5,5,,normal,165070.12~A41.K_5L.png,165070.12~A41.K_5R.png,train,/data5/chensx/MyProject/UAE/data/arrangement_merged/chr_05/165070.12~A41.K_5L.png,/data5/chensx/MyProject/UAE/data/arrangement_merged/chr_05/165070.12~A41.K_5R.png,0,0.1281183901071677,,0.0013555288314819,0.4604440459087246,chromosome
0,0.0009254217147827,165070,165070.12~A5.K_5,5,,normal,165070.12~A5.K_5L.png,165070.12~A5.K_5R.png,train,/data5/chensx/MyProject/UAE/data/arrangement_merged/chr_05/165070.12~A5.K_5L.png,/data5/chensx/MyProject/UAE/data/arrangement_merged/chr_05/165070.12~A5.K_5R.png,0,-0.4778056026921017,,0.0009254217147827,-1.1609645912408362,chromosome
0,0.001287817955017,165070,165070.12~A9.K_5,5,,normal,165070.12~A9.K_5L.png,165070.12~A9.K_5R.png,train,/data5/chensx/MyProject/UAE/data/arrangement_merged/chr_05/165070.12~A9.K_5L.png,/data5/chensx/MyProject/UAE/data/arrangement_merged/chr_05/165070.12~A9.K_5R.png,0,0.0327290253871053,,0.001287817955017,0.20518902764327157,chromosome
0,0.0010542869567871,165070,165070.13~A24.K_5,5,,normal,165070.13~A24.K_5L.png,165070.13~A24.K_5R.png,train,/data5/chensx/MyProject/UAE/data/arrangement_merged/chr_05/165070.13~A24.K_5L.png,/data5/chensx/MyProject/UAE/data/arrangement_merged/chr_05/165070.13~A24.K_5R.png,0,-0.2962635194836732,,0.0010542869567871,-0.6751711497888332,chromosome
0,0.001617431640625,165070,165070.13~A25.K_5,5,,normal,165070.13~A25.K_5L.png,165070.13~A25.K_5R.png,train,/data5/chensx/MyProject/UAE/data/arrangement_merged/chr_05/165070.13~A25.K_5L.png,/data5/chensx/MyProject/UAE/data/arrangement_merged/chr_05/165070.13~A25.K_5R.png,0,0.4970804223078315,,0.001617431640625,1.4477596711354979,chromosome
0,0.0011441707611083,165070,165070.13~A26.K_5,5,,normal,165070.13~A26.K_5L.png,165070.13~A26.K_5R.png,train,/data5/chensx/MyProject/UAE/data/arrangement_merged/chr_05/165070.13~A26.K_5L.png,/data5/chensx/MyProject/UAE/data/arrangement_merged/chr_05/165070.13~A26.K_5R.png,0,-0.1696374965982382,,0.0011441707611083,-0.3363291008948171,chromosome
0,0.0012130737304687,165070,165070.13~A27.K_5,5,,normal,165070.13~A27.K_5L.png,165070.13~A27.K_5R.png,train,/data5/chensx/MyProject/UAE/data/arrangement_merged/chr_05/165070.13~A27.K_5L.png,/data5/chensx/MyProject/UAE/data/arrangement_merged/chr_05/165070.13~A27.K_5R.png,0,-0.0725687416542311,,0.0012130737304687,-0.07658015625148432,chromosome
0,0.0012759566307067,165070,165070.13~A28.K_5,5,,normal,165070.13~A28.K_5L.png,165070.13~A28.K_5R.png,train,/data5/chensx/MyProject/UAE/data/arrangement_merged/chr_05/165070.13~A28.K_5L.png,/data5/chensx/MyProject/UAE/data/arrangement_merged/chr_05/165070.13~A28.K_5R.png,0,0.0160190926588549,,0.0012759566307067,0.16047446018308506,chromosome
0,0.0010966658592224,165070,165070.13~A3.K_5,5,,normal,165070.13~A3.K_5L.png,165070.13~A3.K_5R.png,train,/data5/chensx/MyProject/UAE/data/arrangement_merged/chr_05/165070.13~A3.K_5L.png,/data5/chensx/MyProject/UAE/data/arrangement_merged/chr_05/165070.13~A3.K_5R.png,0,-0.2365611970224369,,0.0010966658592224,-0.5154120670541725,chromosome
0,0.0011788010597229,165070,165070.13~A36.K_5,5,,normal,165070.13~A36.K_5L.png,165070.13~A36.K_5R.png,train,/data5/chensx/MyProject/UAE/data/arrangement_merged/chr_05/165070.13~A36.K_5L.png,/data5/chensx/MyProject/UAE/data/arrangement_merged/chr_05/165070.13~A36.K_5R.png,0,-0.1208512105926429,,0.0011788010597229,-0.205780539616186,chromosome
0,0.0013223886489868,165070,165070.13~A40.K_5,5,,normal,165070.13~A40.K_5L.png,165070.13~A40.K_5R.png,train,/data5/chensx/MyProject/UAE/data/arrangement_merged/chr_05/165070.13~A40.K_5L.png,/data5/chensx/MyProject/UAE/data/arrangement_merged/chr_05/165070.13~A40.K_5R.png,0,0.0814313418815033,,0.0013223886489868,0.33551289260291406,chromosome
0,0.0016165375709533,165070,165070.13~A9.K_5,5,,normal,165070.13~A9.K_5L.png,165070.13~A9.K_5R.png,train,/data5/chensx/MyProject/UAE/data/arrangement_merged/chr_05/165070.13~A9.K_5L.png,/data5/chensx/MyProject/UAE/data/arrangement_merged/chr_05/165070.13~A9.K_5R.png,0,0.4958208796398729,,0.0016165375709533,1.4443892263518052,chromosome
0,0.0010521411895751,165070,165070.1~A9.K_5,5,,normal,165070.1~A9.K_5L.png,165070.1~A9.K_5R.png,train,/data5/chensx/MyProject/UAE/data/arrangement_merged/chr_05/165070.1~A9.K_5L.png,/data5/chensx/MyProject/UAE/data/arrangement_merged/chr_05/165070.1~A9.K_5R.png,0,-0.2992864218867737,,0.0010521411895751,-0.6832602172693942,chromosome
0,0.0012999773025512,165070,165070.2~A31.K_5,5,,normal,165070.2~A31.K_5L.png,165070.2~A31.K_5R.png,train,/data5/chensx/MyProject/UAE/data/arrangement_merged/chr_05/165070.2~A31.K_5L.png,/data5/chensx/MyProject/UAE/data/arrangement_merged/chr_05/165070.2~A31.K_5R.png,0,0.0498588056713418,,0.0012999773025512,0.2510270766980212,chromosome
0,0.001336395740509,165070,165070.3~A15.K_5,5,,normal,165070.3~A15.K_5L.png,165070.3~A15.K_5R.png,train,/data5/chensx/MyProject/UAE/data/arrangement_merged/chr_05/165070.3~A15.K_5L.png,/data5/chensx/MyProject/UAE/data/arrangement_merged/chr_05/165070.3~A15.K_5R.png,0,0.1011641770128543,,0.001336395740509,0.38831652754328394,chromosome
0,0.0010677576065063,165070,165070.3~A2.K_5,5,,normal,165070.3~A2.K_5L.png,165070.3~A2.K_5R.png,train,/data5/chensx/MyProject/UAE/data/arrangement_merged/chr_05/165070.3~A2.K_5L.png,/data5/chensx/MyProject/UAE/data/arrangement_merged/chr_05/165070.3~A2.K_5R.png,0,-0.2772864099530974,,0.0010677576065063,-0.6243897817186042,chromosome
0,0.0012376308441162,165070,165070.3~A30.K_5,5,,normal,165070.3~A30.K_5L.png,165070.3~A30.K_5R.png,train,/data5/chensx/MyProject/UAE/data/arrangement_merged/chr_05/165070.3~A30.K_5L.png,/data5/chensx/MyProject/UAE/data/arrangement_merged/chr_05/165070.3~A30.K_5R.png,0,-0.037973303040969,,0.0012376308441162,0.015994727133592717,chromosome
0,0.0011883974075317,165070,165070.3~A35.K_5,5,,normal,165070.3~A35.K_5L.png,165070.3~A35.K_5R.png,train,/data5/chensx/MyProject/UAE/data/arrangement_merged/chr_05/165070.3~A35.K_5L.png,/data5/chensx/MyProject/UAE/data/arrangement_merged/chr_05/165070.3~A35.K_5R.png,0,-0.1073321192898876,,0.0011883974075317,-0.16960443227416017,chromosome
0,0.0011410117149353,165070,165070.3~A43.K_5,5,,normal,165070.3~A43.K_5L.png,165070.3~A43.K_5R.png,train,/data5/chensx/MyProject/UAE/data/arrangement_merged/chr_05/165070.3~A43.K_5L.png,/data5/chensx/MyProject/UAE/data/arrangement_merged/chr_05/165070.3~A43.K_5R.png,0,-0.1740878806916919,,0.0011410117149353,-0.34823800579591596,chromosome
0,0.0012731552124023,170215,170215.12~A1.K_5,5,,normal,170215.12~A1.K_5L.png,170215.12~A1.K_5R.png,train,/data5/chensx/MyProject/UAE/data/arrangement_merged/chr_05/170215.12~A1.K_5L.png,/data5/chensx/MyProject/UAE/data/arrangement_merged/chr_05/170215.12~A1.K_5R.png,0,-0.0749000035804616,,0.0012731552124023,0.149913733195162,chromosome
0,0.0012104511260986,170215,170215.12~A24.K_5,5,,normal,170215.12~A24.K_5L.png,170215.12~A24.K_5R.png,train,/data5/chensx/MyProject/UAE/data/arrangement_merged/chr_05/170215.12~A24.K_5L.png,/data5/chensx/MyProject/UAE/data/arrangement_merged/chr_05/170215.12~A24.K_5R.png,0,-0.157208711685965,,0.0012104511260986,-0.08646679428281911,chromosome
0,0.0012409687042236,170215,170215.12~A31.K_5,5,,normal,170215.12~A31.K_5L.png,170215.12~A31.K_5R.png,train,/data5/chensx/MyProject/UAE/data/arrangement_merged/chr_05/170215.12~A31.K_5L.png,/data5/chensx/MyProject/UAE/data/arrangement_merged/chr_05/170215.12~A31.K_5R.png,0,-0.1171497206688378,,0.0012409687042236,0.028577720991655856,chromosome
0,0.0014164447784423,170215,170215.12~A33.K_5,5,,normal,170215.12~A33.K_5L.png,170215.12~A33.K_5R.png,train,/data5/chensx/MyProject/UAE/data/arrangement_merged/chr_05/170215.12~A33.K_5L.png,/data5/chensx/MyProject/UAE/data/arrangement_merged/chr_05/170215.12~A33.K_5R.png,0,0.1131894776796431,,0.0014164447784423,0.6900836838196981,chromosome
0,0.0012094974517822,170215,170215.12~A44.K_5,5,,normal,170215.12~A44.K_5L.png,170215.12~A44.K_5R.png,train,/data5/chensx/MyProject/UAE/data/arrangement_merged/chr_05/170215.12~A44.K_5L.png,/data5/chensx/MyProject/UAE/data/arrangement_merged/chr_05/170215.12~A44.K_5R.png,0,-0.1584605551552502,,0.0012094974517822,-0.09006193538512275,chromosome
0,0.001307189464569,170215,170215.12~A47.K_5,5,,normal,170215.12~A47.K_5L.png,170215.12~A47.K_5R.png,train,/data5/chensx/MyProject/UAE/data/arrangement_merged/chr_05/170215.12~A47.K_5L.png,/data5/chensx/MyProject/UAE/data/arrangement_merged/chr_05/170215.12~A47.K_5R.png,0,-0.0302248397703452,,0.001307189464569,0.2782153312842884,chromosome
0,0.0011489391326904,170215,170215.12~A48.K_5,5,,normal,170215.12~A48.K_5L.png,170215.12~A48.K_5R.png,train,/data5/chensx/MyProject/UAE/data/arrangement_merged/chr_05/170215.12~A48.K_5L.png,/data5/chensx/MyProject/UAE/data/arrangement_merged/chr_05/170215.12~A48.K_5R.png,0,-0.2379526154548618,,0.0011489391326904,-0.3183533953829213,chromosome
0,0.0013027191162109,170215,170215.12~A49.K_5,5,,normal,170215.12~A49.K_5L.png,170215.12~A49.K_5R.png,train,/data5/chensx/MyProject/UAE/data/arrangement_merged/chr_05/170215.12~A49.K_5L.png,/data5/chensx/MyProject/UAE/data/arrangement_merged/chr_05/170215.12~A49.K_5R.png,0,-0.0360928560326197,,0.0013027191162109,0.2613631073673333,chromosome
0,0.001240074634552,170215,170215.12~A6.K_5,5,,normal,170215.12~A6.K_5L.png,170215.12~A6.K_5R.png,train,/data5/chensx/MyProject/UAE/data/arrangement_merged/chr_05/170215.12~A6.K_5L.png,/data5/chensx/MyProject/UAE/data/arrangement_merged/chr_05/170215.12~A6.K_5R.png,0,-0.1183233239212927,,0.001240074634552,0.025207276208340047,chromosome
0,0.0013282299041748,170215,170215.12~A7.K_5,5,,normal,170215.12~A7.K_5L.png,170215.12~A7.K_5R.png,train,/data5/chensx/MyProject/UAE/data/arrangement_merged/chr_05/170215.12~A7.K_5L.png,/data5/chensx/MyProject/UAE/data/arrangement_merged/chr_05/170215.12~A7.K_5R.png,0,-0.00260604322924,,0.0013282299041748,0.3575331318547132,chromosome
0,0.0013076066970825,170215,170215.13~A21.K_5,5,,normal,170215.13~A21.K_5L.png,170215.13~A21.K_5R.png,train,/data5/chensx/MyProject/UAE/data/arrangement_merged/chr_05/170215.13~A21.K_5L.png,/data5/chensx/MyProject/UAE/data/arrangement_merged/chr_05/170215.13~A21.K_5R.png,0,-0.0296771582525329,,0.0013076066970825,0.2797882055168288,chromosome
0,0.0011327266693115,170215,170215.13~A36.K_5,5,,normal,170215.13~A36.K_5L.png,170215.13~A36.K_5R.png,train,/data5/chensx/MyProject/UAE/data/arrangement_merged/chr_05/170215.13~A36.K_5L.png,/data5/chensx/MyProject/UAE/data/arrangement_merged/chr_05/170215.13~A36.K_5R.png,0,-0.2592339544327107,,0.0011327266693115,-0.3794707941224624,chromosome
0,0.001280128955841,170215,170215.13~A44.K_5,5,,normal,170215.13~A44.K_5L.png,170215.13~A44.K_5R.png,train,/data5/chensx/MyProject/UAE/data/arrangement_merged/chr_05/170215.13~A44.K_5L.png,/data5/chensx/MyProject/UAE/data/arrangement_merged/chr_05/170215.13~A44.K_5R.png,0,-0.0657458982113134,,0.001280128955841,0.17620320250585303,chromosome
0,0.0011577606201171,170215,170215.13~A47.K_5,5,,normal,170215.13~A47.K_5L.png,170215.13~A47.K_5R.png,train,/data5/chensx/MyProject/UAE/data/arrangement_merged/chr_05/170215.13~A47.K_5L.png,/data5/chensx/MyProject/UAE/data/arrangement_merged/chr_05/170215.13~A47.K_5R.png,0,-0.2263730633639735,,0.0011577606201171,-0.2850983401866116,chromosome
0,0.0013304948806762,170215,170215.13~A5.K_5,5,,normal,170215.13~A5.K_5L.png,170215.13~A5.K_5R.png,train,/data5/chensx/MyProject/UAE/data/arrangement_merged/chr_05/170215.13~A5.K_5L.png,/data5/chensx/MyProject/UAE/data/arrangement_merged/chr_05/170215.13~A5.K_5R.png,0,0.0003670850103123,,0.0013304948806762,0.36607159197249617,chromosome
0,0.0010925531387329,170215,170215.1~A9.K_5,5,,normal,170215.1~A9.K_5L.png,170215.1~A9.K_5R.png,train,/data5/chensx/MyProject/UAE/data/arrangement_merged/chr_05/170215.1~A9.K_5L.png,/data5/chensx/MyProject/UAE/data/arrangement_merged/chr_05/170215.1~A9.K_5R.png,0,-0.3119678605763507,,0.0010925531387329,-0.5309161130579518,chromosome
0,0.0011183023452758,170215,170215.2~A19.K_5,5,,normal,170215.2~A19.K_5L.png,170215.2~A19.K_5R.png,train,/data5/chensx/MyProject/UAE/data/arrangement_merged/chr_05/170215.2~A19.K_5L.png,/data5/chensx/MyProject/UAE/data/arrangement_merged/chr_05/170215.2~A19.K_5R.png,0,-0.2781680869056496,,0.0011183023452758,-0.43384730329537274,chromosome
0,0.0015274882316589,170215,170215.2~A2.K_5,5,,normal,170215.2~A2.K_5L.png,170215.2~A2.K_5R.png,train,/data5/chensx/MyProject/UAE/data/arrangement_merged/chr_05/170215.2~A2.K_5L.png,/data5/chensx/MyProject/UAE/data/arrangement_merged/chr_05/170215.2~A2.K_5R.png,0,0.2589510016345412,,0.0015274882316589,1.1086929259221163,chromosome
0,0.0011454224586486,170215,170215.2~A23.K_5,5,,normal,170215.2~A23.K_5L.png,170215.2~A23.K_5R.png,train,/data5/chensx/MyProject/UAE/data/arrangement_merged/chr_05/170215.2~A23.K_5L.png,/data5/chensx/MyProject/UAE/data/arrangement_merged/chr_05/170215.2~A23.K_5R.png,0,-0.2425687882478511,,0.0011454224586486,-0.33161047819794953,chromosome
0,0.0012060403823852,170215,170215.2~A33.K_5,5,,normal,170215.2~A33.K_5L.png,170215.2~A33.K_5R.png,train,/data5/chensx/MyProject/UAE/data/arrangement_merged/chr_05/170215.2~A33.K_5L.png,/data5/chensx/MyProject/UAE/data/arrangement_merged/chr_05/170215.2~A33.K_5R.png,0,-0.1629984877314091,,0.0012060403823852,-0.10309432188116319,chromosome
0,0.0014246702194213,170215,170215.2~A4.K_5,5,,normal,170215.2~A4.K_5L.png,170215.2~A4.K_5R.png,train,/data5/chensx/MyProject/UAE/data/arrangement_merged/chr_05/170215.2~A4.K_5L.png,/data5/chensx/MyProject/UAE/data/arrangement_merged/chr_05/170215.2~A4.K_5R.png,0,0.1239866276022281,,0.0014246702194213,0.7210917758272567,chromosome
0,0.001244306564331,170215,170215.3~A32.K_5,5,,normal,170215.3~A32.K_5L.png,170215.3~A32.K_5R.png,train,/data5/chensx/MyProject/UAE/data/arrangement_merged/chr_05/170215.3~A32.K_5L.png,/data5/chensx/MyProject/UAE/data/arrangement_merged/chr_05/170215.3~A32.K_5R.png,0,-0.1127682685263396,,0.001244306564331,0.04116071484971899,chromosome
0,0.0011109113693237,170215,170215.3~A33.K_5,5,,normal,170215.3~A33.K_5L.png,170215.3~A33.K_5R.png,train,/data5/chensx/MyProject/UAE/data/arrangement_merged/chr_05/170215.3~A33.K_5L.png,/data5/chensx/MyProject/UAE/data/arrangement_merged/chr_05/170215.3~A33.K_5R.png,0,-0.2878698737926101,,0.0011109113693237,-0.46170964683822735,chromosome
0,0.0013830661773681,170215,170215.3~A38.K_5,5,,normal,170215.3~A38.K_5L.png,170215.3~A38.K_5R.png,train,/data5/chensx/MyProject/UAE/data/arrangement_merged/chr_05/170215.3~A38.K_5L.png,/data5/chensx/MyProject/UAE/data/arrangement_merged/chr_05/170215.3~A38.K_5R.png,0,0.0693749562546603,,0.0013830661773681,0.5642537452383122,chromosome
0,0.0011161565780639,170215,170215.3~A41.K_5,5,,normal,170215.3~A41.K_5L.png,170215.3~A41.K_5R.png,train,/data5/chensx/MyProject/UAE/data/arrangement_merged/chr_05/170215.3~A41.K_5L.png,/data5/chensx/MyProject/UAE/data/arrangement_merged/chr_05/170215.3~A41.K_5R.png,0,-0.2809847347115414,,0.0011161565780639,-0.4419363707755561,chromosome
0,0.0014022588729858,170215,170215.3~A47.K_5,5,,normal,170215.3~A47.K_5L.png,170215.3~A47.K_5R.png,train,/data5/chensx/MyProject/UAE/data/arrangement_merged/chr_05/170215.3~A47.K_5L.png,/data5/chensx/MyProject/UAE/data/arrangement_merged/chr_05/170215.3~A47.K_5R.png,0,0.0945683060740254,,0.0014022588729858,0.6366059599227407,chromosome
0,0.0008991956710815,179083,179083.12~A20.K_5,5,,normal,179083.12~A20.K_5L.png,179083.12~A20.K_5R.png,train,/data5/chensx/MyProject/UAE/data/arrangement_merged/chr_05/179083.12~A20.K_5L.png,/data5/chensx/MyProject/UAE/data/arrangement_merged/chr_05/179083.12~A20.K_5R.png,0,-0.4412779744320989,,0.0008991956710815,-1.259830971554944,chromosome
0,0.0011365413665771,179083,179083.12~A37.K_5,5,,normal,179083.12~A37.K_5L.png,179083.12~A37.K_5R.png,train,/data5/chensx/MyProject/UAE/data/arrangement_merged/chr_05/179083.12~A37.K_5L.png,/data5/chensx/MyProject/UAE/data/arrangement_merged/chr_05/179083.12~A37.K_5R.png,0,-0.0843678919236323,,0.0011365413665771,-0.365090229713247,chromosome
0,0.0010648369789123,179083,179083.12~A39.K_5,5,,normal,179083.12~A39.K_5L.png,179083.12~A39.K_5R.png,train,/data5/chensx/MyProject/UAE/data/arrangement_merged/chr_05/179083.12~A39.K_5L.png,/data5/chensx/MyProject/UAE/data/arrangement_merged/chr_05/179083.12~A39.K_5R.png,0,-0.1921938158959289,,0.0010648369789123,-0.6353999013445037,chromosome
0,0.0014488101005554,179083,179083.12~A47.K_5,5,,normal,179083.12~A47.K_5L.png,179083.12~A47.K_5R.png,train,/data5/chensx/MyProject/UAE/data/arrangement_merged/chr_05/179083.12~A47.K_5L.png,/data5/chensx/MyProject/UAE/data/arrangement_merged/chr_05/179083.12~A47.K_5R.png,0,0.3852081809698525,,0.0014488101005554,0.8120937849801694,chromosome
0,0.0010792016983032,179083,179083.12~A9.K_5,5,,normal,179083.12~A9.K_5L.png,179083.12~A9.K_5R.png,train,/data5/chensx/MyProject/UAE/data/arrangement_merged/chr_05/179083.12~A9.K_5L.png,/data5/chensx/MyProject/UAE/data/arrangement_merged/chr_05/179083.12~A9.K_5R.png,0,-0.1705927787576716,,0.0010792016983032,-0.5812480884905813,chromosome
0,0.0013662576675415,179083,179083.13~A11.K_5,5,,normal,179083.13~A11.K_5L.png,179083.13~A11.K_5R.png,train,/data5/chensx/MyProject/UAE/data/arrangement_merged/chr_05/179083.13~A11.K_5L.png,/data5/chensx/MyProject/UAE/data/arrangement_merged/chr_05/179083.13~A11.K_5R.png,0,0.2610694405694943,,0.0013662576675415,0.5008893833100192,chromosome
0,0.0010427236557006,179083,179083.13~A13.K_5,5,,normal,179083.13~A13.K_5L.png,179083.13~A13.K_5R.png,train,/data5/chensx/MyProject/UAE/data/arrangement_merged/chr_05/179083.13~A13.K_5L.png,/data5/chensx/MyProject/UAE/data/arrangement_merged/chr_05/179083.13~A13.K_5R.png,0,-0.2254468647685158,,0.0010427236557006,-0.7187622356548327,chromosome
0,0.0012366771697998,179083,179083.13~A14.K_5,5,,normal,179083.13~A14.K_5L.png,179083.13~A14.K_5R.png,train,/data5/chensx/MyProject/UAE/data/arrangement_merged/chr_05/179083.13~A14.K_5L.png,/data5/chensx/MyProject/UAE/data/arrangement_merged/chr_05/179083.13~A14.K_5R.png,0,0.0662119520277046,,0.0012366771697998,0.012399586031288263,chromosome
0,0.0011054277420043,179083,179083.13~A2.K_5,5,,normal,179083.13~A2.K_5L.png,179083.13~A2.K_5R.png,train,/data5/chensx/MyProject/UAE/data/arrangement_merged/chr_05/179083.13~A2.K_5L.png,/data5/chensx/MyProject/UAE/data/arrangement_merged/chr_05/179083.13~A2.K_5R.png,0,-0.1311552005799405,,0.0011054277420043,-0.4823817081768507,chromosome
0,0.0013439655303955,179083,179083.13~A22.K_5,5,,normal,179083.13~A22.K_5L.png,179083.13~A22.K_5R.png,train,/data5/chensx/MyProject/UAE/data/arrangement_merged/chr_05/179083.13~A22.K_5L.png,/data5/chensx/MyProject/UAE/data/arrangement_merged/chr_05/179083.13~A22.K_5R.png,0,0.2275474991184228,,0.0013439655303955,0.4168529600431029,chromosome
0,0.001064658164978,179083,179083.13~A26.K_5,5,,normal,179083.13~A26.K_5L.png,179083.13~A26.K_5R.png,train,/data5/chensx/MyProject/UAE/data/arrangement_merged/chr_05/179083.13~A26.K_5L.png,/data5/chensx/MyProject/UAE/data/arrangement_merged/chr_05/179083.13~A26.K_5R.png,0,-0.1924627084744135,,0.001064658164978,-0.6360739903010912,chromosome
0,0.0014386177062988,179083,179083.13~A34.K_5,5,,normal,179083.13~A34.K_5L.png,179083.13~A34.K_5R.png,train,/data5/chensx/MyProject/UAE/data/arrangement_merged/chr_05/179083.13~A34.K_5L.png,/data5/chensx/MyProject/UAE/data/arrangement_merged/chr_05/179083.13~A34.K_5R.png,0,0.3698813039962342,,0.0014386177062988,0.7736707144490148,chromosome
0,0.0010067820549011,179083,179083.13~A39.K_5,5,,normal,179083.13~A39.K_5L.png,179083.13~A39.K_5R.png,train,/data5/chensx/MyProject/UAE/data/arrangement_merged/chr_05/179083.13~A39.K_5L.png,/data5/chensx/MyProject/UAE/data/arrangement_merged/chr_05/179083.13~A39.K_5R.png,0,-0.2794942730439064,,0.0010067820549011,-0.8542541159485655,chromosome
0,0.0009400844573974,179083,179083.14~A14.K_5,5,,normal,179083.14~A14.K_5L.png,179083.14~A14.K_5R.png,train,/data5/chensx/MyProject/UAE/data/arrangement_merged/chr_05/179083.14~A14.K_5L.png,/data5/chensx/MyProject/UAE/data/arrangement_merged/chr_05/179083.14~A14.K_5R.png,0,-0.3797912048186362,,0.0009400844573974,-1.105689296792727,chromosome
0,0.0012982487678527,179083,179083.14~A18.K_5,5,,normal,179083.14~A18.K_5L.png,179083.14~A18.K_5R.png,train,/data5/chensx/MyProject/UAE/data/arrangement_merged/chr_05/179083.14~A18.K_5L.png,/data5/chensx/MyProject/UAE/data/arrangement_merged/chr_05/179083.14~A18.K_5R.png,0,0.1588006298858779,,0.0012982487678527,0.2445108834500014,chromosome
0,0.001092791557312,179083,179083.14~A2.K_5,5,,normal,179083.14~A2.K_5L.png,179083.14~A2.K_5R.png,train,/data5/chensx/MyProject/UAE/data/arrangement_merged/chr_05/179083.14~A2.K_5L.png,/data5/chensx/MyProject/UAE/data/arrangement_merged/chr_05/179083.14~A2.K_5R.png,0,-0.1501569427928474,,0.001092791557312,-0.5300173277823758,chromosome
0,0.0013536810874938,179083,179083.14~A27.K_5,5,,normal,179083.14~A27.K_5L.png,179083.14~A27.K_5R.png,train,/data5/chensx/MyProject/UAE/data/arrangement_merged/chr_05/179083.14~A27.K_5L.png,/data5/chensx/MyProject/UAE/data/arrangement_merged/chr_05/179083.14~A27.K_5R.png,0,0.2421573292160823,,0.0013536810874938,0.45347846002272835,chromosome
0,0.0011723637580871,179083,179083.14~A28.K_5,5,,normal,179083.14~A28.K_5L.png,179083.14~A28.K_5R.png,train,/data5/chensx/MyProject/UAE/data/arrangement_merged/chr_05/179083.14~A28.K_5L.png,/data5/chensx/MyProject/UAE/data/arrangement_merged/chr_05/179083.14~A28.K_5R.png,0,-0.0304997453672313,,0.0011723637580871,-0.230047742057113,chromosome
0,0.0011084675788879,179083,179083.14~A39.K_5,5,,normal,179083.14~A39.K_5L.png,179083.14~A39.K_5R.png,train,/data5/chensx/MyProject/UAE/data/arrangement_merged/chr_05/179083.14~A39.K_5L.png,/data5/chensx/MyProject/UAE/data/arrangement_merged/chr_05/179083.14~A39.K_5R.png,0,-0.1265840267457035,,0.0011084675788879,-0.4709221959129747,chromosome
0,0.0011506080627441,179083,179083.14~A44.K_5,5,,normal,179083.14~A44.K_5L.png,179083.14~A44.K_5R.png,train,/data5/chensx/MyProject/UAE/data/arrangement_merged/chr_05/179083.14~A44.K_5L.png,/data5/chensx/MyProject/UAE/data/arrangement_merged/chr_05/179083.14~A44.K_5R.png,0,-0.0632150090828492,,0.0011506080627441,-0.3120618984538893,chromosome
0,0.0009609460830688,179083,179083.14~A7.K_5,5,,normal,179083.14~A7.K_5L.png,179083.14~A7.K_5R.png,train,/data5/chensx/MyProject/UAE/data/arrangement_merged/chr_05/179083.14~A7.K_5L.png,/data5/chensx/MyProject/UAE/data/arrangement_merged/chr_05/179083.14~A7.K_5R.png,0,-0.348420403995441,,0.0009609460830688,-1.0270455851792666,chromosome
0,0.0014955997467041,179083,179083.1~A24.K_5,5,,normal,179083.1~A24.K_5L.png,179083.1~A24.K_5R.png,train,/data5/chensx/MyProject/UAE/data/arrangement_merged/chr_05/179083.1~A24.K_5L.png,/data5/chensx/MyProject/UAE/data/arrangement_merged/chr_05/179083.1~A24.K_5R.png,0,0.4555684056733046,,0.0014955997467041,0.9884803953131741,chromosome
0,0.0011101961135864,179083,179083.2~A1.K_5,5,,normal,179083.2~A1.K_5L.png,179083.2~A1.K_5R.png,train,/data5/chensx/MyProject/UAE/data/arrangement_merged/chr_05/179083.2~A1.K_5L.png,/data5/chensx/MyProject/UAE/data/arrangement_merged/chr_05/179083.2~A1.K_5R.png,0,-0.123984731820353,,0.0011101961135864,-0.46440600266495485,chromosome
0,0.0012514591217041,179083,179083.2~A12.K_5,5,,normal,179083.2~A12.K_5L.png,179083.2~A12.K_5R.png,train,/data5/chensx/MyProject/UAE/data/arrangement_merged/chr_05/179083.2~A12.K_5L.png,/data5/chensx/MyProject/UAE/data/arrangement_merged/chr_05/179083.2~A12.K_5R.png,0,0.0884404051824258,,0.0012514591217041,0.06812427311737433,chromosome
0,0.0012750029563903,179083,179083.2~A14.K_5,5,,normal,179083.2~A14.K_5L.png,179083.2~A14.K_5R.png,train,/data5/chensx/MyProject/UAE/data/arrangement_merged/chr_05/179083.2~A14.K_5L.png,/data5/chensx/MyProject/UAE/data/arrangement_merged/chr_05/179083.2~A14.K_5R.png,0,0.123844594682889,,0.0012750029563903,0.15687931908078143,chromosome
0,0.0010339021682739,179083,179083.2~A18.K_5,5,,normal,179083.2~A18.K_5L.png,179083.2~A18.K_5R.png,train,/data5/chensx/MyProject/UAE/data/arrangement_merged/chr_05/179083.2~A18.K_5L.png,/data5/chensx/MyProject/UAE/data/arrangement_merged/chr_05/179083.2~A18.K_5R.png,0,-0.2387122319737527,,0.0010339021682739,-0.7520172908511423,chromosome
0,0.0012285709381103,179083,179083.2~A20.K_5,5,,normal,179083.2~A20.K_5L.png,179083.2~A20.K_5R.png,train,/data5/chensx/MyProject/UAE/data/arrangement_merged/chr_05/179083.2~A20.K_5L.png,/data5/chensx/MyProject/UAE/data/arrangement_merged/chr_05/179083.2~A20.K_5R.png,0,0.0540221551364059,,0.0012285709381103,-0.018159113338670718,chromosome
0,0.0012389421463012,179083,179083.2~A26.K_5,5,,normal,179083.2~A26.K_5L.png,179083.2~A26.K_5R.png,train,/data5/chensx/MyProject/UAE/data/arrangement_merged/chr_05/179083.2~A26.K_5L.png,/data5/chensx/MyProject/UAE/data/arrangement_merged/chr_05/179083.2~A26.K_5R.png,0,0.0696179246885087,,0.0012389421463012,0.020938046149071285,chromosome
0,0.0013331174850463,179083,179083.2~A3.K_5,5,,normal,179083.2~A3.K_5L.png,179083.2~A3.K_5R.png,train,/data5/chensx/MyProject/UAE/data/arrangement_merged/chr_05/179083.2~A3.K_5L.png,/data5/chensx/MyProject/UAE/data/arrangement_merged/chr_05/179083.2~A3.K_5R.png,0,0.2112346826903613,,0.0013331174850463,0.37595823000383183,chromosome
0,0.0012047290802001,179083,179083.2~A31.K_5,5,,normal,179083.2~A31.K_5L.png,179083.2~A31.K_5R.png,train,/data5/chensx/MyProject/UAE/data/arrangement_merged/chr_05/179083.2~A31.K_5L.png,/data5/chensx/MyProject/UAE/data/arrangement_merged/chr_05/179083.2~A31.K_5R.png,0,0.0181698113384686,,0.0012047290802001,-0.10803764089701941,chromosome
0,0.0012373328208923,179083,179083.2~A35.K_5,5,,normal,179083.2~A35.K_5L.png,179083.2~A35.K_5R.png,train,/data5/chensx/MyProject/UAE/data/arrangement_merged/chr_05/179083.2~A35.K_5L.png,/data5/chensx/MyProject/UAE/data/arrangement_merged/chr_05/179083.2~A35.K_5R.png,0,0.0671978914821479,,0.0012373328208923,0.014871245539027956,chromosome
0,0.0012784004211425,179083,179083.2~A38.K_5,5,,normal,179083.2~A38.K_5L.png,179083.2~A38.K_5R.png,train,/data5/chensx/MyProject/UAE/data/arrangement_merged/chr_05/179083.2~A38.K_5L.png,/data5/chensx/MyProject/UAE/data/arrangement_merged/chr_05/179083.2~A38.K_5R.png,0,0.128953553674095,,0.0012784004211425,0.1696870092578332,chromosome
0,0.0008999705314636,179083,179083.3~A1.K_5,5,,normal,179083.3~A1.K_5L.png,179083.3~A1.K_5R.png,train,/data5/chensx/MyProject/UAE/data/arrangement_merged/chr_05/179083.3~A1.K_5L.png,/data5/chensx/MyProject/UAE/data/arrangement_merged/chr_05/179083.3~A1.K_5R.png,0,-0.4401127732586659,,0.0008999705314636,-1.2569099194092284,chromosome
0,0.0013594031333923,179083,179083.3~A24.K_5,5,,normal,179083.3~A24.K_5L.png,179083.3~A24.K_5R.png,train,/data5/chensx/MyProject/UAE/data/arrangement_merged/chr_05/179083.3~A24.K_5L.png,/data5/chensx/MyProject/UAE/data/arrangement_merged/chr_05/179083.3~A24.K_5R.png,0,0.2507618917275873,,0.0013594031333923,0.47504930663692785,chromosome
0,0.0013348460197448,179083,179083.3~A27.K_5,5,,normal,179083.3~A27.K_5L.png,179083.3~A27.K_5R.png,train,/data5/chensx/MyProject/UAE/data/arrangement_merged/chr_05/179083.3~A27.K_5L.png,/data5/chensx/MyProject/UAE/data/arrangement_merged/chr_05/179083.3~A27.K_5R.png,0,0.2138339776157118,,0.0013348460197448,0.3824744232518516,chromosome
0,0.0015045404434204,179083,179083.4~A34.K_5,5,,normal,179083.4~A34.K_5L.png,179083.4~A34.K_5R.png,train,/data5/chensx/MyProject/UAE/data/arrangement_merged/chr_05/179083.4~A34.K_5L.png,/data5/chensx/MyProject/UAE/data/arrangement_merged/chr_05/179083.4~A34.K_5R.png,0,0.4690130345975311,,0.0015045404434204,1.0221848431474603,chromosome
0,0.0011665821075439,180371,180371.11~A18.K_5,5,,normal,180371.11~A18.K_5L.png,180371.11~A18.K_5R.png,train,/data5/chensx/MyProject/UAE/data/arrangement_merged/chr_05/180371.11~A18.K_5L.png,/data5/chensx/MyProject/UAE/data/arrangement_merged/chr_05/180371.11~A18.K_5R.png,0,-0.1136142278815193,,0.0011665821075439,-0.2518432849899243,chromosome
0,0.0010769367218017,180371,180371.11~A42.K_5,5,,normal,180371.11~A42.K_5L.png,180371.11~A42.K_5R.png,train,/data5/chensx/MyProject/UAE/data/arrangement_merged/chr_05/180371.11~A42.K_5L.png,/data5/chensx/MyProject/UAE/data/arrangement_merged/chr_05/180371.11~A42.K_5R.png,0,-0.2422092184354032,,0.0010769367218017,-0.5897865486087419,chromosome
0,0.002303123474121,180371,180371.11~A50.K_5,5,,normal,180371.11~A50.K_5L.png,180371.11~A50.K_5R.png,train,/data5/chensx/MyProject/UAE/data/arrangement_merged/chr_05/180371.11~A50.K_5L.png,/data5/chensx/MyProject/UAE/data/arrangement_merged/chr_05/180371.11~A50.K_5R.png,0,1.5167376869332805,,0.002303123474121,4.032666123708504,chromosome
0,0.0021826028823852,180371,180371.13~A44.K_5,5,,normal,180371.13~A44.K_5L.png,180371.13~A44.K_5R.png,train,/data5/chensx/MyProject/UAE/data/arrangement_merged/chr_05/180371.13~A44.K_5L.png,/data5/chensx/MyProject/UAE/data/arrangement_merged/chr_05/180371.13~A44.K_5R.png,0,1.3438526663880983,,0.0021826028823852,3.5783301669020364,chromosome
0,0.0012353658676147,180371,180371.14~A1.K_5,5,,normal,180371.14~A1.K_5L.png,180371.14~A1.K_5R.png,train,/data5/chensx/MyProject/UAE/data/arrangement_merged/chr_05/180371.14~A1.K_5L.png,/data5/chensx/MyProject/UAE/data/arrangement_merged/chr_05/180371.14~A1.K_5R.png,0,-0.0149449332677015,,0.0012353658676147,0.007456267015432035,chromosome
0,0.0010293722152709,180371,180371.1~A15.K_5,5,,normal,180371.1~A15.K_5L.png,180371.1~A15.K_5R.png,train,/data5/chensx/MyProject/UAE/data/arrangement_merged/chr_05/180371.1~A15.K_5L.png,/data5/chensx/MyProject/UAE/data/arrangement_merged/chr_05/180371.1~A15.K_5R.png,0,-0.3104398051787539,,0.0010293722152709,-0.769094211087462,chromosome
0,0.0013563632965087,180371,180371.1~A25.K_5,5,,normal,180371.1~A25.K_5L.png,180371.1~A25.K_5R.png,train,/data5/chensx/MyProject/UAE/data/arrangement_merged/chr_05/180371.1~A25.K_5L.png,/data5/chensx/MyProject/UAE/data/arrangement_merged/chr_05/180371.1~A25.K_5R.png,0,0.1586241031846817,,0.0013563632965087,0.4635897943730518,chromosome
0,0.001291811466217,180371,180371.1~A33.K_5,5,,normal,180371.1~A33.K_5L.png,180371.1~A33.K_5R.png,train,/data5/chensx/MyProject/UAE/data/arrangement_merged/chr_05/180371.1~A33.K_5L.png,/data5/chensx/MyProject/UAE/data/arrangement_merged/chr_05/180371.1~A33.K_5R.png,0,0.0660254497472772,,0.001291811466217,0.22024368100945124,chromosome
0,0.0010916590690612,180371,180371.1~A35.K_5,5,,normal,180371.1~A35.K_5L.png,180371.1~A35.K_5R.png,train,/data5/chensx/MyProject/UAE/data/arrangement_merged/chr_05/180371.1~A35.K_5L.png,/data5/chensx/MyProject/UAE/data/arrangement_merged/chr_05/180371.1~A35.K_5R.png,0,-0.2210902273005566,,0.0010916590690612,-0.5342865578416445,chromosome
0,0.0011428594589233,180371,180371.2~A15.K_5,5,,normal,180371.2~A15.K_5L.png,180371.2~A15.K_5R.png,train,/data5/chensx/MyProject/UAE/data/arrangement_merged/chr_05/180371.2~A15.K_5L.png,/data5/chensx/MyProject/UAE/data/arrangement_merged/chr_05/180371.2~A15.K_5R.png,0,-0.1476440192647944,,0.0011428594589233,-0.3412724199102965,chromosome
0,0.0010067224502563,180371,180371.2~A16.K_5,5,,normal,180371.2~A16.K_5L.png,180371.2~A16.K_5R.png,train,/data5/chensx/MyProject/UAE/data/arrangement_merged/chr_05/180371.2~A16.K_5L.png,/data5/chensx/MyProject/UAE/data/arrangement_merged/chr_05/180371.2~A16.K_5R.png,0,-0.3429305607708257,,0.0010067224502563,-0.8544788122675541,chromosome
0,0.0016881227493286,180371,180371.2~A21.K_5,5,,normal,180371.2~A21.K_5L.png,180371.2~A21.K_5R.png,train,/data5/chensx/MyProject/UAE/data/arrangement_merged/chr_05/180371.2~A21.K_5L.png,/data5/chensx/MyProject/UAE/data/arrangement_merged/chr_05/180371.2~A21.K_5R.png,0,0.6345281706201324,,0.0016881227493286,1.7142495053454623,chromosome
0,0.0013353824615478,180371,180371.2~A41.K_5,5,,normal,180371.2~A41.K_5L.png,180371.2~A41.K_5R.png,train,/data5/chensx/MyProject/UAE/data/arrangement_merged/chr_05/180371.2~A41.K_5L.png,/data5/chensx/MyProject/UAE/data/arrangement_merged/chr_05/180371.2~A41.K_5R.png,0,0.1285274032678152,,0.0013353824615478,0.38449669012199167,chromosome
0,0.0011146068572998,180371,180371.2~A49.K_5,5,,normal,180371.2~A49.K_5L.png,180371.2~A49.K_5R.png,train,/data5/chensx/MyProject/UAE/data/arrangement_merged/chr_05/180371.2~A49.K_5L.png,/data5/chensx/MyProject/UAE/data/arrangement_merged/chr_05/180371.2~A49.K_5R.png,0,-0.1881719617664839,,0.0011146068572998,-0.4477784750666116,chromosome
0,0.0012329816818237,180371,180371.3~A2.K_5,5,,normal,180371.3~A2.K_5L.png,180371.3~A2.K_5R.png,train,/data5/chensx/MyProject/UAE/data/arrangement_merged/chr_05/180371.3~A2.K_5L.png,/data5/chensx/MyProject/UAE/data/arrangement_merged/chr_05/180371.3~A2.K_5R.png,0,-0.018365012803709,,0.0012329816818237,-0.0015315857403274665,chromosome
0,0.0015692710876464,180371,180371.3~A25.K_5,5,,normal,180371.3~A25.K_5L.png,180371.3~A25.K_5R.png,train,/data5/chensx/MyProject/UAE/data/arrangement_merged/chr_05/180371.3~A25.K_5L.png,/data5/chensx/MyProject/UAE/data/arrangement_merged/chr_05/180371.3~A25.K_5R.png,0,0.464037205750156,,0.0015692710876464,1.266205045467649,chromosome
0,0.0014799833297729,180371,180371.3~A45.K_5,5,,normal,180371.3~A45.K_5L.png,180371.3~A45.K_5R.png,train,/data5/chensx/MyProject/UAE/data/arrangement_merged/chr_05/180371.3~A45.K_5L.png,/data5/chensx/MyProject/UAE/data/arrangement_merged/chr_05/180371.3~A45.K_5R.png,0,0.3359552271266732,,0.0014799833297729,0.929609959762384,chromosome
0,0.0010386109352111,180371,180371.3~A9.K_5,5,,normal,180371.3~A9.K_5L.png,180371.3~A9.K_5R.png,train,/data5/chensx/MyProject/UAE/data/arrangement_merged/chr_05/180371.3~A9.K_5L.png,/data5/chensx/MyProject/UAE/data/arrangement_merged/chr_05/180371.3~A9.K_5R.png,0,-0.2971869969767247,,0.0010386109352111,-0.734266281658612,chromosome
0,0.003408670425415,180371,180371.4~A19.K_5,5,,normal,180371.4~A19.K_5L.png,180371.4~A19.K_5R.png,train,/data5/chensx/MyProject/UAE/data/arrangement_merged/chr_05/180371.4~A19.K_5L.png,/data5/chensx/MyProject/UAE/data/arrangement_merged/chr_05/180371.4~A19.K_5R.png,0,3.1026285677799814,,0.003408670425415,8.200333446581682,chromosome
0,0.0012752413749694,180371,180371.4~A20.K_5,5,,normal,180371.4~A20.K_5L.png,180371.4~A20.K_5R.png,train,/data5/chensx/MyProject/UAE/data/arrangement_merged/chr_05/180371.4~A20.K_5L.png,/data5/chensx/MyProject/UAE/data/arrangement_merged/chr_05/180371.4~A20.K_5R.png,0,0.0422558969720247,,0.0012752413749694,0.15777810435635753,chromosome
0,0.0009962320327758,180371,180371.4~A23.K_5,5,,normal,180371.4~A23.K_5L.png,180371.4~A23.K_5R.png,train,/data5/chensx/MyProject/UAE/data/arrangement_merged/chr_05/180371.4~A23.K_5L.png,/data5/chensx/MyProject/UAE/data/arrangement_merged/chr_05/180371.4~A23.K_5R.png,0,-0.3579789107292588,,0.0009962320327758,-0.8940253643932726,chromosome
0,0.0010147094726562,180371,180371.4~A27.K_5,5,,normal,180371.4~A27.K_5L.png,180371.4~A27.K_5R.png,train,/data5/chensx/MyProject/UAE/data/arrangement_merged/chr_05/180371.4~A27.K_5L.png,/data5/chensx/MyProject/UAE/data/arrangement_merged/chr_05/180371.4~A27.K_5R.png,0,-0.3314732943252003,,0.0010147094726562,-0.8243695055355716,chromosome
0,0.0011335611343383,180371,180371.4~A35.K_5,5,,normal,180371.4~A35.K_5L.png,180371.4~A35.K_5R.png,train,/data5/chensx/MyProject/UAE/data/arrangement_merged/chr_05/180371.4~A35.K_5L.png,/data5/chensx/MyProject/UAE/data/arrangement_merged/chr_05/180371.4~A35.K_5R.png,0,-0.1609823294552239,,0.0011335611343383,-0.37632504565813524,chromosome
0,0.0011162161827087,180371,180371.4~A39.K_5,5,,normal,180371.4~A39.K_5L.png,180371.4~A39.K_5R.png,train,/data5/chensx/MyProject/UAE/data/arrangement_merged/chr_05/180371.4~A39.K_5L.png,/data5/chensx/MyProject/UAE/data/arrangement_merged/chr_05/180371.4~A39.K_5R.png,0,-0.1858634080796788,,0.0011162161827087,-0.4417116744565683,chromosome
0,0.0014152526855468,180371,180371.4~A44.K_5,5,,normal,180371.4~A44.K_5L.png,180371.4~A44.K_5R.png,train,/data5/chensx/MyProject/UAE/data/arrangement_merged/chr_05/180371.4~A44.K_5L.png,/data5/chensx/MyProject/UAE/data/arrangement_merged/chr_05/180371.4~A44.K_5R.png,0,0.2431000677240682,,0.0014152526855468,0.6855897574418184,chromosome
0,0.0015504360198974,182418,182418.13~A1.K_5,5,,normal,182418.13~A1.K_5L.png,182418.13~A1.K_5R.png,train,/data5/chensx/MyProject/UAE/data/arrangement_merged/chr_05/182418.13~A1.K_5L.png,/data5/chensx/MyProject/UAE/data/arrangement_merged/chr_05/182418.13~A1.K_5R.png,0,0.3050599310406308,,0.0015504360198974,1.1952010086967724,chromosome
0,0.0011024475097656,182418,182418.13~A27.K_5,5,,normal,182418.13~A27.K_5L.png,182418.13~A27.K_5R.png,train,/data5/chensx/MyProject/UAE/data/arrangement_merged/chr_05/182418.13~A27.K_5L.png,/data5/chensx/MyProject/UAE/data/arrangement_merged/chr_05/182418.13~A27.K_5R.png,0,-0.3026434801187355,,0.0011024475097656,-0.49361652412136126,chromosome
0,0.0012317895889282,182418,182418.13~A6.K_5,5,,normal,182418.13~A6.K_5L.png,182418.13~A6.K_5R.png,train,/data5/chensx/MyProject/UAE/data/arrangement_merged/chr_05/182418.13~A6.K_5L.png,/data5/chensx/MyProject/UAE/data/arrangement_merged/chr_05/182418.13~A6.K_5R.png,0,-0.1271889295312122,,0.0012317895889282,-0.0060255121182064,chromosome
0,0.0013132691383361,182418,182418.14~A44.K_5,5,,normal,182418.14~A44.K_5L.png,182418.14~A44.K_5R.png,train,/data5/chensx/MyProject/UAE/data/arrangement_merged/chr_05/182418.14~A44.K_5L.png,/data5/chensx/MyProject/UAE/data/arrangement_merged/chr_05/182418.14~A44.K_5R.png,0,-0.0166606481242332,,0.0013132691383361,0.3011343558116628,chromosome
0,0.001074731349945,182418,182418.1~A24.K_5,5,,normal,182418.1~A24.K_5L.png,182418.1~A24.K_5R.png,train,/data5/chensx/MyProject/UAE/data/arrangement_merged/chr_05/182418.1~A24.K_5L.png,/data5/chensx/MyProject/UAE/data/arrangement_merged/chr_05/182418.1~A24.K_5R.png,0,-0.3402408838160619,,0.001074731349945,-0.5981003124079132,chromosome
0,0.0012620091438293,182418,182418.2~A16.K_5,5,,normal,182418.2~A16.K_5L.png,182418.2~A16.K_5R.png,train,/data5/chensx/MyProject/UAE/data/arrangement_merged/chr_05/182418.2~A16.K_5L.png,/data5/chensx/MyProject/UAE/data/arrangement_merged/chr_05/182418.2~A16.K_5R.png,0,-0.0861956313063853,,0.0012620091438293,0.1078955215617038,chromosome
0,0.0013083219528198,182418,182418.2~A2.K_5,5,,normal,182418.2~A2.K_5L.png,182418.2~A2.K_5R.png,train,/data5/chensx/MyProject/UAE/data/arrangement_merged/chr_05/182418.2~A2.K_5L.png,/data5/chensx/MyProject/UAE/data/arrangement_merged/chr_05/182418.2~A2.K_5R.png,0,-0.023371582547627,,0.0013083219528198,0.2824845613435563,chromosome
0,0.0009005069732666,182418,182418.2~A3.K_5,5,,normal,182418.2~A3.K_5L.png,182418.2~A3.K_5R.png,train,/data5/chensx/MyProject/UAE/data/arrangement_merged/chr_05/182418.2~A3.K_5L.png,/data5/chensx/MyProject/UAE/data/arrangement_merged/chr_05/182418.2~A3.K_5R.png,0,-0.5765789720037718,,0.0009005069732666,-1.2548876525390877,chromosome
0,0.0013576745986938,182418,182418.2~A33.K_5,5,,normal,182418.2~A33.K_5L.png,182418.2~A33.K_5R.png,train,/data5/chensx/MyProject/UAE/data/arrangement_merged/chr_05/182418.2~A33.K_5L.png,/data5/chensx/MyProject/UAE/data/arrangement_merged/chr_05/182418.2~A33.K_5R.png,0,0.0435760524230961,,0.0013576745986938,0.468533113388908,chromosome
0,0.0019944906234741,182418,182418.2~A38.K_5,5,,normal,182418.2~A38.K_5L.png,182418.2~A38.K_5R.png,train,/data5/chensx/MyProject/UAE/data/arrangement_merged/chr_05/182418.2~A38.K_5L.png,/data5/chensx/MyProject/UAE/data/arrangement_merged/chr_05/182418.2~A38.K_5R.png,0,0.9074269365139253,,0.0019944906234741,2.8691885844680907,chromosome
0,0.0010471940040588,182418,182418.3~A15.K_5,5,,normal,182418.3~A15.K_5L.png,182418.3~A15.K_5R.png,train,/data5/chensx/MyProject/UAE/data/arrangement_merged/chr_05/182418.3~A15.K_5L.png,/data5/chensx/MyProject/UAE/data/arrangement_merged/chr_05/182418.3~A15.K_5R.png,0,-0.3775957236185669,,0.0010471940040588,-0.7019100117375007,chromosome
0,0.0014367699623107,182418,182418.3~A25.K_5,5,,normal,182418.3~A25.K_5L.png,182418.3~A25.K_5R.png,train,/data5/chensx/MyProject/UAE/data/arrangement_merged/chr_05/182418.3~A25.K_5L.png,/data5/chensx/MyProject/UAE/data/arrangement_merged/chr_05/182418.3~A25.K_5R.png,0,0.1508701485657889,,0.0014367699623107,0.7667051285630185,chromosome
0,0.0011720657348632,182418,182418.3~A49.K_5,5,,normal,182418.3~A49.K_5L.png,182418.3~A49.K_5R.png,train,/data5/chensx/MyProject/UAE/data/arrangement_merged/chr_05/182418.3~A49.K_5L.png,/data5/chensx/MyProject/UAE/data/arrangement_merged/chr_05/182418.3~A49.K_5R.png,0,-0.2082052704015801,,0.0011720657348632,-0.23117122365167778,chromosome
0,0.0009840726852416,182418,182418.4~A15.K_5,5,,normal,182418.4~A15.K_5L.png,182418.4~A15.K_5R.png,train,/data5/chensx/MyProject/UAE/data/arrangement_merged/chr_05/182418.4~A15.K_5L.png,/data5/chensx/MyProject/UAE/data/arrangement_merged/chr_05/182418.4~A15.K_5R.png,0,-0.4632207784905425,,0.0009840726852416,-0.939863413448023,chromosome
0,0.0016230344772338,182418,182418.4~A6.K_5,5,,normal,182418.4~A6.K_5L.png,182418.4~A6.K_5R.png,train,/data5/chensx/MyProject/UAE/data/arrangement_merged/chr_05/182418.4~A6.K_5L.png,/data5/chensx/MyProject/UAE/data/arrangement_merged/chr_05/182418.4~A6.K_5R.png,0,0.4035408723381439,,0.0016230344772338,1.468881125111344,chromosome
0,0.0026419162750244,182418,182418.5~A16.K_5,5,,normal,182418.5~A16.K_5L.png,182418.5~A16.K_5R.png,train,/data5/chensx/MyProject/UAE/data/arrangement_merged/chr_05/182418.5~A16.K_5L.png,/data5/chensx/MyProject/UAE/data/arrangement_merged/chr_05/182418.5~A16.K_5R.png,0,1.785669945030827,,0.0026419162750244,5.309840000310594,chromosome
0,0.001442551612854,182418,182418.5~A17.K_5,5,,normal,182418.5~A17.K_5L.png,182418.5~A17.K_5R.png,train,/data5/chensx/MyProject/UAE/data/arrangement_merged/chr_05/182418.5~A17.K_5L.png,/data5/chensx/MyProject/UAE/data/arrangement_merged/chr_05/182418.5~A17.K_5R.png,0,0.1587130478316828,,0.001442551612854,0.7885006714962066,chromosome
0,0.0012055039405822,182418,182418.5~A3.K_5,5,,normal,182418.5~A3.K_5L.png,182418.5~A3.K_5R.png,train,/data5/chensx/MyProject/UAE/data/arrangement_merged/chr_05/182418.5~A3.K_5L.png,/data5/chensx/MyProject/UAE/data/arrangement_merged/chr_05/182418.5~A3.K_5R.png,0,-0.1628458220699669,,0.0012055039405822,-0.10511658875130324,chromosome
0,0.0009705424308776,182418,182418.5~A30.K_5,5,,normal,182418.5~A30.K_5L.png,182418.5~A30.K_5R.png,train,/data5/chensx/MyProject/UAE/data/arrangement_merged/chr_05/182418.5~A30.K_5L.png,/data5/chensx/MyProject/UAE/data/arrangement_merged/chr_05/182418.5~A30.K_5R.png,0,-0.4815747798653664,,0.0009705424308776,-0.9908694778372403,chromosome
0,0.0009509325027465,182418,182418.5~A5.K_5,5,,normal,182418.5~A5.K_5L.png,182418.5~A5.K_5R.png,train,/data5/chensx/MyProject/UAE/data/arrangement_merged/chr_05/182418.5~A5.K_5L.png,/data5/chensx/MyProject/UAE/data/arrangement_merged/chr_05/182418.5~A5.K_5R.png,0,-0.5081759536641199,,0.0009509325027465,-1.0647945667538332,chromosome
0,0.0009496212005615,182747,182747.11~A42.K_5,5,,normal,182747.11~A42.K_5L.png,182747.11~A42.K_5R.png,train,/data5/chensx/MyProject/UAE/data/arrangement_merged/chr_05/182747.11~A42.K_5L.png,/data5/chensx/MyProject/UAE/data/arrangement_merged/chr_05/182747.11~A42.K_5R.png,0,-0.4786852762755126,,0.0009496212005615,-1.0697378857693123,chromosome
0,0.0010337829589843,182747,182747.12~A10.K_5,5,,normal,182747.12~A10.K_5L.png,182747.12~A10.K_5R.png,train,/data5/chensx/MyProject/UAE/data/arrangement_merged/chr_05/182747.12~A10.K_5L.png,/data5/chensx/MyProject/UAE/data/arrangement_merged/chr_05/182747.12~A10.K_5R.png,0,-0.3663626153254281,,0.0010337829589843,-0.7524666834891187,chromosome
0,0.0010539889335632,182747,182747.12~A14.K_5,5,,normal,182747.12~A14.K_5L.png,182747.12~A14.K_5R.png,train,/data5/chensx/MyProject/UAE/data/arrangement_merged/chr_05/182747.12~A14.K_5L.png,/data5/chensx/MyProject/UAE/data/arrangement_merged/chr_05/182747.12~A14.K_5R.png,0,-0.3393956308621996,,0.0010539889335632,-0.676294631383398,chromosome
0,0.0013535022735595,182747,182747.12~A18.K_5,5,,normal,182747.12~A18.K_5L.png,182747.12~A18.K_5R.png,train,/data5/chensx/MyProject/UAE/data/arrangement_merged/chr_05/182747.12~A18.K_5L.png,/data5/chensx/MyProject/UAE/data/arrangement_merged/chr_05/182747.12~A18.K_5R.png,0,0.0603362184821166,,0.0013535022735595,0.4528043710661409,chromosome
0,0.0014548301696777,182747,182747.12~A26.K_5,5,,normal,182747.12~A26.K_5L.png,182747.12~A26.K_5R.png,train,/data5/chensx/MyProject/UAE/data/arrangement_merged/chr_05/182747.12~A26.K_5L.png,/data5/chensx/MyProject/UAE/data/arrangement_merged/chr_05/182747.12~A26.K_5R.png,0,0.1955688839319351,,0.0014548301696777,0.834788113188556,chromosome
0,0.0013946294784545,182747,182747.12~A28.K_5,5,,normal,182747.12~A28.K_5L.png,182747.12~A28.K_5R.png,train,/data5/chensx/MyProject/UAE/data/arrangement_merged/chr_05/182747.12~A28.K_5L.png,/data5/chensx/MyProject/UAE/data/arrangement_merged/chr_05/182747.12~A28.K_5R.png,0,0.1152247709293959,,0.0013946294784545,0.607844831103934,chromosome
0,0.001155138015747,182747,182747.12~A4.K_5,5,,normal,182747.12~A4.K_5L.png,182747.12~A4.K_5R.png,train,/data5/chensx/MyProject/UAE/data/arrangement_merged/chr_05/182747.12~A4.K_5L.png,/data5/chensx/MyProject/UAE/data/arrangement_merged/chr_05/182747.12~A4.K_5R.png,0,-0.2044016112925867,,0.001155138015747,-0.2949849782179464,chromosome
0,0.001020073890686,182747,182747.13~A33.K_5,5,,normal,182747.13~A33.K_5L.png,182747.13~A33.K_5R.png,train,/data5/chensx/MyProject/UAE/data/arrangement_merged/chr_05/182747.13~A33.K_5L.png,/data5/chensx/MyProject/UAE/data/arrangement_merged/chr_05/182747.13~A33.K_5R.png,0,-0.3846587994745212,,0.001020073890686,-0.8041468368349239,chromosome
0,0.0010211467742919,182747,182747.13~A45.K_5,5,,normal,182747.13~A45.K_5L.png,182747.13~A45.K_5R.png,train,/data5/chensx/MyProject/UAE/data/arrangement_merged/chr_05/182747.13~A45.K_5L.png,/data5/chensx/MyProject/UAE/data/arrangement_merged/chr_05/182747.13~A45.K_5R.png,0,-0.3832269241932878,,0.0010211467742919,-0.8001023030950206,chromosome
0,0.0010263919830322,182747,182747.13~A5.K_5,5,,normal,182747.13~A5.K_5L.png,182747.13~A5.K_5R.png,train,/data5/chensx/MyProject/UAE/data/arrangement_merged/chr_05/182747.13~A5.K_5L.png,/data5/chensx/MyProject/UAE/data/arrangement_merged/chr_05/182747.13~A5.K_5R.png,0,-0.3762266450405913,,0.0010263919830322,-0.7803290270319726,chromosome
0,0.001124083995819,182747,182747.1~A15.K_5,5,,normal,182747.1~A15.K_5L.png,182747.1~A15.K_5R.png,train,/data5/chensx/MyProject/UAE/data/arrangement_merged/chr_05/182747.1~A15.K_5L.png,/data5/chensx/MyProject/UAE/data/arrangement_merged/chr_05/182747.1~A15.K_5R.png,0,-0.2458464458216193,,0.001124083995819,-0.4120517603625614,chromosome
0,0.0010012984275817,182747,182747.1~A42.K_5,5,,normal,182747.1~A42.K_5L.png,182747.1~A42.K_5R.png,train,/data5/chensx/MyProject/UAE/data/arrangement_merged/chr_05/182747.1~A42.K_5L.png,/data5/chensx/MyProject/UAE/data/arrangement_merged/chr_05/182747.1~A42.K_5R.png,0,-0.4097166168961052,,0.0010012984275817,-0.8749261772871897,chromosome
0,0.0012639760971069,182747,182747.2~A13.K_5,5,,normal,182747.2~A13.K_5L.png,182747.2~A13.K_5R.png,train,/data5/chensx/MyProject/UAE/data/arrangement_merged/chr_05/182747.2~A13.K_5L.png,/data5/chensx/MyProject/UAE/data/arrangement_merged/chr_05/182747.2~A13.K_5R.png,0,-0.0591458188741346,,0.0012639760971069,0.11531050008529972,chromosome
0,0.0012325644493103,182747,182747.3~A20.K_5,5,,normal,182747.3~A20.K_5L.png,182747.3~A20.K_5R.png,train,/data5/chensx/MyProject/UAE/data/arrangement_merged/chr_05/182747.3~A20.K_5L.png,/data5/chensx/MyProject/UAE/data/arrangement_merged/chr_05/182747.3~A20.K_5R.png,0,-0.1010679451635784,,0.0012325644493103,-0.0031044599724910464,chromosome
0,0.000833511352539,182747,182747.3~A24.K_5,5,,normal,182747.3~A24.K_5L.png,182747.3~A24.K_5R.png,train,/data5/chensx/MyProject/UAE/data/arrangement_merged/chr_05/182747.3~A24.K_5L.png,/data5/chensx/MyProject/UAE/data/arrangement_merged/chr_05/182747.3~A24.K_5R.png,0,-0.6336460011556575,,0.000833511352539,-1.5074463149778132,chromosome
0,0.0009571313858032,182747,182747.3~A35.K_5,5,,normal,182747.3~A35.K_5L.png,182747.3~A35.K_5R.png,train,/data5/chensx/MyProject/UAE/data/arrangement_merged/chr_05/182747.3~A35.K_5L.png,/data5/chensx/MyProject/UAE/data/arrangement_merged/chr_05/182747.3~A35.K_5R.png,0,-0.468662149306879,,0.0009571313858032,-1.0414261495884816,chromosome
0,0.0011154413223266,182747,182747.4~A1.K_5,5,,normal,182747.4~A1.K_5L.png,182747.4~A1.K_5R.png,train,/data5/chensx/MyProject/UAE/data/arrangement_merged/chr_05/182747.4~A1.K_5L.png,/data5/chensx/MyProject/UAE/data/arrangement_merged/chr_05/182747.4~A1.K_5R.png,0,-0.2573809966982214,,0.0011154413223266,-0.44463272660228365,chromosome
0,0.0009755492210388,182747,182747.4~A32.K_5,5,,normal,182747.4~A32.K_5L.png,182747.4~A32.K_5R.png,train,/data5/chensx/MyProject/UAE/data/arrangement_merged/chr_05/182747.4~A32.K_5L.png,/data5/chensx/MyProject/UAE/data/arrangement_merged/chr_05/182747.4~A32.K_5R.png,0,-0.4440816236457061,,0.0009755492210388,-0.9719949870497684,chromosome
0,0.0014784336090087,182747,182747.4~A33.K_5,5,,normal,182747.4~A33.K_5L.png,182747.4~A33.K_5R.png,train,/data5/chensx/MyProject/UAE/data/arrangement_merged/chr_05/182747.4~A33.K_5L.png,/data5/chensx/MyProject/UAE/data/arrangement_merged/chr_05/182747.4~A33.K_5R.png,0,0.2270701401190693,,0.0014784336090087,0.9237678554709516,chromosome
0,0.0014436841011047,182747,182747.4~A35.K_5,5,,normal,182747.4~A35.K_5L.png,182747.4~A35.K_5R.png,train,/data5/chensx/MyProject/UAE/data/arrangement_merged/chr_05/182747.4~A35.K_5L.png,/data5/chensx/MyProject/UAE/data/arrangement_merged/chr_05/182747.4~A35.K_5R.png,0,0.1806932907324551,,0.0014436841011047,0.7927699015550977,chromosome
0,0.0014552474021911,182747,182747.4~A41.K_5,5,,normal,182747.4~A41.K_5L.png,182747.4~A41.K_5R.png,train,/data5/chensx/MyProject/UAE/data/arrangement_merged/chr_05/182747.4~A41.K_5L.png,/data5/chensx/MyProject/UAE/data/arrangement_merged/chr_05/182747.4~A41.K_5R.png,0,0.1961257243190814,,0.0014552474021911,0.8363609874207203,chromosome
0,0.0010578632354736,182747,182747.4~A43.K_5,5,,normal,182747.4~A43.K_5L.png,182747.4~A43.K_5R.png,train,/data5/chensx/MyProject/UAE/data/arrangement_merged/chr_05/182747.4~A43.K_5L.png,/data5/chensx/MyProject/UAE/data/arrangement_merged/chr_05/182747.4~A43.K_5R.png,0,-0.3342249701244124,,0.0010578632354736,-0.661689370655194,chromosome
0,0.0010689496994018,182747,182747.4~A9.K_5,5,,normal,182747.4~A9.K_5L.png,182747.4~A9.K_5R.png,train,/data5/chensx/MyProject/UAE/data/arrangement_merged/chr_05/182747.4~A9.K_5L.png,/data5/chensx/MyProject/UAE/data/arrangement_merged/chr_05/182747.4~A9.K_5R.png,0,-0.3194289255516676,,0.0010689496994018,-0.6198958553407244,chromosome
0,0.0011523962020874,183079,183079.11~A27.K_5,5,,normal,183079.11~A27.K_5L.png,183079.11~A27.K_5R.png,train,/data5/chensx/MyProject/UAE/data/arrangement_merged/chr_05/183079.11~A27.K_5L.png,/data5/chensx/MyProject/UAE/data/arrangement_merged/chr_05/183079.11~A27.K_5R.png,0,-0.1822494231755954,,0.0011523962020874,-0.3053210088868817,chromosome
0,0.0012251734733581,183079,183079.12~A27.K_5,5,,normal,183079.12~A27.K_5L.png,183079.12~A27.K_5R.png,train,/data5/chensx/MyProject/UAE/data/arrangement_merged/chr_05/183079.12~A27.K_5L.png,/data5/chensx/MyProject/UAE/data/arrangement_merged/chr_05/183079.12~A27.K_5R.png,0,-0.0838362459196383,,0.0012251734733581,-0.030966803515721685,chromosome
0,0.0009866952896118,183079,183079.12~A37.K_5,5,,normal,183079.12~A37.K_5L.png,183079.12~A37.K_5R.png,train,/data5/chensx/MyProject/UAE/data/arrangement_merged/chr_05/183079.12~A37.K_5L.png,/data5/chensx/MyProject/UAE/data/arrangement_merged/chr_05/183079.12~A37.K_5R.png,0,-0.4063187374848178,,0.0009866952896118,-0.9299767754163106,chromosome
0,0.001044750213623,183079,183079.12~A44.K_5,5,,normal,183079.12~A44.K_5L.png,183079.12~A44.K_5R.png,train,/data5/chensx/MyProject/UAE/data/arrangement_merged/chr_05/183079.12~A44.K_5L.png,/data5/chensx/MyProject/UAE/data/arrangement_merged/chr_05/183079.12~A44.K_5R.png,0,-0.3278138770038168,,0.001044750213623,-0.711122560812248,chromosome
0,0.0010948181152343,183079,183079.13~A12.K_5,5,,normal,183079.13~A12.K_5L.png,183079.13~A12.K_5R.png,train,/data5/chensx/MyProject/UAE/data/arrangement_merged/chr_05/183079.13~A12.K_5L.png,/data5/chensx/MyProject/UAE/data/arrangement_merged/chr_05/183079.13~A12.K_5R.png,0,-0.2601094798744115,,0.0010948181152343,-0.5223776529401688,chromosome
0,0.0009846687316894,183079,183079.13~A19.K_5,5,,normal,183079.13~A19.K_5L.png,183079.13~A19.K_5R.png,train,/data5/chensx/MyProject/UAE/data/arrangement_merged/chr_05/183079.13~A19.K_5L.png,/data5/chensx/MyProject/UAE/data/arrangement_merged/chr_05/183079.13~A19.K_5R.png,0,-0.4090591535591033,,0.0009846687316894,-0.9376164502588944,chromosome
0,0.0011245608329772,183079,183079.13~A27.K_5,5,,normal,183079.13~A27.K_5L.png,183079.13~A27.K_5R.png,train,/data5/chensx/MyProject/UAE/data/arrangement_merged/chr_05/183079.13~A27.K_5L.png,/data5/chensx/MyProject/UAE/data/arrangement_merged/chr_05/183079.13~A27.K_5R.png,0,-0.2198898439606338,,0.0011245608329772,-0.41025418981141004,chromosome
0,0.002654492855072,183079,183079.13~A6.K_5,5,,normal,183079.13~A6.K_5L.png,183079.13~A6.K_5R.png,train,/data5/chensx/MyProject/UAE/data/arrangement_merged/chr_05/183079.13~A6.K_5L.png,/data5/chensx/MyProject/UAE/data/arrangement_merged/chr_05/183079.13~A6.K_5R.png,0,1.8489630911793384,,0.002654492855072,5.357250923597506,chromosome
0,0.0011851787567138,183079,183079.13~A9.K_5,5,,normal,183079.13~A9.K_5L.png,183079.13~A9.K_5R.png,train,/data5/chensx/MyProject/UAE/data/arrangement_merged/chr_05/183079.13~A9.K_5L.png,/data5/chensx/MyProject/UAE/data/arrangement_merged/chr_05/183079.13~A9.K_5R.png,0,-0.1379191631503895,,0.0011851787567138,-0.18173803349462367,chromosome
0,0.0010274648666381,183079,183079.14~A11.K_5,5,,normal,183079.14~A11.K_5L.png,183079.14~A11.K_5R.png,train,/data5/chensx/MyProject/UAE/data/arrangement_merged/chr_05/183079.14~A11.K_5L.png,/data5/chensx/MyProject/UAE/data/arrangement_merged/chr_05/183079.14~A11.K_5R.png,0,-0.3511880141080163,,0.0010274648666381,-0.77628449329207,chromosome
0,0.0012741088867187,183079,183079.14~A13.K_5,5,,normal,183079.14~A13.K_5L.png,183079.14~A13.K_5R.png,train,/data5/chensx/MyProject/UAE/data/arrangement_merged/chr_05/183079.14~A13.K_5L.png,/data5/chensx/MyProject/UAE/data/arrangement_merged/chr_05/183079.14~A13.K_5R.png,0,-0.0176632577729219,,0.0012741088867187,0.15350887429746563,chromosome
0,0.0011734366416931,183079,183079.14~A23.K_5,5,,normal,183079.14~A23.K_5L.png,183079.14~A23.K_5R.png,train,/data5/chensx/MyProject/UAE/data/arrangement_merged/chr_05/183079.14~A23.K_5L.png,/data5/chensx/MyProject/UAE/data/arrangement_merged/chr_05/183079.14~A23.K_5R.png,0,-0.1537974562866905,,0.0011734366416931,-0.2260032083168329,chromosome
0,0.0008549094200134,183079,183079.14~A24.K_5,5,,normal,183079.14~A24.K_5L.png,183079.14~A24.K_5R.png,train,/data5/chensx/MyProject/UAE/data/arrangement_merged/chr_05/183079.14~A24.K_5L.png,/data5/chensx/MyProject/UAE/data/arrangement_merged/chr_05/183079.14~A24.K_5R.png,0,-0.5845263827861455,,0.0008549094200134,-1.4267803364942129,chromosome
0,0.0011802911758422,183079,183079.14~A26.K_5,5,,normal,183079.14~A26.K_5L.png,183079.14~A26.K_5R.png,train,/data5/chensx/MyProject/UAE/data/arrangement_merged/chr_05/183079.14~A26.K_5L.png,/data5/chensx/MyProject/UAE/data/arrangement_merged/chr_05/183079.14~A26.K_5R.png,0,-0.1445284019177838,,0.0011802911758422,-0.20016313164411914,chromosome
0,0.0009586811065673,183079,183079.14~A28.K_5,5,,normal,183079.14~A28.K_5L.png,183079.14~A28.K_5R.png,train,/data5/chensx/MyProject/UAE/data/arrangement_merged/chr_05/183079.14~A28.K_5L.png,/data5/chensx/MyProject/UAE/data/arrangement_merged/chr_05/183079.14~A28.K_5R.png,0,-0.4442009596881756,,0.0009586811065673,-1.0355840452974265,chromosome
0,0.0011117458343505,183079,183079.14~A3.K_5,5,,normal,183079.14~A3.K_5L.png,183079.14~A3.K_5R.png,train,/data5/chensx/MyProject/UAE/data/arrangement_merged/chr_05/183079.14~A3.K_5L.png,/data5/chensx/MyProject/UAE/data/arrangement_merged/chr_05/183079.14~A3.K_5R.png,0,-0.2372189456068506,,0.0011117458343505,-0.4585638983738994,chromosome
0,0.0013971328735351,183079,183079.14~A34.K_5,5,,normal,183079.14~A34.K_5L.png,183079.14~A34.K_5R.png,train,/data5/chensx/MyProject/UAE/data/arrangement_merged/chr_05/183079.14~A34.K_5L.png,/data5/chensx/MyProject/UAE/data/arrangement_merged/chr_05/183079.14~A34.K_5R.png,0,0.1486961180307598,,0.0013971328735351,0.61728207649767,chromosome
0,0.0010806918144226,183079,183079.14~A38.K_5,5,,normal,183079.14~A38.K_5L.png,183079.14~A38.K_5R.png,train,/data5/chensx/MyProject/UAE/data/arrangement_merged/chr_05/183079.14~A38.K_5L.png,/data5/chensx/MyProject/UAE/data/arrangement_merged/chr_05/183079.14~A38.K_5R.png,0,-0.2792117919216366,,0.0010806918144226,-0.5756306805181376,chromosome
0,0.0014212727546691,183079,183079.14~A6.K_5,5,,normal,183079.14~A6.K_5L.png,183079.14~A6.K_5R.png,train,/data5/chensx/MyProject/UAE/data/arrangement_merged/chr_05/183079.14~A6.K_5L.png,/data5/chensx/MyProject/UAE/data/arrangement_merged/chr_05/183079.14~A6.K_5R.png,0,0.1813393095038659,,0.0014212727546691,0.708284085650205,chromosome
0,0.0014496445655822,183079,183079.2~A40.K_5,5,,normal,183079.2~A40.K_5L.png,183079.2~A40.K_5R.png,train,/data5/chensx/MyProject/UAE/data/arrangement_merged/chr_05/183079.2~A40.K_5L.png,/data5/chensx/MyProject/UAE/data/arrangement_merged/chr_05/183079.2~A40.K_5R.png,0,0.2197051345438623,,0.0014496445655822,0.8152395334444965,chromosome
0,0.0012600421905517,183079,183079.2~A8.K_5,5,,normal,183079.2~A8.K_5L.png,183079.2~A8.K_5R.png,train,/data5/chensx/MyProject/UAE/data/arrangement_merged/chr_05/183079.2~A8.K_5L.png,/data5/chensx/MyProject/UAE/data/arrangement_merged/chr_05/183079.2~A8.K_5R.png,0,-0.0366849693473738,,0.0012600421905517,0.10048054303810788,chromosome
0,0.0011239647865295,183079,183079.3~A16.K_5,5,,normal,183079.3~A16.K_5L.png,183079.3~A16.K_5R.png,train,/data5/chensx/MyProject/UAE/data/arrangement_merged/chr_05/183079.3~A16.K_5L.png,/data5/chensx/MyProject/UAE/data/arrangement_merged/chr_05/183079.3~A16.K_5R.png,0,-0.2206958486883648,,0.0011239647865295,-0.41250115300016105,chromosome
0,0.0013881921768188,183079,183079.3~A22.K_5,5,,normal,183079.3~A22.K_5L.png,183079.3~A22.K_5R.png,train,/data5/chensx/MyProject/UAE/data/arrangement_merged/chr_05/183079.3~A22.K_5L.png,/data5/chensx/MyProject/UAE/data/arrangement_merged/chr_05/183079.3~A22.K_5R.png,0,0.1366060471147945,,0.0013881921768188,0.583577628663383,chromosome
0,0.0011063814163208,183079,183079.3~A5.K_5,5,,normal,183079.3~A5.K_5L.png,183079.3~A5.K_5R.png,train,/data5/chensx/MyProject/UAE/data/arrangement_merged/chr_05/183079.3~A5.K_5L.png,/data5/chensx/MyProject/UAE/data/arrangement_merged/chr_05/183079.3~A5.K_5R.png,0,-0.2444729881564298,,0.0011063814163208,-0.4787865670741702,chromosome
0,0.0010365843772888,183079,183079.3~A7.K_5,5,,normal,183079.3~A7.K_5L.png,183079.3~A7.K_5R.png,train,/data5/chensx/MyProject/UAE/data/arrangement_merged/chr_05/183079.3~A7.K_5L.png,/data5/chensx/MyProject/UAE/data/arrangement_merged/chr_05/183079.3~A7.K_5R.png,0,-0.3388561417737318,,0.0010365843772888,-0.7419059565008188,chromosome
0,0.0011780261993408,183079,183079.4~A13.K_5,5,,normal,183079.4~A13.K_5L.png,183079.4~A13.K_5R.png,train,/data5/chensx/MyProject/UAE/data/arrangement_merged/chr_05/183079.4~A13.K_5L.png,/data5/chensx/MyProject/UAE/data/arrangement_merged/chr_05/183079.4~A13.K_5R.png,0,-0.1475912198831616,,0.0011780261993408,-0.20870159176190217,chromosome
0,0.0010600090026855,183079,183079.4~A17.K_5,5,,normal,183079.4~A17.K_5L.png,183079.4~A17.K_5R.png,train,/data5/chensx/MyProject/UAE/data/arrangement_merged/chr_05/183079.4~A17.K_5L.png,/data5/chensx/MyProject/UAE/data/arrangement_merged/chr_05/183079.4~A17.K_5R.png,0,-0.3071801559739028,,0.0010600090026855,-0.6536003031750106,chromosome
0,0.0009975433349609,183079,183079.4~A18.K_5,5,,normal,183079.4~A18.K_5L.png,183079.4~A18.K_5R.png,train,/data5/chensx/MyProject/UAE/data/arrangement_merged/chr_05/183079.4~A18.K_5L.png,/data5/chensx/MyProject/UAE/data/arrangement_merged/chr_05/183079.4~A18.K_5R.png,0,-0.3916494514401133,,0.0009975433349609,-0.8890820453774164,chromosome
0,0.0011768341064453,183079,183079.4~A23.K_5,5,,normal,183079.4~A23.K_5L.png,183079.4~A23.K_5R.png,train,/data5/chensx/MyProject/UAE/data/arrangement_merged/chr_05/183079.4~A23.K_5L.png,/data5/chensx/MyProject/UAE/data/arrangement_merged/chr_05/183079.4~A23.K_5R.png,0,-0.1492032293386237,,0.0011768341064453,-0.21319551813978194,chromosome
0,0.0009166002273559,183079,183079.4~A29.K_5,5,,normal,183079.4~A29.K_5L.png,183079.4~A29.K_5R.png,train,/data5/chensx/MyProject/UAE/data/arrangement_merged/chr_05/183079.4~A29.K_5L.png,/data5/chensx/MyProject/UAE/data/arrangement_merged/chr_05/183079.4~A29.K_5R.png,0,-0.5011048934659853,,0.0009166002273559,-1.1942196464375232,chromosome
0,0.0011041164398193,183079,183079.4~A4.K_5,5,,normal,183079.4~A4.K_5L.png,183079.4~A4.K_5R.png,train,/data5/chensx/MyProject/UAE/data/arrangement_merged/chr_05/183079.4~A4.K_5L.png,/data5/chensx/MyProject/UAE/data/arrangement_merged/chr_05/183079.4~A4.K_5R.png,0,-0.2475358061218076,,0.0011041164398193,-0.4873250271923301,chromosome
0,0.0011762380599975,183079,183079.4~A50.K_5,5,,normal,183079.4~A50.K_5L.png,183079.4~A50.K_5R.png,train,/data5/chensx/MyProject/UAE/data/arrangement_merged/chr_05/183079.4~A50.K_5L.png,/data5/chensx/MyProject/UAE/data/arrangement_merged/chr_05/183079.4~A50.K_5R.png,0,-0.1500092340663547,,0.0011762380599975,-0.2154424813289098,chromosome
0,0.0010144710540771,183214,183214.11~A34.K_5,5,,normal,183214.11~A34.K_5L.png,183214.11~A34.K_5R.png,train,/data5/chensx/MyProject/UAE/data/arrangement_merged/chr_05/183214.11~A34.K_5L.png,/data5/chensx/MyProject/UAE/data/arrangement_merged/chr_05/183214.11~A34.K_5R.png,0,-0.4086535763111371,,0.0010144710540771,-0.8252682908111469,chromosome
0,0.0012555122375488,183214,183214.11~A9.K_5,5,,normal,183214.11~A9.K_5L.png,183214.11~A9.K_5R.png,train,/data5/chensx/MyProject/UAE/data/arrangement_merged/chr_05/183214.11~A9.K_5L.png,/data5/chensx/MyProject/UAE/data/arrangement_merged/chr_05/183214.11~A9.K_5R.png,0,-0.0925204793106639,,0.0012555122375488,0.083403622802165,chromosome
0,0.0011199116706848,183214,183214.12~A1.K_5,5,,normal,183214.12~A1.K_5L.png,183214.12~A1.K_5R.png,train,/data5/chensx/MyProject/UAE/data/arrangement_merged/chr_05/183214.12~A1.K_5L.png,/data5/chensx/MyProject/UAE/data/arrangement_merged/chr_05/183214.12~A1.K_5R.png,0,-0.2703648897152327,,0.0011199116706848,-0.42778050268495255,chromosome
0,0.0010702013969421,183214,183214.12~A24.K_5,5,,normal,183214.12~A24.K_5L.png,183214.12~A24.K_5R.png,train,/data5/chensx/MyProject/UAE/data/arrangement_merged/chr_05/183214.12~A24.K_5L.png,/data5/chensx/MyProject/UAE/data/arrangement_merged/chr_05/183214.12~A24.K_5R.png,0,-0.3355614779690395,,0.0010702013969421,-0.615177232643856,chromosome
0,0.0014030337333679,183214,183214.12~A8.K_5,5,,normal,183214.12~A8.K_5L.png,183214.12~A8.K_5R.png,train,/data5/chensx/MyProject/UAE/data/arrangement_merged/chr_05/183214.12~A8.K_5L.png,/data5/chensx/MyProject/UAE/data/arrangement_merged/chr_05/183214.12~A8.K_5R.png,0,0.1009586045360648,,0.0014030337333679,0.6395270120684569,chromosome
0,0.0010095238685607,183214,183214.13~A21.K_5,5,,normal,183214.13~A21.K_5L.png,183214.13~A21.K_5R.png,train,/data5/chensx/MyProject/UAE/data/arrangement_merged/chr_05/183214.13~A21.K_5L.png,/data5/chensx/MyProject/UAE/data/arrangement_merged/chr_05/183214.13~A21.K_5R.png,0,-0.4151419657896334,,0.0010095238685607,-0.8439180852796311,chromosome
0,0.0013295412063598,183214,183214.13~A34.K_5,5,,normal,183214.13~A34.K_5L.png,183214.13~A34.K_5R.png,train,/data5/chensx/MyProject/UAE/data/arrangement_merged/chr_05/183214.13~A34.K_5L.png,/data5/chensx/MyProject/UAE/data/arrangement_merged/chr_05/183214.13~A34.K_5R.png,0,0.004570842765149,,0.0013295412063598,0.36247645087019253,chromosome
0,0.001389741897583,183214,183214.13~A49.K_5,5,,normal,183214.13~A49.K_5L.png,183214.13~A49.K_5R.png,train,/data5/chensx/MyProject/UAE/data/arrangement_merged/chr_05/183214.13~A49.K_5L.png,/data5/chensx/MyProject/UAE/data/arrangement_merged/chr_05/183214.13~A49.K_5R.png,0,0.0835259436480565,,0.001389741897583,0.5894197329548153,chromosome
0,0.0010514259338378,183214,183214.13~A6.K_5,5,,normal,183214.13~A6.K_5L.png,183214.13~A6.K_5R.png,train,/data5/chensx/MyProject/UAE/data/arrangement_merged/chr_05/183214.13~A6.K_5L.png,/data5/chensx/MyProject/UAE/data/arrangement_merged/chr_05/183214.13~A6.K_5R.png,0,-0.3601860886404414,,0.0010514259338378,-0.6859565730961218,chromosome
0,0.0011497735977172,183214,183214.14~A11.K_5,5,,normal,183214.14~A11.K_5L.png,183214.14~A11.K_5R.png,train,/data5/chensx/MyProject/UAE/data/arrangement_merged/chr_05/183214.14~A11.K_5L.png,/data5/chensx/MyProject/UAE/data/arrangement_merged/chr_05/183214.14~A11.K_5R.png,0,-0.2312000327426222,,0.0011497735977172,-0.3152076469185941,chromosome
0,0.0011824369430541,183214,183214.14~A17.K_5,5,,normal,183214.14~A17.K_5L.png,183214.14~A17.K_5R.png,train,/data5/chensx/MyProject/UAE/data/arrangement_merged/chr_05/183214.14~A17.K_5L.png,/data5/chensx/MyProject/UAE/data/arrangement_merged/chr_05/183214.14~A17.K_5R.png,0,-0.1883610275111041,,0.0011824369430541,-0.19207406416393577,chromosome
0,0.0012707710266113,183214,183214.14~A19.K_5,5,,normal,183214.14~A19.K_5L.png,183214.14~A19.K_5R.png,train,/data5/chensx/MyProject/UAE/data/arrangement_merged/chr_05/183214.14~A19.K_5L.png,/data5/chensx/MyProject/UAE/data/arrangement_merged/chr_05/183214.14~A19.K_5R.png,0,-0.0725080973046992,,0.0012707710266113,0.1409258804394025,chromosome
0,0.0012869834899902,183214,183214.14~A21.K_5,5,,normal,183214.14~A21.K_5L.png,183214.14~A21.K_5R.png,train,/data5/chensx/MyProject/UAE/data/arrangement_merged/chr_05/183214.14~A21.K_5L.png,/data5/chensx/MyProject/UAE/data/arrangement_merged/chr_05/183214.14~A21.K_5R.png,0,-0.0512449414233617,,0.0012869834899902,0.2020432791789436,chromosome
0,0.0010927319526672,183214,183214.14~A6.K_5,5,,normal,183214.14~A6.K_5L.png,183214.14~A6.K_5R.png,train,/data5/chensx/MyProject/UAE/data/arrangement_merged/chr_05/183214.14~A6.K_5L.png,/data5/chensx/MyProject/UAE/data/arrangement_merged/chr_05/183214.14~A6.K_5R.png,0,-0.3060119451633573,,0.0010927319526672,-0.5302420241013643,chromosome
0,0.0011712908744812,183214,183214.2~A19.K_5,5,,normal,183214.2~A19.K_5L.png,183214.2~A19.K_5R.png,train,/data5/chensx/MyProject/UAE/data/arrangement_merged/chr_05/183214.2~A19.K_5L.png,/data5/chensx/MyProject/UAE/data/arrangement_merged/chr_05/183214.2~A19.K_5R.png,0,-0.2029794471795236,,0.0011712908744812,-0.23409227579701627,chromosome
0,0.0012665390968322,183214,183214.2~A25.K_5,5,,normal,183214.2~A25.K_5L.png,183214.2~A25.K_5R.png,train,/data5/chensx/MyProject/UAE/data/arrangement_merged/chr_05/183214.2~A25.K_5L.png,/data5/chensx/MyProject/UAE/data/arrangement_merged/chr_05/183214.2~A25.K_5R.png,0,-0.078058406376666,,0.0012665390968322,0.1249724417976467,chromosome
0,0.0011829137802124,183214,183214.2~A30.K_5,5,,normal,183214.2~A30.K_5L.png,183214.2~A30.K_5R.png,train,/data5/chensx/MyProject/UAE/data/arrangement_merged/chr_05/183214.2~A30.K_5L.png,/data5/chensx/MyProject/UAE/data/arrangement_merged/chr_05/183214.2~A30.K_5R.png,0,-0.1877356405734176,,0.0011829137802124,-0.1902764936124067,chromosome
0,0.001296043395996,183214,183214.2~A36.K_5,5,,normal,183214.2~A36.K_5L.png,183214.2~A36.K_5R.png,train,/data5/chensx/MyProject/UAE/data/arrangement_merged/chr_05/183214.2~A36.K_5L.png,/data5/chensx/MyProject/UAE/data/arrangement_merged/chr_05/183214.2~A36.K_5R.png,0,-0.0393625896073202,,0.001296043395996,0.2361971196508302,chromosome
0,0.001131534576416,183214,183214.2~A39.K_5,5,,normal,183214.2~A39.K_5L.png,183214.2~A39.K_5R.png,train,/data5/chensx/MyProject/UAE/data/arrangement_merged/chr_05/183214.2~A39.K_5L.png,/data5/chensx/MyProject/UAE/data/arrangement_merged/chr_05/183214.2~A39.K_5R.png,0,-0.2551210831091268,,0.001131534576416,-0.38396472050034214,chromosome
0,0.0011636018753051,183214,183214.2~A45.K_5,5,,normal,183214.2~A45.K_5L.png,183214.2~A45.K_5R.png,train,/data5/chensx/MyProject/UAE/data/arrangement_merged/chr_05/183214.2~A45.K_5L.png,/data5/chensx/MyProject/UAE/data/arrangement_merged/chr_05/183214.2~A45.K_5R.png,0,-0.2130638115497167,,0.0011636018753051,-0.26307810093481165,chromosome
0,0.0011417865753173,183214,183214.2~A6.K_5,5,,normal,183214.2~A6.K_5L.png,183214.2~A6.K_5R.png,train,/data5/chensx/MyProject/UAE/data/arrangement_merged/chr_05/183214.2~A6.K_5L.png,/data5/chensx/MyProject/UAE/data/arrangement_merged/chr_05/183214.2~A6.K_5R.png,0,-0.2416752639488693,,0.0011417865753173,-0.34531695365057663,chromosome
0,0.0019586086273193,183214,183214.3~A12.K_5,5,,normal,183214.3~A12.K_5L.png,183214.3~A12.K_5R.png,train,/data5/chensx/MyProject/UAE/data/arrangement_merged/chr_05/183214.3~A12.K_5L.png,/data5/chensx/MyProject/UAE/data/arrangement_merged/chr_05/183214.3~A12.K_5R.png,0,0.829612560307927,,0.0019586086273193,2.733921400492969,chromosome
0,0.0011661052703857,183214,183214.3~A19.K_5,5,,normal,183214.3~A19.K_5L.png,183214.3~A19.K_5R.png,train,/data5/chensx/MyProject/UAE/data/arrangement_merged/chr_05/183214.3~A19.K_5L.png,/data5/chensx/MyProject/UAE/data/arrangement_merged/chr_05/183214.3~A19.K_5R.png,0,-0.2097805301268631,,0.0011661052703857,-0.2536408555410765,chromosome
0,0.0011004209518432,183214,183214.3~A28.K_5,5,,normal,183214.3~A28.K_5L.png,183214.3~A28.K_5R.png,train,/data5/chensx/MyProject/UAE/data/arrangement_merged/chr_05/183214.3~A28.K_5L.png,/data5/chensx/MyProject/UAE/data/arrangement_merged/chr_05/183214.3~A28.K_5R.png,0,-0.2959275807931641,,0.0011004209518432,-0.5012561989639458,chromosome
0,0.0011329650878906,183214,183214.3~A4.K_5,5,,normal,183214.3~A4.K_5L.png,183214.3~A4.K_5R.png,train,/data5/chensx/MyProject/UAE/data/arrangement_merged/chr_05/183214.3~A4.K_5L.png,/data5/chensx/MyProject/UAE/data/arrangement_merged/chr_05/183214.3~A4.K_5R.png,0,-0.2532449222960676,,0.0011329650878906,-0.3785720088468863,chromosome
0,0.0010477304458618,183214,183214.3~A42.K_5,5,,normal,183214.3~A42.K_5L.png,183214.3~A42.K_5R.png,train,/data5/chensx/MyProject/UAE/data/arrangement_merged/chr_05/183214.3~A42.K_5L.png,/data5/chensx/MyProject/UAE/data/arrangement_merged/chr_05/183214.3~A42.K_5R.png,0,-0.3650328374075109,,0.0010477304458618,-0.6998877448673607,chromosome
0,0.0013744831085205,183214,183214.3~A43.K_5,5,,normal,183214.3~A43.K_5L.png,183214.3~A43.K_5R.png,train,/data5/chensx/MyProject/UAE/data/arrangement_merged/chr_05/183214.3~A43.K_5L.png,/data5/chensx/MyProject/UAE/data/arrangement_merged/chr_05/183214.3~A43.K_5R.png,0,0.0635135616420918,,0.0013744831085205,0.5318974753175778,chromosome
0,0.0012118816375732,183214,183214.3~A47.K_5,5,,normal,183214.3~A47.K_5L.png,183214.3~A47.K_5R.png,train,/data5/chensx/MyProject/UAE/data/arrangement_merged/chr_05/183214.3~A47.K_5L.png,/data5/chensx/MyProject/UAE/data/arrangement_merged/chr_05/183214.3~A47.K_5R.png,0,-0.1497433841089691,,0.0012118816375732,-0.08107408262936407,chromosome
0,0.0013477802276611,183214,183214.4~A22.K_5,5,,normal,183214.4~A22.K_5L.png,183214.4~A22.K_5R.png,train,/data5/chensx/MyProject/UAE/data/arrangement_merged/chr_05/183214.4~A22.K_5L.png,/data5/chensx/MyProject/UAE/data/arrangement_merged/chr_05/183214.4~A22.K_5R.png,0,0.0284918931316537,,0.0013477802276611,0.4312335244523182,chromosome
0,0.0009358525276184,183214,183214.4~A24.K_5,5,,normal,183214.4~A24.K_5L.png,183214.4~A24.K_5R.png,train,/data5/chensx/MyProject/UAE/data/arrangement_merged/chr_05/183214.4~A24.K_5L.png,/data5/chensx/MyProject/UAE/data/arrangement_merged/chr_05/183214.4~A24.K_5R.png,0,-0.5117642476621816,,0.0009358525276184,-1.121642735434106,chromosome
0,0.0011928081512451,183214,183214.4~A26.K_5,5,,normal,183214.4~A26.K_5L.png,183214.4~A26.K_5R.png,train,/data5/chensx/MyProject/UAE/data/arrangement_merged/chr_05/183214.4~A26.K_5L.png,/data5/chensx/MyProject/UAE/data/arrangement_merged/chr_05/183214.4~A26.K_5R.png,0,-0.1747588616164249,,0.0011928081512451,-0.1529769046758161,chromosome
0,0.0009316205978393,183214,183214.4~A28.K_5,5,,normal,183214.4~A28.K_5L.png,183214.4~A28.K_5R.png,train,/data5/chensx/MyProject/UAE/data/arrangement_merged/chr_05/183214.4~A28.K_5L.png,/data5/chensx/MyProject/UAE/data/arrangement_merged/chr_05/183214.4~A28.K_5R.png,0,-0.5173145567341484,,0.0009316205978393,-1.1375961740758618,chromosome
0,0.0009408593177795,183214,183214.4~A50.K_5,5,,normal,183214.4~A50.K_5L.png,183214.4~A50.K_5R.png,train,/data5/chensx/MyProject/UAE/data/arrangement_merged/chr_05/183214.4~A50.K_5L.png,/data5/chensx/MyProject/UAE/data/arrangement_merged/chr_05/183214.4~A50.K_5R.png,0,-0.5051976848164744,,0.0009408593177795,-1.1027682446470108,chromosome
0,0.0011692643165588,183214,183214.4~A8.K_5,5,,normal,183214.4~A8.K_5L.png,183214.4~A8.K_5R.png,train,/data5/chensx/MyProject/UAE/data/arrangement_merged/chr_05/183214.4~A8.K_5L.png,/data5/chensx/MyProject/UAE/data/arrangement_merged/chr_05/183214.4~A8.K_5R.png,0,-0.2056373416646907,,0.0011692643165588,-0.24173195063960085,chromosome
0,0.001071810722351,183262,183262.11~A16.K_5,5,,normal,183262.11~A16.K_5L.png,183262.11~A16.K_5R.png,train,/data5/chensx/MyProject/UAE/data/arrangement_merged/chr_05/183262.11~A16.K_5L.png,/data5/chensx/MyProject/UAE/data/arrangement_merged/chr_05/183262.11~A16.K_5R.png,0,-0.3343959266416675,,0.001071810722351,-0.6091104320338127,chromosome
0,0.000954270362854,183262,183262.12~A5.K_5,5,,normal,183262.12~A5.K_5L.png,183262.12~A5.K_5R.png,train,/data5/chensx/MyProject/UAE/data/arrangement_merged/chr_05/183262.12~A5.K_5L.png,/data5/chensx/MyProject/UAE/data/arrangement_merged/chr_05/183262.12~A5.K_5R.png,0,-0.4830616353242172,,0.000954270362854,-1.052211572895393,chromosome
0,0.001654028892517,183262,183262.14~A1.K_5,5,,normal,183262.14~A1.K_5L.png,183262.14~A1.K_5R.png,train,/data5/chensx/MyProject/UAE/data/arrangement_merged/chr_05/183262.14~A1.K_5L.png,/data5/chensx/MyProject/UAE/data/arrangement_merged/chr_05/183262.14~A1.K_5R.png,0,0.4019968940536394,,0.001654028892517,1.5857232109369712,chromosome
0,0.0010806322097778,183262,183262.14~A16.K_5,5,,normal,183262.14~A16.K_5L.png,183262.14~A16.K_5R.png,train,/data5/chensx/MyProject/UAE/data/arrangement_merged/chr_05/183262.14~A16.K_5L.png,/data5/chensx/MyProject/UAE/data/arrangement_merged/chr_05/183262.14~A16.K_5R.png,0,-0.3232384596614356,,0.0010806322097778,-0.5758553768371262,chromosome
0,0.0011587142944335,183262,183262.14~A21.K_5,5,,normal,183262.14~A21.K_5L.png,183262.14~A21.K_5R.png,train,/data5/chensx/MyProject/UAE/data/arrangement_merged/chr_05/183262.14~A21.K_5L.png,/data5/chensx/MyProject/UAE/data/arrangement_merged/chr_05/183262.14~A21.K_5R.png,0,-0.2244797992283017,,0.0011587142944335,-0.28150319908430715,chromosome
0,0.0011289119720458,183262,183262.14~A23.K_5,5,,normal,183262.14~A23.K_5L.png,183262.14~A23.K_5R.png,train,/data5/chensx/MyProject/UAE/data/arrangement_merged/chr_05/183262.14~A23.K_5L.png,/data5/chensx/MyProject/UAE/data/arrangement_merged/chr_05/183262.14~A23.K_5R.png,0,-0.2621739444317879,,0.0011289119720458,-0.3938513585320546,chromosome
0,0.0013741254806518,183262,183262.14~A29.K_5,5,,normal,183262.14~A29.K_5L.png,183262.14~A29.K_5R.png,train,/data5/chensx/MyProject/UAE/data/arrangement_merged/chr_05/183262.14~A29.K_5L.png,/data5/chensx/MyProject/UAE/data/arrangement_merged/chr_05/183262.14~A29.K_5R.png,0,0.0479734823024967,,0.0013741254806518,0.5305492974040252,chromosome
0,0.0010647773742675,183262,183262.14~A33.K_5,5,,normal,183262.14~A33.K_5L.png,183262.14~A33.K_5R.png,train,/data5/chensx/MyProject/UAE/data/arrangement_merged/chr_05/183262.14~A33.K_5L.png,/data5/chensx/MyProject/UAE/data/arrangement_merged/chr_05/183262.14~A33.K_5R.png,0,-0.3432917449096903,,0.0010647773742675,-0.6356245976634916,chromosome
0,0.0010244250297546,183262,183262.14~A38.K_5,5,,normal,183262.14~A38.K_5L.png,183262.14~A38.K_5R.png,train,/data5/chensx/MyProject/UAE/data/arrangement_merged/chr_05/183262.14~A38.K_5L.png,/data5/chensx/MyProject/UAE/data/arrangement_merged/chr_05/183262.14~A38.K_5R.png,0,-0.3943296175152107,,0.0010244250297546,-0.7877440055555684,chromosome
0,0.0012651681900024,183262,183262.14~A45.K_5,5,,normal,183262.14~A45.K_5L.png,183262.14~A45.K_5R.png,train,/data5/chensx/MyProject/UAE/data/arrangement_merged/chr_05/183262.14~A45.K_5L.png,/data5/chensx/MyProject/UAE/data/arrangement_merged/chr_05/183262.14~A45.K_5R.png,0,-0.0898363125614489,,0.0012651681900024,0.11980442646317947,chromosome
0,0.0011229515075683,183262,183262.14~A8.K_5,5,,normal,183262.14~A8.K_5L.png,183262.14~A8.K_5R.png,train,/data5/chensx/MyProject/UAE/data/arrangement_merged/chr_05/183262.14~A8.K_5L.png,/data5/chensx/MyProject/UAE/data/arrangement_merged/chr_05/183262.14~A8.K_5R.png,0,-0.2697127734724852,,0.0011229515075683,-0.4163209904214534,chromosome
0,0.0012574195861816,183262,183262.1~A2.K_5,5,,normal,183262.1~A2.K_5L.png,183262.1~A2.K_5R.png,train,/data5/chensx/MyProject/UAE/data/arrangement_merged/chr_05/183262.1~A2.K_5L.png,/data5/chensx/MyProject/UAE/data/arrangement_merged/chr_05/183262.1~A2.K_5R.png,0,-0.0996367903143553,,0.0012574195861816,0.09059390500677308,chromosome
0,0.0009159445762634,183262,183262.1~A24.K_5,5,,normal,183262.1~A24.K_5L.png,183262.1~A24.K_5R.png,train,/data5/chensx/MyProject/UAE/data/arrangement_merged/chr_05/183262.1~A24.K_5L.png,/data5/chensx/MyProject/UAE/data/arrangement_merged/chr_05/183262.1~A24.K_5R.png,0,-0.5315363060559005,,0.0009159445762634,-1.1966913059452629,chromosome
0,0.0013594627380371,183262,183262.1~A26.K_5,5,,normal,183262.1~A26.K_5L.png,183262.1~A26.K_5R.png,train,/data5/chensx/MyProject/UAE/data/arrangement_merged/chr_05/183262.1~A26.K_5L.png,/data5/chensx/MyProject/UAE/data/arrangement_merged/chr_05/183262.1~A26.K_5R.png,0,0.0294279628623815,,0.0013594627380371,0.4752740029559165,chromosome
0,0.0010088682174682,183262,183262.1~A42.K_5,5,,normal,183262.1~A42.K_5L.png,183262.1~A42.K_5R.png,train,/data5/chensx/MyProject/UAE/data/arrangement_merged/chr_05/183262.1~A42.K_5L.png,/data5/chensx/MyProject/UAE/data/arrangement_merged/chr_05/183262.1~A42.K_5R.png,0,-0.4140059613114304,,0.0010088682174682,-0.8463897447873707,chromosome
0,0.0010095238685607,183262,183262.1~A9.K_5,5,,normal,183262.1~A9.K_5L.png,183262.1~A9.K_5R.png,train,/data5/chensx/MyProject/UAE/data/arrangement_merged/chr_05/183262.1~A9.K_5L.png,/data5/chensx/MyProject/UAE/data/arrangement_merged/chr_05/183262.1~A9.K_5R.png,0,-0.4131766901169538,,0.0010095238685607,-0.8439180852796311,chromosome
0,0.0014341473579406,183262,183262.2~A10.K_5,5,,normal,183262.2~A10.K_5L.png,183262.2~A10.K_5R.png,train,/data5/chensx/MyProject/UAE/data/arrangement_merged/chr_05/183262.2~A10.K_5L.png,/data5/chensx/MyProject/UAE/data/arrangement_merged/chr_05/183262.2~A10.K_5R.png,0,0.123889490742318,,0.0014341473579406,0.7568184905316837,chromosome
0,0.000880479812622,183262,183262.2~A22.K_5,5,,normal,183262.2~A22.K_5L.png,183262.2~A22.K_5R.png,train,/data5/chensx/MyProject/UAE/data/arrangement_merged/chr_05/183262.2~A22.K_5L.png,/data5/chensx/MyProject/UAE/data/arrangement_merged/chr_05/183262.2~A22.K_5R.png,0,-0.5763923388480492,,0.000880479812622,-1.3303856156882214,chromosome
0,0.0010559558868408,183262,183262.2~A23.K_5,5,,normal,183262.2~A23.K_5L.png,183262.2~A23.K_5R.png,train,/data5/chensx/MyProject/UAE/data/arrangement_merged/chr_05/183262.2~A23.K_5L.png,/data5/chensx/MyProject/UAE/data/arrangement_merged/chr_05/183262.2~A23.K_5R.png,0,-0.3544492118899222,,0.0010559558868408,-0.668879652859802,chromosome
0,0.0011584758758544,183262,183262.2~A44.K_5,5,,normal,183262.2~A44.K_5L.png,183262.2~A44.K_5R.png,train,/data5/chensx/MyProject/UAE/data/arrangement_merged/chr_05/183262.2~A44.K_5L.png,/data5/chensx/MyProject/UAE/data/arrangement_merged/chr_05/183262.2~A44.K_5R.png,0,-0.2247813523899296,,0.0011584758758544,-0.2824019843598833,chromosome
0,0.0010746121406555,183262,183262.2~A45.K_5,5,,normal,183262.2~A45.K_5L.png,183262.2~A45.K_5R.png,train,/data5/chensx/MyProject/UAE/data/arrangement_merged/chr_05/183262.2~A45.K_5L.png,/data5/chensx/MyProject/UAE/data/arrangement_merged/chr_05/183262.2~A45.K_5R.png,0,-0.3308526769925398,,0.0010746121406555,-0.5985497050455127,chromosome
0,0.0013679265975952,183262,183262.3~A17.K_5,5,,normal,183262.3~A17.K_5L.png,183262.3~A17.K_5R.png,train,/data5/chensx/MyProject/UAE/data/arrangement_merged/chr_05/183262.3~A17.K_5L.png,/data5/chensx/MyProject/UAE/data/arrangement_merged/chr_05/183262.3~A17.K_5R.png,0,0.0401331001001716,,0.0013679265975952,0.5071808802390512,chromosome
0,0.0011772513389587,183262,183262.3~A24.K_5,5,,normal,183262.3~A24.K_5L.png,183262.3~A24.K_5R.png,train,/data5/chensx/MyProject/UAE/data/arrangement_merged/chr_05/183262.3~A24.K_5L.png,/data5/chensx/MyProject/UAE/data/arrangement_merged/chr_05/183262.3~A24.K_5R.png,0,-0.2010340409117333,,0.0011772513389587,-0.21162264390761834,chromosome
0,0.0017102360725402,183262,183262.3~A30.K_5,5,,normal,183262.3~A30.K_5L.png,183262.3~A30.K_5R.png,train,/data5/chensx/MyProject/UAE/data/arrangement_merged/chr_05/183262.3~A30.K_5L.png,/data5/chensx/MyProject/UAE/data/arrangement_merged/chr_05/183262.3~A30.K_5R.png,0,0.4730880519074144,,0.0017102360725402,1.7976118396554135,chromosome
0,0.0015159845352172,183262,183262.3~A41.K_5,5,,normal,183262.3~A41.K_5L.png,183262.3~A41.K_5R.png,train,/data5/chensx/MyProject/UAE/data/arrangement_merged/chr_05/183262.3~A41.K_5L.png,/data5/chensx/MyProject/UAE/data/arrangement_merged/chr_05/183262.3~A41.K_5R.png,0,0.2273976134710912,,0.0015159845352172,1.0653265363751054,chromosome
0,0.0009709596633911,183262,183262.4~A14.K_5,5,,normal,183262.4~A14.K_5L.png,183262.4~A14.K_5R.png,train,/data5/chensx/MyProject/UAE/data/arrangement_merged/chr_05/183262.4~A14.K_5L.png,/data5/chensx/MyProject/UAE/data/arrangement_merged/chr_05/183262.4~A14.K_5R.png,0,-0.4619529140102649,,0.0009709596633911,-0.9892966036046995,chromosome
0,0.0012499094009399,183262,183262.4~A19.K_5,5,,normal,183262.4~A19.K_5L.png,183262.4~A19.K_5R.png,train,/data5/chensx/MyProject/UAE/data/arrangement_merged/chr_05/183262.4~A19.K_5L.png,/data5/chensx/MyProject/UAE/data/arrangement_merged/chr_05/183262.4~A19.K_5R.png,0,-0.1091357149056338,,0.0012499094009399,0.062282168825941994,chromosome
0,0.0011450052261352,183262,183262.4~A24.K_5,5,,normal,183262.4~A24.K_5L.png,183262.4~A24.K_5R.png,train,/data5/chensx/MyProject/UAE/data/arrangement_merged/chr_05/183262.4~A24.K_5L.png,/data5/chensx/MyProject/UAE/data/arrangement_merged/chr_05/183262.4~A24.K_5R.png,0,-0.2418191060219054,,0.0011450052261352,-0.3331833524301131,chromosome
0,0.001162827014923,183262,183262.4~A29.K_5,5,,normal,183262.4~A29.K_5L.png,183262.4~A29.K_5R.png,train,/data5/chensx/MyProject/UAE/data/arrangement_merged/chr_05/183262.4~A29.K_5L.png,/data5/chensx/MyProject/UAE/data/arrangement_merged/chr_05/183262.4~A29.K_5R.png,0,-0.2192780071902206,,0.001162827014923,-0.26599915308052785,chromosome
0,0.000987946987152,183262,183262.4~A31.K_5,5,,normal,183262.4~A31.K_5L.png,183262.4~A31.K_5R.png,train,/data5/chensx/MyProject/UAE/data/arrangement_merged/chr_05/183262.4~A31.K_5L.png,/data5/chensx/MyProject/UAE/data/arrangement_merged/chr_05/183262.4~A31.K_5R.png,0,-0.4404672512442778,,0.000987946987152,-0.925258152719819,chromosome
0,0.0011988878250122,183262,183262.4~A50.K_5,5,,normal,183262.4~A50.K_5L.png,183262.4~A50.K_5R.png,train,/data5/chensx/MyProject/UAE/data/arrangement_merged/chr_05/183262.4~A50.K_5L.png,/data5/chensx/MyProject/UAE/data/arrangement_merged/chr_05/183262.4~A50.K_5R.png,0,-0.1736680914940022,,0.0011988878250122,-0.13005788014844086,chromosome
0,0.0011800527572631,183786,183786.11~A44.K_5,5,,normal,183786.11~A44.K_5L.png,183786.11~A44.K_5R.png,train,/data5/chensx/MyProject/UAE/data/arrangement_merged/chr_05/183786.11~A44.K_5L.png,/data5/chensx/MyProject/UAE/data/arrangement_merged/chr_05/183786.11~A44.K_5R.png,0,-0.1236160095079768,,0.0011800527572631,-0.20106191691969527,chromosome
0,0.001055359840393,183786,183786.12~A1.K_5,5,,normal,183786.12~A1.K_5L.png,183786.12~A1.K_5R.png,train,/data5/chensx/MyProject/UAE/data/arrangement_merged/chr_05/183786.12~A1.K_5L.png,/data5/chensx/MyProject/UAE/data/arrangement_merged/chr_05/183786.12~A1.K_5R.png,0,-0.1886436560412265,,0.001055359840393,-0.67112661604893,chromosome
0,0.0009390115737915,183786,183786.12~A12.K_5,5,,normal,183786.12~A12.K_5L.png,183786.12~A12.K_5R.png,train,/data5/chensx/MyProject/UAE/data/arrangement_merged/chr_05/183786.12~A12.K_5L.png,/data5/chensx/MyProject/UAE/data/arrangement_merged/chr_05/183786.12~A12.K_5R.png,0,-0.249319548026362,,0.0009390115737915,-1.1097338305326303,chromosome
0,0.0009701251983642,183786,183786.12~A15.K_5,5,,normal,183786.12~A15.K_5L.png,183786.12~A15.K_5R.png,train,/data5/chensx/MyProject/UAE/data/arrangement_merged/chr_05/183786.12~A15.K_5L.png,/data5/chensx/MyProject/UAE/data/arrangement_merged/chr_05/183786.12~A15.K_5R.png,0,-0.2330937203541076,,0.0009701251983642,-0.9924423520694039,chromosome
0,0.0011159181594848,183786,183786.12~A16.K_5,5,,normal,183786.12~A16.K_5L.png,183786.12~A16.K_5R.png,train,/data5/chensx/MyProject/UAE/data/arrangement_merged/chr_05/183786.12~A16.K_5L.png,/data5/chensx/MyProject/UAE/data/arrangement_merged/chr_05/183786.12~A16.K_5R.png,0,-0.1570623516063404,,0.0011159181594848,-0.4428351560511322,chromosome
0,0.0009194016456604,183786,183786.12~A34.K_5,5,,normal,183786.12~A34.K_5L.png,183786.12~A34.K_5R.png,train,/data5/chensx/MyProject/UAE/data/arrangement_merged/chr_05/183786.12~A34.K_5L.png,/data5/chensx/MyProject/UAE/data/arrangement_merged/chr_05/183786.12~A34.K_5R.png,0,-0.2595461712144305,,0.0009194016456604,-1.1836589194492233,chromosome
0,0.001101791858673,183786,183786.12~A41.K_5,5,,normal,183786.12~A41.K_5L.png,183786.12~A41.K_5R.png,train,/data5/chensx/MyProject/UAE/data/arrangement_merged/chr_05/183786.12~A41.K_5L.png,/data5/chensx/MyProject/UAE/data/arrangement_merged/chr_05/183786.12~A41.K_5R.png,0,-0.1644292503770767,,0.001101791858673,-0.49608818362947776,chromosome
0,0.0011264681816101,183786,183786.12~A47.K_5,5,,normal,183786.12~A47.K_5L.png,183786.12~A47.K_5R.png,train,/data5/chensx/MyProject/UAE/data/arrangement_merged/chr_05/183786.12~A47.K_5L.png,/data5/chensx/MyProject/UAE/data/arrangement_merged/chr_05/183786.12~A47.K_5R.png,0,-0.1515604904990817,,0.0011264681816101,-0.4030639076064251,chromosome
0,0.0008894205093383,183786,183786.13~A10.K_5,5,,normal,183786.13~A10.K_5L.png,183786.13~A10.K_5R.png,train,/data5/chensx/MyProject/UAE/data/arrangement_merged/chr_05/183786.13~A10.K_5L.png,/data5/chensx/MyProject/UAE/data/arrangement_merged/chr_05/183786.13~A10.K_5R.png,0,-0.2751814036265838,,0.0008894205093383,-1.296681167853935,chromosome
0,0.0010755062103271,183786,183786.13~A12.K_5,5,,normal,183786.13~A12.K_5L.png,183786.13~A12.K_5R.png,train,/data5/chensx/MyProject/UAE/data/arrangement_merged/chr_05/183786.13~A12.K_5L.png,/data5/chensx/MyProject/UAE/data/arrangement_merged/chr_05/183786.13~A12.K_5R.png,0,-0.1781372772036365,,0.0010755062103271,-0.5951792602621969,chromosome
0,0.0012264251708984,183786,183786.13~A29.K_5,5,,normal,183786.13~A29.K_5L.png,183786.13~A29.K_5R.png,train,/data5/chensx/MyProject/UAE/data/arrangement_merged/chr_05/183786.13~A29.K_5L.png,/data5/chensx/MyProject/UAE/data/arrangement_merged/chr_05/183786.13~A29.K_5R.png,0,-0.0994326878048849,,0.0012264251708984,-0.026248180818854105,chromosome
0,0.0008811354637145,183786,183786.13~A34.K_5,5,,normal,183786.13~A34.K_5L.png,183786.13~A34.K_5R.png,train,/data5/chensx/MyProject/UAE/data/arrangement_merged/chr_05/183786.13~A34.K_5L.png,/data5/chensx/MyProject/UAE/data/arrangement_merged/chr_05/183786.13~A34.K_5R.png,0,-0.27950207421364,,0.0008811354637145,-1.3279139561804818,chromosome
0,0.0013675689697265,183786,183786.13~A43.K_5,5,,normal,183786.13~A43.K_5L.png,183786.13~A43.K_5R.png,train,/data5/chensx/MyProject/UAE/data/arrangement_merged/chr_05/183786.13~A43.K_5L.png,/data5/chensx/MyProject/UAE/data/arrangement_merged/chr_05/183786.13~A43.K_5R.png,0,-0.0258258680196385,,0.0013675689697265,0.5058327023254986,chromosome
0,0.0013225078582763,183786,183786.14~A17.K_5,5,,normal,183786.14~A17.K_5L.png,183786.14~A17.K_5R.png,train,/data5/chensx/MyProject/UAE/data/arrangement_merged/chr_05/183786.14~A17.K_5L.png,/data5/chensx/MyProject/UAE/data/arrangement_merged/chr_05/183786.14~A17.K_5R.png,0,-0.0493253425794553,,0.0013225078582763,0.3359622852405137,chromosome
0,0.0009152889251708,183786,183786.14~A24.K_5,5,,normal,183786.14~A24.K_5L.png,183786.14~A24.K_5R.png,train,/data5/chensx/MyProject/UAE/data/arrangement_merged/chr_05/183786.14~A24.K_5L.png,/data5/chensx/MyProject/UAE/data/arrangement_merged/chr_05/183786.14~A24.K_5R.png,0,-0.2616909645274297,,0.0009152889251708,-1.1991629654533793,chromosome
0,0.0012009143829345,183786,183786.14~A38.K_5,5,,normal,183786.14~A38.K_5L.png,183786.14~A38.K_5R.png,train,/data5/chensx/MyProject/UAE/data/arrangement_merged/chr_05/183786.14~A38.K_5L.png,/data5/chensx/MyProject/UAE/data/arrangement_merged/chr_05/183786.14~A38.K_5R.png,0,-0.1127366231376912,,0.0012009143829345,-0.12241820530623396,chromosome
0,0.001344621181488,183786,183786.14~A39.K_5,5,,normal,183786.14~A39.K_5L.png,183786.14~A39.K_5R.png,train,/data5/chensx/MyProject/UAE/data/arrangement_merged/chr_05/183786.14~A39.K_5L.png,/data5/chensx/MyProject/UAE/data/arrangement_merged/chr_05/183786.14~A39.K_5R.png,0,-0.0377931930269526,,0.001344621181488,0.41932461955084255,chromosome
0,0.0012477040290832,183786,183786.1~A44.K_5,5,,normal,183786.1~A44.K_5L.png,183786.1~A44.K_5R.png,train,/data5/chensx/MyProject/UAE/data/arrangement_merged/chr_05/183786.1~A44.K_5L.png,/data5/chensx/MyProject/UAE/data/arrangement_merged/chr_05/183786.1~A44.K_5R.png,0,-0.0883357137071936,,0.0012477040290832,0.05396840502676996,chromosome
0,0.0013282299041748,183786,183786.2~A14.K_5,5,,normal,183786.2~A14.K_5L.png,183786.2~A14.K_5R.png,train,/data5/chensx/MyProject/UAE/data/arrangement_merged/chr_05/183786.2~A14.K_5L.png,/data5/chensx/MyProject/UAE/data/arrangement_merged/chr_05/183786.2~A14.K_5R.png,0,-0.0463412823178913,,0.0013282299041748,0.3575331318547132,chromosome
0,0.0013381242752075,183786,183786.2~A4.K_5,5,,normal,183786.2~A4.K_5L.png,183786.2~A4.K_5R.png,train,/data5/chensx/MyProject/UAE/data/arrangement_merged/chr_05/183786.2~A4.K_5L.png,/data5/chensx/MyProject/UAE/data/arrangement_merged/chr_05/183786.2~A4.K_5R.png,0,-0.0411813447822701,,0.0013381242752075,0.39483272079130377,chromosome
0,0.0011429786682128,183786,183786.2~A49.K_5,5,,normal,183786.2~A49.K_5L.png,183786.2~A49.K_5R.png,train,/data5/chensx/MyProject/UAE/data/arrangement_merged/chr_05/183786.2~A49.K_5L.png,/data5/chensx/MyProject/UAE/data/arrangement_merged/chr_05/183786.2~A49.K_5R.png,0,-0.1429502332860271,,0.0011429786682128,-0.34082302727269687,chromosome
0,0.0010856389999389,183786,183786.3~A1.K_5,5,,normal,183786.3~A1.K_5L.png,183786.3~A1.K_5R.png,train,/data5/chensx/MyProject/UAE/data/arrangement_merged/chr_05/183786.3~A1.K_5L.png,/data5/chensx/MyProject/UAE/data/arrangement_merged/chr_05/183786.3~A1.K_5R.png,0,-0.1728530038237835,,0.0010856389999389,-0.556980886050031,chromosome
0,0.0010525584220886,183786,183786.3~A25.K_5,5,,normal,183786.3~A25.K_5L.png,183786.3~A25.K_5R.png,train,/data5/chensx/MyProject/UAE/data/arrangement_merged/chr_05/183786.3~A25.K_5L.png,/data5/chensx/MyProject/UAE/data/arrangement_merged/chr_05/183786.3~A25.K_5R.png,0,-0.1901046022109506,,0.0010525584220886,-0.681687343036853,chromosome
0,0.0009711980819702,183786,183786.3~A36.K_5,5,,normal,183786.3~A36.K_5L.png,183786.3~A36.K_5R.png,train,/data5/chensx/MyProject/UAE/data/arrangement_merged/chr_05/183786.3~A36.K_5L.png,/data5/chensx/MyProject/UAE/data/arrangement_merged/chr_05/183786.3~A36.K_5R.png,0,-0.2325342090550643,,0.0009711980819702,-0.9883978183291238,chromosome
0,0.0013115406036376,183786,183786.3~A37.K_5,5,,normal,183786.3~A37.K_5L.png,183786.3~A37.K_5R.png,train,/data5/chensx/MyProject/UAE/data/arrangement_merged/chr_05/183786.3~A37.K_5L.png,/data5/chensx/MyProject/UAE/data/arrangement_merged/chr_05/183786.3~A37.K_5R.png,0,-0.0550447914141197,,0.0013115406036376,0.294618162563643,chromosome
0,0.0010336637496948,183786,183786.3~A44.K_5,5,,normal,183786.3~A44.K_5L.png,183786.3~A44.K_5R.png,train,/data5/chensx/MyProject/UAE/data/arrangement_merged/chr_05/183786.3~A44.K_5L.png,/data5/chensx/MyProject/UAE/data/arrangement_merged/chr_05/183786.3~A44.K_5R.png,0,-0.1999582178663235,,0.0010336637496948,-0.7529160761267184,chromosome
0,0.0013611316680908,183786,183786.4~A49.K_5,5,,normal,183786.4~A49.K_5L.png,183786.4~A49.K_5R.png,train,/data5/chensx/MyProject/UAE/data/arrangement_merged/chr_05/183786.4~A49.K_5L.png,/data5/chensx/MyProject/UAE/data/arrangement_merged/chr_05/183786.4~A49.K_5R.png,0,-0.029182935813898,,0.0013611316680908,0.4815654998849476,chromosome
0,0.0013203620910644,183786,183786.5~A1.K_5,5,,normal,183786.5~A1.K_5L.png,183786.5~A1.K_5R.png,train,/data5/chensx/MyProject/UAE/data/arrangement_merged/chr_05/183786.5~A1.K_5L.png,/data5/chensx/MyProject/UAE/data/arrangement_merged/chr_05/183786.5~A1.K_5R.png,0,-0.0504443651775418,,0.0013203620910644,0.3278732177603303,chromosome
0,0.0011475086212158,183786,183786.5~A31.K_5,5,,normal,183786.5~A31.K_5L.png,183786.5~A31.K_5R.png,train,/data5/chensx/MyProject/UAE/data/arrangement_merged/chr_05/183786.5~A31.K_5L.png,/data5/chensx/MyProject/UAE/data/arrangement_merged/chr_05/183786.5~A31.K_5R.png,0,-0.1405878522456223,,0.0011475086212158,-0.32374610703637713,chromosome
0,0.0012190341949462,183786,183786.5~A33.K_5,5,,normal,183786.5~A33.K_5L.png,183786.5~A33.K_5R.png,train,/data5/chensx/MyProject/UAE/data/arrangement_merged/chr_05/183786.5~A33.K_5L.png,/data5/chensx/MyProject/UAE/data/arrangement_merged/chr_05/183786.5~A33.K_5R.png,0,-0.1032870989760718,,0.0012190341949462,-0.05411052436208556,chromosome
0,0.0012071132659912,183786,183786.5~A42.K_5,5,,normal,183786.5~A42.K_5L.png,183786.5~A42.K_5R.png,train,/data5/chensx/MyProject/UAE/data/arrangement_merged/chr_05/183786.5~A42.K_5L.png,/data5/chensx/MyProject/UAE/data/arrangement_merged/chr_05/183786.5~A42.K_5R.png,0,-0.1095038911876635,,0.0012071132659912,-0.09904978814088225,chromosome
0,0.0010255575180053,183786,183786.5~A44.K_5,5,,normal,183786.5~A44.K_5L.png,183786.5~A44.K_5R.png,train,/data5/chensx/MyProject/UAE/data/arrangement_merged/chr_05/183786.5~A44.K_5L.png,/data5/chensx/MyProject/UAE/data/arrangement_merged/chr_05/183786.5~A44.K_5R.png,0,-0.2041856365702059,,0.0010255575180053,-0.7834747754966773,chromosome
0,0.0011080503463745,183786,183786.5~A6.K_5,5,,normal,183786.5~A6.K_5L.png,183786.5~A6.K_5R.png,train,/data5/chensx/MyProject/UAE/data/arrangement_merged/chr_05/183786.5~A6.K_5L.png,/data5/chensx/MyProject/UAE/data/arrangement_merged/chr_05/183786.5~A6.K_5R.png,0,-0.161165434465991,,0.0011080503463745,-0.47249507014513825,chromosome
0,0.0012099146842956,183786,183786.5~A8.K_5,5,,normal,183786.5~A8.K_5L.png,183786.5~A8.K_5R.png,train,/data5/chensx/MyProject/UAE/data/arrangement_merged/chr_05/183786.5~A8.K_5L.png,/data5/chensx/MyProject/UAE/data/arrangement_merged/chr_05/183786.5~A8.K_5R.png,0,-0.1080429450179394,,0.0012099146842956,-0.08848906115295917,chromosome
0,0.0009042024612426,184752,184752.11~A43.K_5,5,,normal,184752.11~A43.K_5L.png,184752.11~A43.K_5R.png,train,/data5/chensx/MyProject/UAE/data/arrangement_merged/chr_05/184752.11~A43.K_5L.png,/data5/chensx/MyProject/UAE/data/arrangement_merged/chr_05/184752.11~A43.K_5R.png,0,-0.4345715128551858,,0.0009042024612426,-1.2409564807678493,chromosome
0,0.0016812086105346,184752,184752.13~A19.K_5,5,,normal,184752.13~A19.K_5L.png,184752.13~A19.K_5R.png,train,/data5/chensx/MyProject/UAE/data/arrangement_merged/chr_05/184752.13~A19.K_5L.png,/data5/chensx/MyProject/UAE/data/arrangement_merged/chr_05/184752.13~A19.K_5R.png,0,0.7980056930374423,,0.0016812086105346,1.688184732353383,chromosome
0,0.0010043382644653,184752,184752.13~A20.K_5,5,,normal,184752.13~A20.K_5L.png,184752.13~A20.K_5R.png,train,/data5/chensx/MyProject/UAE/data/arrangement_merged/chr_05/184752.13~A20.K_5L.png,/data5/chensx/MyProject/UAE/data/arrangement_merged/chr_05/184752.13~A20.K_5R.png,0,-0.2757244964468078,,0.0010043382644653,-0.8634666650233136,chromosome
0,0.0011628866195678,184752,184752.14~A10.K_5,5,,normal,184752.14~A10.K_5L.png,184752.14~A10.K_5R.png,train,/data5/chensx/MyProject/UAE/data/arrangement_merged/chr_05/184752.14~A10.K_5L.png,/data5/chensx/MyProject/UAE/data/arrangement_merged/chr_05/184752.14~A10.K_5R.png,0,-0.024216720466876,,0.0011628866195678,-0.26577445676154005,chromosome
0,0.0012583136558532,184752,184752.14~A14.K_5,5,,normal,184752.14~A14.K_5L.png,184752.14~A14.K_5R.png,train,/data5/chensx/MyProject/UAE/data/arrangement_merged/chr_05/184752.14~A14.K_5L.png,/data5/chensx/MyProject/UAE/data/arrangement_merged/chr_05/184752.14~A14.K_5R.png,0,0.1271607040984888,,0.0012583136558532,0.09396434979008808,chromosome
0,0.0009769201278686,184752,184752.14~A43.K_5,5,,normal,184752.14~A43.K_5L.png,184752.14~A43.K_5R.png,train,/data5/chensx/MyProject/UAE/data/arrangement_merged/chr_05/184752.14~A43.K_5L.png,/data5/chensx/MyProject/UAE/data/arrangement_merged/chr_05/184752.14~A43.K_5R.png,0,-0.3192183223681494,,0.0009769201278686,-0.9668269717153007,chromosome
0,0.001139760017395,184752,184752.2~A30.K_5,5,,normal,184752.2~A30.K_5L.png,184752.2~A30.K_5R.png,train,/data5/chensx/MyProject/UAE/data/arrangement_merged/chr_05/184752.2~A30.K_5L.png,/data5/chensx/MyProject/UAE/data/arrangement_merged/chr_05/184752.2~A30.K_5R.png,0,-0.0609028171135729,,0.001139760017395,-0.35295662849278353,chromosome
0,0.0010256171226501,184752,184752.2~A50.K_5,5,,normal,184752.2~A50.K_5L.png,184752.2~A50.K_5R.png,train,/data5/chensx/MyProject/UAE/data/arrangement_merged/chr_05/184752.2~A50.K_5L.png,/data5/chensx/MyProject/UAE/data/arrangement_merged/chr_05/184752.2~A50.K_5R.png,0,-0.2419695054600275,,0.0010256171226501,-0.7832500791776887,chromosome
0,0.001121163368225,184752,184752.3~A13.K_5,5,,normal,184752.3~A13.K_5L.png,184752.3~A13.K_5R.png,train,/data5/chensx/MyProject/UAE/data/arrangement_merged/chr_05/184752.3~A13.K_5L.png,/data5/chensx/MyProject/UAE/data/arrangement_merged/chr_05/184752.3~A13.K_5R.png,0,-0.0904029773037002,,0.001121163368225,-0.423061879988461,chromosome
0,0.0015013813972473,184752,184752.3~A16.K_5,5,,normal,184752.3~A16.K_5L.png,184752.3~A16.K_5R.png,train,/data5/chensx/MyProject/UAE/data/arrangement_merged/chr_05/184752.3~A16.K_5L.png,/data5/chensx/MyProject/UAE/data/arrangement_merged/chr_05/184752.3~A16.K_5R.png,0,0.5127429260707301,,0.0015013813972473,1.0102759382459845,chromosome
0,0.0013282895088195,184752,184752.4~A27.K_5,5,,normal,184752.4~A27.K_5L.png,184752.4~A27.K_5R.png,train,/data5/chensx/MyProject/UAE/data/arrangement_merged/chr_05/184752.4~A27.K_5L.png,/data5/chensx/MyProject/UAE/data/arrangement_merged/chr_05/184752.4~A27.K_5R.png,0,0.2381645119933911,,0.0013282895088195,0.35775782817332497,chromosome
0,0.0012145042419433,184793,184793.11~A18.K_5,5,,normal,184793.11~A18.K_5L.png,184793.11~A18.K_5R.png,train,/data5/chensx/MyProject/UAE/data/arrangement_merged/chr_05/184793.11~A18.K_5L.png,/data5/chensx/MyProject/UAE/data/arrangement_merged/chr_05/184793.11~A18.K_5R.png,0,-0.1416500589910915,,0.0012145042419433,-0.07118744459802845,chromosome
0,0.001548409461975,184793,184793.12~A12.K_5,5,,normal,184793.12~A12.K_5L.png,184793.12~A12.K_5R.png,train,/data5/chensx/MyProject/UAE/data/arrangement_merged/chr_05/184793.12~A12.K_5L.png,/data5/chensx/MyProject/UAE/data/arrangement_merged/chr_05/184793.12~A12.K_5R.png,0,0.2825497726242577,,0.001548409461975,1.1875613338541886,chromosome
0,0.0010837316513061,184793,184793.12~A27.K_5,5,,normal,184793.12~A27.K_5L.png,184793.12~A27.K_5R.png,train,/data5/chensx/MyProject/UAE/data/arrangement_merged/chr_05/184793.12~A27.K_5L.png,/data5/chensx/MyProject/UAE/data/arrangement_merged/chr_05/184793.12~A27.K_5R.png,0,-0.3077861586990666,,0.0010837316513061,-0.5641711682546383,chromosome
0,0.0010390281677246,184793,184793.12~A32.K_5,5,,normal,184793.12~A32.K_5L.png,184793.12~A32.K_5R.png,train,/data5/chensx/MyProject/UAE/data/arrangement_merged/chr_05/184793.12~A32.K_5L.png,/data5/chensx/MyProject/UAE/data/arrangement_merged/chr_05/184793.12~A32.K_5R.png,0,-0.3645783532209359,,0.0010390281677246,-0.7326934074260707,chromosome
0,0.0009219050407409,184793,184793.12~A38.K_5,5,,normal,184793.12~A38.K_5L.png,184793.12~A38.K_5R.png,train,/data5/chensx/MyProject/UAE/data/arrangement_merged/chr_05/184793.12~A38.K_5L.png,/data5/chensx/MyProject/UAE/data/arrangement_merged/chr_05/184793.12~A38.K_5R.png,0,-0.5133739028682336,,0.0009219050407409,-1.1742216740558642,chromosome
0,0.0014165639877319,184793,184793.12~A42.K_5,5,,normal,184793.12~A42.K_5L.png,184793.12~A42.K_5R.png,train,/data5/chensx/MyProject/UAE/data/arrangement_merged/chr_05/184793.12~A42.K_5L.png,/data5/chensx/MyProject/UAE/data/arrangement_merged/chr_05/184793.12~A42.K_5R.png,0,0.1150506602477578,,0.0014165639877319,0.6905330764576746,chromosome
0,0.0013719797134399,184793,184793.13~A10.K_5,5,,normal,184793.13~A10.K_5L.png,184793.13~A10.K_5R.png,train,/data5/chensx/MyProject/UAE/data/arrangement_merged/chr_05/184793.13~A10.K_5L.png,/data5/chensx/MyProject/UAE/data/arrangement_merged/chr_05/184793.13~A10.K_5R.png,0,0.0584099115779467,,0.0013719797134399,0.5224602299238419,chromosome
0,0.001213788986206,184793,184793.13~A16.K_5,5,,normal,184793.13~A16.K_5L.png,184793.13~A16.K_5R.png,train,/data5/chensx/MyProject/UAE/data/arrangement_merged/chr_05/184793.13~A16.K_5L.png,/data5/chensx/MyProject/UAE/data/arrangement_merged/chr_05/184793.13~A16.K_5R.png,0,-0.1425587341034414,,0.001213788986206,-0.07388380042475598,chromosome
0,0.0009155869483947,184793,184793.13~A43.K_5,5,,normal,184793.13~A43.K_5L.png,184793.13~A43.K_5R.png,train,/data5/chensx/MyProject/UAE/data/arrangement_merged/chr_05/184793.13~A43.K_5L.png,/data5/chensx/MyProject/UAE/data/arrangement_merged/chr_05/184793.13~A43.K_5R.png,0,-0.5214005330273245,,0.0009155869483947,-1.198039483858815,chromosome
0,0.001245379447937,184793,184793.14~A14.K_5,5,,normal,184793.14~A14.K_5L.png,184793.14~A14.K_5R.png,train,/data5/chensx/MyProject/UAE/data/arrangement_merged/chr_05/184793.14~A14.K_5L.png,/data5/chensx/MyProject/UAE/data/arrangement_merged/chr_05/184793.14~A14.K_5R.png,0,-0.1024255833079871,,0.001245379447937,0.04520524858999911,chromosome
0,0.0012675523757934,184793,184793.14~A26.K_5,5,,normal,184793.14~A26.K_5L.png,184793.14~A26.K_5R.png,train,/data5/chensx/MyProject/UAE/data/arrangement_merged/chr_05/184793.14~A26.K_5L.png,/data5/chensx/MyProject/UAE/data/arrangement_merged/chr_05/184793.14~A26.K_5R.png,0,-0.0742566548251399,,0.0012675523757934,0.128792279218939,chromosome
0,0.0013304948806762,184793,184793.14~A27.K_5,5,,normal,184793.14~A27.K_5L.png,184793.14~A27.K_5R.png,train,/data5/chensx/MyProject/UAE/data/arrangement_merged/chr_05/184793.14~A27.K_5L.png,/data5/chensx/MyProject/UAE/data/arrangement_merged/chr_05/184793.14~A27.K_5R.png,0,0.005706755061652,,0.0013304948806762,0.36607159197249617,chromosome
0,0.0012392401695251,184793,184793.14~A3.K_5,5,,normal,184793.14~A3.K_5L.png,184793.14~A3.K_5R.png,train,/data5/chensx/MyProject/UAE/data/arrangement_merged/chr_05/184793.14~A3.K_5L.png,/data5/chensx/MyProject/UAE/data/arrangement_merged/chr_05/184793.14~A3.K_5R.png,0,-0.1102250446889905,,0.0012392401695251,0.022061527743636046,chromosome
0,0.0012894868850708,184793,184793.14~A30.K_5,5,,normal,184793.14~A30.K_5L.png,184793.14~A30.K_5R.png,train,/data5/chensx/MyProject/UAE/data/arrangement_merged/chr_05/184793.14~A30.K_5L.png,/data5/chensx/MyProject/UAE/data/arrangement_merged/chr_05/184793.14~A30.K_5R.png,0,-0.0463906180464094,,0.0012894868850708,0.21148052457267957,chromosome
0,0.0013175010681152,184793,184793.14~A32.K_5,5,,normal,184793.14~A32.K_5L.png,184793.14~A32.K_5R.png,train,/data5/chensx/MyProject/UAE/data/arrangement_merged/chr_05/184793.14~A32.K_5L.png,/data5/chensx/MyProject/UAE/data/arrangement_merged/chr_05/184793.14~A32.K_5R.png,0,-0.0108008428127046,,0.0013175010681152,0.31708779445341856,chromosome
0,0.0010548830032348,184793,184793.14~A33.K_5,5,,normal,184793.14~A33.K_5L.png,184793.14~A33.K_5R.png,train,/data5/chensx/MyProject/UAE/data/arrangement_merged/chr_05/184793.14~A33.K_5L.png,/data5/chensx/MyProject/UAE/data/arrangement_merged/chr_05/184793.14~A33.K_5R.png,0,-0.3444360548971796,,0.0010548830032348,-0.6729241866000821,chromosome
0,0.001114547252655,184793,184793.14~A4.K_5,5,,normal,184793.14~A4.K_5L.png,184793.14~A4.K_5R.png,train,/data5/chensx/MyProject/UAE/data/arrangement_merged/chr_05/184793.14~A4.K_5L.png,/data5/chensx/MyProject/UAE/data/arrangement_merged/chr_05/184793.14~A4.K_5R.png,0,-0.2686374059419913,,0.001114547252655,-0.4480031713855994,chromosome
0,0.0012834072113037,184793,184793.14~A9.K_5,5,,normal,184793.14~A9.K_5L.png,184793.14~A9.K_5R.png,train,/data5/chensx/MyProject/UAE/data/arrangement_merged/chr_05/184793.14~A9.K_5L.png,/data5/chensx/MyProject/UAE/data/arrangement_merged/chr_05/184793.14~A9.K_5R.png,0,-0.0541143565013836,,0.0012834072113037,0.18856150004530517,chromosome
0,0.0013438463211059,184793,184793.1~A26.K_5,5,,normal,184793.1~A26.K_5L.png,184793.1~A26.K_5R.png,train,/data5/chensx/MyProject/UAE/data/arrangement_merged/chr_05/184793.1~A26.K_5L.png,/data5/chensx/MyProject/UAE/data/arrangement_merged/chr_05/184793.1~A26.K_5R.png,0,0.0226686904921836,,0.0013438463211059,0.4164035674051264,chromosome
0,0.0016629099845886,184793,184793.2~A4.K_5,5,,normal,184793.2~A4.K_5L.png,184793.2~A4.K_5R.png,train,/data5/chensx/MyProject/UAE/data/arrangement_merged/chr_05/184793.2~A4.K_5L.png,/data5/chensx/MyProject/UAE/data/arrangement_merged/chr_05/184793.2~A4.K_5R.png,0,0.4280135135262723,,0.0016629099845886,1.6192029624526463,chromosome
0,0.001265525817871,184793,184793.3~A8.K_5,5,,normal,184793.3~A8.K_5L.png,184793.3~A8.K_5R.png,train,/data5/chensx/MyProject/UAE/data/arrangement_merged/chr_05/184793.3~A8.K_5L.png,/data5/chensx/MyProject/UAE/data/arrangement_merged/chr_05/184793.3~A8.K_5R.png,0,-0.0768312343101313,,0.001265525817871,0.12115260437635524,chromosome
0,0.0010257959365844,185290,185290.11~A25.K_5,5,,normal,185290.11~A25.K_5L.png,185290.11~A25.K_5R.png,train,/data5/chensx/MyProject/UAE/data/arrangement_merged/chr_05/185290.11~A25.K_5L.png,/data5/chensx/MyProject/UAE/data/arrangement_merged/chr_05/185290.11~A25.K_5R.png,0,-0.3680555852843252,,0.0010257959365844,-0.7825759902211012,chromosome
0,0.0011675953865051,185290,185290.11~A27.K_5,5,,normal,185290.11~A27.K_5L.png,185290.11~A27.K_5R.png,train,/data5/chensx/MyProject/UAE/data/arrangement_merged/chr_05/185290.11~A27.K_5L.png,/data5/chensx/MyProject/UAE/data/arrangement_merged/chr_05/185290.11~A27.K_5R.png,0,-0.1787370576384288,,0.0011675953865051,-0.248023447568632,chromosome
0,0.0017827749252319,185290,185290.11~A38.K_5,5,,normal,185290.11~A38.K_5L.png,185290.11~A38.K_5R.png,train,/data5/chensx/MyProject/UAE/data/arrangement_merged/chr_05/185290.11~A38.K_5L.png,/data5/chensx/MyProject/UAE/data/arrangement_merged/chr_05/185290.11~A38.K_5R.png,0,0.6425981772641759,,0.0017827749252319,2.0710672597513744,chromosome
0,0.0011695623397827,185290,185290.12~A12.K_5,5,,normal,185290.12~A12.K_5L.png,185290.12~A12.K_5R.png,train,/data5/chensx/MyProject/UAE/data/arrangement_merged/chr_05/185290.12~A12.K_5L.png,/data5/chensx/MyProject/UAE/data/arrangement_merged/chr_05/185290.12~A12.K_5R.png,0,-0.1761109494365311,,0.0011695623397827,-0.24060846904503608,chromosome
0,0.0009971857070922,185290,185290.12~A33.K_5,5,,normal,185290.12~A33.K_5L.png,185290.12~A33.K_5R.png,train,/data5/chensx/MyProject/UAE/data/arrangement_merged/chr_05/185290.12~A33.K_5L.png,/data5/chensx/MyProject/UAE/data/arrangement_merged/chr_05/185290.12~A33.K_5R.png,0,-0.4062535227664732,,0.0009971857070922,-0.890430223290969,chromosome
0,0.0010676383972167,185290,185290.12~A35.K_5,5,,normal,185290.12~A35.K_5L.png,185290.12~A35.K_5R.png,train,/data5/chensx/MyProject/UAE/data/arrangement_merged/chr_05/185290.12~A35.K_5L.png,/data5/chensx/MyProject/UAE/data/arrangement_merged/chr_05/185290.12~A35.K_5R.png,0,-0.3121911017166836,,0.0010676383972167,-0.6248391743565807,chromosome
0,0.0011731386184692,185290,185290.12~A49.K_5,5,,normal,185290.12~A49.K_5L.png,185290.12~A49.K_5R.png,train,/data5/chensx/MyProject/UAE/data/arrangement_merged/chr_05/185290.12~A49.K_5L.png,/data5/chensx/MyProject/UAE/data/arrangement_merged/chr_05/185290.12~A49.K_5R.png,0,-0.1713362072512626,,0.0011731386184692,-0.22712668991139764,chromosome
0,0.0011265277862548,185290,185290.12~A5.K_5,5,,normal,185290.12~A5.K_5L.png,185290.12~A5.K_5R.png,train,/data5/chensx/MyProject/UAE/data/arrangement_merged/chr_05/185290.12~A5.K_5L.png,/data5/chensx/MyProject/UAE/data/arrangement_merged/chr_05/185290.12~A5.K_5R.png,0,-0.2335670137325955,,0.0011265277862548,-0.4028392112878141,chromosome
0,0.0010868310928344,185290,185290.12~A50.K_5,5,,normal,185290.12~A50.K_5L.png,185290.12~A50.K_5R.png,train,/data5/chensx/MyProject/UAE/data/arrangement_merged/chr_05/185290.12~A50.K_5L.png,/data5/chensx/MyProject/UAE/data/arrangement_merged/chr_05/185290.12~A50.K_5R.png,0,-0.2865666519890759,,0.0010868310928344,-0.5524869596721513,chromosome
0,0.0010222792625427,185290,185290.12~A7.K_5,5,,normal,185290.12~A7.K_5L.png,185290.12~A7.K_5R.png,train,/data5/chensx/MyProject/UAE/data/arrangement_merged/chr_05/185290.12~A7.K_5L.png,/data5/chensx/MyProject/UAE/data/arrangement_merged/chr_05/185290.12~A7.K_5R.png,0,-0.3727507484331725,,0.0010222792625427,-0.7958330730357519,chromosome
0,0.0014218688011169,185290,185290.12~A8.K_5,5,,normal,185290.12~A8.K_5L.png,185290.12~A8.K_5R.png,train,/data5/chensx/MyProject/UAE/data/arrangement_merged/chr_05/185290.12~A8.K_5L.png,/data5/chensx/MyProject/UAE/data/arrangement_merged/chr_05/185290.12~A8.K_5R.png,0,0.1607471117341621,,0.0014218688011169,0.7105310488393336,chromosome
0,0.0010524988174438,185290,185290.13~A13.K_5,5,,normal,185290.13~A13.K_5L.png,185290.13~A13.K_5R.png,train,/data5/chensx/MyProject/UAE/data/arrangement_merged/chr_05/185290.13~A13.K_5L.png,/data5/chensx/MyProject/UAE/data/arrangement_merged/chr_05/185290.13~A13.K_5R.png,0,-0.3324041769676536,,0.0010524988174438,-0.6819120393558417,chromosome
0,0.0008431673049926,185290,185290.13~A26.K_5,5,,normal,185290.13~A26.K_5L.png,185290.13~A26.K_5R.png,train,/data5/chensx/MyProject/UAE/data/arrangement_merged/chr_05/185290.13~A26.K_5L.png,/data5/chensx/MyProject/UAE/data/arrangement_merged/chr_05/185290.13~A26.K_5R.png,0,-0.6118857528787037,,0.0008431673049926,-1.4710455113167993,chromosome
0,0.0011447668075561,185290,185290.13~A28.K_5,5,,normal,185290.13~A28.K_5L.png,185290.13~A28.K_5R.png,train,/data5/chensx/MyProject/UAE/data/arrangement_merged/chr_05/185290.13~A28.K_5L.png,/data5/chensx/MyProject/UAE/data/arrangement_merged/chr_05/185290.13~A28.K_5R.png,0,-0.2092158285877261,,0.0011447668075561,-0.3340821377056884,chromosome
0,0.0010631084442138,185290,185290.13~A30.K_5,5,,normal,185290.13~A30.K_5L.png,185290.13~A30.K_5R.png,train,/data5/chensx/MyProject/UAE/data/arrangement_merged/chr_05/185290.13~A30.K_5L.png,/data5/chensx/MyProject/UAE/data/arrangement_merged/chr_05/185290.13~A30.K_5R.png,0,-0.3182391084846904,,0.0010631084442138,-0.6419160945925235,chromosome
0,0.0012179613113403,185290,185290.13~A35.K_5,5,,normal,185290.13~A35.K_5L.png,185290.13~A35.K_5R.png,train,/data5/chensx/MyProject/UAE/data/arrangement_merged/chr_05/185290.13~A35.K_5L.png,/data5/chensx/MyProject/UAE/data/arrangement_merged/chr_05/185290.13~A35.K_5R.png,0,-0.1114927718625639,,0.0012179613113403,-0.05815505810198884,chromosome
0,0.0010170936584472,185290,185290.13~A36.K_5,5,,normal,185290.13~A36.K_5L.png,185290.13~A36.K_5R.png,train,/data5/chensx/MyProject/UAE/data/arrangement_merged/chr_05/185290.13~A36.K_5L.png,/data5/chensx/MyProject/UAE/data/arrangement_merged/chr_05/185290.13~A36.K_5R.png,0,-0.3796741246018119,,0.0010170936584472,-0.8153816527798121,chromosome
0,0.001909852027893,185290,185290.13~A46.K_5,5,,normal,185290.13~A46.K_5L.png,185290.13~A46.K_5R.png,train,/data5/chensx/MyProject/UAE/data/arrangement_merged/chr_05/185290.13~A46.K_5L.png,/data5/chensx/MyProject/UAE/data/arrangement_merged/chr_05/185290.13~A46.K_5R.png,0,0.8122606829140502,,0.001909852027893,2.5501198116363692,chromosome
0,0.0010616779327392,185290,185290.13~A6.K_5,5,,normal,185290.13~A6.K_5L.png,185290.13~A6.K_5R.png,train,/data5/chensx/MyProject/UAE/data/arrangement_merged/chr_05/185290.13~A6.K_5L.png,/data5/chensx/MyProject/UAE/data/arrangement_merged/chr_05/185290.13~A6.K_5R.png,0,-0.3201490053587978,,0.0010616779327392,-0.6473088062459794,chromosome
0,0.0012387633323669,185290,185290.13~A7.K_5,5,,normal,185290.13~A7.K_5L.png,185290.13~A7.K_5R.png,train,/data5/chensx/MyProject/UAE/data/arrangement_merged/chr_05/185290.13~A7.K_5L.png,/data5/chensx/MyProject/UAE/data/arrangement_merged/chr_05/185290.13~A7.K_5R.png,0,-0.0837196881515854,,0.0012387633323669,0.02026395719248382,chromosome
0,0.0013266801834106,185290,185290.14~A27.K_5,5,,normal,185290.14~A27.K_5L.png,185290.14~A27.K_5R.png,train,/data5/chensx/MyProject/UAE/data/arrangement_merged/chr_05/185290.14~A27.K_5L.png,/data5/chensx/MyProject/UAE/data/arrangement_merged/chr_05/185290.14~A27.K_5R.png,0,0.0336593905695987,,0.0013266801834106,0.35169102756328163,chromosome
0,0.0011520385742187,185290,185290.14~A31.K_5,5,,normal,185290.14~A31.K_5L.png,185290.14~A31.K_5R.png,train,/data5/chensx/MyProject/UAE/data/arrangement_merged/chr_05/185290.14~A31.K_5L.png,/data5/chensx/MyProject/UAE/data/arrangement_merged/chr_05/185290.14~A31.K_5R.png,0,-0.1995071861443468,,0.0011520385742187,-0.30666918680043426,chromosome
0,0.0012747049331665,185290,185290.14~A44.K_5,5,,normal,185290.14~A44.K_5L.png,185290.14~A44.K_5R.png,train,/data5/chensx/MyProject/UAE/data/arrangement_merged/chr_05/185290.14~A44.K_5L.png,/data5/chensx/MyProject/UAE/data/arrangement_merged/chr_05/185290.14~A44.K_5R.png,0,-0.0357335291896369,,0.0012747049331665,0.15575583748659433,chromosome
0,0.0010963678359985,185290,185290.14~A47.K_5,5,,normal,185290.14~A47.K_5L.png,185290.14~A47.K_5R.png,train,/data5/chensx/MyProject/UAE/data/arrangement_merged/chr_05/185290.14~A47.K_5L.png,/data5/chensx/MyProject/UAE/data/arrangement_merged/chr_05/185290.14~A47.K_5R.png,0,-0.2738340061616933,,0.0010963678359985,-0.5165355486487365,chromosome
0,0.0015289187431335,185290,185290.1~A31.K_5,5,,normal,185290.1~A31.K_5L.png,185290.1~A31.K_5R.png,train,/data5/chensx/MyProject/UAE/data/arrangement_merged/chr_05/185290.1~A31.K_5L.png,/data5/chensx/MyProject/UAE/data/arrangement_merged/chr_05/185290.1~A31.K_5R.png,0,0.3036710611465328,,0.0015289187431335,1.114085637575572,chromosome
0,0.0011565685272216,185290,185290.1~A32.K_5,5,,normal,185290.1~A32.K_5L.png,185290.1~A32.K_5R.png,train,/data5/chensx/MyProject/UAE/data/arrangement_merged/chr_05/185290.1~A32.K_5L.png,/data5/chensx/MyProject/UAE/data/arrangement_merged/chr_05/185290.1~A32.K_5R.png,0,-0.19345917937634,,0.0011565685272216,-0.28959226656449055,chromosome
0,0.0010499954223632,185290,185290.1~A35.K_5,5,,normal,185290.1~A35.K_5L.png,185290.1~A35.K_5R.png,train,/data5/chensx/MyProject/UAE/data/arrangement_merged/chr_05/185290.1~A35.K_5L.png,/data5/chensx/MyProject/UAE/data/arrangement_merged/chr_05/185290.1~A35.K_5R.png,0,-0.3357464964973416,,0.0010499954223632,-0.6913492847495777,chromosome
0,0.001230776309967,185290,185290.2~A19.K_5,5,,normal,185290.2~A19.K_5L.png,185290.2~A19.K_5R.png,train,/data5/chensx/MyProject/UAE/data/arrangement_merged/chr_05/185290.2~A19.K_5L.png,/data5/chensx/MyProject/UAE/data/arrangement_merged/chr_05/185290.2~A19.K_5R.png,0,-0.0943832790320184,,0.001230776309967,-0.009845349539498683,chromosome
0,0.0012229681015014,185290,185290.3~A26.K_5,5,,normal,185290.3~A26.K_5L.png,185290.3~A26.K_5R.png,train,/data5/chensx/MyProject/UAE/data/arrangement_merged/chr_05/185290.3~A26.K_5L.png,/data5/chensx/MyProject/UAE/data/arrangement_merged/chr_05/185290.3~A26.K_5R.png,0,-0.104808132803188,,0.0012229681015014,-0.03928056731489372,chromosome
0,0.0008865594863891,185290,185290.3~A32.K_5,5,,normal,185290.3~A32.K_5L.png,185290.3~A32.K_5R.png,train,/data5/chensx/MyProject/UAE/data/arrangement_merged/chr_05/185290.3~A32.K_5L.png,/data5/chensx/MyProject/UAE/data/arrangement_merged/chr_05/185290.3~A32.K_5R.png,0,-0.5539522143641125,,0.0008865594863891,-1.3074665911608463,chromosome
0,0.0008923411369323,185290,185290.4~A11.K_5,5,,normal,185290.4~A11.K_5L.png,185290.4~A11.K_5R.png,train,/data5/chensx/MyProject/UAE/data/arrangement_merged/chr_05/185290.4~A11.K_5L.png,/data5/chensx/MyProject/UAE/data/arrangement_merged/chr_05/185290.4~A11.K_5R.png,0,-0.5462330478312617,,0.0008923411369323,-1.2856710482280354,chromosome
0,0.001659333705902,185290,185290.4~A15.K_5,5,,normal,185290.4~A15.K_5L.png,185290.4~A15.K_5R.png,train,/data5/chensx/MyProject/UAE/data/arrangement_merged/chr_05/185290.4~A15.K_5L.png,/data5/chensx/MyProject/UAE/data/arrangement_merged/chr_05/185290.4~A15.K_5R.png,0,0.4777899928359911,,0.001659333705902,1.6057211833186302,chromosome
0,0.0013689994812011,185290,185290.4~A18.K_5,5,,normal,185290.4~A18.K_5L.png,185290.4~A18.K_5R.png,train,/data5/chensx/MyProject/UAE/data/arrangement_merged/chr_05/185290.4~A18.K_5L.png,/data5/chensx/MyProject/UAE/data/arrangement_merged/chr_05/185290.4~A18.K_5R.png,0,0.0901605064286093,,0.0013689994812011,0.5112254139789545,chromosome
0,0.0014204978942871,185290,185290.4~A28.K_5,5,,normal,185290.4~A28.K_5L.png,185290.4~A28.K_5R.png,train,/data5/chensx/MyProject/UAE/data/arrangement_merged/chr_05/185290.4~A28.K_5L.png,/data5/chensx/MyProject/UAE/data/arrangement_merged/chr_05/185290.4~A28.K_5R.png,0,0.1589167938964759,,0.0014204978942871,0.7053630335048664,chromosome
0,0.0014612674713134,185290,185290.4~A29.K_5,5,,normal,185290.4~A29.K_5L.png,185290.4~A29.K_5R.png,train,/data5/chensx/MyProject/UAE/data/arrangement_merged/chr_05/185290.4~A29.K_5L.png,/data5/chensx/MyProject/UAE/data/arrangement_merged/chr_05/185290.4~A29.K_5R.png,0,0.2133488548085369,,0.0014612674713134,0.8590553156291069,chromosome
0,0.0011603236198425,185290,185290.4~A37.K_5,5,,normal,185290.4~A37.K_5L.png,185290.4~A37.K_5R.png,train,/data5/chensx/MyProject/UAE/data/arrangement_merged/chr_05/185290.4~A37.K_5L.png,/data5/chensx/MyProject/UAE/data/arrangement_merged/chr_05/185290.4~A37.K_5R.png,0,-0.1884457000818081,,0.0011603236198425,-0.275436398473887,chromosome
0,0.0010319948196411,185290,185290.4~A9.K_5,5,,normal,185290.4~A9.K_5L.png,185290.4~A9.K_5R.png,train,/data5/chensx/MyProject/UAE/data/arrangement_merged/chr_05/185290.4~A9.K_5L.png,/data5/chensx/MyProject/UAE/data/arrangement_merged/chr_05/185290.4~A9.K_5R.png,0,-0.3597793654965264,,0.0010319948196411,-0.7592075730557496,chromosome
0,0.0016487836837768,185824,185824.11~A10.K_5,5,,normal,185824.11~A10.K_5L.png,185824.11~A10.K_5R.png,train,/data5/chensx/MyProject/UAE/data/arrangement_merged/chr_05/185824.11~A10.K_5L.png,/data5/chensx/MyProject/UAE/data/arrangement_merged/chr_05/185824.11~A10.K_5R.png,0,0.4801269731193882,,0.0016487836837768,1.5659499348743,chromosome
0,0.0010843276977539,185824,185824.11~A15.K_5,5,,normal,185824.11~A15.K_5L.png,185824.11~A15.K_5R.png,train,/data5/chensx/MyProject/UAE/data/arrangement_merged/chr_05/185824.11~A15.K_5L.png,/data5/chensx/MyProject/UAE/data/arrangement_merged/chr_05/185824.11~A15.K_5R.png,0,-0.255451779770967,,0.0010843276977539,-0.5619242050655104,chromosome
0,0.0012637376785278,185824,185824.11~A31.K_5,5,,normal,185824.11~A31.K_5L.png,185824.11~A31.K_5R.png,train,/data5/chensx/MyProject/UAE/data/arrangement_merged/chr_05/185824.11~A31.K_5L.png,/data5/chensx/MyProject/UAE/data/arrangement_merged/chr_05/185824.11~A31.K_5R.png,0,-0.0216511413126809,,0.0012637376785278,0.11441171480972362,chromosome
0,0.0012827515602111,185824,185824.12~A12.K_5,5,,normal,185824.12~A12.K_5L.png,185824.12~A12.K_5R.png,train,/data5/chensx/MyProject/UAE/data/arrangement_merged/chr_05/185824.12~A12.K_5L.png,/data5/chensx/MyProject/UAE/data/arrangement_merged/chr_05/185824.12~A12.K_5R.png,0,0.0031270658860543,,0.0012827515602111,0.18608984053718783,chromosome
0,0.0010276436805725,185824,185824.12~A28.K_5,5,,normal,185824.12~A28.K_5L.png,185824.12~A28.K_5R.png,train,/data5/chensx/MyProject/UAE/data/arrangement_merged/chr_05/185824.12~A28.K_5L.png,/data5/chensx/MyProject/UAE/data/arrangement_merged/chr_05/185824.12~A28.K_5R.png,0,-0.3293203535828707,,0.0010276436805725,-0.775610404335105,chromosome
0,0.0010668039321899,185824,185824.12~A31.K_5,5,,normal,185824.12~A31.K_5L.png,185824.12~A31.K_5R.png,train,/data5/chensx/MyProject/UAE/data/arrangement_merged/chr_05/185824.12~A31.K_5L.png,/data5/chensx/MyProject/UAE/data/arrangement_merged/chr_05/185824.12~A31.K_5R.png,0,-0.2782881212017764,,0.0010668039321899,-0.6279849228209078,chromosome
0,0.0013325214385986,185824,185824.12~A38.K_5,5,,normal,185824.12~A38.K_5L.png,185824.12~A38.K_5R.png,train,/data5/chensx/MyProject/UAE/data/arrangement_merged/chr_05/185824.12~A38.K_5L.png,/data5/chensx/MyProject/UAE/data/arrangement_merged/chr_05/185824.12~A38.K_5R.png,0,0.0679853825347815,,0.0013325214385986,0.37371126681508077,chromosome
0,0.0010204911231994,185824,185824.12~A48.K_5,5,,normal,185824.12~A48.K_5L.png,185824.12~A48.K_5R.png,train,/data5/chensx/MyProject/UAE/data/arrangement_merged/chr_05/185824.12~A48.K_5L.png,/data5/chensx/MyProject/UAE/data/arrangement_merged/chr_05/185824.12~A48.K_5R.png,0,-0.3386413092689153,,0.0010204911231994,-0.8025739626027604,chromosome
0,0.0009302496910095,185824,185824.12~A7.K_5,5,,normal,185824.12~A7.K_5L.png,185824.12~A7.K_5R.png,train,/data5/chensx/MyProject/UAE/data/arrangement_merged/chr_05/185824.12~A7.K_5L.png,/data5/chensx/MyProject/UAE/data/arrangement_merged/chr_05/185824.12~A7.K_5R.png,0,-0.4562407001745117,,0.0009302496910095,-1.142764189410329,chromosome
0,0.0014126300811767,185824,185824.13~A1.K_5,5,,normal,185824.13~A1.K_5L.png,185824.13~A1.K_5R.png,train,/data5/chensx/MyProject/UAE/data/arrangement_merged/chr_05/185824.13~A1.K_5L.png,/data5/chensx/MyProject/UAE/data/arrangement_merged/chr_05/185824.13~A1.K_5R.png,0,0.1723800862184814,,0.0014126300811767,0.6757031194104828,chromosome
0,0.0010885000228881,185824,185824.13~A14.K_5,5,,normal,185824.13~A14.K_5L.png,185824.13~A14.K_5R.png,train,/data5/chensx/MyProject/UAE/data/arrangement_merged/chr_05/185824.13~A14.K_5L.png,/data5/chensx/MyProject/UAE/data/arrangement_merged/chr_05/185824.13~A14.K_5R.png,0,-0.2500145556207743,,0.0010885000228881,-0.5461954627431201,chromosome
0,0.0011020898818969,185824,185824.13~A5.K_5,5,,normal,185824.13~A5.K_5L.png,185824.13~A5.K_5R.png,train,/data5/chensx/MyProject/UAE/data/arrangement_merged/chr_05/185824.13~A5.K_5L.png,/data5/chensx/MyProject/UAE/data/arrangement_merged/chr_05/185824.13~A5.K_5R.png,0,-0.2323047398172895,,0.0011020898818969,-0.49496470203491383,chromosome
0,0.0011598467826843,185824,185824.1~A10.K_5,5,,normal,185824.1~A10.K_5L.png,185824.1~A10.K_5R.png,train,/data5/chensx/MyProject/UAE/data/arrangement_merged/chr_05/185824.1~A10.K_5L.png,/data5/chensx/MyProject/UAE/data/arrangement_merged/chr_05/185824.1~A10.K_5R.png,0,-0.1570380226524791,,0.0011598467826843,-0.2772339690250392,chromosome
0,0.0009354352951049,185824,185824.1~A11.K_5,5,,normal,185824.1~A11.K_5L.png,185824.1~A11.K_5R.png,train,/data5/chensx/MyProject/UAE/data/arrangement_merged/chr_05/185824.1~A11.K_5L.png,/data5/chensx/MyProject/UAE/data/arrangement_merged/chr_05/185824.1~A11.K_5R.png,0,-0.4494830073021293,,0.0009354352951049,-1.1232156096666464,chromosome
0,0.0011104345321655,185824,185824.1~A18.K_5,5,,normal,185824.1~A18.K_5L.png,185824.1~A18.K_5R.png,train,/data5/chensx/MyProject/UAE/data/arrangement_merged/chr_05/185824.1~A18.K_5L.png,/data5/chensx/MyProject/UAE/data/arrangement_merged/chr_05/185824.1~A18.K_5R.png,0,-0.2214302915169041,,0.0011104345321655,-0.4635072173893787,chromosome
0,0.0011044740676879,185824,185824.1~A39.K_5,5,,normal,185824.1~A39.K_5L.png,185824.1~A39.K_5R.png,train,/data5/chensx/MyProject/UAE/data/arrangement_merged/chr_05/185824.1~A39.K_5L.png,/data5/chensx/MyProject/UAE/data/arrangement_merged/chr_05/185824.1~A39.K_5R.png,0,-0.229197754588608,,0.0011044740676879,-0.48597684927915435,chromosome
0,0.0013604760169982,185824,185824.2~A10.K_5,5,,normal,185824.2~A10.K_5L.png,185824.2~A10.K_5R.png,train,/data5/chensx/MyProject/UAE/data/arrangement_merged/chr_05/185824.2~A10.K_5L.png,/data5/chensx/MyProject/UAE/data/arrangement_merged/chr_05/185824.2~A10.K_5R.png,0,0.1044147843410726,,0.0013604760169982,0.4790938403768311,chromosome
0,0.0010451078414916,185824,185824.2~A11.K_5,5,,normal,185824.2~A11.K_5L.png,185824.2~A11.K_5R.png,train,/data5/chensx/MyProject/UAE/data/arrangement_merged/chr_05/185824.2~A11.K_5L.png,/data5/chensx/MyProject/UAE/data/arrangement_merged/chr_05/185824.2~A11.K_5R.png,0,-0.3065616867827784,,0.0010451078414916,-0.7097743828990731,chromosome
0,0.0009354948997497,185824,185824.2~A14.K_5,5,,normal,185824.2~A14.K_5L.png,185824.2~A14.K_5R.png,train,/data5/chensx/MyProject/UAE/data/arrangement_merged/chr_05/185824.2~A14.K_5L.png,/data5/chensx/MyProject/UAE/data/arrangement_merged/chr_05/185824.2~A14.K_5R.png,0,-0.4494053326714123,,0.0009354948997497,-1.122990913347658,chromosome
0,0.0013635754585266,185824,185824.2~A17.K_5,5,,normal,185824.2~A17.K_5L.png,185824.2~A17.K_5R.png,train,/data5/chensx/MyProject/UAE/data/arrangement_merged/chr_05/185824.2~A17.K_5L.png,/data5/chensx/MyProject/UAE/data/arrangement_merged/chr_05/185824.2~A17.K_5R.png,0,0.1084538651383586,,0.0013635754585266,0.4907780489596958,chromosome
0,0.0014178156852722,185824,185824.2~A2.K_5,5,,normal,185824.2~A2.K_5L.png,185824.2~A2.K_5R.png,train,/data5/chensx/MyProject/UAE/data/arrangement_merged/chr_05/185824.2~A2.K_5L.png,/data5/chensx/MyProject/UAE/data/arrangement_merged/chr_05/185824.2~A2.K_5R.png,0,0.1791377790908637,,0.0014178156852722,0.695251699154543,chromosome
0,0.0011054873466491,185824,185824.2~A25.K_5,5,,normal,185824.2~A25.K_5L.png,185824.2~A25.K_5R.png,train,/data5/chensx/MyProject/UAE/data/arrangement_merged/chr_05/185824.2~A25.K_5L.png,/data5/chensx/MyProject/UAE/data/arrangement_merged/chr_05/185824.2~A25.K_5R.png,0,-0.2278772858664183,,0.0011054873466491,-0.4821570118578621,chromosome
0,0.0012344121932983,185824,185824.2~A27.K_5,5,,normal,185824.2~A27.K_5L.png,185824.2~A27.K_5R.png,train,/data5/chensx/MyProject/UAE/data/arrangement_merged/chr_05/185824.2~A27.K_5L.png,/data5/chensx/MyProject/UAE/data/arrangement_merged/chr_05/185824.2~A27.K_5R.png,0,-0.0598670596254639,,0.0012344121932983,0.0038611259131283975,chromosome
0,0.0018267631530761,185824,185824.2~A7.K_5,5,,normal,185824.2~A7.K_5L.png,185824.2~A7.K_5R.png,train,/data5/chensx/MyProject/UAE/data/arrangement_merged/chr_05/185824.2~A7.K_5L.png,/data5/chensx/MyProject/UAE/data/arrangement_merged/chr_05/185824.2~A7.K_5R.png,0,0.7120634204404653,,0.0018267631530761,2.236893143096079,chromosome
0,0.0013617873191833,185824,185824.2~A8.K_5,5,,normal,185824.2~A8.K_5L.png,185824.2~A8.K_5R.png,train,/data5/chensx/MyProject/UAE/data/arrangement_merged/chr_05/185824.2~A8.K_5L.png,/data5/chensx/MyProject/UAE/data/arrangement_merged/chr_05/185824.2~A8.K_5R.png,0,0.1061236262168475,,0.0013617873191833,0.4840371593926873,chromosome
0,0.0013025999069213,185824,185824.2~A9.K_5,5,,normal,185824.2~A9.K_5L.png,185824.2~A9.K_5R.png,train,/data5/chensx/MyProject/UAE/data/arrangement_merged/chr_05/185824.2~A9.K_5L.png,/data5/chensx/MyProject/UAE/data/arrangement_merged/chr_05/185824.2~A9.K_5R.png,0,0.0289927179148282,,0.0013025999069213,0.2609137147293568,chromosome
0,0.001051127910614,185824,185824.3~A18.K_5,5,,normal,185824.3~A18.K_5L.png,185824.3~A18.K_5R.png,train,/data5/chensx/MyProject/UAE/data/arrangement_merged/chr_05/185824.3~A18.K_5L.png,/data5/chensx/MyProject/UAE/data/arrangement_merged/chr_05/185824.3~A18.K_5R.png,0,-0.2987165490803575,,0.001051127910614,-0.6870800546903089,chromosome
0,0.0012648105621337,185824,185824.3~A2.K_5,5,,normal,185824.3~A2.K_5L.png,185824.3~A2.K_5R.png,train,/data5/chensx/MyProject/UAE/data/arrangement_merged/chr_05/185824.3~A2.K_5L.png,/data5/chensx/MyProject/UAE/data/arrangement_merged/chr_05/185824.3~A2.K_5R.png,0,-0.0202529979597742,,0.0012648105621337,0.11845624854962689,chromosome
0,0.0010271072387695,185824,185824.3~A28.K_5,5,,normal,185824.3~A28.K_5L.png,185824.3~A28.K_5R.png,train,/data5/chensx/MyProject/UAE/data/arrangement_merged/chr_05/185824.3~A28.K_5L.png,/data5/chensx/MyProject/UAE/data/arrangement_merged/chr_05/185824.3~A28.K_5R.png,0,-0.330019425259324,,0.0010271072387695,-0.777632671205245,chromosome
0,0.0013468861579895,185824,185824.3~A41.K_5,5,,normal,185824.3~A41.K_5L.png,185824.3~A41.K_5R.png,train,/data5/chensx/MyProject/UAE/data/arrangement_merged/chr_05/185824.3~A41.K_5L.png,/data5/chensx/MyProject/UAE/data/arrangement_merged/chr_05/185824.3~A41.K_5R.png,0,0.0867049685375878,,0.0013468861579895,0.42786307966900244,chromosome
0,0.0013309717178344,185824,185824.3~A43.K_5,5,,normal,185824.3~A43.K_5L.png,185824.3~A43.K_5R.png,train,/data5/chensx/MyProject/UAE/data/arrangement_merged/chr_05/185824.3~A43.K_5L.png,/data5/chensx/MyProject/UAE/data/arrangement_merged/chr_05/185824.3~A43.K_5R.png,0,0.0659658421361385,,0.0013309717178344,0.36786916252364843,chromosome
0,0.0012716054916381,185824,185824.3~A46.K_5,5,,normal,185824.3~A46.K_5L.png,185824.3~A46.K_5R.png,train,/data5/chensx/MyProject/UAE/data/arrangement_merged/chr_05/185824.3~A46.K_5L.png,/data5/chensx/MyProject/UAE/data/arrangement_merged/chr_05/185824.3~A46.K_5R.png,0,-0.0113980900580318,,0.0012716054916381,0.14407162890372965,chromosome
0,0.00171560049057,186193,186193.11~A23.K_5,5,,normal,186193.11~A23.K_5L.png,186193.11~A23.K_5R.png,train,/data5/chensx/MyProject/UAE/data/arrangement_merged/chr_05/186193.11~A23.K_5L.png,/data5/chensx/MyProject/UAE/data/arrangement_merged/chr_05/186193.11~A23.K_5R.png,0,0.4815014173835846,,0.00171560049057,1.8178345083560612,chromosome
0,0.001103401184082,186193,186193.12~A4.K_5,5,,normal,186193.12~A4.K_5L.png,186193.12~A4.K_5R.png,train,/data5/chensx/MyProject/UAE/data/arrangement_merged/chr_05/186193.12~A4.K_5L.png,/data5/chensx/MyProject/UAE/data/arrangement_merged/chr_05/186193.12~A4.K_5R.png,0,-0.2798064246736534,,0.001103401184082,-0.4900213830190576,chromosome
0,0.0012752413749694,186193,186193.13~A11.K_5,5,,normal,186193.13~A11.K_5L.png,186193.13~A11.K_5R.png,train,/data5/chensx/MyProject/UAE/data/arrangement_merged/chr_05/186193.13~A11.K_5L.png,/data5/chensx/MyProject/UAE/data/arrangement_merged/chr_05/186193.13~A11.K_5R.png,0,-0.0661124797168802,,0.0012752413749694,0.15777810435635753,chromosome
0,0.0010102987289428,186193,186193.13~A22.K_5,5,,normal,186193.13~A22.K_5L.png,186193.13~A22.K_5R.png,train,/data5/chensx/MyProject/UAE/data/arrangement_merged/chr_05/186193.13~A22.K_5L.png,/data5/chensx/MyProject/UAE/data/arrangement_merged/chr_05/186193.13~A22.K_5R.png,0,-0.3955851073037193,,0.0010102987289428,-0.8409970331339148,chromosome
0,0.0012750029563903,186193,186193.13~A4.K_5,5,,normal,186193.13~A4.K_5L.png,186193.13~A4.K_5R.png,train,/data5/chensx/MyProject/UAE/data/arrangement_merged/chr_05/186193.13~A4.K_5L.png,/data5/chensx/MyProject/UAE/data/arrangement_merged/chr_05/186193.13~A4.K_5R.png,0,-0.0664089680206704,,0.0012750029563903,0.15687931908078143,chromosome
0,0.0028105378150939,186193,186193.13~A41.K_5,5,,normal,186193.13~A41.K_5L.png,186193.13~A41.K_5R.png,train,/data5/chensx/MyProject/UAE/data/arrangement_merged/chr_05/186193.13~A41.K_5L.png,/data5/chensx/MyProject/UAE/data/arrangement_merged/chr_05/186193.13~A41.K_5R.png,0,1.8431239525399925,,0.0028105378150939,5.945505886465544,chromosome
0,0.0010663866996765,186193,186193.13~A5.K_5,5,,normal,186193.13~A5.K_5L.png,186193.13~A5.K_5R.png,train,/data5/chensx/MyProject/UAE/data/arrangement_merged/chr_05/186193.13~A5.K_5L.png,/data5/chensx/MyProject/UAE/data/arrangement_merged/chr_05/186193.13~A5.K_5R.png,0,-0.3258362338370791,,0.0010663866996765,-0.6295577970530714,chromosome
0,0.0010329484939575,186193,186193.1~A34.K_5,5,,normal,186193.1~A34.K_5L.png,186193.1~A34.K_5R.png,train,/data5/chensx/MyProject/UAE/data/arrangement_merged/chr_05/186193.1~A34.K_5L.png,/data5/chensx/MyProject/UAE/data/arrangement_merged/chr_05/186193.1~A34.K_5R.png,0,-0.3674187184436521,,0.0010329484939575,-0.755612431953446,chromosome
0,0.0011664628982543,186193,186193.1~A38.K_5,5,,normal,186193.1~A38.K_5L.png,186193.1~A38.K_5R.png,train,/data5/chensx/MyProject/UAE/data/arrangement_merged/chr_05/186193.1~A38.K_5L.png,/data5/chensx/MyProject/UAE/data/arrangement_merged/chr_05/186193.1~A38.K_5R.png,0,-0.2013852683211505,,0.0011664628982543,-0.25229267762790075,chromosome
0,0.0011690855026245,186193,186193.1~A44.K_5,5,,normal,186193.1~A44.K_5L.png,186193.1~A44.K_5R.png,train,/data5/chensx/MyProject/UAE/data/arrangement_merged/chr_05/186193.1~A44.K_5L.png,/data5/chensx/MyProject/UAE/data/arrangement_merged/chr_05/186193.1~A44.K_5R.png,0,-0.1981238969794585,,0.0011690855026245,-0.2424060395961883,chromosome
0,0.0011590719223022,186193,186193.1~A8.K_5,5,,normal,186193.1~A8.K_5L.png,186193.1~A8.K_5R.png,train,/data5/chensx/MyProject/UAE/data/arrangement_merged/chr_05/186193.1~A8.K_5L.png,/data5/chensx/MyProject/UAE/data/arrangement_merged/chr_05/186193.1~A8.K_5R.png,0,-0.2105764057386461,,0.0011590719223022,-0.28015502117075536,chromosome
0,0.0013772249221801,186193,186193.2~A1.K_5,5,,normal,186193.2~A1.K_5L.png,186193.2~A1.K_5R.png,train,/data5/chensx/MyProject/UAE/data/arrangement_merged/chr_05/186193.2~A1.K_5L.png,/data5/chensx/MyProject/UAE/data/arrangement_merged/chr_05/186193.2~A1.K_5R.png,0,0.0607103922293697,,0.0013772249221801,0.5422335059865131,chromosome
0,0.0011833310127258,186193,186193.2~A12.K_5,5,,normal,186193.2~A12.K_5L.png,186193.2~A12.K_5R.png,train,/data5/chensx/MyProject/UAE/data/arrangement_merged/chr_05/186193.2~A12.K_5L.png,/data5/chensx/MyProject/UAE/data/arrangement_merged/chr_05/186193.2~A12.K_5R.png,0,-0.1804087208279952,,0.0011833310127258,-0.1887036193802431,chromosome
0,0.0011746883392333,186193,186193.2~A14.K_5,5,,normal,186193.2~A14.K_5L.png,186193.2~A14.K_5R.png,train,/data5/chensx/MyProject/UAE/data/arrangement_merged/chr_05/186193.2~A14.K_5L.png,/data5/chensx/MyProject/UAE/data/arrangement_merged/chr_05/186193.2~A14.K_5R.png,0,-0.1911564218403892,,0.0011746883392333,-0.22128458562034214,chromosome
0,0.0011094808578491,186193,186193.2~A15.K_5,5,,normal,186193.2~A15.K_5L.png,186193.2~A15.K_5R.png,train,/data5/chensx/MyProject/UAE/data/arrangement_merged/chr_05/186193.2~A15.K_5L.png,/data5/chensx/MyProject/UAE/data/arrangement_merged/chr_05/186193.2~A15.K_5R.png,0,-0.2722459729270038,,0.0011094808578491,-0.4671023584916824,chromosome
0,0.0016325712203979,186193,186193.2~A24.K_5,5,,normal,186193.2~A24.K_5L.png,186193.2~A24.K_5R.png,train,/data5/chensx/MyProject/UAE/data/arrangement_merged/chr_05/186193.2~A24.K_5L.png,/data5/chensx/MyProject/UAE/data/arrangement_merged/chr_05/186193.2~A24.K_5R.png,0,0.3782493655886539,,0.0016325712203979,1.5048325361347588,chromosome
0,0.0011398792266845,186193,186193.2~A3.K_5,5,,normal,186193.2~A3.K_5L.png,186193.2~A3.K_5R.png,train,/data5/chensx/MyProject/UAE/data/arrangement_merged/chr_05/186193.2~A3.K_5L.png,/data5/chensx/MyProject/UAE/data/arrangement_merged/chr_05/186193.2~A3.K_5R.png,0,-0.2344437141937557,,0.0011398792266845,-0.3525072358551839,chromosome
0,0.0011963844299316,186193,186193.2~A37.K_5,5,,normal,186193.2~A37.K_5L.png,186193.2~A37.K_5R.png,train,/data5/chensx/MyProject/UAE/data/arrangement_merged/chr_05/186193.2~A37.K_5L.png,/data5/chensx/MyProject/UAE/data/arrangement_merged/chr_05/186193.2~A37.K_5R.png,0,-0.1641759861954827,,0.0011963844299316,-0.13949512554217686,chromosome
0,0.0011740326881408,186193,186193.2~A4.K_5,5,,normal,186193.2~A4.K_5L.png,186193.2~A4.K_5R.png,train,/data5/chensx/MyProject/UAE/data/arrangement_merged/chr_05/186193.2~A4.K_5L.png,/data5/chensx/MyProject/UAE/data/arrangement_merged/chr_05/186193.2~A4.K_5R.png,0,-0.1919717646758122,,0.0011740326881408,-0.22375624512808184,chromosome
0,0.001592993736267,186193,186193.2~A42.K_5,5,,normal,186193.2~A42.K_5L.png,186193.2~A42.K_5R.png,train,/data5/chensx/MyProject/UAE/data/arrangement_merged/chr_05/186193.2~A42.K_5L.png,/data5/chensx/MyProject/UAE/data/arrangement_merged/chr_05/186193.2~A42.K_5R.png,0,0.3290323071594839,,0.001592993736267,1.3556341803880212,chromosome
0,0.0012761950492858,186193,186193.2~A44.K_5,5,,normal,186193.2~A44.K_5L.png,186193.2~A44.K_5R.png,train,/data5/chensx/MyProject/UAE/data/arrangement_merged/chr_05/186193.2~A44.K_5L.png,/data5/chensx/MyProject/UAE/data/arrangement_merged/chr_05/186193.2~A44.K_5R.png,0,-0.0649265265017195,,0.0012761950492858,0.1613732454586612,chromosome
0,0.0011945962905883,186193,186193.2~A46.K_5,5,,normal,186193.2~A46.K_5L.png,186193.2~A46.K_5R.png,train,/data5/chensx/MyProject/UAE/data/arrangement_merged/chr_05/186193.2~A46.K_5L.png,/data5/chensx/MyProject/UAE/data/arrangement_merged/chr_05/186193.2~A46.K_5R.png,0,-0.1663996484739091,,0.0011945962905883,-0.1462360151091853,chromosome
0,0.0012626647949218,186193,186193.2~A48.K_5,5,,normal,186193.2~A48.K_5L.png,186193.2~A48.K_5R.png,train,/data5/chensx/MyProject/UAE/data/arrangement_merged/chr_05/186193.2~A48.K_5L.png,/data5/chensx/MyProject/UAE/data/arrangement_merged/chr_05/186193.2~A48.K_5R.png,0,-0.0817522377418123,,0.0012626647949218,0.1103671810694435,chromosome
0,0.001707911491394,186193,186193.2~A5.K_5,5,,normal,186193.2~A5.K_5L.png,186193.2~A5.K_5R.png,train,/data5/chensx/MyProject/UAE/data/arrangement_merged/chr_05/186193.2~A5.K_5L.png,/data5/chensx/MyProject/UAE/data/arrangement_merged/chr_05/186193.2~A5.K_5R.png,0,0.4719396695863513,,0.001707911491394,1.7888486832186425,chromosome
0,0.0011309385299682,186193,186193.2~A50.K_5,5,,normal,186193.2~A50.K_5L.png,186193.2~A50.K_5R.png,train,/data5/chensx/MyProject/UAE/data/arrangement_merged/chr_05/186193.2~A50.K_5L.png,/data5/chensx/MyProject/UAE/data/arrangement_merged/chr_05/186193.2~A50.K_5R.png,0,-0.2455620255858875,,0.0011309385299682,-0.38621168368947084,chromosome
0,0.0010106563568115,186193,186193.2~A7.K_5,5,,normal,186193.2~A7.K_5L.png,186193.2~A7.K_5R.png,train,/data5/chensx/MyProject/UAE/data/arrangement_merged/chr_05/186193.2~A7.K_5L.png,/data5/chensx/MyProject/UAE/data/arrangement_merged/chr_05/186193.2~A7.K_5R.png,0,-0.395140374848034,,0.0010106563568115,-0.8396488552203623,chromosome
0,0.0014284253120422,186193,186193.3~A15.K_5,5,,normal,186193.3~A15.K_5L.png,186193.3~A15.K_5R.png,train,/data5/chensx/MyProject/UAE/data/arrangement_merged/chr_05/186193.3~A15.K_5L.png,/data5/chensx/MyProject/UAE/data/arrangement_merged/chr_05/186193.3~A15.K_5R.png,0,0.1243812554683112,,0.0014284253120422,0.7352476439178602,chromosome
0,0.0020558834075927,186193,186193.3~A6.K_5,5,,normal,186193.3~A6.K_5L.png,186193.3~A6.K_5R.png,train,/data5/chensx/MyProject/UAE/data/arrangement_merged/chr_05/186193.3~A6.K_5L.png,/data5/chensx/MyProject/UAE/data/arrangement_merged/chr_05/186193.3~A6.K_5R.png,0,0.904664348968121,,0.0020558834075927,3.1006257929302175,chromosome
0,0.0014665126800537,Q242362,Q242362.11~A39.K_5,5,,normal,Q242362.11~A39.K_5L.png,Q242362.11~A39.K_5R.png,train,/data5/chensx/MyProject/UAE/data/arrangement_merged/chr_05/Q242362.11~A39.K_5L.png,/data5/chensx/MyProject/UAE/data/arrangement_merged/chr_05/Q242362.11~A39.K_5R.png,0,0.1948567860143672,,0.0014665126800537,0.878828591692155,chromosome
0,0.0013561248779296,Q242362,Q242362.12~A25.K_5,5,,normal,Q242362.12~A25.K_5L.png,Q242362.12~A25.K_5R.png,train,/data5/chensx/MyProject/UAE/data/arrangement_merged/chr_05/Q242362.12~A25.K_5L.png,/data5/chensx/MyProject/UAE/data/arrangement_merged/chr_05/Q242362.12~A25.K_5R.png,0,0.0498796803611814,,0.0013561248779296,0.4626910090974757,chromosome
0,0.0013245344161987,Q242362,Q242362.12~A30.K_5,5,,normal,Q242362.12~A30.K_5L.png,Q242362.12~A30.K_5R.png,train,/data5/chensx/MyProject/UAE/data/arrangement_merged/chr_05/Q242362.12~A30.K_5L.png,/data5/chensx/MyProject/UAE/data/arrangement_merged/chr_05/Q242362.12~A30.K_5R.png,0,0.0083905518535203,,0.0013245344161987,0.34360196008309746,chromosome
0,0.0012306571006774,Q242362,Q242362.12~A6.K_5,5,,normal,Q242362.12~A6.K_5L.png,Q242362.12~A6.K_5R.png,train,/data5/chensx/MyProject/UAE/data/arrangement_merged/chr_05/Q242362.12~A6.K_5L.png,/data5/chensx/MyProject/UAE/data/arrangement_merged/chr_05/Q242362.12~A6.K_5R.png,0,-0.1149026130513218,,0.0012306571006774,-0.01029474217747516,chromosome
0,0.0012255311012268,Q242362,Q242362.13~A12.K_5,5,,normal,Q242362.13~A12.K_5L.png,Q242362.13~A12.K_5R.png,train,/data5/chensx/MyProject/UAE/data/arrangement_merged/chr_05/Q242362.13~A12.K_5L.png,/data5/chensx/MyProject/UAE/data/arrangement_merged/chr_05/Q242362.13~A12.K_5R.png,0,-0.1216348112619989,,0.0012255311012268,-0.029618625602169914,chromosome
0,0.0016921758651733,Q242362,Q242362.13~A3.K_5,5,,normal,Q242362.13~A3.K_5L.png,Q242362.13~A3.K_5R.png,train,/data5/chensx/MyProject/UAE/data/arrangement_merged/chr_05/Q242362.13~A3.K_5L.png,/data5/chensx/MyProject/UAE/data/arrangement_merged/chr_05/Q242362.13~A3.K_5R.png,0,0.4912300700332448,,0.0016921758651733,1.729528855030253,chromosome
0,0.0011004209518432,Q242362,Q242362.13~A33.K_5,5,,normal,Q242362.13~A33.K_5L.png,Q242362.13~A33.K_5R.png,train,/data5/chensx/MyProject/UAE/data/arrangement_merged/chr_05/Q242362.13~A33.K_5L.png,/data5/chensx/MyProject/UAE/data/arrangement_merged/chr_05/Q242362.13~A33.K_5R.png,0,-0.2859474164272456,,0.0011004209518432,-0.5012561989639458,chromosome
0,0.000999093055725,Q242362,Q242362.13~A6.K_5,5,,normal,Q242362.13~A6.K_5L.png,Q242362.13~A6.K_5R.png,train,/data5/chensx/MyProject/UAE/data/arrangement_merged/chr_05/Q242362.13~A6.K_5L.png,/data5/chensx/MyProject/UAE/data/arrangement_merged/chr_05/Q242362.13~A6.K_5R.png,0,-0.4190257531499324,,0.000999093055725,-0.8832399410863608,chromosome
0,0.0021026134490966,Q242362,Q242362.14~A13.K_5,5,,normal,Q242362.14~A13.K_5L.png,Q242362.14~A13.K_5R.png,train,/data5/chensx/MyProject/UAE/data/arrangement_merged/chr_05/Q242362.14~A13.K_5L.png,/data5/chensx/MyProject/UAE/data/arrangement_merged/chr_05/Q242362.14~A13.K_5R.png,0,1.0302756151346688,,0.0021026134490966,3.2767877069442326,chromosome
0,0.0011103153228759,Q242362,Q242362.14~A25.K_5,5,,normal,Q242362.14~A25.K_5L.png,Q242362.14~A25.K_5R.png,train,/data5/chensx/MyProject/UAE/data/arrangement_merged/chr_05/Q242362.14~A25.K_5L.png,/data5/chensx/MyProject/UAE/data/arrangement_merged/chr_05/Q242362.14~A25.K_5R.png,0,-0.272952708253148,,0.0011103153228759,-0.4639566100273552,chromosome
0,0.0012208223342895,Q242362,Q242362.14~A29.K_5,5,,normal,Q242362.14~A29.K_5L.png,Q242362.14~A29.K_5R.png,train,/data5/chensx/MyProject/UAE/data/arrangement_merged/chr_05/Q242362.14~A29.K_5L.png,/data5/chensx/MyProject/UAE/data/arrangement_merged/chr_05/Q242362.14~A29.K_5R.png,0,-0.1278190398508767,,0.0012208223342895,-0.04736963479507711,chromosome
0,0.0010996460914611,Q242362,Q242362.14~A36.K_5,5,,normal,Q242362.14~A36.K_5L.png,Q242362.14~A36.K_5R.png,train,/data5/chensx/MyProject/UAE/data/arrangement_merged/chr_05/Q242362.14~A36.K_5L.png,/data5/chensx/MyProject/UAE/data/arrangement_merged/chr_05/Q242362.14~A36.K_5R.png,0,-0.2869650742963014,,0.0010996460914611,-0.5041772511096619,chromosome
0,0.0011805295944213,Q242362,Q242362.14~A48.K_5,5,,normal,Q242362.14~A48.K_5L.png,Q242362.14~A48.K_5R.png,train,/data5/chensx/MyProject/UAE/data/arrangement_merged/chr_05/Q242362.14~A48.K_5L.png,/data5/chensx/MyProject/UAE/data/arrangement_merged/chr_05/Q242362.14~A48.K_5R.png,0,-0.1807372490417803,,0.0011805295944213,-0.19926434636854304,chromosome
0,0.0011801719665527,Q242362,Q242362.1~A28.K_5,5,,normal,Q242362.1~A28.K_5L.png,Q242362.1~A28.K_5R.png,train,/data5/chensx/MyProject/UAE/data/arrangement_merged/chr_05/Q242362.1~A28.K_5L.png,/data5/chensx/MyProject/UAE/data/arrangement_merged/chr_05/Q242362.1~A28.K_5R.png,0,-0.1812069372890369,,0.0011801719665527,-0.20061252428171877,chromosome
0,0.0015937089920043,Q242362,Q242362.1~A32.K_5,5,,normal,Q242362.1~A32.K_5L.png,Q242362.1~A32.K_5R.png,train,/data5/chensx/MyProject/UAE/data/arrangement_merged/chr_05/Q242362.1~A32.K_5L.png,/data5/chensx/MyProject/UAE/data/arrangement_merged/chr_05/Q242362.1~A32.K_5R.png,0,0.3619092392886104,,0.0015937089920043,1.3583305362147489,chromosome
0,0.0011655092239379,Q242362,Q242362.1~A4.K_5,5,,normal,Q242362.1~A4.K_5L.png,Q242362.1~A4.K_5R.png,train,/data5/chensx/MyProject/UAE/data/arrangement_merged/chr_05/Q242362.1~A4.K_5L.png,/data5/chensx/MyProject/UAE/data/arrangement_merged/chr_05/Q242362.1~A4.K_5R.png,0,-0.2004641554265551,,0.0011655092239379,-0.2558878187302044,chromosome
0,0.0018619298934936,Q242362,Q242362.1~A9.K_5,5,,normal,Q242362.1~A9.K_5L.png,Q242362.1~A9.K_5R.png,train,/data5/chensx/MyProject/UAE/data/arrangement_merged/chr_05/Q242362.1~A9.K_5L.png,/data5/chensx/MyProject/UAE/data/arrangement_merged/chr_05/Q242362.1~A9.K_5R.png,0,0.7141754247310166,,0.0018619298934936,2.3694639712444734,chromosome
0,0.0013144016265869,Q242362,Q242362.2~A14.K_5,5,,normal,Q242362.2~A14.K_5L.png,Q242362.2~A14.K_5R.png,train,/data5/chensx/MyProject/UAE/data/arrangement_merged/chr_05/Q242362.2~A14.K_5L.png,/data5/chensx/MyProject/UAE/data/arrangement_merged/chr_05/Q242362.2~A14.K_5R.png,0,-0.0049172818187483,,0.0013144016265869,0.3054035858709315,chromosome
0,0.0009235143661499,Q242362,Q242362.2~A2.K_5,5,,normal,Q242362.2~A2.K_5L.png,Q242362.2~A2.K_5R.png,train,/data5/chensx/MyProject/UAE/data/arrangement_merged/chr_05/Q242362.2~A2.K_5L.png,/data5/chensx/MyProject/UAE/data/arrangement_merged/chr_05/Q242362.2~A2.K_5R.png,0,-0.5182865360701481,,0.0009235143661499,-1.1681548734454439,chromosome
0,0.0012596845626831,Q242362,Q242362.2~A7.K_5,5,,normal,Q242362.2~A7.K_5L.png,Q242362.2~A7.K_5R.png,train,/data5/chensx/MyProject/UAE/data/arrangement_merged/chr_05/Q242362.2~A7.K_5L.png,/data5/chensx/MyProject/UAE/data/arrangement_merged/chr_05/Q242362.2~A7.K_5R.png,0,-0.0767795836489992,,0.0012596845626831,0.09913236512493295,chromosome
0,0.0009074807167053,Q242362,Q242362.2~A9.K_5,5,,normal,Q242362.2~A9.K_5L.png,Q242362.2~A9.K_5R.png,train,/data5/chensx/MyProject/UAE/data/arrangement_merged/chr_05/Q242362.2~A9.K_5L.png,/data5/chensx/MyProject/UAE/data/arrangement_merged/chr_05/Q242362.2~A9.K_5R.png,0,-0.5393442258221497,,0.0009074807167053,-1.2285981832283972,chromosome
0,0.0016456246376037,Q242362,Q242362.3~A15.K_5,5,,normal,Q242362.3~A15.K_5L.png,Q242362.3~A15.K_5R.png,train,/data5/chensx/MyProject/UAE/data/arrangement_merged/chr_05/Q242362.3~A15.K_5L.png,/data5/chensx/MyProject/UAE/data/arrangement_merged/chr_05/Q242362.3~A15.K_5R.png,0,0.4300923165153517,,0.0016456246376037,1.5540410299728242,chromosome
0,0.0007281899452209,Q242362,Q242362.4~A30.K_5,5,,normal,Q242362.4~A30.K_5L.png,Q242362.4~A30.K_5R.png,train,/data5/chensx/MyProject/UAE/data/arrangement_merged/chr_05/Q242362.4~A30.K_5L.png,/data5/chensx/MyProject/UAE/data/arrangement_merged/chr_05/Q242362.4~A30.K_5R.png,0,-0.7748146004467625,,0.0007281899452209,-1.904484710466032,chromosome
0,0.001116394996643,Q242362,Q242362.4~A42.K_5,5,,normal,Q242362.4~A42.K_5L.png,Q242362.4~A42.K_5R.png,train,/data5/chensx/MyProject/UAE/data/arrangement_merged/chr_05/Q242362.4~A42.K_5L.png,/data5/chensx/MyProject/UAE/data/arrangement_merged/chr_05/Q242362.4~A42.K_5R.png,0,-0.2649680080497868,,0.001116394996643,-0.44103758549998,chromosome
0,0.0012599229812622,Q242664,Q242664.11~A21.K_5,5,,normal,Q242664.11~A21.K_5L.png,Q242664.11~A21.K_5R.png,train,/data5/chensx/MyProject/UAE/data/arrangement_merged/chr_05/Q242664.11~A21.K_5L.png,/data5/chensx/MyProject/UAE/data/arrangement_merged/chr_05/Q242664.11~A21.K_5R.png,0,-0.0108245768789691,,0.0012599229812622,0.10003115040050907,chromosome
0,0.0012282133102416,Q242664,Q242664.12~A1.K_5,5,,normal,Q242664.12~A1.K_5L.png,Q242664.12~A1.K_5R.png,train,/data5/chensx/MyProject/UAE/data/arrangement_merged/chr_05/Q242664.12~A1.K_5L.png,/data5/chensx/MyProject/UAE/data/arrangement_merged/chr_05/Q242664.12~A1.K_5R.png,0,-0.0537443462688264,,0.0012282133102416,-0.019507291252223308,chromosome
0,0.0015134811401367,Q242664,Q242664.12~A16.K_5,5,,normal,Q242664.12~A16.K_5L.png,Q242664.12~A16.K_5R.png,train,/data5/chensx/MyProject/UAE/data/arrangement_merged/chr_05/Q242664.12~A16.K_5L.png,/data5/chensx/MyProject/UAE/data/arrangement_merged/chr_05/Q242664.12~A16.K_5R.png,0,0.3323722257233866,,0.0015134811401367,1.0558892909817472,chromosome
0,0.0012950301170349,Q242664,Q242664.12~A19.K_5,5,,normal,Q242664.12~A19.K_5L.png,Q242664.12~A19.K_5R.png,train,/data5/chensx/MyProject/UAE/data/arrangement_merged/chr_05/Q242664.12~A19.K_5L.png,/data5/chensx/MyProject/UAE/data/arrangement_merged/chr_05/Q242664.12~A19.K_5R.png,0,0.0366937392312301,,0.0012950301170349,0.23237728222991474,chromosome
0,0.001203179359436,Q242664,Q242664.12~A22.K_5,5,,normal,Q242664.12~A22.K_5L.png,Q242664.12~A22.K_5R.png,train,/data5/chensx/MyProject/UAE/data/arrangement_merged/chr_05/Q242664.12~A22.K_5L.png,/data5/chensx/MyProject/UAE/data/arrangement_merged/chr_05/Q242664.12~A22.K_5R.png,0,-0.0876283747345033,,0.001203179359436,-0.11387974518807409,chromosome
0,0.0008643865585327,Q242664,Q242664.12~A24.K_5,5,,normal,Q242664.12~A24.K_5L.png,Q242664.12~A24.K_5R.png,train,/data5/chensx/MyProject/UAE/data/arrangement_merged/chr_05/Q242664.12~A24.K_5L.png,/data5/chensx/MyProject/UAE/data/arrangement_merged/chr_05/Q242664.12~A24.K_5R.png,0,-0.5461922266366636,,0.0008643865585327,-1.3910536217897862,chromosome
0,0.0011535882949829,Q242664,Q242664.12~A29.K_5,5,,normal,Q242664.12~A29.K_5L.png,Q242664.12~A29.K_5R.png,train,/data5/chensx/MyProject/UAE/data/arrangement_merged/chr_05/Q242664.12~A29.K_5L.png,/data5/chensx/MyProject/UAE/data/arrangement_merged/chr_05/Q242664.12~A29.K_5R.png,0,-0.1547510215998441,,0.0011535882949829,-0.3008270825090019,chromosome
0,0.001159131526947,Q242664,Q242664.12~A34.K_5,5,,normal,Q242664.12~A34.K_5L.png,Q242664.12~A34.K_5R.png,train,/data5/chensx/MyProject/UAE/data/arrangement_merged/chr_05/Q242664.12~A34.K_5L.png,/data5/chensx/MyProject/UAE/data/arrangement_merged/chr_05/Q242664.12~A34.K_5R.png,0,-0.1472481295824443,,0.001159131526947,-0.2799303248517667,chromosome
0,0.0012383460998535,Q242664,Q242664.12~A37.K_5,5,,normal,Q242664.12~A37.K_5L.png,Q242664.12~A37.K_5R.png,train,/data5/chensx/MyProject/UAE/data/arrangement_merged/chr_05/Q242664.12~A37.K_5L.png,/data5/chensx/MyProject/UAE/data/arrangement_merged/chr_05/Q242664.12~A37.K_5R.png,0,-0.0400293823660524,,0.0012383460998535,0.01869108296032024,chromosome
0,0.0009557604789733,Q242664,Q242664.12~A8.K_5,5,,normal,Q242664.12~A8.K_5L.png,Q242664.12~A8.K_5R.png,train,/data5/chensx/MyProject/UAE/data/arrangement_merged/chr_05/Q242664.12~A8.K_5L.png,/data5/chensx/MyProject/UAE/data/arrangement_merged/chr_05/Q242664.12~A8.K_5R.png,0,-0.422515522736943,,0.0009557604789733,-1.046594164923326,chromosome
0,0.0013023614883422,Q242664,Q242664.13~A20.K_5,5,,normal,Q242664.13~A20.K_5L.png,Q242664.13~A20.K_5R.png,train,/data5/chensx/MyProject/UAE/data/arrangement_merged/chr_05/Q242664.13~A20.K_5L.png,/data5/chensx/MyProject/UAE/data/arrangement_merged/chr_05/Q242664.13~A20.K_5R.png,0,0.0466169189961783,,0.0013023614883422,0.26001492945378074,chromosome
0,0.0011591911315917,Q242664,Q242664.13~A32.K_5,5,,normal,Q242664.13~A32.K_5L.png,Q242664.13~A32.K_5R.png,train,/data5/chensx/MyProject/UAE/data/arrangement_merged/chr_05/Q242664.13~A32.K_5L.png,/data5/chensx/MyProject/UAE/data/arrangement_merged/chr_05/Q242664.13~A32.K_5R.png,0,-0.1471674533241926,,0.0011591911315917,-0.2797056285331557,chromosome
0,0.0011281371116638,Q242664,Q242664.13~A33.K_5,5,,normal,Q242664.13~A33.K_5L.png,Q242664.13~A33.K_5R.png,train,/data5/chensx/MyProject/UAE/data/arrangement_merged/chr_05/Q242664.13~A33.K_5L.png,/data5/chensx/MyProject/UAE/data/arrangement_merged/chr_05/Q242664.13~A33.K_5R.png,0,-0.1891997838732823,,0.0011281371116638,-0.39677241067739394,chromosome
0,0.001135766506195,Q242664,Q242664.13~A42.K_5,5,,normal,Q242664.13~A42.K_5L.png,Q242664.13~A42.K_5R.png,train,/data5/chensx/MyProject/UAE/data/arrangement_merged/chr_05/Q242664.13~A42.K_5L.png,/data5/chensx/MyProject/UAE/data/arrangement_merged/chr_05/Q242664.13~A42.K_5R.png,0,-0.178873222817076,,0.001135766506195,-0.3680112818589632,chromosome
0,0.0013659596443176,Q242664,Q242664.13~A50.K_5,5,,normal,Q242664.13~A50.K_5L.png,Q242664.13~A50.K_5R.png,train,/data5/chensx/MyProject/UAE/data/arrangement_merged/chr_05/Q242664.13~A50.K_5L.png,/data5/chensx/MyProject/UAE/data/arrangement_merged/chr_05/Q242664.13~A50.K_5R.png,0,0.1326984865506479,,0.0013659596443176,0.49976590171545526,chromosome
0,0.0012580752372741,Q242664,Q242664.14~A47.K_5,5,,normal,Q242664.14~A47.K_5L.png,Q242664.14~A47.K_5R.png,train,/data5/chensx/MyProject/UAE/data/arrangement_merged/chr_05/Q242664.14~A47.K_5L.png,/data5/chensx/MyProject/UAE/data/arrangement_merged/chr_05/Q242664.14~A47.K_5R.png,0,-0.013325540884769,,0.0012580752372741,0.09306556451451278,chromosome
0,0.0012804269790649,Q242664,Q242664.1~A14.K_5,5,,normal,Q242664.1~A14.K_5L.png,Q242664.1~A14.K_5R.png,train,/data5/chensx/MyProject/UAE/data/arrangement_merged/chr_05/Q242664.1~A14.K_5L.png,/data5/chensx/MyProject/UAE/data/arrangement_merged/chr_05/Q242664.1~A14.K_5R.png,0,0.0169280559595852,,0.0012804269790649,0.17732668410041696,chromosome
0,0.0013316869735717,Q242664,Q242664.2~A1.K_5,5,,normal,Q242664.2~A1.K_5L.png,Q242664.2~A1.K_5R.png,train,/data5/chensx/MyProject/UAE/data/arrangement_merged/chr_05/Q242664.2~A1.K_5L.png,/data5/chensx/MyProject/UAE/data/arrangement_merged/chr_05/Q242664.2~A1.K_5R.png,0,0.0863096380559712,,0.0013316869735717,0.37056551835037593,chromosome
0,0.0013415217399597,Q242664,Q242664.2~A10.K_5,5,,normal,Q242664.2~A10.K_5L.png,Q242664.2~A10.K_5R.png,train,/data5/chensx/MyProject/UAE/data/arrangement_merged/chr_05/Q242664.2~A10.K_5L.png,/data5/chensx/MyProject/UAE/data/arrangement_merged/chr_05/Q242664.2~A10.K_5R.png,0,0.0996212206674871,,0.0013415217399597,0.40764041096835557,chromosome
0,0.0014776587486267,Q242664,Q242664.2~A30.K_5,5,,normal,Q242664.2~A30.K_5L.png,Q242664.2~A30.K_5R.png,train,/data5/chensx/MyProject/UAE/data/arrangement_merged/chr_05/Q242664.2~A30.K_5L.png,/data5/chensx/MyProject/UAE/data/arrangement_merged/chr_05/Q242664.2~A30.K_5R.png,0,0.283885794514168,,0.0014776587486267,0.9208468033256132,chromosome
0,0.0013051033020019,Q242664,Q242664.2~A32.K_5,5,,normal,Q242664.2~A32.K_5L.png,Q242664.2~A32.K_5R.png,train,/data5/chensx/MyProject/UAE/data/arrangement_merged/chr_05/Q242664.2~A32.K_5L.png,/data5/chensx/MyProject/UAE/data/arrangement_merged/chr_05/Q242664.2~A32.K_5R.png,0,0.0503280268757524,,0.0013051033020019,0.27035096012309284,chromosome
0,0.0010916590690612,Q242664,Q242664.2~A6.K_5,5,,normal,Q242664.2~A6.K_5L.png,Q242664.2~A6.K_5R.png,train,/data5/chensx/MyProject/UAE/data/arrangement_merged/chr_05/Q242664.2~A6.K_5L.png,/data5/chensx/MyProject/UAE/data/arrangement_merged/chr_05/Q242664.2~A6.K_5R.png,0,-0.2385736539232686,,0.0010916590690612,-0.5342865578416445,chromosome
0,0.0015771985054016,Q242664,Q242664.3~A19.K_5,5,,normal,Q242664.3~A19.K_5L.png,Q242664.3~A19.K_5R.png,train,/data5/chensx/MyProject/UAE/data/arrangement_merged/chr_05/Q242664.3~A19.K_5L.png,/data5/chensx/MyProject/UAE/data/arrangement_merged/chr_05/Q242664.3~A19.K_5R.png,0,0.4186151457943594,,0.0015771985054016,1.2960896558810207,chromosome
0,0.0010543465614318,Q242664,Q242664.3~A29.K_5,5,,normal,Q242664.3~A29.K_5L.png,Q242664.3~A29.K_5R.png,train,/data5/chensx/MyProject/UAE/data/arrangement_merged/chr_05/Q242664.3~A29.K_5L.png,/data5/chensx/MyProject/UAE/data/arrangement_merged/chr_05/Q242664.3~A29.K_5R.png,0,-0.2890769915887775,,0.0010543465614318,-0.6749464534702222,chromosome
0,0.0011284351348876,Q242664,Q242664.3~A44.K_5,5,,normal,Q242664.3~A44.K_5L.png,Q242664.3~A44.K_5R.png,train,/data5/chensx/MyProject/UAE/data/arrangement_merged/chr_05/Q242664.3~A44.K_5L.png,/data5/chensx/MyProject/UAE/data/arrangement_merged/chr_05/Q242664.3~A44.K_5R.png,0,-0.1887964025820242,,0.0011284351348876,-0.3956489290832068,chromosome
0,0.0014874339103698,Q242664,Q242664.3~A48.K_5,5,,normal,Q242664.3~A48.K_5L.png,Q242664.3~A48.K_5R.png,train,/data5/chensx/MyProject/UAE/data/arrangement_merged/chr_05/Q242664.3~A48.K_5L.png,/data5/chensx/MyProject/UAE/data/arrangement_merged/chr_05/Q242664.3~A48.K_5R.png,0,0.2971167008674323,,0.0014874339103698,0.9576969996242265,chromosome
0,0.0012259483337402,Q242664,Q242664.4~A14.K_5,5,,normal,Q242664.4~A14.K_5L.png,Q242664.4~A14.K_5R.png,train,/data5/chensx/MyProject/UAE/data/arrangement_merged/chr_05/Q242664.4~A14.K_5L.png,/data5/chensx/MyProject/UAE/data/arrangement_merged/chr_05/Q242664.4~A14.K_5R.png,0,-0.0568100440823877,,0.0012259483337402,-0.028045751370006332,chromosome
0,0.001318871974945,Q242664,Q242664.4~A34.K_5,5,,normal,Q242664.4~A34.K_5L.png,Q242664.4~A34.K_5R.png,train,/data5/chensx/MyProject/UAE/data/arrangement_merged/chr_05/Q242664.4~A34.K_5L.png,/data5/chensx/MyProject/UAE/data/arrangement_merged/chr_05/Q242664.4~A34.K_5R.png,0,0.0689642425318747,,0.001318871974945,0.3222558097878866,chromosome
0,0.0013667345046997,Q242664,Q242664.4~A41.K_5,5,,normal,Q242664.4~A41.K_5L.png,Q242664.4~A41.K_5R.png,train,/data5/chensx/MyProject/UAE/data/arrangement_merged/chr_05/Q242664.4~A41.K_5L.png,/data5/chensx/MyProject/UAE/data/arrangement_merged/chr_05/Q242664.4~A41.K_5R.png,0,0.1337472779079188,,0.0013667345046997,0.5026869538611715,chromosome
0,0.0016016364097595,Q242664,Q242664.4~A49.K_5,5,,normal,Q242664.4~A49.K_5L.png,Q242664.4~A49.K_5R.png,train,/data5/chensx/MyProject/UAE/data/arrangement_merged/chr_05/Q242664.4~A49.K_5L.png,/data5/chensx/MyProject/UAE/data/arrangement_merged/chr_05/Q242664.4~A49.K_5R.png,0,0.4516924116775201,,0.0016016364097595,1.3882151466281203,chromosome
0,0.0012156963348388,Q250230,Q250230.11~A30.K_5,5,,normal,Q250230.11~A30.K_5L.png,Q250230.11~A30.K_5R.png,train,/data5/chensx/MyProject/UAE/data/arrangement_merged/chr_05/Q250230.11~A30.K_5L.png,/data5/chensx/MyProject/UAE/data/arrangement_merged/chr_05/Q250230.11~A30.K_5R.png,0,-0.1391586099004616,,0.0012156963348388,-0.0666935182201487,chromosome
0,0.0011923313140869,Q250230,Q250230.12~A40.K_5,5,,normal,Q250230.12~A40.K_5L.png,Q250230.12~A40.K_5R.png,train,/data5/chensx/MyProject/UAE/data/arrangement_merged/chr_05/Q250230.12~A40.K_5L.png,/data5/chensx/MyProject/UAE/data/arrangement_merged/chr_05/Q250230.12~A40.K_5R.png,0,-0.1683960086496132,,0.0011923313140869,-0.15477447522696833,chromosome
0,0.0013107061386108,Q250230,Q250230.13~A45.K_5,5,,normal,Q250230.13~A45.K_5L.png,Q250230.13~A45.K_5R.png,train,/data5/chensx/MyProject/UAE/data/arrangement_merged/chr_05/Q250230.13~A45.K_5L.png,/data5/chensx/MyProject/UAE/data/arrangement_merged/chr_05/Q250230.13~A45.K_5R.png,0,-0.0202697996806972,,0.0013107061386108,0.2914724140993158,chromosome
0,0.0016093254089355,Q250230,Q250230.14~A21.K_5,5,,normal,Q250230.14~A21.K_5L.png,Q250230.14~A21.K_5R.png,train,/data5/chensx/MyProject/UAE/data/arrangement_merged/chr_05/Q250230.14~A21.K_5L.png,/data5/chensx/MyProject/UAE/data/arrangement_merged/chr_05/Q250230.14~A21.K_5R.png,0,0.3534020567816739,,0.0016093254089355,1.417200971765539,chromosome
0,0.0010967850685119,Q250230,Q250230.14~A43.K_5,5,,normal,Q250230.14~A43.K_5L.png,Q250230.14~A43.K_5R.png,train,/data5/chensx/MyProject/UAE/data/arrangement_merged/chr_05/Q250230.14~A43.K_5L.png,/data5/chensx/MyProject/UAE/data/arrangement_merged/chr_05/Q250230.14~A43.K_5R.png,0,-0.2879560856773938,,0.0010967850685119,-0.514962674416573,chromosome
0,0.0012210607528686,Q250230,Q250230.15~A8.K_5,5,,normal,Q250230.15~A8.K_5L.png,Q250230.15~A8.K_5R.png,train,/data5/chensx/MyProject/UAE/data/arrangement_merged/chr_05/Q250230.15~A8.K_5L.png,/data5/chensx/MyProject/UAE/data/arrangement_merged/chr_05/Q250230.15~A8.K_5R.png,0,-0.1324459418202992,,0.0012210607528686,-0.04647084951950099,chromosome
0,0.0013393759727478,Q250230,Q250230.1~A20.K_5,5,,normal,Q250230.1~A20.K_5L.png,Q250230.1~A20.K_5R.png,train,/data5/chensx/MyProject/UAE/data/arrangement_merged/chr_05/Q250230.1~A20.K_5L.png,/data5/chensx/MyProject/UAE/data/arrangement_merged/chr_05/Q250230.1~A20.K_5R.png,0,0.015605681947726,,0.0013393759727478,0.39955134348817134,chromosome
0,0.001537799835205,Q250230,Q250230.2~A24.K_5,5,,normal,Q250230.2~A24.K_5L.png,Q250230.2~A24.K_5R.png,train,/data5/chensx/MyProject/UAE/data/arrangement_merged/chr_05/Q250230.2~A24.K_5L.png,/data5/chensx/MyProject/UAE/data/arrangement_merged/chr_05/Q250230.2~A24.K_5R.png,0,0.2638998157128425,,0.001537799835205,1.1475653890908704,chromosome
0,0.0012333393096923,Q250230,Q250230.2~A27.K_5,5,,normal,Q250230.2~A27.K_5L.png,Q250230.2~A27.K_5R.png,train,/data5/chensx/MyProject/UAE/data/arrangement_merged/chr_05/Q250230.2~A27.K_5L.png,/data5/chensx/MyProject/UAE/data/arrangement_merged/chr_05/Q250230.2~A27.K_5R.png,0,-0.1170813904368165,,0.0012333393096923,-0.00018340782715171606,chromosome
0,0.0009546279907226,Q250230,Q250230.2~A38.K_5,5,,normal,Q250230.2~A38.K_5L.png,Q250230.2~A38.K_5R.png,train,/data5/chensx/MyProject/UAE/data/arrangement_merged/chr_05/Q250230.2~A38.K_5L.png,/data5/chensx/MyProject/UAE/data/arrangement_merged/chr_05/Q250230.2~A38.K_5R.png,0,-0.4658417898016962,,0.0009546279907226,-1.0508633949822175,chromosome
0,0.0010216236114501,Q250230,Q250230.4~A35.K_5,5,,normal,Q250230.4~A35.K_5L.png,Q250230.4~A35.K_5R.png,train,/data5/chensx/MyProject/UAE/data/arrangement_merged/chr_05/Q250230.4~A35.K_5L.png,/data5/chensx/MyProject/UAE/data/arrangement_merged/chr_05/Q250230.4~A35.K_5R.png,0,-0.3820080240005575,,0.0010216236114501,-0.7983047325438692,chromosome
0,0.00093674659729,Q250230,Q250230.5~A21.K_5,5,,normal,Q250230.5~A21.K_5L.png,Q250230.5~A21.K_5R.png,train,/data5/chensx/MyProject/UAE/data/arrangement_merged/chr_05/Q250230.5~A21.K_5L.png,/data5/chensx/MyProject/UAE/data/arrangement_merged/chr_05/Q250230.5~A21.K_5R.png,0,-0.4882173500689041,,0.00093674659729,-1.1182722906507903,chromosome
0,0.0014185309410095,Q250230,Q250230.5~A42.K_5,5,,normal,Q250230.5~A42.K_5L.png,Q250230.5~A42.K_5R.png,train,/data5/chensx/MyProject/UAE/data/arrangement_merged/chr_05/Q250230.5~A42.K_5L.png,/data5/chensx/MyProject/UAE/data/arrangement_merged/chr_05/Q250230.5~A42.K_5R.png,0,0.1146548287305661,,0.0014185309410095,0.6979480549812704,chromosome
0,0.0012181401252746,Q250230,Q250230.5~A46.K_5,5,,normal,Q250230.5~A46.K_5L.png,Q250230.5~A46.K_5R.png,train,/data5/chensx/MyProject/UAE/data/arrangement_merged/chr_05/Q250230.5~A46.K_5L.png,/data5/chensx/MyProject/UAE/data/arrangement_merged/chr_05/Q250230.5~A46.K_5R.png,0,-0.1361006166639432,,0.0012181401252746,-0.05748096914540055,chromosome
0,0.0012434720993041,Q250230,Q250230.5~A5.K_5,5,,normal,Q250230.5~A5.K_5L.png,Q250230.5~A5.K_5R.png,train,/data5/chensx/MyProject/UAE/data/arrangement_merged/chr_05/Q250230.5~A5.K_5L.png,/data5/chensx/MyProject/UAE/data/arrangement_merged/chr_05/Q250230.5~A5.K_5R.png,0,-0.1044019062853987,,0.0012434720993041,0.03801496638501418,chromosome
0,0.0011137723922729,Q250230,Q250230.5~A6.K_5,5,,normal,Q250230.5~A6.K_5L.png,Q250230.5~A6.K_5R.png,train,/data5/chensx/MyProject/UAE/data/arrangement_merged/chr_05/Q250230.5~A6.K_5L.png,/data5/chensx/MyProject/UAE/data/arrangement_merged/chr_05/Q250230.5~A6.K_5R.png,0,-0.2666993034235463,,0.0011137723922729,-0.4509242235313156,chromosome
0,0.0011330842971801,Q251136,Q251136.12~A20.K_5,5,,normal,Q251136.12~A20.K_5L.png,Q251136.12~A20.K_5R.png,train,/data5/chensx/MyProject/UAE/data/arrangement_merged/chr_05/Q251136.12~A20.K_5L.png,/data5/chensx/MyProject/UAE/data/arrangement_merged/chr_05/Q251136.12~A20.K_5R.png,0,-0.1965451105442981,,0.0011330842971801,-0.37812261620928667,chromosome
0,0.0014179348945617,Q251136,Q251136.12~A23.K_5,5,,normal,Q251136.12~A23.K_5L.png,Q251136.12~A23.K_5R.png,train,/data5/chensx/MyProject/UAE/data/arrangement_merged/chr_05/Q251136.12~A23.K_5L.png,/data5/chensx/MyProject/UAE/data/arrangement_merged/chr_05/Q251136.12~A23.K_5R.png,0,0.0837452763257971,,0.0014179348945617,0.6957010917921418,chromosome
0,0.0012140870094299,Q251136,Q251136.14~A16.K_5,5,,normal,Q251136.14~A16.K_5L.png,Q251136.14~A16.K_5R.png,train,/data5/chensx/MyProject/UAE/data/arrangement_merged/chr_05/Q251136.14~A16.K_5L.png,/data5/chensx/MyProject/UAE/data/arrangement_merged/chr_05/Q251136.14~A16.K_5R.png,0,-0.116839181321352,,0.0012140870094299,-0.07276031883019203,chromosome
0,0.0011558532714843,Q251136,Q251136.14~A17.K_5,5,,normal,Q251136.14~A17.K_5L.png,Q251136.14~A17.K_5R.png,train,/data5/chensx/MyProject/UAE/data/arrangement_merged/chr_05/Q251136.14~A17.K_5L.png,/data5/chensx/MyProject/UAE/data/arrangement_merged/chr_05/Q251136.14~A17.K_5R.png,0,-0.1741406477310785,,0.0011558532714843,-0.2922886223912189,chromosome
0,0.0008749365806579,Q251136,Q251136.14~A18.K_5,5,,normal,Q251136.14~A18.K_5L.png,Q251136.14~A18.K_5R.png,train,/data5/chensx/MyProject/UAE/data/arrangement_merged/chr_05/Q251136.14~A18.K_5L.png,/data5/chensx/MyProject/UAE/data/arrangement_merged/chr_05/Q251136.14~A18.K_5R.png,0,-0.450560106471141,,0.0008749365806579,-1.3512823733454562,chromosome
0,0.0012817978858947,Q251136,Q251136.14~A2.K_5,5,,normal,Q251136.14~A2.K_5L.png,Q251136.14~A2.K_5R.png,train,/data5/chensx/MyProject/UAE/data/arrangement_merged/chr_05/Q251136.14~A2.K_5L.png,/data5/chensx/MyProject/UAE/data/arrangement_merged/chr_05/Q251136.14~A2.K_5R.png,0,-0.0502122971438194,,0.0012817978858947,0.18249469943488417,chromosome
0,0.0012927651405334,Q251136,Q251136.14~A31.K_5,5,,normal,Q251136.14~A31.K_5L.png,Q251136.14~A31.K_5R.png,train,/data5/chensx/MyProject/UAE/data/arrangement_merged/chr_05/Q251136.14~A31.K_5L.png,/data5/chensx/MyProject/UAE/data/arrangement_merged/chr_05/Q251136.14~A31.K_5R.png,0,-0.0394206187206979,,0.0012927651405334,0.22383882211175488,chromosome
0,0.0013759136199951,Q251136,Q251136.14~A39.K_5,5,,normal,Q251136.14~A39.K_5L.png,Q251136.14~A39.K_5R.png,train,/data5/chensx/MyProject/UAE/data/arrangement_merged/chr_05/Q251136.14~A39.K_5L.png,/data5/chensx/MyProject/UAE/data/arrangement_merged/chr_05/Q251136.14~A39.K_5R.png,0,0.0423967258459023,,0.0013759136199951,0.5372901869710337,chromosome
0,0.0013599395751953,Q251136,Q251136.1~A12.K_5,5,,normal,Q251136.1~A12.K_5L.png,Q251136.1~A12.K_5R.png,train,/data5/chensx/MyProject/UAE/data/arrangement_merged/chr_05/Q251136.1~A12.K_5L.png,/data5/chensx/MyProject/UAE/data/arrangement_merged/chr_05/Q251136.1~A12.K_5R.png,0,0.026678411620921,,0.0013599395751953,0.47707157350706786,chromosome
0,0.0013319253921508,Q251136,Q251136.1~A38.K_5,5,,normal,Q251136.1~A38.K_5L.png,Q251136.1~A38.K_5R.png,train,/data5/chensx/MyProject/UAE/data/arrangement_merged/chr_05/Q251136.1~A38.K_5L.png,/data5/chensx/MyProject/UAE/data/arrangement_merged/chr_05/Q251136.1~A38.K_5R.png,0,-0.0008872886990087,,0.0013319253921508,0.37146430362595206,chromosome
0,0.0009082555770874,Q251136,Q251136.2~A15.K_5,5,,normal,Q251136.2~A15.K_5L.png,Q251136.2~A15.K_5R.png,train,/data5/chensx/MyProject/UAE/data/arrangement_merged/chr_05/Q251136.2~A15.K_5L.png,/data5/chensx/MyProject/UAE/data/arrangement_merged/chr_05/Q251136.2~A15.K_5R.png,0,-0.4177745182182882,,0.0009082555770874,-1.2256771310826815,chromosome
0,0.0010626912117004,Q251136,Q251136.2~A2.K_5,5,,normal,Q251136.2~A2.K_5L.png,Q251136.2~A2.K_5R.png,train,/data5/chensx/MyProject/UAE/data/arrangement_merged/chr_05/Q251136.2~A2.K_5L.png,/data5/chensx/MyProject/UAE/data/arrangement_merged/chr_05/Q251136.2~A2.K_5R.png,0,-0.2658112639013984,,0.0010626912117004,-0.6434889688246871,chromosome
0,0.0011236071586608,Q251136,Q251136.2~A20.K_5,5,,normal,Q251136.2~A20.K_5L.png,Q251136.2~A20.K_5R.png,train,/data5/chensx/MyProject/UAE/data/arrangement_merged/chr_05/Q251136.2~A20.K_5L.png,/data5/chensx/MyProject/UAE/data/arrangement_merged/chr_05/Q251136.2~A20.K_5R.png,0,-0.2058705283121041,,0.0011236071586608,-0.4138493309137137,chromosome
0,0.0013045668601989,Q251136,Q251136.2~A25.K_5,5,,normal,Q251136.2~A25.K_5L.png,Q251136.2~A25.K_5R.png,train,/data5/chensx/MyProject/UAE/data/arrangement_merged/chr_05/Q251136.2~A25.K_5L.png,/data5/chensx/MyProject/UAE/data/arrangement_merged/chr_05/Q251136.2~A25.K_5R.png,0,-0.0278078343305998,,0.0013045668601989,0.2683286932529528,chromosome
0,0.0010585188865661,Q251136,Q251136.2~A36.K_5,5,,normal,Q251136.2~A36.K_5L.png,Q251136.2~A36.K_5R.png,train,/data5/chensx/MyProject/UAE/data/arrangement_merged/chr_05/Q251136.2~A36.K_5L.png,/data5/chensx/MyProject/UAE/data/arrangement_merged/chr_05/Q251136.2~A36.K_5R.png,0,-0.2699167937362816,,0.0010585188865661,-0.6592177111474543,chromosome
0,0.0013442039489746,Q251136,Q251136.2~A5.K_5,5,,normal,Q251136.2~A5.K_5L.png,Q251136.2~A5.K_5R.png,train,/data5/chensx/MyProject/UAE/data/arrangement_merged/chr_05/Q251136.2~A5.K_5L.png,/data5/chensx/MyProject/UAE/data/arrangement_merged/chr_05/Q251136.2~A5.K_5R.png,0,0.0111946991007902,,0.0013442039489746,0.417751745318679,chromosome
0,0.0011131763458251,Q251136,Q251136.2~A7.K_5,5,,normal,Q251136.2~A7.K_5L.png,Q251136.2~A7.K_5R.png,train,/data5/chensx/MyProject/UAE/data/arrangement_merged/chr_05/Q251136.2~A7.K_5L.png,/data5/chensx/MyProject/UAE/data/arrangement_merged/chr_05/Q251136.2~A7.K_5R.png,0,-0.216134352899312,,0.0011131763458251,-0.4531711867204443,chromosome
0,0.0023849010467529,Q251136,Q251136.3~A16.K_5,5,,normal,Q251136.3~A16.K_5L.png,Q251136.3~A16.K_5R.png,train,/data5/chensx/MyProject/UAE/data/arrangement_merged/chr_05/Q251136.3~A16.K_5L.png,/data5/chensx/MyProject/UAE/data/arrangement_merged/chr_05/Q251136.3~A16.K_5R.png,0,1.035231140773078,,0.0023849010467529,4.340949473233316,chromosome
0,0.0012804269790649,Q251136,Q251136.3~A21.K_5,5,,normal,Q251136.3~A21.K_5L.png,Q251136.3~A21.K_5R.png,train,/data5/chensx/MyProject/UAE/data/arrangement_merged/chr_05/Q251136.3~A21.K_5L.png,/data5/chensx/MyProject/UAE/data/arrangement_merged/chr_05/Q251136.3~A21.K_5R.png,0,-0.0515612569467096,,0.0012804269790649,0.17732668410041696,chromosome
0,0.0010641813278198,Q251136,Q251136.3~A23.K_5,5,,normal,Q251136.3~A23.K_5L.png,Q251136.3~A23.K_5R.png,train,/data5/chensx/MyProject/UAE/data/arrangement_merged/chr_05/Q251136.3~A23.K_5L.png,/data5/chensx/MyProject/UAE/data/arrangement_merged/chr_05/Q251136.3~A23.K_5R.png,0,-0.264345003246083,,0.0010641813278198,-0.6378715608522434,chromosome
0,0.0014103651046752,Q251136,Q251136.3~A26.K_5,5,,normal,Q251136.3~A26.K_5L.png,Q251136.3~A26.K_5R.png,train,/data5/chensx/MyProject/UAE/data/arrangement_merged/chr_05/Q251136.3~A26.K_5L.png,/data5/chensx/MyProject/UAE/data/arrangement_merged/chr_05/Q251136.3~A26.K_5R.png,0,0.0762966721967947,,0.0014103651046752,0.6671646592923228,chromosome
0,0.0014232397079467,Q251136,Q251136.3~A32.K_5,5,,normal,Q251136.3~A32.K_5L.png,Q251136.3~A32.K_5R.png,train,/data5/chensx/MyProject/UAE/data/arrangement_merged/chr_05/Q251136.3~A32.K_5L.png,/data5/chensx/MyProject/UAE/data/arrangement_merged/chr_05/Q251136.3~A32.K_5R.png,0,0.0889651642587199,,0.0014232397079467,0.7156990641738008,chromosome
0,0.0019978284835815,Q251136,Q251136.3~A36.K_5,5,,normal,Q251136.3~A36.K_5L.png,Q251136.3~A36.K_5R.png,train,/data5/chensx/MyProject/UAE/data/arrangement_merged/chr_05/Q251136.3~A36.K_5L.png,/data5/chensx/MyProject/UAE/data/arrangement_merged/chr_05/Q251136.3~A36.K_5R.png,0,0.654355272948345,,0.0019978284835815,2.881771578326155,chromosome
0,0.0010753273963928,Q251136,Q251136.3~A40.K_5,5,,normal,Q251136.3~A40.K_5L.png,Q251136.3~A40.K_5R.png,train,/data5/chensx/MyProject/UAE/data/arrangement_merged/chr_05/Q251136.3~A40.K_5L.png,/data5/chensx/MyProject/UAE/data/arrangement_merged/chr_05/Q251136.3~A40.K_5R.png,0,-0.2533773735443236,,0.0010753273963928,-0.5958533492187853,chromosome
0,0.001232087612152,Q251136,Q251136.3~A41.K_5,5,,normal,Q251136.3~A41.K_5L.png,Q251136.3~A41.K_5R.png,train,/data5/chensx/MyProject/UAE/data/arrangement_merged/chr_05/Q251136.3~A41.K_5L.png,/data5/chensx/MyProject/UAE/data/arrangement_merged/chr_05/Q251136.3~A41.K_5R.png,0,-0.0991267526051417,,0.001232087612152,-0.004902030524019297,chromosome
0,0.001072347164154,Q251136,Q251136.4~A12.K_5,5,,normal,Q251136.4~A12.K_5L.png,Q251136.4~A12.K_5R.png,train,/data5/chensx/MyProject/UAE/data/arrangement_merged/chr_05/Q251136.4~A12.K_5L.png,/data5/chensx/MyProject/UAE/data/arrangement_merged/chr_05/Q251136.4~A12.K_5R.png,0,-0.2563098948549545,,0.001072347164154,-0.6070881651636726,chromosome
0,0.0010460615158081,Q251136,Q251136.4~A13.K_5,5,,normal,Q251136.4~A13.K_5L.png,Q251136.4~A13.K_5R.png,train,/data5/chensx/MyProject/UAE/data/arrangement_merged/chr_05/Q251136.4~A13.K_5L.png,/data5/chensx/MyProject/UAE/data/arrangement_merged/chr_05/Q251136.4~A13.K_5R.png,0,-0.2821747328147184,,0.0010460615158081,-0.7061792417963918,chromosome
0,0.0012657642364501,Q251136,Q251136.4~A15.K_5,5,,normal,Q251136.4~A15.K_5L.png,Q251136.4~A15.K_5R.png,train,/data5/chensx/MyProject/UAE/data/arrangement_merged/chr_05/Q251136.4~A15.K_5L.png,/data5/chensx/MyProject/UAE/data/arrangement_merged/chr_05/Q251136.4~A15.K_5R.png,0,-0.0659892617950133,,0.0012657642364501,0.12205138965193052,chromosome
0,0.0011890530586242,Q251136,Q251136.4~A16.K_5,5,,normal,Q251136.4~A16.K_5L.png,Q251136.4~A16.K_5R.png,train,/data5/chensx/MyProject/UAE/data/arrangement_merged/chr_05/Q251136.4~A16.K_5L.png,/data5/chensx/MyProject/UAE/data/arrangement_merged/chr_05/Q251136.4~A16.K_5R.png,0,-0.141472360330651,,0.0011890530586242,-0.16713277276642047,chromosome
0,0.0010110735893249,Q251136,Q251136.4~A19.K_5,5,,normal,Q251136.4~A19.K_5L.png,Q251136.4~A19.K_5R.png,train,/data5/chensx/MyProject/UAE/data/arrangement_merged/chr_05/Q251136.4~A19.K_5L.png,/data5/chensx/MyProject/UAE/data/arrangement_merged/chr_05/Q251136.4~A19.K_5R.png,0,-0.3166025330015244,,0.0010110735893249,-0.8380759809881987,chromosome
0,0.0015000104904174,Q251136,Q251136.4~A2.K_5,5,,normal,Q251136.4~A2.K_5L.png,Q251136.4~A2.K_5R.png,train,/data5/chensx/MyProject/UAE/data/arrangement_merged/chr_05/Q251136.4~A2.K_5L.png,/data5/chensx/MyProject/UAE/data/arrangement_merged/chr_05/Q251136.4~A2.K_5R.png,0,0.1645069132205703,,0.0015000104904174,1.0051079229111406,chromosome
0,0.0011911392211914,Q251136,Q251136.4~A36.K_5,5,,normal,Q251136.4~A36.K_5L.png,Q251136.4~A36.K_5R.png,train,/data5/chensx/MyProject/UAE/data/arrangement_merged/chr_05/Q251136.4~A36.K_5L.png,/data5/chensx/MyProject/UAE/data/arrangement_merged/chr_05/Q251136.4~A36.K_5R.png,0,-0.1394195954132094,,0.0011911392211914,-0.15926840160484806,chromosome
0,0.0010433197021484,Q251136,Q251136.4~A5.K_5,5,,normal,Q251136.4~A5.K_5L.png,Q251136.4~A5.K_5R.png,train,/data5/chensx/MyProject/UAE/data/arrangement_merged/chr_05/Q251136.4~A5.K_5L.png,/data5/chensx/MyProject/UAE/data/arrangement_merged/chr_05/Q251136.4~A5.K_5R.png,0,-0.2848726524204988,,0.0010433197021484,-0.7165152724657039,chromosome
0,0.0007262825965881,165070,165070.11~A20.K_6,6,,normal,165070.11~A20.K_6L.png,165070.11~A20.K_6R.png,train,/data5/chensx/MyProject/UAE/data/arrangement_merged/chr_06/165070.11~A20.K_6L.png,/data5/chensx/MyProject/UAE/data/arrangement_merged/chr_06/165070.11~A20.K_6R.png,0,-0.7583477396020739,,0.0007262825965881,-0.661769277241644,chromosome
0,0.0009815096855163,165070,165070.11~A21.K_6,6,,normal,165070.11~A21.K_6L.png,165070.11~A21.K_6R.png,train,/data5/chensx/MyProject/UAE/data/arrangement_merged/chr_06/165070.11~A21.K_6L.png,/data5/chensx/MyProject/UAE/data/arrangement_merged/chr_06/165070.11~A21.K_6R.png,0,-0.3987902926555008,,0.0009815096855163,0.697756228861089,chromosome
0,0.0005831718444824,165070,165070.11~A30.K_6,6,,normal,165070.11~A30.K_6L.png,165070.11~A30.K_6R.png,train,/data5/chensx/MyProject/UAE/data/arrangement_merged/chr_06/165070.11~A30.K_6L.png,/data5/chensx/MyProject/UAE/data/arrangement_merged/chr_06/165070.11~A30.K_6R.png,0,-0.9599585359866424,,0.0005831718444824,-1.4240814538303077,chromosome
0,0.00080406665802,165070,165070.12~A1.K_6,6,,normal,165070.12~A1.K_6L.png,165070.12~A1.K_6R.png,train,/data5/chensx/MyProject/UAE/data/arrangement_merged/chr_06/165070.12~A1.K_6L.png,/data5/chensx/MyProject/UAE/data/arrangement_merged/chr_06/165070.12~A1.K_6R.png,0,-0.6487675274896784,,0.00080406665802,-0.24743467064085636,chromosome
0,0.0006721019744873,165070,165070.12~A21.K_6,6,,normal,165070.12~A21.K_6L.png,165070.12~A21.K_6R.png,train,/data5/chensx/MyProject/UAE/data/arrangement_merged/chr_06/165070.12~A21.K_6L.png,/data5/chensx/MyProject/UAE/data/arrangement_merged/chr_06/165070.12~A21.K_6R.png,0,-0.8346760252803633,,0.0006721019744873,-0.9503747618392169,chromosome
0,0.0010650753974914,165070,165070.12~A41.K_6,6,,normal,165070.12~A41.K_6L.png,165070.12~A41.K_6R.png,train,/data5/chensx/MyProject/UAE/data/arrangement_merged/chr_06/165070.12~A41.K_6L.png,/data5/chensx/MyProject/UAE/data/arrangement_merged/chr_06/165070.12~A41.K_6R.png,0,-0.2810650379569731,,0.0010650753974914,1.1428881203968797,chromosome
0,0.0007485747337341,165070,165070.12~A5.K_6,6,,normal,165070.12~A5.K_6L.png,165070.12~A5.K_6R.png,train,/data5/chensx/MyProject/UAE/data/arrangement_merged/chr_06/165070.12~A5.K_6L.png,/data5/chensx/MyProject/UAE/data/arrangement_merged/chr_06/165070.12~A5.K_6R.png,0,-0.7269431424143069,,0.0007485747337341,-0.5430251064610377,chromosome
0,0.000661015510559,165070,165070.12~A9.K_6,6,,normal,165070.12~A9.K_6L.png,165070.12~A9.K_6R.png,train,/data5/chensx/MyProject/UAE/data/arrangement_merged/chr_06/165070.12~A9.K_6L.png,/data5/chensx/MyProject/UAE/data/arrangement_merged/chr_06/165070.12~A9.K_6R.png,0,-0.8502943543630496,,0.000661015510559,-1.0094293494470863,chromosome
0,0.0008629560470581,165070,165070.13~A24.K_6,6,,normal,165070.13~A24.K_6L.png,165070.13~A24.K_6R.png,train,/data5/chensx/MyProject/UAE/data/arrangement_merged/chr_06/165070.13~A24.K_6L.png,/data5/chensx/MyProject/UAE/data/arrangement_merged/chr_06/165070.13~A24.K_6R.png,0,-0.5658056504268072,,0.0008629560470581,0.06625313880097947,chromosome
0,0.0010977983474731,165070,165070.13~A25.K_6,6,,normal,165070.13~A25.K_6L.png,165070.13~A25.K_6R.png,train,/data5/chensx/MyProject/UAE/data/arrangement_merged/chr_06/165070.13~A25.K_6L.png,/data5/chensx/MyProject/UAE/data/arrangement_merged/chr_06/165070.13~A25.K_6R.png,0,-0.2349657763096894,,0.0010977983474731,1.3171944031737852,chromosome
0,0.0011113882064819,165070,165070.13~A26.K_6,6,,normal,165070.13~A26.K_6L.png,165070.13~A26.K_6R.png,train,/data5/chensx/MyProject/UAE/data/arrangement_merged/chr_06/165070.13~A26.K_6L.png,/data5/chensx/MyProject/UAE/data/arrangement_merged/chr_06/165070.13~A26.K_6R.png,0,-0.2158207277567191,,0.0011113882064819,1.3895838976604031,chromosome
0,0.0010557174682617,165070,165070.13~A27.K_6,6,,normal,165070.13~A27.K_6L.png,165070.13~A27.K_6R.png,train,/data5/chensx/MyProject/UAE/data/arrangement_merged/chr_06/165070.13~A27.K_6L.png,/data5/chensx/MyProject/UAE/data/arrangement_merged/chr_06/165070.13~A27.K_6R.png,0,-0.2942482512149394,,0.0010557174682617,1.0930409684918547,chromosome
0,0.0008821487426757,165070,165070.13~A28.K_6,6,,normal,165070.13~A28.K_6L.png,165070.13~A28.K_6R.png,train,/data5/chensx/MyProject/UAE/data/arrangement_merged/chr_06/165070.13~A28.K_6L.png,/data5/chensx/MyProject/UAE/data/arrangement_merged/chr_06/165070.13~A28.K_6R.png,0,-0.5387674678212966,,0.0008821487426757,0.16848742487370025,chromosome
0,0.0010701417922973,165070,165070.13~A3.K_6,6,,normal,165070.13~A3.K_6L.png,165070.13~A3.K_6R.png,train,/data5/chensx/MyProject/UAE/data/arrangement_merged/chr_06/165070.13~A3.K_6L.png,/data5/chensx/MyProject/UAE/data/arrangement_merged/chr_06/165070.13~A3.K_6R.png,0,-0.2739276295052079,,0.0010701417922973,1.169875431937878,chromosome
0,0.00093275308609,165070,165070.13~A36.K_6,6,,normal,165070.13~A36.K_6L.png,165070.13~A36.K_6R.png,train,/data5/chensx/MyProject/UAE/data/arrangement_merged/chr_06/165070.13~A36.K_6L.png,/data5/chensx/MyProject/UAE/data/arrangement_merged/chr_06/165070.13~A36.K_6R.png,0,-0.4674773528148415,,0.00093275308609,0.43804304250125037,chromosome
0,0.0006605386734008,165070,165070.13~A40.K_6,6,,normal,165070.13~A40.K_6L.png,165070.13~A40.K_6R.png,train,/data5/chensx/MyProject/UAE/data/arrangement_merged/chr_06/165070.13~A40.K_6L.png,/data5/chensx/MyProject/UAE/data/arrangement_merged/chr_06/165070.13~A40.K_6R.png,0,-0.8509661104526275,,0.0006605386734008,-1.0119693317097558,chromosome
0,0.0007669925689697,165070,165070.13~A9.K_6,6,,normal,165070.13~A9.K_6L.png,165070.13~A9.K_6R.png,train,/data5/chensx/MyProject/UAE/data/arrangement_merged/chr_06/165070.13~A9.K_6L.png,/data5/chensx/MyProject/UAE/data/arrangement_merged/chr_06/165070.13~A9.K_6R.png,0,-0.7009965634543603,,0.0007669925689697,-0.44491829156475543,chromosome
0,0.0008159279823303,165070,165070.1~A9.K_6,6,,normal,165070.1~A9.K_6L.png,165070.1~A9.K_6R.png,train,/data5/chensx/MyProject/UAE/data/arrangement_merged/chr_06/165070.1~A9.K_6L.png,/data5/chensx/MyProject/UAE/data/arrangement_merged/chr_06/165070.1~A9.K_6R.png,0,-0.632057594761428,,0.0008159279823303,-0.18425261185654854,chromosome
0,0.0011753439903259,165070,165070.2~A31.K_6,6,,normal,165070.2~A31.K_6L.png,165070.2~A31.K_6R.png,train,/data5/chensx/MyProject/UAE/data/arrangement_merged/chr_06/165070.2~A31.K_6L.png,/data5/chensx/MyProject/UAE/data/arrangement_merged/chr_06/165070.2~A31.K_6R.png,0,-0.1257214422420828,,0.0011753439903259,1.7302590186432372,chromosome
0,0.0006587505340576,165070,165070.3~A15.K_6,6,,normal,165070.3~A15.K_6L.png,165070.3~A15.K_6R.png,train,/data5/chensx/MyProject/UAE/data/arrangement_merged/chr_06/165070.3~A15.K_6L.png,/data5/chensx/MyProject/UAE/data/arrangement_merged/chr_06/165070.3~A15.K_6R.png,0,-0.8534851957885446,,0.0006587505340576,-1.021494265194501,chromosome
0,0.0008313655853271,165070,165070.3~A2.K_6,6,,normal,165070.3~A2.K_6L.png,165070.3~A2.K_6R.png,train,/data5/chensx/MyProject/UAE/data/arrangement_merged/chr_06/165070.3~A2.K_6L.png,/data5/chensx/MyProject/UAE/data/arrangement_merged/chr_06/165070.3~A2.K_6R.png,0,-0.6103094913613434,,0.0008313655853271,-0.10202068610221864,chromosome
0,0.0010876655578613,165070,165070.3~A30.K_6,6,,normal,165070.3~A30.K_6L.png,165070.3~A30.K_6R.png,train,/data5/chensx/MyProject/UAE/data/arrangement_merged/chr_06/165070.3~A30.K_6L.png,/data5/chensx/MyProject/UAE/data/arrangement_merged/chr_06/165070.3~A30.K_6R.png,0,-0.2492405932132199,,0.0010876655578613,1.2632197800917875,chromosome
0,0.0012626647949218,165070,165070.3~A35.K_6,6,,normal,165070.3~A35.K_6L.png,165070.3~A35.K_6R.png,train,/data5/chensx/MyProject/UAE/data/arrangement_merged/chr_06/165070.3~A35.K_6L.png,/data5/chensx/MyProject/UAE/data/arrangement_merged/chr_06/165070.3~A35.K_6R.png,0,-0.0027061083381291,,0.0012626647949218,2.195393270497418,chromosome
0,0.0008859634399414,165070,165070.3~A43.K_6,6,,normal,165070.3~A43.K_6L.png,165070.3~A43.K_6R.png,train,/data5/chensx/MyProject/UAE/data/arrangement_merged/chr_06/165070.3~A43.K_6L.png,/data5/chensx/MyProject/UAE/data/arrangement_merged/chr_06/165070.3~A43.K_6R.png,0,-0.5333934191046733,,0.0008859634399414,0.18880728297558988,chromosome
0,0.0008066892623901,170215,170215.12~A1.K_6,6,,normal,170215.12~A1.K_6L.png,170215.12~A1.K_6R.png,train,/data5/chensx/MyProject/UAE/data/arrangement_merged/chr_06/170215.12~A1.K_6L.png,/data5/chensx/MyProject/UAE/data/arrangement_merged/chr_06/170215.12~A1.K_6R.png,0,-0.6872079404945962,,0.0008066892623901,-0.23346476819617343,chromosome
0,0.0016506314277648,170215,170215.12~A24.K_6,6,,normal,170215.12~A24.K_6L.png,170215.12~A24.K_6R.png,train,/data5/chensx/MyProject/UAE/data/arrangement_merged/chr_06/170215.12~A24.K_6L.png,/data5/chensx/MyProject/UAE/data/arrangement_merged/chr_06/170215.12~A24.K_6R.png,0,0.4205952896059956,,0.0016506314277648,4.2619863389754835,chromosome
0,0.0011023879051208,170215,170215.12~A31.K_6,6,,normal,170215.12~A31.K_6L.png,170215.12~A31.K_6R.png,train,/data5/chensx/MyProject/UAE/data/arrangement_merged/chr_06/170215.12~A31.K_6L.png,/data5/chensx/MyProject/UAE/data/arrangement_merged/chr_06/170215.12~A31.K_6R.png,0,-0.2990582247993468,,0.0011023879051208,1.3416417324521133,chromosome
0,0.001613438129425,170215,170215.12~A33.K_6,6,,normal,170215.12~A33.K_6L.png,170215.12~A33.K_6R.png,train,/data5/chensx/MyProject/UAE/data/arrangement_merged/chr_06/170215.12~A33.K_6L.png,/data5/chensx/MyProject/UAE/data/arrangement_merged/chr_06/170215.12~A33.K_6R.png,0,0.3717733943038719,,0.001613438129425,4.063867722486183,chromosome
0,0.0009527206420898,170215,170215.12~A44.K_6,6,,normal,170215.12~A44.K_6L.png,170215.12~A44.K_6R.png,train,/data5/chensx/MyProject/UAE/data/arrangement_merged/chr_06/170215.12~A44.K_6L.png,/data5/chensx/MyProject/UAE/data/arrangement_merged/chr_06/170215.12~A44.K_6R.png,0,-0.4955194092602965,,0.0009527206420898,0.5444047997514752,chromosome
0,0.0008349418640136,170215,170215.12~A47.K_6,6,,normal,170215.12~A47.K_6L.png,170215.12~A47.K_6R.png,train,/data5/chensx/MyProject/UAE/data/arrangement_merged/chr_06/170215.12~A47.K_6L.png,/data5/chensx/MyProject/UAE/data/arrangement_merged/chr_06/170215.12~A47.K_6R.png,0,-0.6501220777170215,,0.0008349418640136,-0.08297081913219596,chromosome
0,0.0007987022399902,170215,170215.12~A48.K_6,6,,normal,170215.12~A48.K_6L.png,170215.12~A48.K_6R.png,train,/data5/chensx/MyProject/UAE/data/arrangement_merged/chr_06/170215.12~A48.K_6L.png,/data5/chensx/MyProject/UAE/data/arrangement_merged/chr_06/170215.12~A48.K_6R.png,0,-0.6976921295498599,,0.0007987022399902,-0.2760094710961566,chromosome
0,0.0008571147918701,170215,170215.12~A49.K_6,6,,normal,170215.12~A49.K_6L.png,170215.12~A49.K_6R.png,train,/data5/chensx/MyProject/UAE/data/arrangement_merged/chr_06/170215.12~A49.K_6L.png,/data5/chensx/MyProject/UAE/data/arrangement_merged/chr_06/170215.12~A49.K_6R.png,0,-0.62101671705614,,0.0008571147918701,0.035138356083009074,chromosome
0,0.0009927749633789,170215,170215.12~A6.K_6,6,,normal,170215.12~A6.K_6L.png,170215.12~A6.K_6R.png,train,/data5/chensx/MyProject/UAE/data/arrangement_merged/chr_06/170215.12~A6.K_6L.png,/data5/chensx/MyProject/UAE/data/arrangement_merged/chr_06/170215.12~A6.K_6R.png,0,-0.4429419835503171,,0.0009927749633789,0.757763309817326,chromosome
0,0.0007817149162292,170215,170215.12~A7.K_6,6,,normal,170215.12~A7.K_6L.png,170215.12~A7.K_6R.png,train,/data5/chensx/MyProject/UAE/data/arrangement_merged/chr_06/170215.12~A7.K_6L.png,/data5/chensx/MyProject/UAE/data/arrangement_merged/chr_06/170215.12~A7.K_6R.png,0,-0.719990591346503,,0.0007817149162292,-0.3664963392044296,chromosome
0,0.0007159709930419,170215,170215.13~A21.K_6,6,,normal,170215.13~A21.K_6L.png,170215.13~A21.K_6R.png,train,/data5/chensx/MyProject/UAE/data/arrangement_merged/chr_06/170215.13~A21.K_6L.png,/data5/chensx/MyProject/UAE/data/arrangement_merged/chr_06/170215.13~A21.K_6R.png,0,-0.806289550510353,,0.0007159709930419,-0.7166963936725413,chromosome
0,0.000649094581604,170215,170215.13~A36.K_6,6,,normal,170215.13~A36.K_6L.png,170215.13~A36.K_6R.png,train,/data5/chensx/MyProject/UAE/data/arrangement_merged/chr_06/170215.13~A36.K_6L.png,/data5/chensx/MyProject/UAE/data/arrangement_merged/chr_06/170215.13~A36.K_6R.png,0,-0.8940750737939792,,0.000649094581604,-1.0729289060138278,chromosome
0,0.0008245706558227,170215,170215.13~A44.K_6,6,,normal,170215.13~A44.K_6L.png,170215.13~A44.K_6R.png,train,/data5/chensx/MyProject/UAE/data/arrangement_merged/chr_06/170215.13~A44.K_6L.png,/data5/chensx/MyProject/UAE/data/arrangement_merged/chr_06/170215.13~A44.K_6R.png,0,-0.6637358754454983,,0.0008245706558227,-0.1382154333455276,chromosome
0,0.0007145404815673,170215,170215.13~A47.K_6,6,,normal,170215.13~A47.K_6L.png,170215.13~A47.K_6R.png,train,/data5/chensx/MyProject/UAE/data/arrangement_merged/chr_06/170215.13~A47.K_6L.png,/data5/chensx/MyProject/UAE/data/arrangement_merged/chr_06/170215.13~A47.K_6R.png,0,-0.8081673157142808,,0.0007145404815673,-0.7243163404605506,chromosome
0,0.0006917715072631,170215,170215.13~A5.K_6,6,,normal,170215.13~A5.K_6L.png,170215.13~A5.K_6R.png,train,/data5/chensx/MyProject/UAE/data/arrangement_merged/chr_06/170215.13~A5.K_6L.png,/data5/chensx/MyProject/UAE/data/arrangement_merged/chr_06/170215.13~A5.K_6R.png,0,-0.8380550785434655,,0.0006917715072631,-0.8456004935038265,chromosome
0,0.0011273622512817,170215,170215.1~A9.K_6,6,,normal,170215.1~A9.K_6L.png,170215.1~A9.K_6R.png,train,/data5/chensx/MyProject/UAE/data/arrangement_merged/chr_06/170215.1~A9.K_6L.png,/data5/chensx/MyProject/UAE/data/arrangement_merged/chr_06/170215.1~A9.K_6R.png,0,-0.26627557394744,,0.0011273622512817,1.4746733034603694,chromosome
0,0.000736653804779,170215,170215.2~A19.K_6,6,,normal,170215.2~A19.K_6L.png,170215.2~A19.K_6R.png,train,/data5/chensx/MyProject/UAE/data/arrangement_merged/chr_06/170215.2~A19.K_6L.png,/data5/chensx/MyProject/UAE/data/arrangement_merged/chr_06/170215.2~A19.K_6R.png,0,-0.7791401952702297,,0.000736653804779,-0.6065246630283119,chromosome
0,0.0006675124168395,170215,170215.2~A2.K_6,6,,normal,170215.2~A2.K_6L.png,170215.2~A2.K_6R.png,train,/data5/chensx/MyProject/UAE/data/arrangement_merged/chr_06/170215.2~A2.K_6L.png,/data5/chensx/MyProject/UAE/data/arrangement_merged/chr_06/170215.2~A2.K_6R.png,0,-0.8698988467934083,,0.0006675124168395,-0.9748220911180786,chromosome
0,0.000976026058197,170215,170215.2~A23.K_6,6,,normal,170215.2~A23.K_6L.png,170215.2~A23.K_6R.png,train,/data5/chensx/MyProject/UAE/data/arrangement_merged/chr_06/170215.2~A23.K_6L.png,/data5/chensx/MyProject/UAE/data/arrangement_merged/chr_06/170215.2~A23.K_6R.png,0,-0.4649274844796388,,0.000976026058197,0.6685464328403881,chromosome
0,0.0008153319358825,170215,170215.2~A33.K_6,6,,normal,170215.2~A33.K_6L.png,170215.2~A33.K_6R.png,train,/data5/chensx/MyProject/UAE/data/arrangement_merged/chr_06/170215.2~A33.K_6L.png,/data5/chensx/MyProject/UAE/data/arrangement_merged/chr_06/170215.2~A33.K_6R.png,0,-0.6758631090541989,,0.0008153319358825,-0.18742758968515247,chromosome
0,0.0007861852645874,170215,170215.2~A4.K_6,6,,normal,170215.2~A4.K_6L.png,170215.2~A4.K_6R.png,train,/data5/chensx/MyProject/UAE/data/arrangement_merged/chr_06/170215.2~A4.K_6L.png,/data5/chensx/MyProject/UAE/data/arrangement_merged/chr_06/170215.2~A4.K_6R.png,0,-0.7141225750842285,,0.0007861852645874,-0.3426840054915022,chromosome
0,0.0007513761520385,170215,170215.3~A32.K_6,6,,normal,170215.3~A32.K_6L.png,170215.3~A32.K_6R.png,train,/data5/chensx/MyProject/UAE/data/arrangement_merged/chr_06/170215.3~A32.K_6L.png,/data5/chensx/MyProject/UAE/data/arrangement_merged/chr_06/170215.3~A32.K_6R.png,0,-0.7598148617131392,,0.0007513761520385,-0.5281027106679866,chromosome
0,0.0008520483970642,170215,170215.3~A33.K_6,6,,normal,170215.3~A33.K_6L.png,170215.3~A33.K_6R.png,train,/data5/chensx/MyProject/UAE/data/arrangement_merged/chr_06/170215.3~A33.K_6L.png,/data5/chensx/MyProject/UAE/data/arrangement_merged/chr_06/170215.3~A33.K_6R.png,0,-0.6276671354867178,,0.0008520483970642,0.008151044542010795,chromosome
0,0.0006800293922424,170215,170215.3~A38.K_6,6,,normal,170215.3~A38.K_6L.png,170215.3~A38.K_6R.png,train,/data5/chensx/MyProject/UAE/data/arrangement_merged/chr_06/170215.3~A38.K_6L.png,/data5/chensx/MyProject/UAE/data/arrangement_merged/chr_06/170215.3~A38.K_6R.png,0,-0.8534684012590399,,0.0006800293922424,-0.9081475567222006,chromosome
0,0.0009040832519531,170215,170215.3~A41.K_6,6,,normal,170215.3~A41.K_6L.png,170215.3~A41.K_6R.png,train,/data5/chensx/MyProject/UAE/data/arrangement_merged/chr_06/170215.3~A41.K_6L.png,/data5/chensx/MyProject/UAE/data/arrangement_merged/chr_06/170215.3~A41.K_6R.png,0,-0.5593634261938428,,0.0009040832519531,0.2853266089575702,chromosome
0,0.0007676482200622,170215,170215.3~A47.K_6,6,,normal,170215.3~A47.K_6L.png,170215.3~A47.K_6R.png,train,/data5/chensx/MyProject/UAE/data/arrangement_merged/chr_06/170215.3~A47.K_6L.png,/data5/chensx/MyProject/UAE/data/arrangement_merged/chr_06/170215.3~A47.K_6R.png,0,-0.73845528251846,,0.0007676482200622,-0.44142581595371766,chromosome
0,0.0007616281509399,179083,179083.12~A20.K_6,6,,normal,179083.12~A20.K_6L.png,179083.12~A20.K_6R.png,train,/data5/chensx/MyProject/UAE/data/arrangement_merged/chr_06/179083.12~A20.K_6L.png,/data5/chensx/MyProject/UAE/data/arrangement_merged/chr_06/179083.12~A20.K_6R.png,0,-0.6481459981461976,,0.0007616281509399,-0.4734930920200557,chromosome
0,0.0006890296936035,179083,179083.12~A37.K_6,6,,normal,179083.12~A37.K_6L.png,179083.12~A37.K_6R.png,train,/data5/chensx/MyProject/UAE/data/arrangement_merged/chr_06/179083.12~A37.K_6L.png,/data5/chensx/MyProject/UAE/data/arrangement_merged/chr_06/179083.12~A37.K_6R.png,0,-0.7573163850109168,,0.0006890296936035,-0.8602053915139107,chromosome
0,0.0007573962211608,179083,179083.12~A39.K_6,6,,normal,179083.12~A39.K_6L.png,179083.12~A39.K_6R.png,train,/data5/chensx/MyProject/UAE/data/arrangement_merged/chr_06/179083.12~A39.K_6L.png,/data5/chensx/MyProject/UAE/data/arrangement_merged/chr_06/179083.12~A39.K_6R.png,0,-0.6545097891703314,,0.0007573962211608,-0.4960354346016486,chromosome
0,0.0006351470947265,179083,179083.12~A47.K_6,6,,normal,179083.12~A47.K_6L.png,179083.12~A47.K_6R.png,train,/data5/chensx/MyProject/UAE/data/arrangement_merged/chr_06/179083.12~A47.K_6L.png,/data5/chensx/MyProject/UAE/data/arrangement_merged/chr_06/179083.12~A47.K_6R.png,0,-0.8383426819942553,,0.0006351470947265,-1.1472233871977147,chromosome
0,0.0008431673049926,179083,179083.12~A9.K_6,6,,normal,179083.12~A9.K_6L.png,179083.12~A9.K_6R.png,train,/data5/chensx/MyProject/UAE/data/arrangement_merged/chr_06/179083.12~A9.K_6L.png,/data5/chensx/MyProject/UAE/data/arrangement_merged/chr_06/179083.12~A9.K_6R.png,0,-0.5255309823572517,,0.0008431673049926,-0.03915612510087771,chromosome
0,0.0009145736694335,179083,179083.13~A11.K_6,6,,normal,179083.13~A11.K_6L.png,179083.13~A11.K_6R.png,train,/data5/chensx/MyProject/UAE/data/arrangement_merged/chr_06/179083.13~A11.K_6L.png,/data5/chensx/MyProject/UAE/data/arrangement_merged/chr_06/179083.13~A11.K_6R.png,0,-0.4181532126824293,,0.0009145736694335,0.34120621873630314,chromosome
0,0.0007124543190002,179083,179083.13~A13.K_6,6,,normal,179083.13~A13.K_6L.png,179083.13~A13.K_6R.png,train,/data5/chensx/MyProject/UAE/data/arrangement_merged/chr_06/179083.13~A13.K_6L.png,/data5/chensx/MyProject/UAE/data/arrangement_merged/chr_06/179083.13~A13.K_6R.png,0,-0.7220914572294433,,0.0007124543190002,-0.7354287628595971,chromosome
0,0.0010364651679992,179083,179083.13~A14.K_6,6,,normal,179083.13~A14.K_6L.png,179083.13~A14.K_6R.png,train,/data5/chensx/MyProject/UAE/data/arrangement_merged/chr_06/179083.13~A14.K_6L.png,/data5/chensx/MyProject/UAE/data/arrangement_merged/chr_06/179083.13~A14.K_6R.png,0,-0.2348581050154744,,0.0010364651679992,0.9904891846356334,chromosome
0,0.0008209347724914,179083,179083.13~A2.K_6,6,,normal,179083.13~A2.K_6L.png,179083.13~A2.K_6R.png,train,/data5/chensx/MyProject/UAE/data/arrangement_merged/chr_06/179083.13~A2.K_6L.png,/data5/chensx/MyProject/UAE/data/arrangement_merged/chr_06/179083.13~A2.K_6R.png,0,-0.5589632929488283,,0.0008209347724914,-0.15758279809851716,chromosome
0,0.0008092522621154,179083,179083.13~A22.K_6,6,,normal,179083.13~A22.K_6L.png,179083.13~A22.K_6R.png,train,/data5/chensx/MyProject/UAE/data/arrangement_merged/chr_06/179083.13~A22.K_6L.png,/data5/chensx/MyProject/UAE/data/arrangement_merged/chr_06/179083.13~A22.K_6R.png,0,-0.5765309414098176,,0.0008092522621154,-0.2198123635344568,chromosome
0,0.0009893178939819,179083,179083.13~A26.K_6,6,,normal,179083.13~A26.K_6L.png,179083.13~A26.K_6R.png,train,/data5/chensx/MyProject/UAE/data/arrangement_merged/chr_06/179083.13~A26.K_6L.png,/data5/chensx/MyProject/UAE/data/arrangement_merged/chr_06/179083.13~A26.K_6R.png,0,-0.3057561148758956,,0.0009893178939819,0.7393484384127046,chromosome
0,0.0007585287094116,179083,179083.13~A34.K_6,6,,normal,179083.13~A34.K_6L.png,179083.13~A34.K_6R.png,train,/data5/chensx/MyProject/UAE/data/arrangement_merged/chr_06/179083.13~A34.K_6L.png,/data5/chensx/MyProject/UAE/data/arrangement_merged/chr_06/179083.13~A34.K_6R.png,0,-0.6528068028399294,,0.0007585287094116,-0.4900029767274088,chromosome
0,0.0009839534759521,179083,179083.13~A39.K_6,6,,normal,179083.13~A39.K_6L.png,179083.13~A39.K_6R.png,train,/data5/chensx/MyProject/UAE/data/arrangement_merged/chr_06/179083.13~A39.K_6L.png,/data5/chensx/MyProject/UAE/data/arrangement_merged/chr_06/179083.13~A39.K_6R.png,0,-0.3138228922304315,,0.0009839534759521,0.710773637957405,chromosome
0,0.000741958618164,179083,179083.14~A14.K_6,6,,normal,179083.14~A14.K_6L.png,179083.14~A14.K_6R.png,train,/data5/chensx/MyProject/UAE/data/arrangement_merged/chr_06/179083.14~A14.K_6L.png,/data5/chensx/MyProject/UAE/data/arrangement_merged/chr_06/179083.14~A14.K_6R.png,0,-0.6777241817794959,,0.000741958618164,-0.5782673603559785,chromosome
0,0.0008230805397033,179083,179083.14~A18.K_6,6,,normal,179083.14~A18.K_6L.png,179083.14~A18.K_6R.png,train,/data5/chensx/MyProject/UAE/data/arrangement_merged/chr_06/179083.14~A18.K_6L.png,/data5/chensx/MyProject/UAE/data/arrangement_merged/chr_06/179083.14~A18.K_6R.png,0,-0.5557365820070139,,0.0008230805397033,-0.14615287791650378,chromosome
0,0.0008806586265563,179083,179083.14~A2.K_6,6,,normal,179083.14~A2.K_6L.png,179083.14~A2.K_6R.png,train,/data5/chensx/MyProject/UAE/data/arrangement_merged/chr_06/179083.14~A2.K_6L.png,/data5/chensx/MyProject/UAE/data/arrangement_merged/chr_06/179083.14~A2.K_6R.png,0,-0.4691531717349951,,0.0008806586265563,0.16054998030272405,chromosome
0,0.0009255409240722,179083,179083.14~A27.K_6,6,,normal,179083.14~A27.K_6L.png,179083.14~A27.K_6R.png,train,/data5/chensx/MyProject/UAE/data/arrangement_merged/chr_06/179083.14~A27.K_6L.png,/data5/chensx/MyProject/UAE/data/arrangement_merged/chr_06/179083.14~A27.K_6R.png,0,-0.401661134535378,,0.0009255409240722,0.3996258107782387,chromosome
0,0.0009242296218872,179083,179083.14~A28.K_6,6,,normal,179083.14~A28.K_6L.png,179083.14~A28.K_6R.png,train,/data5/chensx/MyProject/UAE/data/arrangement_merged/chr_06/179083.14~A28.K_6L.png,/data5/chensx/MyProject/UAE/data/arrangement_merged/chr_06/179083.14~A28.K_6R.png,0,-0.4036330134442646,,0.0009242296218872,0.3926408595561632,chromosome
0,0.0005196332931518,179083,179083.14~A39.K_6,6,,normal,179083.14~A39.K_6L.png,179083.14~A39.K_6R.png,train,/data5/chensx/MyProject/UAE/data/arrangement_merged/chr_06/179083.14~A39.K_6L.png,/data5/chensx/MyProject/UAE/data/arrangement_merged/chr_06/179083.14~A39.K_6R.png,0,-1.012047287695262,,0.0005196332931518,-1.7625340903334392,chromosome
0,0.0008975267410278,179083,179083.14~A44.K_6,6,,normal,179083.14~A44.K_6L.png,179083.14~A44.K_6R.png,train,/data5/chensx/MyProject/UAE/data/arrangement_merged/chr_06/179083.14~A44.K_6L.png,/data5/chensx/MyProject/UAE/data/arrangement_merged/chr_06/179083.14~A44.K_6R.png,0,-0.4437876384979545,,0.0008975267410278,0.2504018528455963,chromosome
0,0.000893235206604,179083,179083.14~A7.K_6,6,,normal,179083.14~A7.K_6L.png,179083.14~A7.K_6R.png,train,/data5/chensx/MyProject/UAE/data/arrangement_merged/chr_06/179083.14~A7.K_6L.png,/data5/chensx/MyProject/UAE/data/arrangement_merged/chr_06/179083.14~A7.K_6R.png,0,-0.4502410603815832,,0.000893235206604,0.227542012481569,chromosome
0,0.0011680126190185,179083,179083.1~A24.K_6,6,,normal,179083.1~A24.K_6L.png,179083.1~A24.K_6R.png,train,/data5/chensx/MyProject/UAE/data/arrangement_merged/chr_06/179083.1~A24.K_6L.png,/data5/chensx/MyProject/UAE/data/arrangement_merged/chr_06/179083.1~A24.K_6R.png,0,-0.0370427981103549,,0.0011680126190185,1.6912067913542916,chromosome
0,0.000697374343872,179083,179083.2~A1.K_6,6,,normal,179083.2~A1.K_6L.png,179083.2~A1.K_6R.png,train,/data5/chensx/MyProject/UAE/data/arrangement_merged/chr_06/179083.2~A1.K_6L.png,/data5/chensx/MyProject/UAE/data/arrangement_merged/chr_06/179083.2~A1.K_6R.png,0,-0.7447680646816388,,0.000697374343872,-0.8157557019171918,chromosome
0,0.0006555318832397,179083,179083.2~A12.K_6,6,,normal,179083.2~A12.K_6L.png,179083.2~A12.K_6R.png,train,/data5/chensx/MyProject/UAE/data/arrangement_merged/chr_06/179083.2~A12.K_6L.png,/data5/chensx/MyProject/UAE/data/arrangement_merged/chr_06/179083.2~A12.K_6R.png,0,-0.8076889280470189,,0.0006555318832397,-1.0386391454677872,chromosome
0,0.0007526874542236,179083,179083.2~A14.K_6,6,,normal,179083.2~A14.K_6L.png,179083.2~A14.K_6R.png,train,/data5/chensx/MyProject/UAE/data/arrangement_merged/chr_06/179083.2~A14.K_6L.png,/data5/chensx/MyProject/UAE/data/arrangement_merged/chr_06/179083.2~A14.K_6R.png,0,-0.661590627070424,,0.0007526874542236,-0.5211177594453786,chromosome
0,0.000958502292633,179083,179083.2~A18.K_6,6,,normal,179083.2~A18.K_6L.png,179083.2~A18.K_6R.png,train,/data5/chensx/MyProject/UAE/data/arrangement_merged/chr_06/179083.2~A18.K_6L.png,/data5/chensx/MyProject/UAE/data/arrangement_merged/chr_06/179083.2~A18.K_6R.png,0,-0.3520952692347296,,0.000958502292633,0.5752020846864786,chromosome
0,0.0008156299591064,179083,179083.2~A20.K_6,6,,normal,179083.2~A20.K_6L.png,179083.2~A20.K_6R.png,train,/data5/chensx/MyProject/UAE/data/arrangement_merged/chr_06/179083.2~A20.K_6L.png,/data5/chensx/MyProject/UAE/data/arrangement_merged/chr_06/179083.2~A20.K_6R.png,0,-0.5669404394438694,,0.0008156299591064,-0.1858401007708505,chromosome
0,0.0008291006088256,179083,179083.2~A26.K_6,6,,normal,179083.2~A26.K_6L.png,179083.2~A26.K_6R.png,train,/data5/chensx/MyProject/UAE/data/arrangement_merged/chr_06/179083.2~A26.K_6L.png,/data5/chensx/MyProject/UAE/data/arrangement_merged/chr_06/179083.2~A26.K_6R.png,0,-0.5466838651980348,,0.0008291006088256,-0.11408560185016578,chromosome
0,0.0007077455520629,179083,179083.2~A3.K_6,6,,normal,179083.2~A3.K_6L.png,179083.2~A3.K_6R.png,train,/data5/chensx/MyProject/UAE/data/arrangement_merged/chr_06/179083.2~A3.K_6L.png,/data5/chensx/MyProject/UAE/data/arrangement_merged/chr_06/179083.2~A3.K_6R.png,0,-0.729172295129536,,0.0007077455520629,-0.7605110877038596,chromosome
0,0.0007597208023071,179083,179083.2~A31.K_6,6,,normal,179083.2~A31.K_6L.png,179083.2~A31.K_6R.png,train,/data5/chensx/MyProject/UAE/data/arrangement_merged/chr_06/179083.2~A31.K_6L.png,/data5/chensx/MyProject/UAE/data/arrangement_merged/chr_06/179083.2~A31.K_6R.png,0,-0.6510141856500326,,0.0007597208023071,-0.48365302107073455,chromosome
0,0.0007614493370056,179083,179083.2~A35.K_6,6,,normal,179083.2~A35.K_6L.png,179083.2~A35.K_6R.png,train,/data5/chensx/MyProject/UAE/data/arrangement_merged/chr_06/179083.2~A35.K_6L.png,/data5/chensx/MyProject/UAE/data/arrangement_merged/chr_06/179083.2~A35.K_6R.png,0,-0.6484148907246821,,0.0007614493370056,-0.47444558536842385,chromosome
0,0.0007535815238952,179083,179083.2~A38.K_6,6,,normal,179083.2~A38.K_6L.png,179083.2~A38.K_6R.png,train,/data5/chensx/MyProject/UAE/data/arrangement_merged/chr_06/179083.2~A38.K_6L.png,/data5/chensx/MyProject/UAE/data/arrangement_merged/chr_06/179083.2~A38.K_6R.png,0,-0.6602461641780014,,0.0007535815238952,-0.5163552927030057,chromosome
0,0.0006821155548095,179083,179083.3~A1.K_6,6,,normal,179083.3~A1.K_6L.png,179083.3~A1.K_6R.png,train,/data5/chensx/MyProject/UAE/data/arrangement_merged/chr_06/179083.3~A1.K_6L.png,/data5/chensx/MyProject/UAE/data/arrangement_merged/chr_06/179083.3~A1.K_6R.png,0,-0.7677135647123187,,0.0006821155548095,-0.8970351343231541,chromosome
0,0.0007780194282531,179083,179083.3~A24.K_6,6,,normal,179083.3~A24.K_6L.png,179083.3~A24.K_6R.png,train,/data5/chensx/MyProject/UAE/data/arrangement_merged/chr_06/179083.3~A24.K_6L.png,/data5/chensx/MyProject/UAE/data/arrangement_merged/chr_06/179083.3~A24.K_6R.png,0,-0.6234975117851156,,0.0007780194282531,-0.38618120174038606,chromosome
0,0.0008336901664733,179083,179083.3~A27.K_6,6,,normal,179083.3~A27.K_6L.png,179083.3~A27.K_6R.png,train,/data5/chensx/MyProject/UAE/data/arrangement_merged/chr_06/179083.3~A27.K_6L.png,/data5/chensx/MyProject/UAE/data/arrangement_merged/chr_06/179083.3~A27.K_6R.png,0,-0.5397822890169318,,0.0008336901664733,-0.08963827257183708,chromosome
0,0.0009382963180541,179083,179083.4~A34.K_6,6,,normal,179083.4~A34.K_6L.png,179083.4~A34.K_6R.png,train,/data5/chensx/MyProject/UAE/data/arrangement_merged/chr_06/179083.4~A34.K_6L.png,/data5/chensx/MyProject/UAE/data/arrangement_merged/chr_06/179083.4~A34.K_6R.png,0,-0.3824801306034815,,0.0009382963180541,0.4675703363049188,chromosome
0,0.0013490319252014,180371,180371.11~A18.K_6,6,,normal,180371.11~A18.K_6L.png,180371.11~A18.K_6R.png,train,/data5/chensx/MyProject/UAE/data/arrangement_merged/chr_06/180371.11~A18.K_6L.png,/data5/chensx/MyProject/UAE/data/arrangement_merged/chr_06/180371.11~A18.K_6R.png,0,0.1481073586114584,,0.0013490319252014,2.6554475578267924,chromosome
0,0.0008484125137329,180371,180371.11~A42.K_6,6,,normal,180371.11~A42.K_6L.png,180371.11~A42.K_6R.png,train,/data5/chensx/MyProject/UAE/data/arrangement_merged/chr_06/180371.11~A42.K_6L.png,/data5/chensx/MyProject/UAE/data/arrangement_merged/chr_06/180371.11~A42.K_6R.png,0,-0.5700238419617271,,0.0008484125137329,-0.011216320210978762,chromosome
0,0.0008935332298278,180371,180371.11~A50.K_6,6,,normal,180371.11~A50.K_6L.png,180371.11~A50.K_6R.png,train,/data5/chensx/MyProject/UAE/data/arrangement_merged/chr_06/180371.11~A50.K_6L.png,/data5/chensx/MyProject/UAE/data/arrangement_merged/chr_06/180371.11~A50.K_6R.png,0,-0.5052988367427841,,0.0008935332298278,0.22912950139533791,chromosome
0,0.0008244514465332,180371,180371.13~A44.K_6,6,,normal,180371.13~A44.K_6L.png,180371.13~A44.K_6R.png,train,/data5/chensx/MyProject/UAE/data/arrangement_merged/chr_06/180371.13~A44.K_6L.png,/data5/chensx/MyProject/UAE/data/arrangement_merged/chr_06/180371.13~A44.K_6R.png,0,-0.6043956412986029,,0.0008244514465332,-0.1388504289109289,chromosome
0,0.0008598566055297,180371,180371.14~A1.K_6,6,,normal,180371.14~A1.K_6L.png,180371.14~A1.K_6R.png,train,/data5/chensx/MyProject/UAE/data/arrangement_merged/chr_06/180371.14~A1.K_6L.png,/data5/chensx/MyProject/UAE/data/arrangement_merged/chr_06/180371.14~A1.K_6R.png,0,-0.5536074601888907,,0.0008598566055297,0.049743254093093894,chromosome
0,0.0008940696716308,180371,180371.1~A15.K_6,6,,normal,180371.1~A15.K_6L.png,180371.1~A15.K_6R.png,train,/data5/chensx/MyProject/UAE/data/arrangement_merged/chr_06/180371.1~A15.K_6L.png,/data5/chensx/MyProject/UAE/data/arrangement_merged/chr_06/180371.1~A15.K_6R.png,0,-0.5045293188471824,,0.0008940696716308,0.23198698144097438,chromosome
0,0.0008360147476196,180371,180371.1~A25.K_6,6,,normal,180371.1~A25.K_6L.png,180371.1~A25.K_6R.png,train,/data5/chensx/MyProject/UAE/data/arrangement_merged/chr_06/180371.1~A25.K_6L.png,/data5/chensx/MyProject/UAE/data/arrangement_merged/chr_06/180371.1~A25.K_6R.png,0,-0.5878082555489663,,0.0008360147476196,-0.07725585904092304,chromosome
0,0.0009858608245849,180371,180371.1~A33.K_6,6,,normal,180371.1~A33.K_6L.png,180371.1~A33.K_6R.png,train,/data5/chensx/MyProject/UAE/data/arrangement_merged/chr_06/180371.1~A33.K_6L.png,/data5/chensx/MyProject/UAE/data/arrangement_merged/chr_06/180371.1~A33.K_6R.png,0,-0.3728562567108917,,0.0009858608245849,0.7209335670080833,chromosome
0,0.0009803175926208,180371,180371.1~A35.K_6,6,,normal,180371.1~A35.K_6L.png,180371.1~A35.K_6R.png,train,/data5/chensx/MyProject/UAE/data/arrangement_merged/chr_06/180371.1~A35.K_6L.png,/data5/chensx/MyProject/UAE/data/arrangement_merged/chr_06/180371.1~A35.K_6R.png,0,-0.3808079416321093,,0.0009803175926208,0.6914062732044148,chromosome
0,0.00078946352005,180371,180371.2~A15.K_6,6,,normal,180371.2~A15.K_6L.png,180371.2~A15.K_6R.png,train,/data5/chensx/MyProject/UAE/data/arrangement_merged/chr_06/180371.2~A15.K_6L.png,/data5/chensx/MyProject/UAE/data/arrangement_merged/chr_06/180371.2~A15.K_6R.png,0,-0.6545853084895137,,0.00078946352005,-0.3252216274357809,chromosome
0,0.0009850263595581,180371,180371.2~A16.K_6,6,,normal,180371.2~A16.K_6L.png,180371.2~A16.K_6R.png,train,/data5/chensx/MyProject/UAE/data/arrangement_merged/chr_06/180371.2~A16.K_6L.png,/data5/chensx/MyProject/UAE/data/arrangement_merged/chr_06/180371.2~A16.K_6R.png,0,-0.3740532845484943,,0.0009850263595581,0.7164885980486779,chromosome
0,0.0012751817703247,180371,180371.2~A21.K_6,6,,normal,180371.2~A21.K_6L.png,180371.2~A21.K_6R.png,train,/data5/chensx/MyProject/UAE/data/arrangement_merged/chr_06/180371.2~A21.K_6L.png,/data5/chensx/MyProject/UAE/data/arrangement_merged/chr_06/180371.2~A21.K_6R.png,0,0.0421703949836245,,0.0012751817703247,2.2620678048932965,chromosome
0,0.0007092952728271,180371,180371.2~A41.K_6,6,,normal,180371.2~A41.K_6L.png,180371.2~A41.K_6R.png,train,/data5/chensx/MyProject/UAE/data/arrangement_merged/chr_06/180371.2~A41.K_6L.png,/data5/chensx/MyProject/UAE/data/arrangement_merged/chr_06/180371.2~A41.K_6R.png,0,-0.7695854828877676,,0.0007092952728271,-0.752256145349917,chromosome
0,0.0008128881454467,180371,180371.2~A49.K_6,6,,normal,180371.2~A49.K_6L.png,180371.2~A49.K_6R.png,train,/data5/chensx/MyProject/UAE/data/arrangement_merged/chr_06/180371.2~A49.K_6L.png,/data5/chensx/MyProject/UAE/data/arrangement_merged/chr_06/180371.2~A49.K_6R.png,0,-0.6209830270482395,,0.0008128881454467,-0.20044499878146724,chromosome
0,0.0010675191879272,180371,180371.3~A2.K_6,6,,normal,180371.3~A2.K_6L.png,180371.3~A2.K_6R.png,train,/data5/chensx/MyProject/UAE/data/arrangement_merged/chr_06/180371.3~A2.K_6L.png,/data5/chensx/MyProject/UAE/data/arrangement_merged/chr_06/180371.3~A2.K_6R.png,0,-0.2557185326026331,,0.0010675191879272,1.1559055294931944,chromosome
0,0.0008555054664611,180371,180371.3~A25.K_6,6,,normal,180371.3~A25.K_6L.png,180371.3~A25.K_6R.png,train,/data5/chensx/MyProject/UAE/data/arrangement_merged/chr_06/180371.3~A25.K_6L.png,/data5/chensx/MyProject/UAE/data/arrangement_merged/chr_06/180371.3~A25.K_6R.png,0,-0.5598491053421045,,0.0008555054664611,0.026565915946099687,chromosome
0,0.0009219646453857,180371,180371.3~A45.K_6,6,,normal,180371.3~A45.K_6L.png,180371.3~A45.K_6R.png,train,/data5/chensx/MyProject/UAE/data/arrangement_merged/chr_06/180371.3~A45.K_6L.png,/data5/chensx/MyProject/UAE/data/arrangement_merged/chr_06/180371.3~A45.K_6R.png,0,-0.4645143882758941,,0.0009219646453857,0.380575943808216,chromosome
0,0.0007441043853759,180371,180371.3~A9.K_6,6,,normal,180371.3~A9.K_6L.png,180371.3~A9.K_6R.png,train,/data5/chensx/MyProject/UAE/data/arrangement_merged/chr_06/180371.3~A9.K_6L.png,/data5/chensx/MyProject/UAE/data/arrangement_merged/chr_06/180371.3~A9.K_6R.png,0,-0.7196523216620574,,0.0007441043853759,-0.5668374401739651,chromosome
0,0.0013003349304199,180371,180371.4~A19.K_6,6,,normal,180371.4~A19.K_6L.png,180371.4~A19.K_6R.png,train,/data5/chensx/MyProject/UAE/data/arrangement_merged/chr_06/180371.4~A19.K_6L.png,/data5/chensx/MyProject/UAE/data/arrangement_merged/chr_06/180371.4~A19.K_6R.png,0,0.0782522340885042,,0.0013003349304199,2.3960518692499204,chromosome
0,0.00093674659729,180371,180371.4~A20.K_6,6,,normal,180371.4~A20.K_6L.png,180371.4~A20.K_6R.png,train,/data5/chensx/MyProject/UAE/data/arrangement_merged/chr_06/180371.4~A20.K_6L.png,/data5/chensx/MyProject/UAE/data/arrangement_merged/chr_06/180371.4~A20.K_6R.png,0,-0.4433098951526473,,0.00093674659729,0.4593153939515088,chromosome
0,0.0007192492485046,180371,180371.4~A23.K_6,6,,normal,180371.4~A23.K_6L.png,180371.4~A23.K_6R.png,train,/data5/chensx/MyProject/UAE/data/arrangement_merged/chr_06/180371.4~A23.K_6L.png,/data5/chensx/MyProject/UAE/data/arrangement_merged/chr_06/180371.4~A23.K_6R.png,0,-0.7553066508249361,,0.0007192492485046,-0.6992340156162881,chromosome
0,0.0008283853530883,180371,180371.4~A27.K_6,6,,normal,180371.4~A27.K_6L.png,180371.4~A27.K_6R.png,train,/data5/chensx/MyProject/UAE/data/arrangement_merged/chr_06/180371.4~A27.K_6L.png,/data5/chensx/MyProject/UAE/data/arrangement_merged/chr_06/180371.4~A27.K_6R.png,0,-0.5987525100641905,,0.0008283853530883,-0.11789557524417044,chromosome
0,0.0010029077529907,180371,180371.4~A35.K_6,6,,normal,180371.4~A35.K_6L.png,180371.4~A35.K_6R.png,train,/data5/chensx/MyProject/UAE/data/arrangement_merged/chr_06/180371.4~A35.K_6L.png,/data5/chensx/MyProject/UAE/data/arrangement_merged/chr_06/180371.4~A35.K_6R.png,0,-0.3484026880284377,,0.0010029077529907,0.8117379328993237,chromosome
0,0.0008956789970397,180371,180371.4~A39.K_6,6,,normal,180371.4~A39.K_6L.png,180371.4~A39.K_6R.png,train,/data5/chensx/MyProject/UAE/data/arrangement_merged/chr_06/180371.4~A39.K_6L.png,/data5/chensx/MyProject/UAE/data/arrangement_merged/chr_06/180371.4~A39.K_6R.png,0,-0.5022207651603773,,0.0008956789970397,0.24055942157735186,chromosome
0,0.001024305820465,180371,180371.4~A44.K_6,6,,normal,180371.4~A44.K_6L.png,180371.4~A44.K_6R.png,train,/data5/chensx/MyProject/UAE/data/arrangement_merged/chr_06/180371.4~A44.K_6L.png,/data5/chensx/MyProject/UAE/data/arrangement_merged/chr_06/180371.4~A44.K_6R.png,0,-0.3177074741927699,,0.001024305820465,0.9257196369370247,chromosome
0,0.0007969141006469,182418,182418.13~A1.K_6,6,,normal,182418.13~A1.K_6L.png,182418.13~A1.K_6R.png,train,/data5/chensx/MyProject/UAE/data/arrangement_merged/chr_06/182418.13~A1.K_6L.png,/data5/chensx/MyProject/UAE/data/arrangement_merged/chr_06/182418.13~A1.K_6R.png,0,-0.7171043217370048,,0.0007969141006469,-0.2855344045814342,chromosome
0,0.0009996891021728,182418,182418.13~A27.K_6,6,,normal,182418.13~A27.K_6L.png,182418.13~A27.K_6R.png,train,/data5/chensx/MyProject/UAE/data/arrangement_merged/chr_06/182418.13~A27.K_6L.png,/data5/chensx/MyProject/UAE/data/arrangement_merged/chr_06/182418.13~A27.K_6R.png,0,-0.4420368650094683,,0.0009996891021728,0.7945930526260363,chromosome
0,0.0008411407470703,182418,182418.13~A6.K_6,6,,normal,182418.13~A6.K_6L.png,182418.13~A6.K_6R.png,train,/data5/chensx/MyProject/UAE/data/arrangement_merged/chr_06/182418.13~A6.K_6L.png,/data5/chensx/MyProject/UAE/data/arrangement_merged/chr_06/182418.13~A6.K_6R.png,0,-0.6571101850844968,,0.0008411407470703,-0.0499510497169573,chromosome
0,0.0008540749549865,182418,182418.14~A44.K_6,6,,normal,182418.14~A44.K_6L.png,182418.14~A44.K_6R.png,train,/data5/chensx/MyProject/UAE/data/arrangement_merged/chr_06/182418.14~A44.K_6L.png,/data5/chensx/MyProject/UAE/data/arrangement_merged/chr_06/182418.14~A44.K_6R.png,0,-0.6395647300257445,,0.0008540749549865,0.018945969158090388,chromosome
0,0.0006781816482543,182418,182418.1~A24.K_6,6,,normal,182418.1~A24.K_6L.png,182418.1~A24.K_6R.png,train,/data5/chensx/MyProject/UAE/data/arrangement_merged/chr_06/182418.1~A24.K_6L.png,/data5/chensx/MyProject/UAE/data/arrangement_merged/chr_06/182418.1~A24.K_6R.png,0,-0.8781667478984547,,0.0006781816482543,-0.9179899879904451,chromosome
0,0.0007693767547607,182418,182418.2~A16.K_6,6,,normal,182418.2~A16.K_6L.png,182418.2~A16.K_6R.png,train,/data5/chensx/MyProject/UAE/data/arrangement_merged/chr_06/182418.2~A16.K_6L.png,/data5/chensx/MyProject/UAE/data/arrangement_merged/chr_06/182418.2~A16.K_6R.png,0,-0.7544591615395098,,0.0007693767547607,-0.432218380251407,chromosome
0,0.0007432103157043,182418,182418.2~A2.K_6,6,,normal,182418.2~A2.K_6L.png,182418.2~A2.K_6R.png,train,/data5/chensx/MyProject/UAE/data/arrangement_merged/chr_06/182418.2~A2.K_6L.png,/data5/chensx/MyProject/UAE/data/arrangement_merged/chr_06/182418.2~A2.K_6R.png,0,-0.7899543448150502,,0.0007432103157043,-0.571599906916338,chromosome
0,0.0006728172302246,182418,182418.2~A3.K_6,6,,normal,182418.2~A3.K_6L.png,182418.2~A3.K_6R.png,train,/data5/chensx/MyProject/UAE/data/arrangement_merged/chr_06/182418.2~A3.K_6L.png,/data5/chensx/MyProject/UAE/data/arrangement_merged/chr_06/182418.2~A3.K_6R.png,0,-0.8854436647430985,,0.0006728172302246,-0.9465647884452122,chromosome
0,0.00076425075531,182418,182418.2~A33.K_6,6,,normal,182418.2~A33.K_6L.png,182418.2~A33.K_6R.png,train,/data5/chensx/MyProject/UAE/data/arrangement_merged/chr_06/182418.2~A33.K_6L.png,/data5/chensx/MyProject/UAE/data/arrangement_merged/chr_06/182418.2~A33.K_6R.png,0,-0.761412659857725,,0.00076425075531,-0.45952318957537214,chromosome
0,0.0010266304016113,182418,182418.2~A38.K_6,6,,normal,182418.2~A38.K_6L.png,182418.2~A38.K_6R.png,train,/data5/chensx/MyProject/UAE/data/arrangement_merged/chr_06/182418.2~A38.K_6L.png,/data5/chensx/MyProject/UAE/data/arrangement_merged/chr_06/182418.2~A38.K_6R.png,0,-0.4054905715230348,,0.0010266304016113,0.9381020504679382,chromosome
0,0.0009669661521911,182418,182418.3~A15.K_6,6,,normal,182418.3~A15.K_6L.png,182418.3~A15.K_6R.png,train,/data5/chensx/MyProject/UAE/data/arrangement_merged/chr_06/182418.3~A15.K_6L.png,/data5/chensx/MyProject/UAE/data/arrangement_merged/chr_06/182418.3~A15.K_6R.png,0,-0.4864260577617956,,0.0009669661521911,0.6202867698491314,chromosome
0,0.0009770989418029,182418,182418.3~A25.K_6,6,,normal,182418.3~A25.K_6L.png,182418.3~A25.K_6R.png,train,/data5/chensx/MyProject/UAE/data/arrangement_merged/chr_06/182418.3~A25.K_6L.png,/data5/chensx/MyProject/UAE/data/arrangement_merged/chr_06/182418.3~A25.K_6R.png,0,-0.4726807703885795,,0.0009770989418029,0.6742613929311285,chromosome
0,0.0010683536529541,182418,182418.3~A49.K_6,6,,normal,182418.3~A49.K_6L.png,182418.3~A49.K_6R.png,train,/data5/chensx/MyProject/UAE/data/arrangement_merged/chr_06/182418.3~A49.K_6L.png,/data5/chensx/MyProject/UAE/data/arrangement_merged/chr_06/182418.3~A49.K_6R.png,0,-0.3488923293980274,,0.0010683536529541,1.1603504984531334,chromosome
0,0.0008152723312377,182418,182418.4~A15.K_6,6,,normal,182418.4~A15.K_6L.png,182418.4~A15.K_6R.png,train,/data5/chensx/MyProject/UAE/data/arrangement_merged/chr_06/182418.4~A15.K_6L.png,/data5/chensx/MyProject/UAE/data/arrangement_merged/chr_06/182418.4~A15.K_6R.png,0,-0.6922010952020015,,0.0008152723312377,-0.1877450874681188,chromosome
0,0.0008853077888488,182418,182418.4~A6.K_6,6,,normal,182418.4~A6.K_6L.png,182418.4~A6.K_6R.png,train,/data5/chensx/MyProject/UAE/data/arrangement_merged/chr_06/182418.4~A6.K_6L.png,/data5/chensx/MyProject/UAE/data/arrangement_merged/chr_06/182418.4~A6.K_6R.png,0,-0.5971969030635961,,0.0008853077888488,0.18531480736401965,chromosome
0,0.0010698437690734,182418,182418.5~A16.K_6,6,,normal,182418.5~A16.K_6L.png,182418.5~A16.K_6R.png,train,/data5/chensx/MyProject/UAE/data/arrangement_merged/chr_06/182418.5~A16.K_6L.png,/data5/chensx/MyProject/UAE/data/arrangement_merged/chr_06/182418.5~A16.K_6R.png,0,-0.3468709636078485,,0.0010698437690734,1.1682879430235766,chromosome
0,0.0007187128067016,182418,182418.5~A17.K_6,6,,normal,182418.5~A17.K_6L.png,182418.5~A17.K_6R.png,train,/data5/chensx/MyProject/UAE/data/arrangement_merged/chr_06/182418.5~A17.K_6L.png,/data5/chensx/MyProject/UAE/data/arrangement_merged/chr_06/182418.5~A17.K_6R.png,0,-0.8231855984055904,,0.0007187128067016,-0.7020914956619245,chromosome
0,0.0008369088172912,182418,182418.5~A3.K_6,6,,normal,182418.5~A3.K_6L.png,182418.5~A3.K_6R.png,train,/data5/chensx/MyProject/UAE/data/arrangement_merged/chr_06/182418.5~A3.K_6L.png,/data5/chensx/MyProject/UAE/data/arrangement_merged/chr_06/182418.5~A3.K_6R.png,0,-0.6628508639286048,,0.0008369088172912,-0.0724933922985502,chromosome
0,0.0012668371200561,182418,182418.5~A30.K_6,6,,normal,182418.5~A30.K_6L.png,182418.5~A30.K_6R.png,train,/data5/chensx/MyProject/UAE/data/arrangement_merged/chr_06/182418.5~A30.K_6L.png,/data5/chensx/MyProject/UAE/data/arrangement_merged/chr_06/182418.5~A30.K_6R.png,0,-0.0796464061462059,,0.0012668371200561,2.2176181152960446,chromosome
0,0.0009954571723937,182418,182418.5~A5.K_6,6,,normal,182418.5~A5.K_6L.png,182418.5~A5.K_6R.png,train,/data5/chensx/MyProject/UAE/data/arrangement_merged/chr_06/182418.5~A5.K_6L.png,/data5/chensx/MyProject/UAE/data/arrangement_merged/chr_06/182418.5~A5.K_6R.png,0,-0.4477775438535762,,0.0009954571723937,0.7720507100444434,chromosome
0,0.0011882185935974,182747,182747.11~A42.K_6,6,,normal,182747.11~A42.K_6L.png,182747.11~A42.K_6R.png,train,/data5/chensx/MyProject/UAE/data/arrangement_merged/chr_06/182747.11~A42.K_6L.png,/data5/chensx/MyProject/UAE/data/arrangement_merged/chr_06/182747.11~A42.K_6R.png,0,-0.1602521234545577,,0.0011882185935974,1.798838539735851,chromosome
0,0.0009401440620422,182747,182747.12~A10.K_6,6,,normal,182747.12~A10.K_6L.png,182747.12~A10.K_6R.png,train,/data5/chensx/MyProject/UAE/data/arrangement_merged/chr_06/182747.12~A10.K_6L.png,/data5/chensx/MyProject/UAE/data/arrangement_merged/chr_06/182747.12~A10.K_6R.png,0,-0.4913335079264074,,0.0009401440620422,0.47741276757316325,chromosome
0,0.0007268190383911,182747,182747.12~A14.K_6,6,,normal,182747.12~A14.K_6L.png,182747.12~A14.K_6R.png,train,/data5/chensx/MyProject/UAE/data/arrangement_merged/chr_06/182747.12~A14.K_6L.png,/data5/chensx/MyProject/UAE/data/arrangement_merged/chr_06/182747.12~A14.K_6R.png,0,-0.7760380430116428,,0.0007268190383911,-0.658911797196007,chromosome
0,0.0007702708244323,182747,182747.12~A18.K_6,6,,normal,182747.12~A18.K_6L.png,182747.12~A18.K_6R.png,train,/data5/chensx/MyProject/UAE/data/arrangement_merged/chr_06/182747.12~A18.K_6L.png,/data5/chensx/MyProject/UAE/data/arrangement_merged/chr_06/182747.12~A18.K_6R.png,0,-0.7180470941216913,,0.0007702708244323,-0.4274559135090347,chromosome
0,0.0008180737495422,182747,182747.12~A26.K_6,6,,normal,182747.12~A26.K_6L.png,182747.12~A26.K_6R.png,train,/data5/chensx/MyProject/UAE/data/arrangement_merged/chr_06/182747.12~A26.K_6L.png,/data5/chensx/MyProject/UAE/data/arrangement_merged/chr_06/182747.12~A26.K_6R.png,0,-0.654249095480071,,0.0008180737495422,-0.17282269167453518,chromosome
0,0.0006835460662841,182747,182747.12~A28.K_6,6,,normal,182747.12~A28.K_6L.png,182747.12~A28.K_6R.png,train,/data5/chensx/MyProject/UAE/data/arrangement_merged/chr_06/182747.12~A28.K_6L.png,/data5/chensx/MyProject/UAE/data/arrangement_merged/chr_06/182747.12~A28.K_6R.png,0,-0.8337903460213888,,0.0006835460662841,-0.8894151875351448,chromosome
0,0.0007102489471435,182747,182747.12~A4.K_6,6,,normal,182747.12~A4.K_6L.png,182747.12~A4.K_6R.png,train,/data5/chensx/MyProject/UAE/data/arrangement_merged/chr_06/182747.12~A4.K_6L.png,/data5/chensx/MyProject/UAE/data/arrangement_merged/chr_06/182747.12~A4.K_6R.png,0,-0.7981525612440249,,0.0007102489471435,-0.7471761808245774,chromosome
0,0.0008010864257812,182747,182747.13~A33.K_6,6,,normal,182747.13~A33.K_6L.png,182747.13~A33.K_6R.png,train,/data5/chensx/MyProject/UAE/data/arrangement_merged/chr_06/182747.13~A33.K_6L.png,/data5/chensx/MyProject/UAE/data/arrangement_merged/chr_06/182747.13~A33.K_6R.png,0,-0.6769204540995994,,0.0008010864257812,-0.2633095597828082,chromosome
0,0.000743806362152,182747,182747.13~A45.K_6,6,,normal,182747.13~A45.K_6L.png,182747.13~A45.K_6R.png,train,/data5/chensx/MyProject/UAE/data/arrangement_merged/chr_06/182747.13~A45.K_6L.png,/data5/chensx/MyProject/UAE/data/arrangement_merged/chr_06/182747.13~A45.K_6R.png,0,-0.7533666843921144,,0.000743806362152,-0.5684249290882671,chromosome
0,0.0005918741226196,182747,182747.13~A5.K_6,6,,normal,182747.13~A5.K_6L.png,182747.13~A5.K_6R.png,train,/data5/chensx/MyProject/UAE/data/arrangement_merged/chr_06/182747.13~A5.K_6L.png,/data5/chensx/MyProject/UAE/data/arrangement_merged/chr_06/182747.13~A5.K_6R.png,0,-0.9561361339401068,,0.0005918741226196,-1.3777267775363198,chromosome
0,0.00078946352005,182747,182747.1~A15.K_6,6,,normal,182747.1~A15.K_6L.png,182747.1~A15.K_6R.png,train,/data5/chensx/MyProject/UAE/data/arrangement_merged/chr_06/182747.1~A15.K_6L.png,/data5/chensx/MyProject/UAE/data/arrangement_merged/chr_06/182747.1~A15.K_6R.png,0,-0.6924324363129609,,0.00078946352005,-0.3252216274357809,chromosome
0,0.000718355178833,182747,182747.1~A42.K_6,6,,normal,182747.1~A42.K_6L.png,182747.1~A42.K_6R.png,train,/data5/chensx/MyProject/UAE/data/arrangement_merged/chr_06/182747.1~A42.K_6L.png,/data5/chensx/MyProject/UAE/data/arrangement_merged/chr_06/182747.1~A42.K_6R.png,0,-0.7873339480080395,,0.000718355178833,-0.7039964823586604,chromosome
0,0.0007247924804687,182747,182747.2~A13.K_6,6,,normal,182747.2~A13.K_6L.png,182747.2~A13.K_6R.png,train,/data5/chensx/MyProject/UAE/data/arrangement_merged/chr_06/182747.2~A13.K_6L.png,/data5/chensx/MyProject/UAE/data/arrangement_merged/chr_06/182747.2~A13.K_6R.png,0,-0.7787426963206392,,0.0007247924804687,-0.6697067218126197,chromosome
0,0.0011771917343139,182747,182747.3~A20.K_6,6,,normal,182747.3~A20.K_6L.png,182747.3~A20.K_6R.png,train,/data5/chensx/MyProject/UAE/data/arrangement_merged/chr_06/182747.3~A20.K_6L.png,/data5/chensx/MyProject/UAE/data/arrangement_merged/chr_06/182747.3~A20.K_6R.png,0,-0.1749686194005674,,0.0011771917343139,1.740101449910949,chromosome
0,0.000969111919403,182747,182747.3~A24.K_6,6,,normal,182747.3~A24.K_6L.png,182747.3~A24.K_6R.png,train,/data5/chensx/MyProject/UAE/data/arrangement_merged/chr_06/182747.3~A24.K_6L.png,/data5/chensx/MyProject/UAE/data/arrangement_merged/chr_06/182747.3~A24.K_6R.png,0,-0.4526728753331063,,0.000969111919403,0.6317166900311447,chromosome
0,0.0008138418197631,182747,182747.3~A35.K_6,6,,normal,182747.3~A35.K_6L.png,182747.3~A35.K_6R.png,train,/data5/chensx/MyProject/UAE/data/arrangement_merged/chr_06/182747.3~A35.K_6L.png,/data5/chensx/MyProject/UAE/data/arrangement_merged/chr_06/182747.3~A35.K_6R.png,0,-0.6598970479782693,,0.0008138418197631,-0.19536503425612808,chromosome
0,0.0008527040481567,182747,182747.4~A1.K_6,6,,normal,182747.4~A1.K_6L.png,182747.4~A1.K_6R.png,train,/data5/chensx/MyProject/UAE/data/arrangement_merged/chr_06/182747.4~A1.K_6L.png,/data5/chensx/MyProject/UAE/data/arrangement_merged/chr_06/182747.4~A1.K_6R.png,0,-0.6080313433469272,,0.0008527040481567,0.011643520153048556,chromosome
0,0.0007451772689819,182747,182747.4~A32.K_6,6,,normal,182747.4~A32.K_6L.png,182747.4~A32.K_6R.png,train,/data5/chensx/MyProject/UAE/data/arrangement_merged/chr_06/182747.4~A32.K_6L.png,/data5/chensx/MyProject/UAE/data/arrangement_merged/chr_06/182747.4~A32.K_6R.png,0,-0.7515370659772052,,0.0007451772689819,-0.5611224800826922,chromosome
0,0.0008462071418762,182747,182747.4~A33.K_6,6,,normal,182747.4~A33.K_6L.png,182747.4~A33.K_6R.png,train,/data5/chensx/MyProject/UAE/data/arrangement_merged/chr_06/182747.4~A33.K_6L.png,/data5/chensx/MyProject/UAE/data/arrangement_merged/chr_06/182747.4~A33.K_6R.png,0,-0.6167021436610626,,0.0008462071418762,-0.022963738175959023,chromosome
0,0.0010647773742675,182747,182747.4~A35.K_6,6,,normal,182747.4~A35.K_6L.png,182747.4~A35.K_6R.png,train,/data5/chensx/MyProject/UAE/data/arrangement_merged/chr_06/182747.4~A35.K_6L.png,/data5/chensx/MyProject/UAE/data/arrangement_merged/chr_06/182747.4~A35.K_6R.png,0,-0.3249973294231307,,0.0010647773742675,1.1413006314825782,chromosome
0,0.0009417533874511,182747,182747.4~A41.K_6,6,,normal,182747.4~A41.K_6L.png,182747.4~A41.K_6R.png,train,/data5/chensx/MyProject/UAE/data/arrangement_merged/chr_06/182747.4~A41.K_6L.png,/data5/chensx/MyProject/UAE/data/arrangement_merged/chr_06/182747.4~A41.K_6R.png,0,-0.4891856950045573,,0.0009417533874511,0.4859852077095401,chromosome
0,0.0008542537689208,182747,182747.4~A43.K_6,6,,normal,182747.4~A43.K_6L.png,182747.4~A43.K_6R.png,train,/data5/chensx/MyProject/UAE/data/arrangement_merged/chr_06/182747.4~A43.K_6L.png,/data5/chensx/MyProject/UAE/data/arrangement_merged/chr_06/182747.4~A43.K_6R.png,0,-0.6059630790518123,,0.0008542537689208,0.019898462506458575,chromosome
0,0.0010082125663757,182747,182747.4~A9.K_6,6,,normal,182747.4~A9.K_6L.png,182747.4~A9.K_6R.png,train,/data5/chensx/MyProject/UAE/data/arrangement_merged/chr_06/182747.4~A9.K_6L.png,/data5/chensx/MyProject/UAE/data/arrangement_merged/chr_06/182747.4~A9.K_6R.png,0,-0.4004889761948235,,0.0010082125663757,0.8399952355716559,chromosome
0,0.0008929371833801,183038,183038.11~A13.K_6,6,,normal,183038.11~A13.K_6L.png,183038.11~A13.K_6R.png,train,/data5/chensx/MyProject/UAE/data/arrangement_merged/chr_06/183038.11~A13.K_6L.png,/data5/chensx/MyProject/UAE/data/arrangement_merged/chr_06/183038.11~A13.K_6R.png,0,-0.5614388013977231,,0.0008929371833801,0.22595452356726703,chromosome
0,0.0006859302520751,183038,183038.11~A39.K_6,6,,normal,183038.11~A39.K_6L.png,183038.11~A39.K_6R.png,train,/data5/chensx/MyProject/UAE/data/arrangement_merged/chr_06/183038.11~A39.K_6L.png,/data5/chensx/MyProject/UAE/data/arrangement_merged/chr_06/183038.11~A39.K_6R.png,0,-0.828463042750547,,0.0006859302520751,-0.8767152762217963,chromosome
0,0.0008457899093627,183038,183038.12~A11.K_6,6,,normal,183038.12~A11.K_6L.png,183038.12~A11.K_6R.png,train,/data5/chensx/MyProject/UAE/data/arrangement_merged/chr_06/183038.12~A11.K_6L.png,/data5/chensx/MyProject/UAE/data/arrangement_merged/chr_06/183038.12~A11.K_6R.png,0,-0.6222554368454869,,0.0008457899093627,-0.025186222656194183,chromosome
0,0.000827670097351,183038,183038.12~A45.K_6,6,,normal,183038.12~A45.K_6L.png,183038.12~A45.K_6R.png,train,/data5/chensx/MyProject/UAE/data/arrangement_merged/chr_06/183038.12~A45.K_6L.png,/data5/chensx/MyProject/UAE/data/arrangement_merged/chr_06/183038.12~A45.K_6R.png,0,-0.6456287076117577,,0.000827670097351,-0.12170554863817508,chromosome
0,0.0007997751235961,183038,183038.13~A11.K_6,6,,normal,183038.13~A11.K_6L.png,183038.13~A11.K_6R.png,train,/data5/chensx/MyProject/UAE/data/arrangement_merged/chr_06/183038.13~A11.K_6L.png,/data5/chensx/MyProject/UAE/data/arrangement_merged/chr_06/183038.13~A11.K_6R.png,0,-0.6816112428703588,,0.0007997751235961,-0.2702945110054162,chromosome
0,0.0006840229034423,183038,183038.13~A29.K_6,6,,normal,183038.13~A29.K_6L.png,183038.13~A29.K_6R.png,train,/data5/chensx/MyProject/UAE/data/arrangement_merged/chr_06/183038.13~A29.K_6L.png,/data5/chensx/MyProject/UAE/data/arrangement_merged/chr_06/183038.13~A29.K_6R.png,0,-0.8309233870417335,,0.0006840229034423,-0.8868752052724752,chromosome
0,0.0009044408798217,183038,183038.13~A39.K_6,6,,normal,183038.13~A39.K_6L.png,183038.13~A39.K_6R.png,train,/data5/chensx/MyProject/UAE/data/arrangement_merged/chr_06/183038.13~A39.K_6L.png,/data5/chensx/MyProject/UAE/data/arrangement_merged/chr_06/183038.13~A39.K_6R.png,0,-0.546599849891505,,0.0009044408798217,0.28723159565430656,chromosome
0,0.0006892681121826,183038,183038.13~A47.K_6,6,,normal,183038.13~A47.K_6L.png,183038.13~A47.K_6R.png,train,/data5/chensx/MyProject/UAE/data/arrangement_merged/chr_06/183038.13~A47.K_6L.png,/data5/chensx/MyProject/UAE/data/arrangement_merged/chr_06/183038.13~A47.K_6R.png,0,-0.8241574402409709,,0.0006892681121826,-0.8589354003825762,chromosome
0,0.000758409500122,183038,183038.14~A2.K_6,6,,normal,183038.14~A2.K_6L.png,183038.14~A2.K_6R.png,train,/data5/chensx/MyProject/UAE/data/arrangement_merged/chr_06/183038.14~A2.K_6L.png,/data5/chensx/MyProject/UAE/data/arrangement_merged/chr_06/183038.14~A2.K_6R.png,0,-0.7349699596854639,,0.000758409500122,-0.49063797229334255,chromosome
0,0.0008920431137084,183038,183038.14~A3.K_6,6,,normal,183038.14~A3.K_6L.png,183038.14~A3.K_6R.png,train,/data5/chensx/MyProject/UAE/data/arrangement_merged/chr_06/183038.14~A3.K_6L.png,/data5/chensx/MyProject/UAE/data/arrangement_merged/chr_06/183038.14~A3.K_6R.png,0,-0.5625920877842167,,0.0008920431137084,0.2211920568243623,chromosome
0,0.0007554292678833,183038,183038.14~A30.K_6,6,,normal,183038.14~A30.K_6L.png,183038.14~A30.K_6R.png,train,/data5/chensx/MyProject/UAE/data/arrangement_merged/chr_06/183038.14~A30.K_6L.png,/data5/chensx/MyProject/UAE/data/arrangement_merged/chr_06/183038.14~A30.K_6R.png,0,-0.7388142476404426,,0.0007554292678833,-0.5065128614347613,chromosome
0,0.0012954473495483,183038,183038.14~A34.K_6,6,,normal,183038.14~A34.K_6L.png,183038.14~A34.K_6R.png,train,/data5/chensx/MyProject/UAE/data/arrangement_merged/chr_06/183038.14~A34.K_6L.png,/data5/chensx/MyProject/UAE/data/arrangement_merged/chr_06/183038.14~A34.K_6R.png,0,-0.0422292701982929,,0.0012954473495483,2.3700170510572898,chromosome
0,0.0007132291793823,183038,183038.14~A48.K_6,6,,normal,183038.14~A48.K_6L.png,183038.14~A48.K_6R.png,train,/data5/chensx/MyProject/UAE/data/arrangement_merged/chr_06/183038.14~A48.K_6L.png,/data5/chensx/MyProject/UAE/data/arrangement_merged/chr_06/183038.14~A48.K_6R.png,0,-0.7932493650829417,,0.0007132291793823,-0.7313012916826256,chromosome
0,0.0008122324943542,183038,183038.14~A9.K_6,6,,normal,183038.14~A9.K_6L.png,183038.14~A9.K_6R.png,train,/data5/chensx/MyProject/UAE/data/arrangement_merged/chr_06/183038.14~A9.K_6L.png,/data5/chensx/MyProject/UAE/data/arrangement_merged/chr_06/183038.14~A9.K_6R.png,0,-0.6655421192185476,,0.0008122324943542,-0.203937474392505,chromosome
0,0.0008062124252319,183038,183038.1~A28.K_6,6,,normal,183038.1~A28.K_6L.png,183038.1~A28.K_6R.png,train,/data5/chensx/MyProject/UAE/data/arrangement_merged/chr_06/183038.1~A28.K_6L.png,/data5/chensx/MyProject/UAE/data/arrangement_merged/chr_06/183038.1~A28.K_6R.png,0,-0.6733075808876047,,0.0008062124252319,-0.236004750458843,chromosome
0,0.0008375644683837,183038,183038.2~A12.K_6,6,,normal,183038.2~A12.K_6L.png,183038.2~A12.K_6R.png,train,/data5/chensx/MyProject/UAE/data/arrangement_merged/chr_06/183038.2~A12.K_6L.png,/data5/chensx/MyProject/UAE/data/arrangement_merged/chr_06/183038.2~A12.K_6R.png,0,-0.6328656716012282,,0.0008375644683837,-0.06900091668751245,chromosome
0,0.0008034706115722,183038,183038.2~A13.K_6,6,,normal,183038.2~A13.K_6L.png,183038.2~A13.K_6R.png,train,/data5/chensx/MyProject/UAE/data/arrangement_merged/chr_06/183038.2~A13.K_6L.png,/data5/chensx/MyProject/UAE/data/arrangement_merged/chr_06/183038.2~A13.K_6R.png,0,-0.6768443258061851,,0.0008034706115722,-0.2506096484694597,chromosome
0,0.0010125637054443,183038,183038.2~A15.K_6,6,,normal,183038.2~A15.K_6L.png,183038.2~A15.K_6R.png,train,/data5/chensx/MyProject/UAE/data/arrangement_merged/chr_06/183038.2~A15.K_6L.png,/data5/chensx/MyProject/UAE/data/arrangement_merged/chr_06/183038.2~A15.K_6R.png,0,-0.407129082884876,,0.0010125637054443,0.8631725737186501,chromosome
0,0.0007382631301879,183038,183038.2~A21.K_6,6,,normal,183038.2~A21.K_6L.png,183038.2~A21.K_6R.png,train,/data5/chensx/MyProject/UAE/data/arrangement_merged/chr_06/183038.2~A21.K_6L.png,/data5/chensx/MyProject/UAE/data/arrangement_merged/chr_06/183038.2~A21.K_6R.png,0,-0.7609573462611202,,0.0007382631301879,-0.597952222891935,chromosome
0,0.0008043050765991,183038,183038.2~A43.K_6,6,,normal,183038.2~A43.K_6L.png,183038.2~A43.K_6R.png,train,/data5/chensx/MyProject/UAE/data/arrangement_merged/chr_06/183038.2~A43.K_6L.png,/data5/chensx/MyProject/UAE/data/arrangement_merged/chr_06/183038.2~A43.K_6R.png,0,-0.6757679251787911,,0.0008043050765991,-0.24616467950952187,chromosome
0,0.0008584856986999,183038,183038.2~A46.K_6,6,,normal,183038.2~A46.K_6L.png,183038.2~A46.K_6R.png,train,/data5/chensx/MyProject/UAE/data/arrangement_merged/chr_06/183038.2~A46.K_6L.png,/data5/chensx/MyProject/UAE/data/arrangement_merged/chr_06/183038.2~A46.K_6R.png,0,-0.6058787701572774,,0.0008584856986999,0.04244080508805149,chromosome
0,0.0008943080902099,183038,183038.2~A47.K_6,6,,normal,183038.2~A47.K_6L.png,183038.2~A47.K_6R.png,train,/data5/chensx/MyProject/UAE/data/arrangement_merged/chr_06/183038.2~A47.K_6L.png,/data5/chensx/MyProject/UAE/data/arrangement_merged/chr_06/183038.2~A47.K_6R.png,0,-0.5596704289384328,,0.0008943080902099,0.23325697257230946,chromosome
0,0.0007534027099609,183038,183038.3~A12.K_6,6,,normal,183038.3~A12.K_6L.png,183038.3~A12.K_6R.png,train,/data5/chensx/MyProject/UAE/data/arrangement_merged/chr_06/183038.3~A12.K_6L.png,/data5/chensx/MyProject/UAE/data/arrangement_merged/chr_06/183038.3~A12.K_6R.png,0,-0.7414283634498282,,0.0007534027099609,-0.517307786051374,chromosome
0,0.0007715821266174,183038,183038.3~A19.K_6,6,,normal,183038.3~A19.K_6L.png,183038.3~A19.K_6R.png,train,/data5/chensx/MyProject/UAE/data/arrangement_merged/chr_06/183038.3~A19.K_6L.png,/data5/chensx/MyProject/UAE/data/arrangement_merged/chr_06/183038.3~A19.K_6R.png,0,-0.7179782069244578,,0.0007715821266174,-0.4204709622864267,chromosome
0,0.0007986426353454,183038,183038.3~A30.K_6,6,,normal,183038.3~A30.K_6L.png,183038.3~A30.K_6R.png,train,/data5/chensx/MyProject/UAE/data/arrangement_merged/chr_06/183038.3~A30.K_6L.png,/data5/chensx/MyProject/UAE/data/arrangement_merged/chr_06/183038.3~A30.K_6R.png,0,-0.6830720722932507,,0.0007986426353454,-0.2763269688791235,chromosome
0,0.0008551478385925,183038,183038.3~A36.K_6,6,,normal,183038.3~A36.K_6L.png,183038.3~A36.K_6R.png,train,/data5/chensx/MyProject/UAE/data/arrangement_merged/chr_06/183038.3~A36.K_6L.png,/data5/chensx/MyProject/UAE/data/arrangement_merged/chr_06/183038.3~A36.K_6R.png,0,-0.6101843726668535,,0.0008551478385925,0.024660929249363892,chromosome
0,0.0008356571197509,183038,183038.4~A15.K_6,6,,normal,183038.4~A15.K_6L.png,183038.4~A15.K_6R.png,train,/data5/chensx/MyProject/UAE/data/arrangement_merged/chr_06/183038.4~A15.K_6L.png,/data5/chensx/MyProject/UAE/data/arrangement_merged/chr_06/183038.4~A15.K_6R.png,0,-0.6353260158924147,,0.0008356571197509,-0.07916084573819132,chromosome
0,0.0006647706031799,183038,183038.4~A24.K_6,6,,normal,183038.4~A24.K_6L.png,183038.4~A24.K_6R.png,train,/data5/chensx/MyProject/UAE/data/arrangement_merged/chr_06/183038.4~A24.K_6L.png,/data5/chensx/MyProject/UAE/data/arrangement_merged/chr_06/183038.4~A24.K_6R.png,0,-0.8557574872308962,,0.0006647706031799,-0.9894269891281628,chromosome
0,0.0009549260139465,183038,183038.4~A36.K_6,6,,normal,183038.4~A36.K_6L.png,183038.4~A36.K_6R.png,train,/data5/chensx/MyProject/UAE/data/arrangement_merged/chr_06/183038.4~A36.K_6L.png,/data5/chensx/MyProject/UAE/data/arrangement_merged/chr_06/183038.4~A36.K_6R.png,0,-0.481477611934165,,0.0009549260139465,0.556152217716456,chromosome
0,0.0007588267326354,183038,183038.4~A39.K_6,6,,normal,183038.4~A39.K_6L.png,183038.4~A39.K_6R.png,train,/data5/chensx/MyProject/UAE/data/arrangement_merged/chr_06/183038.4~A39.K_6L.png,/data5/chensx/MyProject/UAE/data/arrangement_merged/chr_06/183038.4~A39.K_6R.png,0,-0.7344317593717669,,0.0007588267326354,-0.4884154878136393,chromosome
0,0.0006752014160156,183079,183079.11~A27.K_6,6,,normal,183079.11~A27.K_6L.png,183079.11~A27.K_6R.png,train,/data5/chensx/MyProject/UAE/data/arrangement_merged/chr_06/183079.11~A27.K_6L.png,/data5/chensx/MyProject/UAE/data/arrangement_merged/chr_06/183079.11~A27.K_6R.png,0,-0.8275368081970469,,0.0006752014160156,-0.9338648771318643,chromosome
0,0.0006889104843139,183079,183079.12~A27.K_6,6,,normal,183079.12~A27.K_6L.png,183079.12~A27.K_6R.png,train,/data5/chensx/MyProject/UAE/data/arrangement_merged/chr_06/183079.12~A27.K_6L.png,/data5/chensx/MyProject/UAE/data/arrangement_merged/chr_06/183079.12~A27.K_6R.png,0,-0.8089986994592335,,0.0006889104843139,-0.8608403870798446,chromosome
0,0.0008154511451721,183079,183079.12~A37.K_6,6,,normal,183079.12~A37.K_6L.png,183079.12~A37.K_6R.png,train,/data5/chensx/MyProject/UAE/data/arrangement_merged/chr_06/183079.12~A37.K_6L.png,/data5/chensx/MyProject/UAE/data/arrangement_merged/chr_06/183079.12~A37.K_6R.png,0,-0.6378838957619388,,0.0008154511451721,-0.1867925941192187,chromosome
0,0.0008614659309387,183079,183079.12~A44.K_6,6,,normal,183079.12~A44.K_6L.png,183079.12~A44.K_6R.png,train,/data5/chensx/MyProject/UAE/data/arrangement_merged/chr_06/183079.12~A44.K_6L.png,/data5/chensx/MyProject/UAE/data/arrangement_merged/chr_06/183079.12~A44.K_6R.png,0,-0.5756603307811043,,0.0008614659309387,0.05831569423000328,chromosome
0,0.0011515617370605,183079,183079.13~A12.K_6,6,,normal,183079.13~A12.K_6L.png,183079.13~A12.K_6R.png,train,/data5/chensx/MyProject/UAE/data/arrangement_merged/chr_06/183079.13~A12.K_6L.png,/data5/chensx/MyProject/UAE/data/arrangement_merged/chr_06/183079.13~A12.K_6R.png,0,-0.1833778297944188,,0.0011515617370605,1.6035774032916552,chromosome
0,0.0007836818695068,183079,183079.13~A19.K_6,6,,normal,183079.13~A19.K_6L.png,183079.13~A19.K_6R.png,train,/data5/chensx/MyProject/UAE/data/arrangement_merged/chr_06/183079.13~A19.K_6L.png,/data5/chensx/MyProject/UAE/data/arrangement_merged/chr_06/183079.13~A19.K_6R.png,0,-0.6808439477500019,,0.0007836818695068,-0.35601891237078387,chromosome
0,0.0006755590438842,183079,183079.13~A27.K_6,6,,normal,183079.13~A27.K_6L.png,183079.13~A27.K_6R.png,train,/data5/chensx/MyProject/UAE/data/arrangement_merged/chr_06/183079.13~A27.K_6L.png,/data5/chensx/MyProject/UAE/data/arrangement_merged/chr_06/183079.13~A27.K_6R.png,0,-0.8270532053604083,,0.0006755590438842,-0.931959890435128,chromosome
0,0.000955045223236,183079,183079.13~A6.K_6,6,,normal,183079.13~A6.K_6L.png,183079.13~A6.K_6R.png,train,/data5/chensx/MyProject/UAE/data/arrangement_merged/chr_06/183079.13~A6.K_6L.png,/data5/chensx/MyProject/UAE/data/arrangement_merged/chr_06/183079.13~A6.K_6R.png,0,-0.4491175885273348,,0.000955045223236,0.5567872132818567,chromosome
0,0.0007898211479187,183079,183079.13~A9.K_6,6,,normal,183079.13~A9.K_6L.png,183079.13~A9.K_6R.png,train,/data5/chensx/MyProject/UAE/data/arrangement_merged/chr_06/183079.13~A9.K_6L.png,/data5/chensx/MyProject/UAE/data/arrangement_merged/chr_06/183079.13~A9.K_6R.png,0,-0.6725420990543725,,0.0007898211479187,-0.32331664073851263,chromosome
0,0.0008403062820434,183079,183079.14~A11.K_6,6,,normal,183079.14~A11.K_6L.png,183079.14~A11.K_6R.png,train,/data5/chensx/MyProject/UAE/data/arrangement_merged/chr_06/183079.14~A11.K_6L.png,/data5/chensx/MyProject/UAE/data/arrangement_merged/chr_06/183079.14~A11.K_6R.png,0,-0.6042734986155553,,0.0008403062820434,-0.054396018676895724,chromosome
0,0.0009481906890869,183079,183079.14~A13.K_6,6,,normal,183079.14~A13.K_6L.png,183079.14~A13.K_6R.png,train,/data5/chensx/MyProject/UAE/data/arrangement_merged/chr_06/183079.14~A13.K_6L.png,/data5/chensx/MyProject/UAE/data/arrangement_merged/chr_06/183079.14~A13.K_6R.png,0,-0.4583866428962415,,0.0009481906890869,0.5202749682561133,chromosome
0,0.0006690621376037,183079,183079.14~A23.K_6,6,,normal,183079.14~A23.K_6L.png,183079.14~A23.K_6R.png,train,/data5/chensx/MyProject/UAE/data/arrangement_merged/chr_06/183079.14~A23.K_6L.png,/data5/chensx/MyProject/UAE/data/arrangement_merged/chr_06/183079.14~A23.K_6R.png,0,-0.8358386568926763,,0.0006690621376037,-0.9665671487641355,chromosome
0,0.0006612539291381,183079,183079.14~A24.K_6,6,,normal,183079.14~A24.K_6L.png,183079.14~A24.K_6R.png,train,/data5/chensx/MyProject/UAE/data/arrangement_merged/chr_06/183079.14~A24.K_6L.png,/data5/chensx/MyProject/UAE/data/arrangement_merged/chr_06/183079.14~A24.K_6R.png,0,-0.8463973188259526,,0.0006612539291381,-1.008159358315751,chromosome
0,0.0007464885711669,183079,183079.14~A26.K_6,6,,normal,183079.14~A26.K_6L.png,183079.14~A26.K_6R.png,train,/data5/chensx/MyProject/UAE/data/arrangement_merged/chr_06/183079.14~A26.K_6L.png,/data5/chensx/MyProject/UAE/data/arrangement_merged/chr_06/183079.14~A26.K_6R.png,0,-0.7311386427604173,,0.0007464885711669,-0.5541375288606167,chromosome
0,0.0006930232048034,183079,183079.14~A28.K_6,6,,normal,183079.14~A28.K_6L.png,183079.14~A28.K_6R.png,train,/data5/chensx/MyProject/UAE/data/arrangement_merged/chr_06/183079.14~A28.K_6L.png,/data5/chensx/MyProject/UAE/data/arrangement_merged/chr_06/183079.14~A28.K_6R.png,0,-0.8034372668378895,,0.0006930232048034,-0.8389330400641853,chromosome
0,0.0007306337356567,183079,183079.14~A3.K_6,6,,normal,183079.14~A3.K_6L.png,183079.14~A3.K_6R.png,train,/data5/chensx/MyProject/UAE/data/arrangement_merged/chr_06/183079.14~A3.K_6L.png,/data5/chensx/MyProject/UAE/data/arrangement_merged/chr_06/183079.14~A3.K_6R.png,0,-0.7525783685180624,,0.0007306337356567,-0.6385919390946498,chromosome
0,0.0009792447090148,183079,183079.14~A34.K_6,6,,normal,183079.14~A34.K_6L.png,183079.14~A34.K_6R.png,train,/data5/chensx/MyProject/UAE/data/arrangement_merged/chr_06/183079.14~A34.K_6L.png,/data5/chensx/MyProject/UAE/data/arrangement_merged/chr_06/183079.14~A34.K_6R.png,0,-0.4163937965814555,,0.0009792447090148,0.6856913131131419,chromosome
0,0.0024566650390625,183079,183079.14~A38.K_6,6,,normal,183079.14~A38.K_6L.png,183079.14~A38.K_6R.png,train,/data5/chensx/MyProject/UAE/data/arrangement_merged/chr_06/183079.14~A38.K_6L.png,/data5/chensx/MyProject/UAE/data/arrangement_merged/chr_06/183079.14~A38.K_6R.png,0,1.581450122045414,,0.0024566650390625,8.55550885626437,chromosome
0,0.0007972717285156,183079,183079.14~A6.K_6,6,,normal,183079.14~A6.K_6L.png,183079.14~A6.K_6R.png,train,/data5/chensx/MyProject/UAE/data/arrangement_merged/chr_06/183079.14~A6.K_6L.png,/data5/chensx/MyProject/UAE/data/arrangement_merged/chr_06/183079.14~A6.K_6R.png,0,-0.6624670399577348,,0.0007972717285156,-0.2836294178841659,chromosome
0,0.0007992982864379,183079,183079.2~A40.K_6,6,,normal,183079.2~A40.K_6L.png,183079.2~A40.K_6R.png,train,/data5/chensx/MyProject/UAE/data/arrangement_merged/chr_06/183079.2~A40.K_6L.png,/data5/chensx/MyProject/UAE/data/arrangement_merged/chr_06/183079.2~A40.K_6R.png,0,-0.6597266238834493,,0.0007992982864379,-0.27283449326808573,chromosome
0,0.0009301900863647,183079,183079.2~A8.K_6,6,,normal,183079.2~A8.K_6L.png,183079.2~A8.K_6R.png,train,/data5/chensx/MyProject/UAE/data/arrangement_merged/chr_06/183079.2~A8.K_6L.png,/data5/chensx/MyProject/UAE/data/arrangement_merged/chr_06/183079.2~A8.K_6R.png,0,-0.4827279856737181,,0.0009301900863647,0.4243906378395343,chromosome
0,0.0008477568626403,183079,183079.3~A16.K_6,6,,normal,183079.3~A16.K_6L.png,183079.3~A16.K_6R.png,train,/data5/chensx/MyProject/UAE/data/arrangement_merged/chr_06/183079.3~A16.K_6L.png,/data5/chensx/MyProject/UAE/data/arrangement_merged/chr_06/183079.3~A16.K_6R.png,0,-0.5941984395189177,,0.0008477568626403,-0.014708795822549001,chromosome
0,0.000823438167572,183079,183079.3~A22.K_6,6,,normal,183079.3~A22.K_6L.png,183079.3~A22.K_6R.png,train,/data5/chensx/MyProject/UAE/data/arrangement_merged/chr_06/183079.3~A22.K_6L.png,/data5/chensx/MyProject/UAE/data/arrangement_merged/chr_06/183079.3~A22.K_6R.png,0,-0.6270834324103431,,0.000823438167572,-0.14424789121923492,chromosome
0,0.0007233619689941,183079,183079.3~A5.K_6,6,,normal,183079.3~A5.K_6L.png,183079.3~A5.K_6R.png,train,/data5/chensx/MyProject/UAE/data/arrangement_merged/chr_06/183079.3~A5.K_6L.png,/data5/chensx/MyProject/UAE/data/arrangement_merged/chr_06/183079.3~A5.K_6R.png,0,-0.7624116261963808,,0.0007233619689941,-0.677326668600629,chromosome
0,0.0006959438323974,183079,183079.3~A7.K_6,6,,normal,183079.3~A7.K_6L.png,183079.3~A7.K_6R.png,train,/data5/chensx/MyProject/UAE/data/arrangement_merged/chr_06/183079.3~A7.K_6L.png,/data5/chensx/MyProject/UAE/data/arrangement_merged/chr_06/183079.3~A7.K_6R.png,0,-0.7994878436720075,,0.0006959438323974,-0.8233756487052005,chromosome
0,0.0008504986763,183079,183079.4~A13.K_6,6,,normal,183079.4~A13.K_6L.png,183079.4~A13.K_6R.png,train,/data5/chensx/MyProject/UAE/data/arrangement_merged/chr_06/183079.4~A13.K_6L.png,/data5/chensx/MyProject/UAE/data/arrangement_merged/chr_06/183079.4~A13.K_6R.png,0,-0.590490817771355,,0.0008504986763,-0.00010389781193170276,chromosome
0,0.0008631348609924,183079,183079.4~A17.K_6,6,,normal,183079.4~A17.K_6L.png,183079.4~A17.K_6R.png,train,/data5/chensx/MyProject/UAE/data/arrangement_merged/chr_06/183079.4~A17.K_6L.png,/data5/chensx/MyProject/UAE/data/arrangement_merged/chr_06/183079.4~A17.K_6R.png,0,-0.5734035175434575,,0.0008631348609924,0.06720563214934708,chromosome
0,0.0007882714271545,183079,183079.4~A18.K_6,6,,normal,183079.4~A18.K_6L.png,183079.4~A18.K_6R.png,train,/data5/chensx/MyProject/UAE/data/arrangement_merged/chr_06/183079.4~A18.K_6L.png,/data5/chensx/MyProject/UAE/data/arrangement_merged/chr_06/183079.4~A18.K_6R.png,0,-0.6746377113464731,,0.0007882714271545,-0.33157158309245516,chromosome
0,0.0008506774902343,183079,183079.4~A23.K_6,6,,normal,183079.4~A23.K_6L.png,183079.4~A23.K_6R.png,train,/data5/chensx/MyProject/UAE/data/arrangement_merged/chr_06/183079.4~A23.K_6L.png,/data5/chensx/MyProject/UAE/data/arrangement_merged/chr_06/183079.4~A23.K_6R.png,0,-0.5902490163530357,,0.0008506774902343,0.0008485955364359069,chromosome
0,0.0011123418807983,183079,183079.4~A29.K_6,6,,normal,183079.4~A29.K_6L.png,183079.4~A29.K_6R.png,train,/data5/chensx/MyProject/UAE/data/arrangement_merged/chr_06/183079.4~A29.K_6L.png,/data5/chensx/MyProject/UAE/data/arrangement_merged/chr_06/183079.4~A29.K_6R.png,0,-0.2364129408791196,,0.0011123418807983,1.3946638621857421,chromosome
0,0.0008690953254699,183079,183079.4~A4.K_6,6,,normal,183079.4~A4.K_6L.png,183079.4~A4.K_6R.png,train,/data5/chensx/MyProject/UAE/data/arrangement_merged/chr_06/183079.4~A4.K_6L.png,/data5/chensx/MyProject/UAE/data/arrangement_merged/chr_06/183079.4~A4.K_6R.png,0,-0.5653434702661473,,0.0008690953254699,0.09895541043271819,chromosome
0,0.000812292098999,183079,183079.4~A50.K_6,6,,normal,183079.4~A50.K_6L.png,183079.4~A50.K_6R.png,train,/data5/chensx/MyProject/UAE/data/arrangement_merged/chr_06/183079.4~A50.K_6L.png,/data5/chensx/MyProject/UAE/data/arrangement_merged/chr_06/183079.4~A50.K_6R.png,0,-0.6421557208189131,,0.000812292098999,-0.2036199766095381,chromosome
0,0.0007873773574829,183214,183214.11~A34.K_6,6,,normal,183214.11~A34.K_6L.png,183214.11~A34.K_6R.png,train,/data5/chensx/MyProject/UAE/data/arrangement_merged/chr_06/183214.11~A34.K_6L.png,/data5/chensx/MyProject/UAE/data/arrangement_merged/chr_06/183214.11~A34.K_6R.png,0,-0.7064941053842831,,0.0007873773574829,-0.33633404983482795,chromosome
0,0.0006946325302124,183214,183214.11~A9.K_6,6,,normal,183214.11~A9.K_6L.png,183214.11~A9.K_6R.png,train,/data5/chensx/MyProject/UAE/data/arrangement_merged/chr_06/183214.11~A9.K_6L.png,/data5/chensx/MyProject/UAE/data/arrangement_merged/chr_06/183214.11~A9.K_6R.png,0,-0.8281318647642871,,0.0006946325302124,-0.8303605999272761,chromosome
0,0.000787615776062,183214,183214.12~A1.K_6,6,,normal,183214.12~A1.K_6L.png,183214.12~A1.K_6R.png,train,/data5/chensx/MyProject/UAE/data/arrangement_merged/chr_06/183214.12~A1.K_6L.png,/data5/chensx/MyProject/UAE/data/arrangement_merged/chr_06/183214.12~A1.K_6R.png,0,-0.7061814119154399,,0.000787615776062,-0.3350640587034929,chromosome
0,0.0006946325302124,183214,183214.12~A24.K_6,6,,normal,183214.12~A24.K_6L.png,183214.12~A24.K_6R.png,train,/data5/chensx/MyProject/UAE/data/arrangement_merged/chr_06/183214.12~A24.K_6L.png,/data5/chensx/MyProject/UAE/data/arrangement_merged/chr_06/183214.12~A24.K_6R.png,0,-0.8281318647642871,,0.0006946325302124,-0.8303605999272761,chromosome
0,0.0007242560386657,183214,183214.12~A8.K_6,6,,normal,183214.12~A8.K_6L.png,183214.12~A8.K_6R.png,train,/data5/chensx/MyProject/UAE/data/arrangement_merged/chr_06/183214.12~A8.K_6L.png,/data5/chensx/MyProject/UAE/data/arrangement_merged/chr_06/183214.12~A8.K_6R.png,0,-0.7892797012605198,,0.0007242560386657,-0.6725642018582562,chromosome
0,0.0007031559944152,183214,183214.13~A21.K_6,6,,normal,183214.13~A21.K_6L.png,183214.13~A21.K_6R.png,train,/data5/chensx/MyProject/UAE/data/arrangement_merged/chr_06/183214.13~A21.K_6L.png,/data5/chensx/MyProject/UAE/data/arrangement_merged/chr_06/183214.13~A21.K_6R.png,0,-0.8169530732531428,,0.0007031559944152,-0.7849584169821883,chromosome
0,0.0007127523422241,183214,183214.13~A34.K_6,6,,normal,183214.13~A34.K_6L.png,183214.13~A34.K_6R.png,train,/data5/chensx/MyProject/UAE/data/arrangement_merged/chr_06/183214.13~A34.K_6L.png,/data5/chensx/MyProject/UAE/data/arrangement_merged/chr_06/183214.13~A34.K_6R.png,0,-0.8043671611322041,,0.0007127523422241,-0.7338412739452956,chromosome
0,0.0007710456848144,183214,183214.13~A49.K_6,6,,normal,183214.13~A49.K_6L.png,183214.13~A49.K_6R.png,train,/data5/chensx/MyProject/UAE/data/arrangement_merged/chr_06/183214.13~A49.K_6L.png,/data5/chensx/MyProject/UAE/data/arrangement_merged/chr_06/183214.13~A49.K_6R.png,0,-0.7279136080000422,,0.0007710456848144,-0.4233284423320632,chromosome
0,0.0008692741394042,183214,183214.13~A6.K_6,6,,normal,183214.13~A6.K_6L.png,183214.13~A6.K_6R.png,train,/data5/chensx/MyProject/UAE/data/arrangement_merged/chr_06/183214.13~A6.K_6L.png,/data5/chensx/MyProject/UAE/data/arrangement_merged/chr_06/183214.13~A6.K_6R.png,0,-0.5990838988366446,,0.0008692741394042,0.0999079037810858,chromosome
0,0.0005757808685302,183214,183214.14~A11.K_6,6,,normal,183214.14~A11.K_6L.png,183214.14~A11.K_6R.png,train,/data5/chensx/MyProject/UAE/data/arrangement_merged/chr_06/183214.14~A11.K_6L.png,/data5/chensx/MyProject/UAE/data/arrangement_merged/chr_06/183214.14~A11.K_6R.png,0,-0.9840095589826212,,0.0005757808685302,-1.46345117890222,chromosome
0,0.001026451587677,183214,183214.14~A17.K_6,6,,normal,183214.14~A17.K_6L.png,183214.14~A17.K_6R.png,train,/data5/chensx/MyProject/UAE/data/arrangement_merged/chr_06/183214.14~A17.K_6L.png,/data5/chensx/MyProject/UAE/data/arrangement_merged/chr_06/183214.14~A17.K_6R.png,0,-0.3929407295017663,,0.001026451587677,0.9371495571195706,chromosome
0,0.0007504820823669,183214,183214.14~A19.K_6,6,,normal,183214.14~A19.K_6L.png,183214.14~A19.K_6R.png,train,/data5/chensx/MyProject/UAE/data/arrangement_merged/chr_06/183214.14~A19.K_6L.png,/data5/chensx/MyProject/UAE/data/arrangement_merged/chr_06/183214.14~A19.K_6R.png,0,-0.7548834196877681,,0.0007504820823669,-0.5328651774103589,chromosome
0,0.0008376836776733,183214,183214.14~A21.K_6,6,,normal,183214.14~A21.K_6L.png,183214.14~A21.K_6R.png,train,/data5/chensx/MyProject/UAE/data/arrangement_merged/chr_06/183214.14~A21.K_6L.png,/data5/chensx/MyProject/UAE/data/arrangement_merged/chr_06/183214.14~A21.K_6R.png,0,-0.6405157834583683,,0.0008376836776733,-0.06836592112157867,chromosome
0,0.0009442567825317,183214,183214.14~A6.K_6,6,,normal,183214.14~A6.K_6L.png,183214.14~A6.K_6R.png,train,/data5/chensx/MyProject/UAE/data/arrangement_merged/chr_06/183214.14~A6.K_6L.png,/data5/chensx/MyProject/UAE/data/arrangement_merged/chr_06/183214.14~A6.K_6R.png,0,-0.5007418028854589,,0.0009442567825317,0.49932011458882236,chromosome
0,0.0008875131607055,183214,183214.2~A19.K_6,6,,normal,183214.2~A19.K_6L.png,183214.2~A19.K_6R.png,train,/data5/chensx/MyProject/UAE/data/arrangement_merged/chr_06/183214.2~A19.K_6L.png,/data5/chensx/MyProject/UAE/data/arrangement_merged/chr_06/183214.2~A19.K_6R.png,0,-0.57516284847014,,0.0008875131607055,0.19706222532900047,chromosome
0,0.0009325146675109,183214,183214.2~A25.K_6,6,,normal,183214.2~A25.K_6L.png,183214.2~A25.K_6R.png,train,/data5/chensx/MyProject/UAE/data/arrangement_merged/chr_06/183214.2~A25.K_6L.png,/data5/chensx/MyProject/UAE/data/arrangement_merged/chr_06/183214.2~A25.K_6R.png,0,-0.5161419562259864,,0.0009325146675109,0.43677305136991584,chromosome
0,0.0007713437080383,183214,183214.2~A30.K_6,6,,normal,183214.2~A30.K_6L.png,183214.2~A30.K_6R.png,train,/data5/chensx/MyProject/UAE/data/arrangement_merged/chr_06/183214.2~A30.K_6L.png,/data5/chensx/MyProject/UAE/data/arrangement_merged/chr_06/183214.2~A30.K_6R.png,0,-0.7275227411639882,,0.0007713437080383,-0.42174095341776124,chromosome
0,0.0007222294807434,183214,183214.2~A36.K_6,6,,normal,183214.2~A36.K_6L.png,183214.2~A36.K_6R.png,train,/data5/chensx/MyProject/UAE/data/arrangement_merged/chr_06/183214.2~A36.K_6L.png,/data5/chensx/MyProject/UAE/data/arrangement_merged/chr_06/183214.2~A36.K_6R.png,0,-0.791937595745687,,0.0007222294807434,-0.6833591264743363,chromosome
0,0.0008596181869506,183214,183214.2~A39.K_6,6,,normal,183214.2~A39.K_6L.png,183214.2~A39.K_6R.png,train,/data5/chensx/MyProject/UAE/data/arrangement_merged/chr_06/183214.2~A39.K_6L.png,/data5/chensx/MyProject/UAE/data/arrangement_merged/chr_06/183214.2~A39.K_6R.png,0,-0.6117479843247942,,0.0008596181869506,0.04847326296175882,chromosome
0,0.000757098197937,183214,183214.2~A45.K_6,6,,normal,183214.2~A45.K_6L.png,183214.2~A45.K_6R.png,train,/data5/chensx/MyProject/UAE/data/arrangement_merged/chr_06/183214.2~A45.K_6L.png,/data5/chensx/MyProject/UAE/data/arrangement_merged/chr_06/183214.2~A45.K_6R.png,0,-0.7462061759273693,,0.000757098197937,-0.4976229235154175,chromosome
0,0.0006800293922424,183214,183214.2~A6.K_6,6,,normal,183214.2~A6.K_6L.png,183214.2~A6.K_6R.png,train,/data5/chensx/MyProject/UAE/data/arrangement_merged/chr_06/183214.2~A6.K_6L.png,/data5/chensx/MyProject/UAE/data/arrangement_merged/chr_06/183214.2~A6.K_6R.png,0,-0.847284339730933,,0.0006800293922424,-0.9081475567222006,chromosome
0,0.0009180307388305,183214,183214.3~A12.K_6,6,,normal,183214.3~A12.K_6L.png,183214.3~A12.K_6R.png,train,/data5/chensx/MyProject/UAE/data/arrangement_merged/chr_06/183214.3~A12.K_6L.png,/data5/chensx/MyProject/UAE/data/arrangement_merged/chr_06/183214.3~A12.K_6R.png,0,-0.5351380844582106,,0.0009180307388305,0.3596210901409251,chromosome
0,0.000946044921875,183214,183214.3~A19.K_6,6,,normal,183214.3~A19.K_6L.png,183214.3~A19.K_6R.png,train,/data5/chensx/MyProject/UAE/data/arrangement_merged/chr_06/183214.3~A19.K_6L.png,/data5/chensx/MyProject/UAE/data/arrangement_merged/chr_06/183214.3~A19.K_6R.png,0,-0.4983966018691348,,0.000946044921875,0.5088450480740999,chromosome
0,0.0006884932518005,183214,183214.3~A28.K_6,6,,normal,183214.3~A28.K_6L.png,183214.3~A28.K_6R.png,train,/data5/chensx/MyProject/UAE/data/arrangement_merged/chr_06/183214.3~A28.K_6L.png,/data5/chensx/MyProject/UAE/data/arrangement_merged/chr_06/183214.3~A28.K_6R.png,0,-0.8361837215869995,,0.0006884932518005,-0.8630628715595472,chromosome
0,0.0007890462875366,183214,183214.3~A4.K_6,6,,normal,183214.3~A4.K_6L.png,183214.3~A4.K_6R.png,train,/data5/chensx/MyProject/UAE/data/arrangement_merged/chr_06/183214.3~A4.K_6L.png,/data5/chensx/MyProject/UAE/data/arrangement_merged/chr_06/183214.3~A4.K_6R.png,0,-0.7043052511023807,,0.0007890462875366,-0.32744411191548417,chromosome
0,0.0006506443023681,183214,183214.3~A42.K_6,6,,normal,183214.3~A42.K_6L.png,183214.3~A42.K_6R.png,train,/data5/chensx/MyProject/UAE/data/arrangement_merged/chr_06/183214.3~A42.K_6L.png,/data5/chensx/MyProject/UAE/data/arrangement_merged/chr_06/183214.3~A42.K_6R.png,0,-0.8858238097658572,,0.0006506443023681,-1.0646739636604179,chromosome
0,0.0006448626518249,183214,183214.3~A43.K_6,6,,normal,183214.3~A43.K_6L.png,183214.3~A43.K_6R.png,train,/data5/chensx/MyProject/UAE/data/arrangement_merged/chr_06/183214.3~A43.K_6L.png,/data5/chensx/MyProject/UAE/data/arrangement_merged/chr_06/183214.3~A43.K_6R.png,0,-0.8934066263853048,,0.0006448626518249,-1.0954712485954208,chromosome
0,0.0008152723312377,183214,183214.3~A47.K_6,6,,normal,183214.3~A47.K_6L.png,183214.3~A47.K_6R.png,train,/data5/chensx/MyProject/UAE/data/arrangement_merged/chr_06/183214.3~A47.K_6L.png,/data5/chensx/MyProject/UAE/data/arrangement_merged/chr_06/183214.3~A47.K_6R.png,0,-0.669908969529629,,0.0008152723312377,-0.1877450874681188,chromosome
0,0.0007083415985107,183214,183214.4~A22.K_6,6,,normal,183214.4~A22.K_6L.png,183214.4~A22.K_6R.png,train,/data5/chensx/MyProject/UAE/data/arrangement_merged/chr_06/183214.4~A22.K_6L.png,/data5/chensx/MyProject/UAE/data/arrangement_merged/chr_06/183214.4~A22.K_6R.png,0,-0.8101519903058033,,0.0007083415985107,-0.7573361098752562,chromosome
0,0.0007184147834777,183214,183214.4~A24.K_6,6,,normal,183214.4~A24.K_6L.png,183214.4~A24.K_6R.png,train,/data5/chensx/MyProject/UAE/data/arrangement_merged/chr_06/183214.4~A24.K_6L.png,/data5/chensx/MyProject/UAE/data/arrangement_merged/chr_06/183214.4~A24.K_6R.png,0,-0.7969406912471781,,0.0007184147834777,-0.7036789845762259,chromosome
0,0.0008913874626159,183214,183214.4~A26.K_6,6,,normal,183214.4~A26.K_6L.png,183214.4~A26.K_6R.png,train,/data5/chensx/MyProject/UAE/data/arrangement_merged/chr_06/183214.4~A26.K_6L.png,/data5/chensx/MyProject/UAE/data/arrangement_merged/chr_06/183214.4~A26.K_6R.png,0,-0.570081579601438,,0.0008913874626159,0.21769958121332453,chromosome
0,0.0006467103958129,183214,183214.4~A28.K_6,6,,normal,183214.4~A28.K_6L.png,183214.4~A28.K_6R.png,train,/data5/chensx/MyProject/UAE/data/arrangement_merged/chr_06/183214.4~A28.K_6L.png,/data5/chensx/MyProject/UAE/data/arrangement_merged/chr_06/183214.4~A28.K_6R.png,0,-0.89098325200177,,0.0006467103958129,-1.0856288173277087,chromosome
0,0.0007916688919067,183214,183214.4~A50.K_6,6,,normal,183214.4~A50.K_6L.png,183214.4~A50.K_6R.png,train,/data5/chensx/MyProject/UAE/data/arrangement_merged/chr_06/183214.4~A50.K_6L.png,/data5/chensx/MyProject/UAE/data/arrangement_merged/chr_06/183214.4~A50.K_6R.png,0,-0.7008656229451056,,0.0007916688919067,-0.3134742094708007,chromosome
0,0.0007139444351196,183214,183214.4~A8.K_6,6,,normal,183214.4~A8.K_6L.png,183214.4~A8.K_6R.png,train,/data5/chensx/MyProject/UAE/data/arrangement_merged/chr_06/183214.4~A8.K_6L.png,/data5/chensx/MyProject/UAE/data/arrangement_merged/chr_06/183214.4~A8.K_6R.png,0,-0.8028036937879881,,0.0007139444351196,-0.7274913182886215,chromosome
0,0.0008360147476196,183262,183262.11~A16.K_6,6,,normal,183262.11~A16.K_6L.png,183262.11~A16.K_6R.png,train,/data5/chensx/MyProject/UAE/data/arrangement_merged/chr_06/183262.11~A16.K_6L.png,/data5/chensx/MyProject/UAE/data/arrangement_merged/chr_06/183262.11~A16.K_6R.png,0,-0.6326320034916506,,0.0008360147476196,-0.07725585904092304,chromosome
0,0.0008283853530883,183262,183262.12~A5.K_6,6,,normal,183262.12~A5.K_6L.png,183262.12~A5.K_6R.png,train,/data5/chensx/MyProject/UAE/data/arrangement_merged/chr_06/183262.12~A5.K_6L.png,/data5/chensx/MyProject/UAE/data/arrangement_merged/chr_06/183262.12~A5.K_6R.png,0,-0.6422817046637431,,0.0008283853530883,-0.11789557524417044,chromosome
0,0.0008673071861267,183262,183262.14~A1.K_6,6,,normal,183262.14~A1.K_6L.png,183262.14~A1.K_6R.png,train,/data5/chensx/MyProject/UAE/data/arrangement_merged/chr_06/183262.14~A1.K_6L.png,/data5/chensx/MyProject/UAE/data/arrangement_merged/chr_06/183262.14~A1.K_6R.png,0,-0.59305315102799,,0.0008673071861267,0.0894304769479731,chromosome
0,0.0008450150489807,183262,183262.14~A16.K_6,6,,normal,183262.14~A16.K_6L.png,183262.14~A16.K_6R.png,train,/data5/chensx/MyProject/UAE/data/arrangement_merged/chr_06/183262.14~A16.K_6L.png,/data5/chensx/MyProject/UAE/data/arrangement_merged/chr_06/183262.14~A16.K_6R.png,0,-0.6212483716401977,,0.0008450150489807,-0.029313693832633245,chromosome
0,0.0008451342582702,183262,183262.14~A21.K_6,6,,normal,183262.14~A21.K_6L.png,183262.14~A21.K_6R.png,train,/data5/chensx/MyProject/UAE/data/arrangement_merged/chr_06/183262.14~A21.K_6L.png,/data5/chensx/MyProject/UAE/data/arrangement_merged/chr_06/183262.14~A21.K_6R.png,0,-0.6210975950593838,,0.0008451342582702,-0.028678698267231947,chromosome
0,0.0007581710815429,183262,183262.14~A23.K_6,6,,normal,183262.14~A23.K_6L.png,183262.14~A23.K_6R.png,train,/data5/chensx/MyProject/UAE/data/arrangement_merged/chr_06/183262.14~A23.K_6L.png,/data5/chensx/MyProject/UAE/data/arrangement_merged/chr_06/183262.14~A23.K_6R.png,0,-0.7310891107631566,,0.0007581710815429,-0.4919079634246771,chromosome
0,0.0007079243659973,183262,183262.14~A29.K_6,6,,normal,183262.14~A29.K_6L.png,183262.14~A29.K_6R.png,train,/data5/chensx/MyProject/UAE/data/arrangement_merged/chr_06/183262.14~A29.K_6L.png,/data5/chensx/MyProject/UAE/data/arrangement_merged/chr_06/183262.14~A29.K_6R.png,0,-0.7946414395762345,,0.0007079243659973,-0.7595585943549589,chromosome
0,0.0007145404815673,183262,183262.14~A33.K_6,6,,normal,183262.14~A33.K_6L.png,183262.14~A33.K_6R.png,train,/data5/chensx/MyProject/UAE/data/arrangement_merged/chr_06/183262.14~A33.K_6L.png,/data5/chensx/MyProject/UAE/data/arrangement_merged/chr_06/183262.14~A33.K_6R.png,0,-0.7862733393410605,,0.0007145404815673,-0.7243163404605506,chromosome
0,0.0008460879325866,183262,183262.14~A38.K_6,6,,normal,183262.14~A38.K_6L.png,183262.14~A38.K_6R.png,train,/data5/chensx/MyProject/UAE/data/arrangement_merged/chr_06/183262.14~A38.K_6L.png,/data5/chensx/MyProject/UAE/data/arrangement_merged/chr_06/183262.14~A38.K_6R.png,0,-0.6198913824128722,,0.0008460879325866,-0.023598733741892797,chromosome
0,0.0009019374847412,183262,183262.14~A45.K_6,6,,normal,183262.14~A45.K_6L.png,183262.14~A45.K_6R.png,train,/data5/chensx/MyProject/UAE/data/arrangement_merged/chr_06/183262.14~A45.K_6L.png,/data5/chensx/MyProject/UAE/data/arrangement_merged/chr_06/183262.14~A45.K_6R.png,0,-0.5492525543015391,,0.0009019374847412,0.27389668877555684,chromosome
0,0.0008209943771362,183262,183262.14~A8.K_6,6,,normal,183262.14~A8.K_6L.png,183262.14~A8.K_6R.png,train,/data5/chensx/MyProject/UAE/data/arrangement_merged/chr_06/183262.14~A8.K_6L.png,/data5/chensx/MyProject/UAE/data/arrangement_merged/chr_06/183262.14~A8.K_6R.png,0,-0.6516298526742077,,0.0008209943771362,-0.15726530031555028,chromosome
0,0.0006532073020935,183262,183262.1~A2.K_6,6,,normal,183262.1~A2.K_6L.png,183262.1~A2.K_6R.png,train,/data5/chensx/MyProject/UAE/data/arrangement_merged/chr_06/183262.1~A2.K_6L.png,/data5/chensx/MyProject/UAE/data/arrangement_merged/chr_06/183262.1~A2.K_6R.png,0,-0.8638478901698351,,0.0006532073020935,-1.0510215589981686,chromosome
0,0.0007538795471191,183262,183262.1~A24.K_6,6,,normal,183262.1~A24.K_6L.png,183262.1~A24.K_6R.png,train,/data5/chensx/MyProject/UAE/data/arrangement_merged/chr_06/183262.1~A24.K_6L.png,/data5/chensx/MyProject/UAE/data/arrangement_merged/chr_06/183262.1~A24.K_6R.png,0,-0.7365170676724586,,0.0007538795471191,-0.5147678037887043,chromosome
0,0.0011876821517944,183262,183262.1~A26.K_6,6,,normal,183262.1~A26.K_6L.png,183262.1~A26.K_6R.png,train,/data5/chensx/MyProject/UAE/data/arrangement_merged/chr_06/183262.1~A26.K_6L.png,/data5/chensx/MyProject/UAE/data/arrangement_merged/chr_06/183262.1~A26.K_6R.png,0,-0.1878410900905131,,0.0011876821517944,1.7959810596902146,chromosome
0,0.0009101629257202,183262,183262.1~A42.K_6,6,,normal,183262.1~A42.K_6L.png,183262.1~A42.K_6R.png,train,/data5/chensx/MyProject/UAE/data/arrangement_merged/chr_06/183262.1~A42.K_6L.png,/data5/chensx/MyProject/UAE/data/arrangement_merged/chr_06/183262.1~A42.K_6R.png,0,-0.5388489702253769,,0.0009101629257202,0.3177113828068751,chromosome
0,0.0007854104042053,183262,183262.1~A9.K_6,6,,normal,183262.1~A9.K_6L.png,183262.1~A9.K_6R.png,train,/data5/chensx/MyProject/UAE/data/arrangement_merged/chr_06/183262.1~A9.K_6L.png,/data5/chensx/MyProject/UAE/data/arrangement_merged/chr_06/183262.1~A9.K_6R.png,0,-0.6966366620471702,,0.0007854104042053,-0.3468114766684732,chromosome
0,0.0008047819137573,183262,183262.2~A10.K_6,6,,normal,183262.2~A10.K_6L.png,183262.2~A10.K_6R.png,train,/data5/chensx/MyProject/UAE/data/arrangement_merged/chr_06/183262.2~A10.K_6L.png,/data5/chensx/MyProject/UAE/data/arrangement_merged/chr_06/183262.2~A10.K_6R.png,0,-0.6721354676649042,,0.0008047819137573,-0.24362469724685173,chromosome
0,0.0006213188171386,183262,183262.2~A22.K_6,6,,normal,183262.2~A22.K_6L.png,183262.2~A22.K_6R.png,train,/data5/chensx/MyProject/UAE/data/arrangement_merged/chr_06/183262.2~A22.K_6L.png,/data5/chensx/MyProject/UAE/data/arrangement_merged/chr_06/183262.2~A22.K_6R.png,0,-0.9041806255375654,,0.0006213188171386,-1.2208828728156682,chromosome
0,0.0008118748664855,183262,183262.2~A23.K_6,6,,normal,183262.2~A23.K_6L.png,183262.2~A23.K_6R.png,train,/data5/chensx/MyProject/UAE/data/arrangement_merged/chr_06/183262.2~A23.K_6L.png,/data5/chensx/MyProject/UAE/data/arrangement_merged/chr_06/183262.2~A23.K_6R.png,0,-0.6631642611064744,,0.0008118748664855,-0.20584246108977386,chromosome
0,0.0008430480957031,183262,183262.2~A44.K_6,6,,normal,183262.2~A44.K_6L.png,183262.2~A44.K_6R.png,train,/data5/chensx/MyProject/UAE/data/arrangement_merged/chr_06/183262.2~A44.K_6L.png,/data5/chensx/MyProject/UAE/data/arrangement_merged/chr_06/183262.2~A44.K_6R.png,0,-0.6237361852236278,,0.0008430480957031,-0.039791120666279,chromosome
0,0.0007614493370056,183262,183262.2~A45.K_6,6,,normal,183262.2~A45.K_6L.png,183262.2~A45.K_6R.png,train,/data5/chensx/MyProject/UAE/data/arrangement_merged/chr_06/183262.2~A45.K_6L.png,/data5/chensx/MyProject/UAE/data/arrangement_merged/chr_06/183262.2~A45.K_6R.png,0,-0.7269427547907732,,0.0007614493370056,-0.47444558536842385,chromosome
0,0.0009458065032958,183262,183262.3~A17.K_6,6,,normal,183262.3~A17.K_6L.png,183262.3~A17.K_6R.png,train,/data5/chensx/MyProject/UAE/data/arrangement_merged/chr_06/183262.3~A17.K_6L.png,/data5/chensx/MyProject/UAE/data/arrangement_merged/chr_06/183262.3~A17.K_6R.png,0,-0.4937667725620073,,0.0009458065032958,0.5075750569422324,chromosome
0,0.0007554292678833,183262,183262.3~A24.K_6,6,,normal,183262.3~A24.K_6L.png,183262.3~A24.K_6R.png,train,/data5/chensx/MyProject/UAE/data/arrangement_merged/chr_06/183262.3~A24.K_6L.png,/data5/chensx/MyProject/UAE/data/arrangement_merged/chr_06/183262.3~A24.K_6R.png,0,-0.7345569721218773,,0.0007554292678833,-0.5065128614347613,chromosome
0,0.0006589293479919,183262,183262.3~A30.K_6,6,,normal,183262.3~A30.K_6L.png,183262.3~A30.K_6R.png,train,/data5/chensx/MyProject/UAE/data/arrangement_merged/chr_06/183262.3~A30.K_6L.png,/data5/chensx/MyProject/UAE/data/arrangement_merged/chr_06/183262.3~A30.K_6R.png,0,-0.8566106142907658,,0.0006589293479919,-1.0205417718461327,chromosome
0,0.0008054971694946,183262,183262.3~A41.K_6,6,,normal,183262.3~A41.K_6L.png,183262.3~A41.K_6R.png,train,/data5/chensx/MyProject/UAE/data/arrangement_merged/chr_06/183262.3~A41.K_6L.png,/data5/chensx/MyProject/UAE/data/arrangement_merged/chr_06/183262.3~A41.K_6R.png,0,-0.6712308081800205,,0.0008054971694946,-0.23981472385284766,chromosome
0,0.0008758306503295,183262,183262.4~A14.K_6,6,,normal,183262.4~A14.K_6L.png,183262.4~A14.K_6R.png,train,/data5/chensx/MyProject/UAE/data/arrangement_merged/chr_06/183262.4~A14.K_6L.png,/data5/chensx/MyProject/UAE/data/arrangement_merged/chr_06/183262.4~A14.K_6R.png,0,-0.582272625499793,,0.0008758306503295,0.13483265989306026,chromosome
0,0.0007107853889465,183262,183262.4~A19.K_6,6,,normal,183262.4~A19.K_6L.png,183262.4~A19.K_6R.png,train,/data5/chensx/MyProject/UAE/data/arrangement_merged/chr_06/183262.4~A19.K_6L.png,/data5/chensx/MyProject/UAE/data/arrangement_merged/chr_06/183262.4~A19.K_6R.png,0,-0.7910228016366997,,0.0007107853889465,-0.7443187007789409,chromosome
0,0.0006605386734008,183262,183262.4~A24.K_6,6,,normal,183262.4~A24.K_6L.png,183262.4~A24.K_6R.png,train,/data5/chensx/MyProject/UAE/data/arrangement_merged/chr_06/183262.4~A24.K_6L.png,/data5/chensx/MyProject/UAE/data/arrangement_merged/chr_06/183262.4~A24.K_6R.png,0,-0.8545751304497775,,0.0006605386734008,-1.0119693317097558,chromosome
0,0.0010648369789123,183262,183262.4~A29.K_6,6,,normal,183262.4~A29.K_6L.png,183262.4~A29.K_6R.png,train,/data5/chensx/MyProject/UAE/data/arrangement_merged/chr_06/183262.4~A29.K_6L.png,/data5/chensx/MyProject/UAE/data/arrangement_merged/chr_06/183262.4~A29.K_6R.png,0,-0.3432163566192833,,0.0010648369789123,1.1416181292655445,chromosome
0,0.0006559491157531,183262,183262.4~A31.K_6,6,,normal,183262.4~A31.K_6L.png,183262.4~A31.K_6R.png,train,/data5/chensx/MyProject/UAE/data/arrangement_merged/chr_06/183262.4~A31.K_6L.png,/data5/chensx/MyProject/UAE/data/arrangement_merged/chr_06/183262.4~A31.K_6R.png,0,-0.8603800288111144,,0.0006559491157531,-1.0364166609880845,chromosome
0,0.0007848739624023,183262,183262.4~A50.K_6,6,,normal,183262.4~A50.K_6L.png,183262.4~A50.K_6R.png,train,/data5/chensx/MyProject/UAE/data/arrangement_merged/chr_06/183262.4~A50.K_6L.png,/data5/chensx/MyProject/UAE/data/arrangement_merged/chr_06/183262.4~A50.K_6R.png,0,-0.697315156660833,,0.0007848739624023,-0.3496689567141102,chromosome
0,0.0006488561630249,183786,183786.11~A44.K_6,6,,normal,183786.11~A44.K_6L.png,183786.11~A44.K_6R.png,train,/data5/chensx/MyProject/UAE/data/arrangement_merged/chr_06/183786.11~A44.K_6L.png,/data5/chensx/MyProject/UAE/data/arrangement_merged/chr_06/183786.11~A44.K_6R.png,0,-0.4006362704565054,,0.0006488561630249,-1.0741988971451628,chromosome
0,0.0006036758422851,183786,183786.12~A1.K_6,6,,normal,183786.12~A1.K_6L.png,183786.12~A1.K_6R.png,train,/data5/chensx/MyProject/UAE/data/arrangement_merged/chr_06/183786.12~A1.K_6L.png,/data5/chensx/MyProject/UAE/data/arrangement_merged/chr_06/183786.12~A1.K_6R.png,0,-0.4241979129384381,,0.0006036758422851,-1.314862216534979,chromosome
0,0.0008349418640136,183786,183786.12~A12.K_6,6,,normal,183786.12~A12.K_6L.png,183786.12~A12.K_6R.png,train,/data5/chensx/MyProject/UAE/data/arrangement_merged/chr_06/183786.12~A12.K_6L.png,/data5/chensx/MyProject/UAE/data/arrangement_merged/chr_06/183786.12~A12.K_6R.png,0,-0.3035921440335581,,0.0008349418640136,-0.08297081913219596,chromosome
0,0.0007198452949523,183786,183786.12~A15.K_6,6,,normal,183786.12~A15.K_6L.png,183786.12~A15.K_6R.png,train,/data5/chensx/MyProject/UAE/data/arrangement_merged/chr_06/183786.12~A15.K_6L.png,/data5/chensx/MyProject/UAE/data/arrangement_merged/chr_06/183786.12~A15.K_6R.png,0,-0.3636152728364765,,0.0007198452949523,-0.6960590377882172,chromosome
0,0.000927448272705,183786,183786.12~A16.K_6,6,,normal,183786.12~A16.K_6L.png,183786.12~A16.K_6R.png,train,/data5/chensx/MyProject/UAE/data/arrangement_merged/chr_06/183786.12~A16.K_6L.png,/data5/chensx/MyProject/UAE/data/arrangement_merged/chr_06/183786.12~A16.K_6R.png,0,-0.2553498364716061,,0.000927448272705,0.409785739828917,chromosome
0,0.0027468204498291,183786,183786.12~A34.K_6,6,,normal,183786.12~A34.K_6L.png,183786.12~A34.K_6R.png,train,/data5/chensx/MyProject/UAE/data/arrangement_merged/chr_06/183786.12~A34.K_6L.png,/data5/chensx/MyProject/UAE/data/arrangement_merged/chr_06/183786.12~A34.K_6R.png,0,0.6934569908615273,,0.0027468204498291,10.101088063108985,chromosome
0,0.0006102323532104,183786,183786.12~A41.K_6,6,,normal,183786.12~A41.K_6L.png,183786.12~A41.K_6R.png,train,/data5/chensx/MyProject/UAE/data/arrangement_merged/chr_06/183786.12~A41.K_6L.png,/data5/chensx/MyProject/UAE/data/arrangement_merged/chr_06/183786.12~A41.K_6R.png,0,-0.4207786772220627,,0.0006102323532104,-1.2799374604230045,chromosome
0,0.0007895231246948,183786,183786.12~A47.K_6,6,,normal,183786.12~A47.K_6L.png,183786.12~A47.K_6R.png,train,/data5/chensx/MyProject/UAE/data/arrangement_merged/chr_06/183786.12~A47.K_6L.png,/data5/chensx/MyProject/UAE/data/arrangement_merged/chr_06/183786.12~A47.K_6R.png,0,-0.3272781223597227,,0.0007895231246948,-0.324904129652814,chromosome
0,0.000730276107788,183786,183786.13~A10.K_6,6,,normal,183786.13~A10.K_6L.png,183786.13~A10.K_6R.png,train,/data5/chensx/MyProject/UAE/data/arrangement_merged/chr_06/183786.13~A10.K_6L.png,/data5/chensx/MyProject/UAE/data/arrangement_merged/chr_06/183786.13~A10.K_6R.png,0,-0.3581755796513337,,0.000730276107788,-0.6404969257919187,chromosome
0,0.0006569623947143,183786,183786.13~A12.K_6,6,,normal,183786.13~A12.K_6L.png,183786.13~A12.K_6R.png,train,/data5/chensx/MyProject/UAE/data/arrangement_merged/chr_06/183786.13~A12.K_6L.png,/data5/chensx/MyProject/UAE/data/arrangement_merged/chr_06/183786.13~A12.K_6R.png,0,-0.3964088517526229,,0.0006569623947143,-1.0310191986797785,chromosome
0,0.0008825063705444,183786,183786.13~A29.K_6,6,,normal,183786.13~A29.K_6L.png,183786.13~A29.K_6R.png,train,/data5/chensx/MyProject/UAE/data/arrangement_merged/chr_06/183786.13~A29.K_6L.png,/data5/chensx/MyProject/UAE/data/arrangement_merged/chr_06/183786.13~A29.K_6R.png,0,-0.278787143109307,,0.0008825063705444,0.17039241157096852,chromosome
0,0.0008426308631896,183786,183786.13~A34.K_6,6,,normal,183786.13~A34.K_6L.png,183786.13~A34.K_6R.png,train,/data5/chensx/MyProject/UAE/data/arrangement_merged/chr_06/183786.13~A34.K_6L.png,/data5/chensx/MyProject/UAE/data/arrangement_merged/chr_06/183786.13~A34.K_6R.png,0,-0.2995823130570814,,0.0008426308631896,-0.04201360514651417,chromosome
0,0.0008289813995361,183786,183786.13~A43.K_6,6,,normal,183786.13~A43.K_6L.png,183786.13~A43.K_6R.png,train,/data5/chensx/MyProject/UAE/data/arrangement_merged/chr_06/183786.13~A43.K_6L.png,/data5/chensx/MyProject/UAE/data/arrangement_merged/chr_06/183786.13~A43.K_6R.png,0,-0.306700540139354,,0.0008289813995361,-0.11472059741556709,chromosome
0,0.0009580850601196,183786,183786.14~A17.K_6,6,,normal,183786.14~A17.K_6L.png,183786.14~A17.K_6R.png,train,/data5/chensx/MyProject/UAE/data/arrangement_merged/chr_06/183786.14~A17.K_6L.png,/data5/chensx/MyProject/UAE/data/arrangement_merged/chr_06/183786.14~A17.K_6R.png,0,-0.2393726804878153,,0.0009580850601196,0.5729796002067754,chromosome
0,0.0006248950958251,183786,183786.14~A24.K_6,6,,normal,183786.14~A24.K_6L.png,183786.14~A24.K_6R.png,train,/data5/chensx/MyProject/UAE/data/arrangement_merged/chr_06/183786.14~A24.K_6L.png,/data5/chensx/MyProject/UAE/data/arrangement_merged/chr_06/183786.14~A24.K_6R.png,0,-0.4131320228018048,,0.0006248950958251,-1.2018330058456455,chromosome
0,0.0007827281951904,183786,183786.14~A38.K_6,6,,normal,183786.14~A38.K_6L.png,183786.14~A38.K_6R.png,train,/data5/chensx/MyProject/UAE/data/arrangement_merged/chr_06/183786.14~A38.K_6L.png,/data5/chensx/MyProject/UAE/data/arrangement_merged/chr_06/183786.14~A38.K_6R.png,0,-0.33082169392033,,0.0007827281951904,-0.3610988768961236,chromosome
0,0.0008014440536499,183786,183786.14~A39.K_6,6,,normal,183786.14~A39.K_6L.png,183786.14~A39.K_6R.png,train,/data5/chensx/MyProject/UAE/data/arrangement_merged/chr_06/183786.14~A39.K_6L.png,/data5/chensx/MyProject/UAE/data/arrangement_merged/chr_06/183786.14~A39.K_6R.png,0,-0.3210613301481309,,0.0008014440536499,-0.2614045730855399,chromosome
0,0.0008407831192016,183786,183786.1~A44.K_6,6,,normal,183786.1~A44.K_6L.png,183786.1~A44.K_6R.png,train,/data5/chensx/MyProject/UAE/data/arrangement_merged/chr_06/183786.1~A44.K_6L.png,/data5/chensx/MyProject/UAE/data/arrangement_merged/chr_06/183786.1~A44.K_6R.png,0,-0.3005459158498781,,0.0008407831192016,-0.051856036414226155,chromosome
0,0.0010231733322143,183786,183786.2~A14.K_6,6,,normal,183786.2~A14.K_6L.png,183786.2~A14.K_6R.png,train,/data5/chensx/MyProject/UAE/data/arrangement_merged/chr_06/183786.2~A14.K_6L.png,/data5/chensx/MyProject/UAE/data/arrangement_merged/chr_06/183786.2~A14.K_6R.png,0,-0.2054289950125243,,0.0010231733322143,0.9196871790633169,chromosome
0,0.0008070468902587,183786,183786.2~A4.K_6,6,,normal,183786.2~A4.K_6L.png,183786.2~A4.K_6R.png,train,/data5/chensx/MyProject/UAE/data/arrangement_merged/chr_06/183786.2~A4.K_6L.png,/data5/chensx/MyProject/UAE/data/arrangement_merged/chr_06/183786.2~A4.K_6R.png,0,-0.3181394378086828,,0.0008070468902587,-0.23155978149943704,chromosome
0,0.0006673336029052,183786,183786.2~A49.K_6,6,,normal,183786.2~A49.K_6L.png,183786.2~A49.K_6R.png,train,/data5/chensx/MyProject/UAE/data/arrangement_merged/chr_06/183786.2~A49.K_6L.png,/data5/chensx/MyProject/UAE/data/arrangement_merged/chr_06/183786.2~A49.K_6R.png,0,-0.3910002425285381,,0.0006673336029052,-0.9757745844664463,chromosome
0,0.0007526874542236,183786,183786.3~A1.K_6,6,,normal,183786.3~A1.K_6L.png,183786.3~A1.K_6R.png,train,/data5/chensx/MyProject/UAE/data/arrangement_merged/chr_06/183786.3~A1.K_6L.png,/data5/chensx/MyProject/UAE/data/arrangement_merged/chr_06/183786.3~A1.K_6R.png,0,-0.3464880102935412,,0.0007526874542236,-0.5211177594453786,chromosome
0,0.0010258555412292,183786,183786.3~A25.K_6,6,,normal,183786.3~A25.K_6L.png,183786.3~A25.K_6R.png,train,/data5/chensx/MyProject/UAE/data/arrangement_merged/chr_06/183786.3~A25.K_6L.png,/data5/chensx/MyProject/UAE/data/arrangement_merged/chr_06/183786.3~A25.K_6R.png,0,-0.2040302167649161,,0.0010258555412292,0.9339745792909666,chromosome
0,0.0007694363594055,183786,183786.3~A36.K_6,6,,normal,183786.3~A36.K_6L.png,183786.3~A36.K_6R.png,train,/data5/chensx/MyProject/UAE/data/arrangement_merged/chr_06/183786.3~A36.K_6L.png,/data5/chensx/MyProject/UAE/data/arrangement_merged/chr_06/183786.3~A36.K_6R.png,0,-0.3377534172362548,,0.0007694363594055,-0.4319008824684401,chromosome
0,0.0006558299064636,183786,183786.3~A37.K_6,6,,normal,183786.3~A37.K_6L.png,183786.3~A37.K_6R.png,train,/data5/chensx/MyProject/UAE/data/arrangement_merged/chr_06/183786.3~A37.K_6L.png,/data5/chensx/MyProject/UAE/data/arrangement_merged/chr_06/183786.3~A37.K_6R.png,0,-0.3969994470127242,,0.0006558299064636,-1.0370516565534857,chromosome
0,0.0007612109184265,183786,183786.3~A44.K_6,6,,normal,183786.3~A44.K_6L.png,183786.3~A44.K_6R.png,train,/data5/chensx/MyProject/UAE/data/arrangement_merged/chr_06/183786.3~A44.K_6L.png,/data5/chensx/MyProject/UAE/data/arrangement_merged/chr_06/183786.3~A44.K_6R.png,0,-0.3420430038622531,,0.0007612109184265,-0.4757155764997584,chromosome
0,0.000826358795166,183786,183786.4~A49.K_6,6,,normal,183786.4~A49.K_6L.png,183786.4~A49.K_6R.png,train,/data5/chensx/MyProject/UAE/data/arrangement_merged/chr_06/183786.4~A49.K_6L.png,/data5/chensx/MyProject/UAE/data/arrangement_merged/chr_06/183786.4~A49.K_6R.png,0,-0.3080682344259041,,0.000826358795166,-0.12869049986025002,chromosome
0,0.0007833242416381,183786,183786.5~A1.K_6,6,,normal,183786.5~A1.K_6L.png,183786.5~A1.K_6R.png,train,/data5/chensx/MyProject/UAE/data/arrangement_merged/chr_06/183786.5~A1.K_6L.png,/data5/chensx/MyProject/UAE/data/arrangement_merged/chr_06/183786.5~A1.K_6R.png,0,-0.3305108543097504,,0.0007833242416381,-0.3579238990680527,chromosome
0,0.0008736252784729,183786,183786.5~A31.K_6,6,,normal,183786.5~A31.K_6L.png,183786.5~A31.K_6R.png,train,/data5/chensx/MyProject/UAE/data/arrangement_merged/chr_06/183786.5~A31.K_6L.png,/data5/chensx/MyProject/UAE/data/arrangement_merged/chr_06/183786.5~A31.K_6R.png,0,-0.2834186533069429,,0.0008736252784729,0.12308524192861249,chromosome
0,0.0017275810241699,183786,183786.5~A33.K_6,6,,normal,183786.5~A33.K_6L.png,183786.5~A33.K_6R.png,train,/data5/chensx/MyProject/UAE/data/arrangement_merged/chr_06/183786.5~A33.K_6L.png,/data5/chensx/MyProject/UAE/data/arrangement_merged/chr_06/183786.5~A33.K_6R.png,0,0.1619212567704324,,0.0017275810241699,4.671875976616865,chromosome
0,0.0007056593894958,183786,183786.5~A42.K_6,6,,normal,183786.5~A42.K_6L.png,183786.5~A42.K_6R.png,train,/data5/chensx/MyProject/UAE/data/arrangement_merged/chr_06/183786.5~A42.K_6L.png,/data5/chensx/MyProject/UAE/data/arrangement_merged/chr_06/183786.5~A42.K_6R.png,0,-0.3710132555682707,,0.0007056593894958,-0.7716235101029066,chromosome
0,0.0007010698318481,183786,183786.5~A44.K_6,6,,normal,183786.5~A44.K_6L.png,183786.5~A44.K_6R.png,train,/data5/chensx/MyProject/UAE/data/arrangement_merged/chr_06/183786.5~A44.K_6L.png,/data5/chensx/MyProject/UAE/data/arrangement_merged/chr_06/183786.5~A44.K_6R.png,0,-0.3734067205697335,,0.0007010698318481,-0.7960708393812354,chromosome
0,0.0008670091629028,183786,183786.5~A6.K_6,6,,normal,183786.5~A6.K_6L.png,183786.5~A6.K_6R.png,train,/data5/chensx/MyProject/UAE/data/arrangement_merged/chr_06/183786.5~A6.K_6L.png,/data5/chensx/MyProject/UAE/data/arrangement_merged/chr_06/183786.5~A6.K_6R.png,0,-0.2868689729843763,,0.0008670091629028,0.08784298803367172,chromosome
0,0.0007738471031188,183786,183786.5~A8.K_6,6,,normal,183786.5~A8.K_6L.png,183786.5~A8.K_6R.png,train,/data5/chensx/MyProject/UAE/data/arrangement_merged/chr_06/183786.5~A8.K_6L.png,/data5/chensx/MyProject/UAE/data/arrangement_merged/chr_06/183786.5~A8.K_6R.png,0,-0.3354532041179658,,0.0007738471031188,-0.4084060465390121,chromosome
0,0.000798761844635,184752,184752.11~A43.K_6,6,,normal,184752.11~A43.K_6L.png,184752.11~A43.K_6R.png,train,/data5/chensx/MyProject/UAE/data/arrangement_merged/chr_06/184752.11~A43.K_6L.png,/data5/chensx/MyProject/UAE/data/arrangement_merged/chr_06/184752.11~A43.K_6R.png,0,-0.6018336390613885,,0.000798761844635,-0.27569197331318973,chromosome
0,0.0013355612754821,184752,184752.13~A19.K_6,6,,normal,184752.13~A19.K_6L.png,184752.13~A19.K_6R.png,train,/data5/chensx/MyProject/UAE/data/arrangement_merged/chr_06/184752.13~A19.K_6L.png,/data5/chensx/MyProject/UAE/data/arrangement_merged/chr_06/184752.13~A19.K_6R.png,0,0.2496998310420947,,0.0013355612754821,2.5836930589055758,chromosome
0,0.0009093284606933,184752,184752.13~A20.K_6,6,,normal,184752.13~A20.K_6L.png,184752.13~A20.K_6R.png,train,/data5/chensx/MyProject/UAE/data/arrangement_merged/chr_06/184752.13~A20.K_6L.png,/data5/chensx/MyProject/UAE/data/arrangement_merged/chr_06/184752.13~A20.K_6R.png,0,-0.4264400584438045,,0.0009093284606933,0.31326641384693665,chromosome
0,0.0010119080543518,184752,184752.14~A10.K_6,6,,normal,184752.14~A10.K_6L.png,184752.14~A10.K_6R.png,train,/data5/chensx/MyProject/UAE/data/arrangement_merged/chr_06/184752.14~A10.K_6L.png,/data5/chensx/MyProject/UAE/data/arrangement_merged/chr_06/184752.14~A10.K_6R.png,0,-0.2637164184206983,,0.0010119080543518,0.8596800981076124,chromosome
0,0.0009005665779113,184752,184752.14~A14.K_6,6,,normal,184752.14~A14.K_6L.png,184752.14~A14.K_6R.png,train,/data5/chensx/MyProject/UAE/data/arrangement_merged/chr_06/184752.14~A14.K_6L.png,/data5/chensx/MyProject/UAE/data/arrangement_merged/chr_06/184752.14~A14.K_6R.png,0,-0.4403391723795376,,0.0009005665779113,0.2665942397699819,chromosome
0,0.0008426904678344,184752,184752.14~A43.K_6,6,,normal,184752.14~A43.K_6L.png,184752.14~A43.K_6R.png,train,/data5/chensx/MyProject/UAE/data/arrangement_merged/chr_06/184752.14~A43.K_6L.png,/data5/chensx/MyProject/UAE/data/arrangement_merged/chr_06/184752.14~A43.K_6R.png,0,-0.5321489657917609,,0.0008426904678344,-0.04169610736354728,chromosome
0,0.0009930729866027,184752,184752.2~A30.K_6,6,,normal,184752.2~A30.K_6L.png,184752.2~A30.K_6R.png,train,/data5/chensx/MyProject/UAE/data/arrangement_merged/chr_06/184752.2~A30.K_6L.png,/data5/chensx/MyProject/UAE/data/arrangement_merged/chr_06/184752.2~A30.K_6R.png,0,-0.2935947857927504,,0.0009930729866027,0.7593507987310949,chromosome
0,0.0006938576698303,184752,184752.2~A50.K_6,6,,normal,184752.2~A50.K_6L.png,184752.2~A50.K_6R.png,train,/data5/chensx/MyProject/UAE/data/arrangement_merged/chr_06/184752.2~A50.K_6L.png,/data5/chensx/MyProject/UAE/data/arrangement_merged/chr_06/184752.2~A50.K_6R.png,0,-0.7682447991082607,,0.0006938576698303,-0.8344880711042469,chromosome
0,0.0009292364120483,184752,184752.3~A13.K_6,6,,normal,184752.3~A13.K_6L.png,184752.3~A13.K_6R.png,train,/data5/chensx/MyProject/UAE/data/arrangement_merged/chr_06/184752.3~A13.K_6L.png,/data5/chensx/MyProject/UAE/data/arrangement_merged/chr_06/184752.3~A13.K_6R.png,0,-0.3948597587530913,,0.0009292364120483,0.41931067331419514,chromosome
0,0.0007346868515014,184752,184752.3~A16.K_6,6,,normal,184752.3~A16.K_6L.png,184752.3~A16.K_6R.png,train,/data5/chensx/MyProject/UAE/data/arrangement_merged/chr_06/184752.3~A16.K_6L.png,/data5/chensx/MyProject/UAE/data/arrangement_merged/chr_06/184752.3~A16.K_6R.png,0,-0.7034768192036542,,0.0007346868515014,-0.6170020898619576,chromosome
0,0.0008592009544372,184752,184752.4~A27.K_6,6,,normal,184752.4~A27.K_6L.png,184752.4~A27.K_6R.png,train,/data5/chensx/MyProject/UAE/data/arrangement_merged/chr_06/184752.4~A27.K_6L.png,/data5/chensx/MyProject/UAE/data/arrangement_merged/chr_06/184752.4~A27.K_6R.png,0,-0.5059581184434747,,0.0008592009544372,0.04625077848205613,chromosome
0,0.0009394884109497,184793,184793.11~A18.K_6,6,,normal,184793.11~A18.K_6L.png,184793.11~A18.K_6R.png,train,/data5/chensx/MyProject/UAE/data/arrangement_merged/chr_06/184793.11~A18.K_6L.png,/data5/chensx/MyProject/UAE/data/arrangement_merged/chr_06/184793.11~A18.K_6R.png,0,-0.4910356396896316,,0.0009394884109497,0.4739202919621255,chromosome
0,0.0008133649826049,184793,184793.12~A12.K_6,6,,normal,184793.12~A12.K_6L.png,184793.12~A12.K_6R.png,train,/data5/chensx/MyProject/UAE/data/arrangement_merged/chr_06/184793.12~A12.K_6L.png,/data5/chensx/MyProject/UAE/data/arrangement_merged/chr_06/184793.12~A12.K_6R.png,0,-0.6512653511673323,,0.0008133649826049,-0.19790501651879766,chromosome
0,0.0007271170616149,184793,184793.12~A27.K_6,6,,normal,184793.12~A27.K_6L.png,184793.12~A27.K_6R.png,train,/data5/chensx/MyProject/UAE/data/arrangement_merged/chr_06/184793.12~A27.K_6L.png,/data5/chensx/MyProject/UAE/data/arrangement_merged/chr_06/184793.12~A27.K_6R.png,0,-0.7608364251315255,,0.0007271170616149,-0.6573243082822381,chromosome
0,0.0009812116622924,184793,184793.12~A32.K_6,6,,normal,184793.12~A32.K_6L.png,184793.12~A32.K_6R.png,train,/data5/chensx/MyProject/UAE/data/arrangement_merged/chr_06/184793.12~A32.K_6L.png,/data5/chensx/MyProject/UAE/data/arrangement_merged/chr_06/184793.12~A32.K_6R.png,0,-0.4380295914692202,,0.0009812116622924,0.6961687399467876,chromosome
0,0.0007833838462829,184793,184793.12~A38.K_6,6,,normal,184793.12~A38.K_6L.png,184793.12~A38.K_6R.png,train,/data5/chensx/MyProject/UAE/data/arrangement_merged/chr_06/184793.12~A38.K_6L.png,/data5/chensx/MyProject/UAE/data/arrangement_merged/chr_06/184793.12~A38.K_6R.png,0,-0.6893539829599994,,0.0007833838462829,-0.3576064012850858,chromosome
0,0.0006306171417236,184793,184793.12~A42.K_6,6,,normal,184793.12~A42.K_6L.png,184793.12~A42.K_6R.png,train,/data5/chensx/MyProject/UAE/data/arrangement_merged/chr_06/184793.12~A42.K_6L.png,/data5/chensx/MyProject/UAE/data/arrangement_merged/chr_06/184793.12~A42.K_6R.png,0,-0.8834318423727341,,0.0006306171417236,-1.171353218693077,chromosome
0,0.000744342803955,184793,184793.13~A10.K_6,6,,normal,184793.13~A10.K_6L.png,184793.13~A10.K_6R.png,train,/data5/chensx/MyProject/UAE/data/arrangement_merged/chr_06/184793.13~A10.K_6L.png,/data5/chensx/MyProject/UAE/data/arrangement_merged/chr_06/184793.13~A10.K_6R.png,0,-0.7389524995090986,,0.000744342803955,-0.5655674490426307,chromosome
0,0.0009819269180297,184793,184793.13~A16.K_6,6,,normal,184793.13~A16.K_6L.png,184793.13~A16.K_6R.png,train,/data5/chensx/MyProject/UAE/data/arrangement_merged/chr_06/184793.13~A16.K_6L.png,/data5/chensx/MyProject/UAE/data/arrangement_merged/chr_06/184793.13~A16.K_6R.png,0,-0.4371209163568704,,0.0009819269180297,0.6999787133407918,chromosome
0,0.0007627606391906,184793,184793.13~A43.K_6,6,,normal,184793.13~A43.K_6L.png,184793.13~A43.K_6R.png,train,/data5/chensx/MyProject/UAE/data/arrangement_merged/chr_06/184793.13~A43.K_6L.png,/data5/chensx/MyProject/UAE/data/arrangement_merged/chr_06/184793.13~A43.K_6R.png,0,-0.7155541153660884,,0.0007627606391906,-0.46746063414634836,chromosome
0,0.0007423758506774,184793,184793.14~A14.K_6,6,,normal,184793.14~A14.K_6L.png,184793.14~A14.K_6R.png,train,/data5/chensx/MyProject/UAE/data/arrangement_merged/chr_06/184793.14~A14.K_6L.png,/data5/chensx/MyProject/UAE/data/arrangement_merged/chr_06/184793.14~A14.K_6R.png,0,-0.7414513560680608,,0.0007423758506774,-0.5760448758762758,chromosome
0,0.00099378824234,184793,184793.14~A26.K_6,6,,normal,184793.14~A26.K_6L.png,184793.14~A26.K_6R.png,train,/data5/chensx/MyProject/UAE/data/arrangement_merged/chr_06/184793.14~A26.K_6L.png,/data5/chensx/MyProject/UAE/data/arrangement_merged/chr_06/184793.14~A26.K_6R.png,0,-0.4220520540770677,,0.00099378824234,0.7631607721251001,chromosome
0,0.000895619392395,184793,184793.14~A27.K_6,6,,normal,184793.14~A27.K_6L.png,184793.14~A27.K_6R.png,train,/data5/chensx/MyProject/UAE/data/arrangement_merged/chr_06/184793.14~A27.K_6L.png,/data5/chensx/MyProject/UAE/data/arrangement_merged/chr_06/184793.14~A27.K_6R.png,0,-0.5467677132470927,,0.000895619392395,0.24024192379491743,chromosome
0,0.000783622264862,184793,184793.14~A3.K_6,6,,normal,184793.14~A3.K_6L.png,184793.14~A3.K_6R.png,train,/data5/chensx/MyProject/UAE/data/arrangement_merged/chr_06/184793.14~A3.K_6L.png,/data5/chensx/MyProject/UAE/data/arrangement_merged/chr_06/184793.14~A3.K_6R.png,0,-0.6890510912558827,,0.000783622264862,-0.3563364101537507,chromosome
0,0.0010828375816345,184793,184793.14~A30.K_6,6,,normal,184793.14~A30.K_6L.png,184793.14~A30.K_6R.png,train,/data5/chensx/MyProject/UAE/data/arrangement_merged/chr_06/184793.14~A30.K_6L.png,/data5/chensx/MyProject/UAE/data/arrangement_merged/chr_06/184793.14~A30.K_6R.png,0,-0.308922002589504,,0.0010828375816345,1.2375024596821242,chromosome
0,0.0006983876228332,184793,184793.14~A32.K_6,6,,normal,184793.14~A32.K_6L.png,184793.14~A32.K_6R.png,train,/data5/chensx/MyProject/UAE/data/arrangement_merged/chr_06/184793.14~A32.K_6L.png,/data5/chensx/MyProject/UAE/data/arrangement_merged/chr_06/184793.14~A32.K_6R.png,0,-0.7973348754775802,,0.0006983876228332,-0.8103582396088852,chromosome
0,0.0007434487342834,184793,184793.14~A33.K_6,6,,normal,184793.14~A33.K_6L.png,184793.14~A33.K_6R.png,train,/data5/chensx/MyProject/UAE/data/arrangement_merged/chr_06/184793.14~A33.K_6L.png,/data5/chensx/MyProject/UAE/data/arrangement_merged/chr_06/184793.14~A33.K_6R.png,0,-0.740088343399536,,0.0007434487342834,-0.5703299157850029,chromosome
0,0.0009838938713073,184793,184793.14~A4.K_6,6,,normal,184793.14~A4.K_6L.png,184793.14~A4.K_6R.png,train,/data5/chensx/MyProject/UAE/data/arrangement_merged/chr_06/184793.14~A4.K_6L.png,/data5/chensx/MyProject/UAE/data/arrangement_merged/chr_06/184793.14~A4.K_6R.png,0,-0.4346220597979081,,0.0009838938713073,0.7104561401744375,chromosome
0,0.0008679628372192,184793,184793.14~A9.K_6,6,,normal,184793.14~A9.K_6L.png,184793.14~A9.K_6R.png,train,/data5/chensx/MyProject/UAE/data/arrangement_merged/chr_06/184793.14~A9.K_6L.png,/data5/chensx/MyProject/UAE/data/arrangement_merged/chr_06/184793.14~A9.K_6R.png,0,-0.5819031509246226,,0.0008679628372192,0.09292295255901085,chromosome
0,0.0007806420326232,184793,184793.1~A26.K_6,6,,normal,184793.1~A26.K_6L.png,184793.1~A26.K_6R.png,train,/data5/chensx/MyProject/UAE/data/arrangement_merged/chr_06/184793.1~A26.K_6L.png,/data5/chensx/MyProject/UAE/data/arrangement_merged/chr_06/184793.1~A26.K_6R.png,0,-0.6928372375573407,,0.0007806420326232,-0.3722112992957025,chromosome
0,0.0007107853889465,184793,184793.2~A4.K_6,6,,normal,184793.2~A4.K_6L.png,184793.2~A4.K_6R.png,train,/data5/chensx/MyProject/UAE/data/arrangement_merged/chr_06/184793.2~A4.K_6L.png,/data5/chensx/MyProject/UAE/data/arrangement_merged/chr_06/184793.2~A4.K_6R.png,0,-0.7815845068635151,,0.0007107853889465,-0.7443187007789409,chromosome
0,0.0006868839263916,184793,184793.3~A8.K_6,6,,normal,184793.3~A8.K_6L.png,184793.3~A8.K_6R.png,train,/data5/chensx/MyProject/UAE/data/arrangement_merged/chr_06/184793.3~A8.K_6L.png,/data5/chensx/MyProject/UAE/data/arrangement_merged/chr_06/184793.3~A8.K_6R.png,0,-0.811949400201208,,0.0006868839263916,-0.8716353116959241,chromosome
0,0.0008947849273681,185290,185290.11~A25.K_6,6,,normal,185290.11~A25.K_6L.png,185290.11~A25.K_6R.png,train,/data5/chensx/MyProject/UAE/data/arrangement_merged/chr_06/185290.11~A25.K_6L.png,/data5/chensx/MyProject/UAE/data/arrangement_merged/chr_06/185290.11~A25.K_6R.png,0,-0.5429703073379949,,0.0008947849273681,0.235796954834979,chromosome
0,0.0010126829147338,185290,185290.11~A27.K_6,6,,normal,185290.11~A27.K_6L.png,185290.11~A27.K_6R.png,train,/data5/chensx/MyProject/UAE/data/arrangement_merged/chr_06/185290.11~A27.K_6L.png,/data5/chensx/MyProject/UAE/data/arrangement_merged/chr_06/185290.11~A27.K_6R.png,0,-0.3855629732969763,,0.0010126829147338,0.8638075692840514,chromosome
0,0.0014770030975341,185290,185290.11~A38.K_6,6,,normal,185290.11~A38.K_6L.png,185290.11~A38.K_6R.png,train,/data5/chensx/MyProject/UAE/data/arrangement_merged/chr_06/185290.11~A38.K_6L.png,/data5/chensx/MyProject/UAE/data/arrangement_merged/chr_06/185290.11~A38.K_6R.png,0,0.2343577204237183,,0.0014770030975341,3.3371152975748957,chromosome
0,0.0006365180015563,185290,185290.12~A12.K_6,6,,normal,185290.12~A12.K_6L.png,185290.12~A12.K_6R.png,train,/data5/chensx/MyProject/UAE/data/arrangement_merged/chr_06/185290.12~A12.K_6L.png,/data5/chensx/MyProject/UAE/data/arrangement_merged/chr_06/185290.12~A12.K_6R.png,0,-0.8877862721508024,,0.0006365180015563,-1.1399209381926727,chromosome
0,0.00088632106781,185290,185290.12~A33.K_6,6,,normal,185290.12~A33.K_6L.png,185290.12~A33.K_6R.png,train,/data5/chensx/MyProject/UAE/data/arrangement_merged/chr_06/185290.12~A33.K_6L.png,/data5/chensx/MyProject/UAE/data/arrangement_merged/chr_06/185290.12~A33.K_6R.png,0,-0.554270530509797,,0.00088632106781,0.19071226967232627,chromosome
0,0.000889778137207,185290,185290.12~A35.K_6,6,,normal,185290.12~A35.K_6L.png,185290.12~A35.K_6R.png,train,/data5/chensx/MyProject/UAE/data/arrangement_merged/chr_06/185290.12~A35.K_6L.png,/data5/chensx/MyProject/UAE/data/arrangement_merged/chr_06/185290.12~A35.K_6R.png,0,-0.5496549463973708,,0.000889778137207,0.20912714107694763,chromosome
0,0.0010514259338378,185290,185290.12~A49.K_6,6,,normal,185290.12~A49.K_6L.png,185290.12~A49.K_6R.png,train,/data5/chensx/MyProject/UAE/data/arrangement_merged/chr_06/185290.12~A49.K_6L.png,/data5/chensx/MyProject/UAE/data/arrangement_merged/chr_06/185290.12~A49.K_6R.png,0,-0.3338365996232342,,0.0010514259338378,1.0701811281272944,chromosome
0,0.0008959770202636,185290,185290.12~A5.K_6,6,,normal,185290.12~A5.K_6L.png,185290.12~A5.K_6R.png,train,/data5/chensx/MyProject/UAE/data/arrangement_merged/chr_06/185290.12~A5.K_6L.png,/data5/chensx/MyProject/UAE/data/arrangement_merged/chr_06/185290.12~A5.K_6R.png,0,-0.5413787266095721,,0.0008959770202636,0.24214691049165324,chromosome
0,0.0011179447174072,185290,185290.12~A50.K_6,6,,normal,185290.12~A50.K_6L.png,185290.12~A50.K_6R.png,train,/data5/chensx/MyProject/UAE/data/arrangement_merged/chr_06/185290.12~A50.K_6L.png,/data5/chensx/MyProject/UAE/data/arrangement_merged/chr_06/185290.12~A50.K_6R.png,0,-0.2450263949772399,,0.0011179447174072,1.4245086537723781,chromosome
0,0.0008825063705444,185290,185290.12~A7.K_6,6,,normal,185290.12~A7.K_6L.png,185290.12~A7.K_6R.png,train,/data5/chensx/MyProject/UAE/data/arrangement_merged/chr_06/185290.12~A7.K_6L.png,/data5/chensx/MyProject/UAE/data/arrangement_merged/chr_06/185290.12~A7.K_6R.png,0,-0.5593635888407501,,0.0008825063705444,0.17039241157096852,chromosome
0,0.0011560916900634,185290,185290.12~A8.K_6,6,,normal,185290.12~A8.K_6L.png,185290.12~A8.K_6R.png,train,/data5/chensx/MyProject/UAE/data/arrangement_merged/chr_06/185290.12~A8.K_6L.png,/data5/chensx/MyProject/UAE/data/arrangement_merged/chr_06/185290.12~A8.K_6R.png,0,-0.1940958116677091,,0.0011560916900634,1.627707234787017,chromosome
0,0.0008625984191894,185290,185290.13~A13.K_6,6,,normal,185290.13~A13.K_6L.png,185290.13~A13.K_6R.png,train,/data5/chensx/MyProject/UAE/data/arrangement_merged/chr_06/185290.13~A13.K_6L.png,/data5/chensx/MyProject/UAE/data/arrangement_merged/chr_06/185290.13~A13.K_6R.png,0,-0.5859429870054115,,0.0008625984191894,0.06434815210371062,chromosome
0,0.0007644891738891,185290,185290.13~A26.K_6,6,,normal,185290.13~A26.K_6L.png,185290.13~A26.K_6R.png,train,/data5/chensx/MyProject/UAE/data/arrangement_merged/chr_06/185290.13~A26.K_6L.png,/data5/chensx/MyProject/UAE/data/arrangement_merged/chr_06/185290.13~A26.K_6R.png,0,-0.7169300809546109,,0.0007644891738891,-0.45825319844403767,chromosome
0,0.0009859204292297,185290,185290.13~A28.K_6,6,,normal,185290.13~A28.K_6L.png,185290.13~A28.K_6R.png,train,/data5/chensx/MyProject/UAE/data/arrangement_merged/chr_06/185290.13~A28.K_6L.png,/data5/chensx/MyProject/UAE/data/arrangement_merged/chr_06/185290.13~A28.K_6R.png,0,-0.4212939606500691,,0.0009859204292297,0.7212510647910496,chromosome
0,0.0007054805755615,185290,185290.13~A30.K_6,6,,normal,185290.13~A30.K_6L.png,185290.13~A30.K_6R.png,train,/data5/chensx/MyProject/UAE/data/arrangement_merged/chr_06/185290.13~A30.K_6L.png,/data5/chensx/MyProject/UAE/data/arrangement_merged/chr_06/185290.13~A30.K_6R.png,0,-0.7957133270115413,,0.0007054805755615,-0.7725760034512742,chromosome
0,0.0009621977806091,185290,185290.13~A35.K_6,6,,normal,185290.13~A35.K_6L.png,185290.13~A35.K_6R.png,train,/data5/chensx/MyProject/UAE/data/arrangement_merged/chr_06/185290.13~A35.K_6L.png,/data5/chensx/MyProject/UAE/data/arrangement_merged/chr_06/185290.13~A35.K_6R.png,0,-0.4529664171456835,,0.0009621977806091,0.5948869472224345,chromosome
0,0.0007033348083496,185290,185290.13~A36.K_6,6,,normal,185290.13~A36.K_6L.png,185290.13~A36.K_6R.png,train,/data5/chensx/MyProject/UAE/data/arrangement_merged/chr_06/185290.13~A36.K_6L.png,/data5/chensx/MyProject/UAE/data/arrangement_merged/chr_06/185290.13~A36.K_6R.png,0,-0.7985781723227023,,0.0007033348083496,-0.7840059236332876,chromosome
0,0.0011048316955566,185290,185290.13~A46.K_6,6,,normal,185290.13~A46.K_6L.png,185290.13~A46.K_6R.png,train,/data5/chensx/MyProject/UAE/data/arrangement_merged/chr_06/185290.13~A46.K_6L.png,/data5/chensx/MyProject/UAE/data/arrangement_merged/chr_06/185290.13~A46.K_6R.png,0,-0.2625337829898911,,0.0011048316955566,1.3546591415484293,chromosome
0,0.0009516477584838,185290,185290.13~A6.K_6,6,,normal,185290.13~A6.K_6L.png,185290.13~A6.K_6R.png,train,/data5/chensx/MyProject/UAE/data/arrangement_merged/chr_06/185290.13~A6.K_6L.png,/data5/chensx/MyProject/UAE/data/arrangement_merged/chr_06/185290.13~A6.K_6R.png,0,-0.4670519065922256,,0.0009516477584838,0.5386898396602022,chromosome
0,0.0006262063980102,185290,185290.13~A7.K_6,6,,normal,185290.13~A7.K_6L.png,185290.13~A7.K_6R.png,train,/data5/chensx/MyProject/UAE/data/arrangement_merged/chr_06/185290.13~A7.K_6L.png,/data5/chensx/MyProject/UAE/data/arrangement_merged/chr_06/185290.13~A7.K_6R.png,0,-0.90155344545166,,0.0006262063980102,-1.1948480546230376,chromosome
0,0.0009222030639648,185290,185290.14~A27.K_6,6,,normal,185290.14~A27.K_6L.png,185290.14~A27.K_6R.png,train,/data5/chensx/MyProject/UAE/data/arrangement_merged/chr_06/185290.14~A27.K_6L.png,/data5/chensx/MyProject/UAE/data/arrangement_merged/chr_06/185290.14~A27.K_6R.png,0,-0.5063639505842696,,0.0009222030639648,0.38184593493955055,chromosome
0,0.000750184059143,185290,185290.14~A31.K_6,6,,normal,185290.14~A31.K_6L.png,185290.14~A31.K_6R.png,train,/data5/chensx/MyProject/UAE/data/arrangement_merged/chr_06/185290.14~A31.K_6L.png,/data5/chensx/MyProject/UAE/data/arrangement_merged/chr_06/185290.14~A31.K_6R.png,0,-0.736029049695685,,0.000750184059143,-0.5344526663246603,chromosome
0,0.0008034706115722,185290,185290.14~A44.K_6,6,,normal,185290.14~A44.K_6L.png,185290.14~A44.K_6R.png,train,/data5/chensx/MyProject/UAE/data/arrangement_merged/chr_06/185290.14~A44.K_6L.png,/data5/chensx/MyProject/UAE/data/arrangement_merged/chr_06/185290.14~A44.K_6R.png,0,-0.6648853911351842,,0.0008034706115722,-0.2506096484694597,chromosome
0,0.0009500980377197,185290,185290.14~A47.K_6,6,,normal,185290.14~A47.K_6L.png,185290.14~A47.K_6R.png,train,/data5/chensx/MyProject/UAE/data/arrangement_merged/chr_06/185290.14~A47.K_6L.png,/data5/chensx/MyProject/UAE/data/arrangement_merged/chr_06/185290.14~A47.K_6R.png,0,-0.4691209615391752,,0.0009500980377197,0.5304348973067922,chromosome
0,0.0008811950683593,185290,185290.1~A31.K_6,6,,normal,185290.1~A31.K_6L.png,185290.1~A31.K_6R.png,train,/data5/chensx/MyProject/UAE/data/arrangement_merged/chr_06/185290.1~A31.K_6L.png,/data5/chensx/MyProject/UAE/data/arrangement_merged/chr_06/185290.1~A31.K_6R.png,0,-0.5611143276420152,,0.0008811950683593,0.1634074603483605,chromosome
0,0.0007163286209106,185290,185290.1~A32.K_6,6,,normal,185290.1~A32.K_6L.png,185290.1~A32.K_6R.png,train,/data5/chensx/MyProject/UAE/data/arrangement_merged/chr_06/185290.1~A32.K_6L.png,/data5/chensx/MyProject/UAE/data/arrangement_merged/chr_06/185290.1~A32.K_6R.png,0,-0.7812299423828934,,0.0007163286209106,-0.714791406975273,chromosome
0,0.0014426708221435,185290,185290.1~A35.K_6,6,,normal,185290.1~A35.K_6L.png,185290.1~A35.K_6R.png,train,/data5/chensx/MyProject/UAE/data/arrangement_merged/chr_06/185290.1~A35.K_6L.png,/data5/chensx/MyProject/UAE/data/arrangement_merged/chr_06/185290.1~A35.K_6R.png,0,0.1885201954451406,,0.0014426708221435,3.154236574661613,chromosome
0,0.0008140802383422,185290,185290.2~A19.K_6,6,,normal,185290.2~A19.K_6L.png,185290.2~A19.K_6R.png,train,/data5/chensx/MyProject/UAE/data/arrangement_merged/chr_06/185290.2~A19.K_6L.png,/data5/chensx/MyProject/UAE/data/arrangement_merged/chr_06/185290.2~A19.K_6R.png,0,-0.6507203226522209,,0.0008140802383422,-0.194095043124793,chromosome
0,0.000790536403656,185290,185290.3~A26.K_6,6,,normal,185290.3~A26.K_6L.png,185290.3~A26.K_6R.png,train,/data5/chensx/MyProject/UAE/data/arrangement_merged/chr_06/185290.3~A26.K_6L.png,/data5/chensx/MyProject/UAE/data/arrangement_merged/chr_06/185290.3~A26.K_6R.png,0,-0.6821540420385719,,0.000790536403656,-0.319506667344508,chromosome
0,0.0010580420494079,185290,185290.3~A32.K_6,6,,normal,185290.3~A32.K_6L.png,185290.3~A32.K_6R.png,train,/data5/chensx/MyProject/UAE/data/arrangement_merged/chr_06/185290.3~A32.K_6L.png,/data5/chensx/MyProject/UAE/data/arrangement_merged/chr_06/185290.3~A32.K_6R.png,0,-0.3250033265804875,,0.0010580420494079,1.1054233820222357,chromosome
0,0.0009753108024597,185290,185290.4~A11.K_6,6,,normal,185290.4~A11.K_6L.png,185290.4~A11.K_6R.png,train,/data5/chensx/MyProject/UAE/data/arrangement_merged/chr_06/185290.4~A11.K_6L.png,/data5/chensx/MyProject/UAE/data/arrangement_merged/chr_06/185290.4~A11.K_6R.png,0,-0.4354590291330323,,0.0009753108024597,0.6647364594463835,chromosome
0,0.0006805658340454,185290,185290.4~A15.K_6,6,,normal,185290.4~A15.K_6L.png,185290.4~A15.K_6R.png,train,/data5/chensx/MyProject/UAE/data/arrangement_merged/chr_06/185290.4~A15.K_6L.png,/data5/chensx/MyProject/UAE/data/arrangement_merged/chr_06/185290.4~A15.K_6R.png,0,-0.8289773642355786,,0.0006805658340454,-0.9052900766765641,chromosome
0,0.0006601810455322,185290,185290.4~A18.K_6,6,,normal,185290.4~A18.K_6L.png,185290.4~A18.K_6R.png,train,/data5/chensx/MyProject/UAE/data/arrangement_merged/chr_06/185290.4~A18.K_6L.png,/data5/chensx/MyProject/UAE/data/arrangement_merged/chr_06/185290.4~A18.K_6R.png,0,-0.856193394691609,,0.0006601810455322,-1.0138743184064916,chromosome
0,0.000866949558258,185290,185290.4~A28.K_6,6,,normal,185290.4~A28.K_6L.png,185290.4~A28.K_6R.png,train,/data5/chensx/MyProject/UAE/data/arrangement_merged/chr_06/185290.4~A28.K_6L.png,/data5/chensx/MyProject/UAE/data/arrangement_merged/chr_06/185290.4~A28.K_6R.png,0,-0.5801337173466681,,0.000866949558258,0.08752549025070483,chromosome
0,0.0007830262184143,185290,185290.4~A29.K_6,6,,normal,185290.4~A29.K_6L.png,185290.4~A29.K_6R.png,train,/data5/chensx/MyProject/UAE/data/arrangement_merged/chr_06/185290.4~A29.K_6L.png,/data5/chensx/MyProject/UAE/data/arrangement_merged/chr_06/185290.4~A29.K_6R.png,0,-0.6921810006276358,,0.0007830262184143,-0.3595113879818216,chromosome
0,0.0008294582366943,185290,185290.4~A37.K_6,6,,normal,185290.4~A37.K_6L.png,185290.4~A37.K_6R.png,train,/data5/chensx/MyProject/UAE/data/arrangement_merged/chr_06/185290.4~A37.K_6L.png,/data5/chensx/MyProject/UAE/data/arrangement_merged/chr_06/185290.4~A37.K_6R.png,0,-0.6301889312555663,,0.0008294582366943,-0.11218061515289693,chromosome
0,0.000905692577362,185290,185290.4~A9.K_6,6,,normal,185290.4~A9.K_6L.png,185290.4~A9.K_6R.png,train,/data5/chensx/MyProject/UAE/data/arrangement_merged/chr_06/185290.4~A9.K_6L.png,/data5/chensx/MyProject/UAE/data/arrangement_merged/chr_06/185290.4~A9.K_6R.png,0,-0.528407343672926,,0.000905692577362,0.2938990490939477,chromosome
0,0.0011642575263977,185824,185824.11~A10.K_6,6,,normal,185824.11~A10.K_6L.png,185824.11~A10.K_6R.png,train,/data5/chensx/MyProject/UAE/data/arrangement_merged/chr_06/185824.11~A10.K_6L.png,/data5/chensx/MyProject/UAE/data/arrangement_merged/chr_06/185824.11~A10.K_6R.png,0,-0.1512900999794183,,0.0011642575263977,1.6712044310359015,chromosome
0,0.0007725954055786,185824,185824.11~A15.K_6,6,,normal,185824.11~A15.K_6L.png,185824.11~A15.K_6R.png,train,/data5/chensx/MyProject/UAE/data/arrangement_merged/chr_06/185824.11~A15.K_6L.png,/data5/chensx/MyProject/UAE/data/arrangement_merged/chr_06/185824.11~A15.K_6R.png,0,-0.6616900984210787,,0.0007725954055786,-0.4150734999781201,chromosome
0,0.0006881952285766,185824,185824.11~A31.K_6,6,,normal,185824.11~A31.K_6L.png,185824.11~A31.K_6R.png,train,/data5/chensx/MyProject/UAE/data/arrangement_merged/chr_06/185824.11~A31.K_6L.png,/data5/chensx/MyProject/UAE/data/arrangement_merged/chr_06/185824.11~A31.K_6R.png,0,-0.7716773755164054,,0.0006881952285766,-0.8646503604738491,chromosome
0,0.0008038282394409,185824,185824.12~A12.K_6,6,,normal,185824.12~A12.K_6L.png,185824.12~A12.K_6R.png,train,/data5/chensx/MyProject/UAE/data/arrangement_merged/chr_06/185824.12~A12.K_6L.png,/data5/chensx/MyProject/UAE/data/arrangement_merged/chr_06/185824.12~A12.K_6R.png,0,-0.6209885919253505,,0.0008038282394409,-0.24870466177219144,chromosome
0,0.0007112622261047,185824,185824.12~A28.K_6,6,,normal,185824.12~A28.K_6L.png,185824.12~A28.K_6R.png,train,/data5/chensx/MyProject/UAE/data/arrangement_merged/chr_06/185824.12~A28.K_6L.png,/data5/chensx/MyProject/UAE/data/arrangement_merged/chr_06/185824.12~A28.K_6R.png,0,-0.7416172934289114,,0.0007112622261047,-0.7417787185162713,chromosome
0,0.0008745789527893,185824,185824.12~A31.K_6,6,,normal,185824.12~A31.K_6L.png,185824.12~A31.K_6R.png,train,/data5/chensx/MyProject/UAE/data/arrangement_merged/chr_06/185824.12~A31.K_6L.png,/data5/chensx/MyProject/UAE/data/arrangement_merged/chr_06/185824.12~A31.K_6R.png,0,-0.5287888052642258,,0.0008745789527893,0.1281652064539522,chromosome
0,0.0007585287094116,185824,185824.12~A38.K_6,6,,normal,185824.12~A38.K_6L.png,185824.12~A38.K_6R.png,train,/data5/chensx/MyProject/UAE/data/arrangement_merged/chr_06/185824.12~A38.K_6L.png,/data5/chensx/MyProject/UAE/data/arrangement_merged/chr_06/185824.12~A38.K_6R.png,0,-0.6800213112702999,,0.0007585287094116,-0.4900029767274088,chromosome
0,0.0008970499038696,185824,185824.12~A48.K_6,6,,normal,185824.12~A48.K_6L.png,185824.12~A48.K_6R.png,train,/data5/chensx/MyProject/UAE/data/arrangement_merged/chr_06/185824.12~A48.K_6L.png,/data5/chensx/MyProject/UAE/data/arrangement_merged/chr_06/185824.12~A48.K_6R.png,0,-0.4995054694839022,,0.0008970499038696,0.24786187058292616,chromosome
0,0.0008237361907958,185824,185824.12~A7.K_6,6,,normal,185824.12~A7.K_6L.png,185824.12~A7.K_6R.png,train,/data5/chensx/MyProject/UAE/data/arrangement_merged/chr_06/185824.12~A7.K_6L.png,/data5/chensx/MyProject/UAE/data/arrangement_merged/chr_06/185824.12~A7.K_6R.png,0,-0.5950452652658597,,0.0008237361907958,-0.14266040230546603,chromosome
0,0.0006048679351806,185824,185824.13~A1.K_6,6,,normal,185824.13~A1.K_6L.png,185824.13~A1.K_6R.png,train,/data5/chensx/MyProject/UAE/data/arrangement_merged/chr_06/185824.13~A1.K_6L.png,/data5/chensx/MyProject/UAE/data/arrangement_merged/chr_06/185824.13~A1.K_6R.png,0,-0.8802665092588252,,0.0006048679351806,-1.3085122608783046,chromosome
0,0.0007396340370178,185824,185824.13~A14.K_6,6,,normal,185824.13~A14.K_6L.png,185824.13~A14.K_6R.png,train,/data5/chensx/MyProject/UAE/data/arrangement_merged/chr_06/185824.13~A14.K_6L.png,/data5/chensx/MyProject/UAE/data/arrangement_merged/chr_06/185824.13~A14.K_6R.png,0,-0.7046441692076011,,0.0007396340370178,-0.5906497738863601,chromosome
0,0.0008665919303894,185824,185824.13~A5.K_6,6,,normal,185824.13~A5.K_6L.png,185824.13~A5.K_6R.png,train,/data5/chensx/MyProject/UAE/data/arrangement_merged/chr_06/185824.13~A5.K_6L.png,/data5/chensx/MyProject/UAE/data/arrangement_merged/chr_06/185824.13~A5.K_6R.png,0,-0.5391972057803089,,0.0008665919303894,0.08562050355396846,chromosome
0,0.0008578896522521,185824,185824.1~A10.K_6,6,,normal,185824.1~A10.K_6L.png,185824.1~A10.K_6R.png,train,/data5/chensx/MyProject/UAE/data/arrangement_merged/chr_06/185824.1~A10.K_6L.png,/data5/chensx/MyProject/UAE/data/arrangement_merged/chr_06/185824.1~A10.K_6R.png,0,-0.5505377018649965,,0.0008578896522521,0.03926582725944813,chromosome
0,0.0008240938186645,185824,185824.1~A11.K_6,6,,normal,185824.1~A11.K_6L.png,185824.1~A11.K_6R.png,train,/data5/chensx/MyProject/UAE/data/arrangement_merged/chr_06/185824.1~A11.K_6L.png,/data5/chensx/MyProject/UAE/data/arrangement_merged/chr_06/185824.1~A11.K_6R.png,0,-0.5945792174815574,,0.0008240938186645,-0.14075541560819718,chromosome
0,0.0007736086845397,185824,185824.1~A18.K_6,6,,normal,185824.1~A18.K_6L.png,185824.1~A18.K_6R.png,train,/data5/chensx/MyProject/UAE/data/arrangement_merged/chr_06/185824.1~A18.K_6L.png,/data5/chensx/MyProject/UAE/data/arrangement_merged/chr_06/185824.1~A18.K_6R.png,0,-0.660369629698889,,0.0007736086845397,-0.40967603767034655,chromosome
0,0.0009053945541381,185824,185824.1~A39.K_6,6,,normal,185824.1~A39.K_6L.png,185824.1~A39.K_6R.png,train,/data5/chensx/MyProject/UAE/data/arrangement_merged/chr_06/185824.1~A39.K_6L.png,/data5/chensx/MyProject/UAE/data/arrangement_merged/chr_06/185824.1~A39.K_6R.png,0,-0.4886310211835168,,0.0009053945541381,0.2923115601796457,chromosome
0,0.0008525252342224,185824,185824.2~A10.K_6,6,,normal,185824.2~A10.K_6L.png,185824.2~A10.K_6R.png,train,/data5/chensx/MyProject/UAE/data/arrangement_merged/chr_06/185824.2~A10.K_6L.png,/data5/chensx/MyProject/UAE/data/arrangement_merged/chr_06/185824.2~A10.K_6R.png,0,-0.55752841862953,,0.0008525252342224,0.010691026804680369,chromosome
0,0.0007959604263305,185824,185824.2~A11.K_6,6,,normal,185824.2~A11.K_6L.png,185824.2~A11.K_6R.png,train,/data5/chensx/MyProject/UAE/data/arrangement_merged/chr_06/185824.2~A11.K_6L.png,/data5/chensx/MyProject/UAE/data/arrangement_merged/chr_06/185824.2~A11.K_6R.png,0,-0.6312416431799996,,0.0007959604263305,-0.29061436910677335,chromosome
0,0.0007179975509643,185824,185824.2~A14.K_6,6,,normal,185824.2~A14.K_6L.png,185824.2~A14.K_6R.png,train,/data5/chensx/MyProject/UAE/data/arrangement_merged/chr_06/185824.2~A14.K_6L.png,/data5/chensx/MyProject/UAE/data/arrangement_merged/chr_06/185824.2~A14.K_6R.png,0,-0.732840060157886,,0.0007179975509643,-0.7059014690559292,chromosome
0,0.0007975697517395,185824,185824.2~A17.K_6,6,,normal,185824.2~A17.K_6L.png,185824.2~A17.K_6R.png,train,/data5/chensx/MyProject/UAE/data/arrangement_merged/chr_06/185824.2~A17.K_6L.png,/data5/chensx/MyProject/UAE/data/arrangement_merged/chr_06/185824.2~A17.K_6R.png,0,-0.6291444281506395,,0.0007975697517395,-0.28204192896986396,chromosome
0,0.0007742047309875,185824,185824.2~A2.K_6,6,,normal,185824.2~A2.K_6L.png,185824.2~A2.K_6R.png,train,/data5/chensx/MyProject/UAE/data/arrangement_merged/chr_06/185824.2~A2.K_6L.png,/data5/chensx/MyProject/UAE/data/arrangement_merged/chr_06/185824.2~A2.K_6R.png,0,-0.6595928833917187,,0.0007742047309875,-0.40650105984174323,chromosome
0,0.0007133483886718,185824,185824.2~A25.K_6,6,,normal,185824.2~A25.K_6L.png,185824.2~A25.K_6R.png,train,/data5/chensx/MyProject/UAE/data/arrangement_merged/chr_06/185824.2~A25.K_6L.png,/data5/chensx/MyProject/UAE/data/arrangement_merged/chr_06/185824.2~A25.K_6R.png,0,-0.7388986813538151,,0.0007133483886718,-0.7306662961172248,chromosome
0,0.0006608366966247,185824,185824.2~A27.K_6,6,,normal,185824.2~A27.K_6L.png,185824.2~A27.K_6R.png,train,/data5/chensx/MyProject/UAE/data/arrangement_merged/chr_06/185824.2~A27.K_6L.png,/data5/chensx/MyProject/UAE/data/arrangement_merged/chr_06/185824.2~A27.K_6R.png,0,-0.807330031015526,,0.0006608366966247,-1.0103818427954538,chromosome
0,0.0008940696716308,185824,185824.2~A7.K_6,6,,normal,185824.2~A7.K_6L.png,185824.2~A7.K_6R.png,train,/data5/chensx/MyProject/UAE/data/arrangement_merged/chr_06/185824.2~A7.K_6L.png,/data5/chensx/MyProject/UAE/data/arrangement_merged/chr_06/185824.2~A7.K_6R.png,0,-0.5033892010197542,,0.0008940696716308,0.23198698144097438,chromosome
0,0.0007969141006469,185824,185824.2~A8.K_6,6,,normal,185824.2~A8.K_6L.png,185824.2~A8.K_6R.png,train,/data5/chensx/MyProject/UAE/data/arrangement_merged/chr_06/185824.2~A8.K_6L.png,/data5/chensx/MyProject/UAE/data/arrangement_merged/chr_06/185824.2~A8.K_6R.png,0,-0.629998849088527,,0.0007969141006469,-0.2855344045814342,chromosome
0,0.000868797302246,185824,185824.2~A9.K_6,6,,normal,185824.2~A9.K_6L.png,185824.2~A9.K_6R.png,train,/data5/chensx/MyProject/UAE/data/arrangement_merged/chr_06/185824.2~A9.K_6L.png,/data5/chensx/MyProject/UAE/data/arrangement_merged/chr_06/185824.2~A9.K_6R.png,0,-0.5363232444437784,,0.000868797302246,0.09736792151841622,chromosome
0,0.000940203666687,185824,185824.3~A18.K_6,6,,normal,185824.3~A18.K_6L.png,185824.3~A18.K_6R.png,train,/data5/chensx/MyProject/UAE/data/arrangement_merged/chr_06/185824.3~A18.K_6L.png,/data5/chensx/MyProject/UAE/data/arrangement_merged/chr_06/185824.3~A18.K_6R.png,0,-0.4432690368447662,,0.000940203666687,0.4777302653561301,chromosome
0,0.0007374882698059,185824,185824.3~A2.K_6,6,,normal,185824.3~A2.K_6L.png,185824.3~A2.K_6R.png,train,/data5/chensx/MyProject/UAE/data/arrangement_merged/chr_06/185824.3~A2.K_6L.png,/data5/chensx/MyProject/UAE/data/arrangement_merged/chr_06/185824.3~A2.K_6R.png,0,-0.7074404559134144,,0.0007374882698059,-0.602079694068374,chromosome
0,0.0008705258369445,185824,185824.3~A28.K_6,6,,normal,185824.3~A28.K_6L.png,185824.3~A28.K_6R.png,train,/data5/chensx/MyProject/UAE/data/arrangement_merged/chr_06/185824.3~A28.K_6L.png,/data5/chensx/MyProject/UAE/data/arrangement_merged/chr_06/185824.3~A28.K_6R.png,0,-0.5340706801529843,,0.0008705258369445,0.10657535722072692,chromosome
0,0.0013172626495361,185824,185824.3~A41.K_6,6,,normal,185824.3~A41.K_6L.png,185824.3~A41.K_6R.png,train,/data5/chensx/MyProject/UAE/data/arrangement_merged/chr_06/185824.3~A41.K_6L.png,/data5/chensx/MyProject/UAE/data/arrangement_merged/chr_06/185824.3~A41.K_6R.png,0,0.0481006770712196,,0.0013172626495361,2.4862212395752272,chromosome
0,0.0007023215293884,185824,185824.3~A43.K_6,6,,normal,185824.3~A43.K_6L.png,185824.3~A43.K_6R.png,train,/data5/chensx/MyProject/UAE/data/arrangement_merged/chr_06/185824.3~A43.K_6L.png,/data5/chensx/MyProject/UAE/data/arrangement_merged/chr_06/185824.3~A43.K_6R.png,0,-0.7532684880364672,,0.0007023215293884,-0.7894033859415942,chromosome
0,0.0009949207305908,185824,185824.3~A46.K_6,6,,normal,185824.3~A46.K_6L.png,185824.3~A46.K_6R.png,train,/data5/chensx/MyProject/UAE/data/arrangement_merged/chr_06/185824.3~A46.K_6L.png,/data5/chensx/MyProject/UAE/data/arrangement_merged/chr_06/185824.3~A46.K_6R.png,0,-0.3719637258465249,,0.0009949207305908,0.7691932299993394,chromosome
0,0.0007418990135192,186193,186193.11~A23.K_6,6,,normal,186193.11~A23.K_6L.png,186193.11~A23.K_6R.png,train,/data5/chensx/MyProject/UAE/data/arrangement_merged/chr_06/186193.11~A23.K_6L.png,/data5/chensx/MyProject/UAE/data/arrangement_merged/chr_06/186193.11~A23.K_6R.png,0,-0.729356815295516,,0.0007418990135192,-0.5785848581389454,chromosome
0,0.0009191036224365,186193,186193.12~A4.K_6,6,,normal,186193.12~A4.K_6L.png,186193.12~A4.K_6R.png,train,/data5/chensx/MyProject/UAE/data/arrangement_merged/chr_06/186193.12~A4.K_6L.png,/data5/chensx/MyProject/UAE/data/arrangement_merged/chr_06/186193.12~A4.K_6R.png,0,-0.5089918835034637,,0.0009191036224365,0.365336050232198,chromosome
0,0.0007678270339965,186193,186193.13~A11.K_6,6,,normal,186193.13~A11.K_6L.png,186193.13~A11.K_6R.png,train,/data5/chensx/MyProject/UAE/data/arrangement_merged/chr_06/186193.13~A11.K_6L.png,/data5/chensx/MyProject/UAE/data/arrangement_merged/chr_06/186193.13~A11.K_6R.png,0,-0.6971137122583337,,0.0007678270339965,-0.44047332260535005,chromosome
0,0.0006501674652099,186193,186193.13~A22.K_6,6,,normal,186193.13~A22.K_6L.png,186193.13~A22.K_6R.png,train,/data5/chensx/MyProject/UAE/data/arrangement_merged/chr_06/186193.13~A22.K_6L.png,/data5/chensx/MyProject/UAE/data/arrangement_merged/chr_06/186193.13~A22.K_6R.png,0,-0.8434306901787882,,0.0006501674652099,-1.0672139459230874,chromosome
0,0.0007871985435485,186193,186193.13~A4.K_6,6,,normal,186193.13~A4.K_6L.png,186193.13~A4.K_6R.png,train,/data5/chensx/MyProject/UAE/data/arrangement_merged/chr_06/186193.13~A4.K_6L.png,/data5/chensx/MyProject/UAE/data/arrangement_merged/chr_06/186193.13~A4.K_6R.png,0,-0.6730240375753815,,0.0007871985435485,-0.33728654318372864,chromosome
0,0.0008831620216369,186193,186193.13~A41.K_6,6,,normal,186193.13~A41.K_6L.png,186193.13~A41.K_6R.png,train,/data5/chensx/MyProject/UAE/data/arrangement_merged/chr_06/186193.13~A41.K_6L.png,/data5/chensx/MyProject/UAE/data/arrangement_merged/chr_06/186193.13~A41.K_6R.png,0,-0.5536874952998335,,0.0008831620216369,0.17388488718200626,chromosome
0,0.0009872317314147,186193,186193.13~A5.K_6,6,,normal,186193.13~A5.K_6L.png,186193.13~A5.K_6R.png,train,/data5/chensx/MyProject/UAE/data/arrangement_merged/chr_06/186193.13~A5.K_6L.png,/data5/chensx/MyProject/UAE/data/arrangement_merged/chr_06/186193.13~A5.K_6R.png,0,-0.4242703506954193,,0.0009872317314147,0.728236016013125,chromosome
0,0.0008033514022827,186193,186193.1~A34.K_6,6,,normal,186193.1~A34.K_6L.png,186193.1~A34.K_6R.png,train,/data5/chensx/MyProject/UAE/data/arrangement_merged/chr_06/186193.1~A34.K_6L.png,/data5/chensx/MyProject/UAE/data/arrangement_merged/chr_06/186193.1~A34.K_6R.png,0,-0.6529369549935967,,0.0008033514022827,-0.251244644034861,chromosome
0,0.0007312893867492,186193,186193.1~A38.K_6,6,,normal,186193.1~A38.K_6L.png,186193.1~A38.K_6R.png,train,/data5/chensx/MyProject/UAE/data/arrangement_merged/chr_06/186193.1~A38.K_6L.png,/data5/chensx/MyProject/UAE/data/arrangement_merged/chr_06/186193.1~A38.K_6R.png,0,-0.742550544814179,,0.0007312893867492,-0.6350994634836121,chromosome
0,0.0006994605064392,186193,186193.1~A44.K_6,6,,normal,186193.1~A44.K_6L.png,186193.1~A44.K_6R.png,train,/data5/chensx/MyProject/UAE/data/arrangement_merged/chr_06/186193.1~A44.K_6L.png,/data5/chensx/MyProject/UAE/data/arrangement_merged/chr_06/186193.1~A44.K_6R.png,0,-0.7821317333701683,,0.0006994605064392,-0.8046432795176123,chromosome
0,0.000737190246582,186193,186193.1~A8.K_6,6,,normal,186193.1~A8.K_6L.png,186193.1~A8.K_6R.png,train,/data5/chensx/MyProject/UAE/data/arrangement_merged/chr_06/186193.1~A8.K_6L.png,/data5/chensx/MyProject/UAE/data/arrangement_merged/chr_06/186193.1~A8.K_6R.png,0,-0.735212459295372,,0.000737190246582,-0.6036671829826754,chromosome
0,0.0007648468017578,186193,186193.2~A1.K_6,6,,normal,186193.2~A1.K_6L.png,186193.2~A1.K_6R.png,train,/data5/chensx/MyProject/UAE/data/arrangement_merged/chr_06/186193.2~A1.K_6L.png,/data5/chensx/MyProject/UAE/data/arrangement_merged/chr_06/186193.2~A1.K_6R.png,0,-0.700819816055711,,0.0007648468017578,-0.4563482117467688,chromosome
0,0.0007891058921813,186193,186193.2~A12.K_6,6,,normal,186193.2~A12.K_6L.png,186193.2~A12.K_6R.png,train,/data5/chensx/MyProject/UAE/data/arrangement_merged/chr_06/186193.2~A12.K_6L.png,/data5/chensx/MyProject/UAE/data/arrangement_merged/chr_06/186193.2~A12.K_6R.png,0,-0.6706521311450601,,0.0007891058921813,-0.3271266141330498,chromosome
0,0.0008686780929565,186193,186193.2~A14.K_6,6,,normal,186193.2~A14.K_6L.png,186193.2~A14.K_6R.png,train,/data5/chensx/MyProject/UAE/data/arrangement_merged/chr_06/186193.2~A14.K_6L.png,/data5/chensx/MyProject/UAE/data/arrangement_merged/chr_06/186193.2~A14.K_6R.png,0,-0.571699159755087,,0.0008686780929565,0.09673292595301551,chromosome
0,0.0007218122482299,186193,186193.2~A15.K_6,6,,normal,186193.2~A15.K_6L.png,186193.2~A15.K_6R.png,train,/data5/chensx/MyProject/UAE/data/arrangement_merged/chr_06/186193.2~A15.K_6L.png,/data5/chensx/MyProject/UAE/data/arrangement_merged/chr_06/186193.2~A15.K_6R.png,0,-0.7543359548898387,,0.0007218122482299,-0.6855816109545715,chromosome
0,0.0008021593093872,186193,186193.2~A24.K_6,6,,normal,186193.2~A24.K_6L.png,186193.2~A24.K_6R.png,train,/data5/chensx/MyProject/UAE/data/arrangement_merged/chr_06/186193.2~A24.K_6L.png,/data5/chensx/MyProject/UAE/data/arrangement_merged/chr_06/186193.2~A24.K_6R.png,0,-0.6544193965125477,,0.0008021593093872,-0.25759459969153525,chromosome
0,0.0006294250488281,186193,186193.2~A3.K_6,6,,normal,186193.2~A3.K_6L.png,186193.2~A3.K_6R.png,train,/data5/chensx/MyProject/UAE/data/arrangement_merged/chr_06/186193.2~A3.K_6L.png,/data5/chensx/MyProject/UAE/data/arrangement_merged/chr_06/186193.2~A3.K_6R.png,0,-0.869225172608534,,0.0006294250488281,-1.1777031743497512,chromosome
0,0.000730276107788,186193,186193.2~A37.K_6,6,,normal,186193.2~A37.K_6L.png,186193.2~A37.K_6R.png,train,/data5/chensx/MyProject/UAE/data/arrangement_merged/chr_06/186193.2~A37.K_6L.png,/data5/chensx/MyProject/UAE/data/arrangement_merged/chr_06/186193.2~A37.K_6R.png,0,-0.7438106201052873,,0.000730276107788,-0.6404969257919187,chromosome
0,0.0008766055107116,186193,186193.2~A4.K_6,6,,normal,186193.2~A4.K_6L.png,186193.2~A4.K_6R.png,train,/data5/chensx/MyProject/UAE/data/arrangement_merged/chr_06/186193.2~A4.K_6L.png,/data5/chensx/MyProject/UAE/data/arrangement_merged/chr_06/186193.2~A4.K_6R.png,0,-0.5618409236540635,,0.0008766055107116,0.1389601310700318,chromosome
0,0.0009381771087646,186193,186193.2~A42.K_6,6,,normal,186193.2~A42.K_6L.png,186193.2~A42.K_6R.png,train,/data5/chensx/MyProject/UAE/data/arrangement_merged/chr_06/186193.2~A42.K_6L.png,/data5/chensx/MyProject/UAE/data/arrangement_merged/chr_06/186193.2~A42.K_6R.png,0,-0.4852728192002492,,0.0009381771087646,0.4669353407395175,chromosome
0,0.0007959604263305,186193,186193.2~A44.K_6,6,,normal,186193.2~A44.K_6L.png,186193.2~A44.K_6R.png,train,/data5/chensx/MyProject/UAE/data/arrangement_merged/chr_06/186193.2~A44.K_6L.png,/data5/chensx/MyProject/UAE/data/arrangement_merged/chr_06/186193.2~A44.K_6R.png,0,-0.6621280924110924,,0.0007959604263305,-0.29061436910677335,chromosome
0,0.000912070274353,186193,186193.2~A46.K_6,6,,normal,186193.2~A46.K_6L.png,186193.2~A46.K_6R.png,train,/data5/chensx/MyProject/UAE/data/arrangement_merged/chr_06/186193.2~A46.K_6L.png,/data5/chensx/MyProject/UAE/data/arrangement_merged/chr_06/186193.2~A46.K_6R.png,0,-0.517738288465274,,0.000912070274353,0.32787131185755397,chromosome
0,0.0006861686706542,186193,186193.2~A48.K_6,6,,normal,186193.2~A48.K_6L.png,186193.2~A48.K_6R.png,train,/data5/chensx/MyProject/UAE/data/arrangement_merged/chr_06/186193.2~A48.K_6L.png,/data5/chensx/MyProject/UAE/data/arrangement_merged/chr_06/186193.2~A48.K_6R.png,0,-0.7986609563064708,,0.0006861686706542,-0.8754452850904618,chromosome
0,0.0006871223449707,186193,186193.2~A5.K_6,6,,normal,186193.2~A5.K_6L.png,186193.2~A5.K_6R.png,train,/data5/chensx/MyProject/UAE/data/arrangement_merged/chr_06/186193.2~A5.K_6L.png,/data5/chensx/MyProject/UAE/data/arrangement_merged/chr_06/186193.2~A5.K_6R.png,0,-0.7974750030913101,,0.0006871223449707,-0.8703653205645896,chromosome
0,0.0006735920906066,186193,186193.2~A50.K_6,6,,normal,186193.2~A50.K_6L.png,186193.2~A50.K_6R.png,train,/data5/chensx/MyProject/UAE/data/arrangement_merged/chr_06/186193.2~A50.K_6L.png,/data5/chensx/MyProject/UAE/data/arrangement_merged/chr_06/186193.2~A50.K_6R.png,0,-0.8143007143314029,,0.0006735920906066,-0.9424373172687737,chromosome
0,0.000747799873352,186193,186193.2~A7.K_6,6,,normal,186193.2~A7.K_6L.png,186193.2~A7.K_6R.png,train,/data5/chensx/MyProject/UAE/data/arrangement_merged/chr_06/186193.2~A7.K_6L.png,/data5/chensx/MyProject/UAE/data/arrangement_merged/chr_06/186193.2~A7.K_6R.png,0,-0.722018729776709,,0.000747799873352,-0.5471525776380087,chromosome
0,0.0010331273078918,186193,186193.3~A15.K_6,6,,normal,186193.3~A15.K_6L.png,186193.3~A15.K_6R.png,train,/data5/chensx/MyProject/UAE/data/arrangement_merged/chr_06/186193.3~A15.K_6L.png,/data5/chensx/MyProject/UAE/data/arrangement_merged/chr_06/186193.3~A15.K_6R.png,0,-0.3671963522158094,,0.0010331273078918,0.9727093087969457,chromosome
0,0.0008338689804077,186193,186193.3~A6.K_6,6,,normal,186193.3~A6.K_6L.png,186193.3~A6.K_6R.png,train,/data5/chensx/MyProject/UAE/data/arrangement_merged/chr_06/186193.3~A6.K_6L.png,/data5/chensx/MyProject/UAE/data/arrangement_merged/chr_06/186193.3~A6.K_6R.png,0,-0.6149864521084535,,0.0008338689804077,-0.08868577922293641,chromosome
0,0.0008934736251831,Q242362,Q242362.11~A39.K_6,6,,normal,Q242362.11~A39.K_6L.png,Q242362.11~A39.K_6R.png,train,/data5/chensx/MyProject/UAE/data/arrangement_merged/chr_06/Q242362.11~A39.K_6L.png,/data5/chensx/MyProject/UAE/data/arrangement_merged/chr_06/Q242362.11~A39.K_6R.png,0,-0.5577403488396976,,0.0008934736251831,0.22881200361290407,chromosome
0,0.0009353160858154,Q242362,Q242362.12~A25.K_6,6,,normal,Q242362.12~A25.K_6L.png,Q242362.12~A25.K_6R.png,train,/data5/chensx/MyProject/UAE/data/arrangement_merged/chr_06/Q242362.12~A25.K_6L.png,/data5/chensx/MyProject/UAE/data/arrangement_merged/chr_06/Q242362.12~A25.K_6R.png,0,-0.5027868239106823,,0.0009353160858154,0.45169544716349946,chromosome
0,0.0007734894752502,Q242362,Q242362.12~A30.K_6,6,,normal,Q242362.12~A30.K_6L.png,Q242362.12~A30.K_6R.png,train,/data5/chensx/MyProject/UAE/data/arrangement_merged/chr_06/Q242362.12~A30.K_6L.png,/data5/chensx/MyProject/UAE/data/arrangement_merged/chr_06/Q242362.12~A30.K_6R.png,0,-0.7153207557942672,,0.0007734894752502,-0.41031103323574786,chromosome
0,0.0008423328399658,Q242362,Q242362.12~A6.K_6,6,,normal,Q242362.12~A6.K_6L.png,Q242362.12~A6.K_6R.png,train,/data5/chensx/MyProject/UAE/data/arrangement_merged/chr_06/Q242362.12~A6.K_6L.png,/data5/chensx/MyProject/UAE/data/arrangement_merged/chr_06/Q242362.12~A6.K_6R.png,0,-0.6249057681973831,,0.0008423328399658,-0.04360109406028308,chromosome
0,0.0008097887039184,Q242362,Q242362.13~A12.K_6,6,,normal,Q242362.13~A12.K_6L.png,Q242362.13~A12.K_6R.png,train,/data5/chensx/MyProject/UAE/data/arrangement_merged/chr_06/Q242362.13~A12.K_6L.png,/data5/chensx/MyProject/UAE/data/arrangement_merged/chr_06/Q242362.13~A12.K_6R.png,0,-0.6676473986977283,,0.0008097887039184,-0.21695488348882033,chromosome
0,0.000888705253601,Q242362,Q242362.13~A3.K_6,6,,normal,Q242362.13~A3.K_6L.png,Q242362.13~A3.K_6R.png,train,/data5/chensx/MyProject/UAE/data/arrangement_merged/chr_06/Q242362.13~A3.K_6L.png,/data5/chensx/MyProject/UAE/data/arrangement_merged/chr_06/Q242362.13~A3.K_6R.png,0,-0.5640028588031182,,0.000888705253601,0.20341218098567412,chromosome
0,0.0009777545928955,Q242362,Q242362.13~A33.K_6,6,,normal,Q242362.13~A33.K_6L.png,Q242362.13~A33.K_6R.png,train,/data5/chensx/MyProject/UAE/data/arrangement_merged/chr_06/Q242362.13~A33.K_6L.png,/data5/chensx/MyProject/UAE/data/arrangement_merged/chr_06/Q242362.13~A33.K_6R.png,0,-0.4470504852362393,,0.0009777545928955,0.6777538685426988,chromosome
0,0.0007489323616027,Q242362,Q242362.13~A6.K_6,6,,normal,Q242362.13~A6.K_6L.png,Q242362.13~A6.K_6R.png,train,/data5/chensx/MyProject/UAE/data/arrangement_merged/chr_06/Q242362.13~A6.K_6L.png,/data5/chensx/MyProject/UAE/data/arrangement_merged/chr_06/Q242362.13~A6.K_6R.png,0,-0.7475726821058831,,0.0007489323616027,-0.5411201197643013,chromosome
0,0.0007545351982116,Q242362,Q242362.14~A13.K_6,6,,normal,Q242362.14~A13.K_6L.png,Q242362.14~A13.K_6R.png,train,/data5/chensx/MyProject/UAE/data/arrangement_merged/chr_06/Q242362.14~A13.K_6L.png,/data5/chensx/MyProject/UAE/data/arrangement_merged/chr_06/Q242362.14~A13.K_6R.png,0,-0.7402142328988639,,0.0007545351982116,-0.5112753281776666,chromosome
0,0.0007411241531372,Q242362,Q242362.14~A25.K_6,6,,normal,Q242362.14~A25.K_6L.png,Q242362.14~A25.K_6R.png,train,/data5/chensx/MyProject/UAE/data/arrangement_merged/chr_06/Q242362.14~A25.K_6L.png,/data5/chensx/MyProject/UAE/data/arrangement_merged/chr_06/Q242362.14~A25.K_6R.png,0,-0.7578275421709842,,0.0007411241531372,-0.5827123293153844,chromosome
0,0.0008742213249206,Q242362,Q242362.14~A29.K_6,6,,normal,Q242362.14~A29.K_6L.png,Q242362.14~A29.K_6R.png,train,/data5/chensx/MyProject/UAE/data/arrangement_merged/chr_06/Q242362.14~A29.K_6L.png,/data5/chensx/MyProject/UAE/data/arrangement_merged/chr_06/Q242362.14~A29.K_6R.png,0,-0.5830252328170081,,0.0008742213249206,0.12626021975668336,chromosome
0,0.0006214380264282,Q242362,Q242362.14~A36.K_6,6,,normal,Q242362.14~A36.K_6L.png,Q242362.14~A36.K_6R.png,train,/data5/chensx/MyProject/UAE/data/arrangement_merged/chr_06/Q242362.14~A36.K_6L.png,/data5/chensx/MyProject/UAE/data/arrangement_merged/chr_06/Q242362.14~A36.K_6R.png,0,-0.91501654225284,,0.0006214380264282,-1.2202478772497345,chromosome
0,0.0009348392486572,Q242362,Q242362.14~A48.K_6,6,,normal,Q242362.14~A48.K_6L.png,Q242362.14~A48.K_6R.png,train,/data5/chensx/MyProject/UAE/data/arrangement_merged/chr_06/Q242362.14~A48.K_6L.png,/data5/chensx/MyProject/UAE/data/arrangement_merged/chr_06/Q242362.14~A48.K_6R.png,0,-0.5034130749070244,,0.0009348392486572,0.44915546490082986,chromosome
0,0.0007317066192626,Q242362,Q242362.1~A28.K_6,6,,normal,Q242362.1~A28.K_6L.png,Q242362.1~A28.K_6R.png,train,/data5/chensx/MyProject/UAE/data/arrangement_merged/chr_06/Q242362.1~A28.K_6L.png,/data5/chensx/MyProject/UAE/data/arrangement_merged/chr_06/Q242362.1~A28.K_6R.png,0,-0.7701959993487398,,0.0007317066192626,-0.6328769790039094,chromosome
0,0.0009502172470092,Q242362,Q242362.1~A32.K_6,6,,normal,Q242362.1~A32.K_6L.png,Q242362.1~A32.K_6R.png,train,/data5/chensx/MyProject/UAE/data/arrangement_merged/chr_06/Q242362.1~A32.K_6L.png,/data5/chensx/MyProject/UAE/data/arrangement_merged/chr_06/Q242362.1~A32.K_6R.png,0,-0.483216480274993,,0.0009502172470092,0.5310698928721935,chromosome
0,0.0008575916290283,Q242362,Q242362.1~A4.K_6,6,,normal,Q242362.1~A4.K_6L.png,Q242362.1~A4.K_6R.png,train,/data5/chensx/MyProject/UAE/data/arrangement_merged/chr_06/Q242362.1~A4.K_6L.png,/data5/chensx/MyProject/UAE/data/arrangement_merged/chr_06/Q242362.1~A4.K_6R.png,0,-0.6048657363144373,,0.0008575916290283,0.03767833834567923,chromosome
0,0.0006676912307739,Q242362,Q242362.1~A9.K_6,6,,normal,Q242362.1~A9.K_6L.png,Q242362.1~A9.K_6R.png,train,/data5/chensx/MyProject/UAE/data/arrangement_merged/chr_06/Q242362.1~A9.K_6L.png,/data5/chensx/MyProject/UAE/data/arrangement_merged/chr_06/Q242362.1~A9.K_6R.png,0,-0.8542701956076607,,0.0006676912307739,-0.9738695977691779,chromosome
0,0.0011184215545654,Q242362,Q242362.2~A14.K_6,6,,normal,Q242362.2~A14.K_6L.png,Q242362.2~A14.K_6R.png,train,/data5/chensx/MyProject/UAE/data/arrangement_merged/chr_06/Q242362.2~A14.K_6L.png,/data5/chensx/MyProject/UAE/data/arrangement_merged/chr_06/Q242362.2~A14.K_6R.png,0,-0.262306441315333,,0.0011184215545654,1.4270486360350472,chromosome
0,0.0008713006973266,Q242362,Q242362.2~A2.K_6,6,,normal,Q242362.2~A2.K_6L.png,Q242362.2~A2.K_6R.png,train,/data5/chensx/MyProject/UAE/data/arrangement_merged/chr_06/Q242362.2~A2.K_6L.png,/data5/chensx/MyProject/UAE/data/arrangement_merged/chr_06/Q242362.2~A2.K_6R.png,0,-0.5868610201696032,,0.0008713006973266,0.11070282839769845,chromosome
0,0.0010327100753784,Q242362,Q242362.2~A7.K_6,6,,normal,Q242362.2~A7.K_6L.png,Q242362.2~A7.K_6R.png,train,/data5/chensx/MyProject/UAE/data/arrangement_merged/chr_06/Q242362.2~A7.K_6L.png,/data5/chensx/MyProject/UAE/data/arrangement_merged/chr_06/Q242362.2~A7.K_6R.png,0,-0.3748750579078175,,0.0010327100753784,0.9704868243172431,chromosome
0,0.0008298158645629,Q242362,Q242362.2~A9.K_6,6,,normal,Q242362.2~A9.K_6L.png,Q242362.2~A9.K_6R.png,train,/data5/chensx/MyProject/UAE/data/arrangement_merged/chr_06/Q242362.2~A9.K_6L.png,/data5/chensx/MyProject/UAE/data/arrangement_merged/chr_06/Q242362.2~A9.K_6R.png,0,-0.641344856851362,,0.0008298158645629,-0.11027562845616114,chromosome
0,0.0009499192237854,Q242362,Q242362.3~A15.K_6,6,,normal,Q242362.3~A15.K_6L.png,Q242362.3~A15.K_6R.png,train,/data5/chensx/MyProject/UAE/data/arrangement_merged/chr_06/Q242362.3~A15.K_6L.png,/data5/chensx/MyProject/UAE/data/arrangement_merged/chr_06/Q242362.3~A15.K_6R.png,0,-0.4836078871477068,,0.0009499192237854,0.529482403958424,chromosome
0,0.0008009076118469,Q242362,Q242362.4~A30.K_6,6,,normal,Q242362.4~A30.K_6L.png,Q242362.4~A30.K_6R.png,train,/data5/chensx/MyProject/UAE/data/arrangement_merged/chr_06/Q242362.4~A30.K_6L.png,/data5/chensx/MyProject/UAE/data/arrangement_merged/chr_06/Q242362.4~A30.K_6R.png,0,-0.6793113235045991,,0.0008009076118469,-0.26426205313117634,chromosome
0,0.0008339881896972,Q242362,Q242362.4~A42.K_6,6,,normal,Q242362.4~A42.K_6L.png,Q242362.4~A42.K_6R.png,train,/data5/chensx/MyProject/UAE/data/arrangement_merged/chr_06/Q242362.4~A42.K_6L.png,/data5/chensx/MyProject/UAE/data/arrangement_merged/chr_06/Q242362.4~A42.K_6R.png,0,-0.635865160633369,,0.0008339881896972,-0.08805078365753512,chromosome
0,0.0008928775787353,Q242664,Q242664.11~A21.K_6,6,,normal,Q242664.11~A21.K_6L.png,Q242664.11~A21.K_6R.png,train,/data5/chensx/MyProject/UAE/data/arrangement_merged/chr_06/Q242664.11~A21.K_6L.png,/data5/chensx/MyProject/UAE/data/arrangement_merged/chr_06/Q242664.11~A21.K_6R.png,0,-0.5076289751923933,,0.0008928775787353,0.22563702578430014,chromosome
0,0.0007912516593933,Q242664,Q242664.12~A1.K_6,6,,normal,Q242664.12~A1.K_6L.png,Q242664.12~A1.K_6R.png,train,/data5/chensx/MyProject/UAE/data/arrangement_merged/chr_06/Q242664.12~A1.K_6L.png,/data5/chensx/MyProject/UAE/data/arrangement_merged/chr_06/Q242664.12~A1.K_6R.png,0,-0.645181995511391,,0.0007912516593933,-0.3156966939505033,chromosome
0,0.0008322596549987,Q242664,Q242664.12~A16.K_6,6,,normal,Q242664.12~A16.K_6L.png,Q242664.12~A16.K_6R.png,train,/data5/chensx/MyProject/UAE/data/arrangement_merged/chr_06/Q242664.12~A16.K_6L.png,/data5/chensx/MyProject/UAE/data/arrangement_merged/chr_06/Q242664.12~A16.K_6R.png,0,-0.5896767298342822,,0.0008322596549987,-0.0972582193598458,chromosome
0,0.0007557868957519,Q242664,Q242664.12~A19.K_6,6,,normal,Q242664.12~A19.K_6L.png,Q242664.12~A19.K_6R.png,train,/data5/chensx/MyProject/UAE/data/arrangement_merged/chr_06/Q242664.12~A19.K_6L.png,/data5/chensx/MyProject/UAE/data/arrangement_merged/chr_06/Q242664.12~A19.K_6R.png,0,-0.6931843691710999,,0.0007557868957519,-0.5046078747380255,chromosome
0,0.0007492303848266,Q242664,Q242664.12~A22.K_6,6,,normal,Q242664.12~A22.K_6L.png,Q242664.12~A22.K_6R.png,train,/data5/chensx/MyProject/UAE/data/arrangement_merged/chr_06/Q242664.12~A22.K_6L.png,/data5/chensx/MyProject/UAE/data/arrangement_merged/chr_06/Q242664.12~A22.K_6R.png,0,-0.7020587575787772,,0.0007492303848266,-0.5395326308499999,chromosome
0,0.0007432103157043,Q242664,Q242664.12~A24.K_6,6,,normal,Q242664.12~A24.K_6L.png,Q242664.12~A24.K_6R.png,train,/data5/chensx/MyProject/UAE/data/arrangement_merged/chr_06/Q242664.12~A24.K_6L.png,/data5/chensx/MyProject/UAE/data/arrangement_merged/chr_06/Q242664.12~A24.K_6R.png,0,-0.71020705966219,,0.0007432103157043,-0.571599906916338,chromosome
0,0.0009248852729797,Q242664,Q242664.12~A29.K_6,6,,normal,Q242664.12~A29.K_6L.png,Q242664.12~A29.K_6R.png,train,/data5/chensx/MyProject/UAE/data/arrangement_merged/chr_06/Q242664.12~A29.K_6L.png,/data5/chensx/MyProject/UAE/data/arrangement_merged/chr_06/Q242664.12~A29.K_6R.png,0,-0.4643058245112778,,0.0009248852729797,0.39613333516720095,chromosome
0,0.0008257627487182,Q242664,Q242664.12~A34.K_6,6,,normal,Q242664.12~A34.K_6L.png,Q242664.12~A34.K_6R.png,train,/data5/chensx/MyProject/UAE/data/arrangement_merged/chr_06/Q242664.12~A34.K_6L.png,/data5/chensx/MyProject/UAE/data/arrangement_merged/chr_06/Q242664.12~A34.K_6R.png,0,-0.5984704419837079,,0.0008257627487182,-0.13186547768885337,chromosome
0,0.0008898377418518,Q242664,Q242664.12~A37.K_6,6,,normal,Q242664.12~A37.K_6L.png,Q242664.12~A37.K_6R.png,train,/data5/chensx/MyProject/UAE/data/arrangement_merged/chr_06/Q242664.12~A37.K_6L.png,/data5/chensx/MyProject/UAE/data/arrangement_merged/chr_06/Q242664.12~A37.K_6R.png,0,-0.5117434643632255,,0.0008898377418518,0.20944463885991452,chromosome
0,0.0010491013526916,Q242664,Q242664.12~A8.K_6,6,,normal,Q242664.12~A8.K_6L.png,Q242664.12~A8.K_6R.png,train,/data5/chensx/MyProject/UAE/data/arrangement_merged/chr_06/Q242664.12~A8.K_6L.png,/data5/chensx/MyProject/UAE/data/arrangement_merged/chr_06/Q242664.12~A8.K_6R.png,0,-0.2961765023149192,,0.0010491013526916,1.0577987145969132,chromosome
0,0.0007240772247314,Q242664,Q242664.13~A20.K_6,6,,normal,Q242664.13~A20.K_6L.png,Q242664.13~A20.K_6R.png,train,/data5/chensx/MyProject/UAE/data/arrangement_merged/chr_06/Q242664.13~A20.K_6L.png,/data5/chensx/MyProject/UAE/data/arrangement_merged/chr_06/Q242664.13~A20.K_6R.png,0,-0.7361041385609572,,0.0007240772247314,-0.6735166952066244,chromosome
0,0.0005625486373901,Q242664,Q242664.13~A32.K_6,6,,normal,Q242664.13~A32.K_6L.png,Q242664.13~A32.K_6R.png,train,/data5/chensx/MyProject/UAE/data/arrangement_merged/chr_06/Q242664.13~A32.K_6L.png,/data5/chensx/MyProject/UAE/data/arrangement_merged/chr_06/Q242664.13~A32.K_6R.png,0,-0.9547367984228248,,0.0005625486373901,-1.5339356866915703,chromosome
0,0.0008339285850524,Q242664,Q242664.13~A33.K_6,6,,normal,Q242664.13~A33.K_6L.png,Q242664.13~A33.K_6R.png,train,/data5/chensx/MyProject/UAE/data/arrangement_merged/chr_06/Q242664.13~A33.K_6L.png,/data5/chensx/MyProject/UAE/data/arrangement_merged/chr_06/Q242664.13~A33.K_6R.png,0,-0.5874177946032371,,0.0008339285850524,-0.088368281440502,chromosome
0,0.0007303357124328,Q242664,Q242664.13~A42.K_6,6,,normal,Q242664.13~A42.K_6L.png,Q242664.13~A42.K_6R.png,train,/data5/chensx/MyProject/UAE/data/arrangement_merged/chr_06/Q242664.13~A42.K_6L.png,/data5/chensx/MyProject/UAE/data/arrangement_merged/chr_06/Q242664.13~A42.K_6R.png,0,-0.727633131444538,,0.0007303357124328,-0.6401794280089518,chromosome
0,0.0007088780403137,Q242664,Q242664.13~A50.K_6,6,,normal,Q242664.13~A50.K_6L.png,Q242664.13~A50.K_6R.png,train,/data5/chensx/MyProject/UAE/data/arrangement_merged/chr_06/Q242664.13~A50.K_6L.png,/data5/chensx/MyProject/UAE/data/arrangement_merged/chr_06/Q242664.13~A50.K_6R.png,0,-0.7566765844151182,,0.0007088780403137,-0.7544786298296198,chromosome
0,0.0007595419883728,Q242664,Q242664.14~A47.K_6,6,,normal,Q242664.14~A47.K_6L.png,Q242664.14~A47.K_6R.png,train,/data5/chensx/MyProject/UAE/data/arrangement_merged/chr_06/Q242664.14~A47.K_6L.png,/data5/chensx/MyProject/UAE/data/arrangement_merged/chr_06/Q242664.14~A47.K_6R.png,0,-0.6881017649012484,,0.0007595419883728,-0.48460551441910216,chromosome
0,0.0007908344268798,Q242664,Q242664.1~A14.K_6,6,,normal,Q242664.1~A14.K_6L.png,Q242664.1~A14.K_6R.png,train,/data5/chensx/MyProject/UAE/data/arrangement_merged/chr_06/Q242664.1~A14.K_6L.png,/data5/chensx/MyProject/UAE/data/arrangement_merged/chr_06/Q242664.1~A14.K_6R.png,0,-0.6457467293191523,,0.0007908344268798,-0.3179191784307391,chromosome
0,0.0009195804595947,Q242664,Q242664.2~A1.K_6,6,,normal,Q242664.2~A1.K_6L.png,Q242664.2~A1.K_6R.png,train,/data5/chensx/MyProject/UAE/data/arrangement_merged/chr_06/Q242664.2~A1.K_6L.png,/data5/chensx/MyProject/UAE/data/arrangement_merged/chr_06/Q242664.2~A1.K_6R.png,0,-0.4714860114956712,,0.0009195804595947,0.3678760324948676,chromosome
0,0.0007889866828918,Q242664,Q242664.2~A10.K_6,6,,normal,Q242664.2~A10.K_6L.png,Q242664.2~A10.K_6R.png,train,/data5/chensx/MyProject/UAE/data/arrangement_merged/chr_06/Q242664.2~A10.K_6L.png,/data5/chensx/MyProject/UAE/data/arrangement_merged/chr_06/Q242664.2~A10.K_6R.png,0,-0.6482476933249522,,0.0007889866828918,-0.3277616096984511,chromosome
0,0.000791311264038,Q242664,Q242664.2~A30.K_6,6,,normal,Q242664.2~A30.K_6L.png,Q242664.2~A30.K_6R.png,train,/data5/chensx/MyProject/UAE/data/arrangement_merged/chr_06/Q242664.2~A30.K_6L.png,/data5/chensx/MyProject/UAE/data/arrangement_merged/chr_06/Q242664.2~A30.K_6R.png,0,-0.6451013192531394,,0.000791311264038,-0.31537919616806953,chromosome
0,0.0006792545318603,Q242664,Q242664.2~A32.K_6,6,,normal,Q242664.2~A32.K_6L.png,Q242664.2~A32.K_6R.png,train,/data5/chensx/MyProject/UAE/data/arrangement_merged/chr_06/Q242664.2~A32.K_6L.png,/data5/chensx/MyProject/UAE/data/arrangement_merged/chr_06/Q242664.2~A32.K_6R.png,0,-0.7967726847661691,,0.0006792545318603,-0.9122750278991721,chromosome
0,0.0008333921432495,Q242664,Q242664.2~A6.K_6,6,,normal,Q242664.2~A6.K_6L.png,Q242664.2~A6.K_6R.png,train,/data5/chensx/MyProject/UAE/data/arrangement_merged/chr_06/Q242664.2~A6.K_6L.png,/data5/chensx/MyProject/UAE/data/arrangement_merged/chr_06/Q242664.2~A6.K_6R.png,0,-0.5881438809275016,,0.0008333921432495,-0.09122576148560599,chromosome
0,0.0007458329200744,Q242664,Q242664.3~A19.K_6,6,,normal,Q242664.3~A19.K_6L.png,Q242664.3~A19.K_6R.png,train,/data5/chensx/MyProject/UAE/data/arrangement_merged/chr_06/Q242664.3~A19.K_6L.png,/data5/chensx/MyProject/UAE/data/arrangement_merged/chr_06/Q242664.3~A19.K_6R.png,0,-0.706657304299119,,0.0007458329200744,-0.5576300044716545,chromosome
0,0.0007425546646118,Q242664,Q242664.3~A29.K_6,6,,normal,Q242664.3~A29.K_6L.png,Q242664.3~A29.K_6R.png,train,/data5/chensx/MyProject/UAE/data/arrangement_merged/chr_06/Q242664.3~A29.K_6L.png,/data5/chensx/MyProject/UAE/data/arrangement_merged/chr_06/Q242664.3~A29.K_6R.png,0,-0.7110944985029577,,0.0007425546646118,-0.5750923825273752,chromosome
0,0.0007346272468566,Q242664,Q242664.3~A44.K_6,6,,normal,Q242664.3~A44.K_6L.png,Q242664.3~A44.K_6R.png,train,/data5/chensx/MyProject/UAE/data/arrangement_merged/chr_06/Q242664.3~A44.K_6L.png,/data5/chensx/MyProject/UAE/data/arrangement_merged/chr_06/Q242664.3~A44.K_6R.png,0,-0.7218244408504221,,0.0007346272468566,-0.6173195876449246,chromosome
0,0.0008272528648376,Q242664,Q242664.3~A48.K_6,6,,normal,Q242664.3~A48.K_6L.png,Q242664.3~A48.K_6R.png,train,/data5/chensx/MyProject/UAE/data/arrangement_merged/chr_06/Q242664.3~A48.K_6L.png,/data5/chensx/MyProject/UAE/data/arrangement_merged/chr_06/Q242664.3~A48.K_6R.png,0,-0.5964535355274176,,0.0008272528648376,-0.12392803311787777,chromosome
0,0.0007945299148559,Q242664,Q242664.4~A14.K_6,6,,normal,Q242664.4~A14.K_6L.png,Q242664.4~A14.K_6R.png,train,/data5/chensx/MyProject/UAE/data/arrangement_merged/chr_06/Q242664.4~A14.K_6L.png,/data5/chensx/MyProject/UAE/data/arrangement_merged/chr_06/Q242664.4~A14.K_6R.png,0,-0.6407448013075524,,0.0007945299148559,-0.2982343158947826,chromosome
0,0.0008015036582946,Q242664,Q242664.4~A34.K_6,6,,normal,Q242664.4~A34.K_6L.png,Q242664.4~A34.K_6R.png,train,/data5/chensx/MyProject/UAE/data/arrangement_merged/chr_06/Q242664.4~A34.K_6L.png,/data5/chensx/MyProject/UAE/data/arrangement_merged/chr_06/Q242664.4~A34.K_6R.png,0,-0.6313056790921138,,0.0008015036582946,-0.2610870753031055,chromosome
0,0.0006830096244812,Q242664,Q242664.4~A41.K_6,6,,normal,Q242664.4~A41.K_6L.png,Q242664.4~A41.K_6R.png,train,/data5/chensx/MyProject/UAE/data/arrangement_merged/chr_06/Q242664.4~A41.K_6L.png,/data5/chensx/MyProject/UAE/data/arrangement_merged/chr_06/Q242664.4~A41.K_6R.png,0,-0.7916900804963176,,0.0006830096244812,-0.8922726675802487,chromosome
0,0.000877022743225,Q242664,Q242664.4~A49.K_6,6,,normal,Q242664.4~A49.K_6L.png,Q242664.4~A49.K_6R.png,train,/data5/chensx/MyProject/UAE/data/arrangement_merged/chr_06/Q242664.4~A49.K_6L.png,/data5/chensx/MyProject/UAE/data/arrangement_merged/chr_06/Q242664.4~A49.K_6R.png,0,-0.5290888598873219,,0.000877022743225,0.1411826155497345,chromosome
0,0.0007317066192626,Q250230,Q250230.11~A30.K_6,6,,normal,Q250230.11~A30.K_6L.png,Q250230.11~A30.K_6R.png,train,/data5/chensx/MyProject/UAE/data/arrangement_merged/chr_06/Q250230.11~A30.K_6L.png,/data5/chensx/MyProject/UAE/data/arrangement_merged/chr_06/Q250230.11~A30.K_6R.png,0,-0.7447904411328875,,0.0007317066192626,-0.6328769790039094,chromosome
0,0.0009488463401794,Q250230,Q250230.12~A40.K_6,6,,normal,Q250230.12~A40.K_6L.png,Q250230.12~A40.K_6R.png,train,/data5/chensx/MyProject/UAE/data/arrangement_merged/chr_06/Q250230.12~A40.K_6L.png,/data5/chensx/MyProject/UAE/data/arrangement_merged/chr_06/Q250230.12~A40.K_6R.png,0,-0.4730765542880935,,0.0009488463401794,0.5237674438671511,chromosome
0,0.0010156631469726,Q250230,Q250230.13~A45.K_6,6,,normal,Q250230.13~A45.K_6L.png,Q250230.13~A45.K_6R.png,train,/data5/chensx/MyProject/UAE/data/arrangement_merged/chr_06/Q250230.13~A45.K_6L.png,/data5/chensx/MyProject/UAE/data/arrangement_merged/chr_06/Q250230.13~A45.K_6R.png,0,-0.3894665440896268,,0.0010156631469726,0.8796824584260038,chromosome
0,0.0009081959724426,Q250230,Q250230.14~A21.K_6,6,,normal,Q250230.14~A21.K_6L.png,Q250230.14~A21.K_6R.png,train,/data5/chensx/MyProject/UAE/data/arrangement_merged/chr_06/Q250230.14~A21.K_6L.png,/data5/chensx/MyProject/UAE/data/arrangement_merged/chr_06/Q250230.14~A21.K_6R.png,0,-0.523943661295546,,0.0009081959724426,0.30723395597322933,chromosome
0,0.0008072257041931,Q250230,Q250230.14~A43.K_6,6,,normal,Q250230.14~A43.K_6L.png,Q250230.14~A43.K_6R.png,train,/data5/chensx/MyProject/UAE/data/arrangement_merged/chr_06/Q250230.14~A43.K_6L.png,/data5/chensx/MyProject/UAE/data/arrangement_merged/chr_06/Q250230.14~A43.K_6R.png,0,-0.6502909916043796,,0.0008072257041931,-0.23060728815053697,chromosome
0,0.0006808638572692,Q250230,Q250230.15~A8.K_6,6,,normal,Q250230.15~A8.K_6L.png,Q250230.15~A8.K_6R.png,train,/data5/chensx/MyProject/UAE/data/arrangement_merged/chr_06/Q250230.15~A8.K_6L.png,/data5/chensx/MyProject/UAE/data/arrangement_merged/chr_06/Q250230.15~A8.K_6R.png,0,-0.8084116174926486,,0.0006808638572692,-0.9037025877627946,chromosome
0,0.0007842779159545,Q250230,Q250230.1~A20.K_6,6,,normal,Q250230.1~A20.K_6L.png,Q250230.1~A20.K_6R.png,train,/data5/chensx/MyProject/UAE/data/arrangement_merged/chr_06/Q250230.1~A20.K_6L.png,/data5/chensx/MyProject/UAE/data/arrangement_merged/chr_06/Q250230.1~A20.K_6R.png,0,-0.6790062939472964,,0.0007842779159545,-0.35284393454271357,chromosome
0,0.0010879039764404,Q250230,Q250230.2~A24.K_6,6,,normal,Q250230.2~A24.K_6L.png,Q250230.2~A24.K_6R.png,train,/data5/chensx/MyProject/UAE/data/arrangement_merged/chr_06/Q250230.2~A24.K_6L.png,/data5/chensx/MyProject/UAE/data/arrangement_merged/chr_06/Q250230.2~A24.K_6R.png,0,-0.299069280610107,,0.0010879039764404,1.2644897712231224,chromosome
0,0.000840425491333,Q250230,Q250230.2~A27.K_6,6,,normal,Q250230.2~A27.K_6L.png,Q250230.2~A27.K_6R.png,train,/data5/chensx/MyProject/UAE/data/arrangement_merged/chr_06/Q250230.2~A27.K_6L.png,/data5/chensx/MyProject/UAE/data/arrangement_merged/chr_06/Q250230.2~A27.K_6R.png,0,-0.6087470347082637,,0.000840425491333,-0.05376102311096195,chromosome
0,0.0008162260055541,Q250230,Q250230.2~A38.K_6,6,,normal,Q250230.2~A38.K_6L.png,Q250230.2~A38.K_6R.png,train,/data5/chensx/MyProject/UAE/data/arrangement_merged/chr_06/Q250230.2~A38.K_6L.png,/data5/chensx/MyProject/UAE/data/arrangement_merged/chr_06/Q250230.2~A38.K_6R.png,0,-0.6390286262698851,,0.0008162260055541,-0.18266512294277965,chromosome
0,0.0008067488670349,Q250230,Q250230.4~A35.K_6,6,,normal,Q250230.4~A35.K_6L.png,Q250230.4~A35.K_6R.png,train,/data5/chensx/MyProject/UAE/data/arrangement_merged/chr_06/Q250230.4~A35.K_6L.png,/data5/chensx/MyProject/UAE/data/arrangement_merged/chr_06/Q250230.4~A35.K_6R.png,0,-0.6508876732115052,,0.0008067488670349,-0.23314727041320654,chromosome
0,0.000614047050476,Q250230,Q250230.5~A21.K_6,6,,normal,Q250230.5~A21.K_6L.png,Q250230.5~A21.K_6R.png,train,/data5/chensx/MyProject/UAE/data/arrangement_merged/chr_06/Q250230.5~A21.K_6L.png,/data5/chensx/MyProject/UAE/data/arrangement_merged/chr_06/Q250230.5~A21.K_6R.png,0,-0.8920216276911151,,0.000614047050476,-1.2596176023216472,chromosome
0,0.0009965896606445,Q250230,Q250230.5~A42.K_6,6,,normal,Q250230.5~A42.K_6L.png,Q250230.5~A42.K_6R.png,train,/data5/chensx/MyProject/UAE/data/arrangement_merged/chr_06/Q250230.5~A42.K_6L.png,/data5/chensx/MyProject/UAE/data/arrangement_merged/chr_06/Q250230.5~A42.K_6R.png,0,-0.4133338083746485,,0.0009965896606445,0.7780831679186837,chromosome
0,0.0007587671279907,Q250230,Q250230.5~A46.K_6,6,,normal,Q250230.5~A46.K_6L.png,Q250230.5~A46.K_6R.png,train,/data5/chensx/MyProject/UAE/data/arrangement_merged/chr_06/Q250230.5~A46.K_6L.png,/data5/chensx/MyProject/UAE/data/arrangement_merged/chr_06/Q250230.5~A46.K_6R.png,0,-0.710928759928513,,0.0007587671279907,-0.4887329855960737,chromosome
0,0.0009011030197143,Q250230,Q250230.5~A5.K_6,6,,normal,Q250230.5~A5.K_6L.png,Q250230.5~A5.K_6R.png,train,/data5/chensx/MyProject/UAE/data/arrangement_merged/chr_06/Q250230.5~A5.K_6L.png,/data5/chensx/MyProject/UAE/data/arrangement_merged/chr_06/Q250230.5~A5.K_6R.png,0,-0.5328193002015384,,0.0009011030197143,0.2694517198156184,chromosome
0,0.0008472204208374,Q250230,Q250230.5~A6.K_6,6,,normal,Q250230.5~A6.K_6L.png,Q250230.5~A6.K_6R.png,train,/data5/chensx/MyProject/UAE/data/arrangement_merged/chr_06/Q250230.5~A6.K_6L.png,/data5/chensx/MyProject/UAE/data/arrangement_merged/chr_06/Q250230.5~A6.K_6R.png,0,-0.6002443218067248,,0.0008472204208374,-0.017566275867652987,chromosome
0,0.0008277297019958,Q251136,Q251136.12~A20.K_6,6,,normal,Q251136.12~A20.K_6L.png,Q251136.12~A20.K_6R.png,train,/data5/chensx/MyProject/UAE/data/arrangement_merged/chr_06/Q251136.12~A20.K_6L.png,/data5/chensx/MyProject/UAE/data/arrangement_merged/chr_06/Q251136.12~A20.K_6R.png,0,-0.4970112440315334,,0.0008277297019958,-0.1213880508552082,chromosome
0,0.0009499788284301,Q251136,Q251136.12~A23.K_6,6,,normal,Q251136.12~A23.K_6L.png,Q251136.12~A23.K_6R.png,train,/data5/chensx/MyProject/UAE/data/arrangement_merged/chr_06/Q251136.12~A23.K_6L.png,/data5/chensx/MyProject/UAE/data/arrangement_merged/chr_06/Q251136.12~A23.K_6R.png,0,-0.3767192198694565,,0.0009499788284301,0.5297999017408584,chromosome
0,0.00073903799057,Q251136,Q251136.14~A16.K_6,6,,normal,Q251136.14~A16.K_6L.png,Q251136.14~A16.K_6R.png,train,/data5/chensx/MyProject/UAE/data/arrangement_merged/chr_06/Q251136.14~A16.K_6L.png,/data5/chensx/MyProject/UAE/data/arrangement_merged/chr_06/Q251136.14~A16.K_6R.png,0,-0.5842830782359071,,0.00073903799057,-0.593824751714964,chromosome
0,0.0010809898376464,Q251136,Q251136.14~A17.K_6,6,,normal,Q251136.14~A17.K_6L.png,Q251136.14~A17.K_6R.png,train,/data5/chensx/MyProject/UAE/data/arrangement_merged/chr_06/Q251136.14~A17.K_6L.png,/data5/chensx/MyProject/UAE/data/arrangement_merged/chr_06/Q251136.14~A17.K_6R.png,0,-0.2478055830541251,,0.0010809898376464,1.2276600284138797,chromosome
0,0.0007194280624389,Q251136,Q251136.14~A18.K_6,6,,normal,Q251136.14~A18.K_6L.png,Q251136.14~A18.K_6R.png,train,/data5/chensx/MyProject/UAE/data/arrangement_merged/chr_06/Q251136.14~A18.K_6L.png,/data5/chensx/MyProject/UAE/data/arrangement_merged/chr_06/Q251136.14~A18.K_6R.png,0,-0.603579068459858,,0.0007194280624389,-0.69828152226792,chromosome
0,0.000901460647583,Q251136,Q251136.14~A2.K_6,6,,normal,Q251136.14~A2.K_6L.png,Q251136.14~A2.K_6R.png,train,/data5/chensx/MyProject/UAE/data/arrangement_merged/chr_06/Q251136.14~A2.K_6L.png,/data5/chensx/MyProject/UAE/data/arrangement_merged/chr_06/Q251136.14~A2.K_6R.png,0,-0.4244606668065265,,0.000901460647583,0.27135670651288724,chromosome
0,0.0008755326271057,Q251136,Q251136.14~A31.K_6,6,,normal,Q251136.14~A31.K_6L.png,Q251136.14~A31.K_6R.png,train,/data5/chensx/MyProject/UAE/data/arrangement_merged/chr_06/Q251136.14~A31.K_6L.png,/data5/chensx/MyProject/UAE/data/arrangement_merged/chr_06/Q251136.14~A31.K_6R.png,0,-0.4499736022090148,,0.0008755326271057,0.13324517097929137,chromosome
0,0.0008847713470458,Q251136,Q251136.14~A39.K_6,6,,normal,Q251136.14~A39.K_6L.png,Q251136.14~A39.K_6R.png,train,/data5/chensx/MyProject/UAE/data/arrangement_merged/chr_06/Q251136.14~A39.K_6L.png,/data5/chensx/MyProject/UAE/data/arrangement_merged/chr_06/Q251136.14~A39.K_6R.png,0,-0.4408827861460592,,0.0008847713470458,0.18245732731838318,chromosome
0,0.0008923411369323,Q251136,Q251136.1~A12.K_6,6,,normal,Q251136.1~A12.K_6L.png,Q251136.1~A12.K_6R.png,train,/data5/chensx/MyProject/UAE/data/arrangement_merged/chr_06/Q251136.1~A12.K_6L.png,/data5/chensx/MyProject/UAE/data/arrangement_merged/chr_06/Q251136.1~A12.K_6R.png,0,-0.4334341820170569,,0.0008923411369323,0.22277954573866368,chromosome
0,0.000711441040039,Q251136,Q251136.1~A38.K_6,6,,normal,Q251136.1~A38.K_6L.png,Q251136.1~A38.K_6R.png,train,/data5/chensx/MyProject/UAE/data/arrangement_merged/chr_06/Q251136.1~A38.K_6L.png,/data5/chensx/MyProject/UAE/data/arrangement_merged/chr_06/Q251136.1~A38.K_6R.png,0,-0.6114382255723486,,0.000711441040039,-0.7408262251679031,chromosome
0,0.0009282827377319,Q251136,Q251136.2~A15.K_6,6,,normal,Q251136.2~A15.K_6L.png,Q251136.2~A15.K_6R.png,train,/data5/chensx/MyProject/UAE/data/arrangement_merged/chr_06/Q251136.2~A15.K_6L.png,/data5/chensx/MyProject/UAE/data/arrangement_merged/chr_06/Q251136.2~A15.K_6R.png,0,-0.398067975010849,,0.0009282827377319,0.41423070878885543,chromosome
0,0.0006985068321228,Q251136,Q251136.2~A2.K_6,6,,normal,Q251136.2~A2.K_6L.png,Q251136.2~A2.K_6R.png,train,/data5/chensx/MyProject/UAE/data/arrangement_merged/chr_06/Q251136.2~A2.K_6L.png,/data5/chensx/MyProject/UAE/data/arrangement_merged/chr_06/Q251136.2~A2.K_6R.png,0,-0.6241653680604864,,0.0006985068321228,-0.8097232440429514,chromosome
0,0.0008593797683715,Q251136,Q251136.2~A20.K_6,6,,normal,Q251136.2~A20.K_6L.png,Q251136.2~A20.K_6R.png,train,/data5/chensx/MyProject/UAE/data/arrangement_merged/chr_06/Q251136.2~A20.K_6L.png,/data5/chensx/MyProject/UAE/data/arrangement_merged/chr_06/Q251136.2~A20.K_6R.png,0,-0.4658678677126339,,0.0008593797683715,0.04720327183042374,chromosome
0,0.0009554624557495,Q251136,Q251136.2~A25.K_6,6,,normal,Q251136.2~A25.K_6L.png,Q251136.2~A25.K_6R.png,train,/data5/chensx/MyProject/UAE/data/arrangement_merged/chr_06/Q251136.2~A25.K_6L.png,/data5/chensx/MyProject/UAE/data/arrangement_merged/chr_06/Q251136.2~A25.K_6R.png,0,-0.3713233806578958,,0.0009554624557495,0.5590096977620924,chromosome
0,0.0008767247200012,Q251136,Q251136.2~A36.K_6,6,,normal,Q251136.2~A36.K_6L.png,Q251136.2~A36.K_6R.png,train,/data5/chensx/MyProject/UAE/data/arrangement_merged/chr_06/Q251136.2~A36.K_6L.png,/data5/chensx/MyProject/UAE/data/arrangement_merged/chr_06/Q251136.2~A36.K_6R.png,0,-0.4488005936847625,,0.0008767247200012,0.13959512663596557,chromosome
0,0.0009823441505432,Q251136,Q251136.2~A5.K_6,6,,normal,Q251136.2~A5.K_6L.png,Q251136.2~A5.K_6R.png,train,/data5/chensx/MyProject/UAE/data/arrangement_merged/chr_06/Q251136.2~A5.K_6L.png,/data5/chensx/MyProject/UAE/data/arrangement_merged/chr_06/Q251136.2~A5.K_6R.png,0,-0.3448720384360057,,0.0009823441505432,0.7022011978210281,chromosome
0,0.0009019374847412,Q251136,Q251136.2~A7.K_6,6,,normal,Q251136.2~A7.K_6L.png,Q251136.2~A7.K_6R.png,train,/data5/chensx/MyProject/UAE/data/arrangement_merged/chr_06/Q251136.2~A7.K_6L.png,/data5/chensx/MyProject/UAE/data/arrangement_merged/chr_06/Q251136.2~A7.K_6R.png,0,-0.4239914633968256,,0.0009019374847412,0.27389668877555684,chromosome
0,0.0009799003601074,Q251136,Q251136.3~A16.K_6,6,,normal,Q251136.3~A16.K_6L.png,Q251136.3~A16.K_6R.png,train,/data5/chensx/MyProject/UAE/data/arrangement_merged/chr_06/Q251136.3~A16.K_6L.png,/data5/chensx/MyProject/UAE/data/arrangement_merged/chr_06/Q251136.3~A16.K_6R.png,0,-0.347276705910723,,0.0009799003601074,0.6891837887247122,chromosome
0,0.0011262893676757,Q251136,Q251136.3~A21.K_6,6,,normal,Q251136.3~A21.K_6L.png,Q251136.3~A21.K_6R.png,train,/data5/chensx/MyProject/UAE/data/arrangement_merged/chr_06/Q251136.3~A21.K_6L.png,/data5/chensx/MyProject/UAE/data/arrangement_merged/chr_06/Q251136.3~A21.K_6R.png,0,-0.2032312591325364,,0.0011262893676757,1.4689583433690965,chromosome
0,0.0007790923118591,Q251136,Q251136.3~A23.K_6,6,,normal,Q251136.3~A23.K_6L.png,Q251136.3~A23.K_6R.png,train,/data5/chensx/MyProject/UAE/data/arrangement_merged/chr_06/Q251136.3~A23.K_6L.png,/data5/chensx/MyProject/UAE/data/arrangement_merged/chr_06/Q251136.3~A23.K_6R.png,0,-0.5448699918210287,,0.0007790923118591,-0.38046624164911313,chromosome
0,0.0009182691574096,Q251136,Q251136.3~A26.K_6,6,,normal,Q251136.3~A26.K_6L.png,Q251136.3~A26.K_6R.png,train,/data5/chensx/MyProject/UAE/data/arrangement_merged/chr_06/Q251136.3~A26.K_6L.png,/data5/chensx/MyProject/UAE/data/arrangement_merged/chr_06/Q251136.3~A26.K_6R.png,0,-0.4079212466145687,,0.0009182691574096,0.3608910812722596,chromosome
0,0.0010291337966918,Q251136,Q251136.3~A32.K_6,6,,normal,Q251136.3~A32.K_6L.png,Q251136.3~A32.K_6R.png,train,/data5/chensx/MyProject/UAE/data/arrangement_merged/chr_06/Q251136.3~A32.K_6L.png,/data5/chensx/MyProject/UAE/data/arrangement_merged/chr_06/Q251136.3~A32.K_6R.png,0,-0.2988314538591016,,0.0010291337966918,0.951436957346688,chromosome
0,0.0014652013778686,Q251136,Q251136.3~A36.K_6,6,,normal,Q251136.3~A36.K_6L.png,Q251136.3~A36.K_6R.png,train,/data5/chensx/MyProject/UAE/data/arrangement_merged/chr_06/Q251136.3~A36.K_6L.png,/data5/chensx/MyProject/UAE/data/arrangement_merged/chr_06/Q251136.3~A36.K_6R.png,0,0.1302550643124021,,0.0014652013778686,3.2742507365735545,chromosome
0,0.0010368227958679,Q251136,Q251136.3~A40.K_6,6,,normal,Q251136.3~A40.K_6L.png,Q251136.3~A40.K_6R.png,train,/data5/chensx/MyProject/UAE/data/arrangement_merged/chr_06/Q251136.3~A40.K_6L.png,/data5/chensx/MyProject/UAE/data/arrangement_merged/chr_06/Q251136.3~A40.K_6R.png,0,-0.291265548877674,,0.0010368227958679,0.9923941713329022,chromosome
0,0.0008227825164794,Q251136,Q251136.3~A41.K_6,6,,normal,Q251136.3~A41.K_6L.png,Q251136.3~A41.K_6R.png,train,/data5/chensx/MyProject/UAE/data/arrangement_merged/chr_06/Q251136.3~A41.K_6L.png,/data5/chensx/MyProject/UAE/data/arrangement_merged/chr_06/Q251136.3~A41.K_6R.png,0,-0.5018792294071807,,0.0008227825164794,-0.1477403668308052,chromosome
0,0.0008981823921203,Q251136,Q251136.4~A12.K_6,6,,normal,Q251136.4~A12.K_6L.png,Q251136.4~A12.K_6R.png,train,/data5/chensx/MyProject/UAE/data/arrangement_merged/chr_06/Q251136.4~A12.K_6L.png,/data5/chensx/MyProject/UAE/data/arrangement_merged/chr_06/Q251136.4~A12.K_6R.png,0,-0.4276864402482205,,0.0008981823921203,0.2538943284566335,chromosome
0,0.0006910562515258,Q251136,Q251136.4~A13.K_6,6,,normal,Q251136.4~A13.K_6L.png,Q251136.4~A13.K_6R.png,train,/data5/chensx/MyProject/UAE/data/arrangement_merged/chr_06/Q251136.4~A13.K_6L.png,/data5/chensx/MyProject/UAE/data/arrangement_merged/chr_06/Q251136.4~A13.K_6R.png,0,-0.6314966713370636,,0.0006910562515258,-0.8494104668978312,chromosome
0,0.0008876323699951,Q251136,Q251136.4~A15.K_6,6,,normal,Q251136.4~A15.K_6L.png,Q251136.4~A15.K_6R.png,train,/data5/chensx/MyProject/UAE/data/arrangement_merged/chr_06/Q251136.4~A15.K_6L.png,/data5/chensx/MyProject/UAE/data/arrangement_merged/chr_06/Q251136.4~A15.K_6R.png,0,-0.4380675656878536,,0.0008876323699951,0.1976972208949337,chromosome
0,0.0007686614990234,Q251136,Q251136.4~A16.K_6,6,,normal,Q251136.4~A16.K_6L.png,Q251136.4~A16.K_6R.png,train,/data5/chensx/MyProject/UAE/data/arrangement_merged/chr_06/Q251136.4~A16.K_6L.png,/data5/chensx/MyProject/UAE/data/arrangement_merged/chr_06/Q251136.4~A16.K_6R.png,0,-0.5551338164082366,,0.0007686614990234,-0.43602835364541165,chromosome
0,0.0012592673301696,Q251136,Q251136.4~A19.K_6,6,,normal,Q251136.4~A19.K_6L.png,Q251136.4~A19.K_6R.png,train,/data5/chensx/MyProject/UAE/data/arrangement_merged/chr_06/Q251136.4~A19.K_6L.png,/data5/chensx/MyProject/UAE/data/arrangement_merged/chr_06/Q251136.4~A19.K_6R.png,0,-0.0723821582521885,,0.0012592673301696,2.1772958968757643,chromosome
0,0.0008447170257568,Q251136,Q251136.4~A2.K_6,6,,normal,Q251136.4~A2.K_6L.png,Q251136.4~A2.K_6R.png,train,/data5/chensx/MyProject/UAE/data/arrangement_merged/chr_06/Q251136.4~A2.K_6L.png,/data5/chensx/MyProject/UAE/data/arrangement_merged/chr_06/Q251136.4~A2.K_6R.png,0,-0.4802958725609376,,0.0008447170257568,-0.03090118274693463,chromosome
0,0.0007801055908203,Q251136,Q251136.4~A36.K_6,6,,normal,Q251136.4~A36.K_6L.png,Q251136.4~A36.K_6R.png,train,/data5/chensx/MyProject/UAE/data/arrangement_merged/chr_06/Q251136.4~A36.K_6L.png,/data5/chensx/MyProject/UAE/data/arrangement_merged/chr_06/Q251136.4~A36.K_6R.png,0,-0.5438729345754142,,0.0007801055908203,-0.3750687793408065,chromosome
0,0.0009464621543884,Q251136,Q251136.4~A5.K_6,6,,normal,Q251136.4~A5.K_6L.png,Q251136.4~A5.K_6R.png,train,/data5/chensx/MyProject/UAE/data/arrangement_merged/chr_06/Q251136.4~A5.K_6L.png,/data5/chensx/MyProject/UAE/data/arrangement_merged/chr_06/Q251136.4~A5.K_6R.png,0,-0.3801795950160009,,0.0009464621543884,0.5110675325538027,chromosome
0,0.0011355876922607,165070,165070.11~A20.K_7,7,,normal,165070.11~A20.K_7L.png,165070.11~A20.K_7R.png,train,/data5/chensx/MyProject/UAE/data/arrangement_merged/chr_07/165070.11~A20.K_7L.png,/data5/chensx/MyProject/UAE/data/arrangement_merged/chr_07/165070.11~A20.K_7R.png,0,-0.1817291062106405,,0.0011355876922607,1.0282267733951653,chromosome
0,0.0010778307914733,165070,165070.11~A21.K_7,7,,normal,165070.11~A21.K_7L.png,165070.11~A21.K_7R.png,train,/data5/chensx/MyProject/UAE/data/arrangement_merged/chr_07/165070.11~A21.K_7L.png,/data5/chensx/MyProject/UAE/data/arrangement_merged/chr_07/165070.11~A21.K_7R.png,0,-0.2630955625607641,,0.0010778307914733,0.6184924839492715,chromosome
0,0.0010120868682861,165070,165070.11~A30.K_7,7,,normal,165070.11~A30.K_7L.png,165070.11~A30.K_7R.png,train,/data5/chensx/MyProject/UAE/data/arrangement_merged/chr_07/165070.11~A30.K_7L.png,/data5/chensx/MyProject/UAE/data/arrangement_merged/chr_07/165070.11~A30.K_7R.png,0,-0.3557139334113177,,0.0010120868682861,0.1520973123723125,chromosome
0,0.0013970136642456,165070,165070.12~A1.K_7,7,,normal,165070.12~A1.K_7L.png,165070.12~A1.K_7R.png,train,/data5/chensx/MyProject/UAE/data/arrangement_merged/chr_07/165070.12~A1.K_7L.png,/data5/chensx/MyProject/UAE/data/arrangement_merged/chr_07/165070.12~A1.K_7R.png,0,0.1865611699004453,,0.0013970136642456,2.8828135572016667,chromosome
0,0.000895619392395,165070,165070.12~A21.K_7,7,,normal,165070.12~A21.K_7L.png,165070.12~A21.K_7R.png,train,/data5/chensx/MyProject/UAE/data/arrangement_merged/chr_07/165070.12~A21.K_7L.png,/data5/chensx/MyProject/UAE/data/arrangement_merged/chr_07/165070.12~A21.K_7R.png,0,-0.5197903582907207,,0.000895619392395,-0.6741367449822204,chromosome
0,0.0013055801391601,165070,165070.12~A41.K_7,7,,normal,165070.12~A41.K_7L.png,165070.12~A41.K_7R.png,train,/data5/chensx/MyProject/UAE/data/arrangement_merged/chr_07/165070.12~A41.K_7L.png,/data5/chensx/MyProject/UAE/data/arrangement_merged/chr_07/165070.12~A41.K_7R.png,0,0.0577519397238822,,0.0013055801391601,2.2341733095134884,chromosome
0,0.001039981842041,165070,165070.12~A5.K_7,7,,normal,165070.12~A5.K_7L.png,165070.12~A5.K_7R.png,train,/data5/chensx/MyProject/UAE/data/arrangement_merged/chr_07/165070.12~A5.K_7L.png,/data5/chensx/MyProject/UAE/data/arrangement_merged/chr_07/165070.12~A5.K_7R.png,0,-0.3164162021710103,,0.001039981842041,0.3499875574297346,chromosome
0,0.0009982585906982,165070,165070.12~A9.K_7,7,,normal,165070.12~A9.K_7L.png,165070.12~A9.K_7R.png,train,/data5/chensx/MyProject/UAE/data/arrangement_merged/chr_07/165070.12~A9.K_7L.png,/data5/chensx/MyProject/UAE/data/arrangement_merged/chr_07/165070.12~A9.K_7R.png,0,-0.3751948600090769,,0.0009982585906982,0.05399787465153171,chromosome
0,0.0014129877090454,165070,165070.13~A24.K_7,7,,normal,165070.13~A24.K_7L.png,165070.13~A24.K_7R.png,train,/data5/chensx/MyProject/UAE/data/arrangement_merged/chr_07/165070.13~A24.K_7L.png,/data5/chensx/MyProject/UAE/data/arrangement_merged/chr_07/165070.13~A24.K_7R.png,0,0.2090649989013051,,0.0014129877090454,2.996135321465215,chromosome
0,0.0009738206863403,165070,165070.13~A25.K_7,7,,normal,165070.13~A25.K_7L.png,165070.13~A25.K_7R.png,train,/data5/chensx/MyProject/UAE/data/arrangement_merged/chr_07/165070.13~A25.K_7L.png,/data5/chensx/MyProject/UAE/data/arrangement_merged/chr_07/165070.13~A25.K_7R.png,0,-0.4096223595999445,,0.0009738206863403,-0.11936751097551751,chromosome
0,0.0010191202163696,165070,165070.13~A26.K_7,7,,normal,165070.13~A26.K_7L.png,165070.13~A26.K_7R.png,train,/data5/chensx/MyProject/UAE/data/arrangement_merged/chr_07/165070.13~A26.K_7L.png,/data5/chensx/MyProject/UAE/data/arrangement_merged/chr_07/165070.13~A26.K_7R.png,0,-0.3458055310900436,,0.0010191202163696,0.20199271604063393,chromosome
0,0.0012471675872802,165070,165070.13~A27.K_7,7,,normal,165070.13~A27.K_7L.png,165070.13~A27.K_7R.png,train,/data5/chensx/MyProject/UAE/data/arrangement_merged/chr_07/165070.13~A27.K_7L.png,/data5/chensx/MyProject/UAE/data/arrangement_merged/chr_07/165070.13~A27.K_7R.png,0,-0.0245381812494109,,0.0012471675872802,1.819787753624146,chromosome
0,0.0009960532188415,165070,165070.13~A28.K_7,7,,normal,165070.13~A28.K_7L.png,165070.13~A28.K_7R.png,train,/data5/chensx/MyProject/UAE/data/arrangement_merged/chr_07/165070.13~A28.K_7L.png,/data5/chensx/MyProject/UAE/data/arrangement_merged/chr_07/165070.13~A28.K_7R.png,0,-0.3783017319233747,,0.0009960532188415,0.03835270570462001,chromosome
0,0.001031756401062,165070,165070.13~A3.K_7,7,,normal,165070.13~A3.K_7L.png,165070.13~A3.K_7R.png,train,/data5/chensx/MyProject/UAE/data/arrangement_merged/chr_07/165070.13~A3.K_7L.png,/data5/chensx/MyProject/UAE/data/arrangement_merged/chr_07/165070.13~A3.K_7R.png,0,-0.3280039947162291,,0.001031756401062,0.2916353056820967,chromosome
0,0.0012978911399841,165070,165070.13~A36.K_7,7,,normal,165070.13~A36.K_7L.png,165070.13~A36.K_7R.png,train,/data5/chensx/MyProject/UAE/data/arrangement_merged/chr_07/165070.13~A36.K_7L.png,/data5/chensx/MyProject/UAE/data/arrangement_merged/chr_07/165070.13~A36.K_7R.png,0,0.0469198727794385,,0.0012978911399841,2.17962663940172,chromosome
0,0.0009837746620178,165070,165070.13~A40.K_7,7,,normal,165070.13~A40.K_7L.png,165070.13~A40.K_7R.png,train,/data5/chensx/MyProject/UAE/data/arrangement_merged/chr_07/165070.13~A40.K_7L.png,/data5/chensx/MyProject/UAE/data/arrangement_merged/chr_07/165070.13~A40.K_7R.png,0,-0.3955994512300058,,0.0009837746620178,-0.04875282951269437,chromosome
0,0.0009779930114746,165070,165070.13~A9.K_7,7,,normal,165070.13~A9.K_7L.png,165070.13~A9.K_7R.png,train,/data5/chensx/MyProject/UAE/data/arrangement_merged/chr_07/165070.13~A9.K_7L.png,/data5/chensx/MyProject/UAE/data/arrangement_merged/chr_07/165070.13~A9.K_7R.png,0,-0.4037444938161378,,0.0009779930114746,-0.0897685426975554,chromosome
0,0.0007781982421875,165070,165070.1~A9.K_7,7,,normal,165070.1~A9.K_7L.png,165070.1~A9.K_7R.png,train,/data5/chensx/MyProject/UAE/data/arrangement_merged/chr_07/165070.1~A9.K_7L.png,/data5/chensx/MyProject/UAE/data/arrangement_merged/chr_07/165070.1~A9.K_7R.png,0,-0.6852102953492797,,0.0007781982421875,-1.5071362808002062,chromosome
0,0.001149296760559,165070,165070.2~A31.K_7,7,,normal,165070.2~A31.K_7L.png,165070.2~A31.K_7R.png,train,/data5/chensx/MyProject/UAE/data/arrangement_merged/chr_07/165070.2~A31.K_7L.png,/data5/chensx/MyProject/UAE/data/arrangement_merged/chr_07/165070.2~A31.K_7R.png,0,-0.1624161186352758,,0.001149296760559,1.1254805263076597,chromosome
0,0.0009925365447998,165070,165070.3~A15.K_7,7,,normal,165070.3~A15.K_7L.png,165070.3~A15.K_7R.png,train,/data5/chensx/MyProject/UAE/data/arrangement_merged/chr_07/165070.3~A15.K_7L.png,/data5/chensx/MyProject/UAE/data/arrangement_merged/chr_07/165070.3~A15.K_7R.png,0,-0.3832559330840118,,0.0009925365447998,0.013405003870813103,chromosome
0,0.0009535551071166,165070,165070.3~A2.K_7,7,,normal,165070.3~A2.K_7L.png,165070.3~A2.K_7R.png,train,/data5/chensx/MyProject/UAE/data/arrangement_merged/chr_07/165070.3~A2.K_7L.png,/data5/chensx/MyProject/UAE/data/arrangement_merged/chr_07/165070.3~A2.K_7R.png,0,-0.4381719934070054,,0.0009535551071166,-0.2631339283253153,chromosome
0,0.0009218454360961,165070,165070.3~A30.K_7,7,,normal,165070.3~A30.K_7L.png,165070.3~A30.K_7R.png,train,/data5/chensx/MyProject/UAE/data/arrangement_merged/chr_07/165070.3~A30.K_7L.png,/data5/chensx/MyProject/UAE/data/arrangement_merged/chr_07/165070.3~A30.K_7R.png,0,-0.482843773363936,,0.0009218454360961,-0.48808608723655034,chromosome
0,0.0010030269622802,165070,165070.3~A35.K_7,7,,normal,165070.3~A35.K_7L.png,165070.3~A35.K_7R.png,train,/data5/chensx/MyProject/UAE/data/arrangement_merged/chr_07/165070.3~A35.K_7L.png,/data5/chensx/MyProject/UAE/data/arrangement_merged/chr_07/165070.3~A35.K_7R.png,0,-0.3684772991132979,,0.0010030269622802,0.08782526696879747,chromosome
0,0.0008634328842163,165070,165070.3~A43.K_7,7,,normal,165070.3~A43.K_7L.png,165070.3~A43.K_7R.png,train,/data5/chensx/MyProject/UAE/data/arrangement_merged/chr_07/165070.3~A43.K_7L.png,/data5/chensx/MyProject/UAE/data/arrangement_merged/chr_07/165070.3~A43.K_7R.png,0,-0.5651338943372293,,0.0008634328842163,-0.9024716431251818,chromosome
0,0.0011209249496459,170215,170215.12~A1.K_7,7,,normal,170215.12~A1.K_7L.png,170215.12~A1.K_7R.png,train,/data5/chensx/MyProject/UAE/data/arrangement_merged/chr_07/170215.12~A1.K_7L.png,/data5/chensx/MyProject/UAE/data/arrangement_merged/chr_07/170215.12~A1.K_7R.png,0,-0.2747255173651153,,0.0011209249496459,0.9242075420185104,chromosome
0,0.0009129643440246,170215,170215.12~A24.K_7,7,,normal,170215.12~A24.K_7L.png,170215.12~A24.K_7R.png,train,/data5/chensx/MyProject/UAE/data/arrangement_merged/chr_07/170215.12~A24.K_7L.png,/data5/chensx/MyProject/UAE/data/arrangement_merged/chr_07/170215.12~A24.K_7R.png,0,-0.5477056338861241,,0.0009129643440246,-0.551089605427635,chromosome
0,0.0009071826934814,170215,170215.12~A31.K_7,7,,normal,170215.12~A31.K_7L.png,170215.12~A31.K_7R.png,train,/data5/chensx/MyProject/UAE/data/arrangement_merged/chr_07/170215.12~A31.K_7L.png,/data5/chensx/MyProject/UAE/data/arrangement_merged/chr_07/170215.12~A31.K_7R.png,0,-0.5552949349186659,,0.0009071826934814,-0.5921053186124968,chromosome
0,0.0012493133544921,170215,170215.12~A33.K_7,7,,normal,170215.12~A33.K_7L.png,170215.12~A33.K_7R.png,train,/data5/chensx/MyProject/UAE/data/arrangement_merged/chr_07/170215.12~A33.K_7L.png,/data5/chensx/MyProject/UAE/data/arrangement_merged/chr_07/170215.12~A33.K_7R.png,0,-0.1061960903125922,,0.0012493133544921,1.8350100801669154,chromosome
0,0.0009214878082275,170215,170215.12~A44.K_7,7,,normal,170215.12~A44.K_7L.png,170215.12~A44.K_7R.png,train,/data5/chensx/MyProject/UAE/data/arrangement_merged/chr_07/170215.12~A44.K_7L.png,/data5/chensx/MyProject/UAE/data/arrangement_merged/chr_07/170215.12~A44.K_7R.png,0,-0.5365172828793875,,0.0009214878082275,-0.4906231416599904,chromosome
0,0.0009577274322509,170215,170215.12~A47.K_7,7,,normal,170215.12~A47.K_7L.png,170215.12~A47.K_7R.png,train,/data5/chensx/MyProject/UAE/data/arrangement_merged/chr_07/170215.12~A47.K_7L.png,/data5/chensx/MyProject/UAE/data/arrangement_merged/chr_07/170215.12~A47.K_7R.png,0,-0.488947231046549,,0.0009577274322509,-0.2335349600473532,chromosome
0,0.0008792877197265,170215,170215.12~A48.K_7,7,,normal,170215.12~A48.K_7L.png,170215.12~A48.K_7R.png,train,/data5/chensx/MyProject/UAE/data/arrangement_merged/chr_07/170215.12~A48.K_7L.png,/data5/chensx/MyProject/UAE/data/arrangement_merged/chr_07/170215.12~A48.K_7R.png,0,-0.5919113563952586,,0.0008792877197265,-0.7899955636699189,chromosome
0,0.0010648965835571,170215,170215.12~A49.K_7,7,,normal,170215.12~A49.K_7L.png,170215.12~A49.K_7R.png,train,/data5/chensx/MyProject/UAE/data/arrangement_merged/chr_07/170215.12~A49.K_7L.png,/data5/chensx/MyProject/UAE/data/arrangement_merged/chr_07/170215.12~A49.K_7R.png,0,-0.3482713211856221,,0.0010648965835571,0.5267356822885118,chromosome
0,0.0009664893150329,170215,170215.12~A6.K_7,7,,normal,170215.12~A6.K_7L.png,170215.12~A6.K_7R.png,train,/data5/chensx/MyProject/UAE/data/arrangement_merged/chr_07/170215.12~A6.K_7L.png,/data5/chensx/MyProject/UAE/data/arrangement_merged/chr_07/170215.12~A6.K_7R.png,0,-0.4774459191724911,,0.0009664893150329,-0.17137712666384572,chromosome
0,0.0010409355163574,170215,170215.12~A7.K_7,7,,normal,170215.12~A7.K_7L.png,170215.12~A7.K_7R.png,train,/data5/chensx/MyProject/UAE/data/arrangement_merged/chr_07/170215.12~A7.K_7L.png,/data5/chensx/MyProject/UAE/data/arrangement_merged/chr_07/170215.12~A7.K_7R.png,0,-0.3797238883514133,,0.0010409355163574,0.3567530358931874,chromosome
0,0.000930905342102,170215,170215.13~A21.K_7,7,,normal,170215.13~A21.K_7L.png,170215.13~A21.K_7R.png,train,/data5/chensx/MyProject/UAE/data/arrangement_merged/chr_07/170215.13~A21.K_7L.png,/data5/chensx/MyProject/UAE/data/arrangement_merged/chr_07/170215.13~A21.K_7R.png,0,-0.524155328620196,,0.000930905342102,-0.42381404183303606,chromosome
0,0.0007364749908447,170215,170215.13~A36.K_7,7,,normal,170215.13~A36.K_7L.png,170215.13~A36.K_7R.png,train,/data5/chensx/MyProject/UAE/data/arrangement_merged/chr_07/170215.13~A36.K_7L.png,/data5/chensx/MyProject/UAE/data/arrangement_merged/chr_07/170215.13~A36.K_7R.png,0,-0.7793749159207207,,0.0007364749908447,-1.8031259635784083,chromosome
0,0.0008265376091003,170215,170215.13~A44.K_7,7,,normal,170215.13~A44.K_7L.png,170215.13~A44.K_7R.png,train,/data5/chensx/MyProject/UAE/data/arrangement_merged/chr_07/170215.13~A44.K_7L.png,/data5/chensx/MyProject/UAE/data/arrangement_merged/chr_07/170215.13~A44.K_7R.png,0,-0.6611539482900975,,0.0008265376091003,-1.1642110911819759,chromosome
0,0.0012824535369873,170215,170215.13~A47.K_7,7,,normal,170215.13~A47.K_7L.png,170215.13~A47.K_7R.png,train,/data5/chensx/MyProject/UAE/data/arrangement_merged/chr_07/170215.13~A47.K_7L.png,/data5/chensx/MyProject/UAE/data/arrangement_merged/chr_07/170215.13~A47.K_7R.png,0,-0.0626945297549307,,0.0012824535369873,2.0701104567740396,chromosome
0,0.0008339881896972,170215,170215.13~A5.K_7,7,,normal,170215.13~A5.K_7L.png,170215.13~A5.K_7R.png,train,/data5/chensx/MyProject/UAE/data/arrangement_merged/chr_07/170215.13~A5.K_7L.png,/data5/chensx/MyProject/UAE/data/arrangement_merged/chr_07/170215.13~A5.K_7R.png,0,-0.6513739211863067,,0.0008339881896972,-1.1113557906860703,chromosome
0,0.0009139776229858,170215,170215.1~A9.K_7,7,,normal,170215.1~A9.K_7L.png,170215.1~A9.K_7R.png,train,/data5/chensx/MyProject/UAE/data/arrangement_merged/chr_07/170215.1~A9.K_7L.png,/data5/chensx/MyProject/UAE/data/arrangement_merged/chr_07/170215.1~A9.K_7R.png,0,-0.5463755502000086,,0.0009139776229858,-0.5439012845600382,chromosome
0,0.0011302232742309,170215,170215.2~A19.K_7,7,,normal,170215.2~A19.K_7L.png,170215.2~A19.K_7R.png,train,/data5/chensx/MyProject/UAE/data/arrangement_merged/chr_07/170215.2~A19.K_7L.png,/data5/chensx/MyProject/UAE/data/arrangement_merged/chr_07/170215.2~A19.K_7R.png,0,-0.2625200435395843,,0.0011302232742309,0.9901709570378875,chromosome
0,0.0009158253669738,170215,170215.2~A2.K_7,7,,normal,170215.2~A2.K_7L.png,170215.2~A2.K_7R.png,train,/data5/chensx/MyProject/UAE/data/arrangement_merged/chr_07/170215.2~A2.K_7L.png,/data5/chensx/MyProject/UAE/data/arrangement_merged/chr_07/170215.2~A2.K_7R.png,0,-0.5439501034782686,,0.0009158253669738,-0.5307931700372757,chromosome
0,0.0008509159088134,170215,170215.2~A23.K_7,7,,normal,170215.2~A23.K_7L.png,170215.2~A23.K_7R.png,train,/data5/chensx/MyProject/UAE/data/arrangement_merged/chr_07/170215.2~A23.K_7L.png,/data5/chensx/MyProject/UAE/data/arrangement_merged/chr_07/170215.2~A23.K_7R.png,0,-0.629153699606494,,0.0008509159088134,-0.9912685479590682,chromosome
0,0.0011223554611206,170215,170215.2~A33.K_7,7,,normal,170215.2~A33.K_7L.png,170215.2~A33.K_7R.png,train,/data5/chensx/MyProject/UAE/data/arrangement_merged/chr_07/170215.2~A33.K_7L.png,/data5/chensx/MyProject/UAE/data/arrangement_merged/chr_07/170215.2~A33.K_7R.png,0,-0.2728477521611874,,0.0011223554611206,0.9343557597143995,chromosome
0,0.0009058713912963,170215,170215.2~A4.K_7,7,,normal,170215.2~A4.K_7L.png,170215.2~A4.K_7R.png,train,/data5/chensx/MyProject/UAE/data/arrangement_merged/chr_07/170215.2~A4.K_7L.png,/data5/chensx/MyProject/UAE/data/arrangement_merged/chr_07/170215.2~A4.K_7R.png,0,-0.557016219688933,,0.0009058713912963,-0.6014078515000996,chromosome
0,0.0008711218833923,170215,170215.3~A32.K_7,7,,normal,170215.3~A32.K_7L.png,170215.3~A32.K_7R.png,train,/data5/chensx/MyProject/UAE/data/arrangement_merged/chr_07/170215.3~A32.K_7L.png,/data5/chensx/MyProject/UAE/data/arrangement_merged/chr_07/170215.3~A32.K_7R.png,0,-0.6026302661010133,,0.0008711218833923,-0.8479249730134135,chromosome
0,0.0008305311203002,170215,170215.3~A33.K_7,7,,normal,170215.3~A33.K_7L.png,170215.3~A33.K_7R.png,train,/data5/chensx/MyProject/UAE/data/arrangement_merged/chr_07/170215.3~A33.K_7L.png,/data5/chensx/MyProject/UAE/data/arrangement_merged/chr_07/170215.3~A33.K_7R.png,0,-0.6559118537624656,,0.0008305311203002,-1.1358806501164425,chromosome
0,0.0010401606559753,170215,170215.3~A38.K_7,7,,normal,170215.3~A38.K_7L.png,170215.3~A38.K_7R.png,train,/data5/chensx/MyProject/UAE/data/arrangement_merged/chr_07/170215.3~A38.K_7L.png,/data5/chensx/MyProject/UAE/data/arrangement_merged/chr_07/170215.3~A38.K_7R.png,0,-0.3807410111702076,,0.0010401606559753,0.35125608464145425,chromosome
0,0.0010709762573242,170215,170215.3~A41.K_7,7,,normal,170215.3~A41.K_7L.png,170215.3~A41.K_7R.png,train,/data5/chensx/MyProject/UAE/data/arrangement_merged/chr_07/170215.3~A41.K_7L.png,/data5/chensx/MyProject/UAE/data/arrangement_merged/chr_07/170215.3~A41.K_7R.png,0,-0.3402908190689288,,0.0010709762573242,0.5698656074933803,chromosome
0,0.0010105371475219,170215,170215.3~A47.K_7,7,,normal,170215.3~A47.K_7L.png,170215.3~A47.K_7R.png,train,/data5/chensx/MyProject/UAE/data/arrangement_merged/chr_07/170215.3~A47.K_7L.png,/data5/chensx/MyProject/UAE/data/arrangement_merged/chr_07/170215.3~A47.K_7R.png,0,-0.4196263989348798,,0.0010105371475219,0.1411034098688461,chromosome
0,0.0009304881095886,179083,179083.12~A20.K_7,7,,normal,179083.12~A20.K_7L.png,179083.12~A20.K_7R.png,train,/data5/chensx/MyProject/UAE/data/arrangement_merged/chr_07/179083.12~A20.K_7L.png,/data5/chensx/MyProject/UAE/data/arrangement_merged/chr_07/179083.12~A20.K_7R.png,0,-0.394221773197306,,0.0009304881095886,-0.4267739386606201,chromosome
0,0.0009960532188415,179083,179083.12~A37.K_7,7,,normal,179083.12~A37.K_7L.png,179083.12~A37.K_7R.png,train,/data5/chensx/MyProject/UAE/data/arrangement_merged/chr_07/179083.12~A37.K_7L.png,/data5/chensx/MyProject/UAE/data/arrangement_merged/chr_07/179083.12~A37.K_7R.png,0,-0.2956278277529783,,0.0009960532188415,0.03835270570462001,chromosome
0,0.0010240077972412,179083,179083.12~A39.K_7,7,,normal,179083.12~A39.K_7L.png,179083.12~A39.K_7R.png,train,/data5/chensx/MyProject/UAE/data/arrangement_merged/chr_07/179083.12~A39.K_7L.png,/data5/chensx/MyProject/UAE/data/arrangement_merged/chr_07/179083.12~A39.K_7R.png,0,-0.2535909546498967,,0.0010240077972412,0.23666579316618605,chromosome
0,0.0010254979133605,179083,179083.12~A47.K_7,7,,normal,179083.12~A47.K_7L.png,179083.12~A47.K_7R.png,train,/data5/chensx/MyProject/UAE/data/arrangement_merged/chr_07/179083.12~A47.K_7L.png,/data5/chensx/MyProject/UAE/data/arrangement_merged/chr_07/179083.12~A47.K_7R.png,0,-0.2513501831625256,,0.0010254979133605,0.24723685326479936,chromosome
0,0.0008242130279541,179083,179083.12~A9.K_7,7,,normal,179083.12~A9.K_7L.png,179083.12~A9.K_7R.png,train,/data5/chensx/MyProject/UAE/data/arrangement_merged/chr_07/179083.12~A9.K_7L.png,/data5/chensx/MyProject/UAE/data/arrangement_merged/chr_07/179083.12~A9.K_7R.png,0,-0.5540335956766119,,0.0008242130279541,-1.1807019449364646,chromosome
0,0.0009174346923828,179083,179083.13~A11.K_7,7,,normal,179083.13~A11.K_7L.png,179083.13~A11.K_7R.png,train,/data5/chensx/MyProject/UAE/data/arrangement_merged/chr_07/179083.13~A11.K_7L.png,/data5/chensx/MyProject/UAE/data/arrangement_merged/chr_07/179083.13~A11.K_7R.png,0,-0.4138509314266768,,0.0009174346923828,-0.5193764251296661,chromosome
0,0.0009646415710449,179083,179083.13~A13.K_7,7,,normal,179083.13~A13.K_7L.png,179083.13~A13.K_7R.png,train,/data5/chensx/MyProject/UAE/data/arrangement_merged/chr_07/179083.13~A13.K_7L.png,/data5/chensx/MyProject/UAE/data/arrangement_merged/chr_07/179083.13~A13.K_7R.png,0,-0.3428632907067607,,0.0009646415710449,-0.184485241186609,chromosome
0,0.0008618235588073,179083,179083.13~A14.K_7,7,,normal,179083.13~A14.K_7L.png,179083.13~A14.K_7R.png,train,/data5/chensx/MyProject/UAE/data/arrangement_merged/chr_07/179083.13~A14.K_7L.png,/data5/chensx/MyProject/UAE/data/arrangement_merged/chr_07/179083.13~A14.K_7R.png,0,-0.4974765233353657,,0.0008618235588073,-0.9138883880327914,chromosome
0,0.0008835792541503,179083,179083.13~A2.K_7,7,,normal,179083.13~A2.K_7L.png,179083.13~A2.K_7R.png,train,/data5/chensx/MyProject/UAE/data/arrangement_merged/chr_07/179083.13~A2.K_7L.png,/data5/chensx/MyProject/UAE/data/arrangement_merged/chr_07/179083.13~A2.K_7R.png,0,-0.4647612596197478,,0.0008835792541503,-0.7595509105843803,chromosome
0,0.0008795261383056,179083,179083.13~A22.K_7,7,,normal,179083.13~A22.K_7L.png,179083.13~A22.K_7R.png,train,/data5/chensx/MyProject/UAE/data/arrangement_merged/chr_07/179083.13~A22.K_7L.png,/data5/chensx/MyProject/UAE/data/arrangement_merged/chr_07/179083.13~A22.K_7R.png,0,-0.4708561580653972,,0.0008795261383056,-0.788304194054056,chromosome
0,0.0010477304458618,179083,179083.13~A26.K_7,7,,normal,179083.13~A26.K_7L.png,179083.13~A26.K_7R.png,train,/data5/chensx/MyProject/UAE/data/arrangement_merged/chr_07/179083.13~A26.K_7L.png,/data5/chensx/MyProject/UAE/data/arrangement_merged/chr_07/179083.13~A26.K_7R.png,0,-0.217917872570949,,0.0010477304458618,0.40495706994564523,chromosome
0,0.0009874105453491,179083,179083.13~A34.K_7,7,,normal,179083.13~A34.K_7L.png,179083.13~A34.K_7R.png,train,/data5/chensx/MyProject/UAE/data/arrangement_merged/chr_07/179083.13~A34.K_7L.png,/data5/chensx/MyProject/UAE/data/arrangement_merged/chr_07/179083.13~A34.K_7R.png,0,-0.3086243023797306,,0.0009874105453491,-0.02295944287060109,chromosome
0,0.0010523200035095,179083,179083.13~A39.K_7,7,,normal,179083.13~A39.K_7L.png,179083.13~A39.K_7R.png,train,/data5/chensx/MyProject/UAE/data/arrangement_merged/chr_07/179083.13~A39.K_7L.png,/data5/chensx/MyProject/UAE/data/arrangement_merged/chr_07/179083.13~A39.K_7R.png,0,-0.211016296389846,,0.0010523200035095,0.4375159350511914,chromosome
0,0.0010014176368713,179083,179083.14~A14.K_7,7,,normal,179083.14~A14.K_7L.png,179083.14~A14.K_7R.png,train,/data5/chensx/MyProject/UAE/data/arrangement_merged/chr_07/179083.14~A14.K_7L.png,/data5/chensx/MyProject/UAE/data/arrangement_merged/chr_07/179083.14~A14.K_7R.png,0,-0.2875610503984424,,0.0010014176368713,0.0764085220618978,chromosome
0,0.0009342432022094,179083,179083.14~A18.K_7,7,,normal,179083.14~A18.K_7L.png,179083.14~A18.K_7R.png,train,/data5/chensx/MyProject/UAE/data/arrangement_merged/chr_07/179083.14~A18.K_7L.png,/data5/chensx/MyProject/UAE/data/arrangement_merged/chr_07/179083.14~A18.K_7R.png,0,-0.3885750290491309,,0.0009342432022094,-0.4001348672109503,chromosome
0,0.0010144114494323,179083,179083.14~A2.K_7,7,,normal,179083.14~A2.K_7L.png,179083.14~A2.K_7R.png,train,/data5/chensx/MyProject/UAE/data/arrangement_merged/chr_07/179083.14~A2.K_7L.png,/data5/chensx/MyProject/UAE/data/arrangement_merged/chr_07/179083.14~A2.K_7R.png,0,-0.2680215230285665,,0.0010144114494323,0.16858816612680141,chromosome
0,0.0009350776672363,179083,179083.14~A27.K_7,7,,normal,179083.14~A27.K_7L.png,179083.14~A27.K_7R.png,train,/data5/chensx/MyProject/UAE/data/arrangement_merged/chr_07/179083.14~A27.K_7L.png,/data5/chensx/MyProject/UAE/data/arrangement_merged/chr_07/179083.14~A27.K_7R.png,0,-0.3873201970162031,,0.0009350776672363,-0.39421507355507396,chromosome
0,0.0008580088615417,179083,179083.14~A28.K_7,7,,normal,179083.14~A28.K_7L.png,179083.14~A28.K_7R.png,train,/data5/chensx/MyProject/UAE/data/arrangement_merged/chr_07/179083.14~A28.K_7L.png,/data5/chensx/MyProject/UAE/data/arrangement_merged/chr_07/179083.14~A28.K_7R.png,0,-0.5032128983430357,,0.0008580088615417,-0.9409503018866036,chromosome
0,0.0008160471916198,179083,179083.14~A39.K_7,7,,normal,179083.14~A39.K_7L.png,179083.14~A39.K_7R.png,train,/data5/chensx/MyProject/UAE/data/arrangement_merged/chr_07/179083.14~A39.K_7L.png,/data5/chensx/MyProject/UAE/data/arrangement_merged/chr_07/179083.14~A39.K_7R.png,0,-0.5663130234274055,,0.0008160471916198,-1.2386313542806693,chromosome
0,0.0009338855743408,179083,179083.14~A44.K_7,7,,normal,179083.14~A44.K_7L.png,179083.14~A44.K_7R.png,train,/data5/chensx/MyProject/UAE/data/arrangement_merged/chr_07/179083.14~A44.K_7L.png,/data5/chensx/MyProject/UAE/data/arrangement_merged/chr_07/179083.14~A44.K_7R.png,0,-0.3891128142061,,0.0009338855743408,-0.40267192163439036,chromosome
0,0.0008744001388549,179083,179083.14~A7.K_7,7,,normal,179083.14~A7.K_7L.png,179083.14~A7.K_7R.png,train,/data5/chensx/MyProject/UAE/data/arrangement_merged/chr_07/179083.14~A7.K_7L.png,/data5/chensx/MyProject/UAE/data/arrangement_merged/chr_07/179083.14~A7.K_7R.png,0,-0.4785644119819537,,0.0008744001388549,-0.8246686407954711,chromosome
0,0.0009909868240356,179083,179083.1~A24.K_7,7,,normal,179083.1~A24.K_7L.png,179083.1~A24.K_7R.png,train,/data5/chensx/MyProject/UAE/data/arrangement_merged/chr_07/179083.1~A24.K_7L.png,/data5/chensx/MyProject/UAE/data/arrangement_merged/chr_07/179083.1~A24.K_7R.png,0,-0.30324645081004,,0.0009909868240356,0.0024111013673482297,chromosome
0,0.0009378790855407,179083,179083.2~A1.K_7,7,,normal,179083.2~A1.K_7L.png,179083.2~A1.K_7R.png,train,/data5/chensx/MyProject/UAE/data/arrangement_merged/chr_07/179083.2~A1.K_7L.png,/data5/chensx/MyProject/UAE/data/arrangement_merged/chr_07/179083.2~A1.K_7R.png,0,-0.3831075466199455,,0.0009378790855407,-0.37434148056885785,chromosome
0,0.0008378028869628,179083,179083.2~A12.K_7,7,,normal,179083.2~A12.K_7L.png,179083.2~A12.K_7R.png,train,/data5/chensx/MyProject/UAE/data/arrangement_merged/chr_07/179083.2~A12.K_7L.png,/data5/chensx/MyProject/UAE/data/arrangement_merged/chr_07/179083.2~A12.K_7R.png,0,-0.5335977597117876,,0.0008378028869628,-1.084293876832258,chromosome
0,0.0007377862930297,179083,179083.2~A14.K_7,7,,normal,179083.2~A14.K_7L.png,179083.2~A14.K_7R.png,train,/data5/chensx/MyProject/UAE/data/arrangement_merged/chr_07/179083.2~A14.K_7L.png,/data5/chensx/MyProject/UAE/data/arrangement_merged/chr_07/179083.2~A14.K_7R.png,0,-0.6839983419441349,,0.0007377862930297,-1.7938234306915146,chromosome
0,0.0009074211120605,179083,179083.2~A18.K_7,7,,normal,179083.2~A18.K_7L.png,179083.2~A18.K_7R.png,train,/data5/chensx/MyProject/UAE/data/arrangement_merged/chr_07/179083.2~A18.K_7L.png,/data5/chensx/MyProject/UAE/data/arrangement_merged/chr_07/179083.2~A18.K_7R.png,0,-0.4289089158218104,,0.0009074211120605,-0.5904139489966332,chromosome
0,0.0008825659751892,179083,179083.2~A20.K_7,7,,normal,179083.2~A20.K_7L.png,179083.2~A20.K_7R.png,train,/data5/chensx/MyProject/UAE/data/arrangement_merged/chr_07/179083.2~A20.K_7L.png,/data5/chensx/MyProject/UAE/data/arrangement_merged/chr_07/179083.2~A20.K_7R.png,0,-0.4662849842311602,,0.0008825659751892,-0.7667392314512672,chromosome
0,0.0008803606033325,179083,179083.2~A26.K_7,7,,normal,179083.2~A26.K_7L.png,179083.2~A26.K_7R.png,train,/data5/chensx/MyProject/UAE/data/arrangement_merged/chr_07/179083.2~A26.K_7L.png,/data5/chensx/MyProject/UAE/data/arrangement_merged/chr_07/179083.2~A26.K_7R.png,0,-0.4696013260324694,,0.0008803606033325,-0.7823844003981797,chromosome
0,0.0010942220687866,179083,179083.2~A3.K_7,7,,normal,179083.2~A3.K_7L.png,179083.2~A3.K_7R.png,train,/data5/chensx/MyProject/UAE/data/arrangement_merged/chr_07/179083.2~A3.K_7L.png,/data5/chensx/MyProject/UAE/data/arrangement_merged/chr_07/179083.2~A3.K_7R.png,0,-0.1480058021649711,,0.0010942220687866,0.7347741450411139,chromosome
0,0.0008381009101867,179083,179083.2~A31.K_7,7,,normal,179083.2~A31.K_7L.png,179083.2~A31.K_7R.png,train,/data5/chensx/MyProject/UAE/data/arrangement_merged/chr_07/179083.2~A31.K_7L.png,/data5/chensx/MyProject/UAE/data/arrangement_merged/chr_07/179083.2~A31.K_7R.png,0,-0.5331496054143134,,0.0008381009101867,-1.0821796648122515,chromosome
0,0.0009412765502929,179083,179083.2~A35.K_7,7,,normal,179083.2~A35.K_7L.png,179083.2~A35.K_7R.png,train,/data5/chensx/MyProject/UAE/data/arrangement_merged/chr_07/179083.2~A35.K_7L.png,/data5/chensx/MyProject/UAE/data/arrangement_merged/chr_07/179083.2~A35.K_7R.png,0,-0.3779985876287394,,0.0009412765502929,-0.3502394635426289,chromosome
0,0.0009323358535766,179083,179083.2~A38.K_7,7,,normal,179083.2~A38.K_7L.png,179083.2~A38.K_7R.png,train,/data5/chensx/MyProject/UAE/data/arrangement_merged/chr_07/179083.2~A38.K_7L.png,/data5/chensx/MyProject/UAE/data/arrangement_merged/chr_07/179083.2~A38.K_7R.png,0,-0.3914432165529659,,0.0009323358535766,-0.4136658241378568,chromosome
0,0.0008804202079772,179083,179083.3~A1.K_7,7,,normal,179083.3~A1.K_7L.png,179083.3~A1.K_7R.png,train,/data5/chensx/MyProject/UAE/data/arrangement_merged/chr_07/179083.3~A1.K_7L.png,/data5/chensx/MyProject/UAE/data/arrangement_merged/chr_07/179083.3~A1.K_7R.png,0,-0.4695116951729745,,0.0008804202079772,-0.7819615579947456,chromosome
0,0.0009729862213134,179083,179083.3~A24.K_7,7,,normal,179083.3~A24.K_7L.png,179083.3~A24.K_7R.png,train,/data5/chensx/MyProject/UAE/data/arrangement_merged/chr_07/179083.3~A24.K_7L.png,/data5/chensx/MyProject/UAE/data/arrangement_merged/chr_07/179083.3~A24.K_7R.png,0,-0.3303149703774827,,0.0009729862213134,-0.1252873046313939,chromosome
0,0.0009262561798095,179083,179083.3~A27.K_7,7,,normal,179083.3~A27.K_7L.png,179083.3~A27.K_7R.png,train,/data5/chensx/MyProject/UAE/data/arrangement_merged/chr_07/179083.3~A27.K_7L.png,/data5/chensx/MyProject/UAE/data/arrangement_merged/chr_07/179083.3~A27.K_7R.png,0,-0.4005855642214399,,0.0009262561798095,-0.4567957493427254,chromosome
0,0.0009578466415405,179083,179083.4~A34.K_7,7,,normal,179083.4~A34.K_7L.png,179083.4~A34.K_7R.png,train,/data5/chensx/MyProject/UAE/data/arrangement_merged/chr_07/179083.4~A34.K_7L.png,/data5/chensx/MyProject/UAE/data/arrangement_merged/chr_07/179083.4~A34.K_7R.png,0,-0.3530812086891729,,0.0009578466415405,-0.23268927523906682,chromosome
0,0.0010766983032226,180371,180371.11~A18.K_7,7,,normal,180371.11~A18.K_7L.png,180371.11~A18.K_7R.png,train,/data5/chensx/MyProject/UAE/data/arrangement_merged/chr_07/180371.11~A18.K_7L.png,/data5/chensx/MyProject/UAE/data/arrangement_merged/chr_07/180371.11~A18.K_7R.png,0,-0.242551226389004,,0.0010766983032226,0.6104584782740989,chromosome
0,0.0010080337524414,180371,180371.11~A42.K_7,7,,normal,180371.11~A42.K_7L.png,180371.11~A42.K_7R.png,train,/data5/chensx/MyProject/UAE/data/arrangement_merged/chr_07/180371.11~A42.K_7L.png,/data5/chensx/MyProject/UAE/data/arrangement_merged/chr_07/180371.11~A42.K_7R.png,0,-0.3410495170260215,,0.0010080337524414,0.12334402890263599,chromosome
0,0.0010359287261962,180371,180371.11~A50.K_7,7,,normal,180371.11~A50.K_7L.png,180371.11~A50.K_7R.png,train,/data5/chensx/MyProject/UAE/data/arrangement_merged/chr_07/180371.11~A50.K_7L.png,/data5/chensx/MyProject/UAE/data/arrangement_merged/chr_07/180371.11~A50.K_7R.png,0,-0.3010345864547331,,0.0010359287261962,0.32123427395934895,chromosome
0,0.0010325908660888,180371,180371.13~A44.K_7,7,,normal,180371.13~A44.K_7L.png,180371.13~A44.K_7R.png,train,/data5/chensx/MyProject/UAE/data/arrangement_merged/chr_07/180371.13~A44.K_7L.png,/data5/chensx/MyProject/UAE/data/arrangement_merged/chr_07/180371.13~A44.K_7R.png,0,-0.3058226978051437,,0.0010325908660888,0.2975550993372632,chromosome
0,0.0007886886596679,180371,180371.14~A1.K_7,7,,normal,180371.14~A1.K_7L.png,180371.14~A1.K_7R.png,train,/data5/chensx/MyProject/UAE/data/arrangement_merged/chr_07/180371.14~A1.K_7L.png,/data5/chensx/MyProject/UAE/data/arrangement_merged/chr_07/180371.14~A1.K_7R.png,0,-0.6556968343387162,,0.0007886886596679,-1.4327160177022218,chromosome
0,0.0009712576866149,180371,180371.1~A15.K_7,7,,normal,180371.1~A15.K_7L.png,180371.1~A15.K_7R.png,train,/data5/chensx/MyProject/UAE/data/arrangement_merged/chr_07/180371.1~A15.K_7L.png,/data5/chensx/MyProject/UAE/data/arrangement_merged/chr_07/180371.1~A15.K_7R.png,0,-0.393804243868938,,0.0009712576866149,-0.13754973434657997,chromosome
0,0.0009315609931945,180371,180371.1~A25.K_7,7,,normal,180371.1~A25.K_7L.png,180371.1~A25.K_7R.png,train,/data5/chensx/MyProject/UAE/data/arrangement_merged/chr_07/180371.1~A25.K_7L.png,/data5/chensx/MyProject/UAE/data/arrangement_merged/chr_07/180371.1~A25.K_7R.png,0,-0.4507485681434637,,0.0009315609931945,-0.41916277538959,chromosome
0,0.0010046362876892,180371,180371.1~A33.K_7,7,,normal,180371.1~A33.K_7L.png,180371.1~A33.K_7R.png,train,/data5/chensx/MyProject/UAE/data/arrangement_merged/chr_07/180371.1~A33.K_7L.png,/data5/chensx/MyProject/UAE/data/arrangement_merged/chr_07/180371.1~A33.K_7R.png,0,-0.3459231303648322,,0.0010046362876892,0.09924201187640784,chromosome
0,0.0008899569511413,180371,180371.1~A35.K_7,7,,normal,180371.1~A35.K_7L.png,180371.1~A35.K_7R.png,train,/data5/chensx/MyProject/UAE/data/arrangement_merged/chr_07/180371.1~A35.K_7L.png,/data5/chensx/MyProject/UAE/data/arrangement_merged/chr_07/180371.1~A35.K_7R.png,0,-0.5104289560467955,,0.0008899569511413,-0.7143067733595058,chromosome
0,0.0010393857955932,180371,180371.2~A15.K_7,7,,normal,180371.2~A15.K_7L.png,180371.2~A15.K_7R.png,train,/data5/chensx/MyProject/UAE/data/arrangement_merged/chr_07/180371.2~A15.K_7L.png,/data5/chensx/MyProject/UAE/data/arrangement_merged/chr_07/180371.2~A15.K_7R.png,0,-0.2960754711275222,,0.0010393857955932,0.34575913338972103,chromosome
0,0.0012190341949462,180371,180371.2~A16.K_7,7,,normal,180371.2~A16.K_7L.png,180371.2~A16.K_7R.png,train,/data5/chensx/MyProject/UAE/data/arrangement_merged/chr_07/180371.2~A16.K_7L.png,/data5/chensx/MyProject/UAE/data/arrangement_merged/chr_07/180371.2~A16.K_7R.png,0,-0.0383724780893532,,0.0012190341949462,1.6202061389508604,chromosome
0,0.0011875033378601,180371,180371.2~A21.K_7,7,,normal,180371.2~A21.K_7L.png,180371.2~A21.K_7R.png,train,/data5/chensx/MyProject/UAE/data/arrangement_merged/chr_07/180371.2~A21.K_7L.png,/data5/chensx/MyProject/UAE/data/arrangement_merged/chr_07/180371.2~A21.K_7R.png,0,-0.0836030299530531,,0.0011875033378601,1.3965225072520557,chromosome
0,0.0008291602134704,180371,180371.2~A41.K_7,7,,normal,180371.2~A41.K_7L.png,180371.2~A41.K_7R.png,train,/data5/chensx/MyProject/UAE/data/arrangement_merged/chr_07/180371.2~A41.K_7L.png,/data5/chensx/MyProject/UAE/data/arrangement_merged/chr_07/180371.2~A41.K_7R.png,0,-0.597640984214988,,0.0008291602134704,-1.1456060254074794,chromosome
0,0.0010125637054443,180371,180371.2~A49.K_7,7,,normal,180371.2~A49.K_7L.png,180371.2~A49.K_7R.png,train,/data5/chensx/MyProject/UAE/data/arrangement_merged/chr_07/180371.2~A49.K_7L.png,/data5/chensx/MyProject/UAE/data/arrangement_merged/chr_07/180371.2~A49.K_7R.png,0,-0.3345513659076071,,0.0010125637054443,0.15548005160403816,chromosome
0,0.0011266469955444,180371,180371.3~A2.K_7,7,,normal,180371.3~A2.K_7L.png,180371.3~A2.K_7R.png,train,/data5/chensx/MyProject/UAE/data/arrangement_merged/chr_07/180371.3~A2.K_7L.png,/data5/chensx/MyProject/UAE/data/arrangement_merged/chr_07/180371.3~A2.K_7R.png,0,-0.1709005601096458,,0.0011266469955444,0.9648004127999381,chromosome
0,0.0010974407196044,180371,180371.3~A25.K_7,7,,normal,180371.3~A25.K_7L.png,180371.3~A25.K_7R.png,train,/data5/chensx/MyProject/UAE/data/arrangement_merged/chr_07/180371.3~A25.K_7L.png,/data5/chensx/MyProject/UAE/data/arrangement_merged/chr_07/180371.3~A25.K_7R.png,0,-0.2127965344257383,,0.0010974407196044,0.7576076348549132,chromosome
0,0.0011327266693115,180371,180371.3~A45.K_7,7,,normal,180371.3~A45.K_7L.png,180371.3~A45.K_7R.png,train,/data5/chensx/MyProject/UAE/data/arrangement_merged/chr_07/180371.3~A45.K_7L.png,/data5/chensx/MyProject/UAE/data/arrangement_merged/chr_07/180371.3~A45.K_7R.png,0,-0.1621793572928266,,0.0011327266693115,1.0079303380048068,chromosome
0,0.0009998083114624,180371,180371.3~A9.K_7,7,,normal,180371.3~A9.K_7L.png,180371.3~A9.K_7R.png,train,/data5/chensx/MyProject/UAE/data/arrangement_merged/chr_07/180371.3~A9.K_7L.png,/data5/chensx/MyProject/UAE/data/arrangement_merged/chr_07/180371.3~A9.K_7R.png,0,-0.3528487914252475,,0.0009998083114624,0.06499177715499813,chromosome
0,0.0011166334152221,180371,180371.4~A19.K_7,7,,normal,180371.4~A19.K_7L.png,180371.4~A19.K_7R.png,train,/data5/chensx/MyProject/UAE/data/arrangement_merged/chr_07/180371.4~A19.K_7L.png,/data5/chensx/MyProject/UAE/data/arrangement_merged/chr_07/180371.4~A19.K_7R.png,0,-0.1852648941608775,,0.0011166334152221,0.8937628889329718,chromosome
0,0.0009063482284545,180371,180371.4~A20.K_7,7,,normal,180371.4~A20.K_7L.png,180371.4~A20.K_7R.png,train,/data5/chensx/MyProject/UAE/data/arrangement_merged/chr_07/180371.4~A20.K_7L.png,/data5/chensx/MyProject/UAE/data/arrangement_merged/chr_07/180371.4~A20.K_7R.png,0,-0.4869159092367435,,0.0009063482284545,-0.5980251122683732,chromosome
0,0.0010098218917846,180371,180371.4~A23.K_7,7,,normal,180371.4~A23.K_7L.png,180371.4~A23.K_7R.png,train,/data5/chensx/MyProject/UAE/data/arrangement_merged/chr_07/180371.4~A23.K_7L.png,/data5/chensx/MyProject/UAE/data/arrangement_merged/chr_07/180371.4~A23.K_7R.png,0,-0.3384844573740158,,0.0010098218917846,0.13602930102125685,chromosome
0,0.0009575486183166,180371,180371.4~A27.K_7,7,,normal,180371.4~A27.K_7L.png,180371.4~A27.K_7R.png,train,/data5/chensx/MyProject/UAE/data/arrangement_merged/chr_07/180371.4~A27.K_7L.png,/data5/chensx/MyProject/UAE/data/arrangement_merged/chr_07/180371.4~A27.K_7R.png,0,-0.4134697012009813,,0.0009575486183166,-0.2348034872590736,chromosome
0,0.0010156035423278,180371,180371.4~A35.K_7,7,,normal,180371.4~A35.K_7L.png,180371.4~A35.K_7R.png,train,/data5/chensx/MyProject/UAE/data/arrangement_merged/chr_07/180371.4~A35.K_7L.png,/data5/chensx/MyProject/UAE/data/arrangement_merged/chr_07/180371.4~A35.K_7R.png,0,-0.3301907644991975,,0.0010156035423278,0.17704501420611787,chromosome
0,0.0010641813278198,180371,180371.4~A39.K_7,7,,normal,180371.4~A39.K_7L.png,180371.4~A39.K_7R.png,train,/data5/chensx/MyProject/UAE/data/arrangement_merged/chr_07/180371.4~A39.K_7L.png,/data5/chensx/MyProject/UAE/data/arrangement_merged/chr_07/180371.4~A39.K_7R.png,0,-0.2605066439530437,,0.0010641813278198,0.521661573440921,chromosome
0,0.0008789896965026,180371,180371.4~A44.K_7,7,,normal,180371.4~A44.K_7L.png,180371.4~A44.K_7R.png,train,/data5/chensx/MyProject/UAE/data/arrangement_merged/chr_07/180371.4~A44.K_7L.png,/data5/chensx/MyProject/UAE/data/arrangement_merged/chr_07/180371.4~A44.K_7R.png,0,-0.5261613219124301,,0.0008789896965026,-0.7921097756899257,chromosome
0,0.0009583234786987,182418,182418.13~A1.K_7,7,,normal,182418.13~A1.K_7L.png,182418.13~A1.K_7R.png,train,/data5/chensx/MyProject/UAE/data/arrangement_merged/chr_07/182418.13~A1.K_7L.png,/data5/chensx/MyProject/UAE/data/arrangement_merged/chr_07/182418.13~A1.K_7R.png,0,-0.4981499793448329,,0.0009583234786987,-0.22930653600734038,chromosome
0,0.0008224844932556,182418,182418.13~A27.K_7,7,,normal,182418.13~A27.K_7L.png,182418.13~A27.K_7R.png,train,/data5/chensx/MyProject/UAE/data/arrangement_merged/chr_07/182418.13~A27.K_7L.png,/data5/chensx/MyProject/UAE/data/arrangement_merged/chr_07/182418.13~A27.K_7R.png,0,-0.682417684777536,,0.0008224844932556,-1.1929643746516514,chromosome
0,0.0010550022125244,182418,182418.13~A6.K_7,7,,normal,182418.13~A6.K_7L.png,182418.13~A6.K_7R.png,train,/data5/chensx/MyProject/UAE/data/arrangement_merged/chr_07/182418.13~A6.K_7L.png,/data5/chensx/MyProject/UAE/data/arrangement_merged/chr_07/182418.13~A6.K_7R.png,0,-0.3670037668780297,,0.0010550022125244,0.45654384322983027,chromosome
0,0.0009656548500061,182418,182418.14~A44.K_7,7,,normal,182418.14~A44.K_7L.png,182418.14~A44.K_7R.png,train,/data5/chensx/MyProject/UAE/data/arrangement_merged/chr_07/182418.14~A44.K_7L.png,/data5/chensx/MyProject/UAE/data/arrangement_merged/chr_07/182418.14~A44.K_7R.png,0,-0.488204859657153,,0.0009656548500061,-0.1772969203190122,chromosome
0,0.0009387731552124,182418,182418.1~A24.K_7,7,,normal,182418.1~A24.K_7L.png,182418.1~A24.K_7R.png,train,/data5/chensx/MyProject/UAE/data/arrangement_merged/chr_07/182418.1~A24.K_7L.png,/data5/chensx/MyProject/UAE/data/arrangement_merged/chr_07/182418.1~A24.K_7R.png,0,-0.5246702985119793,,0.0009387731552124,-0.367998844508839,chromosome
0,0.0009757876396179,182418,182418.2~A16.K_7,7,,normal,182418.2~A16.K_7L.png,182418.2~A16.K_7R.png,train,/data5/chensx/MyProject/UAE/data/arrangement_merged/chr_07/182418.2~A16.K_7L.png,/data5/chensx/MyProject/UAE/data/arrangement_merged/chr_07/182418.2~A16.K_7R.png,0,-0.4744595722839368,,0.0009757876396179,-0.10541371164446864,chromosome
0,0.0009099245071411,182418,182418.2~A2.K_7,7,,normal,182418.2~A2.K_7L.png,182418.2~A2.K_7R.png,train,/data5/chensx/MyProject/UAE/data/arrangement_merged/chr_07/182418.2~A2.K_7L.png,/data5/chensx/MyProject/UAE/data/arrangement_merged/chr_07/182418.2~A2.K_7R.png,0,-0.5638039402098416,,0.0009099245071411,-0.5726545680297139,chromosome
0,0.0009687542915344,182418,182418.2~A3.K_7,7,,normal,182418.2~A3.K_7L.png,182418.2~A3.K_7R.png,train,/data5/chensx/MyProject/UAE/data/arrangement_merged/chr_07/182418.2~A3.K_7L.png,/data5/chensx/MyProject/UAE/data/arrangement_merged/chr_07/182418.2~A3.K_7R.png,0,-0.484000418813581,,0.0009687542915344,-0.15530911531279007,chromosome
0,0.0009585618972778,182418,182418.2~A33.K_7,7,,normal,182418.2~A33.K_7L.png,182418.2~A33.K_7R.png,train,/data5/chensx/MyProject/UAE/data/arrangement_merged/chr_07/182418.2~A33.K_7L.png,/data5/chensx/MyProject/UAE/data/arrangement_merged/chr_07/182418.2~A33.K_7R.png,0,-0.4978265608184042,,0.0009585618972778,-0.2276151663914768,chromosome
0,0.0010846853256225,182418,182418.2~A38.K_7,7,,normal,182418.2~A38.K_7L.png,182418.2~A38.K_7R.png,train,/data5/chensx/MyProject/UAE/data/arrangement_merged/chr_07/182418.2~A38.K_7L.png,/data5/chensx/MyProject/UAE/data/arrangement_merged/chr_07/182418.2~A38.K_7R.png,0,-0.3267381603376673,,0.0010846853256225,0.6671193604058733,chromosome
0,0.0010137557983398,182418,182418.3~A15.K_7,7,,normal,182418.3~A15.K_7L.png,182418.3~A15.K_7R.png,train,/data5/chensx/MyProject/UAE/data/arrangement_merged/chr_07/182418.3~A15.K_7L.png,/data5/chensx/MyProject/UAE/data/arrangement_merged/chr_07/182418.3~A15.K_7R.png,0,-0.42295517195018,,0.0010137557983398,0.1639368996833546,chromosome
0,0.0010035037994384,182418,182418.3~A25.K_7,7,,normal,182418.3~A25.K_7L.png,182418.3~A25.K_7R.png,train,/data5/chensx/MyProject/UAE/data/arrangement_merged/chr_07/182418.3~A25.K_7L.png,/data5/chensx/MyProject/UAE/data/arrangement_merged/chr_07/182418.3~A25.K_7R.png,0,-0.4368621685866105,,0.0010035037994384,0.09120800620052466,chromosome
0,0.0013126134872436,182418,182418.3~A49.K_7,7,,normal,182418.3~A49.K_7L.png,182418.3~A49.K_7R.png,train,/data5/chensx/MyProject/UAE/data/arrangement_merged/chr_07/182418.3~A49.K_7L.png,/data5/chensx/MyProject/UAE/data/arrangement_merged/chr_07/182418.3~A49.K_7R.png,0,-0.0175500490719119,,0.0013126134872436,2.2840687131818096,chromosome
0,0.0011754035949707,182418,182418.4~A15.K_7,7,,normal,182418.4~A15.K_7L.png,182418.4~A15.K_7R.png,train,/data5/chensx/MyProject/UAE/data/arrangement_merged/chr_07/182418.4~A15.K_7L.png,/data5/chensx/MyProject/UAE/data/arrangement_merged/chr_07/182418.4~A15.K_7R.png,0,-0.2036774110315795,,0.0011754035949707,1.3106854992464625,chromosome
0,0.0013096332550048,182418,182418.4~A6.K_7,7,,normal,182418.4~A6.K_7L.png,182418.4~A6.K_7R.png,train,/data5/chensx/MyProject/UAE/data/arrangement_merged/chr_07/182418.4~A6.K_7L.png,/data5/chensx/MyProject/UAE/data/arrangement_merged/chr_07/182418.4~A6.K_7R.png,0,-0.0215927806522696,,0.0013096332550048,2.2629265929831632,chromosome
0,0.0009601712226867,182418,182418.5~A16.K_7,7,,normal,182418.5~A16.K_7L.png,182418.5~A16.K_7R.png,train,/data5/chensx/MyProject/UAE/data/arrangement_merged/chr_07/182418.5~A16.K_7L.png,/data5/chensx/MyProject/UAE/data/arrangement_merged/chr_07/182418.5~A16.K_7R.png,0,-0.4956434857650111,,0.0009601712226867,-0.21619842148457713,chromosome
0,0.0008387565612792,182418,182418.5~A17.K_7,7,,normal,182418.5~A17.K_7L.png,182418.5~A17.K_7R.png,train,/data5/chensx/MyProject/UAE/data/arrangement_merged/chr_07/182418.5~A17.K_7L.png,/data5/chensx/MyProject/UAE/data/arrangement_merged/chr_07/182418.5~A17.K_7R.png,0,-0.660344370348783,,0.0008387565612792,-1.0775283983688053,chromosome
0,0.0011810660362243,182418,182418.5~A3.K_7,7,,normal,182418.5~A3.K_7L.png,182418.5~A3.K_7R.png,train,/data5/chensx/MyProject/UAE/data/arrangement_merged/chr_07/182418.5~A3.K_7L.png,/data5/chensx/MyProject/UAE/data/arrangement_merged/chr_07/182418.5~A3.K_7R.png,0,-0.1959962210288999,,0.0011810660362243,1.3508555276230372,chromosome
0,0.000984251499176,182418,182418.5~A30.K_7,7,,normal,182418.5~A30.K_7L.png,182418.5~A30.K_7R.png,train,/data5/chensx/MyProject/UAE/data/arrangement_merged/chr_07/182418.5~A30.K_7L.png,/data5/chensx/MyProject/UAE/data/arrangement_merged/chr_07/182418.5~A30.K_7R.png,0,-0.4629782145957211,,0.000984251499176,-0.04537009028096718,chromosome
0,0.0010396242141723,182418,182418.5~A5.K_7,7,,normal,182418.5~A5.K_7L.png,182418.5~A5.K_7R.png,train,/data5/chensx/MyProject/UAE/data/arrangement_merged/chr_07/182418.5~A5.K_7L.png,/data5/chensx/MyProject/UAE/data/arrangement_merged/chr_07/182418.5~A5.K_7R.png,0,-0.3878642618326754,,0.0010396242141723,0.3474505030055846,chromosome
0,0.0011085271835327,182747,182747.11~A42.K_7,7,,normal,182747.11~A42.K_7L.png,182747.11~A42.K_7R.png,train,/data5/chensx/MyProject/UAE/data/arrangement_merged/chr_07/182747.11~A42.K_7L.png,/data5/chensx/MyProject/UAE/data/arrangement_merged/chr_07/182747.11~A42.K_7R.png,0,-0.2666086373995032,,0.0011085271835327,0.8362563219936203,chromosome
0,0.0012750625610351,182747,182747.12~A10.K_7,7,,normal,182747.12~A10.K_7L.png,182747.12~A10.K_7R.png,train,/data5/chensx/MyProject/UAE/data/arrangement_merged/chr_07/182747.12~A10.K_7L.png,/data5/chensx/MyProject/UAE/data/arrangement_merged/chr_07/182747.12~A10.K_7R.png,0,-0.0443497743013898,,0.0012750625610351,2.01767799868157,chromosome
0,0.0012805461883544,182747,182747.12~A14.K_7,7,,normal,182747.12~A14.K_7L.png,182747.12~A14.K_7R.png,train,/data5/chensx/MyProject/UAE/data/arrangement_merged/chr_07/182747.12~A14.K_7L.png,/data5/chensx/MyProject/UAE/data/arrangement_merged/chr_07/182747.12~A14.K_7R.png,0,-0.0370313006417526,,0.0012805461883544,2.056579499846425,chromosome
0,0.0010439157485961,182747,182747.12~A18.K_7,7,,normal,182747.12~A18.K_7L.png,182747.12~A18.K_7R.png,train,/data5/chensx/MyProject/UAE/data/arrangement_merged/chr_07/182747.12~A18.K_7L.png,/data5/chensx/MyProject/UAE/data/arrangement_merged/chr_07/182747.12~A18.K_7R.png,0,-0.3528393487804462,,0.0010439157485961,0.3778951560911232,chromosome
0,0.0011855363845825,182747,182747.12~A26.K_7,7,,normal,182747.12~A26.K_7L.png,182747.12~A26.K_7R.png,train,/data5/chensx/MyProject/UAE/data/arrangement_merged/chr_07/182747.12~A26.K_7L.png,/data5/chensx/MyProject/UAE/data/arrangement_merged/chr_07/182747.12~A26.K_7R.png,0,-0.1638318116576411,,0.0011855363845825,1.382568707921006,chromosome
0,0.0010428428649902,182747,182747.12~A28.K_7,7,,normal,182747.12~A28.K_7L.png,182747.12~A28.K_7R.png,train,/data5/chensx/MyProject/UAE/data/arrangement_merged/chr_07/182747.12~A28.K_7L.png,/data5/chensx/MyProject/UAE/data/arrangement_merged/chr_07/182747.12~A28.K_7R.png,0,-0.3542712240616796,,0.0010428428649902,0.3702839928200931,chromosome
0,0.0011357069015502,182747,182747.12~A4.K_7,7,,normal,182747.12~A4.K_7L.png,182747.12~A4.K_7R.png,train,/data5/chensx/MyProject/UAE/data/arrangement_merged/chr_07/182747.12~A4.K_7L.png,/data5/chensx/MyProject/UAE/data/arrangement_merged/chr_07/182747.12~A4.K_7R.png,0,-0.2303344636082578,,0.0011357069015502,1.0290724582027424,chromosome
0,0.000999629497528,182747,182747.13~A33.K_7,7,,normal,182747.13~A33.K_7L.png,182747.13~A33.K_7R.png,train,/data5/chensx/MyProject/UAE/data/arrangement_merged/chr_07/182747.13~A33.K_7L.png,/data5/chensx/MyProject/UAE/data/arrangement_merged/chr_07/182747.13~A33.K_7R.png,0,-0.4119439784446904,,0.000999629497528,0.06372324994256932,chromosome
0,0.0009601116180419,182747,182747.13~A45.K_7,7,,normal,182747.13~A45.K_7L.png,182747.13~A45.K_7R.png,train,/data5/chensx/MyProject/UAE/data/arrangement_merged/chr_07/182747.13~A45.K_7L.png,/data5/chensx/MyProject/UAE/data/arrangement_merged/chr_07/182747.13~A45.K_7R.png,0,-0.4646847179701196,,0.0009601116180419,-0.2166212638887203,chromosome
0,0.0012945532798767,182747,182747.13~A5.K_7,7,,normal,182747.13~A5.K_7L.png,182747.13~A5.K_7R.png,train,/data5/chensx/MyProject/UAE/data/arrangement_merged/chr_07/182747.13~A5.K_7L.png,/data5/chensx/MyProject/UAE/data/arrangement_merged/chr_07/182747.13~A5.K_7R.png,0,-0.0183373733589835,,0.0012945532798767,2.155947464779634,chromosome
0,0.0011371970176696,182747,182747.1~A15.K_7,7,,normal,182747.1~A15.K_7L.png,182747.1~A15.K_7R.png,train,/data5/chensx/MyProject/UAE/data/arrangement_merged/chr_07/182747.1~A15.K_7L.png,/data5/chensx/MyProject/UAE/data/arrangement_merged/chr_07/182747.1~A15.K_7R.png,0,-0.2283457479398781,,0.0011371970176696,1.0396435183020665,chromosome
0,0.002776026725769,182747,182747.1~A42.K_7,7,,normal,182747.1~A42.K_7L.png,182747.1~A42.K_7R.png,train,/data5/chensx/MyProject/UAE/data/arrangement_merged/chr_07/182747.1~A42.K_7L.png,/data5/chensx/MyProject/UAE/data/arrangement_merged/chr_07/182747.1~A42.K_7R.png,0,1.9588437441440971,,0.002776026725769,12.665695415418721,chromosome
0,0.0009356141090393,182747,182747.2~A13.K_7,7,,normal,182747.2~A13.K_7L.png,182747.2~A13.K_7R.png,train,/data5/chensx/MyProject/UAE/data/arrangement_merged/chr_07/182747.2~A13.K_7L.png,/data5/chensx/MyProject/UAE/data/arrangement_merged/chr_07/182747.2~A13.K_7R.png,0,-0.4973792035582816,,0.0009356141090393,-0.3904094919192043,chromosome
0,0.0010045170783996,182747,182747.3~A20.K_7,7,,normal,182747.3~A20.K_7L.png,182747.3~A20.K_7R.png,train,/data5/chensx/MyProject/UAE/data/arrangement_merged/chr_07/182747.3~A20.K_7L.png,/data5/chensx/MyProject/UAE/data/arrangement_merged/chr_07/182747.3~A20.K_7R.png,0,-0.4054209910524051,,0.0010045170783996,0.09839632706812146,chromosome
0,0.0013102889060974,182747,182747.3~A24.K_7,7,,normal,182747.3~A24.K_7L.png,182747.3~A24.K_7R.png,train,/data5/chensx/MyProject/UAE/data/arrangement_merged/chr_07/182747.3~A24.K_7L.png,/data5/chensx/MyProject/UAE/data/arrangement_merged/chr_07/182747.3~A24.K_7R.png,0,0.0026634640991058,,0.0013102889060974,2.2675778594273193,chromosome
0,0.0008753538131713,182747,182747.3~A35.K_7,7,,normal,182747.3~A35.K_7L.png,182747.3~A35.K_7R.png,train,/data5/chensx/MyProject/UAE/data/arrangement_merged/chr_07/182747.3~A35.K_7L.png,/data5/chensx/MyProject/UAE/data/arrangement_merged/chr_07/182747.3~A35.K_7R.png,0,-0.577802865187556,,0.0008753538131713,-0.8179031623320182,chromosome
0,0.0009239315986633,182747,182747.4~A1.K_7,7,,normal,182747.4~A1.K_7L.png,182747.4~A1.K_7R.png,train,/data5/chensx/MyProject/UAE/data/arrangement_merged/chr_07/182747.4~A1.K_7L.png,/data5/chensx/MyProject/UAE/data/arrangement_merged/chr_07/182747.4~A1.K_7R.png,0,-0.5129707343983784,,0.0009239315986633,-0.4732866030972143,chromosome
0,0.0012552142143249,182747,182747.4~A32.K_7,7,,normal,182747.4~A32.K_7L.png,182747.4~A32.K_7R.png,train,/data5/chensx/MyProject/UAE/data/arrangement_merged/chr_07/182747.4~A32.K_7L.png,/data5/chensx/MyProject/UAE/data/arrangement_merged/chr_07/182747.4~A32.K_7R.png,0,-0.0708394670042072,,0.0012552142143249,1.8768714781600642,chromosome
0,0.0010879635810852,182747,182747.4~A33.K_7,7,,normal,182747.4~A33.K_7L.png,182747.4~A33.K_7R.png,train,/data5/chensx/MyProject/UAE/data/arrangement_merged/chr_07/182747.4~A33.K_7L.png,/data5/chensx/MyProject/UAE/data/arrangement_merged/chr_07/182747.4~A33.K_7R.png,0,-0.2940529136231428,,0.0010879635810852,0.6903756926245257,chromosome
0,0.000994861125946,182747,182747.4~A35.K_7,7,,normal,182747.4~A35.K_7L.png,182747.4~A35.K_7R.png,train,/data5/chensx/MyProject/UAE/data/arrangement_merged/chr_07/182747.4~A35.K_7L.png,/data5/chensx/MyProject/UAE/data/arrangement_merged/chr_07/182747.4~A35.K_7R.png,0,-0.4183078685835054,,0.000994861125946,0.029895857625303564,chromosome
0,0.0015650391578674,182747,182747.4~A41.K_7,7,,normal,182747.4~A41.K_7L.png,182747.4~A41.K_7R.png,train,/data5/chensx/MyProject/UAE/data/arrangement_merged/chr_07/182747.4~A41.K_7L.png,/data5/chensx/MyProject/UAE/data/arrangement_merged/chr_07/182747.4~A41.K_7R.png,0,0.3426542947652965,,0.0015650391578674,4.074806293988939,chromosome
0,0.0012189745903015,182747,182747.4~A43.K_7,7,,normal,182747.4~A43.K_7L.png,182747.4~A43.K_7R.png,train,/data5/chensx/MyProject/UAE/data/arrangement_merged/chr_07/182747.4~A43.K_7L.png,/data5/chensx/MyProject/UAE/data/arrangement_merged/chr_07/182747.4~A43.K_7R.png,0,-0.1192050320592011,,0.0012189745903015,1.619783296547427,chromosome
0,0.0011173486709594,182747,182747.4~A9.K_7,7,,normal,182747.4~A9.K_7L.png,182747.4~A9.K_7R.png,train,/data5/chensx/MyProject/UAE/data/arrangement_merged/chr_07/182747.4~A9.K_7L.png,/data5/chensx/MyProject/UAE/data/arrangement_merged/chr_07/182747.4~A9.K_7R.png,0,-0.2548354406426955,,0.0011173486709594,0.898836997780561,chromosome
0,0.0010806322097778,183038,183038.11~A13.K_7,7,,normal,183038.11~A13.K_7L.png,183038.11~A13.K_7R.png,train,/data5/chensx/MyProject/UAE/data/arrangement_merged/chr_07/183038.11~A13.K_7L.png,/data5/chensx/MyProject/UAE/data/arrangement_merged/chr_07/183038.11~A13.K_7R.png,0,-0.3193255459931612,,0.0010806322097778,0.6383660769361967,chromosome
0,0.0012433528900146,183038,183038.11~A39.K_7,7,,normal,183038.11~A39.K_7L.png,183038.11~A39.K_7R.png,train,/data5/chensx/MyProject/UAE/data/arrangement_merged/chr_07/183038.11~A39.K_7L.png,/data5/chensx/MyProject/UAE/data/arrangement_merged/chr_07/183038.11~A39.K_7R.png,0,-0.1094274236513214,,0.0012433528900146,1.7927258397703347,chromosome
0,0.0009517073631286,183038,183038.12~A11.K_7,7,,normal,183038.12~A11.K_7L.png,183038.12~A11.K_7R.png,train,/data5/chensx/MyProject/UAE/data/arrangement_merged/chr_07/183038.12~A11.K_7L.png,/data5/chensx/MyProject/UAE/data/arrangement_merged/chr_07/183038.12~A11.K_7R.png,0,-0.485629442925542,,0.0009517073631286,-0.2762420428480786,chromosome
0,0.0009840726852416,183038,183038.12~A45.K_7,7,,normal,183038.12~A45.K_7L.png,183038.12~A45.K_7R.png,train,/data5/chensx/MyProject/UAE/data/arrangement_merged/chr_07/183038.12~A45.K_7L.png,/data5/chensx/MyProject/UAE/data/arrangement_merged/chr_07/183038.12~A45.K_7R.png,0,-0.4438804757344728,,0.0009840726852416,-0.04663861749339751,chromosome
0,0.0010143518447875,183038,183038.13~A11.K_7,7,,normal,183038.13~A11.K_7L.png,183038.13~A11.K_7R.png,train,/data5/chensx/MyProject/UAE/data/arrangement_merged/chr_07/183038.13~A11.K_7L.png,/data5/chensx/MyProject/UAE/data/arrangement_merged/chr_07/183038.13~A11.K_7R.png,0,-0.4048225101118887,,0.0010143518447875,0.168165323722659,chromosome
0,0.0009293556213378,183038,183038.13~A29.K_7,7,,normal,183038.13~A29.K_7L.png,183038.13~A29.K_7R.png,train,/data5/chensx/MyProject/UAE/data/arrangement_merged/chr_07/183038.13~A29.K_7L.png,/data5/chensx/MyProject/UAE/data/arrangement_merged/chr_07/183038.13~A29.K_7R.png,0,-0.5144616025878826,,0.0009293556213378,-0.4348079443365025,chromosome
0,0.0007719993591308,183038,183038.13~A39.K_7,7,,normal,183038.13~A39.K_7L.png,183038.13~A39.K_7R.png,train,/data5/chensx/MyProject/UAE/data/arrangement_merged/chr_07/183038.13~A39.K_7L.png,/data5/chensx/MyProject/UAE/data/arrangement_merged/chr_07/183038.13~A39.K_7R.png,0,-0.7174400066107608,,0.0007719993591308,-1.551111890813361,chromosome
0,0.0010455250740051,183038,183038.13~A47.K_7,7,,normal,183038.13~A47.K_7L.png,183038.13~A47.K_7R.png,train,/data5/chensx/MyProject/UAE/data/arrangement_merged/chr_07/183038.13~A47.K_7L.png,/data5/chensx/MyProject/UAE/data/arrangement_merged/chr_07/183038.13~A47.K_7R.png,0,-0.364611258102811,,0.0010455250740051,0.38931190099873353,chromosome
0,0.0011103749275207,183038,183038.14~A2.K_7,7,,normal,183038.14~A2.K_7L.png,183038.14~A2.K_7R.png,train,/data5/chensx/MyProject/UAE/data/arrangement_merged/chr_07/183038.14~A2.K_7L.png,/data5/chensx/MyProject/UAE/data/arrangement_merged/chr_07/183038.14~A2.K_7R.png,0,-0.2809595522024734,,0.0011103749275207,0.849364436516382,chromosome
0,0.0009151697158813,183038,183038.14~A3.K_7,7,,normal,183038.14~A3.K_7L.png,183038.14~A3.K_7R.png,train,/data5/chensx/MyProject/UAE/data/arrangement_merged/chr_07/183038.14~A3.K_7L.png,/data5/chensx/MyProject/UAE/data/arrangement_merged/chr_07/183038.14~A3.K_7R.png,0,-0.5327604132535816,,0.0009151697158813,-0.5354444364807225,chromosome
0,0.0008537173271179,183038,183038.14~A30.K_7,7,,normal,183038.14~A30.K_7L.png,183038.14~A30.K_7R.png,train,/data5/chensx/MyProject/UAE/data/arrangement_merged/chr_07/183038.14~A30.K_7L.png,/data5/chensx/MyProject/UAE/data/arrangement_merged/chr_07/183038.14~A30.K_7R.png,0,-0.6120296308852434,,0.0008537173271179,-0.9713949549721429,chromosome
0,0.0008661746978759,183038,183038.14~A34.K_7,7,,normal,183038.14~A34.K_7L.png,183038.14~A34.K_7R.png,train,/data5/chensx/MyProject/UAE/data/arrangement_merged/chr_07/183038.14~A34.K_7L.png,/data5/chensx/MyProject/UAE/data/arrangement_merged/chr_07/183038.14~A34.K_7R.png,0,-0.5959605072334322,,0.0008661746978759,-0.8830208925431089,chromosome
0,0.0008767247200012,183038,183038.14~A48.K_7,7,,normal,183038.14~A48.K_7L.png,183038.14~A48.K_7R.png,train,/data5/chensx/MyProject/UAE/data/arrangement_merged/chr_07/183038.14~A48.K_7L.png,/data5/chensx/MyProject/UAE/data/arrangement_merged/chr_07/183038.14~A48.K_7R.png,0,-0.5823517278728074,,0.0008767247200012,-0.8081777870402722,chromosome
0,0.0009457468986511,183038,183038.14~A9.K_7,7,,normal,183038.14~A9.K_7L.png,183038.14~A9.K_7R.png,train,/data5/chensx/MyProject/UAE/data/arrangement_merged/chr_07/183038.14~A9.K_7L.png,/data5/chensx/MyProject/UAE/data/arrangement_merged/chr_07/183038.14~A9.K_7R.png,0,-0.4933180188354996,,0.0009457468986511,-0.31852628324466076,chromosome
0,0.0011577606201171,183038,183038.1~A28.K_7,7,,normal,183038.1~A28.K_7L.png,183038.1~A28.K_7R.png,train,/data5/chensx/MyProject/UAE/data/arrangement_merged/chr_07/183038.1~A28.K_7L.png,/data5/chensx/MyProject/UAE/data/arrangement_merged/chr_07/183038.1~A28.K_7R.png,0,-0.2198353737183112,,0.0011577606201171,1.1855241476711595,chromosome
0,0.0009788274765014,183038,183038.2~A12.K_7,7,,normal,183038.2~A12.K_7L.png,183038.2~A12.K_7R.png,train,/data5/chensx/MyProject/UAE/data/arrangement_merged/chr_07/183038.2~A12.K_7L.png,/data5/chensx/MyProject/UAE/data/arrangement_merged/chr_07/183038.2~A12.K_7R.png,0,-0.4506464225352354,,0.0009788274765014,-0.08384874904238893,chromosome
0,0.0008628368377685,183038,183038.2~A13.K_7,7,,normal,183038.2~A13.K_7L.png,183038.2~A13.K_7R.png,train,/data5/chensx/MyProject/UAE/data/arrangement_merged/chr_07/183038.2~A13.K_7L.png,/data5/chensx/MyProject/UAE/data/arrangement_merged/chr_07/183038.2~A13.K_7R.png,0,-0.6002661097430084,,0.0008628368377685,-0.9067000671651946,chromosome
0,0.0011793971061706,183038,183038.2~A15.K_7,7,,normal,183038.2~A15.K_7L.png,183038.2~A15.K_7R.png,train,/data5/chensx/MyProject/UAE/data/arrangement_merged/chr_07/183038.2~A15.K_7L.png,/data5/chensx/MyProject/UAE/data/arrangement_merged/chr_07/183038.2~A15.K_7R.png,0,-0.1919258431651654,,0.0011793971061706,1.339015940311995,chromosome
0,0.000895082950592,183038,183038.2~A21.K_7,7,,normal,183038.2~A21.K_7L.png,183038.2~A21.K_7R.png,train,/data5/chensx/MyProject/UAE/data/arrangement_merged/chr_07/183038.2~A21.K_7L.png,/data5/chensx/MyProject/UAE/data/arrangement_merged/chr_07/183038.2~A21.K_7R.png,0,-0.5586709140701384,,0.000895082950592,-0.67794232661809,chromosome
0,0.0012555122375488,183038,183038.2~A43.K_7,7,,normal,183038.2~A43.K_7L.png,183038.2~A43.K_7R.png,train,/data5/chensx/MyProject/UAE/data/arrangement_merged/chr_07/183038.2~A43.K_7L.png,/data5/chensx/MyProject/UAE/data/arrangement_merged/chr_07/183038.2~A43.K_7R.png,0,-0.0937427287950081,,0.0012555122375488,1.8789856901800703,chromosome
0,0.0009347796440124,183038,183038.2~A46.K_7,7,,normal,183038.2~A46.K_7L.png,183038.2~A46.K_7R.png,train,/data5/chensx/MyProject/UAE/data/arrangement_merged/chr_07/183038.2~A46.K_7L.png,/data5/chensx/MyProject/UAE/data/arrangement_merged/chr_07/183038.2~A46.K_7R.png,0,-0.5074649985098214,,0.0009347796440124,-0.39632928557508074,chromosome
0,0.00091552734375,183038,183038.2~A47.K_7,7,,normal,183038.2~A47.K_7L.png,183038.2~A47.K_7R.png,train,/data5/chensx/MyProject/UAE/data/arrangement_merged/chr_07/183038.2~A47.K_7L.png,/data5/chensx/MyProject/UAE/data/arrangement_merged/chr_07/183038.2~A47.K_7R.png,0,-0.5322990986989841,,0.00091552734375,-0.5329073820565726,chromosome
0,0.0010986328125,183038,183038.3~A12.K_7,7,,normal,183038.3~A12.K_7L.png,183038.3~A12.K_7R.png,train,/data5/chensx/MyProject/UAE/data/arrangement_merged/chr_07/183038.3~A12.K_7L.png,/data5/chensx/MyProject/UAE/data/arrangement_merged/chr_07/183038.3~A12.K_7R.png,0,-0.2961060467450896,,0.0010986328125,0.7660644829349389,chromosome
0,0.0009733438491821,183038,183038.3~A19.K_7,7,,normal,183038.3~A19.K_7L.png,183038.3~A19.K_7R.png,train,/data5/chensx/MyProject/UAE/data/arrangement_merged/chr_07/183038.3~A19.K_7L.png,/data5/chensx/MyProject/UAE/data/arrangement_merged/chr_07/183038.3~A19.K_7R.png,0,-0.4577199123723963,,0.0009733438491821,-0.1227502502072447,chromosome
0,0.0011863708496093,183038,183038.3~A30.K_7,7,,normal,183038.3~A30.K_7L.png,183038.3~A30.K_7R.png,train,/data5/chensx/MyProject/UAE/data/arrangement_merged/chr_07/183038.3~A30.K_7L.png,/data5/chensx/MyProject/UAE/data/arrangement_merged/chr_07/183038.3~A30.K_7R.png,0,-0.1829302093505151,,0.0011863708496093,1.3884885015761725,chromosome
0,0.000880479812622,183038,183038.3~A36.K_7,7,,normal,183038.3~A36.K_7L.png,183038.3~A36.K_7R.png,train,/data5/chensx/MyProject/UAE/data/arrangement_merged/chr_07/183038.3~A36.K_7L.png,/data5/chensx/MyProject/UAE/data/arrangement_merged/chr_07/183038.3~A36.K_7R.png,0,-0.5775079250495342,,0.000880479812622,-0.7815387155906032,chromosome
0,0.0010122656822204,183038,183038.4~A15.K_7,7,,normal,183038.4~A15.K_7L.png,183038.4~A15.K_7R.png,train,/data5/chensx/MyProject/UAE/data/arrangement_merged/chr_07/183038.4~A15.K_7L.png,/data5/chensx/MyProject/UAE/data/arrangement_merged/chr_07/183038.4~A15.K_7R.png,0,-0.4075135116803738,,0.0010122656822204,0.15336583958403213,chromosome
0,0.00095134973526,183038,183038.4~A24.K_7,7,,normal,183038.4~A24.K_7L.png,183038.4~A24.K_7R.png,train,/data5/chensx/MyProject/UAE/data/arrangement_merged/chr_07/183038.4~A24.K_7L.png,/data5/chensx/MyProject/UAE/data/arrangement_merged/chr_07/183038.4~A24.K_7R.png,0,-0.4860907574801395,,0.00095134973526,-0.2787790972715186,chromosome
0,0.0009283423423767,183038,183038.4~A36.K_7,7,,normal,183038.4~A36.K_7L.png,183038.4~A36.K_7R.png,train,/data5/chensx/MyProject/UAE/data/arrangement_merged/chr_07/183038.4~A36.K_7L.png,/data5/chensx/MyProject/UAE/data/arrangement_merged/chr_07/183038.4~A36.K_7R.png,0,-0.5157686604925754,,0.0009283423423767,-0.44199626520338936,chromosome
0,0.0010051727294921,183038,183038.4~A39.K_7,7,,normal,183038.4~A39.K_7L.png,183038.4~A39.K_7R.png,train,/data5/chensx/MyProject/UAE/data/arrangement_merged/chr_07/183038.4~A39.K_7L.png,/data5/chensx/MyProject/UAE/data/arrangement_merged/chr_07/183038.4~A39.K_7R.png,0,-0.4166629170132233,,0.0010051727294921,0.10304759351156675,chromosome
0,0.0010138750076293,183079,183079.11~A27.K_7,7,,normal,183079.11~A27.K_7L.png,183079.11~A27.K_7R.png,train,/data5/chensx/MyProject/UAE/data/arrangement_merged/chr_07/183079.11~A27.K_7L.png,/data5/chensx/MyProject/UAE/data/arrangement_merged/chr_07/183079.11~A27.K_7R.png,0,-0.3695649219002835,,0.0010138750076293,0.1647825844909318,chromosome
0,0.0009069442749023,183079,183079.12~A27.K_7,7,,normal,183079.12~A27.K_7L.png,183079.12~A27.K_7R.png,train,/data5/chensx/MyProject/UAE/data/arrangement_merged/chr_07/183079.12~A27.K_7L.png,/data5/chensx/MyProject/UAE/data/arrangement_merged/chr_07/183079.12~A27.K_7R.png,0,-0.5141621700552278,,0.0009069442749023,-0.5937966882283604,chromosome
0,0.0010669231414794,183079,183079.12~A37.K_7,7,,normal,183079.12~A37.K_7L.png,183079.12~A37.K_7R.png,train,/data5/chensx/MyProject/UAE/data/arrangement_merged/chr_07/183079.12~A37.K_7L.png,/data5/chensx/MyProject/UAE/data/arrangement_merged/chr_07/183079.12~A37.K_7R.png,0,-0.2978305011322231,,0.0010669231414794,0.5411123240229947,chromosome
0,0.0008816719055175,183079,183079.12~A44.K_7,7,,normal,183079.12~A44.K_7L.png,183079.12~A44.K_7R.png,train,/data5/chensx/MyProject/UAE/data/arrangement_merged/chr_07/183079.12~A44.K_7L.png,/data5/chensx/MyProject/UAE/data/arrangement_merged/chr_07/183079.12~A44.K_7R.png,0,-0.5483367705110229,,0.0008816719055175,-0.7730818675112868,chromosome
0,0.0008870363235473,183079,183079.13~A12.K_7,7,,normal,183079.13~A12.K_7L.png,183079.13~A12.K_7R.png,train,/data5/chensx/MyProject/UAE/data/arrangement_merged/chr_07/183079.13~A12.K_7L.png,/data5/chensx/MyProject/UAE/data/arrangement_merged/chr_07/183079.13~A12.K_7R.png,0,-0.5410827279614437,,0.0008870363235473,-0.7350260511540082,chromosome
0,0.0009447336196899,183079,183079.13~A19.K_7,7,,normal,183079.13~A19.K_7L.png,183079.13~A19.K_7R.png,train,/data5/chensx/MyProject/UAE/data/arrangement_merged/chr_07/183079.13~A19.K_7L.png,/data5/chensx/MyProject/UAE/data/arrangement_merged/chr_07/183079.13~A19.K_7R.png,0,-0.4630614703170814,,0.0009447336196899,-0.32571460411225683,chromosome
0,0.0008990764617919,183079,183079.13~A27.K_7,7,,normal,183079.13~A27.K_7L.png,183079.13~A27.K_7R.png,train,/data5/chensx/MyProject/UAE/data/arrangement_merged/chr_07/183079.13~A27.K_7L.png,/data5/chensx/MyProject/UAE/data/arrangement_merged/chr_07/183079.13~A27.K_7R.png,0,-0.5248014324612772,,0.0008990764617919,-0.6496118855525574,chromosome
0,0.0009940266609191,183079,183079.13~A6.K_7,7,,normal,183079.13~A6.K_7L.png,183079.13~A6.K_7R.png,train,/data5/chensx/MyProject/UAE/data/arrangement_merged/chr_07/183079.13~A6.K_7L.png,/data5/chensx/MyProject/UAE/data/arrangement_merged/chr_07/183079.13~A6.K_7R.png,0,-0.3964048793337263,,0.0009940266609191,0.023976063969426403,chromosome
0,0.0010443925857543,183079,183079.13~A9.K_7,7,,normal,183079.13~A9.K_7L.png,183079.13~A9.K_7R.png,train,/data5/chensx/MyProject/UAE/data/arrangement_merged/chr_07/183079.13~A9.K_7L.png,/data5/chensx/MyProject/UAE/data/arrangement_merged/chr_07/183079.13~A9.K_7R.png,0,-0.3282974798404555,,0.0010443925857543,0.3812778953228504,chromosome
0,0.001002550125122,183079,183079.14~A11.K_7,7,,normal,183079.14~A11.K_7L.png,183079.14~A11.K_7R.png,train,/data5/chensx/MyProject/UAE/data/arrangement_merged/chr_07/183079.14~A11.K_7L.png,/data5/chensx/MyProject/UAE/data/arrangement_merged/chr_07/183079.14~A11.K_7R.png,0,-0.3848790117271728,,0.001002550125122,0.08444252773707182,chromosome
0,0.0009044408798217,183079,183079.14~A13.K_7,7,,normal,183079.14~A13.K_7L.png,183079.14~A13.K_7R.png,train,/data5/chensx/MyProject/UAE/data/arrangement_merged/chr_07/183079.14~A13.K_7L.png,/data5/chensx/MyProject/UAE/data/arrangement_merged/chr_07/183079.14~A13.K_7R.png,0,-0.517547389911698,,0.0009044408798217,-0.6115560691952789,chromosome
0,0.0010403394699096,183079,183079.14~A23.K_7,7,,normal,183079.14~A23.K_7L.png,183079.14~A23.K_7R.png,train,/data5/chensx/MyProject/UAE/data/arrangement_merged/chr_07/183079.14~A23.K_7L.png,/data5/chensx/MyProject/UAE/data/arrangement_merged/chr_07/183079.14~A23.K_7R.png,0,-0.3337783119890264,,0.0010403394699096,0.3525246118531754,chromosome
0,0.0010421872138977,183079,183079.14~A24.K_7,7,,normal,183079.14~A24.K_7L.png,183079.14~A24.K_7R.png,train,/data5/chensx/MyProject/UAE/data/arrangement_merged/chr_07/183079.14~A24.K_7L.png,/data5/chensx/MyProject/UAE/data/arrangement_merged/chr_07/183079.14~A24.K_7R.png,0,-0.3312796973330602,,0.0010421872138977,0.36563272637664784,chromosome
0,0.0009568929672241,183079,183079.14~A26.K_7,7,,normal,183079.14~A26.K_7L.png,183079.14~A26.K_7R.png,train,/data5/chensx/MyProject/UAE/data/arrangement_merged/chr_07/183079.14~A26.K_7L.png,/data5/chensx/MyProject/UAE/data/arrangement_merged/chr_07/183079.14~A26.K_7R.png,0,-0.4466189738713687,,0.0009568929672241,-0.23945475370252042,chromosome
0,0.0009611845016479,183079,183079.14~A28.K_7,7,,normal,183079.14~A28.K_7L.png,183079.14~A28.K_7R.png,train,/data5/chensx/MyProject/UAE/data/arrangement_merged/chr_07/183079.14~A28.K_7L.png,/data5/chensx/MyProject/UAE/data/arrangement_merged/chr_07/183079.14~A28.K_7R.png,0,-0.4408157398317053,,0.0009611845016479,-0.20901010061698108,chromosome
0,0.0009863376617431,183079,183079.14~A3.K_7,7,,normal,183079.14~A3.K_7L.png,183079.14~A3.K_7R.png,train,/data5/chensx/MyProject/UAE/data/arrangement_merged/chr_07/183079.14~A3.K_7L.png,/data5/chensx/MyProject/UAE/data/arrangement_merged/chr_07/183079.14~A3.K_7R.png,0,-0.4068023403214564,,0.0009863376617431,-0.03057060614234031,chromosome
0,0.0009355545043945,183079,183079.14~A34.K_7,7,,normal,183079.14~A34.K_7L.png,183079.14~A34.K_7R.png,train,/data5/chensx/MyProject/UAE/data/arrangement_merged/chr_07/183079.14~A34.K_7L.png,/data5/chensx/MyProject/UAE/data/arrangement_merged/chr_07/183079.14~A34.K_7R.png,0,-0.475473943124139,,0.0009355545043945,-0.3908323343233475,chromosome
0,0.0010218620300292,183079,183079.14~A38.K_7,7,,normal,183079.14~A38.K_7L.png,183079.14~A38.K_7R.png,train,/data5/chensx/MyProject/UAE/data/arrangement_merged/chr_07/183079.14~A38.K_7L.png,/data5/chensx/MyProject/UAE/data/arrangement_merged/chr_07/183079.14~A38.K_7R.png,0,-0.3587644585486879,,0.0010218620300292,0.2214434666227061,chromosome
0,0.000964879989624,183079,183079.14~A6.K_7,7,,normal,183079.14~A6.K_7L.png,183079.14~A6.K_7R.png,train,/data5/chensx/MyProject/UAE/data/arrangement_merged/chr_07/183079.14~A6.K_7L.png,/data5/chensx/MyProject/UAE/data/arrangement_merged/chr_07/183079.14~A6.K_7R.png,0,-0.435818510519773,,0.000964879989624,-0.1827938715707454,chromosome
0,0.0010018944740295,183079,183079.2~A40.K_7,7,,normal,183079.2~A40.K_7L.png,183079.2~A40.K_7R.png,train,/data5/chensx/MyProject/UAE/data/arrangement_merged/chr_07/183079.2~A40.K_7L.png,/data5/chensx/MyProject/UAE/data/arrangement_merged/chr_07/183079.2~A40.K_7R.png,0,-0.3857656169276769,,0.0010018944740295,0.07979126129362499,chromosome
0,0.0010294914245605,183079,183079.2~A8.K_7,7,,normal,183079.2~A8.K_7L.png,183079.2~A8.K_7R.png,train,/data5/chensx/MyProject/UAE/data/arrangement_merged/chr_07/183079.2~A8.K_7L.png,/data5/chensx/MyProject/UAE/data/arrangement_merged/chr_07/183079.2~A8.K_7R.png,0,-0.3484475980337309,,0.0010294914245605,0.27556729433104105,chromosome
0,0.0010536909103393,183079,183079.3~A16.K_7,7,,normal,183079.3~A16.K_7L.png,183079.3~A16.K_7R.png,train,/data5/chensx/MyProject/UAE/data/arrangement_merged/chr_07/183079.3~A16.K_7L.png,/data5/chensx/MyProject/UAE/data/arrangement_merged/chr_07/183079.3~A16.K_7R.png,0,-0.3157238060878516,,0.0010536909103393,0.44724131034222747,chromosome
0,0.001035988330841,183079,183079.3~A22.K_7,7,,normal,183079.3~A22.K_7L.png,183079.3~A22.K_7R.png,train,/data5/chensx/MyProject/UAE/data/arrangement_merged/chr_07/183079.3~A22.K_7L.png,/data5/chensx/MyProject/UAE/data/arrangement_merged/chr_07/183079.3~A22.K_7R.png,0,-0.3396621465014628,,0.001035988330841,0.32165711636349287,chromosome
0,0.0009523630142211,183079,183079.3~A5.K_7,7,,normal,183079.3~A5.K_7L.png,183079.3~A5.K_7R.png,train,/data5/chensx/MyProject/UAE/data/arrangement_merged/chr_07/183079.3~A5.K_7L.png,/data5/chensx/MyProject/UAE/data/arrangement_merged/chr_07/183079.3~A5.K_7R.png,0,-0.4527446098021244,,0.0009523630142211,-0.27159077640463175,chromosome
0,0.0010250806808471,183079,183079.3~A7.K_7,7,,normal,183079.3~A7.K_7L.png,183079.3~A7.K_7R.png,train,/data5/chensx/MyProject/UAE/data/arrangement_merged/chr_07/183079.3~A7.K_7L.png,/data5/chensx/MyProject/UAE/data/arrangement_merged/chr_07/183079.3~A7.K_7R.png,0,-0.3544120330189404,,0.0010250806808471,0.24427695643721611,chromosome
0,0.0009366273880004,183079,183079.4~A13.K_7,7,,normal,183079.4~A13.K_7L.png,183079.4~A13.K_7R.png,train,/data5/chensx/MyProject/UAE/data/arrangement_merged/chr_07/183079.4~A13.K_7L.png,/data5/chensx/MyProject/UAE/data/arrangement_merged/chr_07/183079.4~A13.K_7R.png,0,-0.4740231346142232,,0.0009366273880004,-0.38322117105231746,chromosome
0,0.0008806586265563,183079,183079.4~A17.K_7,7,,normal,183079.4~A17.K_7L.png,183079.4~A17.K_7R.png,train,/data5/chensx/MyProject/UAE/data/arrangement_merged/chr_07/183079.4~A17.K_7L.png,/data5/chensx/MyProject/UAE/data/arrangement_merged/chr_07/183079.4~A17.K_7R.png,0,-0.5497069785481656,,0.0008806586265563,-0.7802701883788828,chromosome
0,0.0010266900062561,183079,183079.4~A18.K_7,7,,normal,183079.4~A18.K_7L.png,183079.4~A18.K_7R.png,train,/data5/chensx/MyProject/UAE/data/arrangement_merged/chr_07/183079.4~A18.K_7L.png,/data5/chensx/MyProject/UAE/data/arrangement_merged/chr_07/183079.4~A18.K_7R.png,0,-0.3522358202540667,,0.0010266900062561,0.25569370134482494,chromosome
0,0.0008550882339477,183079,183079.4~A23.K_7,7,,normal,183079.4~A23.K_7L.png,183079.4~A23.K_7R.png,train,/data5/chensx/MyProject/UAE/data/arrangement_merged/chr_07/183079.4~A23.K_7L.png,/data5/chensx/MyProject/UAE/data/arrangement_merged/chr_07/183079.4~A23.K_7R.png,0,-0.5842845813678262,,0.0008550882339477,-0.9616695796811061,chromosome
0,0.0008779168128967,183079,183079.4~A29.K_7,7,,normal,183079.4~A29.K_7L.png,183079.4~A29.K_7R.png,train,/data5/chensx/MyProject/UAE/data/arrangement_merged/chr_07/183079.4~A29.K_7L.png,/data5/chensx/MyProject/UAE/data/arrangement_merged/chr_07/183079.4~A29.K_7R.png,0,-0.5534146002957283,,0.0008779168128967,-0.7997209389609558,chromosome
0,0.000919759273529,183079,183079.4~A4.K_7,7,,normal,183079.4~A4.K_7L.png,183079.4~A4.K_7R.png,train,/data5/chensx/MyProject/UAE/data/arrangement_merged/chr_07/183079.4~A4.K_7L.png,/data5/chensx/MyProject/UAE/data/arrangement_merged/chr_07/183079.4~A4.K_7R.png,0,-0.496833068409011,,0.000919759273529,-0.5028855713751764,chromosome
0,0.0010014772415161,183079,183079.4~A50.K_7,7,,normal,183079.4~A50.K_7L.png,183079.4~A50.K_7R.png,train,/data5/chensx/MyProject/UAE/data/arrangement_merged/chr_07/183079.4~A50.K_7L.png,/data5/chensx/MyProject/UAE/data/arrangement_merged/chr_07/183079.4~A50.K_7R.png,0,-0.3863298202370887,,0.0010014772415161,0.07683136446604175,chromosome
0,0.0008077025413513,183214,183214.11~A34.K_7,7,,normal,183214.11~A34.K_7L.png,183214.11~A34.K_7R.png,train,/data5/chensx/MyProject/UAE/data/arrangement_merged/chr_07/183214.11~A34.K_7L.png,/data5/chensx/MyProject/UAE/data/arrangement_merged/chr_07/183214.11~A34.K_7R.png,0,-0.6798369871654005,,0.0008077025413513,-1.2978292908358835,chromosome
0,0.0008200407028198,183214,183214.11~A9.K_7,7,,normal,183214.11~A9.K_7L.png,183214.11~A9.K_7R.png,train,/data5/chensx/MyProject/UAE/data/arrangement_merged/chr_07/183214.11~A9.K_7L.png,/data5/chensx/MyProject/UAE/data/arrangement_merged/chr_07/183214.11~A9.K_7R.png,0,-0.663655100152765,,0.0008200407028198,-1.210300913214427,chromosome
0,0.0008373260498046,183214,183214.12~A1.K_7,7,,normal,183214.12~A1.K_7L.png,183214.12~A1.K_7R.png,train,/data5/chensx/MyProject/UAE/data/arrangement_merged/chr_07/183214.12~A1.K_7L.png,/data5/chensx/MyProject/UAE/data/arrangement_merged/chr_07/183214.12~A1.K_7R.png,0,-0.6409848236616331,,0.0008373260498046,-1.0876766160639846,chromosome
0,0.0009304285049438,183214,183214.12~A24.K_7,7,,normal,183214.12~A24.K_7L.png,183214.12~A24.K_7R.png,train,/data5/chensx/MyProject/UAE/data/arrangement_merged/chr_07/183214.12~A24.K_7L.png,/data5/chensx/MyProject/UAE/data/arrangement_merged/chr_07/183214.12~A24.K_7R.png,0,-0.5188780240783644,,0.0009304285049438,-0.4271967810647633,chromosome
0,0.0009651184082031,183214,183214.12~A8.K_7,7,,normal,183214.12~A8.K_7L.png,183214.12~A8.K_7R.png,train,/data5/chensx/MyProject/UAE/data/arrangement_merged/chr_07/183214.12~A8.K_7L.png,/data5/chensx/MyProject/UAE/data/arrangement_merged/chr_07/183214.12~A8.K_7R.png,0,-0.473381124361679,,0.0009651184082031,-0.18110250195488256,chromosome
0,0.0009986758232116,183214,183214.13~A21.K_7,7,,normal,183214.13~A21.K_7L.png,183214.13~A21.K_7R.png,train,/data5/chensx/MyProject/UAE/data/arrangement_merged/chr_07/183214.13~A21.K_7L.png,/data5/chensx/MyProject/UAE/data/arrangement_merged/chr_07/183214.13~A21.K_7R.png,0,-0.4293695186219989,,0.0009986758232116,0.05695777147911648,chromosome
0,0.0010464191436767,183214,183214.13~A34.K_7,7,,normal,183214.13~A34.K_7L.png,183214.13~A34.K_7R.png,train,/data5/chensx/MyProject/UAE/data/arrangement_merged/chr_07/183214.13~A34.K_7L.png,/data5/chensx/MyProject/UAE/data/arrangement_merged/chr_07/183214.13~A34.K_7R.png,0,-0.3667526514861485,,0.0010464191436767,0.39565453705804243,chromosome
0,0.0009717345237731,183214,183214.13~A49.K_7,7,,normal,183214.13~A49.K_7L.png,183214.13~A49.K_7R.png,train,/data5/chensx/MyProject/UAE/data/arrangement_merged/chr_07/183214.13~A49.K_7L.png,/data5/chensx/MyProject/UAE/data/arrangement_merged/chr_07/183214.13~A49.K_7R.png,0,-0.4647038806012803,,0.0009717345237731,-0.13416699511485353,chromosome
0,0.0010401010513305,183214,183214.13~A6.K_7,7,,normal,183214.13~A6.K_7L.png,183214.13~A6.K_7R.png,train,/data5/chensx/MyProject/UAE/data/arrangement_merged/chr_07/183214.13~A6.K_7L.png,/data5/chensx/MyProject/UAE/data/arrangement_merged/chr_07/183214.13~A6.K_7R.png,0,-0.3750390284104933,,0.0010401010513305,0.3508332422373118,chromosome
0,0.0009784698486328,183214,183214.14~A11.K_7,7,,normal,183214.14~A11.K_7L.png,183214.14~A11.K_7R.png,train,/data5/chensx/MyProject/UAE/data/arrangement_merged/chr_07/183214.14~A11.K_7L.png,/data5/chensx/MyProject/UAE/data/arrangement_merged/chr_07/183214.14~A11.K_7R.png,0,-0.4558702901064599,,0.0009784698486328,-0.08638580346582975,chromosome
0,0.00077885389328,183214,183214.14~A17.K_7,7,,normal,183214.14~A17.K_7L.png,183214.14~A17.K_7R.png,train,/data5/chensx/MyProject/UAE/data/arrangement_merged/chr_07/183214.14~A17.K_7L.png,/data5/chensx/MyProject/UAE/data/arrangement_merged/chr_07/183214.14~A17.K_7R.png,0,-0.7176728968954275,,0.00077885389328,-1.5024850143567592,chromosome
0,0.0010929703712463,183214,183214.14~A19.K_7,7,,normal,183214.14~A19.K_7L.png,183214.14~A19.K_7R.png,train,/data5/chensx/MyProject/UAE/data/arrangement_merged/chr_07/183214.14~A19.K_7L.png,/data5/chensx/MyProject/UAE/data/arrangement_merged/chr_07/183214.14~A19.K_7R.png,0,-0.3056992516945141,,0.0010929703712463,0.7258944545576534,chromosome
0,0.0008614659309387,183214,183214.14~A21.K_7,7,,normal,183214.14~A21.K_7L.png,183214.14~A21.K_7R.png,train,/data5/chensx/MyProject/UAE/data/arrangement_merged/chr_07/183214.14~A21.K_7L.png,/data5/chensx/MyProject/UAE/data/arrangement_merged/chr_07/183214.14~A21.K_7R.png,0,-0.6093246099412594,,0.0008614659309387,-0.9164254424562315,chromosome
0,0.0010040402412414,183214,183214.14~A6.K_7,7,,normal,183214.14~A6.K_7L.png,183214.14~A6.K_7R.png,train,/data5/chensx/MyProject/UAE/data/arrangement_merged/chr_07/183214.14~A6.K_7L.png,/data5/chensx/MyProject/UAE/data/arrangement_merged/chr_07/183214.14~A6.K_7R.png,0,-0.4223339155730269,,0.0010040402412414,0.09501358783639427,chromosome
0,0.0010634660720825,183214,183214.2~A19.K_7,7,,normal,183214.2~A19.K_7L.png,183214.2~A19.K_7R.png,train,/data5/chensx/MyProject/UAE/data/arrangement_merged/chr_07/183214.2~A19.K_7L.png,/data5/chensx/MyProject/UAE/data/arrangement_merged/chr_07/183214.2~A19.K_7R.png,0,-0.3443950684638598,,0.0010634660720825,0.5165874645933317,chromosome
0,0.0011013746261596,183214,183214.2~A25.K_7,7,,normal,183214.2~A25.K_7L.png,183214.2~A25.K_7R.png,train,/data5/chensx/MyProject/UAE/data/arrangement_merged/chr_07/183214.2~A25.K_7L.png,/data5/chensx/MyProject/UAE/data/arrangement_merged/chr_07/183214.2~A25.K_7R.png,0,-0.2946768069177914,,0.0011013746261596,0.7855152335170126,chromosome
0,0.0009878277778625,183214,183214.2~A30.K_7,7,,normal,183214.2~A30.K_7L.png,183214.2~A30.K_7R.png,train,/data5/chensx/MyProject/UAE/data/arrangement_merged/chr_07/183214.2~A30.K_7L.png,/data5/chensx/MyProject/UAE/data/arrangement_merged/chr_07/183214.2~A30.K_7R.png,0,-0.4435970714543644,,0.0009878277778625,-0.019999546043017857,chromosome
0,0.000927984714508,183214,183214.2~A36.K_7,7,,normal,183214.2~A36.K_7L.png,183214.2~A36.K_7R.png,train,/data5/chensx/MyProject/UAE/data/arrangement_merged/chr_07/183214.2~A36.K_7L.png,/data5/chensx/MyProject/UAE/data/arrangement_merged/chr_07/183214.2~A36.K_7R.png,0,-0.5220831321340071,,0.000927984714508,-0.44453331962753856,chromosome
0,0.0010119080543518,183214,183214.2~A39.K_7,7,,normal,183214.2~A39.K_7L.png,183214.2~A39.K_7R.png,train,/data5/chensx/MyProject/UAE/data/arrangement_merged/chr_07/183214.2~A39.K_7L.png,/data5/chensx/MyProject/UAE/data/arrangement_merged/chr_07/183214.2~A39.K_7R.png,0,-0.4120150311012014,,0.0010119080543518,0.1508287851605913,chromosome
0,0.0009266734123229,183214,183214.2~A45.K_7,7,,normal,183214.2~A45.K_7L.png,183214.2~A45.K_7R.png,train,/data5/chensx/MyProject/UAE/data/arrangement_merged/chr_07/183214.2~A45.K_7L.png,/data5/chensx/MyProject/UAE/data/arrangement_merged/chr_07/183214.2~A45.K_7R.png,0,-0.5238029462126447,,0.0009266734123229,-0.45383585251514136,chromosome
0,0.001144528388977,183214,183214.2~A6.K_7,7,,normal,183214.2~A6.K_7L.png,183214.2~A6.K_7R.png,train,/data5/chensx/MyProject/UAE/data/arrangement_merged/chr_07/183214.2~A6.K_7L.png,/data5/chensx/MyProject/UAE/data/arrangement_merged/chr_07/183214.2~A6.K_7R.png,0,-0.2380792890571725,,0.001144528388977,1.0916531339903939,chromosome
0,0.0010186433792114,183214,183214.3~A12.K_7,7,,normal,183214.3~A12.K_7L.png,183214.3~A12.K_7R.png,train,/data5/chensx/MyProject/UAE/data/arrangement_merged/chr_07/183214.3~A12.K_7L.png,/data5/chensx/MyProject/UAE/data/arrangement_merged/chr_07/183214.3~A12.K_7R.png,0,-0.4031814406063811,,0.0010186433792114,0.1986099768089067,chromosome
0,0.0009206533432006,183214,183214.3~A19.K_7,7,,normal,183214.3~A19.K_7L.png,183214.3~A19.K_7R.png,train,/data5/chensx/MyProject/UAE/data/arrangement_merged/chr_07/183214.3~A19.K_7L.png,/data5/chensx/MyProject/UAE/data/arrangement_merged/chr_07/183214.3~A19.K_7R.png,0,-0.5316984563009355,,0.0009206533432006,-0.49654293531586674,chromosome
0,0.0009588003158569,183214,183214.3~A28.K_7,7,,normal,183214.3~A28.K_7L.png,183214.3~A28.K_7R.png,train,/data5/chensx/MyProject/UAE/data/arrangement_merged/chr_07/183214.3~A28.K_7L.png,/data5/chensx/MyProject/UAE/data/arrangement_merged/chr_07/183214.3~A28.K_7R.png,0,-0.4816675012860238,,0.0009588003158569,-0.22592379677561397,chromosome
0,0.0009195208549499,183214,183214.3~A4.K_7,7,,normal,183214.3~A4.K_7L.png,183214.3~A4.K_7R.png,train,/data5/chensx/MyProject/UAE/data/arrangement_merged/chr_07/183214.3~A4.K_7L.png,/data5/chensx/MyProject/UAE/data/arrangement_merged/chr_07/183214.3~A4.K_7R.png,0,-0.5331837502779406,,0.0009195208549499,-0.50457694099104,chromosome
0,0.0010411739349365,183214,183214.3~A42.K_7,7,,normal,183214.3~A42.K_7L.png,183214.3~A42.K_7R.png,train,/data5/chensx/MyProject/UAE/data/arrangement_merged/chr_07/183214.3~A42.K_7L.png,/data5/chensx/MyProject/UAE/data/arrangement_merged/chr_07/183214.3~A42.K_7R.png,0,-0.3736319078006989,,0.0010411739349365,0.35844440550905105,chromosome
0,0.0009861588478088,183214,183214.3~A43.K_7,7,,normal,183214.3~A43.K_7L.png,183214.3~A43.K_7R.png,train,/data5/chensx/MyProject/UAE/data/arrangement_merged/chr_07/183214.3~A43.K_7L.png,/data5/chensx/MyProject/UAE/data/arrangement_merged/chr_07/183214.3~A43.K_7R.png,0,-0.4457859257362668,,0.0009861588478088,-0.03183913335406149,chromosome
0,0.0009766817092895,183214,183214.3~A47.K_7,7,,normal,183214.3~A47.K_7L.png,183214.3~A47.K_7R.png,train,/data5/chensx/MyProject/UAE/data/arrangement_merged/chr_07/183214.3~A47.K_7L.png,/data5/chensx/MyProject/UAE/data/arrangement_merged/chr_07/183214.3~A47.K_7R.png,0,-0.4582154911227839,,0.0009766817092895,-0.09907107558515821,chromosome
0,0.0010190606117248,183214,183214.4~A22.K_7,7,,normal,183214.4~A22.K_7L.png,183214.4~A22.K_7R.png,train,/data5/chensx/MyProject/UAE/data/arrangement_merged/chr_07/183214.4~A22.K_7L.png,/data5/chensx/MyProject/UAE/data/arrangement_merged/chr_07/183214.4~A22.K_7R.png,0,-0.4026342270359055,,0.0010190606117248,0.20156987363648995,chromosome
0,0.0010660886764526,183214,183214.4~A24.K_7,7,,normal,183214.4~A24.K_7L.png,183214.4~A24.K_7R.png,train,/data5/chensx/MyProject/UAE/data/arrangement_merged/chr_07/183214.4~A24.K_7L.png,/data5/chensx/MyProject/UAE/data/arrangement_merged/chr_07/183214.4~A24.K_7R.png,0,-0.3409554403065847,,0.0010660886764526,0.5351925303678282,chromosome
0,0.0008450150489807,183214,183214.4~A26.K_7,7,,normal,183214.4~A26.K_7L.png,183214.4~A26.K_7R.png,train,/data5/chensx/MyProject/UAE/data/arrangement_merged/chr_07/183214.4~A26.K_7L.png,/data5/chensx/MyProject/UAE/data/arrangement_merged/chr_07/183214.4~A26.K_7R.png,0,-0.63090045929144,,0.0008450150489807,-1.033129945951507,chromosome
0,0.0009650588035583,183214,183214.4~A28.K_7,7,,normal,183214.4~A28.K_7L.png,183214.4~A28.K_7R.png,train,/data5/chensx/MyProject/UAE/data/arrangement_merged/chr_07/183214.4~A28.K_7L.png,/data5/chensx/MyProject/UAE/data/arrangement_merged/chr_07/183214.4~A28.K_7R.png,0,-0.4734592977288898,,0.0009650588035583,-0.18152534435902576,chromosome
0,0.0009741783142089,183214,183214.4~A50.K_7,7,,normal,183214.4~A50.K_7L.png,183214.4~A50.K_7R.png,train,/data5/chensx/MyProject/UAE/data/arrangement_merged/chr_07/183214.4~A50.K_7L.png,/data5/chensx/MyProject/UAE/data/arrangement_merged/chr_07/183214.4~A50.K_7R.png,0,-0.4614987725456375,,0.0009741783142089,-0.11683045655207747,chromosome
0,0.0007663965225219,183214,183214.4~A8.K_7,7,,normal,183214.4~A8.K_7L.png,183214.4~A8.K_7R.png,train,/data5/chensx/MyProject/UAE/data/arrangement_merged/chr_07/183214.4~A8.K_7L.png,/data5/chensx/MyProject/UAE/data/arrangement_merged/chr_07/183214.4~A8.K_7R.png,0,-0.7340111306424846,,0.0007663965225219,-1.5908590767865025,chromosome
0,0.0009445548057556,183262,183262.11~A16.K_7,7,,normal,183262.11~A16.K_7L.png,183262.11~A16.K_7R.png,train,/data5/chensx/MyProject/UAE/data/arrangement_merged/chr_07/183262.11~A16.K_7L.png,/data5/chensx/MyProject/UAE/data/arrangement_merged/chr_07/183262.11~A16.K_7R.png,0,-0.4953499266605538,,0.0009445548057556,-0.3269831313239772,chromosome
0,0.001014232635498,183262,183262.12~A5.K_7,7,,normal,183262.12~A5.K_7L.png,183262.12~A5.K_7R.png,train,/data5/chensx/MyProject/UAE/data/arrangement_merged/chr_07/183262.12~A5.K_7L.png,/data5/chensx/MyProject/UAE/data/arrangement_merged/chr_07/183262.12~A5.K_7R.png,0,-0.4072210151748029,,0.001014232635498,0.16731963891508178,chromosome
0,0.0009856224060058,183262,183262.14~A1.K_7,7,,normal,183262.14~A1.K_7L.png,183262.14~A1.K_7R.png,train,/data5/chensx/MyProject/UAE/data/arrangement_merged/chr_07/183262.14~A1.K_7L.png,/data5/chensx/MyProject/UAE/data/arrangement_merged/chr_07/183262.14~A1.K_7R.png,0,-0.4434073945701497,,0.0009856224060058,-0.035644714989931096,chromosome
0,0.0011752843856811,183262,183262.14~A16.K_7,7,,normal,183262.14~A16.K_7L.png,183262.14~A16.K_7R.png,train,/data5/chensx/MyProject/UAE/data/arrangement_merged/chr_07/183262.14~A16.K_7L.png,/data5/chensx/MyProject/UAE/data/arrangement_merged/chr_07/183262.14~A16.K_7R.png,0,-0.2035218544951633,,0.0011752843856811,1.309839814438176,chromosome
0,0.0009258985519409,183262,183262.14~A21.K_7,7,,normal,183262.14~A21.K_7L.png,183262.14~A21.K_7R.png,train,/data5/chensx/MyProject/UAE/data/arrangement_merged/chr_07/183262.14~A21.K_7L.png,/data5/chensx/MyProject/UAE/data/arrangement_merged/chr_07/183262.14~A21.K_7R.png,0,-0.5189464615579361,,0.0009258985519409,-0.4593328037661654,chromosome
0,0.00099778175354,183262,183262.14~A23.K_7,7,,normal,183262.14~A23.K_7L.png,183262.14~A23.K_7R.png,train,/data5/chensx/MyProject/UAE/data/arrangement_merged/chr_07/183262.14~A23.K_7L.png,/data5/chensx/MyProject/UAE/data/arrangement_merged/chr_07/183262.14~A23.K_7R.png,0,-0.4280281833271273,,0.00099778175354,0.05061513541980606,chromosome
0,0.0009483098983764,183262,183262.14~A29.K_7,7,,normal,183262.14~A29.K_7L.png,183262.14~A29.K_7R.png,train,/data5/chensx/MyProject/UAE/data/arrangement_merged/chr_07/183262.14~A29.K_7L.png,/data5/chensx/MyProject/UAE/data/arrangement_merged/chr_07/183262.14~A29.K_7R.png,0,-0.4906004643649145,,0.0009483098983764,-0.3003440598743075,chromosome
0,0.001003086566925,183262,183262.14~A33.K_7,7,,normal,183262.14~A33.K_7L.png,183262.14~A33.K_7R.png,train,/data5/chensx/MyProject/UAE/data/arrangement_merged/chr_07/183262.14~A33.K_7L.png,/data5/chensx/MyProject/UAE/data/arrangement_merged/chr_07/183262.14~A33.K_7R.png,0,-0.4213186254809068,,0.001003086566925,0.08824810937294143,chromosome
0,0.0010254383087158,183262,183262.14~A38.K_7,7,,normal,183262.14~A38.K_7L.png,183262.14~A38.K_7R.png,train,/data5/chensx/MyProject/UAE/data/arrangement_merged/chr_07/183262.14~A38.K_7L.png,/data5/chensx/MyProject/UAE/data/arrangement_merged/chr_07/183262.14~A38.K_7R.png,0,-0.3930480165782921,,0.0010254383087158,0.24681401086136456,chromosome
0,0.0009704828262329,183262,183262.14~A45.K_7,7,,normal,183262.14~A45.K_7L.png,183262.14~A45.K_7R.png,train,/data5/chensx/MyProject/UAE/data/arrangement_merged/chr_07/183262.14~A45.K_7L.png,/data5/chensx/MyProject/UAE/data/arrangement_merged/chr_07/183262.14~A45.K_7R.png,0,-0.4625560203335207,,0.0009704828262329,-0.143046685597604,chromosome
0,0.0008526444435119,183262,183262.14~A8.K_7,7,,normal,183262.14~A8.K_7L.png,183262.14~A8.K_7R.png,train,/data5/chensx/MyProject/UAE/data/arrangement_merged/chr_07/183262.14~A8.K_7L.png,/data5/chensx/MyProject/UAE/data/arrangement_merged/chr_07/183262.14~A8.K_7R.png,0,-0.6115986704681053,,0.0008526444435119,-0.9790061182438822,chromosome
0,0.0009664893150329,183262,183262.1~A2.K_7,7,,normal,183262.1~A2.K_7L.png,183262.1~A2.K_7R.png,train,/data5/chensx/MyProject/UAE/data/arrangement_merged/chr_07/183262.1~A2.K_7L.png,/data5/chensx/MyProject/UAE/data/arrangement_merged/chr_07/183262.1~A2.K_7R.png,0,-0.4676070357907879,,0.0009664893150329,-0.17137712666384572,chromosome
0,0.0007781982421875,183262,183262.1~A24.K_7,7,,normal,183262.1~A24.K_7L.png,183262.1~A24.K_7R.png,train,/data5/chensx/MyProject/UAE/data/arrangement_merged/chr_07/183262.1~A24.K_7L.png,/data5/chensx/MyProject/UAE/data/arrangement_merged/chr_07/183262.1~A24.K_7R.png,0,-0.7057586451864138,,0.0007781982421875,-1.5071362808002062,chromosome
0,0.0009989738464355,183262,183262.1~A26.K_7,7,,normal,183262.1~A26.K_7L.png,183262.1~A26.K_7R.png,train,/data5/chensx/MyProject/UAE/data/arrangement_merged/chr_07/183262.1~A26.K_7L.png,/data5/chensx/MyProject/UAE/data/arrangement_merged/chr_07/183262.1~A26.K_7R.png,0,-0.4265204175189879,,0.0009989738464355,0.059071983499122495,chromosome
0,0.0010057091712951,183262,183262.1~A42.K_7,7,,normal,183262.1~A42.K_7L.png,183262.1~A42.K_7R.png,train,/data5/chensx/MyProject/UAE/data/arrangement_merged/chr_07/183262.1~A42.K_7L.png,/data5/chensx/MyProject/UAE/data/arrangement_merged/chr_07/183262.1~A42.K_7R.png,0,-0.418001540703,,0.0010057091712951,0.1068531751474379,chromosome
0,0.0009276866912841,183262,183262.1~A9.K_7,7,,normal,183262.1~A9.K_7L.png,183262.1~A9.K_7R.png,train,/data5/chensx/MyProject/UAE/data/arrangement_merged/chr_07/183262.1~A9.K_7L.png,/data5/chensx/MyProject/UAE/data/arrangement_merged/chr_07/183262.1~A9.K_7R.png,0,-0.516684812845727,,0.0009276866912841,-0.44664753164754534,chromosome
0,0.0008622407913208,183262,183262.2~A10.K_7,7,,normal,183262.2~A10.K_7L.png,183262.2~A10.K_7R.png,train,/data5/chensx/MyProject/UAE/data/arrangement_merged/chr_07/183262.2~A10.K_7L.png,/data5/chensx/MyProject/UAE/data/arrangement_merged/chr_07/183262.2~A10.K_7R.png,0,-0.5994611557125827,,0.0008622407913208,-0.9109284912044983,chromosome
0,0.0010492801666259,183262,183262.2~A22.K_7,7,,normal,183262.2~A22.K_7L.png,183262.2~A22.K_7R.png,train,/data5/chensx/MyProject/UAE/data/arrangement_merged/chr_07/183262.2~A22.K_7L.png,/data5/chensx/MyProject/UAE/data/arrangement_merged/chr_07/183262.2~A22.K_7R.png,0,-0.3628927004155031,,0.0010492801666259,0.4159509724484025,chromosome
0,0.0011285543441772,183262,183262.2~A23.K_7,7,,normal,183262.2~A23.K_7L.png,183262.2~A23.K_7R.png,train,/data5/chensx/MyProject/UAE/data/arrangement_merged/chr_07/183262.2~A23.K_7L.png,/data5/chensx/MyProject/UAE/data/arrangement_merged/chr_07/183262.2~A23.K_7R.png,0,-0.2626262741742298,,0.0011285543441772,0.9783313697268439,chromosome
0,0.0009512901306152,183262,183262.2~A44.K_7,7,,normal,183262.2~A44.K_7L.png,183262.2~A44.K_7R.png,train,/data5/chensx/MyProject/UAE/data/arrangement_merged/chr_07/183262.2~A44.K_7L.png,/data5/chensx/MyProject/UAE/data/arrangement_merged/chr_07/183262.2~A44.K_7R.png,0,-0.4868310498445659,,0.0009512901306152,-0.2792019396756618,chromosome
0,0.0011813640594482,183262,183262.2~A45.K_7,7,,normal,183262.2~A45.K_7L.png,183262.2~A45.K_7R.png,train,/data5/chensx/MyProject/UAE/data/arrangement_merged/chr_07/183262.2~A45.K_7L.png,/data5/chensx/MyProject/UAE/data/arrangement_merged/chr_07/183262.2~A45.K_7R.png,0,-0.1958322488736522,,0.0011813640594482,1.3529697396430431,chromosome
0,0.0008919239044189,183262,183262.3~A17.K_7,7,,normal,183262.3~A17.K_7L.png,183262.3~A17.K_7R.png,train,/data5/chensx/MyProject/UAE/data/arrangement_merged/chr_07/183262.3~A17.K_7L.png,/data5/chensx/MyProject/UAE/data/arrangement_merged/chr_07/183262.3~A17.K_7R.png,0,-0.5619177870899105,,0.0008919239044189,-0.7003529740284561,chromosome
0,0.0011788010597229,183262,183262.3~A24.K_7,7,,normal,183262.3~A24.K_7L.png,183262.3~A24.K_7R.png,train,/data5/chensx/MyProject/UAE/data/arrangement_merged/chr_07/183262.3~A24.K_7L.png,/data5/chensx/MyProject/UAE/data/arrangement_merged/chr_07/183262.3~A24.K_7R.png,0,-0.199073945361152,,0.0011788010597229,1.3347875162726905,chromosome
0,0.0008620619773864,183262,183262.3~A30.K_7,7,,normal,183262.3~A30.K_7L.png,183262.3~A30.K_7R.png,train,/data5/chensx/MyProject/UAE/data/arrangement_merged/chr_07/183262.3~A30.K_7L.png,/data5/chensx/MyProject/UAE/data/arrangement_merged/chr_07/183262.3~A30.K_7R.png,0,-0.5996873205838037,,0.0008620619773864,-0.9121970184169278,chromosome
0,0.0008232593536376,183262,183262.3~A41.K_7,7,,normal,183262.3~A41.K_7L.png,183262.3~A41.K_7R.png,train,/data5/chensx/MyProject/UAE/data/arrangement_merged/chr_07/183262.3~A41.K_7L.png,/data5/chensx/MyProject/UAE/data/arrangement_merged/chr_07/183262.3~A41.K_7R.png,0,-0.6487650976387427,,0.0008232593536376,-1.1874674234006275,chromosome
0,0.0008491277694702,183262,183262.4~A14.K_7,7,,normal,183262.4~A14.K_7L.png,183262.4~A14.K_7R.png,train,/data5/chensx/MyProject/UAE/data/arrangement_merged/chr_07/183262.4~A14.K_7L.png,/data5/chensx/MyProject/UAE/data/arrangement_merged/chr_07/183262.4~A14.K_7R.png,0,-0.6160465796021166,,0.0008491277694702,-1.0039538200776883,chromosome
0,0.0009934306144714,183262,183262.4~A19.K_7,7,,normal,183262.4~A19.K_7L.png,183262.4~A19.K_7R.png,train,/data5/chensx/MyProject/UAE/data/arrangement_merged/chr_07/183262.4~A19.K_7L.png,/data5/chensx/MyProject/UAE/data/arrangement_merged/chr_07/183262.4~A19.K_7R.png,0,-0.4335315285268363,,0.0009934306144714,0.019747639930123528,chromosome
0,0.0009560585021972,183262,183262.4~A24.K_7,7,,normal,183262.4~A24.K_7L.png,183262.4~A24.K_7R.png,train,/data5/chensx/MyProject/UAE/data/arrangement_merged/chr_07/183262.4~A24.K_7L.png,/data5/chensx/MyProject/UAE/data/arrangement_merged/chr_07/183262.4~A24.K_7R.png,0,-0.480799986612008,,0.0009560585021972,-0.24537454735839606,chromosome
0,0.0011706352233886,183262,183262.4~A29.K_7,7,,normal,183262.4~A29.K_7L.png,183262.4~A29.K_7R.png,train,/data5/chensx/MyProject/UAE/data/arrangement_merged/chr_07/183262.4~A29.K_7L.png,/data5/chensx/MyProject/UAE/data/arrangement_merged/chr_07/183262.4~A29.K_7R.png,0,-0.2094021411469072,,0.0011706352233886,1.2768581069284874,chromosome
0,0.0009019970893859,183262,183262.4~A31.K_7,7,,normal,183262.4~A31.K_7L.png,183262.4~A31.K_7R.png,train,/data5/chensx/MyProject/UAE/data/arrangement_merged/chr_07/183262.4~A31.K_7L.png,/data5/chensx/MyProject/UAE/data/arrangement_merged/chr_07/183262.4~A31.K_7R.png,0,-0.5491771660111321,,0.0009019970893859,-0.628892607758055,chromosome
0,0.0011758804321289,183262,183262.4~A50.K_7,7,,normal,183262.4~A50.K_7L.png,183262.4~A50.K_7R.png,train,/data5/chensx/MyProject/UAE/data/arrangement_merged/chr_07/183262.4~A50.K_7L.png,/data5/chensx/MyProject/UAE/data/arrangement_merged/chr_07/183262.4~A50.K_7R.png,0,-0.2027679715910936,,0.0011758804321289,1.314068238478188,chromosome
0,0.0010315775871276,183786,183786.11~A44.K_7,7,,normal,183786.11~A44.K_7L.png,183786.11~A44.K_7R.png,train,/data5/chensx/MyProject/UAE/data/arrangement_merged/chr_07/183786.11~A44.K_7L.png,/data5/chensx/MyProject/UAE/data/arrangement_merged/chr_07/183786.11~A44.K_7R.png,0,-0.2010461565033521,,0.0010315775871276,0.2903667784696664,chromosome
0,0.0009284019470214,183786,183786.12~A1.K_7,7,,normal,183786.12~A1.K_7L.png,183786.12~A1.K_7R.png,train,/data5/chensx/MyProject/UAE/data/arrangement_merged/chr_07/183786.12~A1.K_7L.png,/data5/chensx/MyProject/UAE/data/arrangement_merged/chr_07/183786.12~A1.K_7R.png,0,-0.2548524930946788,,0.0009284019470214,-0.4415734227999553,chromosome
0,0.0009529590606689,183786,183786.12~A12.K_7,7,,normal,183786.12~A12.K_7L.png,183786.12~A12.K_7R.png,train,/data5/chensx/MyProject/UAE/data/arrangement_merged/chr_07/183786.12~A12.K_7L.png,/data5/chensx/MyProject/UAE/data/arrangement_merged/chr_07/183786.12~A12.K_7R.png,0,-0.2420459011387997,,0.0009529590606689,-0.26736235236461897,chromosome
0,0.001052439212799,183786,183786.12~A15.K_7,7,,normal,183786.12~A15.K_7L.png,183786.12~A15.K_7R.png,train,/data5/chensx/MyProject/UAE/data/arrangement_merged/chr_07/183786.12~A15.K_7L.png,/data5/chensx/MyProject/UAE/data/arrangement_merged/chr_07/183786.12~A15.K_7R.png,0,-0.1901667701330665,,0.001052439212799,0.4383616198587686,chromosome
0,0.0009612441062927,183786,183786.12~A16.K_7,7,,normal,183786.12~A16.K_7L.png,183786.12~A16.K_7R.png,train,/data5/chensx/MyProject/UAE/data/arrangement_merged/chr_07/183786.12~A16.K_7L.png,/data5/chensx/MyProject/UAE/data/arrangement_merged/chr_07/183786.12~A16.K_7R.png,0,-0.2377252305517434,,0.0009612441062927,-0.2085872582128379,chromosome
0,0.0009416341781616,183786,183786.12~A34.K_7,7,,normal,183786.12~A34.K_7L.png,183786.12~A34.K_7R.png,train,/data5/chensx/MyProject/UAE/data/arrangement_merged/chr_07/183786.12~A34.K_7L.png,/data5/chensx/MyProject/UAE/data/arrangement_merged/chr_07/183786.12~A34.K_7R.png,0,-0.2479518537398119,,0.0009416341781616,-0.3477024091184797,chromosome
0,0.0011459589004516,183786,183786.12~A41.K_7,7,,normal,183786.12~A41.K_7L.png,183786.12~A41.K_7R.png,train,/data5/chensx/MyProject/UAE/data/arrangement_merged/chr_07/183786.12~A41.K_7L.png,/data5/chensx/MyProject/UAE/data/arrangement_merged/chr_07/183786.12~A41.K_7R.png,0,-0.1413960352331292,,0.0011459589004516,1.101801351685574,chromosome
0,0.0010498762130737,183786,183786.12~A47.K_7,7,,normal,183786.12~A47.K_7L.png,183786.12~A47.K_7R.png,train,/data5/chensx/MyProject/UAE/data/arrangement_merged/chr_07/183786.12~A47.K_7L.png,/data5/chensx/MyProject/UAE/data/arrangement_merged/chr_07/183786.12~A47.K_7R.png,0,-0.1915033804585587,,0.0010498762130737,0.42017939648841457,chromosome
0,0.0007980465888977,183786,183786.13~A10.K_7,7,,normal,183786.13~A10.K_7L.png,183786.13~A10.K_7R.png,train,/data5/chensx/MyProject/UAE/data/arrangement_merged/chr_07/183786.13~A10.K_7L.png,/data5/chensx/MyProject/UAE/data/arrangement_merged/chr_07/183786.13~A10.K_7R.png,0,-0.3228331159284346,,0.0007980465888977,-1.3663297602787015,chromosome
0,0.0012760162353515,183786,183786.13~A12.K_7,7,,normal,183786.13~A12.K_7L.png,183786.13~A12.K_7R.png,train,/data5/chensx/MyProject/UAE/data/arrangement_merged/chr_07/183786.13~A12.K_7L.png,/data5/chensx/MyProject/UAE/data/arrangement_merged/chr_07/183786.13~A12.K_7R.png,0,-0.0735708322046632,,0.0012760162353515,2.0244434771450224,chromosome
0,0.0009450912475585,183786,183786.13~A29.K_7,7,,normal,183786.13~A29.K_7L.png,183786.13~A29.K_7R.png,train,/data5/chensx/MyProject/UAE/data/arrangement_merged/chr_07/183786.13~A29.K_7L.png,/data5/chensx/MyProject/UAE/data/arrangement_merged/chr_07/183786.13~A29.K_7R.png,0,-0.2461489839984503,,0.0009450912475585,-0.3231775496888168,chromosome
0,0.0009827613830566,183786,183786.13~A34.K_7,7,,normal,183786.13~A34.K_7L.png,183786.13~A34.K_7R.png,train,/data5/chensx/MyProject/UAE/data/arrangement_merged/chr_07/183786.13~A34.K_7L.png,/data5/chensx/MyProject/UAE/data/arrangement_merged/chr_07/183786.13~A34.K_7R.png,0,-0.2265039206098203,,0.0009827613830566,-0.055941150380289635,chromosome
0,0.0011364817619323,183786,183786.13~A43.K_7,7,,normal,183786.13~A43.K_7L.png,183786.13~A43.K_7R.png,train,/data5/chensx/MyProject/UAE/data/arrangement_merged/chr_07/183786.13~A43.K_7L.png,/data5/chensx/MyProject/UAE/data/arrangement_merged/chr_07/183786.13~A43.K_7R.png,0,-0.1463383850413447,,0.0011364817619323,1.0345694094544757,chromosome
0,0.0010266304016113,183786,183786.14~A17.K_7,7,,normal,183786.14~A17.K_7L.png,183786.14~A17.K_7R.png,train,/data5/chensx/MyProject/UAE/data/arrangement_merged/chr_07/183786.14~A17.K_7L.png,/data5/chensx/MyProject/UAE/data/arrangement_merged/chr_07/183786.14~A17.K_7R.png,0,-0.2036261252711627,,0.0010266304016113,0.25527085894068097,chromosome
0,0.0008705854415893,183786,183786.14~A24.K_7,7,,normal,183786.14~A24.K_7L.png,183786.14~A24.K_7R.png,train,/data5/chensx/MyProject/UAE/data/arrangement_merged/chr_07/183786.14~A24.K_7L.png,/data5/chensx/MyProject/UAE/data/arrangement_merged/chr_07/183786.14~A24.K_7R.png,0,-0.2850039353208987,,0.0008705854415893,-0.8517305546492839,chromosome
0,0.0010164380073547,183786,183786.14~A38.K_7,7,,normal,183786.14~A38.K_7L.png,183786.14~A38.K_7R.png,train,/data5/chensx/MyProject/UAE/data/arrangement_merged/chr_07/183786.14~A38.K_7L.png,/data5/chensx/MyProject/UAE/data/arrangement_merged/chr_07/183786.14~A38.K_7R.png,0,-0.2089414826120736,,0.0010164380073547,0.18296480786199348,chromosome
0,0.001351773738861,183786,183786.14~A39.K_7,7,,normal,183786.14~A39.K_7L.png,183786.14~A39.K_7R.png,train,/data5/chensx/MyProject/UAE/data/arrangement_merged/chr_07/183786.14~A39.K_7L.png,/data5/chensx/MyProject/UAE/data/arrangement_merged/chr_07/183786.14~A39.K_7R.png,0,-0.0340631176999976,,0.001351773738861,2.561876172588949,chromosome
0,0.0010486841201782,183786,183786.1~A44.K_7,7,,normal,183786.1~A44.K_7L.png,183786.1~A44.K_7R.png,train,/data5/chensx/MyProject/UAE/data/arrangement_merged/chr_07/183786.1~A44.K_7L.png,/data5/chensx/MyProject/UAE/data/arrangement_merged/chr_07/183786.1~A44.K_7R.png,0,-0.1921250596797179,,0.0010486841201782,0.41172254840909966,chromosome
0,0.001024842262268,183786,183786.2~A14.K_7,7,,normal,183786.2~A14.K_7L.png,183786.2~A14.K_7R.png,train,/data5/chensx/MyProject/UAE/data/arrangement_merged/chr_07/183786.2~A14.K_7L.png,/data5/chensx/MyProject/UAE/data/arrangement_merged/chr_07/183786.2~A14.K_7R.png,0,-0.2045586441029014,,0.001024842262268,0.24258558682135253,chromosome
0,0.0010491609573364,183786,183786.2~A4.K_7,7,,normal,183786.2~A4.K_7L.png,183786.2~A4.K_7R.png,train,/data5/chensx/MyProject/UAE/data/arrangement_merged/chr_07/183786.2~A4.K_7L.png,/data5/chensx/MyProject/UAE/data/arrangement_merged/chr_07/183786.2~A4.K_7R.png,0,-0.1918763879912542,,0.0010491609573364,0.41510528764082527,chromosome
0,0.0012636184692382,183786,183786.2~A49.K_7,7,,normal,183786.2~A49.K_7L.png,183786.2~A49.K_7R.png,train,/data5/chensx/MyProject/UAE/data/arrangement_merged/chr_07/183786.2~A49.K_7L.png,/data5/chensx/MyProject/UAE/data/arrangement_merged/chr_07/183786.2~A49.K_7R.png,0,-0.0800362961047186,,0.0012636184692382,1.9364922571194216,chromosome
0,0.0010362267494201,183786,183786.3~A1.K_7,7,,normal,183786.3~A1.K_7L.png,183786.3~A1.K_7R.png,train,/data5/chensx/MyProject/UAE/data/arrangement_merged/chr_07/183786.3~A1.K_7L.png,/data5/chensx/MyProject/UAE/data/arrangement_merged/chr_07/183786.3~A1.K_7R.png,0,-0.1986216075408313,,0.0010362267494201,0.32334848597935645,chromosome
0,0.001050591468811,183786,183786.3~A25.K_7,7,,normal,183786.3~A25.K_7L.png,183786.3~A25.K_7R.png,train,/data5/chensx/MyProject/UAE/data/arrangement_merged/chr_07/183786.3~A25.K_7L.png,/data5/chensx/MyProject/UAE/data/arrangement_merged/chr_07/183786.3~A25.K_7R.png,0,-0.1911303729258632,,0.001050591468811,0.4252535053360053,chromosome
0,0.0010035037994384,183786,183786.3~A36.K_7,7,,normal,183786.3~A36.K_7L.png,183786.3~A36.K_7R.png,train,/data5/chensx/MyProject/UAE/data/arrangement_merged/chr_07/183786.3~A36.K_7L.png,/data5/chensx/MyProject/UAE/data/arrangement_merged/chr_07/183786.3~A36.K_7R.png,0,-0.2156867021616507,,0.0010035037994384,0.09120800620052466,chromosome
0,0.0009049773216247,183786,183786.3~A37.K_7,7,,normal,183786.3~A37.K_7L.png,183786.3~A37.K_7R.png,train,/data5/chensx/MyProject/UAE/data/arrangement_merged/chr_07/183786.3~A37.K_7L.png,/data5/chensx/MyProject/UAE/data/arrangement_merged/chr_07/183786.3~A37.K_7R.png,0,-0.2670684897904565,,0.0009049773216247,-0.6077504875594093,chromosome
0,0.0009794831275939,183786,183786.3~A44.K_7,7,,normal,183786.3~A44.K_7L.png,183786.3~A44.K_7R.png,train,/data5/chensx/MyProject/UAE/data/arrangement_merged/chr_07/183786.3~A44.K_7L.png,/data5/chensx/MyProject/UAE/data/arrangement_merged/chr_07/183786.3~A44.K_7R.png,0,-0.2282135384680081,,0.0009794831275939,-0.07919748259894209,chromosome
0,0.0012167096138,183786,183786.4~A49.K_7,7,,normal,183786.4~A49.K_7L.png,183786.4~A49.K_7R.png,train,/data5/chensx/MyProject/UAE/data/arrangement_merged/chr_07/183786.4~A49.K_7L.png,/data5/chensx/MyProject/UAE/data/arrangement_merged/chr_07/183786.4~A49.K_7R.png,0,-0.1044993734573321,,0.0012167096138,1.6037152851963714,chromosome
0,0.0008507370948791,183786,183786.5~A1.K_7,7,,normal,183786.5~A1.K_7L.png,183786.5~A1.K_7R.png,train,/data5/chensx/MyProject/UAE/data/arrangement_merged/chr_07/183786.5~A1.K_7L.png,/data5/chensx/MyProject/UAE/data/arrangement_merged/chr_07/183786.5~A1.K_7R.png,0,-0.295354894353199,,0.0008507370948791,-0.9925370751707886,chromosome
0,0.0007896423339843,183786,183786.5~A31.K_7,7,,normal,183786.5~A31.K_7L.png,183786.5~A31.K_7R.png,train,/data5/chensx/MyProject/UAE/data/arrangement_merged/chr_07/183786.5~A31.K_7L.png,/data5/chensx/MyProject/UAE/data/arrangement_merged/chr_07/183786.5~A31.K_7R.png,0,-0.3272159544376067,,0.0007896423339843,-1.425950539238769,chromosome
0,0.0008167624473571,183786,183786.5~A33.K_7,7,,normal,183786.5~A33.K_7L.png,183786.5~A33.K_7R.png,train,/data5/chensx/MyProject/UAE/data/arrangement_merged/chr_07/183786.5~A33.K_7L.png,/data5/chensx/MyProject/UAE/data/arrangement_merged/chr_07/183786.5~A33.K_7R.png,0,-0.3130727521562355,,0.0008167624473571,-1.2335572454330792,chromosome
0,0.0009351372718811,183786,183786.5~A42.K_7,7,,normal,183786.5~A42.K_7L.png,183786.5~A42.K_7R.png,train,/data5/chensx/MyProject/UAE/data/arrangement_merged/chr_07/183786.5~A42.K_7L.png,/data5/chensx/MyProject/UAE/data/arrangement_merged/chr_07/183786.5~A42.K_7R.png,0,-0.2513400054951294,,0.0009351372718811,-0.39379223115093076,chromosome
0,0.0009044408798217,183786,183786.5~A44.K_7,7,,normal,183786.5~A44.K_7L.png,183786.5~A44.K_7R.png,train,/data5/chensx/MyProject/UAE/data/arrangement_merged/chr_07/183786.5~A44.K_7L.png,/data5/chensx/MyProject/UAE/data/arrangement_merged/chr_07/183786.5~A44.K_7R.png,0,-0.2673482454399782,,0.0009044408798217,-0.6115560691952789,chromosome
0,0.0009278655052185,183786,183786.5~A6.K_7,7,,normal,183786.5~A6.K_7L.png,183786.5~A6.K_7R.png,train,/data5/chensx/MyProject/UAE/data/arrangement_merged/chr_07/183786.5~A6.K_7L.png,/data5/chensx/MyProject/UAE/data/arrangement_merged/chr_07/183786.5~A6.K_7R.png,0,-0.2551322487442004,,0.0009278655052185,-0.4453790044351158,chromosome
0,0.0008730888366699,183786,183786.5~A8.K_7,7,,normal,183786.5~A8.K_7L.png,183786.5~A8.K_7R.png,train,/data5/chensx/MyProject/UAE/data/arrangement_merged/chr_07/183786.5~A8.K_7L.png,/data5/chensx/MyProject/UAE/data/arrangement_merged/chr_07/183786.5~A8.K_7R.png,0,-0.2836984089564645,,0.0008730888366699,-0.8339711736823647,chromosome
0,0.0010668039321899,184752,184752.11~A43.K_7,7,,normal,184752.11~A43.K_7L.png,184752.11~A43.K_7R.png,train,/data5/chensx/MyProject/UAE/data/arrangement_merged/chr_07/184752.11~A43.K_7L.png,/data5/chensx/MyProject/UAE/data/arrangement_merged/chr_07/184752.11~A43.K_7R.png,0,-0.176634214782534,,0.0010668039321899,0.5402666392154175,chromosome
0,0.0008653402328491,184752,184752.13~A19.K_7,7,,normal,184752.13~A19.K_7L.png,184752.13~A19.K_7R.png,train,/data5/chensx/MyProject/UAE/data/arrangement_merged/chr_07/184752.13~A19.K_7L.png,/data5/chensx/MyProject/UAE/data/arrangement_merged/chr_07/184752.13~A19.K_7R.png,0,-0.4962192835089135,,0.0008653402328491,-0.8889406861982762,chromosome
0,0.0010381937026977,184752,184752.13~A20.K_7,7,,normal,184752.13~A20.K_7L.png,184752.13~A20.K_7R.png,train,/data5/chensx/MyProject/UAE/data/arrangement_merged/chr_07/184752.13~A20.K_7L.png,/data5/chensx/MyProject/UAE/data/arrangement_merged/chr_07/184752.13~A20.K_7R.png,0,-0.2220190766134991,,0.0010381937026977,0.33730228531040457,chromosome
0,0.0009506940841674,184752,184752.14~A10.K_7,7,,normal,184752.14~A10.K_7L.png,184752.14~A10.K_7R.png,train,/data5/chensx/MyProject/UAE/data/arrangement_merged/chr_07/184752.14~A10.K_7L.png,/data5/chensx/MyProject/UAE/data/arrangement_merged/chr_07/184752.14~A10.K_7R.png,0,-0.3608211123798674,,0.0009506940841674,-0.2834303637156746,chromosome
0,0.0008332729339599,184752,184752.14~A14.K_7,7,,normal,184752.14~A14.K_7L.png,184752.14~A14.K_7R.png,train,/data5/chensx/MyProject/UAE/data/arrangement_merged/chr_07/184752.14~A14.K_7L.png,/data5/chensx/MyProject/UAE/data/arrangement_merged/chr_07/184752.14~A14.K_7R.png,0,-0.5470881494777868,,0.0008332729339599,-1.1164298995336603,chromosome
0,0.0008109807968139,184752,184752.14~A43.K_7,7,,normal,184752.14~A43.K_7L.png,184752.14~A43.K_7R.png,train,/data5/chensx/MyProject/UAE/data/arrangement_merged/chr_07/184752.14~A43.K_7L.png,/data5/chensx/MyProject/UAE/data/arrangement_merged/chr_07/184752.14~A43.K_7R.png,0,-0.5824505209877472,,0.0008109807968139,-1.274572958617941,chromosome
0,0.0008369088172912,184752,184752.2~A30.K_7,7,,normal,184752.2~A30.K_7L.png,184752.2~A30.K_7R.png,train,/data5/chensx/MyProject/UAE/data/arrangement_merged/chr_07/184752.2~A30.K_7L.png,/data5/chensx/MyProject/UAE/data/arrangement_merged/chr_07/184752.2~A30.K_7R.png,0,-0.5413204899534351,,0.0008369088172912,-1.0906365128915678,chromosome
0,0.0009752511978149,184752,184752.2~A50.K_7,7,,normal,184752.2~A50.K_7L.png,184752.2~A50.K_7R.png,train,/data5/chensx/MyProject/UAE/data/arrangement_merged/chr_07/184752.2~A50.K_7L.png,/data5/chensx/MyProject/UAE/data/arrangement_merged/chr_07/184752.2~A50.K_7R.png,0,-0.3218657726416224,,0.0009752511978149,-0.10921929328033825,chromosome
0,0.0008165836334228,184752,184752.3~A13.K_7,7,,normal,184752.3~A13.K_7L.png,184752.3~A13.K_7R.png,train,/data5/chensx/MyProject/UAE/data/arrangement_merged/chr_07/184752.3~A13.K_7L.png,/data5/chensx/MyProject/UAE/data/arrangement_merged/chr_07/184752.3~A13.K_7R.png,0,-0.5735626522125166,,0.0008165836334228,-1.2348257726447998,chromosome
0,0.0008444190025329,184752,184752.3~A16.K_7,7,,normal,184752.3~A16.K_7L.png,184752.3~A16.K_7R.png,train,/data5/chensx/MyProject/UAE/data/arrangement_merged/chr_07/184752.3~A16.K_7L.png,/data5/chensx/MyProject/UAE/data/arrangement_merged/chr_07/184752.3~A16.K_7R.png,0,-0.5294069637228067,,0.0008444190025329,-1.03735836999152,chromosome
0,0.0010045766830444,184752,184752.4~A27.K_7,7,,normal,184752.4~A27.K_7L.png,184752.4~A27.K_7R.png,train,/data5/chensx/MyProject/UAE/data/arrangement_merged/chr_07/184752.4~A27.K_7L.png,/data5/chensx/MyProject/UAE/data/arrangement_merged/chr_07/184752.4~A27.K_7R.png,0,-0.2753462892648831,,0.0010045766830444,0.09881916947226388,chromosome
0,0.0008292198181152,184793,184793.11~A18.K_7,7,,normal,184793.11~A18.K_7L.png,184793.11~A18.K_7R.png,train,/data5/chensx/MyProject/UAE/data/arrangement_merged/chr_07/184793.11~A18.K_7L.png,/data5/chensx/MyProject/UAE/data/arrangement_merged/chr_07/184793.11~A18.K_7R.png,0,-0.6311230528435761,,0.0008292198181152,-1.145183183003336,chromosome
0,0.0009683966636657,184793,184793.12~A12.K_7,7,,normal,184793.12~A12.K_7L.png,184793.12~A12.K_7R.png,train,/data5/chensx/MyProject/UAE/data/arrangement_merged/chr_07/184793.12~A12.K_7L.png,/data5/chensx/MyProject/UAE/data/arrangement_merged/chr_07/184793.12~A12.K_7R.png,0,-0.4543100205654895,,0.0009683966636657,-0.15784616973693927,chromosome
0,0.000832974910736,184793,184793.12~A27.K_7,7,,normal,184793.12~A27.K_7L.png,184793.12~A27.K_7R.png,train,/data5/chensx/MyProject/UAE/data/arrangement_merged/chr_07/184793.12~A27.K_7L.png,/data5/chensx/MyProject/UAE/data/arrangement_merged/chr_07/184793.12~A27.K_7R.png,0,-0.626352508503739,,0.000832974910736,-1.1185441115536672,chromosome
0,0.0013983249664306,184793,184793.12~A32.K_7,7,,normal,184793.12~A32.K_7L.png,184793.12~A32.K_7R.png,train,/data5/chensx/MyProject/UAE/data/arrangement_merged/chr_07/184793.12~A32.K_7L.png,/data5/chensx/MyProject/UAE/data/arrangement_merged/chr_07/184793.12~A32.K_7R.png,0,0.0918794448828351,,0.0013983249664306,2.8921160900885603,chromosome
0,0.0009129047393798,184793,184793.12~A38.K_7,7,,normal,184793.12~A38.K_7L.png,184793.12~A38.K_7R.png,train,/data5/chensx/MyProject/UAE/data/arrangement_merged/chr_07/184793.12~A38.K_7L.png,/data5/chensx/MyProject/UAE/data/arrangement_merged/chr_07/184793.12~A38.K_7R.png,0,-0.5248080646986366,,0.0009129047393798,-0.5515124478317782,chromosome
0,0.0009229183197021,184793,184793.12~A42.K_7,7,,normal,184793.12~A42.K_7L.png,184793.12~A42.K_7R.png,train,/data5/chensx/MyProject/UAE/data/arrangement_merged/chr_07/184793.12~A42.K_7L.png,/data5/chensx/MyProject/UAE/data/arrangement_merged/chr_07/184793.12~A42.K_7R.png,0,-0.5120866131257379,,0.0009229183197021,-0.4804749239648111,chromosome
0,0.0009373426437377,184793,184793.13~A10.K_7,7,,normal,184793.13~A10.K_7L.png,184793.13~A10.K_7R.png,train,/data5/chensx/MyProject/UAE/data/arrangement_merged/chr_07/184793.13~A10.K_7L.png,/data5/chensx/MyProject/UAE/data/arrangement_merged/chr_07/184793.13~A10.K_7R.png,0,-0.4937616650266814,,0.0009373426437377,-0.37814706220472744,chromosome
0,0.0011377334594726,184793,184793.13~A16.K_7,7,,normal,184793.13~A16.K_7L.png,184793.13~A16.K_7R.png,train,/data5/chensx/MyProject/UAE/data/arrangement_merged/chr_07/184793.13~A16.K_7L.png,/data5/chensx/MyProject/UAE/data/arrangement_merged/chr_07/184793.13~A16.K_7R.png,0,-0.2391811877166484,,0.0011377334594726,1.043449099937936,chromosome
0,0.0009316205978393,184793,184793.13~A43.K_7,7,,normal,184793.13~A43.K_7L.png,184793.13~A43.K_7R.png,train,/data5/chensx/MyProject/UAE/data/arrangement_merged/chr_07/184793.13~A43.K_7L.png,/data5/chensx/MyProject/UAE/data/arrangement_merged/chr_07/184793.13~A43.K_7R.png,0,-0.5010310659254806,,0.0009316205978393,-0.4187399329854468,chromosome
0,0.0009268522262573,184793,184793.14~A14.K_7,7,,normal,184793.14~A14.K_7L.png,184793.14~A14.K_7R.png,train,/data5/chensx/MyProject/UAE/data/arrangement_merged/chr_07/184793.14~A14.K_7L.png,/data5/chensx/MyProject/UAE/data/arrangement_merged/chr_07/184793.14~A14.K_7R.png,0,-0.5070889000078134,,0.0009268522262573,-0.4525673253027118,chromosome
0,0.0010326504707336,184793,184793.14~A26.K_7,7,,normal,184793.14~A26.K_7L.png,184793.14~A26.K_7R.png,train,/data5/chensx/MyProject/UAE/data/arrangement_merged/chr_07/184793.14~A26.K_7L.png,/data5/chensx/MyProject/UAE/data/arrangement_merged/chr_07/184793.14~A26.K_7R.png,0,-0.372680706306056,,0.0010326504707336,0.2979779417414071,chromosome
0,0.0009810924530029,184793,184793.14~A27.K_7,7,,normal,184793.14~A27.K_7L.png,184793.14~A27.K_7R.png,train,/data5/chensx/MyProject/UAE/data/arrangement_merged/chr_07/184793.14~A27.K_7L.png,/data5/chensx/MyProject/UAE/data/arrangement_merged/chr_07/184793.14~A27.K_7R.png,0,-0.4381810373212786,,0.0009810924530029,-0.06778073769133326,chromosome
0,0.0009371042251586,184793,184793.14~A3.K_7,7,,normal,184793.14~A3.K_7L.png,184793.14~A3.K_7R.png,train,/data5/chensx/MyProject/UAE/data/arrangement_merged/chr_07/184793.14~A3.K_7L.png,/data5/chensx/MyProject/UAE/data/arrangement_merged/chr_07/184793.14~A3.K_7R.png,0,-0.494064556730798,,0.0009371042251586,-0.379838431820591,chromosome
0,0.0011377334594726,184793,184793.14~A30.K_7,7,,normal,184793.14~A30.K_7L.png,184793.14~A30.K_7R.png,train,/data5/chensx/MyProject/UAE/data/arrangement_merged/chr_07/184793.14~A30.K_7L.png,/data5/chensx/MyProject/UAE/data/arrangement_merged/chr_07/184793.14~A30.K_7R.png,0,-0.2391811877166484,,0.0011377334594726,1.043449099937936,chromosome
0,0.0008579492568969,184793,184793.14~A32.K_7,7,,normal,184793.14~A32.K_7L.png,184793.14~A32.K_7R.png,train,/data5/chensx/MyProject/UAE/data/arrangement_merged/chr_07/184793.14~A32.K_7L.png,/data5/chensx/MyProject/UAE/data/arrangement_merged/chr_07/184793.14~A32.K_7R.png,0,-0.5946246024975214,,0.0008579492568969,-0.9413731442907468,chromosome
0,0.0009717345237731,184793,184793.14~A33.K_7,7,,normal,184793.14~A33.K_7L.png,184793.14~A33.K_7R.png,train,/data5/chensx/MyProject/UAE/data/arrangement_merged/chr_07/184793.14~A33.K_7L.png,/data5/chensx/MyProject/UAE/data/arrangement_merged/chr_07/184793.14~A33.K_7R.png,0,-0.4500695367078566,,0.0009717345237731,-0.13416699511485353,chromosome
0,0.000866949558258,184793,184793.14~A4.K_7,7,,normal,184793.14~A4.K_7L.png,184793.14~A4.K_7R.png,train,/data5/chensx/MyProject/UAE/data/arrangement_merged/chr_07/184793.14~A4.K_7L.png,/data5/chensx/MyProject/UAE/data/arrangement_merged/chr_07/184793.14~A4.K_7R.png,0,-0.5831904406671183,,0.000866949558258,-0.8775239412913757,chromosome
0,0.0011877417564392,184793,184793.14~A9.K_7,7,,normal,184793.14~A9.K_7L.png,184793.14~A9.K_7R.png,train,/data5/chensx/MyProject/UAE/data/arrangement_merged/chr_07/184793.14~A9.K_7L.png,/data5/chensx/MyProject/UAE/data/arrangement_merged/chr_07/184793.14~A9.K_7R.png,0,-0.175649652778184,,0.0011877417564392,1.3982138768679193,chromosome
0,0.0008457899093627,184793,184793.1~A26.K_7,7,,normal,184793.1~A26.K_7L.png,184793.1~A26.K_7R.png,train,/data5/chensx/MyProject/UAE/data/arrangement_merged/chr_07/184793.1~A26.K_7L.png,/data5/chensx/MyProject/UAE/data/arrangement_merged/chr_07/184793.1~A26.K_7R.png,0,-0.6100720794074698,,0.0008457899093627,-1.0276329947004832,chromosome
0,0.0009657144546508,184793,184793.2~A4.K_7,7,,normal,184793.2~A4.K_7L.png,184793.2~A4.K_7R.png,train,/data5/chensx/MyProject/UAE/data/arrangement_merged/chr_07/184793.2~A4.K_7L.png,/data5/chensx/MyProject/UAE/data/arrangement_merged/chr_07/184793.2~A4.K_7R.png,0,-0.4577175522368016,,0.0009657144546508,-0.17687407791557894,chromosome
0,0.0010801553726196,184793,184793.3~A8.K_7,7,,normal,184793.3~A8.K_7L.png,184793.3~A8.K_7R.png,train,/data5/chensx/MyProject/UAE/data/arrangement_merged/chr_07/184793.3~A8.K_7L.png,/data5/chensx/MyProject/UAE/data/arrangement_merged/chr_07/184793.3~A8.K_7R.png,0,-0.3123295342608161,,0.0010801553726196,0.634983337704471,chromosome
0,0.0010223984718322,185290,185290.11~A25.K_7,7,,normal,185290.11~A25.K_7L.png,185290.11~A25.K_7R.png,train,/data5/chensx/MyProject/UAE/data/arrangement_merged/chr_07/185290.11~A25.K_7L.png,/data5/chensx/MyProject/UAE/data/arrangement_merged/chr_07/185290.11~A25.K_7R.png,0,-0.3725915903603302,,0.0010223984718322,0.2252490482585757,chromosome
0,0.0010261535644531,185290,185290.11~A27.K_7,7,,normal,185290.11~A27.K_7L.png,185290.11~A27.K_7R.png,train,/data5/chensx/MyProject/UAE/data/arrangement_merged/chr_07/185290.11~A27.K_7L.png,/data5/chensx/MyProject/UAE/data/arrangement_merged/chr_07/185290.11~A27.K_7R.png,0,-0.3675781110657983,,0.0010261535644531,0.25188811970895536,chromosome
0,0.0011737942695617,185290,185290.11~A38.K_7,7,,normal,185290.11~A38.K_7L.png,185290.11~A38.K_7R.png,train,/data5/chensx/MyProject/UAE/data/arrangement_merged/chr_07/185290.11~A38.K_7L.png,/data5/chensx/MyProject/UAE/data/arrangement_merged/chr_07/185290.11~A38.K_7R.png,0,-0.17046083785063,,0.0011737942695617,1.2992687543388521,chromosome
0,0.0008606314659118,185290,185290.12~A12.K_7,7,,normal,185290.12~A12.K_7L.png,185290.12~A12.K_7R.png,train,/data5/chensx/MyProject/UAE/data/arrangement_merged/chr_07/185290.12~A12.K_7L.png,/data5/chensx/MyProject/UAE/data/arrangement_merged/chr_07/185290.12~A12.K_7R.png,0,-0.5885690952073092,,0.0008606314659118,-0.9223452361121078,chromosome
0,0.0009316802024841,185290,185290.12~A33.K_7,7,,normal,185290.12~A33.K_7L.png,185290.12~A33.K_7R.png,train,/data5/chensx/MyProject/UAE/data/arrangement_merged/chr_07/185290.12~A33.K_7L.png,/data5/chensx/MyProject/UAE/data/arrangement_merged/chr_07/185290.12~A33.K_7R.png,0,-0.4937108837933081,,0.0009316802024841,-0.4183170905813036,chromosome
0,0.0010697841644287,185290,185290.12~A35.K_7,7,,normal,185290.12~A35.K_7L.png,185290.12~A35.K_7R.png,train,/data5/chensx/MyProject/UAE/data/arrangement_merged/chr_07/185290.12~A35.K_7L.png,/data5/chensx/MyProject/UAE/data/arrangement_merged/chr_07/185290.12~A35.K_7R.png,0,-0.3093262564055225,,0.0010697841644287,0.5614087594140639,chromosome
0,0.0009618997573852,185290,185290.12~A49.K_7,7,,normal,185290.12~A49.K_7L.png,185290.12~A49.K_7R.png,train,/data5/chensx/MyProject/UAE/data/arrangement_merged/chr_07/185290.12~A49.K_7L.png,/data5/chensx/MyProject/UAE/data/arrangement_merged/chr_07/185290.12~A49.K_7R.png,0,-0.4533643123277892,,0.0009618997573852,-0.20393599176939106,chromosome
0,0.0011436939239501,185290,185290.12~A5.K_7,7,,normal,185290.12~A5.K_7L.png,185290.12~A5.K_7R.png,train,/data5/chensx/MyProject/UAE/data/arrangement_merged/chr_07/185290.12~A5.K_7L.png,/data5/chensx/MyProject/UAE/data/arrangement_merged/chr_07/185290.12~A5.K_7R.png,0,-0.2106482512433066,,0.0011436939239501,1.0857333403345168,chromosome
0,0.0010170340538024,185290,185290.12~A50.K_7,7,,normal,185290.12~A50.K_7L.png,185290.12~A50.K_7R.png,train,/data5/chensx/MyProject/UAE/data/arrangement_merged/chr_07/185290.12~A50.K_7L.png,/data5/chensx/MyProject/UAE/data/arrangement_merged/chr_07/185290.12~A50.K_7R.png,0,-0.379753703638233,,0.0010170340538024,0.18719323190129789,chromosome
0,0.0009173154830932,185290,185290.12~A7.K_7,7,,normal,185290.12~A7.K_7L.png,185290.12~A7.K_7R.png,train,/data5/chensx/MyProject/UAE/data/arrangement_merged/chr_07/185290.12~A7.K_7L.png,/data5/chensx/MyProject/UAE/data/arrangement_merged/chr_07/185290.12~A7.K_7R.png,0,-0.5128894315708032,,0.0009173154830932,-0.5202221099379525,chromosome
0,0.0011848211288452,185290,185290.12~A8.K_7,7,,normal,185290.12~A8.K_7L.png,185290.12~A8.K_7R.png,train,/data5/chensx/MyProject/UAE/data/arrangement_merged/chr_07/185290.12~A8.K_7L.png,/data5/chensx/MyProject/UAE/data/arrangement_merged/chr_07/185290.12~A8.K_7R.png,0,-0.1557387161127188,,0.0011848211288452,1.3774945990734166,chromosome
0,0.0009878873825073,185290,185290.13~A13.K_7,7,,normal,185290.13~A13.K_7L.png,185290.13~A13.K_7R.png,train,/data5/chensx/MyProject/UAE/data/arrangement_merged/chr_07/185290.13~A13.K_7L.png,/data5/chensx/MyProject/UAE/data/arrangement_merged/chr_07/185290.13~A13.K_7R.png,0,-0.4186678524481714,,0.0009878873825073,-0.01957670363887544,chromosome
0,0.0009909868240356,185290,185290.13~A26.K_7,7,,normal,185290.13~A26.K_7L.png,185290.13~A26.K_7R.png,train,/data5/chensx/MyProject/UAE/data/arrangement_merged/chr_07/185290.13~A26.K_7L.png,/data5/chensx/MyProject/UAE/data/arrangement_merged/chr_07/185290.13~A26.K_7R.png,0,-0.414529742554272,,0.0009909868240356,0.0024111013673482297,chromosome
0,0.0009341835975646,185290,185290.13~A28.K_7,7,,normal,185290.13~A28.K_7L.png,185290.13~A28.K_7R.png,train,/data5/chensx/MyProject/UAE/data/arrangement_merged/chr_07/185290.13~A28.K_7L.png,/data5/chensx/MyProject/UAE/data/arrangement_merged/chr_07/185290.13~A28.K_7R.png,0,-0.4903685642636201,,0.0009341835975646,-0.4005577096150935,chromosome
0,0.0009938478469848,185290,185290.13~A30.K_7,7,,normal,185290.13~A30.K_7L.png,185290.13~A30.K_7R.png,train,/data5/chensx/MyProject/UAE/data/arrangement_merged/chr_07/185290.13~A30.K_7L.png,/data5/chensx/MyProject/UAE/data/arrangement_merged/chr_07/185290.13~A30.K_7R.png,0,-0.4107099488060572,,0.0009938478469848,0.022707536757706766,chromosome
0,0.0010071396827697,185290,185290.13~A35.K_7,7,,normal,185290.13~A35.K_7L.png,185290.13~A35.K_7R.png,train,/data5/chensx/MyProject/UAE/data/arrangement_merged/chr_07/185290.13~A35.K_7L.png,/data5/chensx/MyProject/UAE/data/arrangement_merged/chr_07/185290.13~A35.K_7R.png,0,-0.3929638236841425,,0.0010071396827697,0.1170013928426164,chromosome
0,0.0010290741920471,185290,185290.13~A36.K_7,7,,normal,185290.13~A36.K_7L.png,185290.13~A36.K_7R.png,train,/data5/chensx/MyProject/UAE/data/arrangement_merged/chr_07/185290.13~A36.K_7L.png,/data5/chensx/MyProject/UAE/data/arrangement_merged/chr_07/185290.13~A36.K_7R.png,0,-0.3636787382811624,,0.0010290741920471,0.2726073975034578,chromosome
0,0.0011214017868041,185290,185290.13~A46.K_7,7,,normal,185290.13~A46.K_7L.png,185290.13~A46.K_7R.png,train,/data5/chensx/MyProject/UAE/data/arrangement_merged/chr_07/185290.13~A46.K_7L.png,/data5/chensx/MyProject/UAE/data/arrangement_merged/chr_07/185290.13~A46.K_7R.png,0,-0.2404108108648137,,0.0011214017868041,0.927590281250236,chromosome
0,0.0009341835975646,185290,185290.13~A6.K_7,7,,normal,185290.13~A6.K_7L.png,185290.13~A6.K_7R.png,train,/data5/chensx/MyProject/UAE/data/arrangement_merged/chr_07/185290.13~A6.K_7L.png,/data5/chensx/MyProject/UAE/data/arrangement_merged/chr_07/185290.13~A6.K_7R.png,0,-0.4903685642636201,,0.0009341835975646,-0.4005577096150935,chromosome
0,0.0008226633071899,185290,185290.13~A7.K_7,7,,normal,185290.13~A7.K_7L.png,185290.13~A7.K_7R.png,train,/data5/chensx/MyProject/UAE/data/arrangement_merged/chr_07/185290.13~A7.K_7L.png,/data5/chensx/MyProject/UAE/data/arrangement_merged/chr_07/185290.13~A7.K_7R.png,0,-0.6392609414075765,,0.0008226633071899,-1.191695847439931,chromosome
0,0.0009666681289672,185290,185290.14~A27.K_7,7,,normal,185290.14~A27.K_7L.png,185290.14~A27.K_7R.png,train,/data5/chensx/MyProject/UAE/data/arrangement_merged/chr_07/185290.14~A27.K_7L.png,/data5/chensx/MyProject/UAE/data/arrangement_merged/chr_07/185290.14~A27.K_7R.png,0,-0.4469979894140978,,0.0009666681289672,-0.1701085994521253,chromosome
0,0.0010390281677246,185290,185290.14~A31.K_7,7,,normal,185290.14~A31.K_7L.png,185290.14~A31.K_7R.png,train,/data5/chensx/MyProject/UAE/data/arrangement_merged/chr_07/185290.14~A31.K_7L.png,/data5/chensx/MyProject/UAE/data/arrangement_merged/chr_07/185290.14~A31.K_7R.png,0,-0.3503890391988317,,0.0010390281677246,0.34322207896628176,chromosome
0,0.0009390115737915,185290,185290.14~A44.K_7,7,,normal,185290.14~A44.K_7L.png,185290.14~A44.K_7R.png,train,/data5/chensx/MyProject/UAE/data/arrangement_merged/chr_07/185290.14~A44.K_7L.png,/data5/chensx/MyProject/UAE/data/arrangement_merged/chr_07/185290.14~A44.K_7R.png,0,-0.4839226623135076,,0.0009390115737915,-0.36630747489297544,chromosome
0,0.0011131763458251,185290,185290.14~A47.K_7,7,,normal,185290.14~A47.K_7L.png,185290.14~A47.K_7R.png,train,/data5/chensx/MyProject/UAE/data/arrangement_merged/chr_07/185290.14~A47.K_7L.png,/data5/chensx/MyProject/UAE/data/arrangement_merged/chr_07/185290.14~A47.K_7R.png,0,-0.2513927178909312,,0.0011131763458251,0.8692380295025982,chromosome
0,0.0009775161743164,185290,185290.1~A31.K_7,7,,normal,185290.1~A31.K_7L.png,185290.1~A31.K_7R.png,train,/data5/chensx/MyProject/UAE/data/arrangement_merged/chr_07/185290.1~A31.K_7L.png,/data5/chensx/MyProject/UAE/data/arrangement_merged/chr_07/185290.1~A31.K_7R.png,0,-0.43251460478545,,0.0009775161743164,-0.09315128192928258,chromosome
0,0.0009301900863647,185290,185290.1~A32.K_7,7,,normal,185290.1~A32.K_7L.png,185290.1~A32.K_7R.png,train,/data5/chensx/MyProject/UAE/data/arrangement_merged/chr_07/185290.1~A32.K_7L.png,/data5/chensx/MyProject/UAE/data/arrangement_merged/chr_07/185290.1~A32.K_7R.png,0,-0.4957003597038366,,0.0009301900863647,-0.4288881506806261,chromosome
0,0.0008445382118225,185290,185290.1~A35.K_7,7,,normal,185290.1~A35.K_7L.png,185290.1~A35.K_7R.png,train,/data5/chensx/MyProject/UAE/data/arrangement_merged/chr_07/185290.1~A35.K_7L.png,/data5/chensx/MyProject/UAE/data/arrangement_merged/chr_07/185290.1~A35.K_7R.png,0,-0.6100554350410174,,0.0008445382118225,-1.0365126851832336,chromosome
0,0.0010464191436767,185290,185290.2~A19.K_7,7,,normal,185290.2~A19.K_7L.png,185290.2~A19.K_7R.png,train,/data5/chensx/MyProject/UAE/data/arrangement_merged/chr_07/185290.2~A19.K_7L.png,/data5/chensx/MyProject/UAE/data/arrangement_merged/chr_07/185290.2~A19.K_7R.png,0,-0.3405212386826101,,0.0010464191436767,0.39565453705804243,chromosome
0,0.0009840726852416,185290,185290.3~A26.K_7,7,,normal,185290.3~A26.K_7L.png,185290.3~A26.K_7R.png,train,/data5/chensx/MyProject/UAE/data/arrangement_merged/chr_07/185290.3~A26.K_7L.png,/data5/chensx/MyProject/UAE/data/arrangement_merged/chr_07/185290.3~A26.K_7R.png,0,-0.4237609107791244,,0.0009840726852416,-0.04663861749339751,chromosome
0,0.0010534524917602,185290,185290.3~A32.K_7,7,,normal,185290.3~A32.K_7L.png,185290.3~A32.K_7R.png,train,/data5/chensx/MyProject/UAE/data/arrangement_merged/chr_07/185290.3~A32.K_7L.png,/data5/chensx/MyProject/UAE/data/arrangement_merged/chr_07/185290.3~A32.K_7R.png,0,-0.3311309123849154,,0.0010534524917602,0.4455499407263639,chromosome
0,0.0010204911231994,185290,185290.4~A11.K_7,7,,normal,185290.4~A11.K_7L.png,185290.4~A11.K_7R.png,train,/data5/chensx/MyProject/UAE/data/arrangement_merged/chr_07/185290.4~A11.K_7L.png,/data5/chensx/MyProject/UAE/data/arrangement_merged/chr_07/185290.4~A11.K_7R.png,0,-0.3751381195258068,,0.0010204911231994,0.21171809133167,chromosome
0,0.001095175743103,185290,185290.4~A15.K_7,7,,normal,185290.4~A15.K_7L.png,185290.4~A15.K_7R.png,train,/data5/chensx/MyProject/UAE/data/arrangement_merged/chr_07/185290.4~A15.K_7L.png,/data5/chensx/MyProject/UAE/data/arrangement_merged/chr_07/185290.4~A15.K_7R.png,0,-0.2754255868901161,,0.001095175743103,0.7415396235045667,chromosome
0,0.0010501146316528,185290,185290.4~A18.K_7,7,,normal,185290.4~A18.K_7L.png,185290.4~A18.K_7R.png,train,/data5/chensx/MyProject/UAE/data/arrangement_merged/chr_07/185290.4~A18.K_7L.png,/data5/chensx/MyProject/UAE/data/arrangement_merged/chr_07/185290.4~A18.K_7R.png,0,-0.3355873384244993,,0.0010501146316528,0.42187076610427815,chromosome
0,0.0008735656738281,185290,185290.4~A28.K_7,7,,normal,185290.4~A28.K_7L.png,185290.4~A28.K_7R.png,train,/data5/chensx/MyProject/UAE/data/arrangement_merged/chr_07/185290.4~A28.K_7L.png,/data5/chensx/MyProject/UAE/data/arrangement_merged/chr_07/185290.4~A28.K_7R.png,0,-0.5713004443039214,,0.0008735656738281,-0.8305884344506382,chromosome
0,0.0008122324943542,185290,185290.4~A29.K_7,7,,normal,185290.4~A29.K_7L.png,185290.4~A29.K_7R.png,train,/data5/chensx/MyProject/UAE/data/arrangement_merged/chr_07/185290.4~A29.K_7L.png,/data5/chensx/MyProject/UAE/data/arrangement_merged/chr_07/185290.4~A29.K_7R.png,0,-0.6531872727812763,,0.0008122324943542,-1.2656932681344815,chromosome
0,0.0008415579795837,185290,185290.4~A37.K_7,7,,normal,185290.4~A37.K_7L.png,185290.4~A37.K_7R.png,train,/data5/chensx/MyProject/UAE/data/arrangement_merged/chr_07/185290.4~A37.K_7L.png,/data5/chensx/MyProject/UAE/data/arrangement_merged/chr_07/185290.4~A37.K_7R.png,0,-0.6140343868620746,,0.0008415579795837,-1.0576548053818793,chromosome
0,0.0009873509407043,185290,185290.4~A9.K_7,7,,normal,185290.4~A9.K_7L.png,185290.4~A9.K_7R.png,train,/data5/chensx/MyProject/UAE/data/arrangement_merged/chr_07/185290.4~A9.K_7L.png,/data5/chensx/MyProject/UAE/data/arrangement_merged/chr_07/185290.4~A9.K_7R.png,0,-0.4193840637759616,,0.0009873509407043,-0.02338228527474505,chromosome
0,0.0009902715682983,185824,185824.11~A10.K_7,7,,normal,185824.11~A10.K_7L.png,185824.11~A10.K_7R.png,train,/data5/chensx/MyProject/UAE/data/arrangement_merged/chr_07/185824.11~A10.K_7L.png,/data5/chensx/MyProject/UAE/data/arrangement_merged/chr_07/185824.11~A10.K_7R.png,0,-0.3780223470424538,,0.0009902715682983,-0.0026630074802425577,chromosome
0,0.0008513927459716,185824,185824.11~A15.K_7,7,,normal,185824.11~A15.K_7L.png,185824.11~A15.K_7R.png,train,/data5/chensx/MyProject/UAE/data/arrangement_merged/chr_07/185824.11~A15.K_7L.png,/data5/chensx/MyProject/UAE/data/arrangement_merged/chr_07/185824.11~A15.K_7R.png,0,-0.5590042366131537,,0.0008513927459716,-0.9878858087273418,chromosome
0,0.0009952187538146,185824,185824.11~A31.K_7,7,,normal,185824.11~A31.K_7L.png,185824.11~A31.K_7R.png,train,/data5/chensx/MyProject/UAE/data/arrangement_merged/chr_07/185824.11~A31.K_7L.png,/data5/chensx/MyProject/UAE/data/arrangement_merged/chr_07/185824.11~A31.K_7R.png,0,-0.3715753526929397,,0.0009952187538146,0.032432912048742844,chromosome
0,0.0010124444961547,185824,185824.12~A12.K_7,7,,normal,185824.12~A12.K_7L.png,185824.12~A12.K_7R.png,train,/data5/chensx/MyProject/UAE/data/arrangement_merged/chr_07/185824.12~A12.K_7L.png,/data5/chensx/MyProject/UAE/data/arrangement_merged/chr_07/185824.12~A12.K_7R.png,0,-0.3491273844157155,,0.0010124444961547,0.15463436679575177,chromosome
0,0.0009549856185913,185824,185824.12~A28.K_7,7,,normal,185824.12~A28.K_7L.png,185824.12~A28.K_7R.png,train,/data5/chensx/MyProject/UAE/data/arrangement_merged/chr_07/185824.12~A28.K_7L.png,/data5/chensx/MyProject/UAE/data/arrangement_merged/chr_07/185824.12~A28.K_7R.png,0,-0.4240057284269407,,0.0009549856185913,-0.2529857106294261,chromosome
0,0.0009196996688842,185824,185824.12~A31.K_7,7,,normal,185824.12~A31.K_7L.png,185824.12~A31.K_7R.png,train,/data5/chensx/MyProject/UAE/data/arrangement_merged/chr_07/185824.12~A31.K_7L.png,/data5/chensx/MyProject/UAE/data/arrangement_merged/chr_07/185824.12~A31.K_7R.png,0,-0.4699891098114275,,0.0009196996688842,-0.5033084137793196,chromosome
0,0.0008922219276428,185824,185824.12~A38.K_7,7,,normal,185824.12~A38.K_7L.png,185824.12~A38.K_7R.png,train,/data5/chensx/MyProject/UAE/data/arrangement_merged/chr_07/185824.12~A38.K_7L.png,/data5/chensx/MyProject/UAE/data/arrangement_merged/chr_07/185824.12~A38.K_7R.png,0,-0.5057971145719823,,0.0008922219276428,-0.6982387620084493,chromosome
0,0.0008600950241088,185824,185824.12~A48.K_7,7,,normal,185824.12~A48.K_7L.png,185824.12~A48.K_7R.png,train,/data5/chensx/MyProject/UAE/data/arrangement_merged/chr_07/185824.12~A48.K_7L.png,/data5/chensx/MyProject/UAE/data/arrangement_merged/chr_07/185824.12~A48.K_7R.png,0,-0.5476637405284661,,0.0008600950241088,-0.9261508177479775,chromosome
0,0.0009880661964416,185824,185824.12~A7.K_7,7,,normal,185824.12~A7.K_7L.png,185824.12~A7.K_7R.png,train,/data5/chensx/MyProject/UAE/data/arrangement_merged/chr_07/185824.12~A7.K_7L.png,/data5/chensx/MyProject/UAE/data/arrangement_merged/chr_07/185824.12~A7.K_7R.png,0,-0.3808963083789843,,0.0009880661964416,-0.018308176427154262,chromosome
0,0.0011279582977294,185824,185824.13~A1.K_7,7,,normal,185824.13~A1.K_7L.png,185824.13~A1.K_7R.png,train,/data5/chensx/MyProject/UAE/data/arrangement_merged/chr_07/185824.13~A1.K_7L.png,/data5/chensx/MyProject/UAE/data/arrangement_merged/chr_07/185824.13~A1.K_7R.png,0,-0.1985939500860948,,0.0011279582977294,0.9741029456868319,chromosome
0,0.0008187294006347,185824,185824.13~A14.K_7,7,,normal,185824.13~A14.K_7L.png,185824.13~A14.K_7R.png,train,/data5/chensx/MyProject/UAE/data/arrangement_merged/chr_07/185824.13~A14.K_7L.png,/data5/chensx/MyProject/UAE/data/arrangement_merged/chr_07/185824.13~A14.K_7R.png,0,-0.6015699342460908,,0.0008187294006347,-1.2196034461020295,chromosome
0,0.0009970664978027,185824,185824.13~A5.K_7,7,,normal,185824.13~A5.K_7L.png,185824.13~A5.K_7R.png,train,/data5/chensx/MyProject/UAE/data/arrangement_merged/chr_07/185824.13~A5.K_7L.png,/data5/chensx/MyProject/UAE/data/arrangement_merged/chr_07/185824.13~A5.K_7R.png,0,-0.3691674391407115,,0.0009970664978027,0.04554102657221527,chromosome
0,0.0011237263679504,185824,185824.1~A10.K_7,7,,normal,185824.1~A10.K_7L.png,185824.1~A10.K_7R.png,train,/data5/chensx/MyProject/UAE/data/arrangement_merged/chr_07/185824.1~A10.K_7L.png,/data5/chensx/MyProject/UAE/data/arrangement_merged/chr_07/185824.1~A10.K_7R.png,0,-0.2041088488670045,,0.0011237263679504,0.9440811350054357,chromosome
0,0.0010477304458618,185824,185824.1~A11.K_7,7,,normal,185824.1~A11.K_7L.png,185824.1~A11.K_7R.png,train,/data5/chensx/MyProject/UAE/data/arrangement_merged/chr_07/185824.1~A11.K_7L.png,/data5/chensx/MyProject/UAE/data/arrangement_merged/chr_07/185824.1~A11.K_7R.png,0,-0.3031440030312287,,0.0010477304458618,0.40495706994564523,chromosome
0,0.0010073184967041,185824,185824.1~A18.K_7,7,,normal,185824.1~A18.K_7L.png,185824.1~A18.K_7R.png,train,/data5/chensx/MyProject/UAE/data/arrangement_merged/chr_07/185824.1~A18.K_7L.png,/data5/chensx/MyProject/UAE/data/arrangement_merged/chr_07/185824.1~A18.K_7R.png,0,-0.3558074026573808,,0.0010073184967041,0.11826992005504673,chromosome
0,0.0008772015571594,185824,185824.1~A39.K_7,7,,normal,185824.1~A39.K_7L.png,185824.1~A39.K_7R.png,train,/data5/chensx/MyProject/UAE/data/arrangement_merged/chr_07/185824.1~A39.K_7L.png,/data5/chensx/MyProject/UAE/data/arrangement_merged/chr_07/185824.1~A39.K_7R.png,0,-0.5253711215126761,,0.0008772015571594,-0.8047950478085457,chromosome
0,0.0010385513305664,185824,185824.2~A10.K_7,7,,normal,185824.2~A10.K_7L.png,185824.2~A10.K_7R.png,train,/data5/chensx/MyProject/UAE/data/arrangement_merged/chr_07/185824.2~A10.K_7L.png,/data5/chensx/MyProject/UAE/data/arrangement_merged/chr_07/185824.2~A10.K_7R.png,0,-0.3151058961616526,,0.0010385513305664,0.33983933973455455,chromosome
0,0.001051127910614,185824,185824.2~A11.K_7,7,,normal,185824.2~A11.K_7L.png,185824.2~A11.K_7R.png,train,/data5/chensx/MyProject/UAE/data/arrangement_merged/chr_07/185824.2~A11.K_7L.png,/data5/chensx/MyProject/UAE/data/arrangement_merged/chr_07/185824.2~A11.K_7R.png,0,-0.2987165490803575,,0.001051127910614,0.42905908697187495,chromosome
0,0.0010101795196533,185824,185824.2~A14.K_7,7,,normal,185824.2~A14.K_7L.png,185824.2~A14.K_7R.png,train,/data5/chensx/MyProject/UAE/data/arrangement_merged/chr_07/185824.2~A14.K_7L.png,/data5/chensx/MyProject/UAE/data/arrangement_merged/chr_07/185824.2~A14.K_7R.png,0,-0.352079020382963,,0.0010101795196533,0.13856635544540527,chromosome
0,0.0009645819664001,185824,185824.2~A17.K_7,7,,normal,185824.2~A17.K_7L.png,185824.2~A17.K_7R.png,train,/data5/chensx/MyProject/UAE/data/arrangement_merged/chr_07/185824.2~A17.K_7L.png,/data5/chensx/MyProject/UAE/data/arrangement_merged/chr_07/185824.2~A17.K_7R.png,0,-0.4115001128814975,,0.0009645819664001,-0.18490808359075217,chromosome
0,0.0009560585021972,185824,185824.2~A2.K_7,7,,normal,185824.2~A2.K_7L.png,185824.2~A2.K_7R.png,train,/data5/chensx/MyProject/UAE/data/arrangement_merged/chr_07/185824.2~A2.K_7L.png,/data5/chensx/MyProject/UAE/data/arrangement_merged/chr_07/185824.2~A2.K_7R.png,0,-0.422607585074034,,0.0009560585021972,-0.24537454735839606,chromosome
0,0.0009608268737792,185824,185824.2~A25.K_7,7,,normal,185824.2~A25.K_7L.png,185824.2~A25.K_7R.png,train,/data5/chensx/MyProject/UAE/data/arrangement_merged/chr_07/185824.2~A25.K_7L.png,/data5/chensx/MyProject/UAE/data/arrangement_merged/chr_07/185824.2~A25.K_7R.png,0,-0.4163936146166709,,0.0009608268737792,-0.21154715504113106,chromosome
0,0.0010250210762023,185824,185824.2~A27.K_7,7,,normal,185824.2~A27.K_7L.png,185824.2~A27.K_7R.png,train,/data5/chensx/MyProject/UAE/data/arrangement_merged/chr_07/185824.2~A27.K_7L.png,/data5/chensx/MyProject/UAE/data/arrangement_merged/chr_07/185824.2~A27.K_7R.png,0,-0.3327380373344204,,0.0010250210762023,0.24385411403307217,chromosome
0,0.0009098649024963,185824,185824.2~A7.K_7,7,,normal,185824.2~A7.K_7L.png,185824.2~A7.K_7R.png,train,/data5/chensx/MyProject/UAE/data/arrangement_merged/chr_07/185824.2~A7.K_7L.png,/data5/chensx/MyProject/UAE/data/arrangement_merged/chr_07/185824.2~A7.K_7R.png,0,-0.4828054238797389,,0.0009098649024963,-0.5730774104338572,chromosome
0,0.0010389685630798,185824,185824.2~A8.K_7,7,,normal,185824.2~A8.K_7L.png,185824.2~A8.K_7R.png,train,/data5/chensx/MyProject/UAE/data/arrangement_merged/chr_07/185824.2~A8.K_7L.png,/data5/chensx/MyProject/UAE/data/arrangement_merged/chr_07/185824.2~A8.K_7R.png,0,-0.3145621737466333,,0.0010389685630798,0.3427992365621378,chromosome
0,0.0010573267936706,185824,185824.2~A9.K_7,7,,normal,185824.2~A9.K_7L.png,185824.2~A9.K_7R.png,train,/data5/chensx/MyProject/UAE/data/arrangement_merged/chr_07/185824.2~A9.K_7L.png,/data5/chensx/MyProject/UAE/data/arrangement_merged/chr_07/185824.2~A9.K_7R.png,0,-0.2906383874857854,,0.0010573267936706,0.4730346969843207,chromosome
0,0.0011763572692871,185824,185824.3~A18.K_7,7,,normal,185824.3~A18.K_7L.png,185824.3~A18.K_7R.png,train,/data5/chensx/MyProject/UAE/data/arrangement_merged/chr_07/185824.3~A18.K_7L.png,/data5/chensx/MyProject/UAE/data/arrangement_merged/chr_07/185824.3~A18.K_7R.png,0,-0.1355221499438594,,0.0011763572692871,1.3174509777099153,chromosome
0,0.00092214345932,185824,185824.3~A2.K_7,7,,normal,185824.3~A2.K_7L.png,185824.3~A2.K_7R.png,train,/data5/chensx/MyProject/UAE/data/arrangement_merged/chr_07/185824.3~A2.K_7L.png,/data5/chensx/MyProject/UAE/data/arrangement_merged/chr_07/185824.3~A2.K_7R.png,0,-0.4668044499520289,,0.00092214345932,-0.4859718752165443,chromosome
0,0.0009971261024475,185824,185824.3~A28.K_7,7,,normal,185824.3~A28.K_7L.png,185824.3~A28.K_7R.png,train,/data5/chensx/MyProject/UAE/data/arrangement_merged/chr_07/185824.3~A28.K_7L.png,/data5/chensx/MyProject/UAE/data/arrangement_merged/chr_07/185824.3~A28.K_7R.png,0,-0.3690897645099944,,0.0009971261024475,0.04596386897635923,chromosome
0,0.001021385192871,185824,185824.3~A41.K_7,7,,normal,185824.3~A41.K_7L.png,185824.3~A41.K_7R.png,train,/data5/chensx/MyProject/UAE/data/arrangement_merged/chr_07/185824.3~A41.K_7L.png,/data5/chensx/MyProject/UAE/data/arrangement_merged/chr_07/185824.3~A41.K_7R.png,0,-0.3374761898081597,,0.001021385192871,0.21806072739098042,chromosome
0,0.0009261965751647,185824,185824.3~A43.K_7,7,,normal,185824.3~A43.K_7L.png,185824.3~A43.K_7R.png,train,/data5/chensx/MyProject/UAE/data/arrangement_merged/chr_07/185824.3~A43.K_7L.png,/data5/chensx/MyProject/UAE/data/arrangement_merged/chr_07/185824.3~A43.K_7R.png,0,-0.4615225750632703,,0.0009261965751647,-0.4572185917468678,chromosome
0,0.0010633468627929,185824,185824.3~A46.K_7,7,,normal,185824.3~A46.K_7L.png,185824.3~A46.K_7R.png,train,/data5/chensx/MyProject/UAE/data/arrangement_merged/chr_07/185824.3~A46.K_7L.png,/data5/chensx/MyProject/UAE/data/arrangement_merged/chr_07/185824.3~A46.K_7R.png,0,-0.2827932497833646,,0.0010633468627929,0.5157417797850453,chromosome
0,0.0011969804763793,186193,186193.11~A23.K_7,7,,normal,186193.11~A23.K_7L.png,186193.11~A23.K_7R.png,train,/data5/chensx/MyProject/UAE/data/arrangement_merged/chr_07/186193.11~A23.K_7L.png,/data5/chensx/MyProject/UAE/data/arrangement_merged/chr_07/186193.11~A23.K_7R.png,0,-0.1634347654360073,,0.0011969804763793,1.4637544494824433,chromosome
0,0.0008518695831298,186193,186193.12~A4.K_7,7,,normal,186193.12~A4.K_7L.png,186193.12~A4.K_7R.png,train,/data5/chensx/MyProject/UAE/data/arrangement_merged/chr_07/186193.12~A4.K_7L.png,/data5/chensx/MyProject/UAE/data/arrangement_merged/chr_07/186193.12~A4.K_7R.png,0,-0.5926015851722948,,0.0008518695831298,-0.9845030694956153,chromosome
0,0.0008565783500671,186193,186193.13~A11.K_7,7,,normal,186193.13~A11.K_7L.png,186193.13~A11.K_7R.png,train,/data5/chensx/MyProject/UAE/data/arrangement_merged/chr_07/186193.13~A11.K_7L.png,/data5/chensx/MyProject/UAE/data/arrangement_merged/chr_07/186193.13~A11.K_7R.png,0,-0.5867459411724387,,0.0008565783500671,-0.9510985195817836,chromosome
0,0.0009295344352722,186193,186193.13~A22.K_7,7,,normal,186193.13~A22.K_7L.png,186193.13~A22.K_7R.png,train,/data5/chensx/MyProject/UAE/data/arrangement_merged/chr_07/186193.13~A22.K_7L.png,/data5/chensx/MyProject/UAE/data/arrangement_merged/chr_07/186193.13~A22.K_7R.png,0,-0.4960205202126432,,0.0009295344352722,-0.4335394171240729,chromosome
0,0.0009647607803344,186193,186193.13~A4.K_7,7,,normal,186193.13~A4.K_7L.png,186193.13~A4.K_7R.png,train,/data5/chensx/MyProject/UAE/data/arrangement_merged/chr_07/186193.13~A4.K_7L.png,/data5/chensx/MyProject/UAE/data/arrangement_merged/chr_07/186193.13~A4.K_7R.png,0,-0.4522143733276439,,0.0009647607803344,-0.18363955637903176,chromosome
0,0.0010727643966674,186193,186193.13~A41.K_7,7,,normal,186193.13~A41.K_7L.png,186193.13~A41.K_7R.png,train,/data5/chensx/MyProject/UAE/data/arrangement_merged/chr_07/186193.13~A41.K_7L.png,/data5/chensx/MyProject/UAE/data/arrangement_merged/chr_07/186193.13~A41.K_7R.png,0,-0.3179051717106917,,0.0010727643966674,0.5825508796119997,chromosome
0,0.0008479356765747,186193,186193.13~A5.K_7,7,,normal,186193.13~A5.K_7L.png,186193.13~A5.K_7R.png,train,/data5/chensx/MyProject/UAE/data/arrangement_merged/chr_07/186193.13~A5.K_7L.png,/data5/chensx/MyProject/UAE/data/arrangement_merged/chr_07/186193.13~A5.K_7R.png,0,-0.5974936421848328,,0.0008479356765747,-1.0124106681570046,chromosome
0,0.000941514968872,186193,186193.1~A34.K_7,7,,normal,186193.1~A34.K_7L.png,186193.1~A34.K_7R.png,train,/data5/chensx/MyProject/UAE/data/arrangement_merged/chr_07/186193.1~A34.K_7L.png,/data5/chensx/MyProject/UAE/data/arrangement_merged/chr_07/186193.1~A34.K_7R.png,0,-0.4811219829471866,,0.000941514968872,-0.3485480939267661,chromosome
0,0.0011165142059326,186193,186193.1~A38.K_7,7,,normal,186193.1~A38.K_7L.png,186193.1~A38.K_7R.png,train,/data5/chensx/MyProject/UAE/data/arrangement_merged/chr_07/186193.1~A38.K_7L.png,/data5/chensx/MyProject/UAE/data/arrangement_merged/chr_07/186193.1~A38.K_7R.png,0,-0.2634995679651935,,0.0011165142059326,0.8929172041253945,chromosome
0,0.0009459257125854,186193,186193.1~A44.K_7,7,,normal,186193.1~A44.K_7L.png,186193.1~A44.K_7R.png,train,/data5/chensx/MyProject/UAE/data/arrangement_merged/chr_07/186193.1~A44.K_7L.png,/data5/chensx/MyProject/UAE/data/arrangement_merged/chr_07/186193.1~A44.K_7R.png,0,-0.4756369493270683,,0.0009459257125854,-0.3172577560329404,chromosome
0,0.0008932948112487,186193,186193.1~A8.K_7,7,,normal,186193.1~A8.K_7L.png,186193.1~A8.K_7R.png,train,/data5/chensx/MyProject/UAE/data/arrangement_merged/chr_07/186193.1~A8.K_7L.png,/data5/chensx/MyProject/UAE/data/arrangement_merged/chr_07/186193.1~A8.K_7R.png,0,-0.5410867423887508,,0.0008932948112487,-0.6906275987374192,chromosome
0,0.0008878707885742,186193,186193.2~A1.K_7,7,,normal,186193.2~A1.K_7L.png,186193.2~A1.K_7R.png,train,/data5/chensx/MyProject/UAE/data/arrangement_merged/chr_07/186193.2~A1.K_7L.png,/data5/chensx/MyProject/UAE/data/arrangement_merged/chr_07/186193.2~A1.K_7R.png,0,-0.5478318512999775,,0.0008878707885742,-0.7291062574981318,chromosome
0,0.0010974407196044,186193,186193.2~A12.K_7,7,,normal,186193.2~A12.K_7L.png,186193.2~A12.K_7R.png,train,/data5/chensx/MyProject/UAE/data/arrangement_merged/chr_07/186193.2~A12.K_7L.png,/data5/chensx/MyProject/UAE/data/arrangement_merged/chr_07/186193.2~A12.K_7R.png,0,-0.287218632268408,,0.0010974407196044,0.7576076348549132,chromosome
0,0.0009925365447998,186193,186193.2~A14.K_7,7,,normal,186193.2~A14.K_7L.png,186193.2~A14.K_7R.png,train,/data5/chensx/MyProject/UAE/data/arrangement_merged/chr_07/186193.2~A14.K_7L.png,/data5/chensx/MyProject/UAE/data/arrangement_merged/chr_07/186193.2~A14.K_7R.png,0,-0.4176734859360878,,0.0009925365447998,0.013405003870813103,chromosome
0,0.0009714365005493,186193,186193.2~A15.K_7,7,,normal,186193.2~A15.K_7L.png,186193.2~A15.K_7R.png,train,/data5/chensx/MyProject/UAE/data/arrangement_merged/chr_07/186193.2~A15.K_7L.png,/data5/chensx/MyProject/UAE/data/arrangement_merged/chr_07/186193.2~A15.K_7R.png,0,-0.4439127008215188,,0.0009714365005493,-0.1362812071341504,chromosome
0,0.0009166598320007,186193,186193.2~A24.K_7,7,,normal,186193.2~A24.K_7L.png,186193.2~A24.K_7R.png,train,/data5/chensx/MyProject/UAE/data/arrangement_merged/chr_07/186193.2~A24.K_7L.png,/data5/chensx/MyProject/UAE/data/arrangement_merged/chr_07/186193.2~A24.K_7R.png,0,-0.512030888617313,,0.0009166598320007,-0.5248733763813993,chromosome
0,0.0010629892349243,186193,186193.2~A3.K_7,7,,normal,186193.2~A3.K_7L.png,186193.2~A3.K_7R.png,train,/data5/chensx/MyProject/UAE/data/arrangement_merged/chr_07/186193.2~A3.K_7L.png,/data5/chensx/MyProject/UAE/data/arrangement_merged/chr_07/186193.2~A3.K_7R.png,0,-0.3300611921660892,,0.0010629892349243,0.5132047253616046,chromosome
0,0.0010469555854797,186193,186193.2~A37.K_7,7,,normal,186193.2~A37.K_7L.png,186193.2~A37.K_7R.png,train,/data5/chensx/MyProject/UAE/data/arrangement_merged/chr_07/186193.2~A37.K_7L.png,/data5/chensx/MyProject/UAE/data/arrangement_merged/chr_07/186193.2~A37.K_7R.png,0,-0.3500000305959789,,0.0010469555854797,0.39946011869391207,chromosome
0,0.0009392499923706,186193,186193.2~A4.K_7,7,,normal,186193.2~A4.K_7L.png,186193.2~A4.K_7R.png,train,/data5/chensx/MyProject/UAE/data/arrangement_merged/chr_07/186193.2~A4.K_7L.png,/data5/chensx/MyProject/UAE/data/arrangement_merged/chr_07/186193.2~A4.K_7R.png,0,-0.4839386218331933,,0.0009392499923706,-0.3646161052771118,chromosome
0,0.001035988330841,186193,186193.2~A42.K_7,7,,normal,186193.2~A42.K_7L.png,186193.2~A42.K_7R.png,train,/data5/chensx/MyProject/UAE/data/arrangement_merged/chr_07/186193.2~A42.K_7L.png,/data5/chensx/MyProject/UAE/data/arrangement_merged/chr_07/186193.2~A42.K_7R.png,0,-0.3636384925703272,,0.001035988330841,0.32165711636349287,chromosome
0,0.0009354352951049,186193,186193.2~A44.K_7,7,,normal,186193.2~A44.K_7L.png,186193.2~A44.K_7R.png,train,/data5/chensx/MyProject/UAE/data/arrangement_merged/chr_07/186193.2~A44.K_7L.png,/data5/chensx/MyProject/UAE/data/arrangement_merged/chr_07/186193.2~A44.K_7R.png,0,-0.4886824346938362,,0.0009354352951049,-0.3916780191316339,chromosome
0,0.0009839534759521,186193,186193.2~A46.K_7,7,,normal,186193.2~A46.K_7L.png,186193.2~A46.K_7R.png,train,/data5/chensx/MyProject/UAE/data/arrangement_merged/chr_07/186193.2~A46.K_7L.png,/data5/chensx/MyProject/UAE/data/arrangement_merged/chr_07/186193.2~A46.K_7R.png,0,-0.4283470648725343,,0.0009839534759521,-0.04748430230097319,chromosome
0,0.0008507966995239,186193,186193.2~A48.K_7,7,,normal,186193.2~A48.K_7L.png,186193.2~A48.K_7R.png,train,/data5/chensx/MyProject/UAE/data/arrangement_merged/chr_07/186193.2~A48.K_7L.png,/data5/chensx/MyProject/UAE/data/arrangement_merged/chr_07/186193.2~A48.K_7R.png,0,-0.5939357825393506,,0.0008507966995239,-0.9921142327666455,chromosome
0,0.0009700655937194,186193,186193.2~A5.K_7,7,,normal,186193.2~A5.K_7L.png,186193.2~A5.K_7R.png,train,/data5/chensx/MyProject/UAE/data/arrangement_merged/chr_07/186193.2~A5.K_7L.png,/data5/chensx/MyProject/UAE/data/arrangement_merged/chr_07/186193.2~A5.K_7R.png,0,-0.4456175085683124,,0.0009700655937194,-0.1460065824258964,chromosome
0,0.0009539127349853,186193,186193.2~A50.K_7,7,,normal,186193.2~A50.K_7L.png,186193.2~A50.K_7R.png,train,/data5/chensx/MyProject/UAE/data/arrangement_merged/chr_07/186193.2~A50.K_7L.png,/data5/chensx/MyProject/UAE/data/arrangement_merged/chr_07/186193.2~A50.K_7R.png,0,-0.4657045911500972,,0.0009539127349853,-0.2605968739011661,chromosome
0,0.001102864742279,186193,186193.2~A7.K_7,7,,normal,186193.2~A7.K_7L.png,186193.2~A7.K_7R.png,train,/data5/chensx/MyProject/UAE/data/arrangement_merged/chr_07/186193.2~A7.K_7L.png,/data5/chensx/MyProject/UAE/data/arrangement_merged/chr_07/186193.2~A7.K_7R.png,0,-0.2804735233571814,,0.001102864742279,0.796086293616335,chromosome
0,0.000977337360382,186193,186193.3~A15.K_7,7,,normal,186193.3~A15.K_7L.png,186193.3~A15.K_7R.png,train,/data5/chensx/MyProject/UAE/data/arrangement_merged/chr_07/186193.3~A15.K_7L.png,/data5/chensx/MyProject/UAE/data/arrangement_merged/chr_07/186193.3~A15.K_7R.png,0,-0.4365746153027118,,0.000977337360382,-0.09441980914171137,chromosome
0,0.000902235507965,186193,186193.3~A6.K_7,7,,normal,186193.3~A6.K_7L.png,186193.3~A6.K_7R.png,train,/data5/chensx/MyProject/UAE/data/arrangement_merged/chr_07/186193.3~A6.K_7L.png,/data5/chensx/MyProject/UAE/data/arrangement_merged/chr_07/186193.3~A6.K_7R.png,0,-0.5299684309966189,,0.000902235507965,-0.6272012381421921,chromosome
0,0.0009663701057434,Q242362,Q242362.11~A39.K_7,7,,normal,Q242362.11~A39.K_7L.png,Q242362.11~A39.K_7R.png,train,/data5/chensx/MyProject/UAE/data/arrangement_merged/chr_07/Q242362.11~A39.K_7L.png,/data5/chensx/MyProject/UAE/data/arrangement_merged/chr_07/Q242362.11~A39.K_7R.png,0,-0.4620022277739059,,0.0009663701057434,-0.17222281147142293,chromosome
0,0.0009996891021728,Q242362,Q242362.12~A25.K_7,7,,normal,Q242362.12~A25.K_7L.png,Q242362.12~A25.K_7R.png,train,/data5/chensx/MyProject/UAE/data/arrangement_merged/chr_07/Q242362.12~A25.K_7L.png,/data5/chensx/MyProject/UAE/data/arrangement_merged/chr_07/Q242362.12~A25.K_7R.png,0,-0.4182429394045048,,0.0009996891021728,0.06414609234671174,chromosome
0,0.0009653568267822,Q242362,Q242362.12~A30.K_7,7,,normal,Q242362.12~A30.K_7L.png,Q242362.12~A30.K_7R.png,train,/data5/chensx/MyProject/UAE/data/arrangement_merged/chr_07/Q242362.12~A30.K_7L.png,/data5/chensx/MyProject/UAE/data/arrangement_merged/chr_07/Q242362.12~A30.K_7R.png,0,-0.4633330111411328,,0.0009653568267822,-0.17941113233901898,chromosome
0,0.0009791851043701,Q242362,Q242362.12~A6.K_7,7,,normal,Q242362.12~A6.K_7L.png,Q242362.12~A6.K_7R.png,train,/data5/chensx/MyProject/UAE/data/arrangement_merged/chr_07/Q242362.12~A6.K_7L.png,/data5/chensx/MyProject/UAE/data/arrangement_merged/chr_07/Q242362.12~A6.K_7R.png,0,-0.4451717322472132,,0.0009791851043701,-0.08131169461823895,chromosome
0,0.0009680986404418,Q242362,Q242362.13~A12.K_7,7,,normal,Q242362.13~A12.K_7L.png,Q242362.13~A12.K_7R.png,train,/data5/chensx/MyProject/UAE/data/arrangement_merged/chr_07/Q242362.13~A12.K_7L.png,/data5/chensx/MyProject/UAE/data/arrangement_merged/chr_07/Q242362.13~A12.K_7R.png,0,-0.459732067912166,,0.0009680986404418,-0.15996038175694605,chromosome
0,0.0011356472969055,Q242362,Q242362.13~A3.K_7,7,,normal,Q242362.13~A3.K_7L.png,Q242362.13~A3.K_7R.png,train,/data5/chensx/MyProject/UAE/data/arrangement_merged/chr_07/Q242362.13~A3.K_7L.png,/data5/chensx/MyProject/UAE/data/arrangement_merged/chr_07/Q242362.13~A3.K_7R.png,0,-0.2396831240724763,,0.0011356472969055,1.0286496157993092,chromosome
0,0.0010261535644531,Q242362,Q242362.13~A33.K_7,7,,normal,Q242362.13~A33.K_7L.png,Q242362.13~A33.K_7R.png,train,/data5/chensx/MyProject/UAE/data/arrangement_merged/chr_07/Q242362.13~A33.K_7L.png,/data5/chensx/MyProject/UAE/data/arrangement_merged/chr_07/Q242362.13~A33.K_7R.png,0,-0.3834860091075207,,0.0010261535644531,0.25188811970895536,chromosome
0,0.0009103417396545,Q242362,Q242362.13~A6.K_7,7,,normal,Q242362.13~A6.K_7L.png,Q242362.13~A6.K_7R.png,train,/data5/chensx/MyProject/UAE/data/arrangement_merged/chr_07/Q242362.13~A6.K_7L.png,/data5/chensx/MyProject/UAE/data/arrangement_merged/chr_07/Q242362.13~A6.K_7R.png,0,-0.5355867198440974,,0.0009103417396545,-0.5696946712021307,chromosome
0,0.0009362697601318,Q242362,Q242362.14~A13.K_7,7,,normal,Q242362.14~A13.K_7L.png,Q242362.14~A13.K_7R.png,train,/data5/chensx/MyProject/UAE/data/arrangement_merged/chr_07/Q242362.14~A13.K_7L.png,/data5/chensx/MyProject/UAE/data/arrangement_merged/chr_07/Q242362.14~A13.K_7R.png,0,-0.5015343219179982,,0.0009362697601318,-0.3857582254757575,chromosome
0,0.0009642839431762,Q242362,Q242362.14~A25.K_7,7,,normal,Q242362.14~A25.K_7L.png,Q242362.14~A25.K_7R.png,train,/data5/chensx/MyProject/UAE/data/arrangement_merged/chr_07/Q242362.14~A25.K_7L.png,/data5/chensx/MyProject/UAE/data/arrangement_merged/chr_07/Q242362.14~A25.K_7R.png,0,-0.4647420758829024,,0.0009642839431762,-0.1870222956107582,chromosome
0,0.0009395480155944,Q242362,Q242362.14~A29.K_7,7,,normal,Q242362.14~A29.K_7L.png,Q242362.14~A29.K_7R.png,train,/data5/chensx/MyProject/UAE/data/arrangement_merged/chr_07/Q242362.14~A29.K_7L.png,/data5/chensx/MyProject/UAE/data/arrangement_merged/chr_07/Q242362.14~A29.K_7R.png,0,-0.4972288463181465,,0.0009395480155944,-0.36250189325781496,chromosome
0,0.0008711218833923,Q242362,Q242362.14~A36.K_7,7,,normal,Q242362.14~A36.K_7L.png,Q242362.14~A36.K_7R.png,train,/data5/chensx/MyProject/UAE/data/arrangement_merged/chr_07/Q242362.14~A36.K_7L.png,/data5/chensx/MyProject/UAE/data/arrangement_merged/chr_07/Q242362.14~A36.K_7R.png,0,-0.5870958642932315,,0.0008711218833923,-0.8479249730134135,chromosome
0,0.0009769201278686,Q242362,Q242362.14~A48.K_7,7,,normal,Q242362.14~A48.K_7L.png,Q242362.14~A48.K_7R.png,train,/data5/chensx/MyProject/UAE/data/arrangement_merged/chr_07/Q242362.14~A48.K_7L.png,/data5/chensx/MyProject/UAE/data/arrangement_merged/chr_07/Q242362.14~A48.K_7R.png,0,-0.4481464244798379,,0.0009769201278686,-0.09737970596929461,chromosome
0,0.0008715391159057,Q242362,Q242362.1~A28.K_7,7,,normal,Q242362.1~A28.K_7L.png,Q242362.1~A28.K_7R.png,train,/data5/chensx/MyProject/UAE/data/arrangement_merged/chr_07/Q242362.1~A28.K_7L.png,/data5/chensx/MyProject/UAE/data/arrangement_merged/chr_07/Q242362.1~A28.K_7R.png,0,-0.5865478946714321,,0.0008715391159057,-0.8449650761858304,chromosome
0,0.0009582042694091,Q242362,Q242362.1~A32.K_7,7,,normal,Q242362.1~A32.K_7L.png,Q242362.1~A32.K_7R.png,train,/data5/chensx/MyProject/UAE/data/arrangement_merged/chr_07/Q242362.1~A32.K_7L.png,/data5/chensx/MyProject/UAE/data/arrangement_merged/chr_07/Q242362.1~A32.K_7R.png,0,-0.4727267760862636,,0.0009582042694091,-0.23015222081562678,chromosome
0,0.0008716583251953,Q242362,Q242362.1~A4.K_7,7,,normal,Q242362.1~A4.K_7L.png,Q242362.1~A4.K_7R.png,train,/data5/chensx/MyProject/UAE/data/arrangement_merged/chr_07/Q242362.1~A4.K_7L.png,/data5/chensx/MyProject/UAE/data/arrangement_merged/chr_07/Q242362.1~A4.K_7R.png,0,-0.5863913319223466,,0.0008716583251953,-0.844119391377544,chromosome
0,0.0010910630226135,Q242362,Q242362.1~A9.K_7,7,,normal,Q242362.1~A9.K_7L.png,Q242362.1~A9.K_7R.png,train,/data5/chensx/MyProject/UAE/data/arrangement_merged/chr_07/Q242362.1~A9.K_7L.png,/data5/chensx/MyProject/UAE/data/arrangement_merged/chr_07/Q242362.1~A9.K_7R.png,0,-0.2982375922304585,,0.0010910630226135,0.7123634976307478,chromosome
0,0.0009756088256835,Q242362,Q242362.2~A14.K_7,7,,normal,Q242362.2~A14.K_7L.png,Q242362.2~A14.K_7R.png,train,/data5/chensx/MyProject/UAE/data/arrangement_merged/chr_07/Q242362.2~A14.K_7L.png,/data5/chensx/MyProject/UAE/data/arrangement_merged/chr_07/Q242362.2~A14.K_7R.png,0,-0.4498686147197785,,0.0009756088256835,-0.1066822388568982,chromosome
0,0.0009403228759765,Q242362,Q242362.2~A2.K_7,7,,normal,Q242362.2~A2.K_7L.png,Q242362.2~A2.K_7R.png,train,/data5/chensx/MyProject/UAE/data/arrangement_merged/chr_07/Q242362.2~A2.K_7L.png,/data5/chensx/MyProject/UAE/data/arrangement_merged/chr_07/Q242362.2~A2.K_7R.png,0,-0.4962111884490907,,0.0009403228759765,-0.35700494200608174,chromosome
0,0.0008232593536376,Q242362,Q242362.2~A7.K_7,7,,normal,Q242362.2~A7.K_7L.png,Q242362.2~A7.K_7R.png,train,/data5/chensx/MyProject/UAE/data/arrangement_merged/chr_07/Q242362.2~A7.K_7L.png,/data5/chensx/MyProject/UAE/data/arrangement_merged/chr_07/Q242362.2~A7.K_7R.png,0,-0.6499558080510652,,0.0008232593536376,-1.1874674234006275,chromosome
0,0.000923752784729,Q242362,Q242362.2~A9.K_7,7,,normal,Q242362.2~A9.K_7L.png,Q242362.2~A9.K_7R.png,train,/data5/chensx/MyProject/UAE/data/arrangement_merged/chr_07/Q242362.2~A9.K_7L.png,/data5/chensx/MyProject/UAE/data/arrangement_merged/chr_07/Q242362.2~A9.K_7R.png,0,-0.5179734105719771,,0.000923752784729,-0.4745551303089347,chromosome
0,0.0010383129119873,Q242362,Q242362.3~A15.K_7,7,,normal,Q242362.3~A15.K_7L.png,Q242362.3~A15.K_7R.png,train,/data5/chensx/MyProject/UAE/data/arrangement_merged/chr_07/Q242362.3~A15.K_7L.png,/data5/chensx/MyProject/UAE/data/arrangement_merged/chr_07/Q242362.3~A15.K_7R.png,0,-0.3675166087007983,,0.0010383129119873,0.33814797011869097,chromosome
0,0.0008426904678344,Q242362,Q242362.4~A30.K_7,7,,normal,Q242362.4~A30.K_7L.png,Q242362.4~A30.K_7R.png,train,/data5/chensx/MyProject/UAE/data/arrangement_merged/chr_07/Q242362.4~A30.K_7L.png,/data5/chensx/MyProject/UAE/data/arrangement_merged/chr_07/Q242362.4~A30.K_7R.png,0,-0.6244360799501265,,0.0008426904678344,-1.049620799706706,chromosome
0,0.0008560419082641,Q242362,Q242362.4~A42.K_7,7,,normal,Q242362.4~A42.K_7L.png,Q242362.4~A42.K_7R.png,train,/data5/chensx/MyProject/UAE/data/arrangement_merged/chr_07/Q242362.4~A42.K_7L.png,/data5/chensx/MyProject/UAE/data/arrangement_merged/chr_07/Q242362.4~A42.K_7R.png,0,-0.606901052052549,,0.0008560419082641,-0.9549041012176532,chromosome
0,0.0009149312973022,Q250230,Q250230.11~A30.K_7,7,,normal,Q250230.11~A30.K_7L.png,Q250230.11~A30.K_7R.png,train,/data5/chensx/MyProject/UAE/data/arrangement_merged/chr_07/Q250230.11~A30.K_7L.png,/data5/chensx/MyProject/UAE/data/arrangement_merged/chr_07/Q250230.11~A30.K_7R.png,0,-0.5155155335948978,,0.0009149312973022,-0.5371358060965854,chromosome
0,0.0011249780654907,Q250230,Q250230.12~A40.K_7,7,,normal,Q250230.12~A40.K_7L.png,Q250230.12~A40.K_7R.png,train,/data5/chensx/MyProject/UAE/data/arrangement_merged/chr_07/Q250230.12~A40.K_7L.png,/data5/chensx/MyProject/UAE/data/arrangement_merged/chr_07/Q250230.12~A40.K_7R.png,0,-0.2526772856560961,,0.0011249780654907,0.952960825488896,chromosome
0,0.0010788440704345,Q250230,Q250230.13~A45.K_7,7,,normal,Q250230.13~A45.K_7L.png,Q250230.13~A45.K_7R.png,train,/data5/chensx/MyProject/UAE/data/arrangement_merged/chr_07/Q250230.13~A45.K_7L.png,/data5/chensx/MyProject/UAE/data/arrangement_merged/chr_07/Q250230.13~A45.K_7R.png,0,-0.3104062311454924,,0.0010788440704345,0.6256808048168683,chromosome
0,0.000960350036621,Q250230,Q250230.14~A21.K_7,7,,normal,Q250230.14~A21.K_7L.png,Q250230.14~A21.K_7R.png,train,/data5/chensx/MyProject/UAE/data/arrangement_merged/chr_07/Q250230.14~A21.K_7L.png,/data5/chensx/MyProject/UAE/data/arrangement_merged/chr_07/Q250230.14~A21.K_7R.png,0,-0.4586816105161898,,0.000960350036621,-0.21492989427285747,chromosome
0,0.000942051410675,Q250230,Q250230.14~A43.K_7,7,,normal,Q250230.14~A43.K_7L.png,Q250230.14~A43.K_7R.png,train,/data5/chensx/MyProject/UAE/data/arrangement_merged/chr_07/Q250230.14~A43.K_7L.png,/data5/chensx/MyProject/UAE/data/arrangement_merged/chr_07/Q250230.14~A43.K_7R.png,0,-0.4815792671896324,,0.000942051410675,-0.3447425122908957,chromosome
0,0.0008565783500671,Q250230,Q250230.15~A8.K_7,7,,normal,Q250230.15~A8.K_7L.png,Q250230.15~A8.K_7R.png,train,/data5/chensx/MyProject/UAE/data/arrangement_merged/chr_07/Q250230.15~A8.K_7L.png,/data5/chensx/MyProject/UAE/data/arrangement_merged/chr_07/Q250230.15~A8.K_7R.png,0,-0.588534445266886,,0.0008565783500671,-0.9510985195817836,chromosome
0,0.0009297728538513,Q250230,Q250230.1~A20.K_7,7,,normal,Q250230.1~A20.K_7L.png,Q250230.1~A20.K_7R.png,train,/data5/chensx/MyProject/UAE/data/arrangement_merged/chr_07/Q250230.1~A20.K_7L.png,/data5/chensx/MyProject/UAE/data/arrangement_merged/chr_07/Q250230.1~A20.K_7R.png,0,-0.4969438185731152,,0.0009297728538513,-0.4318480475082093,chromosome
0,0.0010528564453125,Q250230,Q250230.2~A24.K_7,7,,normal,Q250230.2~A24.K_7L.png,Q250230.2~A24.K_7R.png,train,/data5/chensx/MyProject/UAE/data/arrangement_merged/chr_07/Q250230.2~A24.K_7L.png,/data5/chensx/MyProject/UAE/data/arrangement_merged/chr_07/Q250230.2~A24.K_7R.png,0,-0.3429253787338345,,0.0010528564453125,0.441321516687061,chromosome
0,0.0007180571556091,Q250230,Q250230.2~A27.K_7,7,,normal,Q250230.2~A27.K_7L.png,Q250230.2~A27.K_7R.png,train,/data5/chensx/MyProject/UAE/data/arrangement_merged/chr_07/Q250230.2~A27.K_7L.png,/data5/chensx/MyProject/UAE/data/arrangement_merged/chr_07/Q250230.2~A27.K_7R.png,0,-0.7618704521368562,,0.0007180571556091,-1.9337842664047336,chromosome
0,0.0008281469345092,Q250230,Q250230.2~A38.K_7,7,,normal,Q250230.2~A38.K_7L.png,Q250230.2~A38.K_7R.png,train,/data5/chensx/MyProject/UAE/data/arrangement_merged/chr_07/Q250230.2~A38.K_7L.png,/data5/chensx/MyProject/UAE/data/arrangement_merged/chr_07/Q250230.2~A38.K_7R.png,0,-0.6241115860917466,,0.0008281469345092,-1.1527943462750754,chromosome
0,0.0009436607360839,Q250230,Q250230.4~A35.K_7,7,,normal,Q250230.4~A35.K_7L.png,Q250230.4~A35.K_7R.png,train,/data5/chensx/MyProject/UAE/data/arrangement_merged/chr_07/Q250230.4~A35.K_7L.png,/data5/chensx/MyProject/UAE/data/arrangement_merged/chr_07/Q250230.4~A35.K_7R.png,0,-0.4795654667655837,,0.0009436607360839,-0.33332576738399605,chromosome
0,0.0009040832519531,Q250230,Q250230.5~A21.K_7,7,,normal,Q250230.5~A21.K_7L.png,Q250230.5~A21.K_7R.png,train,/data5/chensx/MyProject/UAE/data/arrangement_merged/chr_07/Q250230.5~A21.K_7L.png,/data5/chensx/MyProject/UAE/data/arrangement_merged/chr_07/Q250230.5~A21.K_7R.png,0,-0.5290900401570038,,0.0009040832519531,-0.6140931236187197,chromosome
0,0.0008663535118103,Q250230,Q250230.5~A42.K_7,7,,normal,Q250230.5~A42.K_7L.png,Q250230.5~A42.K_7R.png,train,/data5/chensx/MyProject/UAE/data/arrangement_merged/chr_07/Q250230.5~A42.K_7L.png,/data5/chensx/MyProject/UAE/data/arrangement_merged/chr_07/Q250230.5~A42.K_7R.png,0,-0.5763024723208123,,0.0008663535118103,-0.8817523653306794,chromosome
0,0.0009156465530395,Q250230,Q250230.5~A46.K_7,7,,normal,Q250230.5~A46.K_7L.png,Q250230.5~A46.K_7R.png,train,/data5/chensx/MyProject/UAE/data/arrangement_merged/chr_07/Q250230.5~A46.K_7L.png,/data5/chensx/MyProject/UAE/data/arrangement_merged/chr_07/Q250230.5~A46.K_7R.png,0,-0.5146205111842094,,0.0009156465530395,-0.5320616972489953,chromosome
0,0.0009599924087524,Q250230,Q250230.5~A5.K_7,7,,normal,Q250230.5~A5.K_7L.png,Q250230.5~A5.K_7R.png,train,/data5/chensx/MyProject/UAE/data/arrangement_merged/chr_07/Q250230.5~A5.K_7L.png,/data5/chensx/MyProject/UAE/data/arrangement_merged/chr_07/Q250230.5~A5.K_7R.png,0,-0.4591291217215339,,0.0009599924087524,-0.21746694869629754,chromosome
0,0.0010198354721069,Q250230,Q250230.5~A6.K_7,7,,normal,Q250230.5~A6.K_7L.png,Q250230.5~A6.K_7R.png,train,/data5/chensx/MyProject/UAE/data/arrangement_merged/chr_07/Q250230.5~A6.K_7L.png,/data5/chensx/MyProject/UAE/data/arrangement_merged/chr_07/Q250230.5~A6.K_7R.png,0,-0.3842455800272783,,0.0010198354721069,0.20706682488822317,chromosome
0,0.0009483098983764,Q251136,Q251136.12~A20.K_7,7,,normal,Q251136.12~A20.K_7L.png,Q251136.12~A20.K_7R.png,train,/data5/chensx/MyProject/UAE/data/arrangement_merged/chr_07/Q251136.12~A20.K_7L.png,/data5/chensx/MyProject/UAE/data/arrangement_merged/chr_07/Q251136.12~A20.K_7R.png,0,-0.3783614318034098,,0.0009483098983764,-0.3003440598743075,chromosome
0,0.0010873079299926,Q251136,Q251136.12~A23.K_7,7,,normal,Q251136.12~A23.K_7L.png,Q251136.12~A23.K_7R.png,train,/data5/chensx/MyProject/UAE/data/arrangement_merged/chr_07/Q251136.12~A23.K_7L.png,/data5/chensx/MyProject/UAE/data/arrangement_merged/chr_07/Q251136.12~A23.K_7R.png,0,-0.2415886378755877,,0.0010873079299926,0.6857244261803697,chromosome
0,0.0007992982864379,Q251136,Q251136.14~A16.K_7,7,,normal,Q251136.14~A16.K_7L.png,Q251136.14~A16.K_7R.png,train,/data5/chensx/MyProject/UAE/data/arrangement_merged/chr_07/Q251136.14~A16.K_7L.png,/data5/chensx/MyProject/UAE/data/arrangement_merged/chr_07/Q251136.14~A16.K_7R.png,0,-0.5249874973349515,,0.0007992982864379,-1.357450069795951,chromosome
0,0.0008866190910339,Q251136,Q251136.14~A17.K_7,7,,normal,Q251136.14~A17.K_7L.png,Q251136.14~A17.K_7R.png,train,/data5/chensx/MyProject/UAE/data/arrangement_merged/chr_07/Q251136.14~A17.K_7L.png,/data5/chensx/MyProject/UAE/data/arrangement_merged/chr_07/Q251136.14~A17.K_7R.png,0,-0.4390646229334681,,0.0008866190910339,-0.7379859479815915,chromosome
0,0.00092613697052,Q251136,Q251136.14~A18.K_7,7,,normal,Q251136.14~A18.K_7L.png,Q251136.14~A18.K_7R.png,train,/data5/chensx/MyProject/UAE/data/arrangement_merged/chr_07/Q251136.14~A18.K_7L.png,/data5/chensx/MyProject/UAE/data/arrangement_merged/chr_07/Q251136.14~A18.K_7R.png,0,-0.4001793903545033,,0.00092613697052,-0.45764143415030184,chromosome
0,0.0011423826217651,Q251136,Q251136.14~A2.K_7,7,,normal,Q251136.14~A2.K_7L.png,Q251136.14~A2.K_7R.png,train,/data5/chensx/MyProject/UAE/data/arrangement_merged/chr_07/Q251136.14~A2.K_7L.png,/data5/chensx/MyProject/UAE/data/arrangement_merged/chr_07/Q251136.14~A2.K_7R.png,0,-0.1873956440551298,,0.0011423826217651,1.0764308074476245,chromosome
0,0.0009757876396179,Q251136,Q251136.14~A31.K_7,7,,normal,Q251136.14~A31.K_7L.png,Q251136.14~A31.K_7R.png,train,/data5/chensx/MyProject/UAE/data/arrangement_merged/chr_07/Q251136.14~A31.K_7L.png,/data5/chensx/MyProject/UAE/data/arrangement_merged/chr_07/Q251136.14~A31.K_7R.png,0,-0.3513235853193935,,0.0009757876396179,-0.10541371164446864,chromosome
0,0.0011147856712341,Q251136,Q251136.14~A39.K_7,7,,normal,Q251136.14~A39.K_7L.png,Q251136.14~A39.K_7R.png,train,/data5/chensx/MyProject/UAE/data/arrangement_merged/chr_07/Q251136.14~A39.K_7L.png,/data5/chensx/MyProject/UAE/data/arrangement_merged/chr_07/Q251136.14~A39.K_7R.png,0,-0.2145507913915714,,0.0011147856712341,0.8806547744102086,chromosome
0,0.0009746551513671,Q251136,Q251136.1~A12.K_7,7,,normal,Q251136.1~A12.K_7L.png,Q251136.1~A12.K_7R.png,train,/data5/chensx/MyProject/UAE/data/arrangement_merged/chr_07/Q251136.1~A12.K_7L.png,/data5/chensx/MyProject/UAE/data/arrangement_merged/chr_07/Q251136.1~A12.K_7R.png,0,-0.3524379434174333,,0.0009746551513671,-0.11344771732035104,chromosome
0,0.0009212493896484,Q251136,Q251136.1~A38.K_7,7,,normal,Q251136.1~A38.K_7L.png,Q251136.1~A38.K_7R.png,train,/data5/chensx/MyProject/UAE/data/arrangement_merged/chr_07/Q251136.1~A38.K_7L.png,/data5/chensx/MyProject/UAE/data/arrangement_merged/chr_07/Q251136.1~A38.K_7R.png,0,-0.4049887253039378,,0.0009212493896484,-0.49231451127585396,chromosome
0,0.0009191036224365,Q251136,Q251136.2~A15.K_7,7,,normal,Q251136.2~A15.K_7L.png,Q251136.2~A15.K_7R.png,train,/data5/chensx/MyProject/UAE/data/arrangement_merged/chr_07/Q251136.2~A15.K_7L.png,/data5/chensx/MyProject/UAE/data/arrangement_merged/chr_07/Q251136.2~A15.K_7R.png,0,-0.407100140647592,,0.0009191036224365,-0.5075368378186232,chromosome
0,0.0009447932243347,Q251136,Q251136.2~A2.K_7,7,,normal,Q251136.2~A2.K_7L.png,Q251136.2~A2.K_7R.png,train,/data5/chensx/MyProject/UAE/data/arrangement_merged/chr_07/Q251136.2~A2.K_7L.png,/data5/chensx/MyProject/UAE/data/arrangement_merged/chr_07/Q251136.2~A2.K_7R.png,0,-0.3818218069499542,,0.0009447932243347,-0.32529176170811364,chromosome
0,0.0011754631996154,Q251136,Q251136.2~A20.K_7,7,,normal,Q251136.2~A20.K_7L.png,Q251136.2~A20.K_7R.png,train,/data5/chensx/MyProject/UAE/data/arrangement_merged/chr_07/Q251136.2~A20.K_7L.png,/data5/chensx/MyProject/UAE/data/arrangement_merged/chr_07/Q251136.2~A20.K_7R.png,0,-0.1548446575071276,,0.0011754631996154,1.3111083416498956,chromosome
0,0.0010420680046081,Q251136,Q251136.2~A25.K_7,7,,normal,Q251136.2~A25.K_7L.png,Q251136.2~A25.K_7R.png,train,/data5/chensx/MyProject/UAE/data/arrangement_merged/chr_07/Q251136.2~A25.K_7L.png,/data5/chensx/MyProject/UAE/data/arrangement_merged/chr_07/Q251136.2~A25.K_7R.png,0,-0.2861043113709637,,0.0010420680046081,0.36478704156836145,chromosome
0,0.0008176565170288,Q251136,Q251136.2~A36.K_7,7,,normal,Q251136.2~A36.K_7L.png,Q251136.2~A36.K_7R.png,train,/data5/chensx/MyProject/UAE/data/arrangement_merged/chr_07/Q251136.2~A36.K_7L.png,/data5/chensx/MyProject/UAE/data/arrangement_merged/chr_07/Q251136.2~A36.K_7R.png,0,-0.5069231660614657,,0.0008176565170288,-1.2272146093730596,chromosome
0,0.0009102821350097,Q251136,Q251136.2~A5.K_7,7,,normal,Q251136.2~A5.K_7L.png,Q251136.2~A5.K_7R.png,train,/data5/chensx/MyProject/UAE/data/arrangement_merged/chr_07/Q251136.2~A5.K_7L.png,/data5/chensx/MyProject/UAE/data/arrangement_merged/chr_07/Q251136.2~A5.K_7R.png,0,-0.4157804037270593,,0.0009102821350097,-0.5701175136062739,chromosome
0,0.001032531261444,Q251136,Q251136.2~A7.K_7,7,,normal,Q251136.2~A7.K_7L.png,Q251136.2~A7.K_7R.png,train,/data5/chensx/MyProject/UAE/data/arrangement_merged/chr_07/Q251136.2~A7.K_7L.png,/data5/chensx/MyProject/UAE/data/arrangement_merged/chr_07/Q251136.2~A7.K_7R.png,0,-0.2954883795649825,,0.001032531261444,0.2971322569331208,chromosome
0,0.000805377960205,Q251136,Q251136.3~A16.K_7,7,,normal,Q251136.3~A16.K_7L.png,Q251136.3~A16.K_7R.png,train,/data5/chensx/MyProject/UAE/data/arrangement_merged/chr_07/Q251136.3~A16.K_7L.png,/data5/chensx/MyProject/UAE/data/arrangement_merged/chr_07/Q251136.3~A16.K_7R.png,0,-0.5190051538612647,,0.000805377960205,-1.3143201445910833,chromosome
0,0.0011242628097534,Q251136,Q251136.3~A21.K_7,7,,normal,Q251136.3~A21.K_7L.png,Q251136.3~A21.K_7R.png,train,/data5/chensx/MyProject/UAE/data/arrangement_merged/chr_07/Q251136.3~A21.K_7L.png,/data5/chensx/MyProject/UAE/data/arrangement_merged/chr_07/Q251136.3~A21.K_7R.png,0,-0.2052253736237653,,0.0011242628097534,0.9478867166413053,chromosome
0,0.0011199116706848,Q251136,Q251136.3~A23.K_7,7,,normal,Q251136.3~A23.K_7L.png,Q251136.3~A23.K_7R.png,train,/data5/chensx/MyProject/UAE/data/arrangement_merged/chr_07/Q251136.3~A23.K_7L.png,/data5/chensx/MyProject/UAE/data/arrangement_merged/chr_07/Q251136.3~A23.K_7R.png,0,-0.2095068547372864,,0.0011199116706848,0.9170192211516227,chromosome
0,0.000958502292633,Q251136,Q251136.3~A26.K_7,7,,normal,Q251136.3~A26.K_7L.png,Q251136.3~A26.K_7R.png,train,/data5/chensx/MyProject/UAE/data/arrangement_merged/chr_07/Q251136.3~A26.K_7L.png,/data5/chensx/MyProject/UAE/data/arrangement_merged/chr_07/Q251136.3~A26.K_7R.png,0,-0.3683322089210524,,0.000958502292633,-0.22803800879561997,chromosome
0,0.0011737346649169,Q251136,Q251136.3~A32.K_7,7,,normal,Q251136.3~A32.K_7L.png,Q251136.3~A32.K_7R.png,train,/data5/chensx/MyProject/UAE/data/arrangement_merged/chr_07/Q251136.3~A32.K_7L.png,/data5/chensx/MyProject/UAE/data/arrangement_merged/chr_07/Q251136.3~A32.K_7R.png,0,-0.1565455198672935,,0.0011737346649169,1.2988459119347098,chromosome
0,0.0012004375457763,Q251136,Q251136.3~A36.K_7,7,,normal,Q251136.3~A36.K_7L.png,Q251136.3~A36.K_7R.png,train,/data5/chensx/MyProject/UAE/data/arrangement_merged/chr_07/Q251136.3~A36.K_7L.png,/data5/chensx/MyProject/UAE/data/arrangement_merged/chr_07/Q251136.3~A36.K_7R.png,0,-0.1302701289240412,,0.0012004375457763,1.4882793089128152,chromosome
0,0.0010221600532531,Q251136,Q251136.3~A40.K_7,7,,normal,Q251136.3~A40.K_7L.png,Q251136.3~A40.K_7R.png,train,/data5/chensx/MyProject/UAE/data/arrangement_merged/chr_07/Q251136.3~A40.K_7L.png,/data5/chensx/MyProject/UAE/data/arrangement_merged/chr_07/Q251136.3~A40.K_7R.png,0,-0.3056935537259778,,0.0010221600532531,0.22355767864271364,chromosome
0,0.0009431838989257,Q251136,Q251136.3~A41.K_7,7,,normal,Q251136.3~A41.K_7L.png,Q251136.3~A41.K_7R.png,train,/data5/chensx/MyProject/UAE/data/arrangement_merged/chr_07/Q251136.3~A41.K_7L.png,/data5/chensx/MyProject/UAE/data/arrangement_merged/chr_07/Q251136.3~A41.K_7R.png,0,-0.3834053684576949,,0.0009431838989257,-0.33670850661572244,chromosome
0,0.0010501742362976,Q251136,Q251136.4~A12.K_7,7,,normal,Q251136.4~A12.K_7L.png,Q251136.4~A12.K_7R.png,train,/data5/chensx/MyProject/UAE/data/arrangement_merged/chr_07/Q251136.4~A12.K_7L.png,/data5/chensx/MyProject/UAE/data/arrangement_merged/chr_07/Q251136.4~A12.K_7R.png,0,-0.2781278534060479,,0.0010501742362976,0.42229360850842207,chromosome
0,0.0009350180625915,Q251136,Q251136.4~A13.K_7,7,,normal,Q251136.4~A13.K_7L.png,Q251136.4~A13.K_7R.png,train,/data5/chensx/MyProject/UAE/data/arrangement_merged/chr_07/Q251136.4~A13.K_7L.png,/data5/chensx/MyProject/UAE/data/arrangement_merged/chr_07/Q251136.4~A13.K_7R.png,0,-0.3914404768488234,,0.0009350180625915,-0.39463791595921716,chromosome
0,0.000984787940979,Q251136,Q251136.4~A15.K_7,7,,normal,Q251136.4~A15.K_7L.png,Q251136.4~A15.K_7R.png,train,/data5/chensx/MyProject/UAE/data/arrangement_merged/chr_07/Q251136.4~A15.K_7L.png,/data5/chensx/MyProject/UAE/data/arrangement_merged/chr_07/Q251136.4~A15.K_7R.png,0,-0.3424673709612884,,0.000984787940979,-0.041564508645097566,chromosome
0,0.0007997751235961,Q251136,Q251136.4~A16.K_7,7,,normal,Q251136.4~A16.K_7L.png,Q251136.4~A16.K_7R.png,train,/data5/chensx/MyProject/UAE/data/arrangement_merged/chr_07/Q251136.4~A16.K_7L.png,/data5/chensx/MyProject/UAE/data/arrangement_merged/chr_07/Q251136.4~A16.K_7R.png,0,-0.5245182939252506,,0.0007997751235961,-1.3540673305642246,chromosome
0,0.0009955167770385,Q251136,Q251136.4~A19.K_7,7,,normal,Q251136.4~A19.K_7L.png,Q251136.4~A19.K_7R.png,train,/data5/chensx/MyProject/UAE/data/arrangement_merged/chr_07/Q251136.4~A19.K_7L.png,/data5/chensx/MyProject/UAE/data/arrangement_merged/chr_07/Q251136.4~A19.K_7R.png,0,-0.3319102942430174,,0.0009955167770385,0.03454712406875039,chromosome
0,0.0008239150047302,Q251136,Q251136.4~A2.K_7,7,,normal,Q251136.4~A2.K_7L.png,Q251136.4~A2.K_7R.png,train,/data5/chensx/MyProject/UAE/data/arrangement_merged/chr_07/Q251136.4~A2.K_7L.png,/data5/chensx/MyProject/UAE/data/arrangement_merged/chr_07/Q251136.4~A2.K_7R.png,0,-0.5007648713091409,,0.0008239150047302,-1.1828161569564715,chromosome
0,0.0008773207664489,Q251136,Q251136.4~A36.K_7,7,,normal,Q251136.4~A36.K_7L.png,Q251136.4~A36.K_7R.png,train,/data5/chensx/MyProject/UAE/data/arrangement_merged/chr_07/Q251136.4~A36.K_7L.png,/data5/chensx/MyProject/UAE/data/arrangement_merged/chr_07/Q251136.4~A36.K_7R.png,0,-0.4482140894226363,,0.0008773207664489,-0.8039493630009685,chromosome
0,0.0008370876312255,Q251136,Q251136.4~A5.K_7,7,,normal,Q251136.4~A5.K_7L.png,Q251136.4~A5.K_7R.png,train,/data5/chensx/MyProject/UAE/data/arrangement_merged/chr_07/Q251136.4~A5.K_7L.png,/data5/chensx/MyProject/UAE/data/arrangement_merged/chr_07/Q251136.4~A5.K_7R.png,0,-0.4878031271161526,,0.0008370876312255,-1.0893679856798482,chromosome
0,0.0006598830223083,165070,165070.11~A20.K_8,8,,normal,165070.11~A20.K_8L.png,165070.11~A20.K_8R.png,train,/data5/chensx/MyProject/UAE/data/arrangement_merged/chr_08/165070.11~A20.K_8L.png,/data5/chensx/MyProject/UAE/data/arrangement_merged/chr_08/165070.11~A20.K_8R.png,0,-0.8518897750757971,,0.0006598830223083,0.03449917097910991,chromosome
0,0.0006318688392639,165070,165070.11~A21.K_8,8,,normal,165070.11~A21.K_8L.png,165070.11~A21.K_8R.png,train,/data5/chensx/MyProject/UAE/data/arrangement_merged/chr_08/165070.11~A21.K_8L.png,/data5/chensx/MyProject/UAE/data/arrangement_merged/chr_08/165070.11~A21.K_8R.png,0,-0.891355445338499,,0.0006318688392639,-0.29606932700453314,chromosome
0,0.0007135272026062,165070,165070.11~A30.K_8,8,,normal,165070.11~A30.K_8L.png,165070.11~A30.K_8R.png,train,/data5/chensx/MyProject/UAE/data/arrangement_merged/chr_08/165070.11~A30.K_8L.png,/data5/chensx/MyProject/UAE/data/arrangement_merged/chr_08/165070.11~A30.K_8R.png,0,-0.7763172149982829,,0.0007135272026062,0.6675026777576301,chromosome
0,0.0006648898124694,165070,165070.12~A1.K_8,8,,normal,165070.12~A1.K_8L.png,165070.12~A1.K_8R.png,train,/data5/chensx/MyProject/UAE/data/arrangement_merged/chr_08/165070.12~A1.K_8L.png,/data5/chensx/MyProject/UAE/data/arrangement_merged/chr_08/165070.12~A1.K_8R.png,0,-0.8448363361352291,,0.0006648898124694,0.0935794982779987,chromosome
0,0.0006157159805297,165070,165070.12~A21.K_8,8,,normal,165070.12~A21.K_8L.png,165070.12~A21.K_8R.png,train,/data5/chensx/MyProject/UAE/data/arrangement_merged/chr_08/165070.12~A21.K_8L.png,/data5/chensx/MyProject/UAE/data/arrangement_merged/chr_08/165070.12~A21.K_8R.png,0,-0.9141111828729503,,0.0006157159805297,-0.4866737162684858,chromosome
0,0.0007061958312988,165070,165070.12~A41.K_8,8,,normal,165070.12~A41.K_8L.png,165070.12~A41.K_8R.png,train,/data5/chensx/MyProject/UAE/data/arrangement_merged/chr_08/165070.12~A41.K_8L.png,/data5/chensx/MyProject/UAE/data/arrangement_merged/chr_08/165070.12~A41.K_8R.png,0,-0.7866454648755432,,0.0007061958312988,0.5809921984976598,chromosome
0,0.0006206035614013,165070,165070.12~A5.K_8,8,,normal,165070.12~A5.K_8L.png,165070.12~A5.K_8R.png,train,/data5/chensx/MyProject/UAE/data/arrangement_merged/chr_08/165070.12~A5.K_8L.png,/data5/chensx/MyProject/UAE/data/arrangement_merged/chr_08/165070.12~A5.K_8R.png,0,-0.9072256829547768,,0.0006206035614013,-0.4290000634285061,chromosome
0,0.0006130933761596,165070,165070.12~A9.K_8,8,,normal,165070.12~A9.K_8L.png,165070.12~A9.K_8R.png,train,/data5/chensx/MyProject/UAE/data/arrangement_merged/chr_08/165070.12~A9.K_8L.png,/data5/chensx/MyProject/UAE/data/arrangement_merged/chr_08/165070.12~A9.K_8R.png,0,-0.9178058413656288,,0.0006130933761596,-0.5176205543774278,chromosome
0,0.000598132610321,165070,165070.13~A24.K_8,8,,normal,165070.13~A24.K_8L.png,165070.13~A24.K_8R.png,train,/data5/chensx/MyProject/UAE/data/arrangement_merged/chr_08/165070.13~A24.K_8L.png,/data5/chensx/MyProject/UAE/data/arrangement_merged/chr_08/165070.13~A24.K_8R.png,0,-0.9388821886761356,,0.000598132610321,-0.6941581990452276,chromosome
0,0.0009493827819824,165070,165070.13~A25.K_8,8,,normal,165070.13~A25.K_8L.png,165070.13~A25.K_8R.png,train,/data5/chensx/MyProject/UAE/data/arrangement_merged/chr_08/165070.13~A25.K_8L.png,/data5/chensx/MyProject/UAE/data/arrangement_merged/chr_08/165070.13~A25.K_8R.png,0,-0.4440498591908121,,0.0009493827819824,3.450608095891098,chromosome
0,0.0007291436195373,165070,165070.13~A26.K_8,8,,normal,165070.13~A26.K_8L.png,165070.13~A26.K_8R.png,train,/data5/chensx/MyProject/UAE/data/arrangement_merged/chr_08/165070.13~A26.K_8L.png,/data5/chensx/MyProject/UAE/data/arrangement_merged/chr_08/165070.13~A26.K_8R.png,0,-0.7543172030646065,,0.0007291436195373,0.8517770319523703,chromosome
0,0.000670850276947,165070,165070.13~A27.K_8,8,,normal,165070.13~A27.K_8L.png,165070.13~A27.K_8R.png,train,/data5/chensx/MyProject/UAE/data/arrangement_merged/chr_08/165070.13~A27.K_8L.png,/data5/chensx/MyProject/UAE/data/arrangement_merged/chr_08/165070.13~A27.K_8R.png,0,-0.8364393850155053,,0.000670850276947,0.16391322125404528,chromosome
0,0.0008893013000488,165070,165070.13~A28.K_8,8,,normal,165070.13~A28.K_8L.png,165070.13~A28.K_8R.png,train,/data5/chensx/MyProject/UAE/data/arrangement_merged/chr_08/165070.13~A28.K_8L.png,/data5/chensx/MyProject/UAE/data/arrangement_merged/chr_08/165070.13~A28.K_8R.png,0,-0.528691126477628,,0.0008893013000488,2.741644168299723,chromosome
0,0.0006985068321228,165070,165070.13~A3.K_8,8,,normal,165070.13~A3.K_8L.png,165070.13~A3.K_8R.png,train,/data5/chensx/MyProject/UAE/data/arrangement_merged/chr_08/165070.13~A3.K_8L.png,/data5/chensx/MyProject/UAE/data/arrangement_merged/chr_08/165070.13~A3.K_8R.png,0,-0.7974775318199868,,0.0006985068321228,0.4902616958597866,chromosome
0,0.0005934238433837,165070,165070.13~A36.K_8,8,,normal,165070.13~A36.K_8L.png,165070.13~A36.K_8R.png,train,/data5/chensx/MyProject/UAE/data/arrangement_merged/chr_08/165070.13~A36.K_8L.png,/data5/chensx/MyProject/UAE/data/arrangement_merged/chr_08/165070.13~A36.K_8R.png,0,-0.9455157800607176,,0.0005934238433837,-0.749721840196257,chromosome
0,0.0008130073547363,165070,165070.13~A40.K_8,8,,normal,165070.13~A40.K_8L.png,165070.13~A40.K_8R.png,train,/data5/chensx/MyProject/UAE/data/arrangement_merged/chr_08/165070.13~A40.K_8L.png,/data5/chensx/MyProject/UAE/data/arrangement_merged/chr_08/165070.13~A40.K_8R.png,0,-0.6361721008100927,,0.0008130073547363,1.84137251421553,chromosome
0,0.0006399750709533,165070,165070.13~A9.K_8,8,,normal,165070.13~A9.K_8L.png,165070.13~A9.K_8R.png,train,/data5/chensx/MyProject/UAE/data/arrangement_merged/chr_08/165070.13~A9.K_8L.png,/data5/chensx/MyProject/UAE/data/arrangement_merged/chr_08/165070.13~A9.K_8R.png,0,-0.8799355918156746,,0.0006399750709533,-0.2004154637587145,chromosome
0,0.000543475151062,165070,165070.1~A9.K_8,8,,normal,165070.1~A9.K_8L.png,165070.1~A9.K_8R.png,train,/data5/chensx/MyProject/UAE/data/arrangement_merged/chr_08/165070.1~A9.K_8L.png,/data5/chensx/MyProject/UAE/data/arrangement_merged/chr_08/165070.1~A9.K_8R.png,0,-1.015882230444003,,0.000543475151062,-1.33911843872859,chromosome
0,0.0007563829421997,165070,165070.2~A31.K_8,8,,normal,165070.2~A31.K_8L.png,165070.2~A31.K_8R.png,train,/data5/chensx/MyProject/UAE/data/arrangement_merged/chr_08/165070.2~A31.K_8L.png,/data5/chensx/MyProject/UAE/data/arrangement_merged/chr_08/165070.2~A31.K_8R.png,0,-0.7159431364474688,,0.0007563829421997,1.1732021459501663,chromosome
0,0.0006548166275024,165070,165070.3~A15.K_8,8,,normal,165070.3~A15.K_8L.png,165070.3~A15.K_8R.png,train,/data5/chensx/MyProject/UAE/data/arrangement_merged/chr_08/165070.3~A15.K_8L.png,/data5/chensx/MyProject/UAE/data/arrangement_merged/chr_08/165070.3~A15.K_8R.png,0,-0.8590271835275624,,0.0006548166275024,-0.025284493549821305,chromosome
0,0.0005740523338317,165070,165070.3~A2.K_8,8,,normal,165070.3~A2.K_8L.png,165070.3~A2.K_8R.png,train,/data5/chensx/MyProject/UAE/data/arrangement_merged/chr_08/165070.3~A2.K_8L.png,/data5/chensx/MyProject/UAE/data/arrangement_merged/chr_08/165070.3~A2.K_8R.png,0,-0.97280587119982,,0.0005740523338317,-0.9783064398660486,chromosome
0,0.0008032321929931,165070,165070.3~A30.K_8,8,,normal,165070.3~A30.K_8L.png,165070.3~A30.K_8R.png,train,/data5/chensx/MyProject/UAE/data/arrangement_merged/chr_08/165070.3~A30.K_8L.png,/data5/chensx/MyProject/UAE/data/arrangement_merged/chr_08/165070.3~A30.K_8R.png,0,-0.6499431006464397,,0.0008032321929931,1.726025208535568,chromosome
0,0.0006356239318847,165070,165070.3~A35.K_8,8,,normal,165070.3~A35.K_8L.png,165070.3~A35.K_8R.png,train,/data5/chensx/MyProject/UAE/data/arrangement_merged/chr_08/165070.3~A35.K_8L.png,/data5/chensx/MyProject/UAE/data/arrangement_merged/chr_08/165070.3~A35.K_8R.png,0,-0.886065366133073,,0.0006356239318847,-0.2517590815306614,chromosome
0,0.0006017684936523,165070,165070.3~A43.K_8,8,,normal,165070.3~A43.K_8L.png,165070.3~A43.K_8R.png,train,/data5/chensx/MyProject/UAE/data/arrangement_merged/chr_08/165070.3~A43.K_8L.png,/data5/chensx/MyProject/UAE/data/arrangement_merged/chr_08/165070.3~A43.K_8R.png,0,-0.933760048493104,,0.0006017684936523,-0.6512546280302649,chromosome
0,0.000976026058197,170215,170215.12~A1.K_8,8,,normal,170215.12~A1.K_8L.png,170215.12~A1.K_8R.png,train,/data5/chensx/MyProject/UAE/data/arrangement_merged/chr_08/170215.12~A1.K_8L.png,/data5/chensx/MyProject/UAE/data/arrangement_merged/chr_08/170215.12~A1.K_8R.png,0,-0.4649274844796388,,0.000976026058197,3.7649998375908176,chromosome
0,0.0007364749908447,170215,170215.12~A24.K_8,8,,normal,170215.12~A24.K_8L.png,170215.12~A24.K_8R.png,train,/data5/chensx/MyProject/UAE/data/arrangement_merged/chr_08/170215.12~A24.K_8L.png,/data5/chensx/MyProject/UAE/data/arrangement_merged/chr_08/170215.12~A24.K_8R.png,0,-0.7793749159207207,,0.0007364749908447,0.9382875112123418,chromosome
0,0.0007668733596801,170215,170215.12~A31.K_8,8,,normal,170215.12~A31.K_8L.png,170215.12~A31.K_8R.png,train,/data5/chensx/MyProject/UAE/data/arrangement_merged/chr_08/170215.12~A31.K_8L.png,/data5/chensx/MyProject/UAE/data/arrangement_merged/chr_08/170215.12~A31.K_8R.png,0,-0.7394724053372542,,0.0007668733596801,1.2969894983859316,chromosome
0,0.0006831884384155,170215,170215.12~A33.K_8,8,,normal,170215.12~A33.K_8L.png,170215.12~A33.K_8R.png,train,/data5/chensx/MyProject/UAE/data/arrangement_merged/chr_08/170215.12~A33.K_8L.png,/data5/chensx/MyProject/UAE/data/arrangement_merged/chr_08/170215.12~A33.K_8R.png,0,-0.8493216697670325,,0.0006831884384155,0.3095040278129043,chromosome
0,0.0006801486015319,170215,170215.12~A44.K_8,8,,normal,170215.12~A44.K_8L.png,170215.12~A44.K_8R.png,train,/data5/chensx/MyProject/UAE/data/arrangement_merged/chr_08/170215.12~A44.K_8L.png,/data5/chensx/MyProject/UAE/data/arrangement_merged/chr_08/170215.12~A44.K_8R.png,0,-0.8533119208253792,,0.0006801486015319,0.2736338290948373,chromosome
0,0.000851571559906,170215,170215.12~A47.K_8,8,,normal,170215.12~A47.K_8L.png,170215.12~A47.K_8R.png,train,/data5/chensx/MyProject/UAE/data/arrangement_merged/chr_08/170215.12~A47.K_8L.png,/data5/chensx/MyProject/UAE/data/arrangement_merged/chr_08/170215.12~A47.K_8R.png,0,-0.6282930572213604,,0.000851571559906,2.2964317018661617,chromosome
0,0.0007827281951904,170215,170215.12~A48.K_8,8,,normal,170215.12~A48.K_8L.png,170215.12~A48.K_8R.png,train,/data5/chensx/MyProject/UAE/data/arrangement_merged/chr_08/170215.12~A48.K_8L.png,/data5/chensx/MyProject/UAE/data/arrangement_merged/chr_08/170215.12~A48.K_8R.png,0,-0.7186605076603875,,0.0007827281951904,1.4840772015008468,chromosome
0,0.0006622076034545,170215,170215.12~A49.K_8,8,,normal,170215.12~A49.K_8L.png,170215.12~A49.K_8R.png,train,/data5/chensx/MyProject/UAE/data/arrangement_merged/chr_08/170215.12~A49.K_8L.png,/data5/chensx/MyProject/UAE/data/arrangement_merged/chr_08/170215.12~A49.K_8R.png,0,-0.8768622260913075,,0.0006622076034545,0.06192932293901302,chromosome
0,0.0006076097488403,170215,170215.12~A6.K_8,8,,normal,170215.12~A6.K_8L.png,170215.12~A6.K_8R.png,train,/data5/chensx/MyProject/UAE/data/arrangement_merged/chr_08/170215.12~A6.K_8L.png,/data5/chensx/MyProject/UAE/data/arrangement_merged/chr_08/170215.12~A6.K_8R.png,0,-0.9485302647078864,,0.0006076097488403,-0.5823275795143045,chromosome
0,0.0005943179130554,170215,170215.12~A7.K_8,8,,normal,170215.12~A7.K_8L.png,170215.12~A7.K_8R.png,train,/data5/chensx/MyProject/UAE/data/arrangement_merged/chr_08/170215.12~A7.K_8L.png,/data5/chensx/MyProject/UAE/data/arrangement_merged/chr_08/170215.12~A7.K_8R.png,0,-0.9659778330610492,,0.0005943179130554,-0.7391717817491429,chromosome
0,0.0006795525550842,170215,170215.13~A21.K_8,8,,normal,170215.13~A21.K_8L.png,170215.13~A21.K_8R.png,train,/data5/chensx/MyProject/UAE/data/arrangement_merged/chr_08/170215.13~A21.K_8L.png,/data5/chensx/MyProject/UAE/data/arrangement_merged/chr_08/170215.13~A21.K_8R.png,0,-0.8540943229936825,,0.0006795525550842,0.2666004567979404,chromosome
0,0.0005728602409362,170215,170215.13~A36.K_8,8,,normal,170215.13~A36.K_8L.png,170215.13~A36.K_8R.png,train,/data5/chensx/MyProject/UAE/data/arrangement_merged/chr_08/170215.13~A36.K_8L.png,/data5/chensx/MyProject/UAE/data/arrangement_merged/chr_08/170215.13~A36.K_8R.png,0,-0.9941443111199668,,0.0005728602409362,-0.9923731844610221,chromosome
0,0.0006556510925292,170215,170215.13~A44.K_8,8,,normal,170215.13~A44.K_8L.png,170215.13~A44.K_8R.png,train,/data5/chensx/MyProject/UAE/data/arrangement_merged/chr_08/170215.13~A44.K_8L.png,/data5/chensx/MyProject/UAE/data/arrangement_merged/chr_08/170215.13~A44.K_8R.png,0,-0.8854686499426433,,0.0006556510925292,-0.015437772333930478,chromosome
0,0.0006306767463684,170215,170215.13~A47.K_8,8,,normal,170215.13~A47.K_8L.png,170215.13~A47.K_8R.png,train,/data5/chensx/MyProject/UAE/data/arrangement_merged/chr_08/170215.13~A47.K_8L.png,/data5/chensx/MyProject/UAE/data/arrangement_merged/chr_08/170215.13~A47.K_8R.png,0,-0.91825130079455,,0.0006306767463684,-0.3101360715995065,chromosome
0,0.0005929470062255,170215,170215.13~A5.K_8,8,,normal,170215.13~A5.K_8L.png,170215.13~A5.K_8R.png,train,/data5/chensx/MyProject/UAE/data/arrangement_merged/chr_08/170215.13~A5.K_8L.png,/data5/chensx/MyProject/UAE/data/arrangement_merged/chr_08/170215.13~A5.K_8R.png,0,-0.9677773580481468,,0.0005929470062255,-0.7553485380342474,chromosome
0,0.0006305575370788,170215,170215.1~A9.K_8,8,,normal,170215.1~A9.K_8L.png,170215.1~A9.K_8R.png,train,/data5/chensx/MyProject/UAE/data/arrangement_merged/chr_08/170215.1~A9.K_8L.png,/data5/chensx/MyProject/UAE/data/arrangement_merged/chr_08/170215.1~A9.K_8R.png,0,-0.9184077812282108,,0.0006305575370788,-0.3115427460595939,chromosome
0,0.0007033944129943,170215,170215.2~A19.K_8,8,,normal,170215.2~A19.K_8L.png,170215.2~A19.K_8R.png,train,/data5/chensx/MyProject/UAE/data/arrangement_merged/chr_08/170215.2~A19.K_8L.png,/data5/chensx/MyProject/UAE/data/arrangement_merged/chr_08/170215.2~A19.K_8R.png,0,-0.8227982362615519,,0.0007033944129943,0.5479353486985867,chromosome
0,0.0005465149879455,170215,170215.2~A2.K_8,8,,normal,170215.2~A2.K_8L.png,170215.2~A2.K_8R.png,train,/data5/chensx/MyProject/UAE/data/arrangement_merged/chr_08/170215.2~A2.K_8L.png,/data5/chensx/MyProject/UAE/data/arrangement_merged/chr_08/170215.2~A2.K_8R.png,0,-1.028726486958971,,0.0005465149879455,-1.3032482400117025,chromosome
0,0.0005799531936645,170215,170215.2~A23.K_8,8,,normal,170215.2~A23.K_8L.png,170215.2~A23.K_8R.png,train,/data5/chensx/MyProject/UAE/data/arrangement_merged/chr_08/170215.2~A23.K_8L.png,/data5/chensx/MyProject/UAE/data/arrangement_merged/chr_08/170215.2~A23.K_8R.png,0,-0.9848337253171578,,0.0005799531936645,-0.9086760541200457,chromosome
0,0.0005972385406494,170215,170215.2~A33.K_8,8,,normal,170215.2~A33.K_8L.png,170215.2~A33.K_8R.png,train,/data5/chensx/MyProject/UAE/data/arrangement_merged/chr_08/170215.2~A33.K_8L.png,/data5/chensx/MyProject/UAE/data/arrangement_merged/chr_08/170215.2~A33.K_8R.png,0,-0.9621440624363632,,0.0005972385406494,-0.7047082574911633,chromosome
0,0.0006660223007202,170215,170215.2~A4.K_8,8,,normal,170215.2~A4.K_8L.png,170215.2~A4.K_8R.png,train,/data5/chensx/MyProject/UAE/data/arrangement_merged/chr_08/170215.2~A4.K_8L.png,/data5/chensx/MyProject/UAE/data/arrangement_merged/chr_08/170215.2~A4.K_8R.png,0,-0.8718548522141666,,0.0006660223007202,0.106942905644108,chromosome
0,0.0005692243576049,170215,170215.3~A32.K_8,8,,normal,170215.3~A32.K_8L.png,170215.3~A32.K_8R.png,train,/data5/chensx/MyProject/UAE/data/arrangement_merged/chr_08/170215.3~A32.K_8L.png,/data5/chensx/MyProject/UAE/data/arrangement_merged/chr_08/170215.3~A32.K_8R.png,0,-0.9989169643466168,,0.0005692243576049,-1.0352767554759859,chromosome
0,0.0006737112998962,170215,170215.3~A33.K_8,8,,normal,170215.3~A33.K_8L.png,170215.3~A33.K_8R.png,train,/data5/chensx/MyProject/UAE/data/arrangement_merged/chr_08/170215.3~A33.K_8L.png,/data5/chensx/MyProject/UAE/data/arrangement_merged/chr_08/170215.3~A33.K_8R.png,0,-0.8617618642430545,,0.0006737112998962,0.1976734082819812,chromosome
0,0.000612735748291,170215,170215.3~A38.K_8,8,,normal,170215.3~A38.K_8L.png,170215.3~A38.K_8R.png,train,/data5/chensx/MyProject/UAE/data/arrangement_merged/chr_08/170215.3~A38.K_8L.png,/data5/chensx/MyProject/UAE/data/arrangement_merged/chr_08/170215.3~A38.K_8R.png,0,-0.9418016060604784,,0.000612735748291,-0.5218405777553295,chromosome
0,0.000637412071228,170215,170215.3~A41.K_8,8,,normal,170215.3~A41.K_8L.png,170215.3~A41.K_8R.png,train,/data5/chensx/MyProject/UAE/data/arrangement_merged/chr_08/170215.3~A41.K_8L.png,/data5/chensx/MyProject/UAE/data/arrangement_merged/chr_08/170215.3~A41.K_8R.png,0,-0.9094101562927231,,0.000637412071228,-0.2306589646376115,chromosome
0,0.0006444454193115,170215,170215.3~A47.K_8,8,,normal,170215.3~A47.K_8L.png,170215.3~A47.K_8R.png,train,/data5/chensx/MyProject/UAE/data/arrangement_merged/chr_08/170215.3~A47.K_8L.png,/data5/chensx/MyProject/UAE/data/arrangement_merged/chr_08/170215.3~A47.K_8R.png,0,-0.9001778107067447,,0.0006444454193115,-0.14766517152667893,chromosome
0,0.0005695223808288,179083,179083.12~A20.K_8,8,,normal,179083.12~A20.K_8L.png,179083.12~A20.K_8R.png,train,/data5/chensx/MyProject/UAE/data/arrangement_merged/chr_08/179083.12~A20.K_8L.png,/data5/chensx/MyProject/UAE/data/arrangement_merged/chr_08/179083.12~A20.K_8R.png,0,-0.937026258298078,,0.0005695223808288,-1.0317600693269484,chromosome
0,0.0006364583969116,179083,179083.12~A37.K_8,8,,normal,179083.12~A37.K_8L.png,179083.12~A37.K_8R.png,train,/data5/chensx/MyProject/UAE/data/arrangement_merged/chr_08/179083.12~A37.K_8L.png,/data5/chensx/MyProject/UAE/data/arrangement_merged/chr_08/179083.12~A37.K_8R.png,0,-0.8363708030853687,,0.0006364583969116,-0.241912360313591,chromosome
0,0.00064617395401,179083,179083.12~A39.K_8,8,,normal,179083.12~A39.K_8L.png,179083.12~A39.K_8R.png,train,/data5/chensx/MyProject/UAE/data/arrangement_merged/chr_08/179083.12~A39.K_8L.png,/data5/chensx/MyProject/UAE/data/arrangement_merged/chr_08/179083.12~A39.K_8R.png,0,-0.8217609729877092,,0.00064617395401,-0.12726839186367273,chromosome
0,0.0006119012832641,179083,179083.12~A47.K_8,8,,normal,179083.12~A47.K_8L.png,179083.12~A47.K_8R.png,train,/data5/chensx/MyProject/UAE/data/arrangement_merged/chr_08/179083.12~A47.K_8L.png,/data5/chensx/MyProject/UAE/data/arrangement_merged/chr_08/179083.12~A47.K_8R.png,0,-0.8732987171972443,,0.0006119012832641,-0.5316872989724012,chromosome
0,0.0006392002105712,179083,179083.12~A9.K_8,8,,normal,179083.12~A9.K_8L.png,179083.12~A9.K_8R.png,train,/data5/chensx/MyProject/UAE/data/arrangement_merged/chr_08/179083.12~A9.K_8L.png,/data5/chensx/MyProject/UAE/data/arrangement_merged/chr_08/179083.12~A9.K_8R.png,0,-0.832247783548606,,0.0006392002105712,-0.2095588477457412,chromosome
0,0.0006895661354064,179083,179083.13~A11.K_8,8,,normal,179083.13~A11.K_8L.png,179083.13~A11.K_8R.png,train,/data5/chensx/MyProject/UAE/data/arrangement_merged/chr_08/179083.13~A11.K_8L.png,/data5/chensx/MyProject/UAE/data/arrangement_merged/chr_08/179083.13~A11.K_8R.png,0,-0.7565097072754633,,0.0006895661354064,0.3847611113957167,chromosome
0,0.0005908012390136,179083,179083.13~A13.K_8,8,,normal,179083.13~A13.K_8L.png,179083.13~A13.K_8R.png,train,/data5/chensx/MyProject/UAE/data/arrangement_merged/chr_08/179083.13~A13.K_8L.png,/data5/chensx/MyProject/UAE/data/arrangement_merged/chr_08/179083.13~A13.K_8R.png,0,-0.9050280414584188,,0.0005908012390136,-0.780668678305199,chromosome
0,0.0006347894668579,179083,179083.13~A14.K_8,8,,normal,179083.13~A14.K_8L.png,179083.13~A14.K_8R.png,train,/data5/chensx/MyProject/UAE/data/arrangement_merged/chr_08/179083.13~A14.K_8L.png,/data5/chensx/MyProject/UAE/data/arrangement_merged/chr_08/179083.13~A14.K_8R.png,0,-0.8388804671512243,,0.0006347894668579,-0.26160580274655354,chromosome
0,0.0006630420684814,179083,179083.13~A2.K_8,8,,normal,179083.13~A2.K_8L.png,179083.13~A2.K_8R.png,train,/data5/chensx/MyProject/UAE/data/arrangement_merged/chr_08/179083.13~A2.K_8L.png,/data5/chensx/MyProject/UAE/data/arrangement_merged/chr_08/179083.13~A2.K_8R.png,0,-0.7963954397506686,,0.0006630420684814,0.0717760441560847,chromosome
0,0.0005942583084106,179083,179083.13~A22.K_8,8,,normal,179083.13~A22.K_8L.png,179083.13~A22.K_8R.png,train,/data5/chensx/MyProject/UAE/data/arrangement_merged/chr_08/179083.13~A22.K_8L.png,/data5/chensx/MyProject/UAE/data/arrangement_merged/chr_08/179083.13~A22.K_8R.png,0,-0.8998294516077179,,0.0005942583084106,-0.7398751189791867,chromosome
0,0.0005675554275512,179083,179083.13~A26.K_8,8,,normal,179083.13~A26.K_8L.png,179083.13~A26.K_8R.png,train,/data5/chensx/MyProject/UAE/data/arrangement_merged/chr_08/179083.13~A26.K_8L.png,/data5/chensx/MyProject/UAE/data/arrangement_merged/chr_08/179083.13~A26.K_8R.png,0,-0.9399840766614078,,0.0005675554275512,-1.0549701979089485,chromosome
0,0.0006526708602905,179083,179083.13~A34.K_8,8,,normal,179083.13~A34.K_8L.png,179083.13~A34.K_8R.png,train,/data5/chensx/MyProject/UAE/data/arrangement_merged/chr_08/179083.13~A34.K_8L.png,/data5/chensx/MyProject/UAE/data/arrangement_merged/chr_08/179083.13~A34.K_8R.png,0,-0.8119912093027714,,0.0006526708602905,-0.05060463382077292,chromosome
0,0.0007223486900329,179083,179083.13~A39.K_8,8,,normal,179083.13~A39.K_8L.png,179083.13~A39.K_8R.png,train,/data5/chensx/MyProject/UAE/data/arrangement_merged/chr_08/179083.13~A39.K_8L.png,/data5/chensx/MyProject/UAE/data/arrangement_merged/chr_08/179083.13~A39.K_8R.png,0,-0.7072127345532994,,0.0007223486900329,0.7715965877604329,chromosome
0,0.0007569193840026,179083,179083.14~A14.K_8,8,,normal,179083.14~A14.K_8L.png,179083.14~A14.K_8R.png,train,/data5/chensx/MyProject/UAE/data/arrangement_merged/chr_08/179083.14~A14.K_8L.png,/data5/chensx/MyProject/UAE/data/arrangement_merged/chr_08/179083.14~A14.K_8R.png,0,-0.6552268360462902,,0.0007569193840026,1.1795321810170194,chromosome
0,0.0007242560386657,179083,179083.14~A18.K_8,8,,normal,179083.14~A18.K_8L.png,179083.14~A18.K_8R.png,train,/data5/chensx/MyProject/UAE/data/arrangement_merged/chr_08/179083.14~A18.K_8L.png,/data5/chensx/MyProject/UAE/data/arrangement_merged/chr_08/179083.14~A18.K_8R.png,0,-0.7043445470494644,,0.0007242560386657,0.7941033791123906,chromosome
0,0.0005847811698913,179083,179083.14~A2.K_8,8,,normal,179083.14~A2.K_8L.png,179083.14~A2.K_8R.png,train,/data5/chensx/MyProject/UAE/data/arrangement_merged/chr_08/179083.14~A2.K_8L.png,/data5/chensx/MyProject/UAE/data/arrangement_merged/chr_08/179083.14~A2.K_8R.png,0,-0.914080758267398,,0.0005847811698913,-0.8517057385101097,chromosome
0,0.0006591081619262,179083,179083.14~A27.K_8,8,,normal,179083.14~A27.K_8L.png,179083.14~A27.K_8R.png,train,/data5/chensx/MyProject/UAE/data/arrangement_merged/chr_08/179083.14~A27.K_8L.png,/data5/chensx/MyProject/UAE/data/arrangement_merged/chr_08/179083.14~A27.K_8R.png,0,-0.8023110764773282,,0.0006591081619262,0.0253557869920832,chromosome
0,0.0007393360137939,179083,179083.14~A28.K_8,8,,normal,179083.14~A28.K_8L.png,179083.14~A28.K_8R.png,train,/data5/chensx/MyProject/UAE/data/arrangement_merged/chr_08/179083.14~A28.K_8L.png,/data5/chensx/MyProject/UAE/data/arrangement_merged/chr_08/179083.14~A28.K_8R.png,0,-0.681667939597269,,0.0007393360137939,0.9720476982402777,chromosome
0,0.0005868077278137,179083,179083.14~A39.K_8,8,,normal,179083.14~A39.K_8L.png,179083.14~A39.K_8R.png,train,/data5/chensx/MyProject/UAE/data/arrangement_merged/chr_08/179083.14~A39.K_8L.png,/data5/chensx/MyProject/UAE/data/arrangement_merged/chr_08/179083.14~A39.K_8R.png,0,-0.9110333090445734,,0.0005868077278137,-0.8277922726980647,chromosome
0,0.0006318688392639,179083,179083.14~A44.K_8,8,,normal,179083.14~A44.K_8L.png,179083.14~A44.K_8R.png,train,/data5/chensx/MyProject/UAE/data/arrangement_merged/chr_08/179083.14~A44.K_8L.png,/data5/chensx/MyProject/UAE/data/arrangement_merged/chr_08/179083.14~A44.K_8R.png,0,-0.8432723792664717,,0.0006318688392639,-0.29606932700453314,chromosome
0,0.0006539225578308,179083,179083.14~A7.K_8,8,,normal,179083.14~A7.K_8L.png,179083.14~A7.K_8R.png,train,/data5/chensx/MyProject/UAE/data/arrangement_merged/chr_08/179083.14~A7.K_8L.png,/data5/chensx/MyProject/UAE/data/arrangement_merged/chr_08/179083.14~A7.K_8R.png,0,-0.8101089612533796,,0.0006539225578308,-0.035834551995755824,chromosome
0,0.0006686449050903,179083,179083.1~A24.K_8,8,,normal,179083.1~A24.K_8L.png,179083.1~A24.K_8R.png,train,/data5/chensx/MyProject/UAE/data/arrangement_merged/chr_08/179083.1~A24.K_8L.png,/data5/chensx/MyProject/UAE/data/arrangement_merged/chr_08/179083.1~A24.K_8R.png,0,-0.7879701389581533,,0.0006686449050903,0.13788974375305,chromosome
0,0.000818133354187,179083,179083.2~A1.K_8,8,,normal,179083.2~A1.K_8L.png,179083.2~A1.K_8R.png,train,/data5/chensx/MyProject/UAE/data/arrangement_merged/chr_08/179083.2~A1.K_8L.png,/data5/chensx/MyProject/UAE/data/arrangement_merged/chr_08/179083.2~A1.K_8R.png,0,-0.5631759433450859,,0.000818133354187,1.9018595159745049,chromosome
0,0.0007819533348083,179083,179083.2~A12.K_8,8,,normal,179083.2~A12.K_8L.png,179083.2~A12.K_8R.png,train,/data5/chensx/MyProject/UAE/data/arrangement_merged/chr_08/179083.2~A12.K_8L.png,/data5/chensx/MyProject/UAE/data/arrangement_merged/chr_08/179083.2~A12.K_8R.png,0,-0.617581875058456,,0.0007819533348083,1.4749338175138187,chromosome
0,0.00078946352005,179083,179083.2~A14.K_8,8,,normal,179083.2~A14.K_8L.png,179083.2~A14.K_8R.png,train,/data5/chensx/MyProject/UAE/data/arrangement_merged/chr_08/179083.2~A14.K_8L.png,/data5/chensx/MyProject/UAE/data/arrangement_merged/chr_08/179083.2~A14.K_8R.png,0,-0.6062883867621056,,0.00078946352005,1.5635543084627417,chromosome
0,0.0006487369537353,179083,179083.2~A18.K_8,8,,normal,179083.2~A18.K_8L.png,179083.2~A18.K_8R.png,train,/data5/chensx/MyProject/UAE/data/arrangement_merged/chr_08/179083.2~A18.K_8L.png,/data5/chensx/MyProject/UAE/data/arrangement_merged/chr_08/179083.2~A18.K_8R.png,0,-0.817906846029431,,0.0006487369537353,-0.0970248909847757,chromosome
0,0.0005279779434204,179083,179083.2~A20.K_8,8,,normal,179083.2~A20.K_8L.png,179083.2~A20.K_8R.png,train,/data5/chensx/MyProject/UAE/data/arrangement_merged/chr_08/179083.2~A20.K_8L.png,/data5/chensx/MyProject/UAE/data/arrangement_merged/chr_08/179083.2~A20.K_8R.png,0,-0.999498967365984,,0.0005279779434204,-1.5219861184644237,chromosome
0,0.0005896091461181,179083,179083.2~A26.K_8,8,,normal,179083.2~A26.K_8L.png,179083.2~A26.K_8R.png,train,/data5/chensx/MyProject/UAE/data/arrangement_merged/chr_08/179083.2~A26.K_8L.png,/data5/chensx/MyProject/UAE/data/arrangement_merged/chr_08/179083.2~A26.K_8R.png,0,-0.9068206586483156,,0.0005896091461181,-0.7947354229001724,chromosome
0,0.0007423162460327,179083,179083.2~A3.K_8,8,,normal,179083.2~A3.K_8L.png,179083.2~A3.K_8R.png,train,/data5/chensx/MyProject/UAE/data/arrangement_merged/chr_08/179083.2~A3.K_8L.png,/data5/chensx/MyProject/UAE/data/arrangement_merged/chr_08/179083.2~A3.K_8R.png,0,-0.6771863966225268,,0.0007423162460327,1.007214559728301,chromosome
0,0.000651478767395,179083,179083.2~A31.K_8,8,,normal,179083.2~A31.K_8L.png,179083.2~A31.K_8R.png,train,/data5/chensx/MyProject/UAE/data/arrangement_merged/chr_08/179083.2~A31.K_8L.png,/data5/chensx/MyProject/UAE/data/arrangement_merged/chr_08/179083.2~A31.K_8R.png,0,-0.8137838264926682,,0.000651478767395,-0.06467137841574631,chromosome
0,0.0007656216621398,179083,179083.2~A35.K_8,8,,normal,179083.2~A35.K_8L.png,179083.2~A35.K_8R.png,train,/data5/chensx/MyProject/UAE/data/arrangement_merged/chr_08/179083.2~A35.K_8L.png,/data5/chensx/MyProject/UAE/data/arrangement_merged/chr_08/179083.2~A35.K_8R.png,0,-0.6421407305600431,,0.0007656216621398,1.2822194165609146,chromosome
0,0.0007585287094116,179083,179083.2~A38.K_8,8,,normal,179083.2~A38.K_8L.png,179083.2~A38.K_8R.png,train,/data5/chensx/MyProject/UAE/data/arrangement_merged/chr_08/179083.2~A38.K_8L.png,/data5/chensx/MyProject/UAE/data/arrangement_merged/chr_08/179083.2~A38.K_8R.png,0,-0.6528068028399294,,0.0007585287094116,1.1985222862211178,chromosome
0,0.0005209445953369,179083,179083.3~A1.K_8,8,,normal,179083.3~A1.K_8L.png,179083.3~A1.K_8R.png,train,/data5/chensx/MyProject/UAE/data/arrangement_merged/chr_08/179083.3~A1.K_8L.png,/data5/chensx/MyProject/UAE/data/arrangement_merged/chr_08/179083.3~A1.K_8R.png,0,-1.0100754087863753,,0.0005209445953369,-1.6049799115753565,chromosome
0,0.0006377100944519,179083,179083.3~A24.K_8,8,,normal,179083.3~A24.K_8L.png,179083.3~A24.K_8R.png,train,/data5/chensx/MyProject/UAE/data/arrangement_merged/chr_08/179083.3~A24.K_8L.png,/data5/chensx/MyProject/UAE/data/arrangement_merged/chr_08/179083.3~A24.K_8R.png,0,-0.8344885550359771,,0.0006377100944519,-0.2271422784885739,chromosome
0,0.0007806420326232,179083,179083.3~A27.K_8,8,,normal,179083.3~A27.K_8L.png,179083.3~A27.K_8R.png,train,/data5/chensx/MyProject/UAE/data/arrangement_merged/chr_08/179083.3~A27.K_8L.png,/data5/chensx/MyProject/UAE/data/arrangement_merged/chr_08/179083.3~A27.K_8R.png,0,-0.6195537539673425,,0.0007806420326232,1.4594603984587593,chromosome
0,0.000557005405426,179083,179083.4~A34.K_8,8,,normal,179083.4~A34.K_8L.png,179083.4~A34.K_8R.png,train,/data5/chensx/MyProject/UAE/data/arrangement_merged/chr_08/179083.4~A34.K_8L.png,/data5/chensx/MyProject/UAE/data/arrangement_merged/chr_08/179083.4~A34.K_8R.png,0,-0.9558487387919952,,0.000557005405426,-1.1794608875747576,chromosome
0,0.0007349252700805,180371,180371.11~A18.K_8,8,,normal,180371.11~A18.K_8L.png,180371.11~A18.K_8R.png,train,/data5/chensx/MyProject/UAE/data/arrangement_merged/chr_08/180371.11~A18.K_8L.png,/data5/chensx/MyProject/UAE/data/arrangement_merged/chr_08/180371.11~A18.K_8R.png,0,-0.7328196278756864,,0.0007349252700805,0.9200007432382871,chromosome
0,0.000815987586975,180371,180371.11~A42.K_8,8,,normal,180371.11~A42.K_8L.png,180371.11~A42.K_8R.png,train,/data5/chensx/MyProject/UAE/data/arrangement_merged/chr_08/180371.11~A42.K_8L.png,/data5/chensx/MyProject/UAE/data/arrangement_merged/chr_08/180371.11~A42.K_8R.png,0,-0.6165369236514298,,0.000815987586975,1.8765393757023725,chromosome
0,0.0006296634674072,180371,180371.11~A50.K_8,8,,normal,180371.11~A50.K_8L.png,180371.11~A50.K_8R.png,train,/data5/chensx/MyProject/UAE/data/arrangement_merged/chr_08/180371.11~A50.K_8L.png,/data5/chensx/MyProject/UAE/data/arrangement_merged/chr_08/180371.11~A50.K_8R.png,0,-0.8838161393904198,,0.0006296634674072,-0.3220928045055284,chromosome
0,0.0005533099174499,180371,180371.13~A44.K_8,8,,normal,180371.13~A44.K_8L.png,180371.13~A44.K_8R.png,train,/data5/chensx/MyProject/UAE/data/arrangement_merged/chr_08/180371.13~A44.K_8L.png,/data5/chensx/MyProject/UAE/data/arrangement_merged/chr_08/180371.13~A44.K_8R.png,0,-0.9933441865310616,,0.0005533099174499,-1.223067795819765,chromosome
0,0.0005798935890197,180371,180371.14~A1.K_8,8,,normal,180371.14~A1.K_8L.png,180371.14~A1.K_8R.png,train,/data5/chensx/MyProject/UAE/data/arrangement_merged/chr_08/180371.14~A1.K_8L.png,/data5/chensx/MyProject/UAE/data/arrangement_merged/chr_08/180371.14~A1.K_8R.png,0,-0.9552102997045776,,0.0005798935890197,-0.9093793913500894,chromosome
0,0.000826358795166,180371,180371.1~A15.K_8,8,,normal,180371.1~A15.K_8L.png,180371.1~A15.K_8R.png,train,/data5/chensx/MyProject/UAE/data/arrangement_merged/chr_08/180371.1~A15.K_8L.png,/data5/chensx/MyProject/UAE/data/arrangement_merged/chr_08/180371.1~A15.K_8R.png,0,-0.6016595776697968,,0.000826358795166,1.998920053680411,chromosome
0,0.0006347894668579,180371,180371.1~A25.K_8,8,,normal,180371.1~A25.K_8L.png,180371.1~A25.K_8R.png,train,/data5/chensx/MyProject/UAE/data/arrangement_merged/chr_08/180371.1~A25.K_8L.png,/data5/chensx/MyProject/UAE/data/arrangement_merged/chr_08/180371.1~A25.K_8R.png,0,-0.8764629683880036,,0.0006347894668579,-0.26160580274655354,chromosome
0,0.0007259845733642,180371,180371.1~A33.K_8,8,,normal,180371.1~A33.K_8L.png,180371.1~A33.K_8R.png,train,/data5/chensx/MyProject/UAE/data/arrangement_merged/chr_08/180371.1~A33.K_8L.png,/data5/chensx/MyProject/UAE/data/arrangement_merged/chr_08/180371.1~A33.K_8R.png,0,-0.7456449261357148,,0.0007259845733642,0.8145001587753968,chromosome
0,0.0007641911506652,180371,180371.1~A35.K_8,8,,normal,180371.1~A35.K_8L.png,180371.1~A35.K_8R.png,train,/data5/chensx/MyProject/UAE/data/arrangement_merged/chr_08/180371.1~A35.K_8L.png,/data5/chensx/MyProject/UAE/data/arrangement_merged/chr_08/180371.1~A35.K_8R.png,0,-0.6908381515711938,,0.0007641911506652,1.2653393230469472,chromosome
0,0.0006578564643859,180371,180371.2~A15.K_8,8,,normal,180371.2~A15.K_8L.png,180371.2~A15.K_8R.png,train,/data5/chensx/MyProject/UAE/data/arrangement_merged/chr_08/180371.2~A15.K_8L.png,/data5/chensx/MyProject/UAE/data/arrangement_merged/chr_08/180371.2~A15.K_8R.png,0,-0.8433736988771305,,0.0006578564643859,0.010585705167066105,chromosome
0,0.0008175373077392,180371,180371.2~A16.K_8,8,,normal,180371.2~A16.K_8L.png,180371.2~A16.K_8R.png,train,/data5/chensx/MyProject/UAE/data/arrangement_merged/chr_08/180371.2~A16.K_8L.png,/data5/chensx/MyProject/UAE/data/arrangement_merged/chr_08/180371.2~A16.K_8R.png,0,-0.6143138719530248,,0.0008175373077392,1.8948261436764284,chromosome
0,0.0005697011947631,180371,180371.2~A21.K_8,8,,normal,180371.2~A21.K_8L.png,180371.2~A21.K_8R.png,train,/data5/chensx/MyProject/UAE/data/arrangement_merged/chr_08/180371.2~A21.K_8L.png,/data5/chensx/MyProject/UAE/data/arrangement_merged/chr_08/180371.2~A21.K_8R.png,0,-0.9698311397210098,,0.0005697011947631,-1.0296500576379968,chromosome
0,0.000663936138153,180371,180371.2~A41.K_8,8,,normal,180371.2~A41.K_8L.png,180371.2~A41.K_8R.png,train,/data5/chensx/MyProject/UAE/data/arrangement_merged/chr_08/180371.2~A41.K_8L.png,/data5/chensx/MyProject/UAE/data/arrangement_merged/chr_08/180371.2~A41.K_8R.png,0,-0.8346524960603113,,0.000663936138153,0.08232610260201921,chromosome
0,0.0006952285766601,180371,180371.2~A49.K_8,8,,normal,180371.2~A49.K_8L.png,180371.2~A49.K_8R.png,train,/data5/chensx/MyProject/UAE/data/arrangement_merged/chr_08/180371.2~A49.K_8L.png,/data5/chensx/MyProject/UAE/data/arrangement_merged/chr_08/180371.2~A49.K_8R.png,0,-0.7897639521502122,,0.0006952285766601,0.4515781482227244,chromosome
0,0.0005990862846374,180371,180371.3~A2.K_8,8,,normal,180371.3~A2.K_8L.png,180371.3~A2.K_8R.png,train,/data5/chensx/MyProject/UAE/data/arrangement_merged/chr_08/180371.3~A2.K_8L.png,/data5/chensx/MyProject/UAE/data/arrangement_merged/chr_08/180371.3~A2.K_8R.png,0,-0.9276786594397168,,0.0005990862846374,-0.6829048033692493,chromosome
0,0.0006623268127441,180371,180371.3~A25.K_8,8,,normal,180371.3~A25.K_8L.png,180371.3~A25.K_8R.png,train,/data5/chensx/MyProject/UAE/data/arrangement_merged/chr_08/180371.3~A25.K_8L.png,/data5/chensx/MyProject/UAE/data/arrangement_merged/chr_08/180371.3~A25.K_8R.png,0,-0.8369610497471164,,0.0006623268127441,0.0633359973991004,chromosome
0,0.000780701637268,180371,180371.3~A45.K_8,8,,normal,180371.3~A45.K_8L.png,180371.3~A45.K_8R.png,train,/data5/chensx/MyProject/UAE/data/arrangement_merged/chr_08/180371.3~A45.K_8L.png,/data5/chensx/MyProject/UAE/data/arrangement_merged/chr_08/180371.3~A45.K_8R.png,0,-0.6671541007843415,,0.000780701637268,1.4601637356888029,chromosome
0,0.0006001591682434,180371,180371.3~A9.K_8,8,,normal,180371.3~A9.K_8L.png,180371.3~A9.K_8R.png,train,/data5/chensx/MyProject/UAE/data/arrangement_merged/chr_08/180371.3~A9.K_8L.png,/data5/chensx/MyProject/UAE/data/arrangement_merged/chr_08/180371.3~A9.K_8R.png,0,-0.9261396236485132,,0.0006001591682434,-0.6702447332331838,chromosome
0,0.0007194280624389,180371,180371.4~A19.K_8,8,,normal,180371.4~A19.K_8L.png,180371.4~A19.K_8R.png,train,/data5/chensx/MyProject/UAE/data/arrangement_merged/chr_08/180371.4~A19.K_8L.png,/data5/chensx/MyProject/UAE/data/arrangement_merged/chr_08/180371.4~A19.K_8R.png,0,-0.7550501448597355,,0.0007194280624389,0.7371330635024533,chromosome
0,0.0005854368209838,180371,180371.4~A20.K_8,8,,normal,180371.4~A20.K_8L.png,180371.4~A20.K_8R.png,train,/data5/chensx/MyProject/UAE/data/arrangement_merged/chr_08/180371.4~A20.K_8L.png,/data5/chensx/MyProject/UAE/data/arrangement_merged/chr_08/180371.4~A20.K_8R.png,0,-0.94725861478336,,0.0005854368209838,-0.8439690289831692,chromosome
0,0.0007239580154418,180371,180371.4~A23.K_8,8,,normal,180371.4~A23.K_8L.png,180371.4~A23.K_8R.png,train,/data5/chensx/MyProject/UAE/data/arrangement_merged/chr_08/180371.4~A23.K_8L.png,/data5/chensx/MyProject/UAE/data/arrangement_merged/chr_08/180371.4~A23.K_8R.png,0,-0.7485519937413212,,0.0007239580154418,0.7905866929633517,chromosome
0,0.0006576776504516,180371,180371.4~A27.K_8,8,,normal,180371.4~A27.K_8L.png,180371.4~A27.K_8R.png,train,/data5/chensx/MyProject/UAE/data/arrangement_merged/chr_08/180371.4~A27.K_8L.png,/data5/chensx/MyProject/UAE/data/arrangement_merged/chr_08/180371.4~A27.K_8R.png,0,-0.8436302048423311,,0.0006576776504516,0.008475693478114603,chromosome
0,0.0008041858673095,180371,180371.4~A35.K_8,8,,normal,180371.4~A35.K_8L.png,180371.4~A35.K_8R.png,train,/data5/chensx/MyProject/UAE/data/arrangement_merged/chr_08/180371.4~A35.K_8L.png,/data5/chensx/MyProject/UAE/data/arrangement_merged/chr_08/180371.4~A35.K_8R.png,0,-0.6334663173546671,,0.0008041858673095,1.7372786042115462,chromosome
0,0.0006347298622131,180371,180371.4~A39.K_8,8,,normal,180371.4~A39.K_8L.png,180371.4~A39.K_8R.png,train,/data5/chensx/MyProject/UAE/data/arrangement_merged/chr_08/180371.4~A39.K_8L.png,/data5/chensx/MyProject/UAE/data/arrangement_merged/chr_08/180371.4~A39.K_8R.png,0,-0.8765484703764038,,0.0006347298622131,-0.2623091399765972,chromosome
0,0.000817596912384,180371,180371.4~A44.K_8,8,,normal,180371.4~A44.K_8L.png,180371.4~A44.K_8R.png,train,/data5/chensx/MyProject/UAE/data/arrangement_merged/chr_08/180371.4~A44.K_8L.png,/data5/chensx/MyProject/UAE/data/arrangement_merged/chr_08/180371.4~A44.K_8R.png,0,-0.6142283699646246,,0.000817596912384,1.8955294809064722,chromosome
0,0.0005952715873718,182418,182418.13~A1.K_8,8,,normal,182418.13~A1.K_8L.png,182418.13~A1.K_8R.png,train,/data5/chensx/MyProject/UAE/data/arrangement_merged/chr_08/182418.13~A1.K_8L.png,/data5/chensx/MyProject/UAE/data/arrangement_merged/chr_08/182418.13~A1.K_8R.png,0,-0.9906355404640054,,0.0005952715873718,-0.7279183860731634,chromosome
0,0.0011098384857177,182418,182418.13~A27.K_8,8,,normal,182418.13~A27.K_8L.png,182418.13~A27.K_8R.png,train,/data5/chensx/MyProject/UAE/data/arrangement_merged/chr_08/182418.13~A27.K_8L.png,/data5/chensx/MyProject/UAE/data/arrangement_merged/chr_08/182418.13~A27.K_8R.png,0,-0.2926175057994484,,0.0011098384857177,5.343991918386307,chromosome
0,0.0007510185241699,182418,182418.13~A6.K_8,8,,normal,182418.13~A6.K_8L.png,182418.13~A6.K_8R.png,train,/data5/chensx/MyProject/UAE/data/arrangement_merged/chr_08/182418.13~A6.K_8L.png,/data5/chensx/MyProject/UAE/data/arrangement_merged/chr_08/182418.13~A6.K_8R.png,0,-0.7793623880745131,,0.0007510185241699,1.1099017952721961,chromosome
0,0.0006389617919921,182418,182418.14~A44.K_8,8,,normal,182418.14~A44.K_8L.png,182418.14~A44.K_8R.png,train,/data5/chensx/MyProject/UAE/data/arrangement_merged/chr_08/182418.14~A44.K_8L.png,/data5/chensx/MyProject/UAE/data/arrangement_merged/chr_08/182418.14~A44.K_8R.png,0,-0.9313690954959618,,0.0006389617919921,-0.2123721966647364,chromosome
0,0.0006440877914428,182418,182418.1~A24.K_8,8,,normal,182418.1~A24.K_8L.png,182418.1~A24.K_8R.png,train,/data5/chensx/MyProject/UAE/data/arrangement_merged/chr_08/182418.1~A24.K_8L.png,/data5/chensx/MyProject/UAE/data/arrangement_merged/chr_08/182418.1~A24.K_8R.png,0,-0.9244155971777466,,0.0006440877914428,-0.1518851949057615,chromosome
0,0.000691533088684,182418,182418.2~A16.K_8,8,,normal,182418.2~A16.K_8L.png,182418.2~A16.K_8R.png,train,/data5/chensx/MyProject/UAE/data/arrangement_merged/chr_08/182418.2~A16.K_8L.png,/data5/chensx/MyProject/UAE/data/arrangement_merged/chr_08/182418.2~A16.K_8R.png,0,-0.8600553104184524,,0.000691533088684,0.40797123997771684,chromosome
0,0.0006036758422851,182418,182418.2~A2.K_8,8,,normal,182418.2~A2.K_8L.png,182418.2~A2.K_8R.png,train,/data5/chensx/MyProject/UAE/data/arrangement_merged/chr_08/182418.2~A2.K_8L.png,/data5/chensx/MyProject/UAE/data/arrangement_merged/chr_08/182418.2~A2.K_8R.png,0,-0.9792350374073968,,0.0006036758422851,-0.6287478366783072,chromosome
0,0.0005403757095336,182418,182418.2~A3.K_8,8,,normal,182418.2~A3.K_8L.png,182418.2~A3.K_8R.png,train,/data5/chensx/MyProject/UAE/data/arrangement_merged/chr_08/182418.2~A3.K_8L.png,/data5/chensx/MyProject/UAE/data/arrangement_merged/chr_08/182418.2~A3.K_8R.png,0,-1.065102656174194,,0.0005403757095336,-1.3756919746767007,chromosome
0,0.0005432367324829,182418,182418.2~A33.K_8,8,,normal,182418.2~A33.K_8L.png,182418.2~A33.K_8R.png,train,/data5/chensx/MyProject/UAE/data/arrangement_merged/chr_08/182418.2~A33.K_8L.png,/data5/chensx/MyProject/UAE/data/arrangement_merged/chr_08/182418.2~A33.K_8R.png,0,-1.0612216338570506,,0.0005432367324829,-1.3419317876475851,chromosome
0,0.0007262229919433,182418,182418.2~A38.K_8,8,,normal,182418.2~A38.K_8L.png,182418.2~A38.K_8R.png,train,/data5/chensx/MyProject/UAE/data/arrangement_merged/chr_08/182418.2~A38.K_8L.png,/data5/chensx/MyProject/UAE/data/arrangement_merged/chr_08/182418.2~A38.K_8R.png,0,-0.812997914823089,,0.0007262229919433,0.8173135076943907,chromosome
0,0.0005846619606018,182418,182418.3~A15.K_8,8,,normal,182418.3~A15.K_8L.png,182418.3~A15.K_8R.png,train,/data5/chensx/MyProject/UAE/data/arrangement_merged/chr_08/182418.3~A15.K_8L.png,/data5/chensx/MyProject/UAE/data/arrangement_merged/chr_08/182418.3~A15.K_8R.png,0,-1.0050276648900789,,0.0005846619606018,-0.8531124129690163,chromosome
0,0.000664472579956,182418,182418.3~A25.K_8,8,,normal,182418.3~A25.K_8L.png,182418.3~A25.K_8R.png,train,/data5/chensx/MyProject/UAE/data/arrangement_merged/chr_08/182418.3~A25.K_8L.png,/data5/chensx/MyProject/UAE/data/arrangement_merged/chr_08/182418.3~A25.K_8R.png,0,-0.8967633131681001,,0.000664472579956,0.08865613767005329,chromosome
0,0.0007656812667846,182418,182418.3~A49.K_8,8,,normal,182418.3~A49.K_8L.png,182418.3~A49.K_8R.png,train,/data5/chensx/MyProject/UAE/data/arrangement_merged/chr_08/182418.3~A49.K_8L.png,/data5/chensx/MyProject/UAE/data/arrangement_merged/chr_08/182418.3~A49.K_8R.png,0,-0.7594721486991532,,0.0007656812667846,1.2829227537909582,chromosome
0,0.0005629062652587,182418,182418.4~A15.K_8,8,,normal,182418.4~A15.K_8L.png,182418.4~A15.K_8R.png,train,/data5/chensx/MyProject/UAE/data/arrangement_merged/chr_08/182418.4~A15.K_8L.png,/data5/chensx/MyProject/UAE/data/arrangement_merged/chr_08/182418.4~A15.K_8R.png,0,-1.0345396054266898,,0.0005629062652587,-1.1098305018299341,chromosome
0,0.0008888244628906,182418,182418.4~A6.K_8,8,,normal,182418.4~A6.K_8L.png,182418.4~A6.K_8R.png,train,/data5/chensx/MyProject/UAE/data/arrangement_merged/chr_08/182418.4~A6.K_8L.png,/data5/chensx/MyProject/UAE/data/arrangement_merged/chr_08/182418.4~A6.K_8R.png,0,-0.5924264797987739,,0.0008888244628906,2.7360174704617326,chromosome
0,0.0007625818252563,182418,182418.5~A16.K_8,8,,normal,182418.5~A16.K_8L.png,182418.5~A16.K_8R.png,train,/data5/chensx/MyProject/UAE/data/arrangement_merged/chr_08/182418.5~A16.K_8L.png,/data5/chensx/MyProject/UAE/data/arrangement_merged/chr_08/182418.5~A16.K_8R.png,0,-0.7636765895427253,,0.0007625818252563,1.2463492178440272,chromosome
0,0.0006496906280517,182418,182418.5~A17.K_8,8,,normal,182418.5~A17.K_8L.png,182418.5~A17.K_8R.png,train,/data5/chensx/MyProject/UAE/data/arrangement_merged/chr_08/182418.5~A17.K_8L.png,/data5/chensx/MyProject/UAE/data/arrangement_merged/chr_08/182418.5~A17.K_8R.png,0,-0.9168152618066742,,0.0006496906280517,-0.08577149530879621,chromosome
0,0.0006700158119201,182418,182418.5~A3.K_8,8,,normal,182418.5~A3.K_8L.png,182418.5~A3.K_8R.png,train,/data5/chensx/MyProject/UAE/data/arrangement_merged/chr_08/182418.5~A3.K_8L.png,/data5/chensx/MyProject/UAE/data/arrangement_merged/chr_08/182418.5~A3.K_8R.png,0,-0.8892438324286348,,0.0006700158119201,0.1540665000369736,chromosome
0,0.0006435513496398,182418,182418.5~A30.K_8,8,,normal,182418.5~A30.K_8L.png,182418.5~A30.K_8R.png,train,/data5/chensx/MyProject/UAE/data/arrangement_merged/chr_08/182418.5~A30.K_8L.png,/data5/chensx/MyProject/UAE/data/arrangement_merged/chr_08/182418.5~A30.K_8R.png,0,-0.925143288862211,,0.0006435513496398,-0.15821522997379428,chromosome
0,0.0005222558975219,182418,182418.5~A5.K_8,8,,normal,182418.5~A5.K_8L.png,182418.5~A5.K_8R.png,train,/data5/chensx/MyProject/UAE/data/arrangement_merged/chr_08/182418.5~A5.K_8L.png,/data5/chensx/MyProject/UAE/data/arrangement_merged/chr_08/182418.5~A5.K_8R.png,0,-1.0896824641827685,,0.0005222558975219,-1.5895064925214752,chromosome
0,0.0006438493728637,182747,182747.11~A42.K_8,8,,normal,182747.11~A42.K_8L.png,182747.11~A42.K_8R.png,train,/data5/chensx/MyProject/UAE/data/arrangement_merged/chr_08/182747.11~A42.K_8L.png,/data5/chensx/MyProject/UAE/data/arrangement_merged/chr_08/182747.11~A42.K_8R.png,0,-0.8867697314270235,,0.0006438493728637,-0.1546985438247554,chromosome
0,0.000614583492279,182747,182747.12~A10.K_8,8,,normal,182747.12~A10.K_8L.png,182747.12~A10.K_8R.png,train,/data5/chensx/MyProject/UAE/data/arrangement_merged/chr_08/182747.12~A10.K_8L.png,/data5/chensx/MyProject/UAE/data/arrangement_merged/chr_08/182747.12~A10.K_8R.png,0,-0.9258281071540004,,0.000614583492279,-0.5000371236334156,chromosome
0,0.0005037784576416,182747,182747.12~A14.K_8,8,,normal,182747.12~A14.K_8L.png,182747.12~A14.K_8R.png,train,/data5/chensx/MyProject/UAE/data/arrangement_merged/chr_08/182747.12~A14.K_8L.png,/data5/chensx/MyProject/UAE/data/arrangement_merged/chr_08/182747.12~A14.K_8R.png,0,-1.0737090042547135,,0.0005037784576416,-1.8075410337441513,chromosome
0,0.0006430745124816,182747,182747.12~A18.K_8,8,,normal,182747.12~A18.K_8L.png,182747.12~A18.K_8R.png,train,/data5/chensx/MyProject/UAE/data/arrangement_merged/chr_08/182747.12~A18.K_8L.png,/data5/chensx/MyProject/UAE/data/arrangement_merged/chr_08/182747.12~A18.K_8R.png,0,-0.887803863574581,,0.0006430745124816,-0.1638419278117834,chromosome
0,0.0006214380264282,182747,182747.12~A26.K_8,8,,normal,182747.12~A26.K_8L.png,182747.12~A26.K_8R.png,train,/data5/chensx/MyProject/UAE/data/arrangement_merged/chr_08/182747.12~A26.K_8L.png,/data5/chensx/MyProject/UAE/data/arrangement_merged/chr_08/182747.12~A26.K_8R.png,0,-0.916680015079454,,0.0006214380264282,-0.4191533422114344,chromosome
0,0.0006532669067382,182747,182747.12~A28.K_8,8,,normal,182747.12~A28.K_8L.png,182747.12~A28.K_8R.png,train,/data5/chensx/MyProject/UAE/data/arrangement_merged/chr_08/182747.12~A28.K_8L.png,/data5/chensx/MyProject/UAE/data/arrangement_merged/chr_08/182747.12~A28.K_8R.png,0,-0.874201048402864,,0.0006532669067382,-0.043571261523876005,chromosome
0,0.0006367564201354,182747,182747.12~A4.K_8,8,,normal,182747.12~A4.K_8L.png,182747.12~A4.K_8R.png,train,/data5/chensx/MyProject/UAE/data/arrangement_merged/chr_08/182747.12~A4.K_8L.png,/data5/chensx/MyProject/UAE/data/arrangement_merged/chr_08/182747.12~A4.K_8R.png,0,-0.8962360180085108,,0.0006367564201354,-0.2383956741657317,chromosome
0,0.0006192922592163,182747,182747.13~A33.K_8,8,,normal,182747.13~A33.K_8L.png,182747.13~A33.K_8R.png,train,/data5/chensx/MyProject/UAE/data/arrangement_merged/chr_08/182747.13~A33.K_8L.png,/data5/chensx/MyProject/UAE/data/arrangement_merged/chr_08/182747.13~A33.K_8R.png,0,-0.9195437656419208,,0.0006192922592163,-0.44447348248238605,chromosome
0,0.000726580619812,182747,182747.13~A45.K_8,8,,normal,182747.13~A45.K_8L.png,182747.13~A45.K_8R.png,train,/data5/chensx/MyProject/UAE/data/arrangement_merged/chr_08/182747.13~A45.K_8L.png,/data5/chensx/MyProject/UAE/data/arrangement_merged/chr_08/182747.13~A45.K_8R.png,0,-0.7763562375185836,,0.000726580619812,0.8215335310734733,chromosome
0,0.0007622241973876,182747,182747.13~A5.K_8,8,,normal,182747.13~A5.K_8L.png,182747.13~A5.K_8R.png,train,/data5/chensx/MyProject/UAE/data/arrangement_merged/chr_08/182747.13~A5.K_8L.png,/data5/chensx/MyProject/UAE/data/arrangement_merged/chr_08/182747.13~A5.K_8R.png,0,-0.7287861587309415,,0.0007622241973876,1.2421291944649457,chromosome
0,0.0007197856903076,182747,182747.1~A15.K_8,8,,normal,182747.1~A15.K_8L.png,182747.1~A15.K_8R.png,train,/data5/chensx/MyProject/UAE/data/arrangement_merged/chr_08/182747.1~A15.K_8L.png,/data5/chensx/MyProject/UAE/data/arrangement_merged/chr_08/182747.1~A15.K_8R.png,0,-0.7854247809663949,,0.0007197856903076,0.7413530868815347,chromosome
0,0.0007241368293762,182747,182747.1~A42.K_8,8,,normal,182747.1~A42.K_8L.png,182747.1~A42.K_8R.png,train,/data5/chensx/MyProject/UAE/data/arrangement_merged/chr_08/182747.1~A42.K_8L.png,/data5/chensx/MyProject/UAE/data/arrangement_merged/chr_08/182747.1~A42.K_8R.png,0,-0.7796177312147262,,0.0007241368293762,0.7926967046534829,chromosome
0,0.000654399394989,182747,182747.2~A13.K_8,8,,normal,182747.2~A13.K_8L.png,182747.2~A13.K_8R.png,train,/data5/chensx/MyProject/UAE/data/arrangement_merged/chr_08/182747.2~A13.K_8L.png,/data5/chensx/MyProject/UAE/data/arrangement_merged/chr_08/182747.2~A13.K_8R.png,0,-0.8726896244948954,,0.000654399394989,-0.03020785415776672,chromosome
0,0.0005673766136169,182747,182747.3~A20.K_8,8,,normal,182747.3~A20.K_8L.png,182747.3~A20.K_8R.png,train,/data5/chensx/MyProject/UAE/data/arrangement_merged/chr_08/182747.3~A20.K_8L.png,/data5/chensx/MyProject/UAE/data/arrangement_merged/chr_08/182747.3~A20.K_8R.png,0,-0.9888306195282688,,0.0005673766136169,-1.0570802095979,chromosome
0,0.0006318688392639,182747,182747.3~A24.K_8,8,,normal,182747.3~A24.K_8L.png,182747.3~A24.K_8R.png,train,/data5/chensx/MyProject/UAE/data/arrangement_merged/chr_08/182747.3~A24.K_8L.png,/data5/chensx/MyProject/UAE/data/arrangement_merged/chr_08/182747.3~A24.K_8R.png,0,-0.9027590054007962,,0.0006318688392639,-0.29606932700453314,chromosome
0,0.0006374716758728,182747,182747.3~A35.K_8,8,,normal,182747.3~A35.K_8L.png,182747.3~A35.K_8R.png,train,/data5/chensx/MyProject/UAE/data/arrangement_merged/chr_08/182747.3~A35.K_8L.png,/data5/chensx/MyProject/UAE/data/arrangement_merged/chr_08/182747.3~A35.K_8R.png,0,-0.8952814344876886,,0.0006374716758728,-0.22995562740756784,chromosome
0,0.0005856752395629,182747,182747.4~A1.K_8,8,,normal,182747.4~A1.K_8L.png,182747.4~A1.K_8R.png,train,/data5/chensx/MyProject/UAE/data/arrangement_merged/chr_08/182747.4~A1.K_8L.png,/data5/chensx/MyProject/UAE/data/arrangement_merged/chr_08/182747.4~A1.K_8R.png,0,-0.9644091911205664,,0.0005856752395629,-0.841155680064174,chromosome
0,0.0006418228149414,182747,182747.4~A32.K_8,8,,normal,182747.4~A32.K_8L.png,182747.4~A32.K_8R.png,train,/data5/chensx/MyProject/UAE/data/arrangement_merged/chr_08/182747.4~A32.K_8L.png,/data5/chensx/MyProject/UAE/data/arrangement_merged/chr_08/182747.4~A32.K_8R.png,0,-0.8894743847360199,,0.0006418228149414,-0.1786120096356209,chromosome
0,0.0006279349327087,182747,182747.4~A33.K_8,8,,normal,182747.4~A33.K_8L.png,182747.4~A33.K_8R.png,train,/data5/chensx/MyProject/UAE/data/arrangement_merged/chr_08/182747.4~A33.K_8L.png,/data5/chensx/MyProject/UAE/data/arrangement_merged/chr_08/182747.4~A33.K_8R.png,0,-0.9080092147653186,,0.0006279349327087,-0.34248958416853464,chromosome
0,0.000567615032196,182747,182747.4~A35.K_8,8,,normal,182747.4~A35.K_8L.png,182747.4~A35.K_8R.png,train,/data5/chensx/MyProject/UAE/data/arrangement_merged/chr_08/182747.4~A35.K_8L.png,/data5/chensx/MyProject/UAE/data/arrangement_merged/chr_08/182747.4~A35.K_8R.png,0,-0.9885124250213282,,0.000567615032196,-1.0542668606789047,chromosome
0,0.0006753802299499,182747,182747.4~A41.K_8,8,,normal,182747.4~A41.K_8L.png,182747.4~A41.K_8R.png,train,/data5/chensx/MyProject/UAE/data/arrangement_merged/chr_08/182747.4~A41.K_8L.png,/data5/chensx/MyProject/UAE/data/arrangement_merged/chr_08/182747.4~A41.K_8R.png,0,-0.8446885078841094,,0.0006753802299499,0.21736685071494372,chromosome
0,0.0006445050239562,182747,182747.4~A43.K_8,8,,normal,182747.4~A43.K_8L.png,182747.4~A43.K_8R.png,train,/data5/chensx/MyProject/UAE/data/arrangement_merged/chr_08/182747.4~A43.K_8L.png,/data5/chensx/MyProject/UAE/data/arrangement_merged/chr_08/182747.4~A43.K_8R.png,0,-0.8858946965329365,,0.0006445050239562,-0.1469618342978161,chromosome
0,0.0006497502326965,182747,182747.4~A9.K_8,8,,normal,182747.4~A9.K_8L.png,182747.4~A9.K_8R.png,train,/data5/chensx/MyProject/UAE/data/arrangement_merged/chr_08/182747.4~A9.K_8L.png,/data5/chensx/MyProject/UAE/data/arrangement_merged/chr_08/182747.4~A9.K_8R.png,0,-0.87889441738024,,0.0006497502326965,-0.08506815807875252,chromosome
0,0.0006313323974609,183038,183038.11~A13.K_8,8,,normal,183038.11~A13.K_8L.png,183038.11~A13.K_8R.png,train,/data5/chensx/MyProject/UAE/data/arrangement_merged/chr_08/183038.11~A13.K_8L.png,/data5/chensx/MyProject/UAE/data/arrangement_merged/chr_08/183038.11~A13.K_8R.png,0,-0.8988903980857578,,0.0006313323974609,-0.3023993620725659,chromosome
0,0.0006124973297119,183038,183038.11~A39.K_8,8,,normal,183038.11~A39.K_8L.png,183038.11~A39.K_8R.png,train,/data5/chensx/MyProject/UAE/data/arrangement_merged/chr_08/183038.11~A39.K_8L.png,/data5/chensx/MyProject/UAE/data/arrangement_merged/chr_08/183038.11~A39.K_8R.png,0,-0.9231862979612236,,0.0006124973297119,-0.5246539266743248,chromosome
0,0.0005807876586914,183038,183038.12~A11.K_8,8,,normal,183038.12~A11.K_8L.png,183038.12~A11.K_8R.png,train,/data5/chensx/MyProject/UAE/data/arrangement_merged/chr_08/183038.12~A11.K_8L.png,/data5/chensx/MyProject/UAE/data/arrangement_merged/chr_08/183038.12~A11.K_8R.png,0,-0.9640895218021974,,0.0005807876586914,-0.8988293329029753,chromosome
0,0.0007816553115844,183038,183038.12~A45.K_8,8,,normal,183038.12~A45.K_8L.png,183038.12~A45.K_8R.png,train,/data5/chensx/MyProject/UAE/data/arrangement_merged/chr_08/183038.12~A45.K_8L.png,/data5/chensx/MyProject/UAE/data/arrangement_merged/chr_08/183038.12~A45.K_8R.png,0,-0.7049845136366296,,0.0007816553115844,1.4714171313647813,chromosome
0,0.0005949735641479,183038,183038.13~A11.K_8,8,,normal,183038.13~A11.K_8L.png,183038.13~A11.K_8R.png,train,/data5/chensx/MyProject/UAE/data/arrangement_merged/chr_08/183038.13~A11.K_8L.png,/data5/chensx/MyProject/UAE/data/arrangement_merged/chr_08/183038.13~A11.K_8R.png,0,-0.9457907111364986,,0.0005949735641479,-0.7314350722222023,chromosome
0,0.0004864931106567,183038,183038.13~A29.K_8,8,,normal,183038.13~A29.K_8L.png,183038.13~A29.K_8R.png,train,/data5/chensx/MyProject/UAE/data/arrangement_merged/chr_08/183038.13~A29.K_8L.png,/data5/chensx/MyProject/UAE/data/arrangement_merged/chr_08/183038.13~A29.K_8R.png,0,-1.085722792697725,,0.0004864931106567,-2.0115088303730353,chromosome
0,0.0007157325744628,183038,183038.13~A39.K_8,8,,normal,183038.13~A39.K_8L.png,183038.13~A39.K_8R.png,train,/data5/chensx/MyProject/UAE/data/arrangement_merged/chr_08/183038.13~A39.K_8L.png,/data5/chensx/MyProject/UAE/data/arrangement_merged/chr_08/183038.13~A39.K_8R.png,0,-0.7900201632007595,,0.0007157325744628,0.6935261552574458,chromosome
0,0.0006600618362426,183038,183038.13~A47.K_8,8,,normal,183038.13~A47.K_8L.png,183038.13~A47.K_8R.png,train,/data5/chensx/MyProject/UAE/data/arrangement_merged/chr_08/183038.13~A47.K_8L.png,/data5/chensx/MyProject/UAE/data/arrangement_merged/chr_08/183038.13~A47.K_8R.png,0,-0.8618314621997626,,0.0006600618362426,0.03660918266806141,chromosome
0,0.0005638003349304,183038,183038.14~A2.K_8,8,,normal,183038.14~A2.K_8L.png,183038.14~A2.K_8R.png,train,/data5/chensx/MyProject/UAE/data/arrangement_merged/chr_08/183038.14~A2.K_8L.png,/data5/chensx/MyProject/UAE/data/arrangement_merged/chr_08/183038.14~A2.K_8R.png,0,-0.9860019631455764,,0.0005638003349304,-1.09928044338282,chromosome
0,0.0008131265640258,183038,183038.14~A3.K_8,8,,normal,183038.14~A3.K_8L.png,183038.14~A3.K_8R.png,train,/data5/chensx/MyProject/UAE/data/arrangement_merged/chr_08/183038.14~A3.K_8L.png,/data5/chensx/MyProject/UAE/data/arrangement_merged/chr_08/183038.14~A3.K_8R.png,0,-0.664388832832054,,0.0008131265640258,1.8427791886744365,chromosome
0,0.0005402565002441,183038,183038.14~A30.K_8,8,,normal,183038.14~A30.K_8L.png,183038.14~A30.K_8R.png,train,/data5/chensx/MyProject/UAE/data/arrangement_merged/chr_08/183038.14~A30.K_8L.png,/data5/chensx/MyProject/UAE/data/arrangement_merged/chr_08/183038.14~A30.K_8R.png,0,-1.0163718379899085,,0.0005402565002441,-1.3770986491356085,chromosome
0,0.0007076263427734,183038,183038.14~A34.K_8,8,,normal,183038.14~A34.K_8L.png,183038.14~A34.K_8R.png,train,/data5/chensx/MyProject/UAE/data/arrangement_merged/chr_08/183038.14~A34.K_8L.png,/data5/chensx/MyProject/UAE/data/arrangement_merged/chr_08/183038.14~A34.K_8R.png,0,-0.8004766264383018,,0.0007076263427734,0.5978722920116271,chromosome
0,0.0007064342498779,183038,183038.14~A48.K_8,8,,normal,183038.14~A48.K_8L.png,183038.14~A48.K_8R.png,train,/data5/chensx/MyProject/UAE/data/arrangement_merged/chr_08/183038.14~A48.K_8L.png,/data5/chensx/MyProject/UAE/data/arrangement_merged/chr_08/183038.14~A48.K_8R.png,0,-0.8020143416202933,,0.0007064342498779,0.5838055474166537,chromosome
0,0.0006057024002075,183038,183038.14~A9.K_8,8,,normal,183038.14~A9.K_8L.png,183038.14~A9.K_8R.png,train,/data5/chensx/MyProject/UAE/data/arrangement_merged/chr_08/183038.14~A9.K_8L.png,/data5/chensx/MyProject/UAE/data/arrangement_merged/chr_08/183038.14~A9.K_8R.png,0,-0.9319512744985752,,0.0006057024002075,-0.6048343708662621,chromosome
0,0.0005909204483032,183038,183038.1~A28.K_8,8,,normal,183038.1~A28.K_8L.png,183038.1~A28.K_8R.png,train,/data5/chensx/MyProject/UAE/data/arrangement_merged/chr_08/183038.1~A28.K_8L.png,/data5/chensx/MyProject/UAE/data/arrangement_merged/chr_08/183038.1~A28.K_8R.png,0,-0.9510189427552695,,0.0005909204483032,-0.7792620038451117,chromosome
0,0.0007451772689819,183038,183038.2~A12.K_8,8,,normal,183038.2~A12.K_8L.png,183038.2~A12.K_8R.png,train,/data5/chensx/MyProject/UAE/data/arrangement_merged/chr_08/183038.2~A12.K_8L.png,/data5/chensx/MyProject/UAE/data/arrangement_merged/chr_08/183038.2~A12.K_8R.png,0,-0.7520385982055695,,0.0007451772689819,1.040974746756237,chromosome
0,0.0006465911865234,183038,183038.2~A13.K_8,8,,normal,183038.2~A13.K_8L.png,183038.2~A13.K_8R.png,train,/data5/chensx/MyProject/UAE/data/arrangement_merged/chr_08/183038.2~A13.K_8L.png,/data5/chensx/MyProject/UAE/data/arrangement_merged/chr_08/183038.2~A13.K_8R.png,0,-0.8792076437562666,,0.0006465911865234,-0.12234503125572731,chromosome
0,0.000679075717926,183038,183038.2~A15.K_8,8,,normal,183038.2~A15.K_8L.png,183038.2~A15.K_8R.png,train,/data5/chensx/MyProject/UAE/data/arrangement_merged/chr_08/183038.2~A15.K_8L.png,/data5/chensx/MyProject/UAE/data/arrangement_merged/chr_08/183038.2~A15.K_8R.png,0,-0.8373049050469982,,0.000679075717926,0.2609737589599513,chromosome
0,0.0005873441696166,183038,183038.2~A21.K_8,8,,normal,183038.2~A21.K_8L.png,183038.2~A21.K_8R.png,train,/data5/chensx/MyProject/UAE/data/arrangement_merged/chr_08/183038.2~A21.K_8L.png,/data5/chensx/MyProject/UAE/data/arrangement_merged/chr_08/183038.2~A21.K_8R.png,0,-0.955632088301244,,0.0005873441696166,-0.8214622376312114,chromosome
0,0.0006210803985595,183038,183038.2~A43.K_8,8,,normal,183038.2~A43.K_8L.png,183038.2~A43.K_8R.png,train,/data5/chensx/MyProject/UAE/data/arrangement_merged/chr_08/183038.2~A43.K_8L.png,/data5/chensx/MyProject/UAE/data/arrangement_merged/chr_08/183038.2~A43.K_8R.png,0,-0.9121147486508848,,0.0006210803985595,-0.423373365590517,chromosome
0,0.0005819797515869,183038,183038.2~A46.K_8,8,,normal,183038.2~A46.K_8L.png,183038.2~A46.K_8R.png,train,/data5/chensx/MyProject/UAE/data/arrangement_merged/chr_08/183038.2~A46.K_8L.png,/data5/chensx/MyProject/UAE/data/arrangement_merged/chr_08/183038.2~A46.K_8R.png,0,-0.962551806620206,,0.0005819797515869,-0.8847625883080019,chromosome
0,0.0005760192871093,183038,183038.2~A47.K_8,8,,normal,183038.2~A47.K_8L.png,183038.2~A47.K_8R.png,train,/data5/chensx/MyProject/UAE/data/arrangement_merged/chr_08/183038.2~A47.K_8L.png,/data5/chensx/MyProject/UAE/data/arrangement_merged/chr_08/183038.2~A47.K_8R.png,0,-0.9702403825301634,,0.0005760192871093,-0.9550963112840485,chromosome
0,0.000564157962799,183038,183038.3~A12.K_8,8,,normal,183038.3~A12.K_8L.png,183038.3~A12.K_8R.png,train,/data5/chensx/MyProject/UAE/data/arrangement_merged/chr_08/183038.3~A12.K_8L.png,/data5/chensx/MyProject/UAE/data/arrangement_merged/chr_08/183038.3~A12.K_8R.png,0,-0.9855406485909788,,0.000564157962799,-1.0950604200049183,chromosome
0,0.000536024570465,183038,183038.3~A19.K_8,8,,normal,183038.3~A19.K_8L.png,183038.3~A19.K_8R.png,train,/data5/chensx/MyProject/UAE/data/arrangement_merged/chr_08/183038.3~A19.K_8L.png,/data5/chensx/MyProject/UAE/data/arrangement_merged/chr_08/183038.3~A19.K_8R.png,0,-1.0218307268859783,,0.000536024570465,-1.4270355924486489,chromosome
0,0.0006157159805297,183038,183038.3~A30.K_8,8,,normal,183038.3~A30.K_8L.png,183038.3~A30.K_8R.png,train,/data5/chensx/MyProject/UAE/data/arrangement_merged/chr_08/183038.3~A30.K_8L.png,/data5/chensx/MyProject/UAE/data/arrangement_merged/chr_08/183038.3~A30.K_8R.png,0,-0.9190344669698464,,0.0006157159805297,-0.4866737162684858,chromosome
0,0.0006401538848876,183038,183038.3~A36.K_8,8,,normal,183038.3~A36.K_8L.png,183038.3~A36.K_8R.png,train,/data5/chensx/MyProject/UAE/data/arrangement_merged/chr_08/183038.3~A36.K_8L.png,/data5/chensx/MyProject/UAE/data/arrangement_merged/chr_08/183038.3~A36.K_8R.png,0,-0.8875113057390207,,0.0006401538848876,-0.198305452069763,chromosome
0,0.000614583492279,183038,183038.4~A15.K_8,8,,normal,183038.4~A15.K_8L.png,183038.4~A15.K_8R.png,train,/data5/chensx/MyProject/UAE/data/arrangement_merged/chr_08/183038.4~A15.K_8L.png,/data5/chensx/MyProject/UAE/data/arrangement_merged/chr_08/183038.4~A15.K_8R.png,0,-0.9204952963927384,,0.000614583492279,-0.5000371236334156,chromosome
0,0.0005621910095214,183038,183038.4~A24.K_8,8,,normal,183038.4~A24.K_8L.png,183038.4~A24.K_8R.png,train,/data5/chensx/MyProject/UAE/data/arrangement_merged/chr_08/183038.4~A24.K_8L.png,/data5/chensx/MyProject/UAE/data/arrangement_merged/chr_08/183038.4~A24.K_8R.png,0,-0.9880778786412648,,0.0005621910095214,-1.1182705485869184,chromosome
0,0.0005801916122436,183038,183038.4~A36.K_8,8,,normal,183038.4~A36.K_8L.png,183038.4~A36.K_8R.png,train,/data5/chensx/MyProject/UAE/data/arrangement_merged/chr_08/183038.4~A36.K_8L.png,/data5/chensx/MyProject/UAE/data/arrangement_merged/chr_08/183038.4~A36.K_8R.png,0,-0.9648583793931932,,0.0005801916122436,-0.9058627052010518,chromosome
0,0.0006808042526245,183038,183038.4~A39.K_8,8,,normal,183038.4~A39.K_8L.png,183038.4~A39.K_8R.png,train,/data5/chensx/MyProject/UAE/data/arrangement_merged/chr_08/183038.4~A39.K_8L.png,/data5/chensx/MyProject/UAE/data/arrangement_merged/chr_08/183038.4~A39.K_8R.png,0,-0.8350752180331106,,0.0006808042526245,0.28137053862295747,chromosome
0,0.0005619525909423,183079,183079.11~A27.K_8,8,,normal,183079.11~A27.K_8L.png,183079.11~A27.K_8R.png,train,/data5/chensx/MyProject/UAE/data/arrangement_merged/chr_08/183079.11~A27.K_8L.png,/data5/chensx/MyProject/UAE/data/arrangement_merged/chr_08/183079.11~A27.K_8R.png,0,-0.98067770646594,,0.0005619525909423,-1.1210838975059136,chromosome
0,0.0007011294364929,183079,183079.12~A27.K_8,8,,normal,183079.12~A27.K_8L.png,183079.12~A27.K_8R.png,train,/data5/chensx/MyProject/UAE/data/arrangement_merged/chr_08/183079.12~A27.K_8L.png,/data5/chensx/MyProject/UAE/data/arrangement_merged/chr_08/183079.12~A27.K_8R.png,0,-0.7924756025407477,,0.0007011294364929,0.5212085339687273,chromosome
0,0.0008673667907714,183079,183079.12~A37.K_8,8,,normal,183079.12~A37.K_8L.png,183079.12~A37.K_8R.png,train,/data5/chensx/MyProject/UAE/data/arrangement_merged/chr_08/183079.12~A37.K_8L.png,/data5/chensx/MyProject/UAE/data/arrangement_merged/chr_08/183079.12~A37.K_8R.png,0,-0.5676808839765672,,0.0008673667907714,2.4828160677498534,chromosome
0,0.0007122755050659,183079,183079.12~A44.K_8,8,,normal,183079.12~A44.K_8L.png,183079.12~A44.K_8R.png,train,/data5/chensx/MyProject/UAE/data/arrangement_merged/chr_08/183079.12~A44.K_8L.png,/data5/chensx/MyProject/UAE/data/arrangement_merged/chr_08/183079.12~A44.K_8R.png,0,-0.7774033141321777,,0.0007122755050659,0.6527325959326129,chromosome
0,0.0006483793258666,183079,183079.13~A12.K_8,8,,normal,183079.13~A12.K_8L.png,183079.13~A12.K_8R.png,train,/data5/chensx/MyProject/UAE/data/arrangement_merged/chr_08/183079.13~A12.K_8L.png,/data5/chensx/MyProject/UAE/data/arrangement_merged/chr_08/183079.13~A12.K_8R.png,0,-0.8638070209449425,,0.0006483793258666,-0.10124491436385699,chromosome
0,0.0005484223365783,183079,183079.13~A19.K_8,8,,normal,183079.13~A19.K_8L.png,183079.13~A19.K_8R.png,train,/data5/chensx/MyProject/UAE/data/arrangement_merged/chr_08/183079.13~A19.K_8L.png,/data5/chensx/MyProject/UAE/data/arrangement_merged/chr_08/183079.13~A19.K_8R.png,0,-0.998974013785434,,0.0005484223365783,-1.2807414486597462,chromosome
0,0.0006019473075866,183079,183079.13~A27.K_8,8,,normal,183079.13~A27.K_8L.png,183079.13~A27.K_8R.png,train,/data5/chensx/MyProject/UAE/data/arrangement_merged/chr_08/183079.13~A27.K_8L.png,/data5/chensx/MyProject/UAE/data/arrangement_merged/chr_08/183079.13~A27.K_8R.png,0,-0.9265947892351888,,0.0006019473075866,-0.6491446163413134,chromosome
0,0.0007387399673461,183079,183079.13~A6.K_8,8,,normal,183079.13~A6.K_8L.png,183079.13~A6.K_8R.png,train,/data5/chensx/MyProject/UAE/data/arrangement_merged/chr_08/183079.13~A6.K_8L.png,/data5/chensx/MyProject/UAE/data/arrangement_merged/chr_08/183079.13~A6.K_8R.png,0,-0.7416167042209205,,0.0007387399673461,0.9650143259422013,chromosome
0,0.0006239414215087,183079,183079.13~A9.K_8,8,,normal,183079.13~A9.K_8L.png,183079.13~A9.K_8R.png,train,/data5/chensx/MyProject/UAE/data/arrangement_merged/chr_08/183079.13~A9.K_8L.png,/data5/chensx/MyProject/UAE/data/arrangement_merged/chr_08/183079.13~A9.K_8R.png,0,-0.8968532147819143,,0.0006239414215087,-0.3896131785625798,chromosome
0,0.0006138086318969,183079,183079.14~A11.K_8,8,,normal,183079.14~A11.K_8L.png,183079.14~A11.K_8R.png,train,/data5/chensx/MyProject/UAE/data/arrangement_merged/chr_08/183079.14~A11.K_8L.png,/data5/chensx/MyProject/UAE/data/arrangement_merged/chr_08/183079.14~A11.K_8R.png,0,-0.9105552951533415,,0.0006138086318969,-0.5091805076204435,chromosome
0,0.0006363987922668,183079,183079.14~A13.K_8,8,,normal,183079.14~A13.K_8L.png,183079.14~A13.K_8R.png,train,/data5/chensx/MyProject/UAE/data/arrangement_merged/chr_08/183079.14~A13.K_8L.png,/data5/chensx/MyProject/UAE/data/arrangement_merged/chr_08/183079.14~A13.K_8R.png,0,-0.880007715972336,,0.0006363987922668,-0.2426156975436347,chromosome
0,0.0005390644073486,183079,183079.14~A23.K_8,8,,normal,183079.14~A23.K_8L.png,183079.14~A23.K_8R.png,train,/data5/chensx/MyProject/UAE/data/arrangement_merged/chr_08/183079.14~A23.K_8L.png,/data5/chensx/MyProject/UAE/data/arrangement_merged/chr_08/183079.14~A23.K_8R.png,0,-1.011628288010811,,0.0005390644073486,-1.391165393730582,chromosome
0,0.0006723999977111,183079,183079.14~A24.K_8,8,,normal,183079.14~A24.K_8L.png,183079.14~A24.K_8R.png,train,/data5/chensx/MyProject/UAE/data/arrangement_merged/chr_08/183079.14~A24.K_8L.png,/data5/chensx/MyProject/UAE/data/arrangement_merged/chr_08/183079.14~A24.K_8R.png,0,-0.8313250304173826,,0.0006723999977111,0.1821999892269204,chromosome
0,0.0006040334701538,183079,183079.14~A26.K_8,8,,normal,183079.14~A26.K_8L.png,183079.14~A26.K_8R.png,train,/data5/chensx/MyProject/UAE/data/arrangement_merged/chr_08/183079.14~A26.K_8L.png,/data5/chensx/MyProject/UAE/data/arrangement_merged/chr_08/183079.14~A26.K_8R.png,0,-0.9237737726881302,,0.0006040334701538,-0.6245278132992247,chromosome
0,0.000656247138977,183079,183079.14~A28.K_8,8,,normal,183079.14~A28.K_8L.png,183079.14~A28.K_8R.png,train,/data5/chensx/MyProject/UAE/data/arrangement_merged/chr_08/183079.14~A28.K_8L.png,/data5/chensx/MyProject/UAE/data/arrangement_merged/chr_08/183079.14~A28.K_8R.png,0,-0.8531677585388932,,0.000656247138977,-0.00840440003585271,chromosome
0,0.000584065914154,183079,183079.14~A3.K_8,8,,normal,183079.14~A3.K_8L.png,183079.14~A3.K_8R.png,train,/data5/chensx/MyProject/UAE/data/arrangement_merged/chr_08/183079.14~A3.K_8L.png,/data5/chensx/MyProject/UAE/data/arrangement_merged/chr_08/183079.14~A3.K_8R.png,0,-0.9507749310671192,,0.000584065914154,-0.8601457852670927,chromosome
0,0.0006182193756103,183079,183079.14~A34.K_8,8,,normal,183079.14~A34.K_8L.png,183079.14~A34.K_8R.png,train,/data5/chensx/MyProject/UAE/data/arrangement_merged/chr_08/183079.14~A34.K_8L.png,/data5/chensx/MyProject/UAE/data/arrangement_merged/chr_08/183079.14~A34.K_8R.png,0,-0.904590860168132,,0.0006182193756103,-0.4571335526184529,chromosome
0,0.0006229877471923,183079,183079.14~A38.K_8,8,,normal,183079.14~A38.K_8L.png,183079.14~A38.K_8R.png,train,/data5/chensx/MyProject/UAE/data/arrangement_merged/chr_08/183079.14~A38.K_8L.png,/data5/chensx/MyProject/UAE/data/arrangement_merged/chr_08/183079.14~A38.K_8R.png,0,-0.8981428223462838,,0.0006229877471923,-0.4008665742385593,chromosome
0,0.0007218122482299,183079,183079.14~A6.K_8,8,,normal,183079.14~A6.K_8L.png,183079.14~A6.K_8R.png,train,/data5/chensx/MyProject/UAE/data/arrangement_merged/chr_08/183079.14~A6.K_8L.png,/data5/chensx/MyProject/UAE/data/arrangement_merged/chr_08/183079.14~A6.K_8R.png,0,-0.7645072384884813,,0.0007218122482299,0.7652665526924002,chromosome
0,0.0006197690963745,183079,183079.2~A40.K_8,8,,normal,183079.2~A40.K_8L.png,183079.2~A40.K_8R.png,train,/data5/chensx/MyProject/UAE/data/arrangement_merged/chr_08/183079.2~A40.K_8L.png,/data5/chensx/MyProject/UAE/data/arrangement_merged/chr_08/183079.2~A40.K_8R.png,0,-0.9024952478760312,,0.0006197690963745,-0.4388467846443969,chromosome
0,0.0007230639457702,183079,183079.2~A8.K_8,8,,normal,183079.2~A8.K_8L.png,183079.2~A8.K_8R.png,train,/data5/chensx/MyProject/UAE/data/arrangement_merged/chr_08/183079.2~A8.K_8L.png,/data5/chensx/MyProject/UAE/data/arrangement_merged/chr_08/183079.2~A8.K_8R.png,0,-0.7628146285602463,,0.0007230639457702,0.7800366345174172,chromosome
0,0.0005658864974975,183079,183079.3~A16.K_8,8,,normal,183079.3~A16.K_8L.png,183079.3~A16.K_8R.png,train,/data5/chensx/MyProject/UAE/data/arrangement_merged/chr_08/183079.3~A16.K_8L.png,/data5/chensx/MyProject/UAE/data/arrangement_merged/chr_08/183079.3~A16.K_8R.png,0,-0.9753580752629152,,0.0005658864974975,-1.074663640341911,chromosome
0,0.0006918907165527,183079,183079.3~A22.K_8,8,,normal,183079.3~A22.K_8L.png,183079.3~A22.K_8R.png,train,/data5/chensx/MyProject/UAE/data/arrangement_merged/chr_08/183079.3~A22.K_8L.png,/data5/chensx/MyProject/UAE/data/arrangement_merged/chr_08/183079.3~A22.K_8R.png,0,-0.8049686758205784,,0.0006918907165527,0.4121912633567994,chromosome
0,0.0007222890853881,183079,183079.3~A5.K_8,8,,normal,183079.3~A5.K_8L.png,183079.3~A5.K_8R.png,train,/data5/chensx/MyProject/UAE/data/arrangement_merged/chr_08/183079.3~A5.K_8L.png,/data5/chensx/MyProject/UAE/data/arrangement_merged/chr_08/183079.3~A5.K_8R.png,0,-0.7638624347062966,,0.0007222890853881,0.7708932505303893,chromosome
0,0.0006991624832153,183079,183079.3~A7.K_8,8,,normal,183079.3~A7.K_8L.png,183079.3~A7.K_8R.png,train,/data5/chensx/MyProject/UAE/data/arrangement_merged/chr_08/183079.3~A7.K_8L.png,/data5/chensx/MyProject/UAE/data/arrangement_merged/chr_08/183079.3~A7.K_8R.png,0,-0.79513541814226,,0.0006991624832153,0.4979984053867272,chromosome
0,0.0005565285682678,183079,183079.4~A13.K_8,8,,normal,183079.4~A13.K_8L.png,183079.4~A13.K_8R.png,train,/data5/chensx/MyProject/UAE/data/arrangement_merged/chr_08/183079.4~A13.K_8L.png,/data5/chensx/MyProject/UAE/data/arrangement_merged/chr_08/183079.4~A13.K_8R.png,0,-0.9880123494882922,,0.0005565285682678,-1.1850875854127467,chromosome
0,0.0006952285766601,183079,183079.4~A17.K_8,8,,normal,183079.4~A17.K_8L.png,183079.4~A17.K_8R.png,train,/data5/chensx/MyProject/UAE/data/arrangement_merged/chr_08/183079.4~A17.K_8L.png,/data5/chensx/MyProject/UAE/data/arrangement_merged/chr_08/183079.4~A17.K_8R.png,0,-0.8004550493452847,,0.0006952285766601,0.4515781482227244,chromosome
0,0.0007515549659729,183079,183079.4~A18.K_8,8,,normal,183079.4~A18.K_8L.png,183079.4~A18.K_8R.png,train,/data5/chensx/MyProject/UAE/data/arrangement_merged/chr_08/183079.4~A18.K_8L.png,/data5/chensx/MyProject/UAE/data/arrangement_merged/chr_08/183079.4~A18.K_8R.png,0,-0.7242876025747037,,0.0007515549659729,1.116231830340229,chromosome
0,0.0006367564201354,183079,183079.4~A23.K_8,8,,normal,183079.4~A23.K_8L.png,183079.4~A23.K_8R.png,train,/data5/chensx/MyProject/UAE/data/arrangement_merged/chr_08/183079.4~A23.K_8L.png,/data5/chensx/MyProject/UAE/data/arrangement_merged/chr_08/183079.4~A23.K_8R.png,0,-0.8795241131356973,,0.0006367564201354,-0.2383956741657317,chromosome
0,0.000647485256195,183079,183079.4~A29.K_8,8,,normal,183079.4~A29.K_8L.png,183079.4~A29.K_8R.png,train,/data5/chensx/MyProject/UAE/data/arrangement_merged/chr_08/183079.4~A29.K_8L.png,/data5/chensx/MyProject/UAE/data/arrangement_merged/chr_08/183079.4~A29.K_8R.png,0,-0.8650160280365391,,0.000647485256195,-0.1117949728097928,chromosome
0,0.0006753206253051,183079,183079.4~A4.K_8,8,,normal,183079.4~A4.K_8L.png,183079.4~A4.K_8R.png,train,/data5/chensx/MyProject/UAE/data/arrangement_merged/chr_08/183079.4~A4.K_8L.png,/data5/chensx/MyProject/UAE/data/arrangement_merged/chr_08/183079.4~A4.K_8R.png,0,-0.8273756072515006,,0.0006753206253051,0.2166635134849,chromosome
0,0.0006452202796936,183079,183079.4~A50.K_8,8,,normal,183079.4~A50.K_8L.png,183079.4~A50.K_8R.png,train,/data5/chensx/MyProject/UAE/data/arrangement_merged/chr_08/183079.4~A50.K_8L.png,/data5/chensx/MyProject/UAE/data/arrangement_merged/chr_08/183079.4~A50.K_8R.png,0,-0.868078846001917,,0.0006452202796936,-0.13852178753965094,chromosome
0,0.0005749464035034,183214,183214.11~A34.K_8,8,,normal,183214.11~A34.K_8L.png,183214.11~A34.K_8R.png,train,/data5/chensx/MyProject/UAE/data/arrangement_merged/chr_08/183214.11~A34.K_8L.png,/data5/chensx/MyProject/UAE/data/arrangement_merged/chr_08/183214.11~A34.K_8R.png,0,-0.9851039861235724,,0.0005749464035034,-0.9677563814189345,chromosome
0,0.0005519986152648,183214,183214.11~A9.K_8,8,,normal,183214.11~A9.K_8L.png,183214.11~A9.K_8R.png,train,/data5/chensx/MyProject/UAE/data/arrangement_merged/chr_08/183214.11~A9.K_8L.png,/data5/chensx/MyProject/UAE/data/arrangement_merged/chr_08/183214.11~A9.K_8R.png,0,-1.0152007324997303,,0.0005519986152648,-1.2385412148748258,chromosome
0,0.000651478767395,183214,183214.12~A1.K_8,8,,normal,183214.12~A1.K_8L.png,183214.12~A1.K_8R.png,train,/data5/chensx/MyProject/UAE/data/arrangement_merged/chr_08/183214.12~A1.K_8L.png,/data5/chensx/MyProject/UAE/data/arrangement_merged/chr_08/183214.12~A1.K_8R.png,0,-0.884729382624906,,0.000651478767395,-0.06467137841574631,chromosome
0,0.0006805658340454,183214,183214.12~A24.K_8,8,,normal,183214.12~A24.K_8L.png,183214.12~A24.K_8R.png,train,/data5/chensx/MyProject/UAE/data/arrangement_merged/chr_08/183214.12~A24.K_8L.png,/data5/chensx/MyProject/UAE/data/arrangement_merged/chr_08/183214.12~A24.K_8R.png,0,-0.8465807794260358,,0.0006805658340454,0.2785571897039623,chromosome
0,0.0006267428398132,183214,183214.12~A8.K_8,8,,normal,183214.12~A8.K_8L.png,183214.12~A8.K_8R.png,train,/data5/chensx/MyProject/UAE/data/arrangement_merged/chr_08/183214.12~A8.K_8L.png,/data5/chensx/MyProject/UAE/data/arrangement_merged/chr_08/183214.12~A8.K_8R.png,0,-0.9171713300173878,,0.0006267428398132,-0.356556328763508,chromosome
0,0.0006687641143798,183214,183214.13~A21.K_8,8,,normal,183214.13~A21.K_8L.png,183214.13~A21.K_8R.png,train,/data5/chensx/MyProject/UAE/data/arrangement_merged/chr_08/183214.13~A21.K_8L.png,/data5/chensx/MyProject/UAE/data/arrangement_merged/chr_08/183214.13~A21.K_8R.png,0,-0.8620591061337741,,0.0006687641143798,0.1392964182119565,chromosome
0,0.000766098499298,183214,183214.13~A34.K_8,8,,normal,183214.13~A34.K_8L.png,183214.13~A34.K_8R.png,train,/data5/chensx/MyProject/UAE/data/arrangement_merged/chr_08/183214.13~A34.K_8L.png,/data5/chensx/MyProject/UAE/data/arrangement_merged/chr_08/183214.13~A34.K_8R.png,0,-0.7344019974785385,,0.000766098499298,1.2878461143989037,chromosome
0,0.0006768703460693,183214,183214.13~A49.K_8,8,,normal,183214.13~A49.K_8L.png,183214.13~A49.K_8R.png,train,/data5/chensx/MyProject/UAE/data/arrangement_merged/chr_08/183214.13~A49.K_8L.png,/data5/chensx/MyProject/UAE/data/arrangement_merged/chr_08/183214.13~A49.K_8R.png,0,-0.8514275281931054,,0.0006768703460693,0.234950281458956,chromosome
0,0.000473141670227,183214,183214.13~A6.K_8,8,,normal,183214.13~A6.K_8L.png,183214.13~A6.K_8R.png,train,/data5/chensx/MyProject/UAE/data/arrangement_merged/chr_08/183214.13~A6.K_8L.png,/data5/chensx/MyProject/UAE/data/arrangement_merged/chr_08/183214.13~A6.K_8R.png,0,-1.118624097319618,,0.000473141670227,-2.1690563698379166,chromosome
0,0.0007018446922302,183214,183214.14~A11.K_8,8,,normal,183214.14~A11.K_8L.png,183214.14~A11.K_8R.png,train,/data5/chensx/MyProject/UAE/data/arrangement_merged/chr_08/183214.14~A11.K_8L.png,/data5/chensx/MyProject/UAE/data/arrangement_merged/chr_08/183214.14~A11.K_8R.png,0,-0.8186728873317805,,0.0007018446922302,0.5296485807257116,chromosome
0,0.0006771087646484,183214,183214.14~A17.K_8,8,,normal,183214.14~A17.K_8L.png,183214.14~A17.K_8R.png,train,/data5/chensx/MyProject/UAE/data/arrangement_merged/chr_08/183214.14~A17.K_8L.png,/data5/chensx/MyProject/UAE/data/arrangement_merged/chr_08/183214.14~A17.K_8R.png,0,-0.8511148347242622,,0.0006771087646484,0.2377636303779499,chromosome
0,0.0006557703018188,183214,183214.14~A19.K_8,8,,normal,183214.14~A19.K_8L.png,183214.14~A19.K_8R.png,train,/data5/chensx/MyProject/UAE/data/arrangement_merged/chr_08/183214.14~A19.K_8L.png,/data5/chensx/MyProject/UAE/data/arrangement_merged/chr_08/183214.14~A19.K_8R.png,0,-0.8791009001857284,,0.0006557703018188,-0.014031097873843096,chromosome
0,0.0006968975067138,183214,183214.14~A21.K_8,8,,normal,183214.14~A21.K_8L.png,183214.14~A21.K_8R.png,train,/data5/chensx/MyProject/UAE/data/arrangement_merged/chr_08/183214.14~A21.K_8L.png,/data5/chensx/MyProject/UAE/data/arrangement_merged/chr_08/183214.14~A21.K_8R.png,0,-0.8251612768102767,,0.0006968975067138,0.4712715906556869,chromosome
0,0.000596284866333,183214,183214.14~A6.K_8,8,,normal,183214.14~A6.K_8L.png,183214.14~A6.K_8R.png,train,/data5/chensx/MyProject/UAE/data/arrangement_merged/chr_08/183214.14~A6.K_8L.png,/data5/chensx/MyProject/UAE/data/arrangement_merged/chr_08/183214.14~A6.K_8R.png,0,-0.9571179206621064,,0.000596284866333,-0.7159616531671416,chromosome
0,0.0006512403488159,183214,183214.2~A19.K_8,8,,normal,183214.2~A19.K_8L.png,183214.2~A19.K_8R.png,train,/data5/chensx/MyProject/UAE/data/arrangement_merged/chr_08/183214.2~A19.K_8L.png,/data5/chensx/MyProject/UAE/data/arrangement_merged/chr_08/183214.2~A19.K_8R.png,0,-0.8850420760937492,,0.0006512403488159,-0.0674847273347415,chromosome
0,0.0007520914077758,183214,183214.2~A25.K_8,8,,normal,183214.2~A25.K_8L.png,183214.2~A25.K_8R.png,train,/data5/chensx/MyProject/UAE/data/arrangement_merged/chr_08/183214.2~A25.K_8L.png,/data5/chensx/MyProject/UAE/data/arrangement_merged/chr_08/183214.2~A25.K_8R.png,0,-0.7527727387730765,,0.0007520914077758,1.1225618654070821,chromosome
0,0.0006849765777587,183214,183214.2~A30.K_8,8,,normal,183214.2~A30.K_8L.png,183214.2~A30.K_8R.png,train,/data5/chensx/MyProject/UAE/data/arrangement_merged/chr_08/183214.2~A30.K_8L.png,/data5/chensx/MyProject/UAE/data/arrangement_merged/chr_08/183214.2~A30.K_8R.png,0,-0.8407959502524367,,0.0006849765777587,0.3306041447047746,chromosome
0,0.000611662864685,183214,183214.2~A36.K_8,8,,normal,183214.2~A36.K_8L.png,183214.2~A36.K_8R.png,train,/data5/chensx/MyProject/UAE/data/arrangement_merged/chr_08/183214.2~A36.K_8L.png,/data5/chensx/MyProject/UAE/data/arrangement_merged/chr_08/183214.2~A36.K_8R.png,0,-0.93694919192172,,0.000611662864685,-0.5345006478913952,chromosome
0,0.0006034970283508,183214,183214.2~A39.K_8,8,,normal,183214.2~A39.K_8L.png,183214.2~A39.K_8R.png,train,/data5/chensx/MyProject/UAE/data/arrangement_merged/chr_08/183214.2~A39.K_8L.png,/data5/chensx/MyProject/UAE/data/arrangement_merged/chr_08/183214.2~A39.K_8R.png,0,-0.9476589432295996,,0.0006034970283508,-0.6308578483672574,chromosome
0,0.0006487965583801,183214,183214.2~A45.K_8,8,,normal,183214.2~A45.K_8L.png,183214.2~A45.K_8R.png,train,/data5/chensx/MyProject/UAE/data/arrangement_merged/chr_08/183214.2~A45.K_8L.png,/data5/chensx/MyProject/UAE/data/arrangement_merged/chr_08/183214.2~A45.K_8R.png,0,-0.888247184149392,,0.0006487965583801,-0.096321553754732,chromosome
0,0.0006740689277648,183214,183214.2~A6.K_8,8,,normal,183214.2~A6.K_8L.png,183214.2~A6.K_8R.png,train,/data5/chensx/MyProject/UAE/data/arrangement_merged/chr_08/183214.2~A6.K_8L.png,/data5/chensx/MyProject/UAE/data/arrangement_merged/chr_08/183214.2~A6.K_8R.png,0,-0.855101676452013,,0.0006740689277648,0.2018934316598829,chromosome
0,0.0007002353668212,183214,183214.3~A12.K_8,8,,normal,183214.3~A12.K_8L.png,183214.3~A12.K_8R.png,train,/data5/chensx/MyProject/UAE/data/arrangement_merged/chr_08/183214.3~A12.K_8L.png,/data5/chensx/MyProject/UAE/data/arrangement_merged/chr_08/183214.3~A12.K_8R.png,0,-0.820783568246472,,0.0007002353668212,0.5106584755216133,chromosome
0,0.0006035566329956,183214,183214.3~A19.K_8,8,,normal,183214.3~A19.K_8L.png,183214.3~A19.K_8R.png,train,/data5/chensx/MyProject/UAE/data/arrangement_merged/chr_08/183214.3~A19.K_8L.png,/data5/chensx/MyProject/UAE/data/arrangement_merged/chr_08/183214.3~A19.K_8R.png,0,-0.9475807698623888,,0.0006035566329956,-0.6301545111372138,chromosome
0,0.0006064176559448,183214,183214.3~A28.K_8,8,,normal,183214.3~A28.K_8L.png,183214.3~A28.K_8R.png,train,/data5/chensx/MyProject/UAE/data/arrangement_merged/chr_08/183214.3~A28.K_8L.png,/data5/chensx/MyProject/UAE/data/arrangement_merged/chr_08/183214.3~A28.K_8R.png,0,-0.9438284482362704,,0.0006064176559448,-0.5963943241092778,chromosome
0,0.0006099343299865,183214,183214.3~A4.K_8,8,,normal,183214.3~A4.K_8L.png,183214.3~A4.K_8R.png,train,/data5/chensx/MyProject/UAE/data/arrangement_merged/chr_08/183214.3~A4.K_8L.png,/data5/chensx/MyProject/UAE/data/arrangement_merged/chr_08/183214.3~A4.K_8R.png,0,-0.9392162195708332,,0.0006099343299865,-0.5548974275544026,chromosome
0,0.0006744265556335,183214,183214.3~A42.K_8,8,,normal,183214.3~A42.K_8L.png,183214.3~A42.K_8R.png,train,/data5/chensx/MyProject/UAE/data/arrangement_merged/chr_08/183214.3~A42.K_8L.png,/data5/chensx/MyProject/UAE/data/arrangement_merged/chr_08/183214.3~A42.K_8R.png,0,-0.8546326362487482,,0.0006744265556335,0.2061134550389655,chromosome
0,0.0007005929946899,183214,183214.3~A43.K_8,8,,normal,183214.3~A43.K_8L.png,183214.3~A43.K_8R.png,train,/data5/chensx/MyProject/UAE/data/arrangement_merged/chr_08/183214.3~A43.K_8L.png,/data5/chensx/MyProject/UAE/data/arrangement_merged/chr_08/183214.3~A43.K_8R.png,0,-0.8203145280432071,,0.0007005929946899,0.5148784989006945,chromosome
0,0.0006159543991088,183214,183214.3~A47.K_8,8,,normal,183214.3~A47.K_8L.png,183214.3~A47.K_8R.png,train,/data5/chensx/MyProject/UAE/data/arrangement_merged/chr_08/183214.3~A47.K_8L.png,/data5/chensx/MyProject/UAE/data/arrangement_merged/chr_08/183214.3~A47.K_8R.png,0,-0.9313207094825424,,0.0006159543991088,-0.4838603673494919,chromosome
0,0.0007659196853637,183214,183214.4~A22.K_8,8,,normal,183214.4~A22.K_8L.png,183214.4~A22.K_8R.png,train,/data5/chensx/MyProject/UAE/data/arrangement_merged/chr_08/183214.4~A22.K_8L.png,/data5/chensx/MyProject/UAE/data/arrangement_merged/chr_08/183214.4~A22.K_8R.png,0,-0.7346365175801709,,0.0007659196853637,1.2857361027099534,chromosome
0,0.0005868673324584,183214,183214.4~A24.K_8,8,,normal,183214.4~A24.K_8L.png,183214.4~A24.K_8R.png,train,/data5/chensx/MyProject/UAE/data/arrangement_merged/chr_08/183214.4~A24.K_8L.png,/data5/chensx/MyProject/UAE/data/arrangement_merged/chr_08/183214.4~A24.K_8R.png,0,-0.9694693126814128,,0.0005868673324584,-0.8270889354692005,chromosome
0,0.0006210803985595,183214,183214.4~A26.K_8,8,,normal,183214.4~A26.K_8L.png,183214.4~A26.K_8R.png,train,/data5/chensx/MyProject/UAE/data/arrangement_merged/chr_08/183214.4~A26.K_8L.png,/data5/chensx/MyProject/UAE/data/arrangement_merged/chr_08/183214.4~A26.K_8R.png,0,-0.9245977999024138,,0.0006210803985595,-0.423373365590517,chromosome
0,0.0007346868515014,183214,183214.4~A28.K_8,8,,normal,183214.4~A28.K_8L.png,183214.4~A28.K_8R.png,train,/data5/chensx/MyProject/UAE/data/arrangement_merged/chr_08/183214.4~A28.K_8L.png,/data5/chensx/MyProject/UAE/data/arrangement_merged/chr_08/183214.4~A28.K_8R.png,0,-0.7755993619986299,,0.0007346868515014,0.917187394319292,chromosome
0,0.0005121827125549,183214,183214.4~A50.K_8,8,,normal,183214.4~A50.K_8L.png,183214.4~A50.K_8R.png,train,/data5/chensx/MyProject/UAE/data/arrangement_merged/chr_08/183214.4~A50.K_8L.png,/data5/chensx/MyProject/UAE/data/arrangement_merged/chr_08/183214.4~A50.K_8R.png,0,-1.0674205417965443,,0.0005121827125549,-1.708370484349295,chromosome
0,0.0005325078964233,183214,183214.4~A8.K_8,8,,normal,183214.4~A8.K_8L.png,183214.4~A8.K_8R.png,train,/data5/chensx/MyProject/UAE/data/arrangement_merged/chr_08/183214.4~A8.K_8L.png,/data5/chensx/MyProject/UAE/data/arrangement_merged/chr_08/183214.4~A8.K_8R.png,0,-1.0407634235776615,,0.0005325078964233,-1.468532489003524,chromosome
0,0.0007277727127075,183262,183262.11~A16.K_8,8,,normal,183262.11~A16.K_8L.png,183262.11~A16.K_8R.png,train,/data5/chensx/MyProject/UAE/data/arrangement_merged/chr_08/183262.11~A16.K_8L.png,/data5/chensx/MyProject/UAE/data/arrangement_merged/chr_08/183262.11~A16.K_8R.png,0,-0.7695371388707126,,0.0007277727127075,0.8356002756684467,chromosome
0,0.0008871555328369,183262,183262.12~A5.K_8,8,,normal,183262.12~A5.K_8L.png,183262.12~A5.K_8R.png,train,/data5/chensx/MyProject/UAE/data/arrangement_merged/chr_08/183262.12~A5.K_8L.png,/data5/chensx/MyProject/UAE/data/arrangement_merged/chr_08/183262.12~A5.K_8R.png,0,-0.5679488503224682,,0.0008871555328369,2.71632402802877,chromosome
0,0.0005593299865722,183262,183262.14~A1.K_8,8,,normal,183262.14~A1.K_8L.png,183262.14~A1.K_8R.png,train,/data5/chensx/MyProject/UAE/data/arrangement_merged/chr_08/183262.14~A1.K_8L.png,/data5/chensx/MyProject/UAE/data/arrangement_merged/chr_08/183262.14~A1.K_8R.png,0,-0.9825844475608168,,0.0005593299865722,-1.1520307356148545,chromosome
0,0.0007616281509399,183262,183262.14~A16.K_8,8,,normal,183262.14~A16.K_8L.png,183262.14~A16.K_8R.png,train,/data5/chensx/MyProject/UAE/data/arrangement_merged/chr_08/183262.14~A16.K_8L.png,/data5/chensx/MyProject/UAE/data/arrangement_merged/chr_08/183262.14~A16.K_8R.png,0,-0.7267165899195522,,0.0007616281509399,1.235095822168049,chromosome
0,0.000755488872528,183262,183262.14~A21.K_8,8,,normal,183262.14~A21.K_8L.png,183262.14~A21.K_8R.png,train,/data5/chensx/MyProject/UAE/data/arrangement_merged/chr_08/183262.14~A21.K_8L.png,/data5/chensx/MyProject/UAE/data/arrangement_merged/chr_08/183262.14~A21.K_8R.png,0,-0.7344815838314704,,0.000755488872528,1.1626520875030508,chromosome
0,0.0007284283638,183262,183262.14~A23.K_8,8,,normal,183262.14~A23.K_8L.png,183262.14~A23.K_8R.png,train,/data5/chensx/MyProject/UAE/data/arrangement_merged/chr_08/183262.14~A23.K_8L.png,/data5/chensx/MyProject/UAE/data/arrangement_merged/chr_08/183262.14~A23.K_8R.png,0,-0.7687078676762359,,0.0007284283638,0.8433369851953874,chromosome
0,0.0006380081176757,183262,183262.14~A29.K_8,8,,normal,183262.14~A29.K_8L.png,183262.14~A29.K_8R.png,train,/data5/chensx/MyProject/UAE/data/arrangement_merged/chr_08/183262.14~A29.K_8L.png,/data5/chensx/MyProject/UAE/data/arrangement_merged/chr_08/183262.14~A29.K_8R.png,0,-0.8830719042236131,,0.0006380081176757,-0.2236255923407146,chromosome
0,0.0007221698760986,183262,183262.14~A33.K_8,8,,normal,183262.14~A33.K_8L.png,183262.14~A33.K_8R.png,train,/data5/chensx/MyProject/UAE/data/arrangement_merged/chr_08/183262.14~A33.K_8L.png,/data5/chensx/MyProject/UAE/data/arrangement_merged/chr_08/183262.14~A33.K_8R.png,0,-0.776623638168968,,0.0007221698760986,0.7694865760714814,chromosome
0,0.000547170639038,183262,183262.14~A38.K_8,8,,normal,183262.14~A38.K_8L.png,183262.14~A38.K_8R.png,train,/data5/chensx/MyProject/UAE/data/arrangement_merged/chr_08/183262.14~A38.K_8L.png,/data5/chensx/MyProject/UAE/data/arrangement_merged/chr_08/183262.14~A38.K_8R.png,0,-0.9979636588038392,,0.000547170639038,-1.2955115304847633,chromosome
0,0.000687837600708,183262,183262.14~A45.K_8,8,,normal,183262.14~A45.K_8L.png,183262.14~A45.K_8R.png,train,/data5/chensx/MyProject/UAE/data/arrangement_merged/chr_08/183262.14~A45.K_8L.png,/data5/chensx/MyProject/UAE/data/arrangement_merged/chr_08/183262.14~A45.K_8R.png,0,-0.8200472934433841,,0.000687837600708,0.3643643317338901,chromosome
0,0.0006101131439208,183262,183262.14~A8.K_8,8,,normal,183262.14~A8.K_8L.png,183262.14~A8.K_8R.png,train,/data5/chensx/MyProject/UAE/data/arrangement_merged/chr_08/183262.14~A8.K_8L.png,/data5/chensx/MyProject/UAE/data/arrangement_merged/chr_08/183262.14~A8.K_8R.png,0,-0.9183536241340762,,0.0006101131439208,-0.5527874158654511,chromosome
0,0.0007699728012084,183262,183262.1~A2.K_8,8,,normal,183262.1~A2.K_8L.png,183262.1~A2.K_8R.png,train,/data5/chensx/MyProject/UAE/data/arrangement_merged/chr_08/183262.1~A2.K_8L.png,/data5/chensx/MyProject/UAE/data/arrangement_merged/chr_08/183262.1~A2.K_8R.png,0,-0.7161622292625761,,0.0007699728012084,1.3335630343328628,chromosome
0,0.0007244944572448,183262,183262.1~A24.K_8,8,,normal,183262.1~A24.K_8L.png,183262.1~A24.K_8R.png,train,/data5/chensx/MyProject/UAE/data/arrangement_merged/chr_08/183262.1~A24.K_8L.png,/data5/chensx/MyProject/UAE/data/arrangement_merged/chr_08/183262.1~A24.K_8R.png,0,-0.7736834948430961,,0.0007244944572448,0.7969167280313846,chromosome
0,0.0005496144294738,183262,183262.1~A26.K_8,8,,normal,183262.1~A26.K_8L.png,183262.1~A26.K_8R.png,train,/data5/chensx/MyProject/UAE/data/arrangement_merged/chr_08/183262.1~A26.K_8L.png,/data5/chensx/MyProject/UAE/data/arrangement_merged/chr_08/183262.1~A26.K_8R.png,0,-0.9948727388971532,,0.0005496144294738,-1.2666747040647728,chromosome
0,0.0005755424499511,183262,183262.1~A42.K_8,8,,normal,183262.1~A42.K_8L.png,183262.1~A42.K_8R.png,train,/data5/chensx/MyProject/UAE/data/arrangement_merged/chr_08/183262.1~A42.K_8L.png,/data5/chensx/MyProject/UAE/data/arrangement_merged/chr_08/183262.1~A42.K_8R.png,0,-0.9620788325701204,,0.0005755424499511,-0.9607230091220377,chromosome
0,0.0005675554275512,183262,183262.1~A9.K_8,8,,normal,183262.1~A9.K_8L.png,183262.1~A9.K_8R.png,train,/data5/chensx/MyProject/UAE/data/arrangement_merged/chr_08/183262.1~A9.K_8L.png,/data5/chensx/MyProject/UAE/data/arrangement_merged/chr_08/183262.1~A9.K_8R.png,0,-0.9721808634846546,,0.0005675554275512,-1.0549701979089485,chromosome
0,0.0006523132324218,183262,183262.2~A10.K_8,8,,normal,183262.2~A10.K_8L.png,183262.2~A10.K_8R.png,train,/data5/chensx/MyProject/UAE/data/arrangement_merged/chr_08/183262.2~A10.K_8L.png,/data5/chensx/MyProject/UAE/data/arrangement_merged/chr_08/183262.2~A10.K_8R.png,0,-0.8649787145259398,,0.0006523132324218,-0.05482465719985549,chromosome
0,0.0006102323532104,183262,183262.2~A22.K_8,8,,normal,183262.2~A22.K_8L.png,183262.2~A22.K_8R.png,train,/data5/chensx/MyProject/UAE/data/arrangement_merged/chr_08/183262.2~A22.K_8L.png,/data5/chensx/MyProject/UAE/data/arrangement_merged/chr_08/183262.2~A22.K_8R.png,0,-0.9182028475532624,,0.0006102323532104,-0.5513807414053638,chromosome
0,0.0007123947143554,183262,183262.2~A23.K_8,8,,normal,183262.2~A23.K_8L.png,183262.2~A23.K_8R.png,train,/data5/chensx/MyProject/UAE/data/arrangement_merged/chr_08/183262.2~A23.K_8L.png,/data5/chensx/MyProject/UAE/data/arrangement_merged/chr_08/183262.2~A23.K_8R.png,0,-0.7889873177957115,,0.0007123947143554,0.6541392703915208,chromosome
0,0.0007416009902954,183262,183262.2~A44.K_8,8,,normal,183262.2~A44.K_8L.png,183262.2~A44.K_8R.png,train,/data5/chensx/MyProject/UAE/data/arrangement_merged/chr_08/183262.2~A44.K_8L.png,/data5/chensx/MyProject/UAE/data/arrangement_merged/chr_08/183262.2~A44.K_8R.png,0,-0.752047055496295,,0.0007416009902954,0.9987745129713167,chromosome
0,0.000685691833496,183262,183262.2~A45.K_8,8,,normal,183262.2~A45.K_8L.png,183262.2~A45.K_8R.png,train,/data5/chensx/MyProject/UAE/data/arrangement_merged/chr_08/183262.2~A45.K_8L.png,/data5/chensx/MyProject/UAE/data/arrangement_merged/chr_08/183262.2~A45.K_8R.png,0,-0.8227612718980352,,0.000685691833496,0.3390441914617576,chromosome
0,0.0005789995193481,183262,183262.3~A17.K_8,8,,normal,183262.3~A17.K_8L.png,183262.3~A17.K_8R.png,train,/data5/chensx/MyProject/UAE/data/arrangement_merged/chr_08/183262.3~A17.K_8L.png,/data5/chensx/MyProject/UAE/data/arrangement_merged/chr_08/183262.3~A17.K_8R.png,0,-0.957706311726516,,0.0005789995193481,-0.9199294497960252,chromosome
0,0.0006943941116333,183262,183262.3~A24.K_8,8,,normal,183262.3~A24.K_8L.png,183262.3~A24.K_8R.png,train,/data5/chensx/MyProject/UAE/data/arrangement_merged/chr_08/183262.3~A24.K_8L.png,/data5/chensx/MyProject/UAE/data/arrangement_merged/chr_08/183262.3~A24.K_8R.png,0,-0.8117545814986171,,0.0006943941116333,0.4417314270068336,chromosome
0,0.0005777478218078,183262,183262.3~A30.K_8,8,,normal,183262.3~A30.K_8L.png,183262.3~A30.K_8R.png,train,/data5/chensx/MyProject/UAE/data/arrangement_merged/chr_08/183262.3~A30.K_8L.png,/data5/chensx/MyProject/UAE/data/arrangement_merged/chr_08/183262.3~A30.K_8R.png,0,-0.9592894658250622,,0.0005777478218078,-0.9346995316210424,chromosome
0,0.0006671547889709,183262,183262.3~A41.K_8,8,,normal,183262.3~A41.K_8L.png,183262.3~A41.K_8R.png,train,/data5/chensx/MyProject/UAE/data/arrangement_merged/chr_08/183262.3~A41.K_8L.png,/data5/chensx/MyProject/UAE/data/arrangement_merged/chr_08/183262.3~A41.K_8R.png,0,-0.8462070302146035,,0.0006671547889709,0.1203063130090377,chromosome
0,0.0006188154220581,183262,183262.4~A14.K_8,8,,normal,183262.4~A14.K_8L.png,183262.4~A14.K_8R.png,train,/data5/chensx/MyProject/UAE/data/arrangement_merged/chr_08/183262.4~A14.K_8L.png,/data5/chensx/MyProject/UAE/data/arrangement_merged/chr_08/183262.4~A14.K_8R.png,0,-0.9073469337346582,,0.0006188154220581,-0.45010018032037513,chromosome
0,0.0007380843162536,183262,183262.4~A19.K_8,8,,normal,183262.4~A19.K_8L.png,183262.4~A19.K_8R.png,train,/data5/chensx/MyProject/UAE/data/arrangement_merged/chr_08/183262.4~A19.K_8L.png,/data5/chensx/MyProject/UAE/data/arrangement_merged/chr_08/183262.4~A19.K_8R.png,0,-0.7564949646303063,,0.0007380843162536,0.9572776164152607,chromosome
0,0.000633418560028,183262,183262.4~A24.K_8,8,,normal,183262.4~A24.K_8L.png,183262.4~A24.K_8R.png,train,/data5/chensx/MyProject/UAE/data/arrangement_merged/chr_08/183262.4~A24.K_8L.png,/data5/chensx/MyProject/UAE/data/arrangement_merged/chr_08/183262.4~A24.K_8R.png,0,-0.8888768025849499,,0.000633418560028,-0.277782559031658,chromosome
0,0.000551164150238,183262,183262.4~A29.K_8,8,,normal,183262.4~A29.K_8L.png,183262.4~A29.K_8R.png,train,/data5/chensx/MyProject/UAE/data/arrangement_merged/chr_08/183262.4~A29.K_8L.png,/data5/chensx/MyProject/UAE/data/arrangement_merged/chr_08/183262.4~A29.K_8R.png,0,-0.992912643346572,,0.000551164150238,-1.2483879360907169,chromosome
0,0.0004550814628601,183262,183262.4~A31.K_8,8,,normal,183262.4~A31.K_8L.png,183262.4~A31.K_8R.png,train,/data5/chensx/MyProject/UAE/data/arrangement_merged/chr_08/183262.4~A31.K_8L.png,/data5/chensx/MyProject/UAE/data/arrangement_merged/chr_08/183262.4~A31.K_8R.png,0,-1.1144385674826116,,0.0004550814628601,-2.3821675504526474,chromosome
0,0.0008187294006347,183262,183262.4~A50.K_8,8,,normal,183262.4~A50.K_8L.png,183262.4~A50.K_8R.png,train,/data5/chensx/MyProject/UAE/data/arrangement_merged/chr_08/183262.4~A50.K_8L.png,/data5/chensx/MyProject/UAE/data/arrangement_merged/chr_08/183262.4~A50.K_8R.png,0,-0.6544946077096726,,0.0008187294006347,1.9088928882714018,chromosome
0,0.0006319880485534,184752,184752.11~A43.K_8,8,,normal,184752.11~A43.K_8L.png,184752.11~A43.K_8R.png,train,/data5/chensx/MyProject/UAE/data/arrangement_merged/chr_08/184752.11~A43.K_8L.png,/data5/chensx/MyProject/UAE/data/arrangement_merged/chr_08/184752.11~A43.K_8R.png,0,-0.8663895628177228,,0.0006319880485534,-0.2946626525456253,chromosome
0,0.0006544589996337,184752,184752.13~A19.K_8,8,,normal,184752.13~A19.K_8L.png,184752.13~A19.K_8R.png,train,/data5/chensx/MyProject/UAE/data/arrangement_merged/chr_08/184752.13~A19.K_8L.png,/data5/chensx/MyProject/UAE/data/arrangement_merged/chr_08/184752.13~A19.K_8R.png,0,-0.830743535921319,,0.0006544589996337,-0.029504516928902602,chromosome
0,0.0005998015403747,184752,184752.13~A20.K_8,8,,normal,184752.13~A20.K_8L.png,184752.13~A20.K_8R.png,train,/data5/chensx/MyProject/UAE/data/arrangement_merged/chr_08/184752.13~A20.K_8L.png,/data5/chensx/MyProject/UAE/data/arrangement_merged/chr_08/184752.13~A20.K_8R.png,0,-0.9174475323775586,,0.0005998015403747,-0.674464756612265,chromosome
0,0.0006362199783325,184752,184752.14~A10.K_8,8,,normal,184752.14~A10.K_8L.png,184752.14~A10.K_8R.png,train,/data5/chensx/MyProject/UAE/data/arrangement_merged/chr_08/184752.14~A10.K_8L.png,/data5/chensx/MyProject/UAE/data/arrangement_merged/chr_08/184752.14~A10.K_8R.png,0,-0.8596763853385593,,0.0006362199783325,-0.24472570923258494,chromosome
0,0.0006295442581176,184752,184752.14~A14.K_8,8,,normal,184752.14~A14.K_8L.png,184752.14~A14.K_8R.png,train,/data5/chensx/MyProject/UAE/data/arrangement_merged/chr_08/184752.14~A14.K_8L.png,/data5/chensx/MyProject/UAE/data/arrangement_merged/chr_08/184752.14~A14.K_8R.png,0,-0.8702661864324511,,0.0006295442581176,-0.3234994789656158,chromosome
0,0.0006253123283386,184752,184752.14~A43.K_8,8,,normal,184752.14~A43.K_8L.png,184752.14~A43.K_8R.png,train,/data5/chensx/MyProject/UAE/data/arrangement_merged/chr_08/184752.14~A43.K_8L.png,/data5/chensx/MyProject/UAE/data/arrangement_merged/chr_08/184752.14~A43.K_8R.png,0,-0.8769793639116147,,0.0006253123283386,-0.37343642227747664,chromosome
0,0.0006709098815917,184752,184752.2~A30.K_8,8,,normal,184752.2~A30.K_8L.png,184752.2~A30.K_8R.png,train,/data5/chensx/MyProject/UAE/data/arrangement_merged/chr_08/184752.2~A30.K_8L.png,/data5/chensx/MyProject/UAE/data/arrangement_merged/chr_08/184752.2~A30.K_8R.png,0,-0.804647240368514,,0.0006709098815917,0.16461655848290813,chromosome
0,0.0006002187728881,184752,184752.2~A50.K_8,8,,normal,184752.2~A50.K_8L.png,184752.2~A50.K_8R.png,train,/data5/chensx/MyProject/UAE/data/arrangement_merged/chr_08/184752.2~A50.K_8L.png,/data5/chensx/MyProject/UAE/data/arrangement_merged/chr_08/184752.2~A50.K_8R.png,0,-0.9167856698091904,,0.0006002187728881,-0.6695413960043196,chromosome
0,0.0006282925605773,184752,184752.3~A13.K_8,8,,normal,184752.3~A13.K_8L.png,184752.3~A13.K_8R.png,train,/data5/chensx/MyProject/UAE/data/arrangement_merged/chr_08/184752.3~A13.K_8L.png,/data5/chensx/MyProject/UAE/data/arrangement_merged/chr_08/184752.3~A13.K_8R.png,0,-0.8722517741375558,,0.0006282925605773,-0.3382695607906329,chromosome
0,0.0005393028259277,184752,184752.3~A16.K_8,8,,normal,184752.3~A16.K_8L.png,184752.3~A16.K_8R.png,train,/data5/chensx/MyProject/UAE/data/arrangement_merged/chr_08/184752.3~A16.K_8L.png,/data5/chensx/MyProject/UAE/data/arrangement_merged/chr_08/184752.3~A16.K_8R.png,0,-1.0134176047909536,,0.0005393028259277,-1.3883520448115867,chromosome
0,0.0006287097930908,184752,184752.4~A27.K_8,8,,normal,184752.4~A27.K_8L.png,184752.4~A27.K_8R.png,train,/data5/chensx/MyProject/UAE/data/arrangement_merged/chr_08/184752.4~A27.K_8L.png,/data5/chensx/MyProject/UAE/data/arrangement_merged/chr_08/184752.4~A27.K_8R.png,0,-0.8715899115691876,,0.0006287097930908,-0.3333462001815066,chromosome
0,0.0005914568901062,184793,184793.11~A18.K_8,8,,normal,184793.11~A18.K_8L.png,184793.11~A18.K_8R.png,train,/data5/chensx/MyProject/UAE/data/arrangement_merged/chr_08/184793.11~A18.K_8L.png,/data5/chensx/MyProject/UAE/data/arrangement_merged/chr_08/184793.11~A18.K_8R.png,0,-0.9331818047738916,,0.0005914568901062,-0.7729319687770788,chromosome
0,0.000586986541748,184793,184793.12~A12.K_8,8,,normal,184793.12~A12.K_8L.png,184793.12~A12.K_8R.png,train,/data5/chensx/MyProject/UAE/data/arrangement_merged/chr_08/184793.12~A12.K_8L.png,/data5/chensx/MyProject/UAE/data/arrangement_merged/chr_08/184793.12~A12.K_8R.png,0,-0.9388610242260786,,0.000586986541748,-0.8256822610091131,chromosome
0,0.0005465745925903,184793,184793.12~A27.K_8,8,,normal,184793.12~A27.K_8L.png,184793.12~A27.K_8R.png,train,/data5/chensx/MyProject/UAE/data/arrangement_merged/chr_08/184793.12~A27.K_8L.png,/data5/chensx/MyProject/UAE/data/arrangement_merged/chr_08/184793.12~A27.K_8R.png,0,-0.9902011680738484,,0.0005465745925903,-1.302544902781659,chromosome
0,0.0006636381149291,184793,184793.12~A32.K_8,8,,normal,184793.12~A32.K_8L.png,184793.12~A32.K_8R.png,train,/data5/chensx/MyProject/UAE/data/arrangement_merged/chr_08/184793.12~A32.K_8L.png,/data5/chensx/MyProject/UAE/data/arrangement_merged/chr_08/184793.12~A32.K_8R.png,0,-0.84148134135258,,0.0006636381149291,0.07880941645298162,chromosome
0,0.0006390213966369,184793,184793.12~A38.K_8,8,,normal,184793.12~A38.K_8L.png,184793.12~A38.K_8R.png,train,/data5/chensx/MyProject/UAE/data/arrangement_merged/chr_08/184793.12~A38.K_8L.png,/data5/chensx/MyProject/UAE/data/arrangement_merged/chr_08/184793.12~A38.K_8R.png,0,-0.8727549098026227,,0.0006390213966369,-0.2116688594346927,chromosome
0,0.000487208366394,184793,184793.12~A42.K_8,8,,normal,184793.12~A42.K_8L.png,184793.12~A42.K_8R.png,train,/data5/chensx/MyProject/UAE/data/arrangement_merged/chr_08/184793.12~A42.K_8L.png,/data5/chensx/MyProject/UAE/data/arrangement_merged/chr_08/184793.12~A42.K_8R.png,0,-1.065621202398891,,0.000487208366394,-2.0030687836160515,chromosome
0,0.0005810260772705,184793,184793.13~A10.K_8,8,,normal,184793.13~A10.K_8L.png,184793.13~A10.K_8R.png,train,/data5/chensx/MyProject/UAE/data/arrangement_merged/chr_08/184793.13~A10.K_8L.png,/data5/chensx/MyProject/UAE/data/arrangement_merged/chr_08/184793.13~A10.K_8R.png,0,-0.9464333168289946,,0.0005810260772705,-0.8960159839839802,chromosome
0,0.0007287859916687,184793,184793.13~A16.K_8,8,,normal,184793.13~A16.K_8L.png,184793.13~A16.K_8R.png,train,/data5/chensx/MyProject/UAE/data/arrangement_merged/chr_08/184793.13~A16.K_8L.png,/data5/chensx/MyProject/UAE/data/arrangement_merged/chr_08/184793.13~A16.K_8R.png,0,-0.7587161832027091,,0.0007287859916687,0.8475570085744686,chromosome
0,0.0006781816482543,184793,184793.13~A43.K_8,8,,normal,184793.13~A43.K_8L.png,184793.13~A43.K_8R.png,train,/data5/chensx/MyProject/UAE/data/arrangement_merged/chr_08/184793.13~A43.K_8L.png,/data5/chensx/MyProject/UAE/data/arrangement_merged/chr_08/184793.13~A43.K_8R.png,0,-0.8230049474014651,,0.0006781816482543,0.2504237005128359,chromosome
0,0.000537633895874,184793,184793.14~A14.K_8,8,,normal,184793.14~A14.K_8L.png,184793.14~A14.K_8R.png,train,/data5/chensx/MyProject/UAE/data/arrangement_merged/chr_08/184793.14~A14.K_8L.png,/data5/chensx/MyProject/UAE/data/arrangement_merged/chr_08/184793.14~A14.K_8R.png,0,-1.0015596069782224,,0.000537633895874,-1.4080454872445491,chromosome
0,0.0005480051040649,184793,184793.14~A26.K_8,8,,normal,184793.14~A26.K_8L.png,184793.14~A26.K_8R.png,train,/data5/chensx/MyProject/UAE/data/arrangement_merged/chr_08/184793.14~A26.K_8L.png,/data5/chensx/MyProject/UAE/data/arrangement_merged/chr_08/184793.14~A26.K_8R.png,0,-0.9883838178491486,,0.0005480051040649,-1.2856648092676914,chromosome
0,0.0005629062652587,184793,184793.14~A27.K_8,8,,normal,184793.14~A27.K_8L.png,184793.14~A27.K_8R.png,train,/data5/chensx/MyProject/UAE/data/arrangement_merged/chr_08/184793.14~A27.K_8L.png,/data5/chensx/MyProject/UAE/data/arrangement_merged/chr_08/184793.14~A27.K_8R.png,0,-0.9694530863418588,,0.0005629062652587,-1.1098305018299341,chromosome
0,0.000833511352539,184793,184793.14~A3.K_8,8,,normal,184793.14~A3.K_8L.png,184793.14~A3.K_8R.png,train,/data5/chensx/MyProject/UAE/data/arrangement_merged/chr_08/184793.14~A3.K_8L.png,/data5/chensx/MyProject/UAE/data/arrangement_merged/chr_08/184793.14~A3.K_8R.png,0,-0.6256710021694766,,0.000833511352539,2.0833205212502515,chromosome
0,0.0007469654083251,184793,184793.14~A30.K_8,8,,normal,184793.14~A30.K_8L.png,184793.14~A30.K_8R.png,train,/data5/chensx/MyProject/UAE/data/arrangement_merged/chr_08/184793.14~A30.K_8L.png,/data5/chensx/MyProject/UAE/data/arrangement_merged/chr_08/184793.14~A30.K_8R.png,0,-0.7356206907638155,,0.0007469654083251,1.0620748636481072,chromosome
0,0.0006380677223205,184793,184793.14~A32.K_8,8,,normal,184793.14~A32.K_8L.png,184793.14~A32.K_8R.png,train,/data5/chensx/MyProject/UAE/data/arrangement_merged/chr_08/184793.14~A32.K_8L.png,/data5/chensx/MyProject/UAE/data/arrangement_merged/chr_08/184793.14~A32.K_8R.png,0,-0.8739664766190892,,0.0006380677223205,-0.22292225511067093,chromosome
0,0.0006415843963623,184793,184793.14~A33.K_8,8,,normal,184793.14~A33.K_8L.png,184793.14~A33.K_8R.png,train,/data5/chensx/MyProject/UAE/data/arrangement_merged/chr_08/184793.14~A33.K_8L.png,/data5/chensx/MyProject/UAE/data/arrangement_merged/chr_08/184793.14~A33.K_8R.png,0,-0.8694988239833689,,0.0006415843963623,-0.18142535855461484,chromosome
0,0.0007081627845764,184793,184793.14~A4.K_8,8,,normal,184793.14~A4.K_8L.png,184793.14~A4.K_8R.png,train,/data5/chensx/MyProject/UAE/data/arrangement_merged/chr_08/184793.14~A4.K_8L.png,/data5/chensx/MyProject/UAE/data/arrangement_merged/chr_08/184793.14~A4.K_8R.png,0,-0.7849163156087982,,0.0007081627845764,0.6042023270796599,chromosome
0,0.0006998777389526,184793,184793.14~A9.K_8,8,,normal,184793.14~A9.K_8L.png,184793.14~A9.K_8R.png,train,/data5/chensx/MyProject/UAE/data/arrangement_merged/chr_08/184793.14~A9.K_8L.png,/data5/chensx/MyProject/UAE/data/arrangement_merged/chr_08/184793.14~A9.K_8R.png,0,-0.7954418023268512,,0.0006998777389526,0.5064384521437102,chromosome
0,0.0007292032241821,184793,184793.1~A26.K_8,8,,normal,184793.1~A26.K_8L.png,184793.1~A26.K_8R.png,train,/data5/chensx/MyProject/UAE/data/arrangement_merged/chr_08/184793.1~A26.K_8L.png,/data5/chensx/MyProject/UAE/data/arrangement_merged/chr_08/184793.1~A26.K_8R.png,0,-0.758186122720505,,0.0007292032241821,0.852480369182414,chromosome
0,0.0007389783859252,184793,184793.2~A4.K_8,8,,normal,184793.2~A4.K_8L.png,184793.2~A4.K_8R.png,train,/data5/chensx/MyProject/UAE/data/arrangement_merged/chr_08/184793.2~A4.K_8L.png,/data5/chensx/MyProject/UAE/data/arrangement_merged/chr_08/184793.2~A4.K_8R.png,0,-0.7457675628517229,,0.0007389783859252,0.9678276748611965,chromosome
0,0.0006929636001586,184793,184793.3~A8.K_8,8,,normal,184793.3~A8.K_8L.png,184793.3~A8.K_8R.png,train,/data5/chensx/MyProject/UAE/data/arrangement_merged/chr_08/184793.3~A8.K_8L.png,/data5/chensx/MyProject/UAE/data/arrangement_merged/chr_08/184793.3~A8.K_8R.png,0,-0.8042256617462337,,0.0006929636001586,0.4248513334916854,chromosome
0,0.0006201863288879,185290,185290.11~A25.K_8,8,,normal,185290.11~A25.K_8L.png,185290.11~A25.K_8R.png,train,/data5/chensx/MyProject/UAE/data/arrangement_merged/chr_08/185290.11~A25.K_8L.png,/data5/chensx/MyProject/UAE/data/arrangement_merged/chr_08/185290.11~A25.K_8R.png,0,-0.9095909281301952,,0.0006201863288879,-0.4339234240364515,chromosome
0,0.0006784200668334,185290,185290.11~A27.K_8,8,,normal,185290.11~A27.K_8L.png,185290.11~A27.K_8R.png,train,/data5/chensx/MyProject/UAE/data/arrangement_merged/chr_08/185290.11~A27.K_8L.png,/data5/chensx/MyProject/UAE/data/arrangement_merged/chr_08/185290.11~A27.K_8R.png,0,-0.8318422095467397,,0.0006784200668334,0.2532370494318311,chromosome
0,0.0006763935089111,185290,185290.11~A38.K_8,8,,normal,185290.11~A38.K_8L.png,185290.11~A38.K_8R.png,train,/data5/chensx/MyProject/UAE/data/arrangement_merged/chr_08/185290.11~A38.K_8L.png,/data5/chensx/MyProject/UAE/data/arrangement_merged/chr_08/185290.11~A38.K_8R.png,0,-0.8345478967850585,,0.0006763935089111,0.2293235836209656,chromosome
0,0.0006414651870727,185290,185290.12~A12.K_8,8,,normal,185290.12~A12.K_8L.png,185290.12~A12.K_8R.png,train,/data5/chensx/MyProject/UAE/data/arrangement_merged/chr_08/185290.12~A12.K_8L.png,/data5/chensx/MyProject/UAE/data/arrangement_merged/chr_08/185290.12~A12.K_8R.png,0,-0.8811812121278476,,0.0006414651870727,-0.18283203301470222,chromosome
0,0.0006446838378906,185290,185290.12~A33.K_8,8,,normal,185290.12~A33.K_8L.png,185290.12~A33.K_8R.png,train,/data5/chensx/MyProject/UAE/data/arrangement_merged/chr_08/185290.12~A33.K_8L.png,/data5/chensx/MyProject/UAE/data/arrangement_merged/chr_08/185290.12~A33.K_8R.png,0,-0.8768839441611059,,0.0006446838378906,-0.144851822607685,chromosome
0,0.0004323720932006,185290,185290.12~A35.K_8,8,,normal,185290.12~A35.K_8L.png,185290.12~A35.K_8R.png,train,/data5/chensx/MyProject/UAE/data/arrangement_merged/chr_08/185290.12~A35.K_8L.png,/data5/chensx/MyProject/UAE/data/arrangement_merged/chr_08/185290.12~A35.K_8R.png,0,-1.160344471893213,,0.0004323720932006,-2.6501390349895444,chromosome
0,0.0006626844406127,185290,185290.12~A49.K_8,8,,normal,185290.12~A49.K_8L.png,185290.12~A49.K_8R.png,train,/data5/chensx/MyProject/UAE/data/arrangement_merged/chr_08/185290.12~A49.K_8L.png,/data5/chensx/MyProject/UAE/data/arrangement_merged/chr_08/185290.12~A49.K_8R.png,0,-0.8528510751619212,,0.0006626844406127,0.0675560207770034,chromosome
0,0.0006148815155029,185290,185290.12~A5.K_8,8,,normal,185290.12~A5.K_8L.png,185290.12~A5.K_8R.png,train,/data5/chensx/MyProject/UAE/data/arrangement_merged/chr_08/185290.12~A5.K_8L.png,/data5/chensx/MyProject/UAE/data/arrangement_merged/chr_08/185290.12~A5.K_8R.png,0,-0.9166734623716768,,0.0006148815155029,-0.4965204374843779,chromosome
0,0.0007222294807434,185290,185290.12~A50.K_8,8,,normal,185290.12~A50.K_8L.png,185290.12~A50.K_8R.png,train,/data5/chensx/MyProject/UAE/data/arrangement_merged/chr_08/185290.12~A50.K_8L.png,/data5/chensx/MyProject/UAE/data/arrangement_merged/chr_08/185290.12~A50.K_8R.png,0,-0.7733516177772004,,0.0007222294807434,0.7701899133015251,chromosome
0,0.0006101131439208,185290,185290.12~A7.K_8,8,,normal,185290.12~A7.K_8L.png,185290.12~A7.K_8R.png,train,/data5/chensx/MyProject/UAE/data/arrangement_merged/chr_08/185290.12~A7.K_8L.png,/data5/chensx/MyProject/UAE/data/arrangement_merged/chr_08/185290.12~A7.K_8R.png,0,-0.9230397852853682,,0.0006101131439208,-0.5527874158654511,chromosome
0,0.0005773901939392,185290,185290.12~A8.K_8,8,,normal,185290.12~A8.K_8L.png,185290.12~A8.K_8R.png,train,/data5/chensx/MyProject/UAE/data/arrangement_merged/chr_08/185290.12~A8.K_8L.png,/data5/chensx/MyProject/UAE/data/arrangement_merged/chr_08/185290.12~A8.K_8R.png,0,-0.966728676280575,,0.0005773901939392,-0.9389195549989441,chromosome
0,0.000600516796112,185290,185290.13~A13.K_8,8,,normal,185290.13~A13.K_8L.png,185290.13~A13.K_8R.png,train,/data5/chensx/MyProject/UAE/data/arrangement_merged/chr_08/185290.13~A13.K_8L.png,/data5/chensx/MyProject/UAE/data/arrangement_merged/chr_08/185290.13~A13.K_8R.png,0,-0.935852010149172,,0.000600516796112,-0.6660247098552807,chromosome
0,0.000572919845581,185290,185290.13~A26.K_8,8,,normal,185290.13~A26.K_8L.png,185290.13~A26.K_8R.png,train,/data5/chensx/MyProject/UAE/data/arrangement_merged/chr_08/185290.13~A26.K_8L.png,/data5/chensx/MyProject/UAE/data/arrangement_merged/chr_08/185290.13~A26.K_8R.png,0,-0.9726971040121608,,0.000572919845581,-0.9916698472309784,chromosome
0,0.0005997419357299,185290,185290.13~A28.K_8,8,,normal,185290.13~A28.K_8L.png,185290.13~A28.K_8R.png,train,/data5/chensx/MyProject/UAE/data/arrangement_merged/chr_08/185290.13~A28.K_8L.png,/data5/chensx/MyProject/UAE/data/arrangement_merged/chr_08/185290.13~A28.K_8R.png,0,-0.9368865376226468,,0.0005997419357299,-0.6751680938423087,chromosome
0,0.0006747245788574,185290,185290.13~A30.K_8,8,,normal,185290.13~A30.K_8L.png,185290.13~A30.K_8R.png,train,/data5/chensx/MyProject/UAE/data/arrangement_merged/chr_08/185290.13~A30.K_8L.png,/data5/chensx/MyProject/UAE/data/arrangement_merged/chr_08/185290.13~A30.K_8R.png,0,-0.8367761098048505,,0.0006747245788574,0.2096301411880031,chromosome
0,0.0007168054580688,185290,185290.13~A35.K_8,8,,normal,185290.13~A35.K_8L.png,185290.13~A35.K_8R.png,train,/data5/chensx/MyProject/UAE/data/arrangement_merged/chr_08/185290.13~A35.K_8L.png,/data5/chensx/MyProject/UAE/data/arrangement_merged/chr_08/185290.13~A35.K_8R.png,0,-0.7805933100915243,,0.0007168054580688,0.7061862253935113,chromosome
0,0.0006957054138183,185290,185290.13~A36.K_8,8,,normal,185290.13~A36.K_8L.png,185290.13~A36.K_8R.png,train,/data5/chensx/MyProject/UAE/data/arrangement_merged/chr_08/185290.13~A36.K_8L.png,/data5/chensx/MyProject/UAE/data/arrangement_merged/chr_08/185290.13~A36.K_8R.png,0,-0.8087642889846085,,0.0006957054138183,0.45720484606071354,chromosome
0,0.0007526874542236,185290,185290.13~A46.K_8,8,,normal,185290.13~A46.K_8L.png,185290.13~A46.K_8R.png,train,/data5/chensx/MyProject/UAE/data/arrangement_merged/chr_08/185290.13~A46.K_8L.png,/data5/chensx/MyProject/UAE/data/arrangement_merged/chr_08/185290.13~A46.K_8R.png,0,-0.732686730165997,,0.0007526874542236,1.1295952377051586,chromosome
0,0.0006460547447204,185290,185290.13~A6.K_8,8,,normal,185290.13~A6.K_8L.png,185290.13~A6.K_8R.png,train,/data5/chensx/MyProject/UAE/data/arrangement_merged/chr_08/185290.13~A6.K_8L.png,/data5/chensx/MyProject/UAE/data/arrangement_merged/chr_08/185290.13~A6.K_8R.png,0,-0.8750536263234197,,0.0006460547447204,-0.1286750663237601,chromosome
0,0.0006715655326843,185290,185290.13~A7.K_8,8,,normal,185290.13~A7.K_8L.png,185290.13~A7.K_8R.png,train,/data5/chensx/MyProject/UAE/data/arrangement_merged/chr_08/185290.13~A7.K_8L.png,/data5/chensx/MyProject/UAE/data/arrangement_merged/chr_08/185290.13~A7.K_8R.png,0,-0.840993798735171,,0.0006715655326843,0.1723532680110296,chromosome
0,0.0006064176559448,185290,185290.14~A27.K_8,8,,normal,185290.14~A27.K_8L.png,185290.14~A27.K_8R.png,train,/data5/chensx/MyProject/UAE/data/arrangement_merged/chr_08/185290.14~A27.K_8L.png,/data5/chensx/MyProject/UAE/data/arrangement_merged/chr_08/185290.14~A27.K_8R.png,0,-0.927973685543479,,0.0006064176559448,-0.5963943241092778,chromosome
0,0.0005829334259033,185290,185290.14~A31.K_8,8,,normal,185290.14~A31.K_8L.png,185290.14~A31.K_8R.png,train,/data5/chensx/MyProject/UAE/data/arrangement_merged/chr_08/185290.14~A31.K_8L.png,/data5/chensx/MyProject/UAE/data/arrangement_merged/chr_08/185290.14~A31.K_8R.png,0,-0.9593278258934088,,0.0005829334259033,-0.8735091926320224,chromosome
0,0.0007655024528503,185290,185290.14~A44.K_8,8,,normal,185290.14~A44.K_8L.png,185290.14~A44.K_8R.png,train,/data5/chensx/MyProject/UAE/data/arrangement_merged/chr_08/185290.14~A44.K_8L.png,/data5/chensx/MyProject/UAE/data/arrangement_merged/chr_08/185290.14~A44.K_8R.png,0,-0.7155772373354515,,0.0007655024528503,1.2808127421020068,chromosome
0,0.0005515813827514,185290,185290.14~A47.K_8,8,,normal,185290.14~A47.K_8L.png,185290.14~A47.K_8R.png,train,/data5/chensx/MyProject/UAE/data/arrangement_merged/chr_08/185290.14~A47.K_8L.png,/data5/chensx/MyProject/UAE/data/arrangement_merged/chr_08/185290.14~A47.K_8R.png,0,-1.0011863990509295,,0.0005515813827514,-1.2434645754827713,chromosome
0,0.0007529854774475,185290,185290.1~A31.K_8,8,,normal,185290.1~A31.K_8L.png,185290.1~A31.K_8R.png,train,/data5/chensx/MyProject/UAE/data/arrangement_merged/chr_08/185290.1~A31.K_8L.png,/data5/chensx/MyProject/UAE/data/arrangement_merged/chr_08/185290.1~A31.K_8R.png,0,-0.7322888349838913,,0.0007529854774475,1.1331119238541976,chromosome
0,0.0007567405700683,185290,185290.1~A32.K_8,8,,normal,185290.1~A32.K_8L.png,185290.1~A32.K_8R.png,train,/data5/chensx/MyProject/UAE/data/arrangement_merged/chr_08/185290.1~A32.K_8L.png,/data5/chensx/MyProject/UAE/data/arrangement_merged/chr_08/185290.1~A32.K_8R.png,0,-0.7272753556893593,,0.0007567405700683,1.177422169328068,chromosome
0,0.0005769729614257,185290,185290.1~A35.K_8,8,,normal,185290.1~A35.K_8L.png,185290.1~A35.K_8R.png,train,/data5/chensx/MyProject/UAE/data/arrangement_merged/chr_08/185290.1~A35.K_8L.png,/data5/chensx/MyProject/UAE/data/arrangement_merged/chr_08/185290.1~A35.K_8R.png,0,-0.967285729535523,,0.0005769729614257,-0.943842915608069,chromosome
0,0.0007780790328979,185290,185290.2~A19.K_8,8,,normal,185290.2~A19.K_8L.png,185290.2~A19.K_8R.png,train,/data5/chensx/MyProject/UAE/data/arrangement_merged/chr_08/185290.2~A19.K_8L.png,/data5/chensx/MyProject/UAE/data/arrangement_merged/chr_08/185290.2~A19.K_8R.png,0,-0.6987860606505906,,0.0007780790328979,1.429216897579861,chromosome
0,0.000624656677246,185290,185290.3~A26.K_8,8,,normal,185290.3~A26.K_8L.png,185290.3~A26.K_8R.png,train,/data5/chensx/MyProject/UAE/data/arrangement_merged/chr_08/185290.3~A26.K_8L.png,/data5/chensx/MyProject/UAE/data/arrangement_merged/chr_08/185290.3~A26.K_8R.png,0,-0.9036225003986096,,0.000624656677246,-0.3811731318055968,chromosome
0,0.0005621910095214,185290,185290.3~A32.K_8,8,,normal,185290.3~A32.K_8L.png,185290.3~A32.K_8R.png,train,/data5/chensx/MyProject/UAE/data/arrangement_merged/chr_08/185290.3~A32.K_8L.png,/data5/chensx/MyProject/UAE/data/arrangement_merged/chr_08/185290.3~A32.K_8R.png,0,-0.9870213305679664,,0.0005621910095214,-1.1182705485869184,chromosome
0,0.0006590485572814,185290,185290.4~A11.K_8,8,,normal,185290.4~A11.K_8L.png,185290.4~A11.K_8R.png,train,/data5/chensx/MyProject/UAE/data/arrangement_merged/chr_08/185290.4~A11.K_8L.png,/data5/chensx/MyProject/UAE/data/arrangement_merged/chr_08/185290.4~A11.K_8R.png,0,-0.8577053963836108,,0.0006590485572814,0.024652449762039508,chromosome
0,0.0005955696105957,185290,185290.4~A15.K_8,8,,normal,185290.4~A15.K_8L.png,185290.4~A15.K_8R.png,train,/data5/chensx/MyProject/UAE/data/arrangement_merged/chr_08/185290.4~A15.K_8L.png,/data5/chensx/MyProject/UAE/data/arrangement_merged/chr_08/185290.4~A15.K_8R.png,0,-0.9424570701721268,,0.0005955696105957,-0.7244016999241258,chromosome
0,0.0007640719413757,185290,185290.4~A18.K_8,8,,normal,185290.4~A18.K_8L.png,185290.4~A18.K_8R.png,train,/data5/chensx/MyProject/UAE/data/arrangement_merged/chr_08/185290.4~A18.K_8L.png,/data5/chensx/MyProject/UAE/data/arrangement_merged/chr_08/185290.4~A18.K_8R.png,0,-0.7174871342095589,,0.0007640719413757,1.2639326485880393,chromosome
0,0.0006775259971618,185290,185290.4~A28.K_8,8,,normal,185290.4~A28.K_8L.png,185290.4~A28.K_8R.png,train,/data5/chensx/MyProject/UAE/data/arrangement_merged/chr_08/185290.4~A28.K_8L.png,/data5/chensx/MyProject/UAE/data/arrangement_merged/chr_08/185290.4~A28.K_8R.png,0,-0.8330358950930568,,0.0006775259971618,0.24268699098589533,chromosome
0,0.0006139278411865,185290,185290.4~A29.K_8,8,,normal,185290.4~A29.K_8L.png,185290.4~A29.K_8R.png,train,/data5/chensx/MyProject/UAE/data/arrangement_merged/chr_08/185290.4~A29.K_8L.png,/data5/chensx/MyProject/UAE/data/arrangement_merged/chr_08/185290.4~A29.K_8R.png,0,-0.9179467269544151,,0.0006139278411865,-0.5077738331603562,chromosome
0,0.0006352663040161,185290,185290.4~A37.K_8,8,,normal,185290.4~A37.K_8L.png,185290.4~A37.K_8R.png,train,/data5/chensx/MyProject/UAE/data/arrangement_merged/chr_08/185290.4~A37.K_8L.png,/data5/chensx/MyProject/UAE/data/arrangement_merged/chr_08/185290.4~A37.K_8R.png,0,-0.8894574319156463,,0.0006352663040161,-0.2559791049085631,chromosome
0,0.0004671812057495,185290,185290.4~A9.K_8,8,,normal,185290.4~A9.K_8L.png,185290.4~A9.K_8R.png,train,/data5/chensx/MyProject/UAE/data/arrangement_merged/chr_08/185290.4~A9.K_8L.png,/data5/chensx/MyProject/UAE/data/arrangement_merged/chr_08/185290.4~A9.K_8R.png,0,-1.1138703146232662,,0.0004671812057495,-2.239390092812783,chromosome
0,0.0007441639900207,185824,185824.11~A10.K_8,8,,normal,185824.11~A10.K_8L.png,185824.11~A10.K_8R.png,train,/data5/chensx/MyProject/UAE/data/arrangement_merged/chr_08/185824.11~A10.K_8L.png,/data5/chensx/MyProject/UAE/data/arrangement_merged/chr_08/185824.11~A10.K_8R.png,0,-0.6987408972731061,,0.0007441639900207,1.029018013850215,chromosome
0,0.0005862116813659,185824,185824.11~A15.K_8,8,,normal,185824.11~A15.K_8L.png,185824.11~A15.K_8R.png,train,/data5/chensx/MyProject/UAE/data/arrangement_merged/chr_08/185824.11~A15.K_8L.png,/data5/chensx/MyProject/UAE/data/arrangement_merged/chr_08/185824.11~A15.K_8R.png,0,-0.9045786686732584,,0.0005862116813659,-0.8348256449961411,chromosome
0,0.0006536245346069,185824,185824.11~A31.K_8,8,,normal,185824.11~A31.K_8L.png,185824.11~A31.K_8R.png,train,/data5/chensx/MyProject/UAE/data/arrangement_merged/chr_08/185824.11~A31.K_8L.png,/data5/chensx/MyProject/UAE/data/arrangement_merged/chr_08/185824.11~A31.K_8R.png,0,-0.8167286613322877,,0.0006536245346069,-0.03935123814479471,chromosome
0,0.0005508661270141,185824,185824.12~A12.K_8,8,,normal,185824.12~A12.K_8L.png,185824.12~A12.K_8R.png,train,/data5/chensx/MyProject/UAE/data/arrangement_merged/chr_08/185824.12~A12.K_8L.png,/data5/chensx/MyProject/UAE/data/arrangement_merged/chr_08/185824.12~A12.K_8R.png,0,-0.950639724688462,,0.0005508661270141,-1.2519046222397556,chromosome
0,0.0006237626075744,185824,185824.12~A28.K_8,8,,normal,185824.12~A28.K_8L.png,185824.12~A28.K_8R.png,train,/data5/chensx/MyProject/UAE/data/arrangement_merged/chr_08/185824.12~A28.K_8L.png,/data5/chensx/MyProject/UAE/data/arrangement_merged/chr_08/185824.12~A28.K_8R.png,0,-0.855643651321524,,0.0006237626075744,-0.3917231902515313,chromosome
0,0.0006118416786193,185824,185824.12~A31.K_8,8,,normal,185824.12~A31.K_8L.png,185824.12~A31.K_8R.png,train,/data5/chensx/MyProject/UAE/data/arrangement_merged/chr_08/185824.12~A31.K_8L.png,/data5/chensx/MyProject/UAE/data/arrangement_merged/chr_08/185824.12~A31.K_8R.png,0,-0.8711785774649318,,0.0006118416786193,-0.5323906362024449,chromosome
0,0.0006793141365051,185824,185824.12~A38.K_8,8,,normal,185824.12~A38.K_8L.png,185824.12~A38.K_8R.png,train,/data5/chensx/MyProject/UAE/data/arrangement_merged/chr_08/185824.12~A38.K_8L.png,/data5/chensx/MyProject/UAE/data/arrangement_merged/chr_08/185824.12~A38.K_8R.png,0,-0.7832508954932441,,0.0006793141365051,0.2637871078789452,chromosome
0,0.00058114528656,185824,185824.12~A48.K_8,8,,normal,185824.12~A48.K_8L.png,185824.12~A48.K_8R.png,train,/data5/chensx/MyProject/UAE/data/arrangement_merged/chr_08/185824.12~A48.K_8L.png,/data5/chensx/MyProject/UAE/data/arrangement_merged/chr_08/185824.12~A48.K_8R.png,0,-0.9111810122842066,,0.00058114528656,-0.8946093095250723,chromosome
0,0.0006526708602905,185824,185824.12~A7.K_8,8,,normal,185824.12~A7.K_8L.png,185824.12~A7.K_8R.png,train,/data5/chensx/MyProject/UAE/data/arrangement_merged/chr_08/185824.12~A7.K_8L.png,/data5/chensx/MyProject/UAE/data/arrangement_merged/chr_08/185824.12~A7.K_8R.png,0,-0.8179714554237603,,0.0006526708602905,-0.05060463382077292,chromosome
0,0.0006030797958374,185824,185824.13~A1.K_8,8,,normal,185824.13~A1.K_8L.png,185824.13~A1.K_8R.png,train,/data5/chensx/MyProject/UAE/data/arrangement_merged/chr_08/185824.13~A1.K_8L.png,/data5/chensx/MyProject/UAE/data/arrangement_merged/chr_08/185824.13~A1.K_8R.png,0,-0.8825967481803364,,0.0006030797958374,-0.6357812089752042,chromosome
0,0.0007487535476684,185824,185824.13~A14.K_8,8,,normal,185824.13~A14.K_8L.png,185824.13~A14.K_8R.png,train,/data5/chensx/MyProject/UAE/data/arrangement_merged/chr_08/185824.13~A14.K_8L.png,/data5/chensx/MyProject/UAE/data/arrangement_merged/chr_08/185824.13~A14.K_8R.png,0,-0.6927599507078942,,0.0007487535476684,1.0831749805411572,chromosome
0,0.0006262063980102,185824,185824.13~A5.K_8,8,,normal,185824.13~A5.K_8L.png,185824.13~A5.K_8R.png,train,/data5/chensx/MyProject/UAE/data/arrangement_merged/chr_08/185824.13~A5.K_8L.png,/data5/chensx/MyProject/UAE/data/arrangement_merged/chr_08/185824.13~A5.K_8R.png,0,-0.8524589914621254,,0.0006262063980102,-0.3628863638315408,chromosome
0,0.0006389021873474,185824,185824.1~A10.K_8,8,,normal,185824.1~A10.K_8L.png,185824.1~A10.K_8R.png,train,/data5/chensx/MyProject/UAE/data/arrangement_merged/chr_08/185824.1~A10.K_8L.png,/data5/chensx/MyProject/UAE/data/arrangement_merged/chr_08/185824.1~A10.K_8R.png,0,-0.8359142951193962,,0.0006389021873474,-0.2130755338936005,chromosome
0,0.0009083151817321,185824,185824.1~A11.K_8,8,,normal,185824.1~A11.K_8L.png,185824.1~A11.K_8R.png,train,/data5/chensx/MyProject/UAE/data/arrangement_merged/chr_08/185824.1~A11.K_8L.png,/data5/chensx/MyProject/UAE/data/arrangement_merged/chr_08/185824.1~A11.K_8R.png,0,-0.4848249642783819,,0.0009083151817321,2.966008744590432,chromosome
0,0.0006341934204101,185824,185824.1~A18.K_8,8,,normal,185824.1~A18.K_8L.png,185824.1~A18.K_8R.png,train,/data5/chensx/MyProject/UAE/data/arrangement_merged/chr_08/185824.1~A18.K_8L.png,/data5/chensx/MyProject/UAE/data/arrangement_merged/chr_08/185824.1~A18.K_8R.png,0,-0.8420505909460423,,0.0006341934204101,-0.26863917504463003,chromosome
0,0.0006399154663085,185824,185824.1~A39.K_8,8,,normal,185824.1~A39.K_8L.png,185824.1~A39.K_8R.png,train,/data5/chensx/MyProject/UAE/data/arrangement_merged/chr_08/185824.1~A39.K_8L.png,/data5/chensx/MyProject/UAE/data/arrangement_merged/chr_08/185824.1~A39.K_8R.png,0,-0.8345938263972066,,0.0006399154663085,-0.2011188009887582,chromosome
0,0.0006604790687561,185824,185824.2~A10.K_8,8,,normal,185824.2~A10.K_8L.png,185824.2~A10.K_8R.png,train,/data5/chensx/MyProject/UAE/data/arrangement_merged/chr_08/185824.2~A10.K_8L.png,/data5/chensx/MyProject/UAE/data/arrangement_merged/chr_08/185824.2~A10.K_8R.png,0,-0.8077960787998283,,0.0006604790687561,0.041532543277187674,chromosome
0,0.0005675554275512,185824,185824.2~A11.K_8,8,,normal,185824.2~A11.K_8L.png,185824.2~A11.K_8R.png,train,/data5/chensx/MyProject/UAE/data/arrangement_merged/chr_08/185824.2~A11.K_8L.png,/data5/chensx/MyProject/UAE/data/arrangement_merged/chr_08/185824.2~A11.K_8R.png,0,-0.9288908280876914,,0.0005675554275512,-1.0549701979089485,chromosome
0,0.0006812810897827,185824,185824.2~A14.K_8,8,,normal,185824.2~A14.K_8L.png,185824.2~A14.K_8R.png,train,/data5/chensx/MyProject/UAE/data/arrangement_merged/chr_08/185824.2~A14.K_8L.png,/data5/chensx/MyProject/UAE/data/arrangement_merged/chr_08/185824.2~A14.K_8R.png,0,-0.7806876326795819,,0.0006812810897827,0.2869972364609466,chromosome
0,0.0005514621734619,185824,185824.2~A17.K_8,8,,normal,185824.2~A17.K_8L.png,185824.2~A17.K_8R.png,train,/data5/chensx/MyProject/UAE/data/arrangement_merged/chr_08/185824.2~A17.K_8L.png,/data5/chensx/MyProject/UAE/data/arrangement_merged/chr_08/185824.2~A17.K_8R.png,0,-0.9498629783812916,,0.0005514621734619,-1.2448712499416792,chromosome
0,0.0006523728370666,185824,185824.2~A2.K_8,8,,normal,185824.2~A2.K_8L.png,185824.2~A2.K_8R.png,train,/data5/chensx/MyProject/UAE/data/arrangement_merged/chr_08/185824.2~A2.K_8L.png,/data5/chensx/MyProject/UAE/data/arrangement_merged/chr_08/185824.2~A2.K_8R.png,0,-0.8183598285773455,,0.0006523728370666,-0.0541213199698118,chromosome
0,0.0005297660827636,185824,185824.2~A25.K_8,8,,normal,185824.2~A25.K_8L.png,185824.2~A25.K_8R.png,train,/data5/chensx/MyProject/UAE/data/arrangement_merged/chr_08/185824.2~A25.K_8L.png,/data5/chensx/MyProject/UAE/data/arrangement_merged/chr_08/185824.2~A25.K_8R.png,0,-0.978136543962294,,0.0005297660827636,-1.5008860015725534,chromosome
0,0.0006837248802185,185824,185824.2~A27.K_8,8,,normal,185824.2~A27.K_8L.png,185824.2~A27.K_8R.png,train,/data5/chensx/MyProject/UAE/data/arrangement_merged/chr_08/185824.2~A27.K_8L.png,/data5/chensx/MyProject/UAE/data/arrangement_merged/chr_08/185824.2~A27.K_8R.png,0,-0.7775029728201832,,0.0006837248802185,0.31583406288093707,chromosome
0,0.0007222890853881,185824,185824.2~A7.K_8,8,,normal,185824.2~A7.K_8L.png,185824.2~A7.K_8R.png,train,/data5/chensx/MyProject/UAE/data/arrangement_merged/chr_08/185824.2~A7.K_8L.png,/data5/chensx/MyProject/UAE/data/arrangement_merged/chr_08/185824.2~A7.K_8R.png,0,-0.7272474867462593,,0.0007222890853881,0.7708932505303893,chromosome
0,0.0006799101829528,185824,185824.2~A8.K_8,8,,normal,185824.2~A8.K_8L.png,185824.2~A8.K_8R.png,train,/data5/chensx/MyProject/UAE/data/arrangement_merged/chr_08/185824.2~A8.K_8L.png,/data5/chensx/MyProject/UAE/data/arrangement_merged/chr_08/185824.2~A8.K_8R.png,0,-0.7824741491860737,,0.0006799101829528,0.2708204801758421,chromosome
0,0.0006323456764221,185824,185824.2~A9.K_8,8,,normal,185824.2~A9.K_8L.png,185824.2~A9.K_8R.png,train,/data5/chensx/MyProject/UAE/data/arrangement_merged/chr_08/185824.2~A9.K_8L.png,/data5/chensx/MyProject/UAE/data/arrangement_merged/chr_08/185824.2~A9.K_8R.png,0,-0.8444585044982704,,0.0006323456764221,-0.290442629166544,chromosome
0,0.0007765293121337,185824,185824.3~A18.K_8,8,,normal,185824.3~A18.K_8L.png,185824.3~A18.K_8R.png,train,/data5/chensx/MyProject/UAE/data/arrangement_merged/chr_08/185824.3~A18.K_8L.png,/data5/chensx/MyProject/UAE/data/arrangement_merged/chr_08/185824.3~A18.K_8R.png,0,-0.6565635727937542,,0.0007765293121337,1.4109301296058063,chromosome
0,0.0006313323974609,185824,185824.3~A2.K_8,8,,normal,185824.3~A2.K_8L.png,185824.3~A2.K_8R.png,train,/data5/chensx/MyProject/UAE/data/arrangement_merged/chr_08/185824.3~A2.K_8L.png,/data5/chensx/MyProject/UAE/data/arrangement_merged/chr_08/185824.3~A2.K_8R.png,0,-0.8457789732204601,,0.0006313323974609,-0.3023993620725659,chromosome
0,0.000616431236267,185824,185824.3~A28.K_8,8,,normal,185824.3~A28.K_8L.png,185824.3~A28.K_8R.png,train,/data5/chensx/MyProject/UAE/data/arrangement_merged/chr_08/185824.3~A28.K_8L.png,/data5/chensx/MyProject/UAE/data/arrangement_merged/chr_08/185824.3~A28.K_8R.png,0,-0.8651976308997198,,0.000616431236267,-0.4782336695115028,chromosome
0,0.0006982088088989,185824,185824.3~A41.K_8,8,,normal,185824.3~A41.K_8L.png,185824.3~A41.K_8R.png,train,/data5/chensx/MyProject/UAE/data/arrangement_merged/chr_08/185824.3~A41.K_8L.png,/data5/chensx/MyProject/UAE/data/arrangement_merged/chr_08/185824.3~A41.K_8R.png,0,-0.7586280375559429,,0.0006982088088989,0.4867450097107477,chromosome
0,0.0006876587867736,185824,185824.3~A43.K_8,8,,normal,185824.3~A43.K_8L.png,185824.3~A43.K_8R.png,train,/data5/chensx/MyProject/UAE/data/arrangement_merged/chr_08/185824.3~A43.K_8L.png,/data5/chensx/MyProject/UAE/data/arrangement_merged/chr_08/185824.3~A43.K_8R.png,0,-0.7723764471928587,,0.0006876587867736,0.362254320043759,chromosome
0,0.0007370114326477,185824,185824.3~A46.K_8,8,,normal,185824.3~A46.K_8L.png,185824.3~A46.K_8R.png,train,/data5/chensx/MyProject/UAE/data/arrangement_merged/chr_08/185824.3~A46.K_8L.png,/data5/chensx/MyProject/UAE/data/arrangement_merged/chr_08/185824.3~A46.K_8R.png,0,-0.7080618529591507,,0.0007370114326477,0.9446175462803746,chromosome
0,0.0006969571113586,186193,186193.11~A23.K_8,8,,normal,186193.11~A23.K_8L.png,186193.11~A23.K_8R.png,train,/data5/chensx/MyProject/UAE/data/arrangement_merged/chr_08/186193.11~A23.K_8L.png,/data5/chensx/MyProject/UAE/data/arrangement_merged/chr_08/186193.11~A23.K_8R.png,0,-0.7852448605599651,,0.0006969571113586,0.4719749278857306,chromosome
0,0.0007224082946777,186193,186193.12~A4.K_8,8,,normal,186193.12~A4.K_8L.png,186193.12~A4.K_8R.png,train,/data5/chensx/MyProject/UAE/data/arrangement_merged/chr_08/186193.12~A4.K_8L.png,/data5/chensx/MyProject/UAE/data/arrangement_merged/chr_08/186193.12~A4.K_8R.png,0,-0.7535947341303633,,0.0007224082946777,0.7722999249904766,chromosome
0,0.0006876587867736,186193,186193.13~A11.K_8,8,,normal,186193.13~A11.K_8L.png,186193.13~A11.K_8R.png,train,/data5/chensx/MyProject/UAE/data/arrangement_merged/chr_08/186193.13~A11.K_8L.png,/data5/chensx/MyProject/UAE/data/arrangement_merged/chr_08/186193.13~A11.K_8R.png,0,-0.7968079044077822,,0.0006876587867736,0.362254320043759,chromosome
0,0.0006643533706665,186193,186193.13~A22.K_8,8,,normal,186193.13~A22.K_8L.png,186193.13~A22.K_8R.png,train,/data5/chensx/MyProject/UAE/data/arrangement_merged/chr_08/186193.13~A22.K_8L.png,/data5/chensx/MyProject/UAE/data/arrangement_merged/chr_08/186193.13~A22.K_8R.png,0,-0.8257896361032724,,0.0006643533706665,0.08724946321114549,chromosome
0,0.0007792711257934,186193,186193.13~A4.K_8,8,,normal,186193.13~A4.K_8L.png,186193.13~A4.K_8R.png,train,/data5/chensx/MyProject/UAE/data/arrangement_merged/chr_08/186193.13~A4.K_8L.png,/data5/chensx/MyProject/UAE/data/arrangement_merged/chr_08/186193.13~A4.K_8R.png,0,-0.682882273676405,,0.0007792711257934,1.4432836421748343,chromosome
0,0.0007392168045043,186193,186193.13~A41.K_8,8,,normal,186193.13~A41.K_8L.png,186193.13~A41.K_8R.png,train,/data5/chensx/MyProject/UAE/data/arrangement_merged/chr_08/186193.13~A41.K_8L.png,/data5/chensx/MyProject/UAE/data/arrangement_merged/chr_08/186193.13~A41.K_8R.png,0,-0.7326923087131555,,0.0007392168045043,0.9706410237801903,chromosome
0,0.0006231665611267,186193,186193.13~A5.K_8,8,,normal,186193.13~A5.K_8L.png,186193.13~A5.K_8R.png,train,/data5/chensx/MyProject/UAE/data/arrangement_merged/chr_08/186193.13~A5.K_8L.png,/data5/chensx/MyProject/UAE/data/arrangement_merged/chr_08/186193.13~A5.K_8R.png,0,-0.8770079905830263,,0.0006231665611267,-0.39875656254842823,chromosome
0,0.0006290078163146,186193,186193.1~A34.K_8,8,,normal,186193.1~A34.K_8L.png,186193.1~A34.K_8R.png,train,/data5/chensx/MyProject/UAE/data/arrangement_merged/chr_08/186193.1~A34.K_8L.png,/data5/chensx/MyProject/UAE/data/arrangement_merged/chr_08/186193.1~A34.K_8R.png,0,-0.8697440271401669,,0.0006290078163146,-0.3298295140336486,chromosome
0,0.0006347298622131,186193,186193.1~A38.K_8,8,,normal,186193.1~A38.K_8L.png,186193.1~A38.K_8R.png,train,/data5/chensx/MyProject/UAE/data/arrangement_merged/chr_08/186193.1~A38.K_8L.png,/data5/chensx/MyProject/UAE/data/arrangement_merged/chr_08/186193.1~A38.K_8R.png,0,-0.8626283078492024,,0.0006347298622131,-0.2623091399765972,chromosome
0,0.0006369352340698,186193,186193.1~A44.K_8,8,,normal,186193.1~A44.K_8L.png,186193.1~A44.K_8R.png,train,/data5/chensx/MyProject/UAE/data/arrangement_merged/chr_08/186193.1~A44.K_8L.png,/data5/chensx/MyProject/UAE/data/arrangement_merged/chr_08/186193.1~A44.K_8R.png,0,-0.8598857910391433,,0.0006369352340698,-0.23628566247560062,chromosome
0,0.0006467700004577,186193,186193.1~A8.K_8,8,,normal,186193.1~A8.K_8L.png,186193.1~A8.K_8R.png,train,/data5/chensx/MyProject/UAE/data/arrangement_merged/chr_08/186193.1~A8.K_8L.png,/data5/chensx/MyProject/UAE/data/arrangement_merged/chr_08/186193.1~A8.K_8R.png,0,-0.8476556485077983,,0.0006467700004577,-0.1202350195667758,chromosome
0,0.0005903244018554,186193,186193.2~A1.K_8,8,,normal,186193.2~A1.K_8L.png,186193.2~A1.K_8R.png,train,/data5/chensx/MyProject/UAE/data/arrangement_merged/chr_08/186193.2~A1.K_8L.png,/data5/chensx/MyProject/UAE/data/arrangement_merged/chr_08/186193.2~A1.K_8R.png,0,-0.9178492544301238,,0.0005903244018554,-0.7862953761431881,chromosome
0,0.0007104873657226,186193,186193.2~A12.K_8,8,,normal,186193.2~A12.K_8L.png,186193.2~A12.K_8R.png,train,/data5/chensx/MyProject/UAE/data/arrangement_merged/chr_08/186193.2~A12.K_8L.png,/data5/chensx/MyProject/UAE/data/arrangement_merged/chr_08/186193.2~A12.K_8R.png,0,-0.7684191493198723,,0.0007104873657226,0.631632479039563,chromosome
0,0.0007242560386657,186193,186193.2~A14.K_8,8,,normal,186193.2~A14.K_8L.png,186193.2~A14.K_8R.png,train,/data5/chensx/MyProject/UAE/data/arrangement_merged/chr_08/186193.2~A14.K_8L.png,/data5/chensx/MyProject/UAE/data/arrangement_merged/chr_08/186193.2~A14.K_8R.png,0,-0.7512969497759894,,0.0007242560386657,0.7941033791123906,chromosome
0,0.0007632970809936,186193,186193.2~A15.K_8,8,,normal,186193.2~A15.K_8L.png,186193.2~A15.K_8R.png,train,/data5/chensx/MyProject/UAE/data/arrangement_merged/chr_08/186193.2~A15.K_8L.png,/data5/chensx/MyProject/UAE/data/arrangement_merged/chr_08/186193.2~A15.K_8R.png,0,-0.7027469900303471,,0.0007632970809936,1.2547892646010115,chromosome
0,0.0006906390190124,186193,186193.2~A24.K_8,8,,normal,186193.2~A24.K_8L.png,186193.2~A24.K_8R.png,train,/data5/chensx/MyProject/UAE/data/arrangement_merged/chr_08/186193.2~A24.K_8L.png,/data5/chensx/MyProject/UAE/data/arrangement_merged/chr_08/186193.2~A24.K_8R.png,0,-0.7931018006104049,,0.0006906390190124,0.3974211815317823,chromosome
0,0.0005920529365539,186193,186193.2~A3.K_8,8,,normal,186193.2~A3.K_8L.png,186193.2~A3.K_8R.png,train,/data5/chensx/MyProject/UAE/data/arrangement_merged/chr_08/186193.2~A3.K_8L.png,/data5/chensx/MyProject/UAE/data/arrangement_merged/chr_08/186193.2~A3.K_8R.png,0,-0.915699714227645,,0.0005920529365539,-0.7658985964801819,chromosome
0,0.0005961060523986,186193,186193.2~A37.K_8,8,,normal,186193.2~A37.K_8L.png,186193.2~A37.K_8R.png,train,/data5/chensx/MyProject/UAE/data/arrangement_merged/chr_08/186193.2~A37.K_8L.png,/data5/chensx/MyProject/UAE/data/arrangement_merged/chr_08/186193.2~A37.K_8R.png,0,-0.910659413063212,,0.0005961060523986,-0.7180716648572726,chromosome
0,0.0006476640701293,186193,186193.2~A4.K_8,8,,normal,186193.2~A4.K_8L.png,186193.2~A4.K_8R.png,train,/data5/chensx/MyProject/UAE/data/arrangement_merged/chr_08/186193.2~A4.K_8L.png,/data5/chensx/MyProject/UAE/data/arrangement_merged/chr_08/186193.2~A4.K_8R.png,0,-0.8465438173685851,,0.0006476640701293,-0.10968496112084129,chromosome
0,0.0007513165473937,186193,186193.2~A42.K_8,8,,normal,186193.2~A42.K_8L.png,186193.2~A42.K_8R.png,train,/data5/chensx/MyProject/UAE/data/arrangement_merged/chr_08/186193.2~A42.K_8L.png,/data5/chensx/MyProject/UAE/data/arrangement_merged/chr_08/186193.2~A42.K_8R.png,0,-0.7176455272958038,,0.0007513165473937,1.113418481420054,chromosome
0,0.0006482601165771,186193,186193.2~A44.K_8,8,,normal,186193.2~A44.K_8L.png,186193.2~A44.K_8R.png,train,/data5/chensx/MyProject/UAE/data/arrangement_merged/chr_08/186193.2~A44.K_8L.png,/data5/chensx/MyProject/UAE/data/arrangement_merged/chr_08/186193.2~A44.K_8R.png,0,-0.8458025966091096,,0.0006482601165771,-0.1026515888227648,chromosome
0,0.0006611347198486,186193,186193.2~A46.K_8,8,,normal,186193.2~A46.K_8L.png,186193.2~A46.K_8R.png,train,/data5/chensx/MyProject/UAE/data/arrangement_merged/chr_08/186193.2~A46.K_8L.png,/data5/chensx/MyProject/UAE/data/arrangement_merged/chr_08/186193.2~A46.K_8R.png,0,-0.8297922282044399,,0.0006611347198486,0.049269252804127,chromosome
0,0.0006649494171142,186193,186193.2~A48.K_8,8,,normal,186193.2~A48.K_8L.png,186193.2~A48.K_8R.png,train,/data5/chensx/MyProject/UAE/data/arrangement_merged/chr_08/186193.2~A48.K_8L.png,/data5/chensx/MyProject/UAE/data/arrangement_merged/chr_08/186193.2~A48.K_8R.png,0,-0.825048415343797,,0.0006649494171142,0.0942828355080424,chromosome
0,0.0005694031715393,186193,186193.2~A5.K_8,8,,normal,186193.2~A5.K_8L.png,186193.2~A5.K_8R.png,train,/data5/chensx/MyProject/UAE/data/arrangement_merged/chr_08/186193.2~A5.K_8L.png,/data5/chensx/MyProject/UAE/data/arrangement_merged/chr_08/186193.2~A5.K_8R.png,0,-0.943866103087712,,0.0005694031715393,-1.033166743785855,chromosome
0,0.0006244182586669,186193,186193.2~A50.K_8,8,,normal,186193.2~A50.K_8L.png,186193.2~A50.K_8R.png,train,/data5/chensx/MyProject/UAE/data/arrangement_merged/chr_08/186193.2~A50.K_8L.png,/data5/chensx/MyProject/UAE/data/arrangement_merged/chr_08/186193.2~A50.K_8R.png,0,-0.8754514269881278,,0.0006244182586669,-0.3839864807245907,chromosome
0,0.000678539276123,186193,186193.2~A7.K_8,8,,normal,186193.2~A7.K_8L.png,186193.2~A7.K_8R.png,train,/data5/chensx/MyProject/UAE/data/arrangement_merged/chr_08/186193.2~A7.K_8L.png,/data5/chensx/MyProject/UAE/data/arrangement_merged/chr_08/186193.2~A7.K_8R.png,0,-0.8081485820277566,,0.000678539276123,0.25464372389191847,chromosome
0,0.0006818771362304,186193,186193.3~A15.K_8,8,,normal,186193.3~A15.K_8L.png,186193.3~A15.K_8R.png,train,/data5/chensx/MyProject/UAE/data/arrangement_merged/chr_08/186193.3~A15.K_8L.png,/data5/chensx/MyProject/UAE/data/arrangement_merged/chr_08/186193.3~A15.K_8R.png,0,-0.8039977457746941,,0.0006818771362304,0.29403060875784354,chromosome
0,0.0005906820297241,186193,186193.3~A6.K_8,8,,normal,186193.3~A6.K_8L.png,186193.3~A6.K_8R.png,train,/data5/chensx/MyProject/UAE/data/arrangement_merged/chr_08/186193.3~A6.K_8L.png,/data5/chensx/MyProject/UAE/data/arrangement_merged/chr_08/186193.3~A6.K_8R.png,0,-0.9174045219744384,,0.0005906820297241,-0.7820753527641068,chromosome
0,0.0007665157318115,Q242362,Q242362.11~A39.K_8,8,,normal,Q242362.11~A39.K_8L.png,Q242362.11~A39.K_8R.png,train,/data5/chensx/MyProject/UAE/data/arrangement_merged/chr_08/Q242362.11~A39.K_8L.png,/data5/chensx/MyProject/UAE/data/arrangement_merged/chr_08/Q242362.11~A39.K_8R.png,0,-0.7244796766157698,,0.0007665157318115,1.2927694750080299,chromosome
0,0.0006154179573059,Q242362,Q242362.12~A25.K_8,8,,normal,Q242362.12~A25.K_8L.png,Q242362.12~A25.K_8R.png,train,/data5/chensx/MyProject/UAE/data/arrangement_merged/chr_08/Q242362.12~A25.K_8L.png,/data5/chensx/MyProject/UAE/data/arrangement_merged/chr_08/Q242362.12~A25.K_8R.png,0,-0.9229229610816584,,0.0006154179573059,-0.49019040241634515,chromosome
0,0.0009567737579345,Q242362,Q242362.12~A30.K_8,8,,normal,Q242362.12~A30.K_8L.png,Q242362.12~A30.K_8R.png,train,/data5/chensx/MyProject/UAE/data/arrangement_merged/chr_08/Q242362.12~A30.K_8L.png,/data5/chensx/MyProject/UAE/data/arrangement_merged/chr_08/Q242362.12~A30.K_8R.png,0,-0.4746055290752898,,0.0009567737579345,3.537821912379932,chromosome
0,0.0005422234535217,Q242362,Q242362.12~A6.K_8,8,,normal,Q242362.12~A6.K_8L.png,Q242362.12~A6.K_8R.png,train,/data5/chensx/MyProject/UAE/data/arrangement_merged/chr_08/Q242362.12~A6.K_8L.png,/data5/chensx/MyProject/UAE/data/arrangement_merged/chr_08/Q242362.12~A6.K_8R.png,0,-1.019052489020164,,0.0005422234535217,-1.353888520553607,chromosome
0,0.0007150173187255,Q242362,Q242362.13~A12.K_8,8,,normal,Q242362.13~A12.K_8L.png,Q242362.13~A12.K_8R.png,train,/data5/chensx/MyProject/UAE/data/arrangement_merged/chr_08/Q242362.13~A12.K_8L.png,/data5/chensx/MyProject/UAE/data/arrangement_merged/chr_08/Q242362.13~A12.K_8R.png,0,-0.7921147842207118,,0.0007150173187255,0.6850861085004615,chromosome
0,0.0006686449050903,Q242362,Q242362.13~A3.K_8,8,,normal,Q242362.13~A3.K_8L.png,Q242362.13~A3.K_8R.png,train,/data5/chensx/MyProject/UAE/data/arrangement_merged/chr_08/Q242362.13~A3.K_8L.png,/data5/chensx/MyProject/UAE/data/arrangement_merged/chr_08/Q242362.13~A3.K_8R.png,0,-0.8530176936149766,,0.0006686449050903,0.13788974375305,chromosome
0,0.0007210969924926,Q242362,Q242362.13~A33.K_8,8,,normal,Q242362.13~A33.K_8L.png,Q242362.13~A33.K_8R.png,train,/data5/chensx/MyProject/UAE/data/arrangement_merged/chr_08/Q242362.13~A33.K_8L.png,/data5/chensx/MyProject/UAE/data/arrangement_merged/chr_08/Q242362.13~A33.K_8R.png,0,-0.7841300840173505,,0.0007210969924926,0.7568265059354158,chromosome
0,0.0006797909736633,Q242362,Q242362.13~A6.K_8,8,,normal,Q242362.13~A6.K_8L.png,Q242362.13~A6.K_8R.png,train,/data5/chensx/MyProject/UAE/data/arrangement_merged/chr_08/Q242362.13~A6.K_8L.png,/data5/chensx/MyProject/UAE/data/arrangement_merged/chr_08/Q242362.13~A6.K_8R.png,0,-0.838379076575481,,0.0006797909736633,0.2694138057169356,chromosome
0,0.000637412071228,Q242362,Q242362.14~A13.K_8,8,,normal,Q242362.14~A13.K_8L.png,Q242362.14~A13.K_8R.png,train,/data5/chensx/MyProject/UAE/data/arrangement_merged/chr_08/Q242362.14~A13.K_8L.png,/data5/chensx/MyProject/UAE/data/arrangement_merged/chr_08/Q242362.14~A13.K_8R.png,0,-0.8940371338753813,,0.000637412071228,-0.2306589646376115,chromosome
0,0.0007013082504272,Q242362,Q242362.14~A25.K_8,8,,normal,Q242362.14~A25.K_8L.png,Q242362.14~A25.K_8R.png,train,/data5/chensx/MyProject/UAE/data/arrangement_merged/chr_08/Q242362.14~A25.K_8L.png,/data5/chensx/MyProject/UAE/data/arrangement_merged/chr_08/Q242362.14~A25.K_8R.png,0,-0.8101195003655458,,0.0007013082504272,0.5233185456576788,chromosome
0,0.0005496144294738,Q242362,Q242362.14~A29.K_8,8,,normal,Q242362.14~A29.K_8L.png,Q242362.14~A29.K_8R.png,train,/data5/chensx/MyProject/UAE/data/arrangement_merged/chr_08/Q242362.14~A29.K_8L.png,/data5/chensx/MyProject/UAE/data/arrangement_merged/chr_08/Q242362.14~A29.K_8R.png,0,-1.0093455985768622,,0.0005496144294738,-1.2666747040647728,chromosome
0,0.0005960464477539,Q242362,Q242362.14~A36.K_8,8,,normal,Q242362.14~A36.K_8L.png,Q242362.14~A36.K_8R.png,train,/data5/chensx/MyProject/UAE/data/arrangement_merged/chr_08/Q242362.14~A36.K_8L.png,/data5/chensx/MyProject/UAE/data/arrangement_merged/chr_08/Q242362.14~A36.K_8R.png,0,-0.9483644078080544,,0.0005960464477539,-0.7187750020861368,chromosome
0,0.0006800293922424,Q242362,Q242362.14~A48.K_8,8,,normal,Q242362.14~A48.K_8L.png,Q242362.14~A48.K_8R.png,train,/data5/chensx/MyProject/UAE/data/arrangement_merged/chr_08/Q242362.14~A48.K_8L.png,/data5/chensx/MyProject/UAE/data/arrangement_merged/chr_08/Q242362.14~A48.K_8R.png,0,-0.8380659510773101,,0.0006800293922424,0.2722271546359295,chromosome
0,0.0007306933403015,Q242362,Q242362.1~A28.K_8,8,,normal,Q242362.1~A28.K_8L.png,Q242362.1~A28.K_8R.png,train,/data5/chensx/MyProject/UAE/data/arrangement_merged/chr_08/Q242362.1~A28.K_8L.png,/data5/chensx/MyProject/UAE/data/arrangement_merged/chr_08/Q242362.1~A28.K_8R.png,0,-0.7715267827159668,,0.0007306933403015,0.8700637999264264,chromosome
0,0.0006622076034545,Q242362,Q242362.1~A32.K_8,8,,normal,Q242362.1~A32.K_8L.png,Q242362.1~A32.K_8R.png,train,/data5/chensx/MyProject/UAE/data/arrangement_merged/chr_08/Q242362.1~A32.K_8L.png,/data5/chensx/MyProject/UAE/data/arrangement_merged/chr_08/Q242362.1~A32.K_8R.png,0,-0.8614720820655943,,0.0006622076034545,0.06192932293901302,chromosome
0,0.0006206631660461,Q242362,Q242362.1~A4.K_8,8,,normal,Q242362.1~A4.K_8L.png,Q242362.1~A4.K_8R.png,train,/data5/chensx/MyProject/UAE/data/arrangement_merged/chr_08/Q242362.1~A4.K_8L.png,/data5/chensx/MyProject/UAE/data/arrangement_merged/chr_08/Q242362.1~A4.K_8R.png,0,-0.916034200121896,,0.0006206631660461,-0.42829672619846243,chromosome
0,0.0006052255630493,Q242362,Q242362.1~A9.K_8,8,,normal,Q242362.1~A9.K_8L.png,Q242362.1~A9.K_8R.png,train,/data5/chensx/MyProject/UAE/data/arrangement_merged/chr_08/Q242362.1~A9.K_8L.png,/data5/chensx/MyProject/UAE/data/arrangement_merged/chr_08/Q242362.1~A9.K_8R.png,0,-0.93630907612847,,0.0006052255630493,-0.6104610687042512,chromosome
0,0.0007369518280029,Q242362,Q242362.2~A14.K_8,8,,normal,Q242362.2~A14.K_8L.png,Q242362.2~A14.K_8R.png,train,/data5/chensx/MyProject/UAE/data/arrangement_merged/chr_08/Q242362.2~A14.K_8L.png,/data5/chensx/MyProject/UAE/data/arrangement_merged/chr_08/Q242362.2~A14.K_8R.png,0,-0.7633072383889772,,0.0007369518280029,0.943914209050331,chromosome
0,0.0006567239761352,Q242362,Q242362.2~A2.K_8,8,,normal,Q242362.2~A2.K_8L.png,Q242362.2~A2.K_8R.png,train,/data5/chensx/MyProject/UAE/data/arrangement_merged/chr_08/Q242362.2~A2.K_8L.png,/data5/chensx/MyProject/UAE/data/arrangement_merged/chr_08/Q242362.2~A2.K_8R.png,0,-0.8686739685235281,,0.0006567239761352,-0.0027777021978636065,chromosome
0,0.0007326006889343,Q242362,Q242362.2~A7.K_8,8,,normal,Q242362.2~A7.K_8L.png,Q242362.2~A7.K_8R.png,train,/data5/chensx/MyProject/UAE/data/arrangement_merged/chr_08/Q242362.2~A7.K_8L.png,/data5/chensx/MyProject/UAE/data/arrangement_merged/chr_08/Q242362.2~A7.K_8R.png,0,-0.7690217787305985,,0.0007326006889343,0.892570591278384,chromosome
0,0.0006340742111206,Q242362,Q242362.2~A9.K_8,8,,normal,Q242362.2~A9.K_8L.png,Q242362.2~A9.K_8R.png,train,/data5/chensx/MyProject/UAE/data/arrangement_merged/chr_08/Q242362.2~A9.K_8L.png,/data5/chensx/MyProject/UAE/data/arrangement_merged/chr_08/Q242362.2~A9.K_8R.png,0,-0.8984208908497756,,0.0006340742111206,-0.27004584950353655,chromosome
0,0.0006460547447204,Q242362,Q242362.3~A15.K_8,8,,normal,Q242362.3~A15.K_8L.png,Q242362.3~A15.K_8R.png,train,/data5/chensx/MyProject/UAE/data/arrangement_merged/chr_08/Q242362.3~A15.K_8L.png,/data5/chensx/MyProject/UAE/data/arrangement_merged/chr_08/Q242362.3~A15.K_8R.png,0,-0.8826863345666816,,0.0006460547447204,-0.1286750663237601,chromosome
0,0.0007176399230957,Q242362,Q242362.4~A30.K_8,8,,normal,Q242362.4~A30.K_8L.png,Q242362.4~A30.K_8R.png,train,/data5/chensx/MyProject/UAE/data/arrangement_merged/chr_08/Q242362.4~A30.K_8L.png,/data5/chensx/MyProject/UAE/data/arrangement_merged/chr_08/Q242362.4~A30.K_8R.png,0,-0.7886704037408304,,0.0007176399230957,0.716032946610583,chromosome
0,0.000580608844757,Q242362,Q242362.4~A42.K_8,8,,normal,Q242362.4~A42.K_8L.png,Q242362.4~A42.K_8R.png,train,/data5/chensx/MyProject/UAE/data/arrangement_merged/chr_08/Q242362.4~A42.K_8L.png,/data5/chensx/MyProject/UAE/data/arrangement_merged/chr_08/Q242362.4~A42.K_8R.png,0,-0.9686392838146286,,0.000580608844757,-0.9009393445931064,chromosome
0,0.0006240010261535,Q242664,Q242664.11~A21.K_8,8,,normal,Q242664.11~A21.K_8L.png,Q242664.11~A21.K_8R.png,train,/data5/chensx/MyProject/UAE/data/arrangement_merged/chr_08/Q242664.11~A21.K_8L.png,/data5/chensx/MyProject/UAE/data/arrangement_merged/chr_08/Q242664.11~A21.K_8R.png,0,-0.8715595761654131,,0.0006240010261535,-0.38890984133253614,chromosome
0,0.0005481243133544,Q242664,Q242664.12~A1.K_8,8,,normal,Q242664.12~A1.K_8L.png,Q242664.12~A1.K_8R.png,train,/data5/chensx/MyProject/UAE/data/arrangement_merged/chr_08/Q242664.12~A1.K_8L.png,/data5/chensx/MyProject/UAE/data/arrangement_merged/chr_08/Q242664.12~A1.K_8R.png,0,-0.9742604529197146,,0.0005481243133544,-1.2842581348087838,chromosome
0,0.0006451606750488,Q242664,Q242664.12~A16.K_8,8,,normal,Q242664.12~A16.K_8L.png,Q242664.12~A16.K_8R.png,train,/data5/chensx/MyProject/UAE/data/arrangement_merged/chr_08/Q242664.12~A16.K_8L.png,/data5/chensx/MyProject/UAE/data/arrangement_merged/chr_08/Q242664.12~A16.K_8R.png,0,-0.842919504486091,,0.0006451606750488,-0.13922512476969462,chromosome
0,0.0005742907524108,Q242664,Q242664.12~A19.K_8,8,,normal,Q242664.12~A19.K_8L.png,Q242664.12~A19.K_8R.png,train,/data5/chensx/MyProject/UAE/data/arrangement_merged/chr_08/Q242664.12~A19.K_8L.png,/data5/chensx/MyProject/UAE/data/arrangement_merged/chr_08/Q242664.12~A19.K_8R.png,0,-0.9388435755472572,,0.0005742907524108,-0.9754930909470547,chromosome
0,0.0004492402076721,Q242664,Q242664.12~A22.K_8,8,,normal,Q242664.12~A22.K_8L.png,Q242664.12~A22.K_8R.png,train,/data5/chensx/MyProject/UAE/data/arrangement_merged/chr_08/Q242664.12~A22.K_8L.png,/data5/chensx/MyProject/UAE/data/arrangement_merged/chr_08/Q242664.12~A22.K_8R.png,0,-1.1081023653591384,,0.0004492402076721,-2.4510945989686066,chromosome
0,0.0005660057067871,Q242664,Q242664.12~A24.K_8,8,,normal,Q242664.12~A24.K_8L.png,Q242664.12~A24.K_8R.png,train,/data5/chensx/MyProject/UAE/data/arrangement_merged/chr_08/Q242664.12~A24.K_8L.png,/data5/chensx/MyProject/UAE/data/arrangement_merged/chr_08/Q242664.12~A24.K_8R.png,0,-0.9500575754442312,,0.0005660057067871,-1.0732569658818236,chromosome
0,0.0005966424942016,Q242664,Q242664.12~A29.K_8,8,,normal,Q242664.12~A29.K_8L.png,Q242664.12~A29.K_8R.png,train,/data5/chensx/MyProject/UAE/data/arrangement_merged/chr_08/Q242664.12~A29.K_8L.png,/data5/chensx/MyProject/UAE/data/arrangement_merged/chr_08/Q242664.12~A29.K_8R.png,0,-0.9085899787029028,,0.0005966424942016,-0.7117416297892398,chromosome
0,0.0006826519966125,Q242664,Q242664.12~A34.K_8,8,,normal,Q242664.12~A34.K_8L.png,Q242664.12~A34.K_8R.png,train,/data5/chensx/MyProject/UAE/data/arrangement_merged/chr_08/Q242664.12~A34.K_8L.png,/data5/chensx/MyProject/UAE/data/arrangement_merged/chr_08/Q242664.12~A34.K_8R.png,0,-0.7921741380458274,,0.0006826519966125,0.3031739927448715,chromosome
0,0.0005791187286376,Q242664,Q242664.12~A37.K_8,8,,normal,Q242664.12~A37.K_8L.png,Q242664.12~A37.K_8R.png,train,/data5/chensx/MyProject/UAE/data/arrangement_merged/chr_08/Q242664.12~A37.K_8L.png,/data5/chensx/MyProject/UAE/data/arrangement_merged/chr_08/Q242664.12~A37.K_8R.png,0,-0.9323087986288766,,0.0005791187286376,-0.9185227753371175,chromosome
0,0.0008153915405273,Q242664,Q242664.12~A8.K_8,8,,normal,Q242664.12~A8.K_8L.png,Q242664.12~A8.K_8R.png,train,/data5/chensx/MyProject/UAE/data/arrangement_merged/chr_08/Q242664.12~A8.K_8L.png,/data5/chensx/MyProject/UAE/data/arrangement_merged/chr_08/Q242664.12~A8.K_8R.png,0,-0.6125081109194883,,0.0008153915405273,1.8695060034054756,chromosome
0,0.0005910396575927,Q242664,Q242664.13~A20.K_8,8,,normal,Q242664.13~A20.K_8L.png,Q242664.13~A20.K_8R.png,train,/data5/chensx/MyProject/UAE/data/arrangement_merged/chr_08/Q242664.13~A20.K_8L.png,/data5/chensx/MyProject/UAE/data/arrangement_merged/chr_08/Q242664.13~A20.K_8R.png,0,-0.9161735469785544,,0.0005910396575927,-0.7778553293862038,chromosome
0,0.0005336999893188,Q242664,Q242664.13~A32.K_8,8,,normal,Q242664.13~A32.K_8L.png,Q242664.13~A32.K_8R.png,train,/data5/chensx/MyProject/UAE/data/arrangement_merged/chr_08/Q242664.13~A32.K_8L.png,/data5/chensx/MyProject/UAE/data/arrangement_merged/chr_08/Q242664.13~A32.K_8R.png,0,-0.9937841074166048,,0.0005336999893188,-1.454465744408552,chromosome
0,0.0006965398788452,Q242664,Q242664.13~A33.K_8,8,,normal,Q242664.13~A33.K_8L.png,Q242664.13~A33.K_8R.png,train,/data5/chensx/MyProject/UAE/data/arrangement_merged/chr_08/Q242664.13~A33.K_8L.png,/data5/chensx/MyProject/UAE/data/arrangement_merged/chr_08/Q242664.13~A33.K_8R.png,0,-0.7733765698732018,,0.0006965398788452,0.4670515672777852,chromosome
0,0.0009700059890747,Q242664,Q242664.13~A42.K_8,8,,normal,Q242664.13~A42.K_8L.png,Q242664.13~A42.K_8R.png,train,/data5/chensx/MyProject/UAE/data/arrangement_merged/chr_08/Q242664.13~A42.K_8L.png,/data5/chensx/MyProject/UAE/data/arrangement_merged/chr_08/Q242664.13~A42.K_8R.png,0,-0.4032338970148079,,0.0009700059890747,3.6939627773859067,chromosome
0,0.0005949735641479,Q242664,Q242664.13~A50.K_8,8,,normal,Q242664.13~A50.K_8L.png,Q242664.13~A50.K_8R.png,train,/data5/chensx/MyProject/UAE/data/arrangement_merged/chr_08/Q242664.13~A50.K_8L.png,/data5/chensx/MyProject/UAE/data/arrangement_merged/chr_08/Q242664.13~A50.K_8R.png,0,-0.910848913933948,,0.0005949735641479,-0.7314350722222023,chromosome
0,0.0006476044654846,Q242664,Q242664.14~A47.K_8,8,,normal,Q242664.14~A47.K_8L.png,Q242664.14~A47.K_8R.png,train,/data5/chensx/MyProject/UAE/data/arrangement_merged/chr_08/Q242664.14~A47.K_8L.png,/data5/chensx/MyProject/UAE/data/arrangement_merged/chr_08/Q242664.14~A47.K_8R.png,0,-0.839611777897775,,0.0006476044654846,-0.11038829834970541,chromosome
0,0.0008641481399536,Q242664,Q242664.1~A14.K_8,8,,normal,Q242664.1~A14.K_8L.png,Q242664.1~A14.K_8R.png,train,/data5/chensx/MyProject/UAE/data/arrangement_merged/chr_08/Q242664.1~A14.K_8L.png,/data5/chensx/MyProject/UAE/data/arrangement_merged/chr_08/Q242664.1~A14.K_8R.png,0,-0.54651493166967,,0.0008641481399536,2.444835857344016,chromosome
0,0.0007750988006591,Q242664,Q242664.2~A1.K_8,8,,normal,Q242664.2~A1.K_8L.png,Q242664.2~A1.K_8R.png,train,/data5/chensx/MyProject/UAE/data/arrangement_merged/chr_08/Q242664.2~A1.K_8L.png,/data5/chensx/MyProject/UAE/data/arrangement_merged/chr_08/Q242664.2~A1.K_8R.png,0,-0.6670452614975778,,0.0007750988006591,1.3940500360918378,chromosome
0,0.0007124543190002,Q242664,Q242664.2~A10.K_8,8,,normal,Q242664.2~A10.K_8L.png,Q242664.2~A10.K_8R.png,train,/data5/chensx/MyProject/UAE/data/arrangement_merged/chr_08/Q242664.2~A10.K_8L.png,/data5/chensx/MyProject/UAE/data/arrangement_merged/chr_08/Q242664.2~A10.K_8R.png,0,-0.7518360089200216,,0.0007124543190002,0.6548426076215644,chromosome
0,0.0005983114242553,Q242664,Q242664.2~A30.K_8,8,,normal,Q242664.2~A30.K_8L.png,Q242664.2~A30.K_8R.png,train,/data5/chensx/MyProject/UAE/data/arrangement_merged/chr_08/Q242664.2~A30.K_8L.png,/data5/chensx/MyProject/UAE/data/arrangement_merged/chr_08/Q242664.2~A30.K_8R.png,0,-0.9063310434718578,,0.0005983114242553,-0.6920481873562773,chromosome
0,0.0005933046340942,Q242664,Q242664.2~A32.K_8,8,,normal,Q242664.2~A32.K_8L.png,Q242664.2~A32.K_8R.png,train,/data5/chensx/MyProject/UAE/data/arrangement_merged/chr_08/Q242664.2~A32.K_8L.png,/data5/chensx/MyProject/UAE/data/arrangement_merged/chr_08/Q242664.2~A32.K_8R.png,0,-0.9131078491649932,,0.0005933046340942,-0.7511285146551648,chromosome
0,0.00062757730484,Q242664,Q242664.2~A6.K_8,8,,normal,Q242664.2~A6.K_8L.png,Q242664.2~A6.K_8R.png,train,/data5/chensx/MyProject/UAE/data/arrangement_merged/chr_08/Q242664.2~A6.K_8L.png,/data5/chensx/MyProject/UAE/data/arrangement_merged/chr_08/Q242664.2~A6.K_8R.png,0,-0.8667190006703165,,0.00062757730484,-0.3467096075476172,chromosome
0,0.000766634941101,Q242664,Q242664.3~A19.K_8,8,,normal,Q242664.3~A19.K_8L.png,Q242664.3~A19.K_8R.png,train,/data5/chensx/MyProject/UAE/data/arrangement_merged/chr_08/Q242664.3~A19.K_8L.png,/data5/chensx/MyProject/UAE/data/arrangement_merged/chr_08/Q242664.3~A19.K_8R.png,0,-0.6785012901693066,,0.000766634941101,1.2941761494669364,chromosome
0,0.0008337497711181,Q242664,Q242664.3~A29.K_8,8,,normal,Q242664.3~A29.K_8L.png,Q242664.3~A29.K_8R.png,train,/data5/chensx/MyProject/UAE/data/arrangement_merged/chr_08/Q242664.3~A29.K_8L.png,/data5/chensx/MyProject/UAE/data/arrangement_merged/chr_08/Q242664.3~A29.K_8R.png,0,-0.5876598233779919,,0.0008337497711181,2.0861338701692453,chromosome
0,0.0006517171859741,Q242664,Q242664.3~A44.K_8,8,,normal,Q242664.3~A44.K_8L.png,Q242664.3~A44.K_8R.png,train,/data5/chensx/MyProject/UAE/data/arrangement_merged/chr_08/Q242664.3~A44.K_8L.png,/data5/chensx/MyProject/UAE/data/arrangement_merged/chr_08/Q242664.3~A44.K_8R.png,0,-0.8340451160784137,,0.0006517171859741,-0.061858029496752405,chromosome
0,0.0007044672966003,Q242664,Q242664.3~A48.K_8,8,,normal,Q242664.3~A48.K_8L.png,Q242664.3~A48.K_8R.png,train,/data5/chensx/MyProject/UAE/data/arrangement_merged/chr_08/Q242664.3~A48.K_8L.png,/data5/chensx/MyProject/UAE/data/arrangement_merged/chr_08/Q242664.3~A48.K_8R.png,0,-0.7626466275257375,,0.0007044672966003,0.5605954188346524,chromosome
0,0.0006963014602661,Q242664,Q242664.4~A14.K_8,8,,normal,Q242664.4~A14.K_8L.png,Q242664.4~A14.K_8R.png,train,/data5/chensx/MyProject/UAE/data/arrangement_merged/chr_08/Q242664.4~A14.K_8L.png,/data5/chensx/MyProject/UAE/data/arrangement_merged/chr_08/Q242664.4~A14.K_8R.png,0,-0.7736992749062083,,0.0006963014602661,0.4642382183587913,chromosome
0,0.0006403923034667,Q242664,Q242664.4~A34.K_8,8,,normal,Q242664.4~A34.K_8L.png,Q242664.4~A34.K_8R.png,train,/data5/chensx/MyProject/UAE/data/arrangement_merged/chr_08/Q242664.4~A34.K_8L.png,/data5/chensx/MyProject/UAE/data/arrangement_merged/chr_08/Q242664.4~A34.K_8R.png,0,-0.84937360514622,,0.0006403923034667,-0.1954921031507691,chromosome
0,0.0006576776504516,Q242664,Q242664.4~A41.K_8,8,,normal,Q242664.4~A41.K_8L.png,Q242664.4~A41.K_8R.png,train,/data5/chensx/MyProject/UAE/data/arrangement_merged/chr_08/Q242664.4~A41.K_8L.png,/data5/chensx/MyProject/UAE/data/arrangement_merged/chr_08/Q242664.4~A41.K_8R.png,0,-0.8259774902532526,,0.0006576776504516,0.008475693478114603,chromosome
0,0.000558316707611,Q242664,Q242664.4~A49.K_8,8,,normal,Q242664.4~A49.K_8L.png,Q242664.4~A49.K_8R.png,train,/data5/chensx/MyProject/UAE/data/arrangement_merged/chr_08/Q242664.4~A49.K_8L.png,/data5/chensx/MyProject/UAE/data/arrangement_merged/chr_08/Q242664.4~A49.K_8R.png,0,-0.9604648127586892,,0.000558316707611,-1.1639874685208775,chromosome
0,0.0007556080818176,Q250230,Q250230.11~A30.K_8,8,,normal,Q250230.11~A30.K_8L.png,Q250230.11~A30.K_8R.png,train,/data5/chensx/MyProject/UAE/data/arrangement_merged/chr_08/Q250230.11~A30.K_8L.png,/data5/chensx/MyProject/UAE/data/arrangement_merged/chr_08/Q250230.11~A30.K_8R.png,0,-0.7148817755757196,,0.0007556080818176,1.1640587619631382,chromosome
0,0.0006071329116821,Q250230,Q250230.12~A40.K_8,8,,normal,Q250230.12~A40.K_8L.png,Q250230.12~A40.K_8R.png,train,/data5/chensx/MyProject/UAE/data/arrangement_merged/chr_08/Q250230.12~A40.K_8L.png,/data5/chensx/MyProject/UAE/data/arrangement_merged/chr_08/Q250230.12~A40.K_8R.png,0,-0.9006735109944356,,0.0006071329116821,-0.5879542773522948,chromosome
0,0.0007532238960266,Q250230,Q250230.13~A45.K_8,8,,normal,Q250230.13~A45.K_8L.png,Q250230.13~A45.K_8R.png,train,/data5/chensx/MyProject/UAE/data/arrangement_merged/chr_08/Q250230.13~A45.K_8L.png,/data5/chensx/MyProject/UAE/data/arrangement_merged/chr_08/Q250230.13~A45.K_8R.png,0,-0.7178651836113474,,0.0007532238960266,1.1359252727731928,chromosome
0,0.0005997419357299,Q250230,Q250230.14~A21.K_8,8,,normal,Q250230.14~A21.K_8L.png,Q250230.14~A21.K_8R.png,train,/data5/chensx/MyProject/UAE/data/arrangement_merged/chr_08/Q250230.14~A21.K_8L.png,/data5/chensx/MyProject/UAE/data/arrangement_merged/chr_08/Q250230.14~A21.K_8R.png,0,-0.9099220759048816,,0.0005997419357299,-0.6751680938423087,chromosome
0,0.0005571842193603,Q250230,Q250230.14~A43.K_8,8,,normal,Q250230.14~A43.K_8L.png,Q250230.14~A43.K_8R.png,train,/data5/chensx/MyProject/UAE/data/arrangement_merged/chr_08/Q250230.14~A43.K_8L.png,/data5/chensx/MyProject/UAE/data/arrangement_merged/chr_08/Q250230.14~A43.K_8R.png,0,-0.9631759093408362,,0.0005571842193603,-1.1773508758858073,chromosome
0,0.0005390644073486,Q250230,Q250230.15~A8.K_8,8,,normal,Q250230.15~A8.K_8L.png,Q250230.15~A8.K_8R.png,train,/data5/chensx/MyProject/UAE/data/arrangement_merged/chr_08/Q250230.15~A8.K_8L.png,/data5/chensx/MyProject/UAE/data/arrangement_merged/chr_08/Q250230.15~A8.K_8R.png,0,-0.9858498104116068,,0.0005390644073486,-1.391165393730582,chromosome
0,0.0005748271942138,Q250230,Q250230.1~A20.K_8,8,,normal,Q250230.1~A20.K_8L.png,Q250230.1~A20.K_8R.png,train,/data5/chensx/MyProject/UAE/data/arrangement_merged/chr_08/Q250230.1~A20.K_8L.png,/data5/chensx/MyProject/UAE/data/arrangement_merged/chr_08/Q250230.1~A20.K_8R.png,0,-0.9410986898771913,,0.0005748271942138,-0.969163055879022,chromosome
0,0.0005981922149658,Q250230,Q250230.2~A24.K_8,8,,normal,Q250230.2~A24.K_8L.png,Q250230.2~A24.K_8R.png,train,/data5/chensx/MyProject/UAE/data/arrangement_merged/chr_08/Q250230.2~A24.K_8L.png,/data5/chensx/MyProject/UAE/data/arrangement_merged/chr_08/Q250230.2~A24.K_8R.png,0,-0.9118612911280396,,0.0005981922149658,-0.6934548618151839,chromosome
0,0.0006305575370788,Q250230,Q250230.2~A27.K_8,8,,normal,Q250230.2~A27.K_8L.png,Q250230.2~A27.K_8R.png,train,/data5/chensx/MyProject/UAE/data/arrangement_merged/chr_08/Q250230.2~A27.K_8L.png,/data5/chensx/MyProject/UAE/data/arrangement_merged/chr_08/Q250230.2~A27.K_8R.png,0,-0.8713615270443933,,0.0006305575370788,-0.3115427460595939,chromosome
0,0.0005334019660949,Q250230,Q250230.2~A38.K_8,8,,normal,Q250230.2~A38.K_8L.png,Q250230.2~A38.K_8R.png,train,/data5/chensx/MyProject/UAE/data/arrangement_merged/chr_08/Q250230.2~A38.K_8L.png,/data5/chensx/MyProject/UAE/data/arrangement_merged/chr_08/Q250230.2~A38.K_8R.png,0,-0.9929354044962226,,0.0005334019660949,-1.4579824305575895,chromosome
0,0.0005310177803039,Q250230,Q250230.4~A35.K_8,8,,normal,Q250230.4~A35.K_8L.png,Q250230.4~A35.K_8R.png,train,/data5/chensx/MyProject/UAE/data/arrangement_merged/chr_08/Q250230.4~A35.K_8L.png,/data5/chensx/MyProject/UAE/data/arrangement_merged/chr_08/Q250230.4~A35.K_8R.png,0,-0.9959188125318504,,0.0005310177803039,-1.4861159197475364,chromosome
0,0.0007936954498291,Q250230,Q250230.5~A21.K_8,8,,normal,Q250230.5~A21.K_8L.png,Q250230.5~A21.K_8R.png,train,/data5/chensx/MyProject/UAE/data/arrangement_merged/chr_08/Q250230.5~A21.K_8L.png,/data5/chensx/MyProject/UAE/data/arrangement_merged/chr_08/Q250230.5~A21.K_8R.png,0,-0.667221832206567,,0.0007936954498291,1.6134912517757822,chromosome
0,0.0006479024887084,Q250230,Q250230.5~A42.K_8,8,,normal,Q250230.5~A42.K_8L.png,Q250230.5~A42.K_8R.png,train,/data5/chensx/MyProject/UAE/data/arrangement_merged/chr_08/Q250230.5~A42.K_8L.png,/data5/chensx/MyProject/UAE/data/arrangement_merged/chr_08/Q250230.5~A42.K_8R.png,0,-0.8496572335852016,,0.0006479024887084,-0.1068716122018461,chromosome
0,0.0005732178688049,Q250230,Q250230.5~A46.K_8,8,,normal,Q250230.5~A46.K_8L.png,Q250230.5~A46.K_8R.png,train,/data5/chensx/MyProject/UAE/data/arrangement_merged/chr_08/Q250230.5~A46.K_8L.png,/data5/chensx/MyProject/UAE/data/arrangement_merged/chr_08/Q250230.5~A46.K_8R.png,0,-0.9431124903012398,,0.0005732178688049,-0.9881531610819407,chromosome
0,0.0005730390548706,Q250230,Q250230.5~A5.K_8,8,,normal,Q250230.5~A5.K_8L.png,Q250230.5~A5.K_8R.png,train,/data5/chensx/MyProject/UAE/data/arrangement_merged/chr_08/Q250230.5~A5.K_8L.png,/data5/chensx/MyProject/UAE/data/arrangement_merged/chr_08/Q250230.5~A5.K_8R.png,0,-0.943336245903912,,0.0005730390548706,-0.9902631727708909,chromosome
0,0.0006252527236938,Q250230,Q250230.5~A6.K_8,8,,normal,Q250230.5~A6.K_8L.png,Q250230.5~A6.K_8R.png,train,/data5/chensx/MyProject/UAE/data/arrangement_merged/chr_08/Q250230.5~A6.K_8L.png,/data5/chensx/MyProject/UAE/data/arrangement_merged/chr_08/Q250230.5~A6.K_8R.png,0,-0.877999609923665,,0.0006252527236938,-0.3741397595075203,chromosome
0,0.0005953907966613,Q251136,Q251136.12~A20.K_8,8,,normal,Q251136.12~A20.K_8L.png,Q251136.12~A20.K_8R.png,train,/data5/chensx/MyProject/UAE/data/arrangement_merged/chr_08/Q251136.12~A20.K_8L.png,/data5/chensx/MyProject/UAE/data/arrangement_merged/chr_08/Q251136.12~A20.K_8R.png,0,-0.7256306054083133,,0.0005953907966613,-0.7265117116142569,chromosome
0,0.0008031129837036,Q251136,Q251136.12~A23.K_8,8,,normal,Q251136.12~A23.K_8L.png,Q251136.12~A23.K_8R.png,train,/data5/chensx/MyProject/UAE/data/arrangement_merged/chr_08/Q251136.12~A23.K_8L.png,/data5/chensx/MyProject/UAE/data/arrangement_merged/chr_08/Q251136.12~A23.K_8R.png,0,-0.5212338700573441,,0.0008031129837036,1.7246185340766615,chromosome
0,0.0006932616233825,Q251136,Q251136.14~A16.K_8,8,,normal,Q251136.14~A16.K_8L.png,Q251136.14~A16.K_8R.png,train,/data5/chensx/MyProject/UAE/data/arrangement_merged/chr_08/Q251136.14~A16.K_8L.png,/data5/chensx/MyProject/UAE/data/arrangement_merged/chr_08/Q251136.14~A16.K_8R.png,0,-0.6293266055671967,,0.0006932616233825,0.428368019640723,chromosome
0,0.000701904296875,Q251136,Q251136.14~A17.K_8,8,,normal,Q251136.14~A17.K_8L.png,Q251136.14~A17.K_8R.png,train,/data5/chensx/MyProject/UAE/data/arrangement_merged/chr_08/Q251136.14~A17.K_8L.png,/data5/chensx/MyProject/UAE/data/arrangement_merged/chr_08/Q251136.14~A17.K_8R.png,0,-0.6208222937663672,,0.000701904296875,0.5303519179557553,chromosome
0,0.000659167766571,Q251136,Q251136.14~A18.K_8,8,,normal,Q251136.14~A18.K_8L.png,Q251136.14~A18.K_8R.png,train,/data5/chensx/MyProject/UAE/data/arrangement_merged/chr_08/Q251136.14~A18.K_8L.png,/data5/chensx/MyProject/UAE/data/arrangement_merged/chr_08/Q251136.14~A18.K_8R.png,0,-0.6628746493608134,,0.000659167766571,0.02605912422212689,chromosome
0,0.0005722045898437,Q251136,Q251136.14~A2.K_8,8,,normal,Q251136.14~A2.K_8L.png,Q251136.14~A2.K_8R.png,train,/data5/chensx/MyProject/UAE/data/arrangement_merged/chr_08/Q251136.14~A2.K_8L.png,/data5/chensx/MyProject/UAE/data/arrangement_merged/chr_08/Q251136.14~A2.K_8R.png,0,-0.7484456212050212,,0.0005722045898437,-1.0001098939879627,chromosome
0,0.0005984306335449,Q251136,Q251136.14~A31.K_8,8,,normal,Q251136.14~A31.K_8L.png,Q251136.14~A31.K_8R.png,train,/data5/chensx/MyProject/UAE/data/arrangement_merged/chr_08/Q251136.14~A31.K_8L.png,/data5/chensx/MyProject/UAE/data/arrangement_merged/chr_08/Q251136.14~A31.K_8R.png,0,-0.7226394336714699,,0.0005984306335449,-0.6906415128961899,chromosome
0,0.0006492137908935,Q251136,Q251136.14~A39.K_8,8,,normal,Q251136.14~A39.K_8L.png,Q251136.14~A39.K_8R.png,train,/data5/chensx/MyProject/UAE/data/arrangement_merged/chr_08/Q251136.14~A39.K_8L.png,/data5/chensx/MyProject/UAE/data/arrangement_merged/chr_08/Q251136.14~A39.K_8R.png,0,-0.6726692705383205,,0.0006492137908935,-0.09139819314678531,chromosome
0,0.0005747079849243,Q251136,Q251136.1~A12.K_8,8,,normal,Q251136.1~A12.K_8L.png,Q251136.1~A12.K_8R.png,train,/data5/chensx/MyProject/UAE/data/arrangement_merged/chr_08/Q251136.1~A12.K_8L.png,/data5/chensx/MyProject/UAE/data/arrangement_merged/chr_08/Q251136.1~A12.K_8R.png,0,-0.7459823033040913,,0.0005747079849243,-0.9705697303379285,chromosome
0,0.0006007552146911,Q251136,Q251136.1~A38.K_8,8,,normal,Q251136.1~A38.K_8L.png,Q251136.1~A38.K_8R.png,train,/data5/chensx/MyProject/UAE/data/arrangement_merged/chr_08/Q251136.1~A38.K_8L.png,/data5/chensx/MyProject/UAE/data/arrangement_merged/chr_08/Q251136.1~A38.K_8R.png,0,-0.7203520670491778,,0.0006007552146911,-0.6632113609362869,chromosome
0,0.0007126331329345,Q251136,Q251136.2~A15.K_8,8,,normal,Q251136.2~A15.K_8L.png,Q251136.2~A15.K_8R.png,train,/data5/chensx/MyProject/UAE/data/arrangement_merged/chr_08/Q251136.2~A15.K_8L.png,/data5/chensx/MyProject/UAE/data/arrangement_merged/chr_08/Q251136.2~A15.K_8R.png,0,-0.6102652170480962,,0.0007126331329345,0.6569526193105146,chromosome
0,0.0006159543991088,Q251136,Q251136.2~A2.K_8,8,,normal,Q251136.2~A2.K_8L.png,Q251136.2~A2.K_8R.png,train,/data5/chensx/MyProject/UAE/data/arrangement_merged/chr_08/Q251136.2~A2.K_8L.png,/data5/chensx/MyProject/UAE/data/arrangement_merged/chr_08/Q251136.2~A2.K_8R.png,0,-0.7053962083649605,,0.0006159543991088,-0.4838603673494919,chromosome
0,0.0006242394447326,Q251136,Q251136.2~A20.K_8,8,,normal,Q251136.2~A20.K_8L.png,Q251136.2~A20.K_8R.png,train,/data5/chensx/MyProject/UAE/data/arrangement_merged/chr_08/Q251136.2~A20.K_8L.png,/data5/chensx/MyProject/UAE/data/arrangement_merged/chr_08/Q251136.2~A20.K_8R.png,0,-0.6972437991214069,,0.0006242394447326,-0.3860964924135422,chromosome
0,0.0006346106529235,Q251136,Q251136.2~A25.K_8,8,,normal,Q251136.2~A25.K_8L.png,Q251136.2~A25.K_8R.png,train,/data5/chensx/MyProject/UAE/data/arrangement_merged/chr_08/Q251136.2~A25.K_8L.png,/data5/chensx/MyProject/UAE/data/arrangement_merged/chr_08/Q251136.2~A25.K_8R.png,0,-0.6870386249604116,,0.0006346106529235,-0.26371581443668457,chromosome
0,0.000771164894104,Q251136,Q251136.2~A36.K_8,8,,normal,Q251136.2~A36.K_8L.png,Q251136.2~A36.K_8R.png,train,/data5/chensx/MyProject/UAE/data/arrangement_merged/chr_08/Q251136.2~A36.K_8L.png,/data5/chensx/MyProject/UAE/data/arrangement_merged/chr_08/Q251136.2~A36.K_8R.png,0,-0.5526704985073067,,0.000771164894104,1.3476297789290157,chromosome
0,0.0005783438682556,Q251136,Q251136.2~A5.K_8,8,,normal,Q251136.2~A5.K_8L.png,Q251136.2~A5.K_8R.png,train,/data5/chensx/MyProject/UAE/data/arrangement_merged/chr_08/Q251136.2~A5.K_8L.png,/data5/chensx/MyProject/UAE/data/arrangement_merged/chr_08/Q251136.2~A5.K_8R.png,0,-0.7424046273051217,,0.0005783438682556,-0.9276661593229658,chromosome
0,0.0006516575813293,Q251136,Q251136.2~A7.K_8,8,,normal,Q251136.2~A7.K_8L.png,Q251136.2~A7.K_8R.png,train,/data5/chensx/MyProject/UAE/data/arrangement_merged/chr_08/Q251136.2~A7.K_8L.png,/data5/chensx/MyProject/UAE/data/arrangement_merged/chr_08/Q251136.2~A7.K_8R.png,0,-0.6702646030636031,,0.0006516575813293,-0.0625613667267961,chromosome
0,0.0007524490356445,Q251136,Q251136.3~A16.K_8,8,,normal,Q251136.3~A16.K_8L.png,Q251136.3~A16.K_8R.png,train,/data5/chensx/MyProject/UAE/data/arrangement_merged/chr_08/Q251136.3~A16.K_8L.png,/data5/chensx/MyProject/UAE/data/arrangement_merged/chr_08/Q251136.3~A16.K_8R.png,0,-0.5710867323380683,,0.0007524490356445,1.1267818887861647,chromosome
0,0.0007035732269287,Q251136,Q251136.3~A21.K_8,8,,normal,Q251136.3~A21.K_8L.png,Q251136.3~A21.K_8R.png,train,/data5/chensx/MyProject/UAE/data/arrangement_merged/chr_08/Q251136.3~A21.K_8L.png,/data5/chensx/MyProject/UAE/data/arrangement_merged/chr_08/Q251136.3~A21.K_8R.png,0,-0.619180081832414,,0.0007035732269287,0.5500453603887178,chromosome
0,0.0006872415542602,Q251136,Q251136.3~A23.K_8,8,,normal,Q251136.3~A23.K_8L.png,Q251136.3~A23.K_8R.png,train,/data5/chensx/MyProject/UAE/data/arrangement_merged/chr_08/Q251136.3~A23.K_8L.png,/data5/chensx/MyProject/UAE/data/arrangement_merged/chr_08/Q251136.3~A23.K_8R.png,0,-0.635250298614671,,0.0006872415542602,0.3573309594358136,chromosome
0,0.0005862712860107,Q251136,Q251136.3~A26.K_8,8,,normal,Q251136.3~A26.K_8L.png,Q251136.3~A26.K_8R.png,train,/data5/chensx/MyProject/UAE/data/arrangement_merged/chr_08/Q251136.3~A26.K_8L.png,/data5/chensx/MyProject/UAE/data/arrangement_merged/chr_08/Q251136.3~A26.K_8R.png,0,-0.7346041206188436,,0.0005862712860107,-0.8341223077660974,chromosome
0,0.0006167888641357,Q251136,Q251136.3~A32.K_8,8,,normal,Q251136.3~A32.K_8L.png,Q251136.3~A32.K_8R.png,train,/data5/chensx/MyProject/UAE/data/arrangement_merged/chr_08/Q251136.3~A32.K_8L.png,/data5/chensx/MyProject/UAE/data/arrangement_merged/chr_08/Q251136.3~A32.K_8R.png,0,-0.7045751023979839,,0.0006167888641357,-0.4740136461324202,chromosome
0,0.0007094144821166,Q251136,Q251136.3~A36.K_8,8,,normal,Q251136.3~A36.K_8L.png,Q251136.3~A36.K_8R.png,train,/data5/chensx/MyProject/UAE/data/arrangement_merged/chr_08/Q251136.3~A36.K_8L.png,/data5/chensx/MyProject/UAE/data/arrangement_merged/chr_08/Q251136.3~A36.K_8R.png,0,-0.6134323400635776,,0.0007094144821166,0.6189724089034975,chromosome
0,0.0009200572967529,Q251136,Q251136.3~A40.K_8,8,,normal,Q251136.3~A40.K_8L.png,Q251136.3~A40.K_8R.png,train,/data5/chensx/MyProject/UAE/data/arrangement_merged/chr_08/Q251136.3~A40.K_8L.png,/data5/chensx/MyProject/UAE/data/arrangement_merged/chr_08/Q251136.3~A40.K_8R.png,0,-0.4061617338281901,,0.0009200572967529,3.1045661788523944,chromosome
0,0.0006659030914306,Q251136,Q251136.3~A41.K_8,8,,normal,Q251136.3~A41.K_8L.png,Q251136.3~A41.K_8R.png,train,/data5/chensx/MyProject/UAE/data/arrangement_merged/chr_08/Q251136.3~A41.K_8L.png,/data5/chensx/MyProject/UAE/data/arrangement_merged/chr_08/Q251136.3~A41.K_8R.png,0,-0.6562471511987877,,0.0006659030914306,0.10553623118402061,chromosome
0,0.0006486773490905,Q251136,Q251136.4~A12.K_8,8,,normal,Q251136.4~A12.K_8L.png,Q251136.4~A12.K_8R.png,train,/data5/chensx/MyProject/UAE/data/arrangement_merged/chr_08/Q251136.4~A12.K_8L.png,/data5/chensx/MyProject/UAE/data/arrangement_merged/chr_08/Q251136.4~A12.K_8R.png,0,-0.673197124374234,,0.0006486773490905,-0.09772822821481938,chromosome
0,0.0006499290466308,Q251136,Q251136.4~A13.K_8,8,,normal,Q251136.4~A13.K_8L.png,Q251136.4~A13.K_8R.png,train,/data5/chensx/MyProject/UAE/data/arrangement_merged/chr_08/Q251136.4~A13.K_8L.png,/data5/chensx/MyProject/UAE/data/arrangement_merged/chr_08/Q251136.4~A13.K_8R.png,0,-0.671965465423769,,0.0006499290466308,-0.0829581463898023,chromosome
0,0.0005972385406494,Q251136,Q251136.4~A15.K_8,8,,normal,Q251136.4~A15.K_8L.png,Q251136.4~A15.K_8R.png,train,/data5/chensx/MyProject/UAE/data/arrangement_merged/chr_08/Q251136.4~A15.K_8L.png,/data5/chensx/MyProject/UAE/data/arrangement_merged/chr_08/Q251136.4~A15.K_8R.png,0,-0.7238124421957222,,0.0005972385406494,-0.7047082574911633,chromosome
0,0.0007382631301879,Q251136,Q251136.4~A16.K_8,8,,normal,Q251136.4~A16.K_8L.png,Q251136.4~A16.K_8R.png,train,/data5/chensx/MyProject/UAE/data/arrangement_merged/chr_08/Q251136.4~A16.K_8L.png,/data5/chensx/MyProject/UAE/data/arrangement_merged/chr_08/Q251136.4~A16.K_8R.png,0,-0.5850455337766711,,0.0007382631301879,0.9593876281042122,chromosome
0,0.0005378127098083,Q251136,Q251136.4~A19.K_8,8,,normal,Q251136.4~A19.K_8L.png,Q251136.4~A19.K_8R.png,train,/data5/chensx/MyProject/UAE/data/arrangement_merged/chr_08/Q251136.4~A19.K_8L.png,/data5/chensx/MyProject/UAE/data/arrangement_merged/chr_08/Q251136.4~A19.K_8R.png,0,-0.782286917129701,,0.0005378127098083,-1.4059354755555988,chromosome
0,0.0006782412528991,Q251136,Q251136.4~A2.K_8,8,,normal,Q251136.4~A2.K_8L.png,Q251136.4~A2.K_8R.png,train,/data5/chensx/MyProject/UAE/data/arrangement_merged/chr_08/Q251136.4~A2.K_8L.png,/data5/chensx/MyProject/UAE/data/arrangement_merged/chr_08/Q251136.4~A2.K_8R.png,0,-0.6441065129727761,,0.0006782412528991,0.2511270377428796,chromosome
0,0.0007153153419494,Q251136,Q251136.4~A36.K_8,8,,normal,Q251136.4~A36.K_8L.png,Q251136.4~A36.K_8R.png,train,/data5/chensx/MyProject/UAE/data/arrangement_merged/chr_08/Q251136.4~A36.K_8L.png,/data5/chensx/MyProject/UAE/data/arrangement_merged/chr_08/Q251136.4~A36.K_8R.png,0,-0.6076259478685285,,0.0007153153419494,0.6886027946495004,chromosome
0,0.0008561015129089,Q251136,Q251136.4~A5.K_8,8,,normal,Q251136.4~A5.K_8L.png,Q251136.4~A5.K_8R.png,train,/data5/chensx/MyProject/UAE/data/arrangement_merged/chr_08/Q251136.4~A5.K_8L.png,/data5/chensx/MyProject/UAE/data/arrangement_merged/chr_08/Q251136.4~A5.K_8R.png,0,-0.4690936411543279,,0.0008561015129089,2.34988533132706,chromosome
0,0.0004261136054992,165070,165070.11~A20.K_9,9,,normal,165070.11~A20.K_9L.png,165070.11~A20.K_9R.png,train,/data5/chensx/MyProject/UAE/data/arrangement_merged/chr_09/165070.11~A20.K_9L.png,/data5/chensx/MyProject/UAE/data/arrangement_merged/chr_09/165070.11~A20.K_9R.png,0,-1.1812181979913643,,0.0004261136054992,0.10396039547599946,chromosome
0,0.0003755092620849,165070,165070.11~A21.K_9,9,,normal,165070.11~A21.K_9L.png,165070.11~A21.K_9R.png,train,/data5/chensx/MyProject/UAE/data/arrangement_merged/chr_09/165070.11~A21.K_9L.png,/data5/chensx/MyProject/UAE/data/arrangement_merged/chr_09/165070.11~A21.K_9R.png,0,-1.2525083129978196,,0.0003755092620849,-0.39708279284586545,chromosome
0,0.000507652759552,165070,165070.11~A30.K_9,9,,normal,165070.11~A30.K_9L.png,165070.11~A30.K_9R.png,train,/data5/chensx/MyProject/UAE/data/arrangement_merged/chr_09/165070.11~A30.K_9L.png,/data5/chensx/MyProject/UAE/data/arrangement_merged/chr_09/165070.11~A30.K_9R.png,0,-1.066347906673543,,0.000507652759552,0.9112950028081,chromosome
0,0.0003139376640319,165070,165070.12~A1.K_9,9,,normal,165070.12~A1.K_9L.png,165070.12~A1.K_9R.png,train,/data5/chensx/MyProject/UAE/data/arrangement_merged/chr_09/165070.12~A1.K_9L.png,/data5/chensx/MyProject/UAE/data/arrangement_merged/chr_09/165070.12~A1.K_9R.png,0,-1.3392488180645663,,0.0003139376640319,-1.0067148464815958,chromosome
0,0.0003822445869445,165070,165070.12~A21.K_9,9,,normal,165070.12~A21.K_9L.png,165070.12~A21.K_9R.png,train,/data5/chensx/MyProject/UAE/data/arrangement_merged/chr_09/165070.12~A21.K_9L.png,/data5/chensx/MyProject/UAE/data/arrangement_merged/chr_09/165070.12~A21.K_9R.png,0,-1.2430197582325315,,0.0003822445869445,-0.33039506577847166,chromosome
0,0.0004185438156127,165070,165070.12~A41.K_9,9,,normal,165070.12~A41.K_9L.png,165070.12~A41.K_9R.png,train,/data5/chensx/MyProject/UAE/data/arrangement_merged/chr_09/165070.12~A41.K_9L.png,/data5/chensx/MyProject/UAE/data/arrangement_merged/chr_09/165070.12~A41.K_9R.png,0,-1.1918823259134137,,0.0004185438156127,0.029010472134305118,chromosome
0,0.0003710985183715,165070,165070.12~A5.K_9,9,,normal,165070.12~A5.K_9L.png,165070.12~A5.K_9R.png,train,/data5/chensx/MyProject/UAE/data/arrangement_merged/chr_09/165070.12~A5.K_9L.png,/data5/chensx/MyProject/UAE/data/arrangement_merged/chr_09/165070.12~A5.K_9R.png,0,-1.2587220568264152,,0.0003710985183715,-0.44075440172219077,chromosome
0,0.0003543496131896,165070,165070.12~A9.K_9,9,,normal,165070.12~A9.K_9L.png,165070.12~A9.K_9R.png,train,/data5/chensx/MyProject/UAE/data/arrangement_merged/chr_09/165070.12~A9.K_9L.png,/data5/chensx/MyProject/UAE/data/arrangement_merged/chr_09/165070.12~A9.K_9R.png,0,-1.282317489472839,,0.0003543496131896,-0.6065884840762433,chromosome
0,0.0003408789634704,165070,165070.13~A24.K_9,9,,normal,165070.13~A24.K_9L.png,165070.13~A24.K_9R.png,train,/data5/chensx/MyProject/UAE/data/arrangement_merged/chr_09/165070.13~A24.K_9L.png,/data5/chensx/MyProject/UAE/data/arrangement_merged/chr_09/165070.13~A24.K_9R.png,0,-1.3012945990034148,,0.0003408789634704,-0.7399639382110309,chromosome
0,0.0004396438598632,165070,165070.13~A25.K_9,9,,normal,165070.13~A25.K_9L.png,165070.13~A25.K_9R.png,train,/data5/chensx/MyProject/UAE/data/arrangement_merged/chr_09/165070.13~A25.K_9L.png,/data5/chensx/MyProject/UAE/data/arrangement_merged/chr_09/165070.13~A25.K_9R.png,0,-1.1621571189495916,,0.0004396438598632,0.23792600648773501,chromosome
0,0.0003333091735839,165070,165070.13~A26.K_9,9,,normal,165070.13~A26.K_9L.png,165070.13~A26.K_9R.png,train,/data5/chensx/MyProject/UAE/data/arrangement_merged/chr_09/165070.13~A26.K_9L.png,/data5/chensx/MyProject/UAE/data/arrangement_merged/chr_09/165070.13~A26.K_9R.png,0,-1.3119587269254642,,0.0003333091735839,-0.8149138615527253,chromosome
0,0.0003638267517089,165070,165070.13~A27.K_9,9,,normal,165070.13~A27.K_9L.png,165070.13~A27.K_9R.png,train,/data5/chensx/MyProject/UAE/data/arrangement_merged/chr_09/165070.13~A27.K_9L.png,/data5/chensx/MyProject/UAE/data/arrangement_merged/chr_09/165070.13~A27.K_9R.png,0,-1.2689663371924782,,0.0003638267517089,-0.5127535406801356,chromosome
0,0.0003787279129028,165070,165070.13~A28.K_9,9,,normal,165070.13~A28.K_9L.png,165070.13~A28.K_9R.png,train,/data5/chensx/MyProject/UAE/data/arrangement_merged/chr_09/165070.13~A28.K_9L.png,/data5/chensx/MyProject/UAE/data/arrangement_merged/chr_09/165070.13~A28.K_9R.png,0,-1.247973959393169,,0.0003787279129028,-0.36521432150354843,chromosome
0,0.0003540515899658,165070,165070.13~A3.K_9,9,,normal,165070.13~A3.K_9L.png,165070.13~A3.K_9R.png,train,/data5/chensx/MyProject/UAE/data/arrangement_merged/chr_09/165070.13~A3.K_9L.png,/data5/chensx/MyProject/UAE/data/arrangement_merged/chr_09/165070.13~A3.K_9R.png,0,-1.2827373370288253,,0.0003540515899658,-0.6095392684590031,chromosome
0,0.0003824234008789,165070,165070.13~A36.K_9,9,,normal,165070.13~A36.K_9L.png,165070.13~A36.K_9R.png,train,/data5/chensx/MyProject/UAE/data/arrangement_merged/chr_09/165070.13~A36.K_9L.png,/data5/chensx/MyProject/UAE/data/arrangement_merged/chr_09/165070.13~A36.K_9R.png,0,-1.24276784969894,,0.0003824234008789,-0.3286245951476278,chromosome
0,0.0006006956100463,165070,165070.13~A40.K_9,9,,normal,165070.13~A40.K_9L.png,165070.13~A40.K_9R.png,train,/data5/chensx/MyProject/UAE/data/arrangement_merged/chr_09/165070.13~A40.K_9L.png,/data5/chensx/MyProject/UAE/data/arrangement_merged/chr_09/165070.13~A40.K_9R.png,0,-0.9352714996946544,,0.0006006956100463,1.8325298873426366,chromosome
0,0.0004488229751586,165070,165070.13~A9.K_9,9,,normal,165070.13~A9.K_9L.png,165070.13~A9.K_9R.png,train,/data5/chensx/MyProject/UAE/data/arrangement_merged/chr_09/165070.13~A9.K_9L.png,/data5/chensx/MyProject/UAE/data/arrangement_merged/chr_09/165070.13~A9.K_9R.png,0,-1.149225814225217,,0.0004488229751586,0.3288101655000933,chromosome
0,0.0004297494888305,165070,165070.1~A9.K_9,9,,normal,165070.1~A9.K_9L.png,165070.1~A9.K_9R.png,train,/data5/chensx/MyProject/UAE/data/arrangement_merged/chr_09/165070.1~A9.K_9L.png,/data5/chensx/MyProject/UAE/data/arrangement_merged/chr_09/165070.1~A9.K_9R.png,0,-1.176096057808333,,0.0004297494888305,0.13995996495497215,chromosome
0,0.0003566741943359,165070,165070.2~A31.K_9,9,,normal,165070.2~A31.K_9L.png,165070.2~A31.K_9R.png,train,/data5/chensx/MyProject/UAE/data/arrangement_merged/chr_09/165070.2~A31.K_9L.png,/data5/chensx/MyProject/UAE/data/arrangement_merged/chr_09/165070.2~A31.K_9R.png,0,-1.2790426785361468,,0.0003566741943359,-0.583572365884185,chromosome
0,0.0005582571029663,165070,165070.3~A15.K_9,9,,normal,165070.3~A15.K_9L.png,165070.3~A15.K_9R.png,train,/data5/chensx/MyProject/UAE/data/arrangement_merged/chr_09/165070.3~A15.K_9L.png,/data5/chensx/MyProject/UAE/data/arrangement_merged/chr_09/165070.3~A15.K_9R.png,0,-0.995057791667088,,0.0005582571029663,1.4123381911299655,chromosome
0,0.0003595352172851,165070,165070.3~A2.K_9,9,,normal,165070.3~A2.K_9L.png,165070.3~A2.K_9R.png,train,/data5/chensx/MyProject/UAE/data/arrangement_merged/chr_09/165070.3~A2.K_9L.png,/data5/chensx/MyProject/UAE/data/arrangement_merged/chr_09/165070.3~A2.K_9R.png,0,-1.2750121419986795,,0.0003595352172851,-0.5552448358025655,chromosome
0,0.000410258769989,165070,165070.3~A30.K_9,9,,normal,165070.3~A30.K_9L.png,165070.3~A30.K_9R.png,train,/data5/chensx/MyProject/UAE/data/arrangement_merged/chr_09/165070.3~A30.K_9L.png,/data5/chensx/MyProject/UAE/data/arrangement_merged/chr_09/165070.3~A30.K_9R.png,0,-1.20355408796983,,0.000410258769989,-0.05302133372680409,chromosome
0,0.0006040930747985,165070,165070.3~A35.K_9,9,,normal,165070.3~A35.K_9L.png,165070.3~A35.K_9R.png,train,/data5/chensx/MyProject/UAE/data/arrangement_merged/chr_09/165070.3~A35.K_9L.png,/data5/chensx/MyProject/UAE/data/arrangement_merged/chr_09/165070.3~A35.K_9R.png,0,-0.930485237556412,,0.0006040930747985,1.866168829314807,chromosome
0,0.0005689859390258,165070,165070.3~A43.K_9,9,,normal,165070.3~A43.K_9L.png,165070.3~A43.K_9R.png,train,/data5/chensx/MyProject/UAE/data/arrangement_merged/chr_09/165070.3~A43.K_9L.png,/data5/chensx/MyProject/UAE/data/arrangement_merged/chr_09/165070.3~A43.K_9R.png,0,-0.979943279651585,,0.0005689859390258,1.5185664289360385,chromosome
0,0.0005739331245422,170215,170215.12~A1.K_9,9,,normal,170215.12~A1.K_9L.png,170215.12~A1.K_9R.png,train,/data5/chensx/MyProject/UAE/data/arrangement_merged/chr_09/170215.12~A1.K_9L.png,/data5/chensx/MyProject/UAE/data/arrangement_merged/chr_09/170215.12~A1.K_9R.png,0,-0.9927359872170208,,0.0005739331245422,1.5675494497029154,chromosome
0,0.0004902482032775,170215,170215.12~A24.K_9,9,,normal,170215.12~A24.K_9L.png,170215.12~A24.K_9R.png,train,/data5/chensx/MyProject/UAE/data/arrangement_merged/chr_09/170215.12~A24.K_9L.png,/data5/chensx/MyProject/UAE/data/arrangement_merged/chr_09/170215.12~A24.K_9R.png,0,-1.102585251646799,,0.0004902482032775,0.7389691948096,chromosome
0,0.0004841089248657,170215,170215.12~A31.K_9,9,,normal,170215.12~A31.K_9L.png,170215.12~A31.K_9R.png,train,/data5/chensx/MyProject/UAE/data/arrangement_merged/chr_09/170215.12~A31.K_9L.png,/data5/chensx/MyProject/UAE/data/arrangement_merged/chr_09/170215.12~A31.K_9R.png,0,-1.1106439939803228,,0.0004841089248657,0.6781830365097057,chromosome
0,0.0006823539733886,170215,170215.12~A33.K_9,9,,normal,170215.12~A33.K_9L.png,170215.12~A33.K_9R.png,train,/data5/chensx/MyProject/UAE/data/arrangement_merged/chr_09/170215.12~A33.K_9L.png,/data5/chensx/MyProject/UAE/data/arrangement_merged/chr_09/170215.12~A33.K_9R.png,0,-0.8504170328026571,,0.0006823539733886,2.6410448084276426,chromosome
0,0.0006622076034545,170215,170215.12~A44.K_9,9,,normal,170215.12~A44.K_9L.png,170215.12~A44.K_9R.png,train,/data5/chensx/MyProject/UAE/data/arrangement_merged/chr_09/170215.12~A44.K_9L.png,/data5/chensx/MyProject/UAE/data/arrangement_merged/chr_09/170215.12~A44.K_9R.png,0,-0.8768622260913075,,0.0006622076034545,2.441571784101419,chromosome
0,0.000422179698944,170215,170215.12~A47.K_9,9,,normal,170215.12~A47.K_9L.png,170215.12~A47.K_9R.png,train,/data5/chensx/MyProject/UAE/data/arrangement_merged/chr_09/170215.12~A47.K_9L.png,/data5/chensx/MyProject/UAE/data/arrangement_merged/chr_09/170215.12~A47.K_9R.png,0,-1.191935579267032,,0.000422179698944,0.06501004161327781,chromosome
0,0.0004005432128906,170215,170215.12~A48.K_9,9,,normal,170215.12~A48.K_9L.png,170215.12~A48.K_9R.png,train,/data5/chensx/MyProject/UAE/data/arrangement_merged/chr_09/170215.12~A48.K_9L.png,/data5/chensx/MyProject/UAE/data/arrangement_merged/chr_09/170215.12~A48.K_9R.png,0,-1.2203367779764405,,0.0004005432128906,-0.14921690462971338,chromosome
0,0.0003233551979064,170215,170215.12~A49.K_9,9,,normal,170215.12~A49.K_9L.png,170215.12~A49.K_9R.png,train,/data5/chensx/MyProject/UAE/data/arrangement_merged/chr_09/170215.12~A49.K_9L.png,/data5/chensx/MyProject/UAE/data/arrangement_merged/chr_09/170215.12~A49.K_9R.png,0,-1.3216578587717132,,0.0003233551979064,-0.9134700599624367,chromosome
0,0.0003034472465515,170215,170215.12~A6.K_9,9,,normal,170215.12~A6.K_9L.png,170215.12~A6.K_9R.png,train,/data5/chensx/MyProject/UAE/data/arrangement_merged/chr_09/170215.12~A6.K_9L.png,/data5/chensx/MyProject/UAE/data/arrangement_merged/chr_09/170215.12~A6.K_9R.png,0,-1.3477900911930425,,0.0003034472465515,-1.110582456780868,chromosome
0,0.0003579258918762,170215,170215.12~A7.K_9,9,,normal,170215.12~A7.K_9L.png,170215.12~A7.K_9R.png,train,/data5/chensx/MyProject/UAE/data/arrangement_merged/chr_09/170215.12~A7.K_9L.png,/data5/chensx/MyProject/UAE/data/arrangement_merged/chr_09/170215.12~A7.K_9R.png,0,-1.2762785330101238,,0.0003579258918762,-0.5711790714732289,chromosome
0,0.0003731250762939,170215,170215.13~A21.K_9,9,,normal,170215.13~A21.K_9L.png,170215.13~A21.K_9R.png,train,/data5/chensx/MyProject/UAE/data/arrangement_merged/chr_09/170215.13~A21.K_9L.png,/data5/chensx/MyProject/UAE/data/arrangement_merged/chr_09/170215.13~A21.K_9R.png,0,-1.2563272777183905,,0.0003731250762939,-0.42068906791388194,chromosome
0,0.0003941059112548,170215,170215.13~A36.K_9,9,,normal,170215.13~A36.K_9L.png,170215.13~A36.K_9R.png,train,/data5/chensx/MyProject/UAE/data/arrangement_merged/chr_09/170215.13~A36.K_9L.png,/data5/chensx/MyProject/UAE/data/arrangement_merged/chr_09/170215.13~A36.K_9R.png,0,-1.2287867213941157,,0.0003941059112548,-0.21295384731434797,chromosome
0,0.0004259347915649,170215,170215.13~A44.K_9,9,,normal,170215.13~A44.K_9L.png,170215.13~A44.K_9R.png,train,/data5/chensx/MyProject/UAE/data/arrangement_merged/chr_09/170215.13~A44.K_9L.png,/data5/chensx/MyProject/UAE/data/arrangement_merged/chr_09/170215.13~A44.K_9R.png,0,-1.1870064456067213,,0.0004259347915649,0.10218992484614588,chromosome
0,0.0003803968429565,170215,170215.13~A47.K_9,9,,normal,170215.13~A47.K_9L.png,170215.13~A47.K_9R.png,train,/data5/chensx/MyProject/UAE/data/arrangement_merged/chr_09/170215.13~A47.K_9L.png,/data5/chensx/MyProject/UAE/data/arrangement_merged/chr_09/170215.13~A47.K_9R.png,0,-1.2467819712650907,,0.0003803968429565,-0.34868992895593715,chromosome
0,0.0004842281341552,170215,170215.13~A5.K_9,9,,normal,170215.13~A5.K_9L.png,170215.13~A5.K_9R.png,train,/data5/chensx/MyProject/UAE/data/arrangement_merged/chr_09/170215.13~A5.K_9L.png,/data5/chensx/MyProject/UAE/data/arrangement_merged/chr_09/170215.13~A5.K_9R.png,0,-1.110487513546662,,0.0004842281341552,0.6793633502626113,chromosome
0,0.000311255455017,170215,170215.1~A9.K_9,9,,normal,170215.1~A9.K_9L.png,170215.1~A9.K_9R.png,train,/data5/chensx/MyProject/UAE/data/arrangement_merged/chr_09/170215.1~A9.K_9L.png,/data5/chensx/MyProject/UAE/data/arrangement_merged/chr_09/170215.1~A9.K_9R.png,0,-1.3375406227882694,,0.000311255455017,-1.033271905933362,chromosome
0,0.0003124475479125,170215,170215.2~A19.K_9,9,,normal,170215.2~A19.K_9L.png,170215.2~A19.K_9R.png,train,/data5/chensx/MyProject/UAE/data/arrangement_merged/chr_09/170215.2~A19.K_9L.png,/data5/chensx/MyProject/UAE/data/arrangement_merged/chr_09/170215.2~A19.K_9R.png,0,-1.3359758184516628,,0.0003124475479125,-1.0214687683993537,chromosome
0,0.0003046989440917,170215,170215.2~A2.K_9,9,,normal,170215.2~A2.K_9L.png,170215.2~A2.K_9R.png,train,/data5/chensx/MyProject/UAE/data/arrangement_merged/chr_09/170215.2~A2.K_9L.png,/data5/chensx/MyProject/UAE/data/arrangement_merged/chr_09/170215.2~A2.K_9R.png,0,-1.3461470466396053,,0.0003046989440917,-1.0981891623709021,chromosome
0,0.0004278421401977,170215,170215.2~A23.K_9,9,,normal,170215.2~A23.K_9L.png,170215.2~A23.K_9R.png,train,/data5/chensx/MyProject/UAE/data/arrangement_merged/chr_09/170215.2~A23.K_9L.png,/data5/chensx/MyProject/UAE/data/arrangement_merged/chr_09/170215.2~A23.K_9R.png,0,-1.184502758668151,,0.0004278421401977,0.12107494490055928,chromosome
0,0.0003080964088439,170215,170215.2~A33.K_9,9,,normal,170215.2~A33.K_9L.png,170215.2~A33.K_9R.png,train,/data5/chensx/MyProject/UAE/data/arrangement_merged/chr_09/170215.2~A33.K_9L.png,/data5/chensx/MyProject/UAE/data/arrangement_merged/chr_09/170215.2~A33.K_9R.png,0,-1.3416873542802767,,0.0003080964088439,-1.0645502203987316,chromosome
0,0.0004167556762695,170215,170215.2~A4.K_9,9,,normal,170215.2~A4.K_9L.png,170215.2~A4.K_9R.png,train,/data5/chensx/MyProject/UAE/data/arrangement_merged/chr_09/170215.2~A4.K_9L.png,/data5/chensx/MyProject/UAE/data/arrangement_merged/chr_09/170215.2~A4.K_9R.png,0,-1.1990554389985917,,0.0004167556762695,0.01130576583378817,chromosome
0,0.0003935098648071,170215,170215.3~A32.K_9,9,,normal,170215.3~A32.K_9L.png,170215.3~A32.K_9R.png,train,/data5/chensx/MyProject/UAE/data/arrangement_merged/chr_09/170215.3~A32.K_9L.png,/data5/chensx/MyProject/UAE/data/arrangement_merged/chr_09/170215.3~A32.K_9R.png,0,-1.2295691235624189,,0.0003935098648071,-0.21885541608085668,chromosome
0,0.0003661513328552,170215,170215.3~A33.K_9,9,,normal,170215.3~A33.K_9L.png,170215.3~A33.K_9R.png,train,/data5/chensx/MyProject/UAE/data/arrangement_merged/chr_09/170215.3~A33.K_9L.png,/data5/chensx/MyProject/UAE/data/arrangement_merged/chr_09/170215.3~A33.K_9R.png,0,-1.2654813830875389,,0.0003661513328552,-0.4897374224880773,chromosome
0,0.0003347992897033,170215,170215.3~A38.K_9,9,,normal,170215.3~A38.K_9L.png,170215.3~A38.K_9R.png,train,/data5/chensx/MyProject/UAE/data/arrangement_merged/chr_09/170215.3~A38.K_9L.png,/data5/chensx/MyProject/UAE/data/arrangement_merged/chr_09/170215.3~A38.K_9R.png,0,-1.3066357371402906,,0.0003347992897033,-0.8001599396349676,chromosome
0,0.0003156661987304,170215,170215.3~A41.K_9,9,,normal,170215.3~A41.K_9L.png,170215.3~A41.K_9R.png,train,/data5/chensx/MyProject/UAE/data/arrangement_merged/chr_09/170215.3~A41.K_9L.png,/data5/chensx/MyProject/UAE/data/arrangement_merged/chr_09/170215.3~A41.K_9R.png,0,-1.3317508467428252,,0.0003156661987304,-0.9896002970570366,chromosome
0,0.0004591941833496,170215,170215.3~A47.K_9,9,,normal,170215.3~A47.K_9L.png,170215.3~A47.K_9R.png,train,/data5/chensx/MyProject/UAE/data/arrangement_merged/chr_09/170215.3~A47.K_9L.png,/data5/chensx/MyProject/UAE/data/arrangement_merged/chr_09/170215.3~A47.K_9R.png,0,-1.1433484046153992,,0.0004591941833496,0.43149746204744954,chromosome
0,0.00043785572052,179083,179083.12~A20.K_9,9,,normal,179083.12~A20.K_9L.png,179083.12~A20.K_9R.png,train,/data5/chensx/MyProject/UAE/data/arrangement_merged/chr_09/179083.12~A20.K_9L.png,/data5/chensx/MyProject/UAE/data/arrangement_merged/chr_09/179083.12~A20.K_9R.png,0,-1.135020826922187,,0.00043785572052,0.22022130018721808,chromosome
0,0.0003666877746582,179083,179083.12~A37.K_9,9,,normal,179083.12~A37.K_9L.png,179083.12~A37.K_9R.png,train,/data5/chensx/MyProject/UAE/data/arrangement_merged/chr_09/179083.12~A37.K_9L.png,/data5/chensx/MyProject/UAE/data/arrangement_merged/chr_09/179083.12~A37.K_9R.png,0,-1.2420400731590302,,0.0003666877746582,-0.48442601059752627,chromosome
0,0.000368595123291,179083,179083.12~A39.K_9,9,,normal,179083.12~A39.K_9L.png,179083.12~A39.K_9R.png,train,/data5/chensx/MyProject/UAE/data/arrangement_merged/chr_09/179083.12~A39.K_9L.png,/data5/chensx/MyProject/UAE/data/arrangement_merged/chr_09/179083.12~A39.K_9R.png,0,-1.2391718856551952,,0.000368595123291,-0.4655409905431129,chromosome
0,0.0004690289497375,179083,179083.12~A47.K_9,9,,normal,179083.12~A47.K_9L.png,179083.12~A47.K_9R.png,train,/data5/chensx/MyProject/UAE/data/arrangement_merged/chr_09/179083.12~A47.K_9L.png,/data5/chensx/MyProject/UAE/data/arrangement_merged/chr_09/179083.12~A47.K_9R.png,0,-1.088143887406384,,0.0004690289497375,0.5288733467032645,chromosome
0,0.0005717873573303,179083,179083.12~A9.K_9,9,,normal,179083.12~A9.K_9L.png,179083.12~A9.K_9R.png,train,/data5/chensx/MyProject/UAE/data/arrangement_merged/chr_09/179083.12~A9.K_9L.png,/data5/chensx/MyProject/UAE/data/arrangement_merged/chr_09/179083.12~A9.K_9R.png,0,-0.9336202856372738,,0.0005717873573303,1.546303802141701,chromosome
0,0.0004835128784179,179083,179083.13~A11.K_9,9,,normal,179083.13~A11.K_9L.png,179083.13~A11.K_9R.png,train,/data5/chensx/MyProject/UAE/data/arrangement_merged/chr_09/179083.13~A11.K_9L.png,/data5/chensx/MyProject/UAE/data/arrangement_merged/chr_09/179083.13~A11.K_9R.png,0,-1.066363588549137,,0.0004835128784179,0.6722814677422067,chromosome
0,0.0003817677497863,179083,179083.13~A13.K_9,9,,normal,179083.13~A13.K_9L.png,179083.13~A13.K_9R.png,train,/data5/chensx/MyProject/UAE/data/arrangement_merged/chr_09/179083.13~A13.K_9L.png,/data5/chensx/MyProject/UAE/data/arrangement_merged/chr_09/179083.13~A13.K_9R.png,0,-1.2193634657068348,,0.0003817677497863,-0.3351163207920753,chromosome
0,0.0003273487091064,179083,179083.13~A14.K_9,9,,normal,179083.13~A14.K_9L.png,179083.13~A14.K_9R.png,train,/data5/chensx/MyProject/UAE/data/arrangement_merged/chr_09/179083.13~A14.K_9L.png,/data5/chensx/MyProject/UAE/data/arrangement_merged/chr_09/179083.13~A14.K_9R.png,0,-1.3011964404256269,,0.0003273487091064,-0.8739295492227664,chromosome
0,0.000436246395111,179083,179083.13~A2.K_9,9,,normal,179083.13~A2.K_9L.png,179083.13~A2.K_9R.png,train,/data5/chensx/MyProject/UAE/data/arrangement_merged/chr_09/179083.13~A2.K_9L.png,/data5/chensx/MyProject/UAE/data/arrangement_merged/chr_09/179083.13~A2.K_9R.png,0,-1.137440860128548,,0.000436246395111,0.20428706451556441,chromosome
0,0.000422716140747,179083,179083.13~A22.K_9,9,,normal,179083.13~A22.K_9L.png,179083.13~A22.K_9R.png,train,/data5/chensx/MyProject/UAE/data/arrangement_merged/chr_09/179083.13~A22.K_9L.png,/data5/chensx/MyProject/UAE/data/arrangement_merged/chr_09/179083.13~A22.K_9R.png,0,-1.1577870652338773,,0.000422716140747,0.07032145350382885,chromosome
0,0.0005905032157897,179083,179083.13~A26.K_9,9,,normal,179083.13~A26.K_9L.png,179083.13~A26.K_9R.png,train,/data5/chensx/MyProject/UAE/data/arrangement_merged/chr_09/179083.13~A26.K_9L.png,/data5/chensx/MyProject/UAE/data/arrangement_merged/chr_09/179083.13~A26.K_9R.png,0,-0.905476195755893,,0.0005905032157897,1.7316130614261247,chromosome
0,0.0003787875175476,179083,179083.13~A34.K_9,9,,normal,179083.13~A34.K_9L.png,179083.13~A34.K_9R.png,train,/data5/chensx/MyProject/UAE/data/arrangement_merged/chr_09/179083.13~A34.K_9L.png,/data5/chensx/MyProject/UAE/data/arrangement_merged/chr_09/179083.13~A34.K_9R.png,0,-1.2238450086815769,,0.0003787875175476,-0.36462416462660047,chromosome
0,0.0005799531936645,179083,179083.13~A39.K_9,9,,normal,179083.13~A39.K_9L.png,179083.13~A39.K_9R.png,train,/data5/chensx/MyProject/UAE/data/arrangement_merged/chr_09/179083.13~A39.K_9L.png,/data5/chensx/MyProject/UAE/data/arrangement_merged/chr_09/179083.13~A39.K_9R.png,0,-0.9213408578864803,,0.0005799531936645,1.6271552942499046,chromosome
0,0.0003581047058105,179083,179083.14~A14.K_9,9,,normal,179083.14~A14.K_9L.png,179083.14~A14.K_9R.png,train,/data5/chensx/MyProject/UAE/data/arrangement_merged/chr_09/179083.14~A14.K_9L.png,/data5/chensx/MyProject/UAE/data/arrangement_merged/chr_09/179083.14~A14.K_9R.png,0,-1.2549469169262877,,0.0003581047058105,-0.5694086008433753,chromosome
0,0.0005158185958862,179083,179083.14~A18.K_9,9,,normal,179083.14~A18.K_9L.png,179083.14~A18.K_9R.png,train,/data5/chensx/MyProject/UAE/data/arrangement_merged/chr_09/179083.14~A18.K_9L.png,/data5/chensx/MyProject/UAE/data/arrangement_merged/chr_09/179083.14~A18.K_9R.png,0,-1.017783662702932,,0.0005158185958862,0.9921464949163036,chromosome
0,0.0004082322120666,179083,179083.14~A2.K_9,9,,normal,179083.14~A2.K_9L.png,179083.14~A2.K_9R.png,train,/data5/chensx/MyProject/UAE/data/arrangement_merged/chr_09/179083.14~A2.K_9L.png,/data5/chensx/MyProject/UAE/data/arrangement_merged/chr_09/179083.14~A2.K_9R.png,0,-1.1795673640911244,,0.0004082322120666,-0.07308666753511342,chromosome
0,0.0003924965858459,179083,179083.14~A27.K_9,9,,normal,179083.14~A27.K_9L.png,179083.14~A27.K_9R.png,train,/data5/chensx/MyProject/UAE/data/arrangement_merged/chr_09/179083.14~A27.K_9L.png,/data5/chensx/MyProject/UAE/data/arrangement_merged/chr_09/179083.14~A27.K_9R.png,0,-1.2032299109977629,,0.0003924965858459,-0.22888808298501134,chromosome
0,0.0003491044044494,179083,179083.14~A28.K_9,9,,normal,179083.14~A28.K_9L.png,179083.14~A28.K_9R.png,train,/data5/chensx/MyProject/UAE/data/arrangement_merged/chr_09/179083.14~A28.K_9L.png,/data5/chensx/MyProject/UAE/data/arrangement_merged/chr_09/179083.14~A28.K_9R.png,0,-1.268481176710009,,0.0003491044044494,-0.6585222892258794,chromosome
0,0.0003615021705627,179083,179083.14~A39.K_9,9,,normal,179083.14~A39.K_9L.png,179083.14~A39.K_9R.png,train,/data5/chensx/MyProject/UAE/data/arrangement_merged/chr_09/179083.14~A39.K_9L.png,/data5/chensx/MyProject/UAE/data/arrangement_merged/chr_09/179083.14~A39.K_9R.png,0,-1.2498379579350816,,0.0003615021705627,-0.5357696588712041,chromosome
0,0.0003604888916015,179083,179083.14~A44.K_9,9,,normal,179083.14~A44.K_9L.png,179083.14~A44.K_9R.png,train,/data5/chensx/MyProject/UAE/data/arrangement_merged/chr_09/179083.14~A44.K_9L.png,/data5/chensx/MyProject/UAE/data/arrangement_merged/chr_09/179083.14~A44.K_9R.png,0,-1.251361682546494,,0.0003604888916015,-0.5458023257753588,chromosome
0,0.0003811120986938,179083,179083.14~A7.K_9,9,,normal,179083.14~A7.K_9L.png,179083.14~A7.K_9R.png,train,/data5/chensx/MyProject/UAE/data/arrangement_merged/chr_09/179083.14~A7.K_9L.png,/data5/chensx/MyProject/UAE/data/arrangement_merged/chr_09/179083.14~A7.K_9R.png,0,-1.220349405161278,,0.0003811120986938,-0.34160804643553194,chromosome
0,0.0005480647087097,179083,179083.1~A24.K_9,9,,normal,179083.1~A24.K_9L.png,179083.1~A24.K_9R.png,train,/data5/chensx/MyProject/UAE/data/arrangement_merged/chr_09/179083.1~A24.K_9L.png,/data5/chensx/MyProject/UAE/data/arrangement_merged/chr_09/179083.1~A24.K_9R.png,0,-0.9692933677162217,,0.0005480647087097,1.3114213652134525,chromosome
0,0.0003914833068847,179083,179083.2~A1.K_9,9,,normal,179083.2~A1.K_9L.png,179083.2~A1.K_9R.png,train,/data5/chensx/MyProject/UAE/data/arrangement_merged/chr_09/179083.2~A1.K_9L.png,/data5/chensx/MyProject/UAE/data/arrangement_merged/chr_09/179083.2~A1.K_9R.png,0,-1.2047536356091753,,0.0003914833068847,-0.238920749889166,chromosome
0,0.0003708600997924,179083,179083.2~A12.K_9,9,,normal,179083.2~A12.K_9L.png,179083.2~A12.K_9R.png,train,/data5/chensx/MyProject/UAE/data/arrangement_merged/chr_09/179083.2~A12.K_9L.png,/data5/chensx/MyProject/UAE/data/arrangement_merged/chr_09/179083.2~A12.K_9R.png,0,-1.2357659129943912,,0.0003708600997924,-0.44311502922899226,chromosome
0,0.0004006624221801,179083,179083.2~A14.K_9,9,,normal,179083.2~A14.K_9L.png,179083.2~A14.K_9R.png,train,/data5/chensx/MyProject/UAE/data/arrangement_merged/chr_09/179083.2~A14.K_9L.png,/data5/chensx/MyProject/UAE/data/arrangement_merged/chr_09/179083.2~A14.K_9R.png,0,-1.1909504832469695,,0.0004006624221801,-0.14803659087680776,chromosome
0,0.0004357099533081,179083,179083.2~A18.K_9,9,,normal,179083.2~A18.K_9L.png,179083.2~A18.K_9R.png,train,/data5/chensx/MyProject/UAE/data/arrangement_merged/chr_09/179083.2~A18.K_9L.png,/data5/chensx/MyProject/UAE/data/arrangement_merged/chr_09/179083.2~A18.K_9R.png,0,-1.1382475378640016,,0.0004357099533081,0.1989756526260031,chromosome
0,0.0003800988197326,179083,179083.2~A20.K_9,9,,normal,179083.2~A20.K_9L.png,179083.2~A20.K_9R.png,train,/data5/chensx/MyProject/UAE/data/arrangement_merged/chr_09/179083.2~A20.K_9L.png,/data5/chensx/MyProject/UAE/data/arrangement_merged/chr_09/179083.2~A20.K_9R.png,0,-1.2218731297726904,,0.0003800988197326,-0.3516407133396866,chromosome
0,0.000553011894226,179083,179083.2~A26.K_9,9,,normal,179083.2~A26.K_9L.png,179083.2~A26.K_9R.png,train,/data5/chensx/MyProject/UAE/data/arrangement_merged/chr_09/179083.2~A26.K_9L.png,/data5/chensx/MyProject/UAE/data/arrangement_merged/chr_09/179083.2~A26.K_9R.png,0,-0.9618540063781496,,0.000553011894226,1.3604043859793387,chromosome
0,0.0004138946533203,179083,179083.2~A3.K_9,9,,normal,179083.2~A3.K_9L.png,179083.2~A3.K_9R.png,train,/data5/chensx/MyProject/UAE/data/arrangement_merged/chr_09/179083.2~A3.K_9L.png,/data5/chensx/MyProject/UAE/data/arrangement_merged/chr_09/179083.2~A3.K_9R.png,0,-1.171052432439114,,0.0004138946533203,-0.017021764247831937,chromosome
0,0.0003618001937866,179083,179083.2~A31.K_9,9,,normal,179083.2~A31.K_9L.png,179083.2~A31.K_9R.png,train,/data5/chensx/MyProject/UAE/data/arrangement_merged/chr_09/179083.2~A31.K_9L.png,/data5/chensx/MyProject/UAE/data/arrangement_merged/chr_09/179083.2~A31.K_9R.png,0,-1.2493898036376074,,0.0003618001937866,-0.5328188744874546,chromosome
0,0.000514805316925,179083,179083.2~A35.K_9,9,,normal,179083.2~A35.K_9L.png,179083.2~A35.K_9R.png,train,/data5/chensx/MyProject/UAE/data/arrangement_merged/chr_09/179083.2~A35.K_9L.png,/data5/chensx/MyProject/UAE/data/arrangement_merged/chr_09/179083.2~A35.K_9R.png,0,-1.019307387314344,,0.000514805316925,0.9821138280121495,chromosome
0,0.0004477500915527,179083,179083.2~A38.K_9,9,,normal,179083.2~A38.K_9L.png,179083.2~A38.K_9R.png,train,/data5/chensx/MyProject/UAE/data/arrangement_merged/chr_09/179083.2~A38.K_9L.png,/data5/chensx/MyProject/UAE/data/arrangement_merged/chr_09/179083.2~A38.K_9R.png,0,-1.120142104246043,,0.0004477500915527,0.3181873417199809,chromosome
0,0.0003514289855957,179083,179083.3~A1.K_9,9,,normal,179083.3~A1.K_9L.png,179083.3~A1.K_9R.png,train,/data5/chensx/MyProject/UAE/data/arrangement_merged/chr_09/179083.3~A1.K_9L.png,/data5/chensx/MyProject/UAE/data/arrangement_merged/chr_09/179083.3~A1.K_9R.png,0,-1.2649855731897102,,0.0003514289855957,-0.6355061710338211,chromosome
0,0.0004159212112426,179083,179083.3~A24.K_9,9,,normal,179083.3~A24.K_9L.png,179083.3~A24.K_9R.png,train,/data5/chensx/MyProject/UAE/data/arrangement_merged/chr_09/179083.3~A24.K_9L.png,/data5/chensx/MyProject/UAE/data/arrangement_merged/chr_09/179083.3~A24.K_9R.png,0,-1.1680049832162895,,0.0004159212112426,0.00304356955948709,chromosome
0,0.0004025101661682,179083,179083.3~A27.K_9,9,,normal,179083.3~A27.K_9L.png,179083.3~A27.K_9R.png,train,/data5/chensx/MyProject/UAE/data/arrangement_merged/chr_09/179083.3~A27.K_9L.png,/data5/chensx/MyProject/UAE/data/arrangement_merged/chr_09/179083.3~A27.K_9R.png,0,-1.1881719266026292,,0.0004025101661682,-0.12974172769835254,chromosome
0,0.0005564093589782,179083,179083.4~A34.K_9,9,,normal,179083.4~A34.K_9L.png,179083.4~A34.K_9R.png,train,/data5/chensx/MyProject/UAE/data/arrangement_merged/chr_09/179083.4~A34.K_9L.png,/data5/chensx/MyProject/UAE/data/arrangement_merged/chr_09/179083.4~A34.K_9R.png,0,-0.9567450473869435,,0.0005564093589782,1.3940433279515103,chromosome
0,0.0004261136054992,180371,180371.11~A18.K_9,9,,normal,180371.11~A18.K_9L.png,180371.11~A18.K_9R.png,train,/data5/chensx/MyProject/UAE/data/arrangement_merged/chr_09/180371.11~A18.K_9L.png,/data5/chensx/MyProject/UAE/data/arrangement_merged/chr_09/180371.11~A18.K_9R.png,0,-1.1758054297770646,,0.0004261136054992,0.10396039547599946,chromosome
0,0.0006207823753356,180371,180371.11~A42.K_9,9,,normal,180371.11~A42.K_9L.png,180371.11~A42.K_9R.png,train,/data5/chensx/MyProject/UAE/data/arrangement_merged/chr_09/180371.11~A42.K_9L.png,/data5/chensx/MyProject/UAE/data/arrangement_merged/chr_09/180371.11~A42.K_9R.png,0,-0.8965559356620479,,0.0006207823753356,2.0314127547919125,chromosome
0,0.0004060864448547,180371,180371.11~A50.K_9,9,,normal,180371.11~A50.K_9L.png,180371.11~A50.K_9R.png,train,/data5/chensx/MyProject/UAE/data/arrangement_merged/chr_09/180371.11~A50.K_9L.png,/data5/chensx/MyProject/UAE/data/arrangement_merged/chr_09/180371.11~A50.K_9R.png,0,-1.2045340978795278,,0.0004060864448547,-0.09433231509632782,chromosome
0,0.0003737211227416,180371,180371.13~A44.K_9,9,,normal,180371.13~A44.K_9L.png,180371.13~A44.K_9R.png,train,/data5/chensx/MyProject/UAE/data/arrangement_merged/chr_09/180371.13~A44.K_9L.png,/data5/chensx/MyProject/UAE/data/arrangement_merged/chr_09/180371.13~A44.K_9R.png,0,-1.2509616775808303,,0.0003737211227416,-0.41478749914737273,chromosome
0,0.000385046005249,180371,180371.14~A1.K_9,9,,normal,180371.14~A1.K_9L.png,180371.14~A1.K_9R.png,train,/data5/chensx/MyProject/UAE/data/arrangement_merged/chr_09/180371.14~A1.K_9L.png,/data5/chensx/MyProject/UAE/data/arrangement_merged/chr_09/180371.14~A1.K_9R.png,0,-1.2347162997847945,,0.000385046005249,-0.3026576925728098,chromosome
0,0.000430405139923,180371,180371.1~A15.K_9,9,,normal,180371.1~A15.K_9L.png,180371.1~A15.K_9R.png,train,/data5/chensx/MyProject/UAE/data/arrangement_merged/chr_09/180371.1~A15.K_9L.png,/data5/chensx/MyProject/UAE/data/arrangement_merged/chr_09/180371.1~A15.K_9R.png,0,-1.169649286612251,,0.000430405139923,0.14645169059842936,chromosome
0,0.0003873109817504,180371,180371.1~A25.K_9,9,,normal,180371.1~A25.K_9L.png,180371.1~A25.K_9R.png,train,/data5/chensx/MyProject/UAE/data/arrangement_merged/chr_09/180371.1~A25.K_9L.png,/data5/chensx/MyProject/UAE/data/arrangement_merged/chr_09/180371.1~A25.K_9R.png,0,-1.2314672242255873,,0.0003873109817504,-0.2802317312586897,chromosome
0,0.0004503726959228,180371,180371.1~A33.K_9,9,,normal,180371.1~A33.K_9L.png,180371.1~A33.K_9R.png,train,/data5/chensx/MyProject/UAE/data/arrangement_merged/chr_09/180371.1~A33.K_9L.png,/data5/chensx/MyProject/UAE/data/arrangement_merged/chr_09/180371.1~A33.K_9R.png,0,-1.1410061204981876,,0.0004503726959228,0.34415424429479896,chromosome
0,0.0004991888999938,180371,180371.1~A35.K_9,9,,normal,180371.1~A35.K_9L.png,180371.1~A35.K_9R.png,train,/data5/chensx/MyProject/UAE/data/arrangement_merged/chr_09/180371.1~A35.K_9L.png,/data5/chensx/MyProject/UAE/data/arrangement_merged/chr_09/180371.1~A35.K_9R.png,0,-1.070979991998433,,0.0004991888999938,0.8274927263151567,chromosome
0,0.000383973121643,180371,180371.2~A15.K_9,9,,normal,180371.2~A15.K_9L.png,180371.2~A15.K_9R.png,train,/data5/chensx/MyProject/UAE/data/arrangement_merged/chr_09/180371.2~A15.K_9L.png,/data5/chensx/MyProject/UAE/data/arrangement_merged/chr_09/180371.2~A15.K_9R.png,0,-1.236255335575998,,0.000383973121643,-0.3132805163539124,chromosome
0,0.0003336668014526,180371,180371.2~A16.K_9,9,,normal,180371.2~A16.K_9L.png,180371.2~A16.K_9R.png,train,/data5/chensx/MyProject/UAE/data/arrangement_merged/chr_09/180371.2~A16.K_9L.png,/data5/chensx/MyProject/UAE/data/arrangement_merged/chr_09/180371.2~A16.K_9R.png,0,-1.3084190137857572,,0.0003336668014526,-0.8113729202920278,chromosome
0,0.0005918145179748,180371,180371.2~A21.K_9,9,,normal,180371.2~A21.K_9L.png,180371.2~A21.K_9R.png,train,/data5/chensx/MyProject/UAE/data/arrangement_merged/chr_09/180371.2~A21.K_9L.png,/data5/chensx/MyProject/UAE/data/arrangement_merged/chr_09/180371.2~A21.K_9R.png,0,-0.9381099020245396,,0.0005918145179748,1.7445965127140277,chromosome
0,0.0004613399505615,180371,180371.2~A41.K_9,9,,normal,180371.2~A41.K_9L.png,180371.2~A41.K_9R.png,train,/data5/chensx/MyProject/UAE/data/arrangement_merged/chr_09/180371.2~A41.K_9L.png,/data5/chensx/MyProject/UAE/data/arrangement_merged/chr_09/180371.2~A41.K_9R.png,0,-1.1252737546325529,,0.0004613399505615,0.4527431096086645,chromosome
0,0.0003988146781921,180371,180371.2~A49.K_9,9,,normal,180371.2~A49.K_9L.png,180371.2~A49.K_9R.png,train,/data5/chensx/MyProject/UAE/data/arrangement_merged/chr_09/180371.2~A49.K_9L.png,/data5/chensx/MyProject/UAE/data/arrangement_merged/chr_09/180371.2~A49.K_9R.png,0,-1.214965340464351,,0.0003988146781921,-0.16633145405427266,chromosome
0,0.0005117654800415,180371,180371.3~A2.K_9,9,,normal,180371.3~A2.K_9L.png,180371.3~A2.K_9R.png,train,/data5/chensx/MyProject/UAE/data/arrangement_merged/chr_09/180371.3~A2.K_9L.png,/data5/chensx/MyProject/UAE/data/arrangement_merged/chr_09/180371.3~A2.K_9R.png,0,-1.0529390724459933,,0.0005117654800415,0.9520158273006758,chromosome
0,0.000411570072174,180371,180371.3~A25.K_9,9,,normal,180371.3~A25.K_9L.png,180371.3~A25.K_9R.png,train,/data5/chensx/MyProject/UAE/data/arrangement_merged/chr_09/180371.3~A25.K_9L.png,/data5/chensx/MyProject/UAE/data/arrangement_merged/chr_09/180371.3~A25.K_9R.png,0,-1.1966679149467103,,0.000411570072174,-0.040037882439890225,chromosome
0,0.0004566311836242,180371,180371.3~A45.K_9,9,,normal,180371.3~A45.K_9L.png,180371.3~A45.K_9R.png,train,/data5/chensx/MyProject/UAE/data/arrangement_merged/chr_09/180371.3~A45.K_9L.png,/data5/chensx/MyProject/UAE/data/arrangement_merged/chr_09/180371.3~A45.K_9R.png,0,-1.132028411716168,,0.0004566311836242,0.40612071634858915,chromosome
0,0.0005266666412353,180371,180371.3~A9.K_9,9,,normal,180371.3~A9.K_9L.png,180371.3~A9.K_9R.png,train,/data5/chensx/MyProject/UAE/data/arrangement_merged/chr_09/180371.3~A9.K_9L.png,/data5/chensx/MyProject/UAE/data/arrangement_merged/chr_09/180371.3~A9.K_9R.png,0,-1.031563575345946,,0.0005266666412353,1.0995550464762727,chromosome
0,0.0010099411010742,180371,180371.4~A19.K_9,9,,normal,180371.4~A19.K_9L.png,180371.4~A19.K_9R.png,train,/data5/chensx/MyProject/UAE/data/arrangement_merged/chr_09/180371.4~A19.K_9L.png,/data5/chensx/MyProject/UAE/data/arrangement_merged/chr_09/180371.4~A19.K_9R.png,0,-0.3383134533972154,,0.0010099411010742,5.884547002794875,chromosome
0,0.0003989338874816,180371,180371.4~A20.K_9,9,,normal,180371.4~A20.K_9L.png,180371.4~A20.K_9R.png,train,/data5/chensx/MyProject/UAE/data/arrangement_merged/chr_09/180371.4~A20.K_9L.png,/data5/chensx/MyProject/UAE/data/arrangement_merged/chr_09/180371.4~A20.K_9R.png,0,-1.2147943364875506,,0.0003989338874816,-0.16515114030136704,chromosome
0,0.0003736019134521,180371,180371.4~A23.K_9,9,,normal,180371.4~A23.K_9L.png,180371.4~A23.K_9R.png,train,/data5/chensx/MyProject/UAE/data/arrangement_merged/chr_09/180371.4~A23.K_9L.png,/data5/chensx/MyProject/UAE/data/arrangement_merged/chr_09/180371.4~A23.K_9R.png,0,-1.251132681557631,,0.0003736019134521,-0.4159678129002789,chromosome
0,0.0004639029502868,180371,180371.4~A27.K_9,9,,normal,180371.4~A27.K_9L.png,180371.4~A27.K_9R.png,train,/data5/chensx/MyProject/UAE/data/arrangement_merged/chr_09/180371.4~A27.K_9L.png,/data5/chensx/MyProject/UAE/data/arrangement_merged/chr_09/180371.4~A27.K_9R.png,0,-1.1215971691313449,,0.0004639029502868,0.47811985530653456,chromosome
0,0.0004089474678039,180371,180371.4~A35.K_9,9,,normal,180371.4~A35.K_9L.png,180371.4~A35.K_9R.png,train,/data5/chensx/MyProject/UAE/data/arrangement_merged/chr_09/180371.4~A35.K_9L.png,/data5/chensx/MyProject/UAE/data/arrangement_merged/chr_09/180371.4~A35.K_9R.png,0,-1.2004300024363188,,0.0004089474678039,-0.06600478501470826,chromosome
0,0.0005205869674682,180371,180371.4~A39.K_9,9,,normal,180371.4~A39.K_9L.png,180371.4~A39.K_9R.png,train,/data5/chensx/MyProject/UAE/data/arrangement_merged/chr_09/180371.4~A39.K_9L.png,/data5/chensx/MyProject/UAE/data/arrangement_merged/chr_09/180371.4~A39.K_9R.png,0,-1.040284778162765,,0.0005205869674682,1.0393590450523367,chromosome
0,0.0003807544708251,180371,180371.4~A44.K_9,9,,normal,180371.4~A44.K_9L.png,180371.4~A44.K_9R.png,train,/data5/chensx/MyProject/UAE/data/arrangement_merged/chr_09/180371.4~A44.K_9L.png,/data5/chensx/MyProject/UAE/data/arrangement_merged/chr_09/180371.4~A44.K_9R.png,0,-1.240872442949608,,0.0003807544708251,-0.3451489876962294,chromosome
0,0.0005213022232055,182418,182418.13~A1.K_9,9,,normal,182418.13~A1.K_9L.png,182418.13~A1.K_9R.png,train,/data5/chensx/MyProject/UAE/data/arrangement_merged/chr_09/182418.13~A1.K_9L.png,/data5/chensx/MyProject/UAE/data/arrangement_merged/chr_09/182418.13~A1.K_9R.png,0,-1.090976138288483,,0.0005213022232055,1.0464409275727418,chromosome
0,0.0004092454910278,182418,182418.13~A27.K_9,9,,normal,182418.13~A27.K_9L.png,182418.13~A27.K_9R.png,train,/data5/chensx/MyProject/UAE/data/arrangement_merged/chr_09/182418.13~A27.K_9L.png,/data5/chensx/MyProject/UAE/data/arrangement_merged/chr_09/182418.13~A27.K_9R.png,0,-1.2429828457099317,,0.0004092454910278,-0.06305400063095876,chromosome
0,0.0004024505615234,182418,182418.13~A6.K_9,9,,normal,182418.13~A6.K_9L.png,182418.13~A6.K_9R.png,train,/data5/chensx/MyProject/UAE/data/arrangement_merged/chr_09/182418.13~A6.K_9L.png,/data5/chensx/MyProject/UAE/data/arrangement_merged/chr_09/182418.13~A6.K_9R.png,0,-1.2522002737131472,,0.0004024505615234,-0.1303318845753005,chromosome
0,0.0004310011863708,182418,182418.14~A44.K_9,9,,normal,182418.14~A44.K_9L.png,182418.14~A44.K_9R.png,train,/data5/chensx/MyProject/UAE/data/arrangement_merged/chr_09/182418.14~A44.K_9L.png,/data5/chensx/MyProject/UAE/data/arrangement_merged/chr_09/182418.14~A44.K_9R.png,0,-1.2134709051733208,,0.0004310011863708,0.15235325936592836,chromosome
0,0.0005596876144409,182418,182418.1~A24.K_9,9,,normal,182418.1~A24.K_9L.png,182418.1~A24.K_9R.png,train,/data5/chensx/MyProject/UAE/data/arrangement_merged/chr_09/182418.1~A24.K_9L.png,/data5/chensx/MyProject/UAE/data/arrangement_merged/chr_09/182418.1~A24.K_9R.png,0,-1.0389057555334762,,0.0005596876144409,1.4265019561707748,chromosome
0,0.0003890991210937,182418,182418.2~A16.K_9,9,,normal,182418.2~A16.K_9L.png,182418.2~A16.K_9R.png,train,/data5/chensx/MyProject/UAE/data/arrangement_merged/chr_09/182418.2~A16.K_9L.png,/data5/chensx/MyProject/UAE/data/arrangement_merged/chr_09/182418.2~A16.K_9R.png,0,-1.2703117111931497,,0.0003890991210937,-0.26252702495718194,chromosome
0,0.0003111958503723,182418,182418.2~A2.K_9,9,,normal,182418.2~A2.K_9L.png,182418.2~A2.K_9R.png,train,/data5/chensx/MyProject/UAE/data/arrangement_merged/chr_09/182418.2~A2.K_9L.png,/data5/chensx/MyProject/UAE/data/arrangement_merged/chr_09/182418.2~A2.K_9R.png,0,-1.375988714703699,,0.0003111958503723,-1.03386206280932,chromosome
0,0.0003948211669921,182418,182418.2~A3.K_9,9,,normal,182418.2~A3.K_9L.png,182418.2~A3.K_9R.png,train,/data5/chensx/MyProject/UAE/data/arrangement_merged/chr_09/182418.2~A3.K_9L.png,/data5/chensx/MyProject/UAE/data/arrangement_merged/chr_09/182418.2~A3.K_9R.png,0,-1.262549666558863,,0.0003948211669921,-0.20587196479394282,chromosome
0,0.0003925561904907,182418,182418.2~A33.K_9,9,,normal,182418.2~A33.K_9L.png,182418.2~A33.K_9R.png,train,/data5/chensx/MyProject/UAE/data/arrangement_merged/chr_09/182418.2~A33.K_9L.png,/data5/chensx/MyProject/UAE/data/arrangement_merged/chr_09/182418.2~A33.K_9R.png,0,-1.2656221425599348,,0.0003925561904907,-0.22829792610806338,chromosome
0,0.0004806518554687,182418,182418.2~A38.K_9,9,,normal,182418.2~A38.K_9L.png,182418.2~A38.K_9R.png,train,/data5/chensx/MyProject/UAE/data/arrangement_merged/chr_09/182418.2~A38.K_9L.png,/data5/chensx/MyProject/UAE/data/arrangement_merged/chr_09/182418.2~A38.K_9R.png,0,-1.1461189970445618,,0.0004806518554687,0.6439539376605872,chromosome
0,0.0004737377166748,182418,182418.3~A15.K_9,9,,normal,182418.3~A15.K_9L.png,182418.3~A15.K_9R.png,train,/data5/chensx/MyProject/UAE/data/arrangement_merged/chr_09/182418.3~A15.K_9L.png,/data5/chensx/MyProject/UAE/data/arrangement_merged/chr_09/182418.3~A15.K_9R.png,0,-1.1554981343109916,,0.0004737377166748,0.5754957399633397,chromosome
0,0.0004083514213562,182418,182418.3~A25.K_9,9,,normal,182418.3~A25.K_9L.png,182418.3~A25.K_9R.png,train,/data5/chensx/MyProject/UAE/data/arrangement_merged/chr_09/182418.3~A25.K_9L.png,/data5/chensx/MyProject/UAE/data/arrangement_merged/chr_09/182418.3~A25.K_9R.png,0,-1.2441956651840391,,0.0004083514213562,-0.0719063537812175,chromosome
0,0.0003961324691772,182418,182418.3~A49.K_9,9,,normal,182418.3~A49.K_9L.png,182418.3~A49.K_9R.png,train,/data5/chensx/MyProject/UAE/data/arrangement_merged/chr_09/182418.3~A49.K_9L.png,/data5/chensx/MyProject/UAE/data/arrangement_merged/chr_09/182418.3~A49.K_9R.png,0,-1.2607708646635056,,0.0003961324691772,-0.19288851350603864,chromosome
0,0.000667929649353,182418,182418.4~A15.K_9,9,,normal,182418.4~A15.K_9L.png,182418.4~A15.K_9R.png,train,/data5/chensx/MyProject/UAE/data/arrangement_merged/chr_09/182418.4~A15.K_9L.png,/data5/chensx/MyProject/UAE/data/arrangement_merged/chr_09/182418.4~A15.K_9R.png,0,-0.8920737445348852,,0.000667929649353,2.4982268442656492,chromosome
0,0.000320017337799,182418,182418.4~A6.K_9,9,,normal,182418.4~A6.K_9L.png,182418.4~A6.K_9R.png,train,/data5/chensx/MyProject/UAE/data/arrangement_merged/chr_09/182418.4~A6.K_9L.png,/data5/chensx/MyProject/UAE/data/arrangement_merged/chr_09/182418.4~A6.K_9R.png,0,-1.3640222292258406,,0.000320017337799,-0.9465188450576593,chromosome
0,0.0004127025604248,182418,182418.5~A16.K_9,9,,normal,182418.5~A16.K_9L.png,182418.5~A16.K_9R.png,train,/data5/chensx/MyProject/UAE/data/arrangement_merged/chr_09/182418.5~A16.K_9L.png,/data5/chensx/MyProject/UAE/data/arrangement_merged/chr_09/182418.5~A16.K_9R.png,0,-1.2382932770767168,,0.0004127025604248,-0.028824901781839645,chromosome
0,0.0003168582916259,182418,182418.5~A17.K_9,9,,normal,182418.5~A17.K_9L.png,182418.5~A17.K_9R.png,train,/data5/chensx/MyProject/UAE/data/arrangement_merged/chr_09/182418.5~A17.K_9L.png,/data5/chensx/MyProject/UAE/data/arrangement_merged/chr_09/182418.5~A17.K_9R.png,0,-1.36830752470102,,0.0003168582916259,-0.9777971595230284,chromosome
0,0.0003721117973327,182418,182418.5~A3.K_9,9,,normal,182418.5~A3.K_9L.png,182418.5~A3.K_9R.png,train,/data5/chensx/MyProject/UAE/data/arrangement_merged/chr_09/182418.5~A3.K_9L.png,/data5/chensx/MyProject/UAE/data/arrangement_merged/chr_09/182418.5~A3.K_9R.png,0,-1.2933552812011884,,0.0003721117973327,-0.4307217348180366,chromosome
0,0.0003304481506347,182418,182418.5~A30.K_9,9,,normal,182418.5~A30.K_9L.png,182418.5~A30.K_9R.png,train,/data5/chensx/MyProject/UAE/data/arrangement_merged/chr_09/182418.5~A30.K_9L.png,/data5/chensx/MyProject/UAE/data/arrangement_merged/chr_09/182418.5~A30.K_9R.png,0,-1.3498726686945888,,0.0003304481506347,-0.8432413916343454,chromosome
0,0.0003312230110168,182418,182418.5~A5.K_9,9,,normal,182418.5~A5.K_9L.png,182418.5~A5.K_9R.png,train,/data5/chensx/MyProject/UAE/data/arrangement_merged/chr_09/182418.5~A5.K_9L.png,/data5/chensx/MyProject/UAE/data/arrangement_merged/chr_09/182418.5~A5.K_9R.png,0,-1.3488215584836958,,0.0003312230110168,-0.8355693522369922,chromosome
0,0.0004916191101074,182747,182747.11~A42.K_9,9,,normal,182747.11~A42.K_9L.png,182747.11~A42.K_9R.png,train,/data5/chensx/MyProject/UAE/data/arrangement_merged/chr_09/182747.11~A42.K_9L.png,/data5/chensx/MyProject/UAE/data/arrangement_merged/chr_09/182747.11~A42.K_9R.png,0,-1.089936924108692,,0.0004916191101074,0.7525428029744521,chromosome
0,0.000436782836914,182747,182747.12~A10.K_9,9,,normal,182747.12~A10.K_9L.png,182747.12~A10.K_9R.png,train,/data5/chensx/MyProject/UAE/data/arrangement_merged/chr_09/182747.12~A10.K_9L.png,/data5/chensx/MyProject/UAE/data/arrangement_merged/chr_09/182747.12~A10.K_9R.png,0,-1.1631216607050645,,0.000436782836914,0.20959847640611545,chromosome
0,0.0003784298896789,182747,182747.12~A14.K_9,9,,normal,182747.12~A14.K_9L.png,182747.12~A14.K_9R.png,train,/data5/chensx/MyProject/UAE/data/arrangement_merged/chr_09/182747.12~A14.K_9L.png,/data5/chensx/MyProject/UAE/data/arrangement_merged/chr_09/182747.12~A14.K_9R.png,0,-1.2409997662788128,,0.0003784298896789,-0.36816510588729795,chromosome
0,0.0003910064697265,182747,182747.12~A18.K_9,9,,normal,182747.12~A18.K_9L.png,182747.12~A18.K_9R.png,train,/data5/chensx/MyProject/UAE/data/arrangement_merged/chr_09/182747.12~A18.K_9L.png,/data5/chensx/MyProject/UAE/data/arrangement_merged/chr_09/182747.12~A18.K_9R.png,0,-1.2242150060376882,,0.0003910064697265,-0.24364200490276908,chromosome
0,0.0003620386123657,182747,182747.12~A26.K_9,9,,normal,182747.12~A26.K_9L.png,182747.12~A26.K_9R.png,train,/data5/chensx/MyProject/UAE/data/arrangement_merged/chr_09/182747.12~A26.K_9L.png,/data5/chensx/MyProject/UAE/data/arrangement_merged/chr_09/182747.12~A26.K_9R.png,0,-1.2628756386309892,,0.0003620386123657,-0.530458246980653,chromosome
0,0.0002872943878173,182747,182747.12~A28.K_9,9,,normal,182747.12~A28.K_9L.png,182747.12~A28.K_9R.png,train,/data5/chensx/MyProject/UAE/data/arrangement_merged/chr_09/182747.12~A28.K_9L.png,/data5/chensx/MyProject/UAE/data/arrangement_merged/chr_09/182747.12~A28.K_9R.png,0,-1.362629616556914,,0.0002872943878173,-1.270514970368412,chromosome
0,0.0005152821540832,182747,182747.12~A4.K_9,9,,normal,182747.12~A4.K_9L.png,182747.12~A4.K_9R.png,train,/data5/chensx/MyProject/UAE/data/arrangement_merged/chr_09/182747.12~A4.K_9L.png,/data5/chensx/MyProject/UAE/data/arrangement_merged/chr_09/182747.12~A4.K_9R.png,0,-1.0583561192948223,,0.0005152821540832,0.9868350830257526,chromosome
0,0.0003924369812011,182747,182747.13~A33.K_9,9,,normal,182747.13~A33.K_9L.png,182747.13~A33.K_9R.png,train,/data5/chensx/MyProject/UAE/data/arrangement_merged/chr_09/182747.13~A33.K_9L.png,/data5/chensx/MyProject/UAE/data/arrangement_merged/chr_09/182747.13~A33.K_9R.png,0,-1.2223058389960435,,0.0003924369812011,-0.2294782398619593,chromosome
0,0.0003920793533325,182747,182747.13~A45.K_9,9,,normal,182747.13~A45.K_9L.png,182747.13~A45.K_9R.png,train,/data5/chensx/MyProject/UAE/data/arrangement_merged/chr_09/182747.13~A45.K_9L.png,/data5/chensx/MyProject/UAE/data/arrangement_merged/chr_09/182747.13~A45.K_9R.png,0,-1.2227831307564547,,0.0003920793533325,-0.23301918112166647,chromosome
0,0.000332236289978,182747,182747.13~A5.K_9,9,,normal,182747.13~A5.K_9L.png,182747.13~A5.K_9R.png,train,/data5/chensx/MyProject/UAE/data/arrangement_merged/chr_09/182747.13~A5.K_9L.png,/data5/chensx/MyProject/UAE/data/arrangement_merged/chr_09/182747.13~A5.K_9R.png,0,-1.3026499519985828,,0.000332236289978,-0.8255366853328376,chromosome
0,0.0003799200057983,182747,182747.1~A15.K_9,9,,normal,182747.1~A15.K_9L.png,182747.1~A15.K_9R.png,train,/data5/chensx/MyProject/UAE/data/arrangement_merged/chr_09/182747.1~A15.K_9L.png,/data5/chensx/MyProject/UAE/data/arrangement_merged/chr_09/182747.1~A15.K_9R.png,0,-1.239011050610433,,0.0003799200057983,-0.3534111839695402,chromosome
0,0.000449001789093,182747,182747.1~A42.K_9,9,,normal,182747.1~A42.K_9L.png,182747.1~A42.K_9R.png,train,/data5/chensx/MyProject/UAE/data/arrangement_merged/chr_09/182747.1~A42.K_9L.png,/data5/chensx/MyProject/UAE/data/arrangement_merged/chr_09/182747.1~A42.K_9R.png,0,-1.1468141922243509,,0.000449001789093,0.33058063613093713,chromosome
0,0.0004463195800781,182747,182747.2~A13.K_9,9,,normal,182747.2~A13.K_9L.png,182747.2~A13.K_9R.png,train,/data5/chensx/MyProject/UAE/data/arrangement_merged/chr_09/182747.2~A13.K_9L.png,/data5/chensx/MyProject/UAE/data/arrangement_merged/chr_09/182747.2~A13.K_9R.png,0,-1.1503938804274343,,0.0004463195800781,0.3040235766791712,chromosome
0,0.000461459159851,182747,182747.3~A20.K_9,9,,normal,182747.3~A20.K_9L.png,182747.3~A20.K_9R.png,train,/data5/chensx/MyProject/UAE/data/arrangement_merged/chr_09/182747.3~A20.K_9L.png,/data5/chensx/MyProject/UAE/data/arrangement_merged/chr_09/182747.3~A20.K_9R.png,0,-1.1301885292366969,,0.000461459159851,0.4539234233615701,chromosome
0,0.0003994703292846,182747,182747.3~A24.K_9,9,,normal,182747.3~A24.K_9L.png,182747.3~A24.K_9R.png,train,/data5/chensx/MyProject/UAE/data/arrangement_merged/chr_09/182747.3~A24.K_9L.png,/data5/chensx/MyProject/UAE/data/arrangement_merged/chr_09/182747.3~A24.K_9R.png,0,-1.2129191010412916,,0.0003994703292846,-0.159839728410816,chromosome
0,0.0004202127456665,182747,182747.3~A35.K_9,9,,normal,182747.3~A35.K_9L.png,182747.3~A35.K_9R.png,train,/data5/chensx/MyProject/UAE/data/arrangement_merged/chr_09/182747.3~A35.K_9L.png,/data5/chensx/MyProject/UAE/data/arrangement_merged/chr_09/182747.3~A35.K_9R.png,0,-1.1852361789374464,,0.0004202127456665,0.04553486468290674,chromosome
0,0.0003312826156616,182747,182747.4~A1.K_9,9,,normal,182747.4~A1.K_9L.png,182747.4~A1.K_9R.png,train,/data5/chensx/MyProject/UAE/data/arrangement_merged/chr_09/182747.4~A1.K_9L.png,/data5/chensx/MyProject/UAE/data/arrangement_merged/chr_09/182747.4~A1.K_9R.png,0,-1.3039227300263458,,0.0003312826156616,-0.8349791953600443,chromosome
0,0.0004248619079589,182747,182747.4~A32.K_9,9,,normal,182747.4~A32.K_9L.png,182747.4~A32.K_9R.png,train,/data5/chensx/MyProject/UAE/data/arrangement_merged/chr_09/182747.4~A32.K_9L.png,/data5/chensx/MyProject/UAE/data/arrangement_merged/chr_09/182747.4~A32.K_9R.png,0,-1.1790313860521018,,0.0004248619079589,0.0915671010650438,chromosome
0,0.0007680654525756,182747,182747.4~A33.K_9,9,,normal,182747.4~A33.K_9L.png,182747.4~A33.K_9R.png,train,/data5/chensx/MyProject/UAE/data/arrangement_merged/chr_09/182747.4~A33.K_9L.png,/data5/chensx/MyProject/UAE/data/arrangement_merged/chr_09/182747.4~A33.K_9R.png,0,-0.7209903933108932,,0.0007680654525756,3.489690397128277,chromosome
0,0.0003108382225036,182747,182747.4~A35.K_9,9,,normal,182747.4~A35.K_9L.png,182747.4~A35.K_9R.png,train,/data5/chensx/MyProject/UAE/data/arrangement_merged/chr_09/182747.4~A35.K_9L.png,/data5/chensx/MyProject/UAE/data/arrangement_merged/chr_09/182747.4~A35.K_9R.png,0,-1.3312079089965152,,0.0003108382225036,-1.0374030040700175,chromosome
0,0.0004937648773193,182747,182747.4~A41.K_9,9,,normal,182747.4~A41.K_9L.png,182747.4~A41.K_9R.png,train,/data5/chensx/MyProject/UAE/data/arrangement_merged/chr_09/182747.4~A41.K_9L.png,/data5/chensx/MyProject/UAE/data/arrangement_merged/chr_09/182747.4~A41.K_9R.png,0,-1.0870731735462251,,0.0004937648773193,0.7737884505356676,chromosome
0,0.000328779220581,182747,182747.4~A43.K_9,9,,normal,182747.4~A43.K_9L.png,182747.4~A43.K_9R.png,train,/data5/chensx/MyProject/UAE/data/arrangement_merged/chr_09/182747.4~A43.K_9L.png,/data5/chensx/MyProject/UAE/data/arrangement_merged/chr_09/182747.4~A43.K_9R.png,0,-1.3072637723492238,,0.000328779220581,-0.8597657841819567,chromosome
0,0.0004482269287109,182747,182747.4~A9.K_9,9,,normal,182747.4~A9.K_9L.png,182747.4~A9.K_9R.png,train,/data5/chensx/MyProject/UAE/data/arrangement_merged/chr_09/182747.4~A9.K_9L.png,/data5/chensx/MyProject/UAE/data/arrangement_merged/chr_09/182747.4~A9.K_9R.png,0,-1.1478483243719084,,0.0004482269287109,0.322908596733584,chromosome
0,0.0004802942276,183038,183038.11~A13.K_9,9,,normal,183038.11~A13.K_9L.png,183038.11~A13.K_9R.png,train,/data5/chensx/MyProject/UAE/data/arrangement_merged/chr_09/183038.11~A13.K_9L.png,/data5/chensx/MyProject/UAE/data/arrangement_merged/chr_09/183038.11~A13.K_9R.png,0,-1.0937189116440809,,0.0004802942276,0.6404129963998897,chromosome
0,0.0005567669868469,183038,183038.11~A39.K_9,9,,normal,183038.11~A39.K_9L.png,183038.11~A39.K_9R.png,train,/data5/chensx/MyProject/UAE/data/arrangement_merged/chr_09/183038.11~A39.K_9L.png,/data5/chensx/MyProject/UAE/data/arrangement_merged/chr_09/183038.11~A39.K_9R.png,0,-0.9950744827193262,,0.0005567669868469,1.3975842692122071,chromosome
0,0.0004369020462036,183038,183038.12~A11.K_9,9,,normal,183038.12~A11.K_9L.png,183038.12~A11.K_9R.png,train,/data5/chensx/MyProject/UAE/data/arrangement_merged/chr_09/183038.12~A11.K_9L.png,/data5/chensx/MyProject/UAE/data/arrangement_merged/chr_09/183038.12~A11.K_9R.png,0,-1.1496917442685717,,0.0004369020462036,0.21077879016001136,chromosome
0,0.0004397630691528,183038,183038.12~A45.K_9,9,,normal,183038.12~A45.K_9L.png,183038.12~A45.K_9R.png,train,/data5/chensx/MyProject/UAE/data/arrangement_merged/chr_09/183038.12~A45.K_9L.png,/data5/chensx/MyProject/UAE/data/arrangement_merged/chr_09/183038.12~A45.K_9R.png,0,-1.146001227831792,,0.0004397630691528,0.23910632024163095,chromosome
0,0.0005018711090087,183038,183038.13~A11.K_9,9,,normal,183038.13~A11.K_9L.png,183038.13~A11.K_9R.png,train,/data5/chensx/MyProject/UAE/data/arrangement_merged/chr_09/183038.13~A11.K_9L.png,/data5/chensx/MyProject/UAE/data/arrangement_merged/chr_09/183038.13~A11.K_9R.png,0,-1.0658862668500348,,0.0005018711090087,0.8540497857669231,chromosome
0,0.0003629326820373,183038,183038.13~A29.K_9,9,,normal,183038.13~A29.K_9L.png,183038.13~A29.K_9R.png,train,/data5/chensx/MyProject/UAE/data/arrangement_merged/chr_09/183038.13~A29.K_9L.png,/data5/chensx/MyProject/UAE/data/arrangement_merged/chr_09/183038.13~A29.K_9R.png,0,-1.2451069713111442,,0.0003629326820373,-0.5216058938303944,chromosome
0,0.0003514289855957,183038,183038.13~A39.K_9,9,,normal,183038.13~A39.K_9L.png,183038.13~A39.K_9R.png,train,/data5/chensx/MyProject/UAE/data/arrangement_merged/chr_09/183038.13~A39.K_9L.png,/data5/chensx/MyProject/UAE/data/arrangement_merged/chr_09/183038.13~A39.K_9R.png,0,-1.2599459228173622,,0.0003514289855957,-0.6355061710338211,chromosome
0,0.0003653764724731,183038,183038.13~A47.K_9,9,,normal,183038.13~A47.K_9L.png,183038.13~A47.K_9R.png,train,/data5/chensx/MyProject/UAE/data/arrangement_merged/chr_09/183038.13~A47.K_9L.png,/data5/chensx/MyProject/UAE/data/arrangement_merged/chr_09/183038.13~A47.K_9R.png,0,-1.2419546551880616,,0.0003653764724731,-0.4974094618854299,chromosome
0,0.0003054738044738,183038,183038.14~A2.K_9,9,,normal,183038.14~A2.K_9L.png,183038.14~A2.K_9R.png,train,/data5/chensx/MyProject/UAE/data/arrangement_merged/chr_09/183038.14~A2.K_9L.png,/data5/chensx/MyProject/UAE/data/arrangement_merged/chr_09/183038.14~A2.K_9R.png,0,-1.3192248430831344,,0.0003054738044738,-1.0905171229735495,chromosome
0,0.0003936290740966,183038,183038.14~A3.K_9,9,,normal,183038.14~A3.K_9L.png,183038.14~A3.K_9R.png,train,/data5/chensx/MyProject/UAE/data/arrangement_merged/chr_09/183038.14~A3.K_9L.png,/data5/chensx/MyProject/UAE/data/arrangement_merged/chr_09/183038.14~A3.K_9R.png,0,-1.2055108053748629,,0.0003936290740966,-0.21767510232795106,chromosome
0,0.0003101229667663,183038,183038.14~A30.K_9,9,,normal,183038.14~A30.K_9L.png,183038.14~A30.K_9R.png,train,/data5/chensx/MyProject/UAE/data/arrangement_merged/chr_09/183038.14~A30.K_9L.png,/data5/chensx/MyProject/UAE/data/arrangement_merged/chr_09/183038.14~A30.K_9R.png,0,-1.3132277538733677,,0.0003101229667663,-1.0444848865904222,chromosome
0,0.0003703236579895,183038,183038.14~A34.K_9,9,,normal,183038.14~A34.K_9L.png,183038.14~A34.K_9R.png,train,/data5/chensx/MyProject/UAE/data/arrangement_merged/chr_09/183038.14~A34.K_9L.png,/data5/chensx/MyProject/UAE/data/arrangement_merged/chr_09/183038.14~A34.K_9R.png,0,-1.235573137182797,,0.0003703236579895,-0.44842644111855356,chromosome
0,0.0003684163093566,183038,183038.14~A48.K_9,9,,normal,183038.14~A48.K_9L.png,183038.14~A48.K_9R.png,train,/data5/chensx/MyProject/UAE/data/arrangement_merged/chr_09/183038.14~A48.K_9L.png,/data5/chensx/MyProject/UAE/data/arrangement_merged/chr_09/183038.14~A48.K_9R.png,0,-1.2380334814739833,,0.0003684163093566,-0.4673114611739567,chromosome
0,0.0004157423973083,183038,183038.14~A9.K_9,9,,normal,183038.14~A9.K_9L.png,183038.14~A9.K_9R.png,train,/data5/chensx/MyProject/UAE/data/arrangement_merged/chr_09/183038.14~A9.K_9L.png,/data5/chensx/MyProject/UAE/data/arrangement_merged/chr_09/183038.14~A9.K_9R.png,0,-1.1769861887489206,,0.0004157423973083,0.0012730989296335076,chromosome
0,0.0004791021347045,183038,183038.1~A28.K_9,9,,normal,183038.1~A28.K_9L.png,183038.1~A28.K_9R.png,train,/data5/chensx/MyProject/UAE/data/arrangement_merged/chr_09/183038.1~A28.K_9L.png,/data5/chensx/MyProject/UAE/data/arrangement_merged/chr_09/183038.1~A28.K_9R.png,0,-1.0952566268260724,,0.0004791021347045,0.6286098588658814,chromosome
0,0.0007634758949279,183038,183038.2~A12.K_9,9,,normal,183038.2~A12.K_9L.png,183038.2~A12.K_9R.png,train,/data5/chensx/MyProject/UAE/data/arrangement_merged/chr_09/183038.2~A12.K_9L.png,/data5/chensx/MyProject/UAE/data/arrangement_merged/chr_09/183038.2~A12.K_9R.png,0,-0.728434670162,,0.0007634758949279,3.444248317622098,chromosome
0,0.0004193782806396,183038,183038.2~A13.K_9,9,,normal,183038.2~A13.K_9L.png,183038.2~A13.K_9R.png,train,/data5/chensx/MyProject/UAE/data/arrangement_merged/chr_09/183038.2~A13.K_9L.png,/data5/chensx/MyProject/UAE/data/arrangement_merged/chr_09/183038.2~A13.K_9R.png,0,-1.1722961574438466,,0.0004193782806396,0.03727266840860566,chromosome
0,0.000451922416687,183038,183038.2~A15.K_9,9,,normal,183038.2~A15.K_9L.png,183038.2~A15.K_9R.png,train,/data5/chensx/MyProject/UAE/data/arrangement_merged/chr_09/183038.2~A15.K_9L.png,/data5/chensx/MyProject/UAE/data/arrangement_merged/chr_09/183038.2~A15.K_9R.png,0,-1.1303165329754783,,0.000451922416687,0.3594983230895047,chromosome
0,0.0004177093505859,183038,183038.2~A21.K_9,9,,normal,183038.2~A21.K_9L.png,183038.2~A21.K_9R.png,train,/data5/chensx/MyProject/UAE/data/arrangement_merged/chr_09/183038.2~A21.K_9L.png,/data5/chensx/MyProject/UAE/data/arrangement_merged/chr_09/183038.2~A21.K_9R.png,0,-1.1744489586986346,,0.0004177093505859,0.020748275860994335,chromosome
0,0.0014656782150268,183038,183038.2~A43.K_9,9,,normal,183038.2~A43.K_9L.png,183038.2~A43.K_9R.png,train,/data5/chensx/MyProject/UAE/data/arrangement_merged/chr_09/183038.2~A43.K_9L.png,/data5/chensx/MyProject/UAE/data/arrangement_merged/chr_09/183038.2~A43.K_9R.png,0,0.1773564577900933,,0.0014656782150268,10.396886482075411,chromosome
0,0.0004075169563293,183038,183038.2~A46.K_9,9,,normal,183038.2~A46.K_9L.png,183038.2~A46.K_9R.png,train,/data5/chensx/MyProject/UAE/data/arrangement_merged/chr_09/183038.2~A46.K_9L.png,/data5/chensx/MyProject/UAE/data/arrangement_merged/chr_09/183038.2~A46.K_9R.png,0,-1.187596423504662,,0.0004075169563293,-0.08016855005551804,chromosome
0,0.0003396868705749,183038,183038.2~A47.K_9,9,,normal,183038.2~A47.K_9L.png,183038.2~A47.K_9R.png,train,/data5/chensx/MyProject/UAE/data/arrangement_merged/chr_09/183038.2~A47.K_9L.png,/data5/chensx/MyProject/UAE/data/arrangement_merged/chr_09/183038.2~A47.K_9R.png,0,-1.2750924173599785,,0.0003396868705749,-0.7517670757450392,chromosome
0,0.0003986358642578,183038,183038.3~A12.K_9,9,,normal,183038.3~A12.K_9L.png,183038.3~A12.K_9R.png,train,/data5/chensx/MyProject/UAE/data/arrangement_merged/chr_09/183038.3~A12.K_9L.png,/data5/chensx/MyProject/UAE/data/arrangement_merged/chr_09/183038.3~A12.K_9R.png,0,-1.1990524016104986,,0.0003986358642578,-0.1681019246841268,chromosome
0,0.0003737211227416,183038,183038.3~A19.K_9,9,,normal,183038.3~A19.K_9L.png,183038.3~A19.K_9R.png,train,/data5/chensx/MyProject/UAE/data/arrangement_merged/chr_09/183038.3~A19.K_9L.png,/data5/chensx/MyProject/UAE/data/arrangement_merged/chr_09/183038.3~A19.K_9R.png,0,-1.231190648914121,,0.0003737211227416,-0.41478749914737273,chromosome
0,0.0004280805587768,183038,183038.3~A30.K_9,9,,normal,183038.3~A30.K_9L.png,183038.3~A30.K_9R.png,train,/data5/chensx/MyProject/UAE/data/arrangement_merged/chr_09/183038.3~A30.K_9L.png,/data5/chensx/MyProject/UAE/data/arrangement_merged/chr_09/183038.3~A30.K_9R.png,0,-1.1610708366153086,,0.0004280805587768,0.12343557240736082,chromosome
0,0.0003774166107177,183038,183038.3~A36.K_9,9,,normal,183038.3~A36.K_9L.png,183038.3~A36.K_9R.png,train,/data5/chensx/MyProject/UAE/data/arrangement_merged/chr_09/183038.3~A36.K_9L.png,/data5/chensx/MyProject/UAE/data/arrangement_merged/chr_09/183038.3~A36.K_9R.png,0,-1.2264237318499474,,0.0003774166107177,-0.3781977727914526,chromosome
0,0.0003124475479125,183038,183038.4~A15.K_9,9,,normal,183038.4~A15.K_9L.png,183038.4~A15.K_9R.png,train,/data5/chensx/MyProject/UAE/data/arrangement_merged/chr_09/183038.4~A15.K_9L.png,/data5/chensx/MyProject/UAE/data/arrangement_merged/chr_09/183038.4~A15.K_9R.png,0,-1.3102292092684842,,0.0003124475479125,-1.0214687683993537,chromosome
0,0.0002639293670654,183038,183038.4~A24.K_9,9,,normal,183038.4~A24.K_9L.png,183038.4~A24.K_9R.png,train,/data5/chensx/MyProject/UAE/data/arrangement_merged/chr_09/183038.4~A24.K_9L.png,/data5/chensx/MyProject/UAE/data/arrangement_merged/chr_09/183038.4~A24.K_9R.png,0,-1.3728142171755382,,0.0002639293670654,-1.5018564660359623,chromosome
0,0.0004476308822631,183038,183038.4~A36.K_9,9,,normal,183038.4~A36.K_9L.png,183038.4~A36.K_9R.png,train,/data5/chensx/MyProject/UAE/data/arrangement_merged/chr_09/183038.4~A36.K_9L.png,/data5/chensx/MyProject/UAE/data/arrangement_merged/chr_09/183038.4~A36.K_9R.png,0,-1.135852307630648,,0.0004476308822631,0.31700702796608504,chromosome
0,0.0004981756210327,183038,183038.4~A39.K_9,9,,normal,183038.4~A39.K_9L.png,183038.4~A39.K_9R.png,train,/data5/chensx/MyProject/UAE/data/arrangement_merged/chr_09/183038.4~A39.K_9L.png,/data5/chensx/MyProject/UAE/data/arrangement_merged/chr_09/183038.4~A39.K_9R.png,0,-1.0706531839142084,,0.0004981756210327,0.8174600594119923,chromosome
0,0.0005846619606018,183079,183079.11~A27.K_9,9,,normal,183079.11~A27.K_9L.png,183079.11~A27.K_9R.png,train,/data5/chensx/MyProject/UAE/data/arrangement_merged/chr_09/183079.11~A27.K_9L.png,/data5/chensx/MyProject/UAE/data/arrangement_merged/chr_09/183079.11~A27.K_9R.png,0,-0.9499689263393882,,0.0005846619606018,1.6737776875099795,chromosome
0,0.0004026889801025,183079,183079.12~A27.K_9,9,,normal,183079.12~A27.K_9L.png,183079.12~A27.K_9R.png,train,/data5/chensx/MyProject/UAE/data/arrangement_merged/chr_09/183079.12~A27.K_9L.png,/data5/chensx/MyProject/UAE/data/arrangement_merged/chr_09/183079.12~A27.K_9R.png,0,-1.1960421697156671,,0.0004026889801025,-0.12797125706849896,chromosome
0,0.0003137588500976,183079,183079.12~A37.K_9,9,,normal,183079.12~A37.K_9L.png,183079.12~A37.K_9R.png,train,/data5/chensx/MyProject/UAE/data/arrangement_merged/chr_09/183079.12~A37.K_9L.png,/data5/chensx/MyProject/UAE/data/arrangement_merged/chr_09/183079.12~A37.K_9R.png,0,-1.316298075093135,,0.0003137588500976,-1.00848531711145,chromosome
0,0.0004191398620605,183079,183079.12~A44.K_9,9,,normal,183079.12~A44.K_9L.png,183079.12~A44.K_9R.png,train,/data5/chensx/MyProject/UAE/data/arrangement_merged/chr_09/183079.12~A44.K_9L.png,/data5/chensx/MyProject/UAE/data/arrangement_merged/chr_09/183079.12~A44.K_9R.png,0,-1.1737964392302913,,0.0004191398620605,0.034912040901804116,chromosome
0,0.0004682540893554,183079,183079.13~A12.K_9,9,,normal,183079.13~A12.K_9L.png,183079.13~A12.K_9R.png,train,/data5/chensx/MyProject/UAE/data/arrangement_merged/chr_09/183079.13~A12.K_9L.png,/data5/chensx/MyProject/UAE/data/arrangement_merged/chr_09/183079.13~A12.K_9R.png,0,-1.1073816496652555,,0.0004682540893554,0.5212013073059119,chromosome
0,0.0004241466522216,183079,183079.13~A19.K_9,9,,normal,183079.13~A19.K_9L.png,183079.13~A19.K_9R.png,train,/data5/chensx/MyProject/UAE/data/arrangement_merged/chr_09/183079.13~A19.K_9L.png,/data5/chensx/MyProject/UAE/data/arrangement_merged/chr_09/183079.13~A19.K_9R.png,0,-1.1670259995173509,,0.0004241466522216,0.08448521854463864,chromosome
0,0.0003893971443176,183079,183079.13~A27.K_9,9,,normal,183079.13~A27.K_9L.png,183079.13~A27.K_9R.png,train,/data5/chensx/MyProject/UAE/data/arrangement_merged/chr_09/183079.13~A27.K_9L.png,/data5/chensx/MyProject/UAE/data/arrangement_merged/chr_09/183079.13~A27.K_9R.png,0,-1.2140160751440692,,0.0003893971443176,-0.2595762405734324,chromosome
0,0.0003687143325805,183079,183079.13~A6.K_9,9,,normal,183079.13~A6.K_9L.png,183079.13~A6.K_9R.png,train,/data5/chensx/MyProject/UAE/data/arrangement_merged/chr_09/183079.13~A6.K_9L.png,/data5/chensx/MyProject/UAE/data/arrangement_merged/chr_09/183079.13~A6.K_9R.png,0,-1.2419844391963353,,0.0003687143325805,-0.4643606767902072,chromosome
0,0.0003021359443664,183079,183079.13~A9.K_9,9,,normal,183079.13~A9.K_9L.png,183079.13~A9.K_9R.png,train,/data5/chensx/MyProject/UAE/data/arrangement_merged/chr_09/183079.13~A9.K_9L.png,/data5/chensx/MyProject/UAE/data/arrangement_merged/chr_09/183079.13~A9.K_9R.png,0,-1.3320151672838898,,0.0003021359443664,-1.123565908068772,chromosome
0,0.0008329153060913,183079,183079.14~A11.K_9,9,,normal,183079.14~A11.K_9L.png,183079.14~A11.K_9R.png,train,/data5/chensx/MyProject/UAE/data/arrangement_merged/chr_09/183079.14~A11.K_9L.png,/data5/chensx/MyProject/UAE/data/arrangement_merged/chr_09/183079.14~A11.K_9R.png,0,-0.61426795723942,,0.0008329153060913,4.1317810789832725,chromosome
0,0.0003277659416198,183079,183079.14~A13.K_9,9,,normal,183079.14~A13.K_9L.png,183079.14~A13.K_9R.png,train,/data5/chensx/MyProject/UAE/data/arrangement_merged/chr_09/183079.14~A13.K_9L.png,/data5/chensx/MyProject/UAE/data/arrangement_merged/chr_09/183079.14~A13.K_9R.png,0,-1.2973569639914562,,0.0003277659416198,-0.8697984510861109,chromosome
0,0.0003647208213806,183079,183079.14~A23.K_9,9,,normal,183079.14~A23.K_9L.png,183079.14~A23.K_9R.png,train,/data5/chensx/MyProject/UAE/data/arrangement_merged/chr_09/183079.14~A23.K_9L.png,/data5/chensx/MyProject/UAE/data/arrangement_merged/chr_09/183079.14~A23.K_9R.png,0,-1.2473846708721332,,0.0003647208213806,-0.5039011875288871,chromosome
0,0.0005274415016174,183079,183079.14~A24.K_9,9,,normal,183079.14~A24.K_9L.png,183079.14~A24.K_9R.png,train,/data5/chensx/MyProject/UAE/data/arrangement_merged/chr_09/183079.14~A24.K_9L.png,/data5/chensx/MyProject/UAE/data/arrangement_merged/chr_09/183079.14~A24.K_9R.png,0,-1.0273453802015655,,0.0005274415016174,1.1072270858736257,chromosome
0,0.0006249547004699,183079,183079.14~A26.K_9,9,,normal,183079.14~A26.K_9L.png,183079.14~A26.K_9R.png,train,/data5/chensx/MyProject/UAE/data/arrangement_merged/chr_09/183079.14~A26.K_9L.png,/data5/chensx/MyProject/UAE/data/arrangement_merged/chr_09/183079.14~A26.K_9R.png,0,-0.8954830067447715,,0.0006249547004699,2.072723736161436,chromosome
0,0.0004571676254272,183079,183079.14~A28.K_9,9,,normal,183079.14~A28.K_9L.png,183079.14~A28.K_9R.png,train,/data5/chensx/MyProject/UAE/data/arrangement_merged/chr_09/183079.14~A28.K_9L.png,/data5/chensx/MyProject/UAE/data/arrangement_merged/chr_09/183079.14~A28.K_9R.png,0,-1.1223733376010523,,0.0004571676254272,0.4114321282391407,chromosome
0,0.0003010034561157,183079,183079.14~A3.K_9,9,,normal,183079.14~A3.K_9L.png,183079.14~A3.K_9R.png,train,/data5/chensx/MyProject/UAE/data/arrangement_merged/chr_09/183079.14~A3.K_9L.png,/data5/chensx/MyProject/UAE/data/arrangement_merged/chr_09/183079.14~A3.K_9R.png,0,-1.3335465762665788,,0.0003010034561157,-1.1347788887258325,chromosome
0,0.0003609657287597,183079,183079.14~A34.K_9,9,,normal,183079.14~A34.K_9L.png,183079.14~A34.K_9R.png,train,/data5/chensx/MyProject/UAE/data/arrangement_merged/chr_09/183079.14~A34.K_9L.png,/data5/chensx/MyProject/UAE/data/arrangement_merged/chr_09/183079.14~A34.K_9R.png,0,-1.2524625006568386,,0.0003609657287597,-0.5410810707617557,chromosome
0,0.0003937482833862,183079,183079.14~A38.K_9,9,,normal,183079.14~A38.K_9L.png,183079.14~A38.K_9R.png,train,/data5/chensx/MyProject/UAE/data/arrangement_merged/chr_09/183079.14~A38.K_9L.png,/data5/chensx/MyProject/UAE/data/arrangement_merged/chr_09/183079.14~A38.K_9R.png,0,-1.2081322406316326,,0.0003937482833862,-0.21649478857405513,chromosome
0,0.000318169593811,183079,183079.14~A6.K_9,9,,normal,183079.14~A6.K_9L.png,183079.14~A6.K_9R.png,train,/data5/chensx/MyProject/UAE/data/arrangement_merged/chr_09/183079.14~A6.K_9L.png,/data5/chensx/MyProject/UAE/data/arrangement_merged/chr_09/183079.14~A6.K_9R.png,0,-1.3103336401079255,,0.000318169593811,-0.9648137082351248,chromosome
0,0.0003806352615356,183079,183079.2~A40.K_9,9,,normal,183079.2~A40.K_9L.png,183079.2~A40.K_9R.png,train,/data5/chensx/MyProject/UAE/data/arrangement_merged/chr_09/183079.2~A40.K_9L.png,/data5/chensx/MyProject/UAE/data/arrangement_merged/chr_09/183079.2~A40.K_9R.png,0,-1.225864344641715,,0.0003806352615356,-0.34632930144913504,chromosome
0,0.0003277659416198,183079,183079.2~A8.K_9,9,,normal,183079.2~A8.K_9L.png,183079.2~A8.K_9R.png,train,/data5/chensx/MyProject/UAE/data/arrangement_merged/chr_09/183079.2~A8.K_9L.png,/data5/chensx/MyProject/UAE/data/arrangement_merged/chr_09/183079.2~A8.K_9R.png,0,-1.2973569639914562,,0.0003277659416198,-0.8697984510861109,chromosome
0,0.000422179698944,183079,183079.3~A16.K_9,9,,normal,183079.3~A16.K_9L.png,183079.3~A16.K_9R.png,train,/data5/chensx/MyProject/UAE/data/arrangement_merged/chr_09/183079.3~A16.K_9L.png,/data5/chensx/MyProject/UAE/data/arrangement_merged/chr_09/183079.3~A16.K_9R.png,0,-1.1696858151188632,,0.000422179698944,0.06501004161327781,chromosome
0,0.0005298852920532,183079,183079.3~A22.K_9,9,,normal,183079.3~A22.K_9L.png,183079.3~A22.K_9R.png,train,/data5/chensx/MyProject/UAE/data/arrangement_merged/chr_09/183079.3~A22.K_9L.png,/data5/chensx/MyProject/UAE/data/arrangement_merged/chr_09/183079.3~A22.K_9R.png,0,-1.0240407608178683,,0.0005298852920532,1.1314235178185903,chromosome
0,0.0003413558006286,183079,183079.3~A5.K_9,9,,normal,183079.3~A5.K_9L.png,183079.3~A5.K_9R.png,train,/data5/chensx/MyProject/UAE/data/arrangement_merged/chr_09/183079.3~A5.K_9L.png,/data5/chensx/MyProject/UAE/data/arrangement_merged/chr_09/183079.3~A5.K_9R.png,0,-1.2789800561991889,,0.0003413558006286,-0.7352426831974278,chromosome
0,0.0004526376724243,183079,183079.3~A7.K_9,9,,normal,183079.3~A7.K_9L.png,183079.3~A7.K_9R.png,train,/data5/chensx/MyProject/UAE/data/arrangement_merged/chr_09/183079.3~A7.K_9L.png,/data5/chensx/MyProject/UAE/data/arrangement_merged/chr_09/183079.3~A7.K_9R.png,0,-1.1284989735318085,,0.0004526376724243,0.3665802056099093,chromosome
0,0.0003952383995056,183079,183079.4~A13.K_9,9,,normal,183079.4~A13.K_9L.png,183079.4~A13.K_9R.png,train,/data5/chensx/MyProject/UAE/data/arrangement_merged/chr_09/183079.4~A13.K_9L.png,/data5/chensx/MyProject/UAE/data/arrangement_merged/chr_09/183079.4~A13.K_9R.png,0,-1.2061172288123052,,0.0003952383995056,-0.2017408666562974,chromosome
0,0.000345230102539,183079,183079.4~A17.K_9,9,,normal,183079.4~A17.K_9L.png,183079.4~A17.K_9R.png,train,/data5/chensx/MyProject/UAE/data/arrangement_merged/chr_09/183079.4~A17.K_9L.png,/data5/chensx/MyProject/UAE/data/arrangement_merged/chr_09/183079.4~A17.K_9R.png,0,-1.2737410254689374,,0.000345230102539,-0.6968824862116536,chromosome
0,0.0004031658172607,183079,183079.4~A18.K_9,9,,normal,183079.4~A18.K_9L.png,183079.4~A18.K_9R.png,train,/data5/chensx/MyProject/UAE/data/arrangement_merged/chr_09/183079.4~A18.K_9L.png,/data5/chensx/MyProject/UAE/data/arrangement_merged/chr_09/183079.4~A18.K_9R.png,0,-1.195397365933483,,0.0004031658172607,-0.12325000205489535,chromosome
0,0.0004178881645202,183079,183079.4~A23.K_9,9,,normal,183079.4~A23.K_9L.png,183079.4~A23.K_9R.png,train,/data5/chensx/MyProject/UAE/data/arrangement_merged/chr_09/183079.4~A23.K_9L.png,/data5/chensx/MyProject/UAE/data/arrangement_merged/chr_09/183079.4~A23.K_9R.png,0,-1.1754890491585266,,0.0004178881645202,0.022518746490847917,chromosome
0,0.0004142522811889,183079,183079.4~A29.K_9,9,,normal,183079.4~A29.K_9L.png,183079.4~A29.K_9R.png,train,/data5/chensx/MyProject/UAE/data/arrangement_merged/chr_09/183079.4~A29.K_9L.png,/data5/chensx/MyProject/UAE/data/arrangement_merged/chr_09/183079.4~A29.K_9R.png,0,-1.1804056779976857,,0.0004142522811889,-0.013480822988124237,chromosome
0,0.0003830194473266,183079,183079.4~A4.K_9,9,,normal,183079.4~A4.K_9L.png,183079.4~A4.K_9R.png,train,/data5/chensx/MyProject/UAE/data/arrangement_merged/chr_09/183079.4~A4.K_9L.png,/data5/chensx/MyProject/UAE/data/arrangement_merged/chr_09/183079.4~A4.K_9R.png,0,-1.222640325730791,,0.0003830194473266,-0.3227230263811191,chromosome
0,0.0003612041473388,183079,183079.4~A50.K_9,9,,normal,183079.4~A50.K_9L.png,183079.4~A50.K_9R.png,train,/data5/chensx/MyProject/UAE/data/arrangement_merged/chr_09/183079.4~A50.K_9L.png,/data5/chensx/MyProject/UAE/data/arrangement_merged/chr_09/183079.4~A50.K_9R.png,0,-1.252140098765746,,0.0003612041473388,-0.5387204432549536,chromosome
0,0.0005204677581787,183214,183214.11~A34.K_9,9,,normal,183214.11~A34.K_9L.png,183214.11~A34.K_9R.png,train,/data5/chensx/MyProject/UAE/data/arrangement_merged/chr_09/183214.11~A34.K_9L.png,/data5/chensx/MyProject/UAE/data/arrangement_merged/chr_09/183214.11~A34.K_9R.png,0,-1.0565544437542431,,0.0005204677581787,1.0381787312994304,chromosome
0,0.0004031658172607,183214,183214.11~A9.K_9,9,,normal,183214.11~A9.K_9L.png,183214.11~A9.K_9R.png,train,/data5/chensx/MyProject/UAE/data/arrangement_merged/chr_09/183214.11~A9.K_9L.png,/data5/chensx/MyProject/UAE/data/arrangement_merged/chr_09/183214.11~A9.K_9R.png,0,-1.2103996304250966,,0.0004031658172607,-0.12325000205489535,chromosome
0,0.0003473758697509,183214,183214.12~A1.K_9,9,,normal,183214.12~A1.K_9L.png,183214.12~A1.K_9R.png,train,/data5/chensx/MyProject/UAE/data/arrangement_merged/chr_09/183214.12~A1.K_9L.png,/data5/chensx/MyProject/UAE/data/arrangement_merged/chr_09/183214.12~A1.K_9R.png,0,-1.283569902134405,,0.0003473758697509,-0.6756368386504387,chromosome
0,0.0003868341445922,183214,183214.12~A24.K_9,9,,normal,183214.12~A24.K_9L.png,183214.12~A24.K_9R.png,train,/data5/chensx/MyProject/UAE/data/arrangement_merged/chr_09/183214.12~A24.K_9L.png,/data5/chensx/MyProject/UAE/data/arrangement_merged/chr_09/183214.12~A24.K_9R.png,0,-1.2318191330408557,,0.0003868341445922,-0.2849529862722928,chromosome
0,0.0003851056098937,183214,183214.12~A8.K_9,9,,normal,183214.12~A8.K_9L.png,183214.12~A8.K_9R.png,train,/data5/chensx/MyProject/UAE/data/arrangement_merged/chr_09/183214.12~A8.K_9L.png,/data5/chensx/MyProject/UAE/data/arrangement_merged/chr_09/183214.12~A8.K_9R.png,0,-1.234086160689969,,0.0003851056098937,-0.30206753569685213,chromosome
0,0.0004103779792785,183214,183214.13~A21.K_9,9,,normal,183214.13~A21.K_9L.png,183214.13~A21.K_9R.png,train,/data5/chensx/MyProject/UAE/data/arrangement_merged/chr_09/183214.13~A21.K_9L.png,/data5/chensx/MyProject/UAE/data/arrangement_merged/chr_09/183214.13~A21.K_9R.png,0,-1.20094065299259,,0.0004103779792785,-0.051841019973898464,chromosome
0,0.0003300905227661,183214,183214.13~A34.K_9,9,,normal,183214.13~A34.K_9L.png,183214.13~A34.K_9R.png,train,/data5/chensx/MyProject/UAE/data/arrangement_merged/chr_09/183214.13~A34.K_9L.png,/data5/chensx/MyProject/UAE/data/arrangement_merged/chr_09/183214.13~A34.K_9R.png,0,-1.3062401786255369,,0.0003300905227661,-0.8467823328940526,chromosome
0,0.0003397464752197,183214,183214.13~A49.K_9,9,,normal,183214.13~A49.K_9L.png,183214.13~A49.K_9R.png,train,/data5/chensx/MyProject/UAE/data/arrangement_merged/chr_09/183214.13~A49.K_9L.png,/data5/chensx/MyProject/UAE/data/arrangement_merged/chr_09/183214.13~A49.K_9R.png,0,-1.2935760931373874,,0.0003397464752197,-0.7511769188680912,chromosome
0,0.0003556609153747,183214,183214.13~A6.K_9,9,,normal,183214.13~A6.K_9L.png,183214.13~A6.K_9R.png,train,/data5/chensx/MyProject/UAE/data/arrangement_merged/chr_09/183214.13~A6.K_9L.png,/data5/chensx/MyProject/UAE/data/arrangement_merged/chr_09/183214.13~A6.K_9R.png,0,-1.272703804092104,,0.0003556609153747,-0.5936050327883392,chromosome
0,0.0003756284713745,183214,183214.14~A11.K_9,9,,normal,183214.14~A11.K_9L.png,183214.14~A11.K_9R.png,train,/data5/chensx/MyProject/UAE/data/arrangement_merged/chr_09/183214.14~A11.K_9L.png,/data5/chensx/MyProject/UAE/data/arrangement_merged/chr_09/183214.14~A11.K_9R.png,0,-1.246515726076486,,0.0003756284713745,-0.3959024790919696,chromosome
0,0.000584602355957,183214,183214.14~A17.K_9,9,,normal,183214.14~A17.K_9L.png,183214.14~A17.K_9R.png,train,/data5/chensx/MyProject/UAE/data/arrangement_merged/chr_09/183214.14~A17.K_9L.png,/data5/chensx/MyProject/UAE/data/arrangement_merged/chr_09/183214.14~A17.K_9R.png,0,-0.9724399006354232,,0.000584602355957,1.6731875306330315,chromosome
0,0.0003790259361267,183214,183214.14~A19.K_9,9,,normal,183214.14~A19.K_9L.png,183214.14~A19.K_9R.png,train,/data5/chensx/MyProject/UAE/data/arrangement_merged/chr_09/183214.14~A19.K_9L.png,/data5/chensx/MyProject/UAE/data/arrangement_merged/chr_09/183214.14~A19.K_9R.png,0,-1.2420598441454704,,0.0003790259361267,-0.3622635371197989,chromosome
0,0.0003263354301452,183214,183214.14~A21.K_9,9,,normal,183214.14~A21.K_9L.png,183214.14~A21.K_9R.png,train,/data5/chensx/MyProject/UAE/data/arrangement_merged/chr_09/183214.14~A21.K_9L.png,/data5/chensx/MyProject/UAE/data/arrangement_merged/chr_09/183214.14~A21.K_9R.png,0,-1.3111651007598173,,0.0003263354301452,-0.8839622161269212,chromosome
0,0.0003473758697509,183214,183214.14~A6.K_9,9,,normal,183214.14~A6.K_9L.png,183214.14~A6.K_9R.png,train,/data5/chensx/MyProject/UAE/data/arrangement_merged/chr_09/183214.14~A6.K_9L.png,/data5/chensx/MyProject/UAE/data/arrangement_merged/chr_09/183214.14~A6.K_9R.png,0,-1.283569902134405,,0.0003473758697509,-0.6756368386504387,chromosome
0,0.0003526210784912,183214,183214.2~A19.K_9,9,,normal,183214.2~A19.K_9L.png,183214.2~A19.K_9R.png,train,/data5/chensx/MyProject/UAE/data/arrangement_merged/chr_09/183214.2~A19.K_9L.png,/data5/chensx/MyProject/UAE/data/arrangement_merged/chr_09/183214.2~A19.K_9R.png,0,-1.2766906458198546,,0.0003526210784912,-0.6237030334998128,chromosome
0,0.0005812644958496,183214,183214.2~A25.K_9,9,,normal,183214.2~A25.K_9L.png,183214.2~A25.K_9R.png,train,/data5/chensx/MyProject/UAE/data/arrangement_merged/chr_09/183214.2~A25.K_9L.png,/data5/chensx/MyProject/UAE/data/arrangement_merged/chr_09/183214.2~A25.K_9R.png,0,-0.9768176091992278,,0.0005812644958496,1.640138745537809,chromosome
0,0.0003966689109802,183214,183214.2~A30.K_9,9,,normal,183214.2~A30.K_9L.png,183214.2~A30.K_9R.png,train,/data5/chensx/MyProject/UAE/data/arrangement_merged/chr_09/183214.2~A30.K_9L.png,/data5/chensx/MyProject/UAE/data/arrangement_merged/chr_09/183214.2~A30.K_9R.png,0,-1.218920527451074,,0.0003966689109802,-0.1875771016154876,chromosome
0,0.0004249811172485,183214,183214.2~A36.K_9,9,,normal,183214.2~A36.K_9L.png,183214.2~A36.K_9R.png,train,/data5/chensx/MyProject/UAE/data/arrangement_merged/chr_09/183214.2~A36.K_9L.png,/data5/chensx/MyProject/UAE/data/arrangement_merged/chr_09/183214.2~A36.K_9R.png,0,-1.181788178025944,,0.0004249811172485,0.09274741481893918,chromosome
0,0.000383973121643,183214,183214.2~A39.K_9,9,,normal,183214.2~A39.K_9L.png,183214.2~A39.K_9R.png,train,/data5/chensx/MyProject/UAE/data/arrangement_merged/chr_09/183214.2~A39.K_9L.png,/data5/chensx/MyProject/UAE/data/arrangement_merged/chr_09/183214.2~A39.K_9R.png,0,-1.235571454666974,,0.000383973121643,-0.3132805163539124,chromosome
0,0.0003083944320678,183214,183214.2~A45.K_9,9,,normal,183214.2~A45.K_9L.png,183214.2~A45.K_9R.png,train,/data5/chensx/MyProject/UAE/data/arrangement_merged/chr_09/183214.2~A45.K_9L.png,/data5/chensx/MyProject/UAE/data/arrangement_merged/chr_09/183214.2~A45.K_9R.png,0,-1.334695284290268,,0.0003083944320678,-1.0615994360149814,chromosome
0,0.0005171298980712,183214,183214.2~A6.K_9,9,,normal,183214.2~A6.K_9L.png,183214.2~A6.K_9R.png,train,/data5/chensx/MyProject/UAE/data/arrangement_merged/chr_09/183214.2~A6.K_9L.png,/data5/chensx/MyProject/UAE/data/arrangement_merged/chr_09/183214.2~A6.K_9R.png,0,-1.060932152318048,,0.0005171298980712,1.005129946203218,chromosome
0,0.0007503032684326,183214,183214.3~A12.K_9,9,,normal,183214.3~A12.K_9L.png,183214.3~A12.K_9R.png,train,/data5/chensx/MyProject/UAE/data/arrangement_merged/chr_09/183214.3~A12.K_9L.png,/data5/chensx/MyProject/UAE/data/arrangement_merged/chr_09/183214.3~A12.K_9R.png,0,-0.7551179397894004,,0.0007503032684326,3.313823647871059,chromosome
0,0.0003638863563537,183214,183214.3~A19.K_9,9,,normal,183214.3~A19.K_9L.png,183214.3~A19.K_9R.png,train,/data5/chensx/MyProject/UAE/data/arrangement_merged/chr_09/183214.3~A19.K_9L.png,/data5/chensx/MyProject/UAE/data/arrangement_merged/chr_09/183214.3~A19.K_9R.png,0,-1.2619158794170136,,0.0003638863563537,-0.5121633838031876,chromosome
0,0.000386357307434,183214,183214.3~A28.K_9,9,,normal,183214.3~A28.K_9L.png,183214.3~A28.K_9R.png,train,/data5/chensx/MyProject/UAE/data/arrangement_merged/chr_09/183214.3~A28.K_9L.png,/data5/chensx/MyProject/UAE/data/arrangement_merged/chr_09/183214.3~A28.K_9R.png,0,-1.232444519978542,,0.000386357307434,-0.2896742412858959,chromosome
0,0.0003879070281982,183214,183214.3~A4.K_9,9,,normal,183214.3~A4.K_9L.png,183214.3~A4.K_9R.png,train,/data5/chensx/MyProject/UAE/data/arrangement_merged/chr_09/183214.3~A4.K_9L.png,/data5/chensx/MyProject/UAE/data/arrangement_merged/chr_09/183214.3~A4.K_9R.png,0,-1.2304120124310614,,0.0003879070281982,-0.2743301624911902,chromosome
0,0.0003691911697387,183214,183214.3~A42.K_9,9,,normal,183214.3~A42.K_9L.png,183214.3~A42.K_9R.png,train,/data5/chensx/MyProject/UAE/data/arrangement_merged/chr_09/183214.3~A42.K_9L.png,/data5/chensx/MyProject/UAE/data/arrangement_merged/chr_09/183214.3~A42.K_9R.png,0,-1.2549584497352524,,0.0003691911697387,-0.45963942177660416,chromosome
0,0.0004937648773193,183214,183214.3~A43.K_9,9,,normal,183214.3~A43.K_9L.png,183214.3~A43.K_9R.png,train,/data5/chensx/MyProject/UAE/data/arrangement_merged/chr_09/183214.3~A43.K_9L.png,/data5/chensx/MyProject/UAE/data/arrangement_merged/chr_09/183214.3~A43.K_9R.png,0,-1.0915761122646814,,0.0004937648773193,0.7737884505356676,chromosome
0,0.0003649592399597,183214,183214.3~A47.K_9,9,,normal,183214.3~A47.K_9L.png,183214.3~A47.K_9R.png,train,/data5/chensx/MyProject/UAE/data/arrangement_merged/chr_09/183214.3~A47.K_9L.png,/data5/chensx/MyProject/UAE/data/arrangement_merged/chr_09/183214.3~A47.K_9R.png,0,-1.2605087588072192,,0.0003649592399597,-0.5015405600220856,chromosome
0,0.0003615021705627,183214,183214.4~A22.K_9,9,,normal,183214.4~A22.K_9L.png,183214.4~A22.K_9R.png,train,/data5/chensx/MyProject/UAE/data/arrangement_merged/chr_09/183214.4~A22.K_9L.png,/data5/chensx/MyProject/UAE/data/arrangement_merged/chr_09/183214.4~A22.K_9R.png,0,-1.2650428141054455,,0.0003615021705627,-0.5357696588712041,chromosome
0,0.000442624092102,183214,183214.4~A24.K_9,9,,normal,183214.4~A24.K_9L.png,183214.4~A24.K_9R.png,train,/data5/chensx/MyProject/UAE/data/arrangement_merged/chr_09/183214.4~A24.K_9L.png,/data5/chensx/MyProject/UAE/data/arrangement_merged/chr_09/183214.4~A24.K_9R.png,0,-1.158648861331547,,0.000442624092102,0.2674338503232505,chromosome
0,0.0005668401718139,183214,183214.4~A26.K_9,9,,normal,183214.4~A26.K_9L.png,183214.4~A26.K_9R.png,train,/data5/chensx/MyProject/UAE/data/arrangement_merged/chr_09/183214.4~A26.K_9L.png,/data5/chensx/MyProject/UAE/data/arrangement_merged/chr_09/183214.4~A26.K_9R.png,0,-0.9957355640642412,,0.0005668401718139,1.4973207813748242,chromosome
0,0.0003589391708374,183214,183214.4~A28.K_9,9,,normal,183214.4~A28.K_9L.png,183214.4~A28.K_9R.png,train,/data5/chensx/MyProject/UAE/data/arrangement_merged/chr_09/183214.4~A28.K_9L.png,/data5/chensx/MyProject/UAE/data/arrangement_merged/chr_09/183214.4~A28.K_9R.png,0,-1.26840426889551,,0.0003589391708374,-0.5611464045690742,chromosome
0,0.0004488229751586,183214,183214.4~A50.K_9,9,,normal,183214.4~A50.K_9L.png,183214.4~A50.K_9R.png,train,/data5/chensx/MyProject/UAE/data/arrangement_merged/chr_09/183214.4~A50.K_9L.png,/data5/chensx/MyProject/UAE/data/arrangement_merged/chr_09/183214.4~A50.K_9R.png,0,-1.1505188311416243,,0.0004488229751586,0.3288101655000933,chromosome
0,0.0003658533096313,183214,183214.4~A8.K_9,9,,normal,183214.4~A8.K_9L.png,183214.4~A8.K_9R.png,train,/data5/chensx/MyProject/UAE/data/arrangement_merged/chr_09/183214.4~A8.K_9L.png,/data5/chensx/MyProject/UAE/data/arrangement_merged/chr_09/183214.4~A8.K_9R.png,0,-1.2593361582990572,,0.0003658533096313,-0.4926882068718268,chromosome
0,0.0003491640090942,183262,183262.11~A16.K_9,9,,normal,183262.11~A16.K_9L.png,183262.11~A16.K_9R.png,train,/data5/chensx/MyProject/UAE/data/arrangement_merged/chr_09/183262.11~A16.K_9L.png,/data5/chensx/MyProject/UAE/data/arrangement_merged/chr_09/183262.11~A16.K_9R.png,0,-1.2484035595358016,,0.0003491640090942,-0.6579321323489314,chromosome
0,0.0003057122230529,183262,183262.12~A5.K_9,9,,normal,183262.12~A5.K_9L.png,183262.12~A5.K_9R.png,train,/data5/chensx/MyProject/UAE/data/arrangement_merged/chr_09/183262.12~A5.K_9L.png,/data5/chensx/MyProject/UAE/data/arrangement_merged/chr_09/183262.12~A5.K_9R.png,0,-1.3033616232424845,,0.0003057122230529,-1.0881564954667475,chromosome
0,0.0004154443740844,183262,183262.14~A1.K_9,9,,normal,183262.14~A1.K_9L.png,183262.14~A1.K_9R.png,train,/data5/chensx/MyProject/UAE/data/arrangement_merged/chr_09/183262.14~A1.K_9L.png,/data5/chensx/MyProject/UAE/data/arrangement_merged/chr_09/183262.14~A1.K_9R.png,0,-1.1645717806032485,,0.0004154443740844,-0.0016776854541159926,chromosome
0,0.0003242492675781,183262,183262.14~A16.K_9,9,,normal,183262.14~A16.K_9L.png,183262.14~A16.K_9R.png,train,/data5/chensx/MyProject/UAE/data/arrangement_merged/chr_09/183262.14~A16.K_9L.png,/data5/chensx/MyProject/UAE/data/arrangement_merged/chr_09/183262.14~A16.K_9R.png,0,-1.279915864925916,,0.0003242492675781,-0.9046177068111876,chromosome
0,0.0003525614738464,183262,183262.14~A21.K_9,9,,normal,183262.14~A21.K_9L.png,183262.14~A21.K_9R.png,train,/data5/chensx/MyProject/UAE/data/arrangement_merged/chr_09/183262.14~A21.K_9L.png,/data5/chensx/MyProject/UAE/data/arrangement_merged/chr_09/183262.14~A21.K_9R.png,0,-1.244106426982604,,0.0003525614738464,-0.6242931903767608,chromosome
0,0.000467300415039,183262,183262.14~A23.K_9,9,,normal,183262.14~A23.K_9L.png,183262.14~A23.K_9R.png,train,/data5/chensx/MyProject/UAE/data/arrangement_merged/chr_09/183262.14~A23.K_9L.png,/data5/chensx/MyProject/UAE/data/arrangement_merged/chr_09/183262.14~A23.K_9R.png,0,-1.0989839679491822,,0.000467300415039,0.5117587972787051,chromosome
0,0.0003135204315185,183262,183262.14~A29.K_9,9,,normal,183262.14~A29.K_9L.png,183262.14~A29.K_9R.png,train,/data5/chensx/MyProject/UAE/data/arrangement_merged/chr_09/183262.14~A29.K_9L.png,/data5/chensx/MyProject/UAE/data/arrangement_merged/chr_09/183262.14~A29.K_9R.png,0,-1.2934857571991711,,0.0003135204315185,-1.0108459446182516,chromosome
0,0.0003653764724731,183262,183262.14~A33.K_9,9,,normal,183262.14~A33.K_9L.png,183262.14~A33.K_9R.png,train,/data5/chensx/MyProject/UAE/data/arrangement_merged/chr_09/183262.14~A33.K_9L.png,/data5/chensx/MyProject/UAE/data/arrangement_merged/chr_09/183262.14~A33.K_9R.png,0,-1.227897944545105,,0.0003653764724731,-0.4974094618854299,chromosome
0,0.0004078745841979,183262,183262.14~A38.K_9,9,,normal,183262.14~A38.K_9L.png,183262.14~A38.K_9R.png,train,/data5/chensx/MyProject/UAE/data/arrangement_merged/chr_09/183262.14~A38.K_9L.png,/data5/chensx/MyProject/UAE/data/arrangement_merged/chr_09/183262.14~A38.K_9R.png,0,-1.1741460934849337,,0.0004078745841979,-0.07662760879581088,chromosome
0,0.0003378391265869,183262,183262.14~A45.K_9,9,,normal,183262.14~A45.K_9L.png,183262.14~A45.K_9R.png,train,/data5/chensx/MyProject/UAE/data/arrangement_merged/chr_09/183262.14~A45.K_9L.png,/data5/chensx/MyProject/UAE/data/arrangement_merged/chr_09/183262.14~A45.K_9R.png,0,-1.2627273347131265,,0.0003378391265869,-0.7700619389225041,chromosome
0,0.0003684163093566,183262,183262.14~A8.K_9,9,,normal,183262.14~A8.K_9L.png,183262.14~A8.K_9R.png,train,/data5/chensx/MyProject/UAE/data/arrangement_merged/chr_09/183262.14~A8.K_9L.png,/data5/chensx/MyProject/UAE/data/arrangement_merged/chr_09/183262.14~A8.K_9R.png,0,-1.2240531417343494,,0.0003684163093566,-0.4673114611739567,chromosome
0,0.0005736351013183,183262,183262.1~A2.K_9,9,,normal,183262.1~A2.K_9L.png,183262.1~A2.K_9R.png,train,/data5/chensx/MyProject/UAE/data/arrangement_merged/chr_09/183262.1~A2.K_9L.png,/data5/chensx/MyProject/UAE/data/arrangement_merged/chr_09/183262.1~A2.K_9R.png,0,-0.9644912578631434,,0.0005736351013183,1.5645986653191655,chromosome
0,0.0003848075866699,183262,183262.1~A24.K_9,9,,normal,183262.1~A24.K_9L.png,183262.1~A24.K_9R.png,train,/data5/chensx/MyProject/UAE/data/arrangement_merged/chr_09/183262.1~A24.K_9L.png,/data5/chensx/MyProject/UAE/data/arrangement_merged/chr_09/183262.1~A24.K_9R.png,0,-1.203321361872432,,0.0003848075866699,-0.3050183200796118,chromosome
0,0.0004923939704895,183262,183262.1~A26.K_9,9,,normal,183262.1~A26.K_9L.png,183262.1~A26.K_9R.png,train,/data5/chensx/MyProject/UAE/data/arrangement_merged/chr_09/183262.1~A26.K_9L.png,/data5/chensx/MyProject/UAE/data/arrangement_merged/chr_09/183262.1~A26.K_9R.png,0,-1.0672454976878467,,0.0004923939704895,0.7602148423718051,chromosome
0,0.0003772974014282,183262,183262.1~A42.K_9,9,,normal,183262.1~A42.K_9L.png,183262.1~A42.K_9R.png,train,/data5/chensx/MyProject/UAE/data/arrangement_merged/chr_09/183262.1~A42.K_9L.png,/data5/chensx/MyProject/UAE/data/arrangement_merged/chr_09/183262.1~A42.K_9R.png,0,-1.2128202864637103,,0.0003772974014282,-0.37937808654435823,chromosome
0,0.000371515750885,183262,183262.1~A9.K_9,9,,normal,183262.1~A9.K_9L.png,183262.1~A9.K_9R.png,train,/data5/chensx/MyProject/UAE/data/arrangement_merged/chr_09/183262.1~A9.K_9L.png,/data5/chensx/MyProject/UAE/data/arrangement_merged/chr_09/183262.1~A9.K_9R.png,0,-1.220132950633187,,0.000371515750885,-0.4366233035845453,chromosome
0,0.0003650188446044,183262,183262.2~A10.K_9,9,,normal,183262.2~A10.K_9L.png,183262.2~A10.K_9R.png,train,/data5/chensx/MyProject/UAE/data/arrangement_merged/chr_09/183262.2~A10.K_9L.png,/data5/chensx/MyProject/UAE/data/arrangement_merged/chr_09/183262.2~A10.K_9R.png,0,-1.228350274287547,,0.0003650188446044,-0.5009504031461279,chromosome
0,0.0004274249076843,183262,183262.2~A22.K_9,9,,normal,183262.2~A22.K_9L.png,183262.2~A22.K_9R.png,train,/data5/chensx/MyProject/UAE/data/arrangement_merged/chr_09/183262.2~A22.K_9L.png,/data5/chensx/MyProject/UAE/data/arrangement_merged/chr_09/183262.2~A22.K_9R.png,0,-1.1494187342314468,,0.0004274249076843,0.11694384676390362,chromosome
0,0.0003315210342407,183262,183262.2~A23.K_9,9,,normal,183262.2~A23.K_9L.png,183262.2~A23.K_9R.png,train,/data5/chensx/MyProject/UAE/data/arrangement_merged/chr_09/183262.2~A23.K_9L.png,/data5/chensx/MyProject/UAE/data/arrangement_merged/chr_09/183262.2~A23.K_9R.png,0,-1.2707184934962654,,0.0003315210342407,-0.8326185678532427,chromosome
0,0.0003384947776794,183262,183262.2~A44.K_9,9,,normal,183262.2~A44.K_9L.png,183262.2~A44.K_9R.png,train,/data5/chensx/MyProject/UAE/data/arrangement_merged/chr_09/183262.2~A44.K_9L.png,/data5/chensx/MyProject/UAE/data/arrangement_merged/chr_09/183262.2~A44.K_9R.png,0,-1.2618980635186496,,0.0003384947776794,-0.7635702132790474,chromosome
0,0.0004205107688903,183262,183262.2~A45.K_9,9,,normal,183262.2~A45.K_9L.png,183262.2~A45.K_9R.png,train,/data5/chensx/MyProject/UAE/data/arrangement_merged/chr_09/183262.2~A45.K_9L.png,/data5/chensx/MyProject/UAE/data/arrangement_merged/chr_09/183262.2~A45.K_9R.png,0,-1.1581637759186556,,0.0004205107688903,0.048485649065665944,chromosome
0,0.0004284381866455,183262,183262.3~A17.K_9,9,,normal,183262.3~A17.K_9L.png,183262.3~A17.K_9R.png,train,/data5/chensx/MyProject/UAE/data/arrangement_merged/chr_09/183262.3~A17.K_9L.png,/data5/chensx/MyProject/UAE/data/arrangement_merged/chr_09/183262.3~A17.K_9R.png,0,-1.1481371332945285,,0.0004284381866455,0.1269765136680583,chromosome
0,0.000347077846527,183262,183262.3~A24.K_9,9,,normal,183262.3~A24.K_9L.png,183262.3~A24.K_9R.png,train,/data5/chensx/MyProject/UAE/data/arrangement_merged/chr_09/183262.3~A24.K_9L.png,/data5/chensx/MyProject/UAE/data/arrangement_merged/chr_09/183262.3~A24.K_9R.png,0,-1.2510421497000457,,0.000347077846527,-0.6785876230341882,chromosome
0,0.0005460381507873,183262,183262.3~A30.K_9,9,,normal,183262.3~A30.K_9L.png,183262.3~A30.K_9R.png,train,/data5/chensx/MyProject/UAE/data/arrangement_merged/chr_09/183262.3~A30.K_9L.png,/data5/chensx/MyProject/UAE/data/arrangement_merged/chr_09/183262.3~A30.K_9R.png,0,-0.9993960363215716,,0.0005460381507873,1.2913560314051433,chromosome
0,0.0004469156265258,183262,183262.3~A41.K_9,9,,normal,183262.3~A41.K_9L.png,183262.3~A41.K_9R.png,train,/data5/chensx/MyProject/UAE/data/arrangement_merged/chr_09/183262.3~A41.K_9L.png,/data5/chensx/MyProject/UAE/data/arrangement_merged/chr_09/183262.3~A41.K_9R.png,0,-1.1247667632683669,,0.0004469156265258,0.30992514544567984,chromosome
0,0.0003445148468017,183262,183262.4~A14.K_9,9,,normal,183262.4~A14.K_9L.png,183262.4~A14.K_9R.png,train,/data5/chensx/MyProject/UAE/data/arrangement_merged/chr_09/183262.4~A14.K_9L.png,/data5/chensx/MyProject/UAE/data/arrangement_merged/chr_09/183262.4~A14.K_9R.png,0,-1.2542838461875454,,0.0003445148468017,-0.7039643687320583,chromosome
0,0.0003483891487121,183262,183262.4~A19.K_9,9,,normal,183262.4~A19.K_9L.png,183262.4~A19.K_9R.png,train,/data5/chensx/MyProject/UAE/data/arrangement_merged/chr_09/183262.4~A19.K_9L.png,/data5/chensx/MyProject/UAE/data/arrangement_merged/chr_09/183262.4~A19.K_9R.png,0,-1.2493836073110922,,0.0003483891487121,-0.6656041717462845,chromosome
0,0.0003938674926757,183262,183262.4~A24.K_9,9,,normal,183262.4~A24.K_9L.png,183262.4~A24.K_9R.png,train,/data5/chensx/MyProject/UAE/data/arrangement_merged/chr_09/183262.4~A24.K_9L.png,/data5/chensx/MyProject/UAE/data/arrangement_merged/chr_09/183262.4~A24.K_9R.png,0,-1.1918623417305725,,0.0003938674926757,-0.21531447482114952,chromosome
0,0.0004583597183227,183262,183262.4~A29.K_9,9,,normal,183262.4~A29.K_9L.png,183262.4~A29.K_9R.png,train,/data5/chensx/MyProject/UAE/data/arrangement_merged/chr_09/183262.4~A29.K_9L.png,/data5/chensx/MyProject/UAE/data/arrangement_merged/chr_09/183262.4~A29.K_9R.png,0,-1.110292211510228,,0.0004583597183227,0.42323526577314896,chromosome
0,0.0005258321762084,183262,183262.4~A31.K_9,9,,normal,183262.4~A31.K_9L.png,183262.4~A31.K_9R.png,train,/data5/chensx/MyProject/UAE/data/arrangement_merged/chr_09/183262.4~A31.K_9L.png,/data5/chensx/MyProject/UAE/data/arrangement_merged/chr_09/183262.4~A31.K_9R.png,0,-1.0249526667695352,,0.0005258321762084,1.0912928502019728,chromosome
0,0.0004234313964843,183262,183262.4~A50.K_9,9,,normal,183262.4~A50.K_9L.png,183262.4~A50.K_9R.png,train,/data5/chensx/MyProject/UAE/data/arrangement_merged/chr_09/183262.4~A50.K_9L.png,/data5/chensx/MyProject/UAE/data/arrangement_merged/chr_09/183262.4~A50.K_9R.png,0,-1.154469749688714,,0.0004234313964843,0.07740333602423348,chromosome
0,0.0003678798675537,183786,183786.11~A44.K_9,9,,normal,183786.11~A44.K_9L.png,183786.11~A44.K_9R.png,train,/data5/chensx/MyProject/UAE/data/arrangement_merged/chr_09/183786.11~A44.K_9L.png,/data5/chensx/MyProject/UAE/data/arrangement_merged/chr_09/183786.11~A44.K_9R.png,0,-0.547166062883723,,0.0003678798675537,-0.472622873063518,chromosome
0,0.0003722310066223,183786,183786.12~A1.K_9,9,,normal,183786.12~A1.K_9L.png,183786.12~A1.K_9R.png,train,/data5/chensx/MyProject/UAE/data/arrangement_merged/chr_09/183786.12~A1.K_9L.png,/data5/chensx/MyProject/UAE/data/arrangement_merged/chr_09/183786.12~A1.K_9R.png,0,-0.5448969337264921,,0.0003722310066223,-0.4295414210641407,chromosome
0,0.0004474520683288,183786,183786.12~A12.K_9,9,,normal,183786.12~A12.K_9L.png,183786.12~A12.K_9R.png,train,/data5/chensx/MyProject/UAE/data/arrangement_merged/chr_09/183786.12~A12.K_9L.png,/data5/chensx/MyProject/UAE/data/arrangement_merged/chr_09/183786.12~A12.K_9R.png,0,-0.5056689748713481,,0.0004474520683288,0.31523655733623146,chromosome
0,0.0003101825714111,183786,183786.12~A15.K_9,9,,normal,183786.12~A15.K_9L.png,183786.12~A15.K_9R.png,train,/data5/chensx/MyProject/UAE/data/arrangement_merged/chr_09/183786.12~A15.K_9L.png,/data5/chensx/MyProject/UAE/data/arrangement_merged/chr_09/183786.12~A15.K_9R.png,0,-0.5772553371878271,,0.0003101825714111,-1.0438947297134742,chromosome
0,0.0004269480705261,183786,183786.12~A16.K_9,9,,normal,183786.12~A16.K_9L.png,183786.12~A16.K_9R.png,train,/data5/chensx/MyProject/UAE/data/arrangement_merged/chr_09/183786.12~A16.K_9L.png,/data5/chensx/MyProject/UAE/data/arrangement_merged/chr_09/183786.12~A16.K_9R.png,0,-0.5163618574752858,,0.0004269480705261,0.11222259175030054,chromosome
0,0.0004446506500244,183786,183786.12~A34.K_9,9,,normal,183786.12~A34.K_9L.png,183786.12~A34.K_9R.png,train,/data5/chensx/MyProject/UAE/data/arrangement_merged/chr_09/183786.12~A34.K_9L.png,/data5/chensx/MyProject/UAE/data/arrangement_merged/chr_09/183786.12~A34.K_9R.png,0,-0.5071299210410721,,0.0004446506500244,0.28749918413155984,chromosome
0,0.0003901720046997,183786,183786.12~A41.K_9,9,,normal,183786.12~A41.K_9L.png,183786.12~A41.K_9R.png,train,/data5/chensx/MyProject/UAE/data/arrangement_merged/chr_09/183786.12~A41.K_9L.png,/data5/chensx/MyProject/UAE/data/arrangement_merged/chr_09/183786.12~A41.K_9R.png,0,-0.5355406614480465,,0.0003901720046997,-0.25190420117607987,chromosome
0,0.0003632307052612,183786,183786.12~A47.K_9,9,,normal,183786.12~A47.K_9L.png,183786.12~A47.K_9R.png,train,/data5/chensx/MyProject/UAE/data/arrangement_merged/chr_09/183786.12~A47.K_9L.png,/data5/chensx/MyProject/UAE/data/arrangement_merged/chr_09/183786.12~A47.K_9R.png,0,-0.5495906118462438,,0.0003632307052612,-0.5186551094466448,chromosome
0,0.0003281235694885,183786,183786.13~A10.K_9,9,,normal,183786.13~A10.K_9L.png,183786.13~A10.K_9R.png,train,/data5/chensx/MyProject/UAE/data/arrangement_merged/chr_09/183786.13~A10.K_9L.png,/data5/chensx/MyProject/UAE/data/arrangement_merged/chr_09/183786.13~A10.K_9R.png,0,-0.5678990649093815,,0.0003281235694885,-0.8662575098254134,chromosome
0,0.0004774928092956,183786,183786.13~A12.K_9,9,,normal,183786.13~A12.K_9L.png,183786.13~A12.K_9R.png,train,/data5/chensx/MyProject/UAE/data/arrangement_merged/chr_09/183786.13~A12.K_9L.png,/data5/chensx/MyProject/UAE/data/arrangement_merged/chr_09/183786.13~A12.K_9R.png,0,-0.4900026584981368,,0.0004774928092956,0.6126756231952175,chromosome
0,0.0003046989440917,183786,183786.13~A29.K_9,9,,normal,183786.13~A29.K_9L.png,183786.13~A29.K_9R.png,train,/data5/chensx/MyProject/UAE/data/arrangement_merged/chr_09/183786.13~A29.K_9L.png,/data5/chensx/MyProject/UAE/data/arrangement_merged/chr_09/183786.13~A29.K_9R.png,0,-0.5801150616051594,,0.0003046989440917,-1.0981891623709021,chromosome
0,0.0003551840782165,183786,183786.13~A34.K_9,9,,normal,183786.13~A34.K_9L.png,183786.13~A34.K_9R.png,train,/data5/chensx/MyProject/UAE/data/arrangement_merged/chr_09/183786.13~A34.K_9L.png,/data5/chensx/MyProject/UAE/data/arrangement_merged/chr_09/183786.13~A34.K_9R.png,0,-0.5537869465890682,,0.0003551840782165,-0.5983262878019427,chromosome
0,0.0003629922866821,183786,183786.13~A43.K_9,9,,normal,183786.13~A43.K_9L.png,183786.13~A43.K_9R.png,train,/data5/chensx/MyProject/UAE/data/arrangement_merged/chr_09/183786.13~A43.K_9L.png,/data5/chensx/MyProject/UAE/data/arrangement_merged/chr_09/183786.13~A43.K_9R.png,0,-0.5497149476904757,,0.0003629922866821,-0.5210157369534464,chromosome
0,0.0004564523696899,183786,183786.14~A17.K_9,9,,normal,183786.14~A17.K_9L.png,183786.14~A17.K_9R.png,train,/data5/chensx/MyProject/UAE/data/arrangement_merged/chr_09/183786.14~A17.K_9L.png,/data5/chensx/MyProject/UAE/data/arrangement_merged/chr_09/183786.14~A17.K_9R.png,0,-0.5009752967515962,,0.0004564523696899,0.40435024571873557,chromosome
0,0.0003226995468139,183786,183786.14~A24.K_9,9,,normal,183786.14~A24.K_9L.png,183786.14~A24.K_9R.png,train,/data5/chensx/MyProject/UAE/data/arrangement_merged/chr_09/183786.14~A24.K_9L.png,/data5/chensx/MyProject/UAE/data/arrangement_merged/chr_09/183786.14~A24.K_9R.png,0,-0.5707277053656558,,0.0003226995468139,-0.9199617856058934,chromosome
0,0.0004201531410217,183786,183786.14~A38.K_9,9,,normal,183786.14~A38.K_9L.png,183786.14~A38.K_9R.png,train,/data5/chensx/MyProject/UAE/data/arrangement_merged/chr_09/183786.14~A38.K_9L.png,/data5/chensx/MyProject/UAE/data/arrangement_merged/chr_09/183786.14~A38.K_9R.png,0,-0.5199054290358932,,0.0004201531410217,0.04494470780595878,chromosome
0,0.0004572868347167,183786,183786.14~A39.K_9,9,,normal,183786.14~A39.K_9L.png,183786.14~A39.K_9R.png,train,/data5/chensx/MyProject/UAE/data/arrangement_merged/chr_09/183786.14~A39.K_9L.png,/data5/chensx/MyProject/UAE/data/arrangement_merged/chr_09/183786.14~A39.K_9R.png,0,-0.5005401212967848,,0.0004572868347167,0.41261244199204633,chromosome
0,0.0004051923751831,183786,183786.1~A44.K_9,9,,normal,183786.1~A44.K_9L.png,183786.1~A44.K_9R.png,train,/data5/chensx/MyProject/UAE/data/arrangement_merged/chr_09/183786.1~A44.K_9L.png,/data5/chensx/MyProject/UAE/data/arrangement_merged/chr_09/183786.1~A44.K_9R.png,0,-0.5277075032614408,,0.0004051923751831,-0.10318466824658656,chromosome
0,0.0004575252532958,183786,183786.2~A14.K_9,9,,normal,183786.2~A14.K_9L.png,183786.2~A14.K_9R.png,train,/data5/chensx/MyProject/UAE/data/arrangement_merged/chr_09/183786.2~A14.K_9L.png,/data5/chensx/MyProject/UAE/data/arrangement_merged/chr_09/183786.2~A14.K_9R.png,0,-0.500415785452553,,0.0004575252532958,0.4149730694988479,chromosome
0,0.0003978013992309,183786,183786.2~A4.K_9,9,,normal,183786.2~A4.K_9L.png,183786.2~A4.K_9R.png,train,/data5/chensx/MyProject/UAE/data/arrangement_merged/chr_09/183786.2~A4.K_9L.png,/data5/chensx/MyProject/UAE/data/arrangement_merged/chr_09/183786.2~A4.K_9R.png,0,-0.5315619144326277,,0.0003978013992309,-0.17636412095842732,chromosome
0,0.0004041194915771,183786,183786.2~A49.K_9,9,,normal,183786.2~A49.K_9L.png,183786.2~A49.K_9R.png,train,/data5/chensx/MyProject/UAE/data/arrangement_merged/chr_09/183786.2~A49.K_9L.png,/data5/chensx/MyProject/UAE/data/arrangement_merged/chr_09/183786.2~A49.K_9R.png,0,-0.5282670145604841,,0.0004041194915771,-0.11380749202768918,chromosome
0,0.0003364086151123,183786,183786.3~A1.K_9,9,,normal,183786.3~A1.K_9L.png,183786.3~A1.K_9R.png,train,/data5/chensx/MyProject/UAE/data/arrangement_merged/chr_09/183786.3~A1.K_9L.png,/data5/chensx/MyProject/UAE/data/arrangement_merged/chr_09/183786.3~A1.K_9R.png,0,-0.5635783943223253,,0.0003364086151123,-0.7842257039633139,chromosome
0,0.0003685355186462,183786,183786.3~A25.K_9,9,,normal,183786.3~A25.K_9L.png,183786.3~A25.K_9R.png,train,/data5/chensx/MyProject/UAE/data/arrangement_merged/chr_09/183786.3~A25.K_9L.png,/data5/chensx/MyProject/UAE/data/arrangement_merged/chr_09/183786.3~A25.K_9R.png,0,-0.5468241393120855,,0.0003685355186462,-0.46613114742006084,chromosome
0,0.0004510879516601,183786,183786.3~A36.K_9,9,,normal,183786.3~A36.K_9L.png,183786.3~A36.K_9R.png,train,/data5/chensx/MyProject/UAE/data/arrangement_merged/chr_09/183786.3~A36.K_9L.png,/data5/chensx/MyProject/UAE/data/arrangement_merged/chr_09/183786.3~A36.K_9R.png,0,-0.5037728532468125,,0.0004510879516601,0.3512361268152036,chromosome
0,0.0003354549407958,183786,183786.3~A37.K_9,9,,normal,183786.3~A37.K_9L.png,183786.3~A37.K_9R.png,train,/data5/chensx/MyProject/UAE/data/arrangement_merged/chr_09/183786.3~A37.K_9L.png,/data5/chensx/MyProject/UAE/data/arrangement_merged/chr_09/183786.3~A37.K_9R.png,0,-0.5640757376992526,,0.0003354549407958,-0.7936682139915109,chromosome
0,0.0003324151039123,183786,183786.3~A44.K_9,9,,normal,183786.3~A44.K_9L.png,183786.3~A44.K_9R.png,train,/data5/chensx/MyProject/UAE/data/arrangement_merged/chr_09/183786.3~A44.K_9L.png,/data5/chensx/MyProject/UAE/data/arrangement_merged/chr_09/183786.3~A44.K_9R.png,0,-0.5656610197132085,,0.0003324151039123,-0.8237662147029841,chromosome
0,0.0004434585571289,183786,183786.4~A49.K_9,9,,normal,183786.4~A49.K_9L.png,183786.4~A49.K_9R.png,train,/data5/chensx/MyProject/UAE/data/arrangement_merged/chr_09/183786.4~A49.K_9L.png,/data5/chensx/MyProject/UAE/data/arrangement_merged/chr_09/183786.4~A49.K_9R.png,0,-0.5077516002622313,,0.0004434585571289,0.2756960465975516,chromosome
0,0.0005410909652709,183786,183786.5~A1.K_9,9,,normal,183786.5~A1.K_9L.png,183786.5~A1.K_9R.png,train,/data5/chensx/MyProject/UAE/data/arrangement_merged/chr_09/183786.5~A1.K_9L.png,/data5/chensx/MyProject/UAE/data/arrangement_merged/chr_09/183786.5~A1.K_9R.png,0,-0.4568360720492948,,0.0005410909652709,1.2423730106382675,chromosome
0,0.0003156065940856,183786,183786.5~A31.K_9,9,,normal,183786.5~A31.K_9L.png,183786.5~A31.K_9R.png,train,/data5/chensx/MyProject/UAE/data/arrangement_merged/chr_09/183786.5~A31.K_9L.png,/data5/chensx/MyProject/UAE/data/arrangement_merged/chr_09/183786.5~A31.K_9R.png,0,-0.5744266967315529,,0.0003156065940856,-0.9901904539339845,chromosome
0,0.0004196763038635,183786,183786.5~A33.K_9,9,,normal,183786.5~A33.K_9L.png,183786.5~A33.K_9R.png,train,/data5/chensx/MyProject/UAE/data/arrangement_merged/chr_09/183786.5~A33.K_9L.png,/data5/chensx/MyProject/UAE/data/arrangement_merged/chr_09/183786.5~A33.K_9R.png,0,-0.5201541007243569,,0.0004196763038635,0.040223452792355695,chromosome
0,0.000411570072174,183786,183786.5~A42.K_9,9,,normal,183786.5~A42.K_9L.png,183786.5~A42.K_9R.png,train,/data5/chensx/MyProject/UAE/data/arrangement_merged/chr_09/183786.5~A42.K_9L.png,/data5/chensx/MyProject/UAE/data/arrangement_merged/chr_09/183786.5~A42.K_9R.png,0,-0.5243815194282393,,0.000411570072174,-0.040037882439890225,chromosome
0,0.0002636313438415,183786,183786.5~A44.K_9,9,,normal,183786.5~A44.K_9L.png,183786.5~A44.K_9R.png,train,/data5/chensx/MyProject/UAE/data/arrangement_merged/chr_09/183786.5~A44.K_9L.png,/data5/chensx/MyProject/UAE/data/arrangement_merged/chr_09/183786.5~A44.K_9R.png,0,-0.601531910774093,,0.0002636313438415,-1.5048072504197119,chromosome
0,0.0004914999008178,183786,183786.5~A6.K_9,9,,normal,183786.5~A6.K_9L.png,183786.5~A6.K_9R.png,train,/data5/chensx/MyProject/UAE/data/arrangement_merged/chr_09/183786.5~A6.K_9L.png,/data5/chensx/MyProject/UAE/data/arrangement_merged/chr_09/183786.5~A6.K_9R.png,0,-0.4826979276495165,,0.0004914999008178,0.7513624892205562,chromosome
0,0.0003876090049743,183786,183786.5~A8.K_9,9,,normal,183786.5~A8.K_9L.png,183786.5~A8.K_9R.png,train,/data5/chensx/MyProject/UAE/data/arrangement_merged/chr_09/183786.5~A8.K_9L.png,/data5/chensx/MyProject/UAE/data/arrangement_merged/chr_09/183786.5~A8.K_9R.png,0,-0.5368772717735387,,0.0003876090049743,-0.2772809468749397,chromosome
0,0.0003679990768432,184752,184752.11~A43.K_9,9,,normal,184752.11~A43.K_9L.png,184752.11~A43.K_9R.png,train,/data5/chensx/MyProject/UAE/data/arrangement_merged/chr_09/184752.11~A43.K_9L.png,/data5/chensx/MyProject/UAE/data/arrangement_merged/chr_09/184752.11~A43.K_9R.png,0,-1.2851594650038574,,0.0003679990768432,-0.4714425593106124,chromosome
0,0.0004094839096069,184752,184752.13~A19.K_9,9,,normal,184752.13~A19.K_9L.png,184752.13~A19.K_9R.png,train,/data5/chensx/MyProject/UAE/data/arrangement_merged/chr_09/184752.13~A19.K_9L.png,/data5/chensx/MyProject/UAE/data/arrangement_merged/chr_09/184752.13~A19.K_9R.png,0,-1.219351415348958,,0.0004094839096069,-0.060693373124157214,chromosome
0,0.0004153251647949,184752,184752.13~A20.K_9,9,,normal,184752.13~A20.K_9L.png,184752.13~A20.K_9R.png,train,/data5/chensx/MyProject/UAE/data/arrangement_merged/chr_09/184752.13~A20.K_9L.png,/data5/chensx/MyProject/UAE/data/arrangement_merged/chr_09/184752.13~A20.K_9R.png,0,-1.2100853393918023,,0.0004153251647949,-0.0028579992070221533,chromosome
0,0.0003562569618225,184752,184752.14~A10.K_9,9,,normal,184752.14~A10.K_9L.png,184752.14~A10.K_9R.png,train,/data5/chensx/MyProject/UAE/data/arrangement_merged/chr_09/184752.14~A10.K_9L.png,/data5/chensx/MyProject/UAE/data/arrangement_merged/chr_09/184752.14~A10.K_9R.png,0,-1.3037861687136494,,0.0003562569618225,-0.5877034640208402,chromosome
0,0.0003769993782043,184752,184752.14~A14.K_9,9,,normal,184752.14~A14.K_9L.png,184752.14~A14.K_9R.png,train,/data5/chensx/MyProject/UAE/data/arrangement_merged/chr_09/184752.14~A14.K_9L.png,/data5/chensx/MyProject/UAE/data/arrangement_merged/chr_09/184752.14~A14.K_9R.png,0,-1.2708821438861997,,0.0003769993782043,-0.38232887092810774,chromosome
0,0.0002875328063964,184752,184752.14~A43.K_9,9,,normal,184752.14~A43.K_9L.png,184752.14~A43.K_9R.png,train,/data5/chensx/MyProject/UAE/data/arrangement_merged/chr_09/184752.14~A43.K_9L.png,/data5/chensx/MyProject/UAE/data/arrangement_merged/chr_09/184752.14~A43.K_9R.png,0,-1.4128043889034467,,0.0002875328063964,-1.2681543428616098,chromosome
0,0.000329852104187,184752,184752.2~A30.K_9,9,,normal,184752.2~A30.K_9L.png,184752.2~A30.K_9R.png,train,/data5/chensx/MyProject/UAE/data/arrangement_merged/chr_09/184752.2~A30.K_9L.png,/data5/chensx/MyProject/UAE/data/arrangement_merged/chr_09/184752.2~A30.K_9R.png,0,-1.345672614111811,,0.000329852104187,-0.8491429604008541,chromosome
0,0.000403344631195,184752,184752.2~A50.K_9,9,,normal,184752.2~A50.K_9L.png,184752.2~A50.K_9R.png,train,/data5/chensx/MyProject/UAE/data/arrangement_merged/chr_09/184752.2~A50.K_9L.png,/data5/chensx/MyProject/UAE/data/arrangement_merged/chr_09/184752.2~A50.K_9R.png,0,-1.2290902502835193,,0.000403344631195,-0.12147953142504177,chromosome
0,0.0003523826599121,184752,184752.3~A13.K_9,9,,normal,184752.3~A13.K_9L.png,184752.3~A13.K_9R.png,train,/data5/chensx/MyProject/UAE/data/arrangement_merged/chr_09/184752.3~A13.K_9L.png,/data5/chensx/MyProject/UAE/data/arrangement_merged/chr_09/184752.3~A13.K_9R.png,0,-1.3099320354199258,,0.0003523826599121,-0.6260636610066144,chromosome
0,0.0004301667213439,184752,184752.3~A16.K_9,9,,normal,184752.3~A16.K_9L.png,184752.3~A16.K_9R.png,train,/data5/chensx/MyProject/UAE/data/arrangement_merged/chr_09/184752.3~A16.K_9L.png,/data5/chensx/MyProject/UAE/data/arrangement_merged/chr_09/184752.3~A16.K_9R.png,0,-1.1865419423169894,,0.0004301667213439,0.14409106309162728,chromosome
0,0.0004456043243408,184752,184752.4~A27.K_9,9,,normal,184752.4~A27.K_9L.png,184752.4~A27.K_9R.png,train,/data5/chensx/MyProject/UAE/data/arrangement_merged/chr_09/184752.4~A27.K_9L.png,/data5/chensx/MyProject/UAE/data/arrangement_merged/chr_09/184752.4~A27.K_9R.png,0,-1.1620530272873644,,0.0004456043243408,0.296941694158766,chromosome
0,0.0004236698150634,184793,184793.11~A18.K_9,9,,normal,184793.11~A18.K_9L.png,184793.11~A18.K_9R.png,train,/data5/chensx/MyProject/UAE/data/arrangement_merged/chr_09/184793.11~A18.K_9L.png,/data5/chensx/MyProject/UAE/data/arrangement_merged/chr_09/184793.11~A18.K_9R.png,0,-1.1463418415459743,,0.0004236698150634,0.07976396353103556,chromosome
0,0.000392198562622,184793,184793.12~A12.K_9,9,,normal,184793.12~A12.K_9L.png,184793.12~A12.K_9R.png,train,/data5/chensx/MyProject/UAE/data/arrangement_merged/chr_09/184793.12~A12.K_9L.png,/data5/chensx/MyProject/UAE/data/arrangement_merged/chr_09/184793.12~A12.K_9R.png,0,-1.1863235464893709,,0.000392198562622,-0.23183886736876083,chromosome
0,0.0003268718719482,184793,184793.12~A27.K_9,9,,normal,184793.12~A27.K_9L.png,184793.12~A27.K_9R.png,train,/data5/chensx/MyProject/UAE/data/arrangement_merged/chr_09/184793.12~A27.K_9L.png,/data5/chensx/MyProject/UAE/data/arrangement_merged/chr_09/184793.12~A27.K_9R.png,0,-1.2693158734173289,,0.0003268718719482,-0.8786508042363695,chromosome
0,0.0004422068595886,184793,184793.12~A32.K_9,9,,normal,184793.12~A32.K_9L.png,184793.12~A32.K_9R.png,train,/data5/chensx/MyProject/UAE/data/arrangement_merged/chr_09/184793.12~A32.K_9L.png,/data5/chensx/MyProject/UAE/data/arrangement_merged/chr_09/184793.12~A32.K_9R.png,0,-1.122792011550906,,0.0004422068595886,0.2633027521865954,chromosome
0,0.0005895495414733,184793,184793.12~A38.K_9,9,,normal,184793.12~A38.K_9L.png,184793.12~A38.K_9R.png,train,/data5/chensx/MyProject/UAE/data/arrangement_merged/chr_09/184793.12~A38.K_9L.png,/data5/chensx/MyProject/UAE/data/arrangement_merged/chr_09/184793.12~A38.K_9R.png,0,-0.9356049384068248,,0.0005895495414733,1.7221705513989174,chromosome
0,0.0005238056182861,184793,184793.12~A42.K_9,9,,normal,184793.12~A42.K_9L.png,184793.12~A42.K_9R.png,train,/data5/chensx/MyProject/UAE/data/arrangement_merged/chr_09/184793.12~A42.K_9L.png,/data5/chensx/MyProject/UAE/data/arrangement_merged/chr_09/184793.12~A42.K_9R.png,0,-1.0191273258169873,,0.0005238056182861,1.0712275163946532,chromosome
0,0.0004159808158874,184793,184793.13~A10.K_9,9,,normal,184793.13~A10.K_9L.png,184793.13~A10.K_9R.png,train,/data5/chensx/MyProject/UAE/data/arrangement_merged/chr_09/184793.13~A10.K_9L.png,/data5/chensx/MyProject/UAE/data/arrangement_merged/chr_09/184793.13~A10.K_9R.png,0,-1.156110099003736,,0.0004159808158874,0.003633726436435049,chromosome
0,0.0003385543823242,184793,184793.13~A16.K_9,9,,normal,184793.13~A16.K_9L.png,184793.13~A16.K_9R.png,train,/data5/chensx/MyProject/UAE/data/arrangement_merged/chr_09/184793.13~A16.K_9L.png,/data5/chensx/MyProject/UAE/data/arrangement_merged/chr_09/184793.13~A16.K_9R.png,0,-1.2544741799156138,,0.0003385543823242,-0.7629800564020994,chromosome
0,0.0003852844238281,184793,184793.13~A43.K_9,9,,normal,184793.13~A43.K_9L.png,184793.13~A43.K_9R.png,train,/data5/chensx/MyProject/UAE/data/arrangement_merged/chr_09/184793.13~A43.K_9L.png,/data5/chensx/MyProject/UAE/data/arrangement_merged/chr_09/184793.13~A43.K_9R.png,0,-1.195107405908753,,0.0003852844238281,-0.30029706506600823,chromosome
0,0.0003525018692016,184793,184793.14~A14.K_9,9,,normal,184793.14~A14.K_9L.png,184793.14~A14.K_9R.png,train,/data5/chensx/MyProject/UAE/data/arrangement_merged/chr_09/184793.14~A14.K_9L.png,/data5/chensx/MyProject/UAE/data/arrangement_merged/chr_09/184793.14~A14.K_9R.png,0,-1.2367550152247906,,0.0003525018692016,-0.6248833472537088,chromosome
0,0.000495433807373,184793,184793.14~A26.K_9,9,,normal,184793.14~A26.K_9L.png,184793.14~A26.K_9R.png,train,/data5/chensx/MyProject/UAE/data/arrangement_merged/chr_09/184793.14~A26.K_9L.png,/data5/chensx/MyProject/UAE/data/arrangement_merged/chr_09/184793.14~A26.K_9R.png,0,-1.055171438606867,,0.000495433807373,0.7903128430832789,chromosome
0,0.0004021525382995,184793,184793.14~A27.K_9,9,,normal,184793.14~A27.K_9L.png,184793.14~A27.K_9R.png,train,/data5/chensx/MyProject/UAE/data/arrangement_merged/chr_09/184793.14~A27.K_9L.png,/data5/chensx/MyProject/UAE/data/arrangement_merged/chr_09/184793.14~A27.K_9R.png,0,-1.173677817842501,,0.0004021525382995,-0.13328266895905,chromosome
0,0.0004177689552307,184793,184793.14~A3.K_9,9,,normal,184793.14~A3.K_9L.png,184793.14~A3.K_9R.png,train,/data5/chensx/MyProject/UAE/data/arrangement_merged/chr_09/184793.14~A3.K_9L.png,/data5/chensx/MyProject/UAE/data/arrangement_merged/chr_09/184793.14~A3.K_9R.png,0,-1.1538384112228612,,0.0004177689552307,0.02133843273794229,chromosome
0,0.0004934072494506,184793,184793.14~A30.K_9,9,,normal,184793.14~A30.K_9L.png,184793.14~A30.K_9R.png,train,/data5/chensx/MyProject/UAE/data/arrangement_merged/chr_09/184793.14~A30.K_9L.png,/data5/chensx/MyProject/UAE/data/arrangement_merged/chr_09/184793.14~A30.K_9R.png,0,-1.0577460180918583,,0.0004934072494506,0.7702475092749695,chromosome
0,0.0004100203514099,184793,184793.14~A32.K_9,9,,normal,184793.14~A32.K_9L.png,184793.14~A32.K_9R.png,train,/data5/chensx/MyProject/UAE/data/arrangement_merged/chr_09/184793.14~A32.K_9L.png,/data5/chensx/MyProject/UAE/data/arrangement_merged/chr_09/184793.14~A32.K_9R.png,0,-1.163682391606652,,0.0004100203514099,-0.055381961233605635,chromosome
0,0.0003799200057983,184793,184793.14~A33.K_9,9,,normal,184793.14~A33.K_9L.png,184793.14~A33.K_9R.png,train,/data5/chensx/MyProject/UAE/data/arrangement_merged/chr_09/184793.14~A33.K_9L.png,/data5/chensx/MyProject/UAE/data/arrangement_merged/chr_09/184793.14~A33.K_9R.png,0,-1.2019224692513772,,0.0003799200057983,-0.3534111839695402,chromosome
0,0.0004031062126159,184793,184793.14~A4.K_9,9,,normal,184793.14~A4.K_9L.png,184793.14~A4.K_9R.png,train,/data5/chensx/MyProject/UAE/data/arrangement_merged/chr_09/184793.14~A4.K_9L.png,/data5/chensx/MyProject/UAE/data/arrangement_merged/chr_09/184793.14~A4.K_9R.png,0,-1.1724662510260344,,0.0004031062126159,-0.12384015893184332,chromosome
0,0.0003355145454406,184793,184793.14~A9.K_9,9,,normal,184793.14~A9.K_9L.png,184793.14~A9.K_9R.png,train,/data5/chensx/MyProject/UAE/data/arrangement_merged/chr_09/184793.14~A9.K_9L.png,/data5/chensx/MyProject/UAE/data/arrangement_merged/chr_09/184793.14~A9.K_9R.png,0,-1.2583360491431008,,0.0003355145454406,-0.7930780571145629,chromosome
0,0.0010120272636413,184793,184793.1~A26.K_9,9,,normal,184793.1~A26.K_9L.png,184793.1~A26.K_9R.png,train,/data5/chensx/MyProject/UAE/data/arrangement_merged/chr_09/184793.1~A26.K_9L.png,/data5/chensx/MyProject/UAE/data/arrangement_merged/chr_09/184793.1~A26.K_9R.png,0,-0.398880838712145,,0.0010120272636413,5.905202493479141,chromosome
0,0.000369906425476,184793,184793.2~A4.K_9,9,,normal,184793.2~A4.K_9L.png,184793.2~A4.K_9R.png,train,/data5/chensx/MyProject/UAE/data/arrangement_merged/chr_09/184793.2~A4.K_9L.png,/data5/chensx/MyProject/UAE/data/arrangement_merged/chr_09/184793.2~A4.K_9R.png,0,-1.214643920824276,,0.000369906425476,-0.452557539256199,chromosome
0,0.0005543231964111,184793,184793.3~A8.K_9,9,,normal,184793.3~A8.K_9L.png,184793.3~A8.K_9R.png,train,/data5/chensx/MyProject/UAE/data/arrangement_merged/chr_09/184793.3~A8.K_9L.png,/data5/chensx/MyProject/UAE/data/arrangement_merged/chr_09/184793.3~A8.K_9R.png,0,-0.9803571876900578,,0.0005543231964111,1.3733878372672428,chromosome
0,0.0004618763923645,185290,185290.11~A25.K_9,9,,normal,185290.11~A25.K_9L.png,185290.11~A25.K_9R.png,train,/data5/chensx/MyProject/UAE/data/arrangement_merged/chr_09/185290.11~A25.K_9L.png,/data5/chensx/MyProject/UAE/data/arrangement_merged/chr_09/185290.11~A25.K_9R.png,0,-1.1209528488647478,,0.0004618763923645,0.4580545214992155,chromosome
0,0.000354528427124,185290,185290.11~A27.K_9,9,,normal,185290.11~A27.K_9L.png,185290.11~A27.K_9R.png,train,/data5/chensx/MyProject/UAE/data/arrangement_merged/chr_09/185290.11~A27.K_9L.png,/data5/chensx/MyProject/UAE/data/arrangement_merged/chr_09/185290.11~A27.K_9R.png,0,-1.2642746934592244,,0.000354528427124,-0.6048180134453994,chromosome
0,0.0004183053970336,185290,185290.11~A38.K_9,9,,normal,185290.11~A38.K_9L.png,185290.11~A38.K_9R.png,train,/data5/chensx/MyProject/UAE/data/arrangement_merged/chr_09/185290.11~A38.K_9L.png,/data5/chensx/MyProject/UAE/data/arrangement_merged/chr_09/185290.11~A38.K_9R.png,0,-1.1791251244886023,,0.0004183053970336,0.026649844627503576,chromosome
0,0.0005334615707397,185290,185290.12~A12.K_9,9,,normal,185290.12~A12.K_9L.png,185290.12~A12.K_9R.png,train,/data5/chensx/MyProject/UAE/data/arrangement_merged/chr_09/185290.12~A12.K_9L.png,/data5/chensx/MyProject/UAE/data/arrangement_merged/chr_09/185290.12~A12.K_9R.png,0,-1.0253784261229566,,0.0005334615707397,1.1668329304206149,chromosome
0,0.0003787279129028,185290,185290.12~A33.K_9,9,,normal,185290.12~A33.K_9L.png,185290.12~A33.K_9R.png,train,/data5/chensx/MyProject/UAE/data/arrangement_merged/chr_09/185290.12~A33.K_9L.png,/data5/chensx/MyProject/UAE/data/arrangement_merged/chr_09/185290.12~A33.K_9R.png,0,-1.2319656046722407,,0.0003787279129028,-0.36521432150354843,chromosome
0,0.0003686547279357,185290,185290.12~A35.K_9,9,,normal,185290.12~A35.K_9L.png,185290.12~A35.K_9R.png,train,/data5/chensx/MyProject/UAE/data/arrangement_merged/chr_09/185290.12~A35.K_9L.png,/data5/chensx/MyProject/UAE/data/arrangement_merged/chr_09/185290.12~A35.K_9R.png,0,-1.2454144618274137,,0.0003686547279357,-0.4649508336671552,chromosome
0,0.0004075765609741,185290,185290.12~A49.K_9,9,,normal,185290.12~A49.K_9L.png,185290.12~A49.K_9R.png,train,/data5/chensx/MyProject/UAE/data/arrangement_merged/chr_09/185290.12~A49.K_9L.png,/data5/chensx/MyProject/UAE/data/arrangement_merged/chr_09/185290.12~A49.K_9R.png,0,-1.193449351044408,,0.0004075765609741,-0.07957839317857007,chromosome
0,0.0004701614379882,185290,185290.12~A5.K_9,9,,normal,185290.12~A5.K_9L.png,185290.12~A5.K_9R.png,train,/data5/chensx/MyProject/UAE/data/arrangement_merged/chr_09/185290.12~A5.K_9L.png,/data5/chensx/MyProject/UAE/data/arrangement_merged/chr_09/185290.12~A5.K_9R.png,0,-1.1098913628022091,,0.0004701614379882,0.5400863273603247,chromosome
0,0.000324010848999,185290,185290.12~A50.K_9,9,,normal,185290.12~A50.K_9L.png,185290.12~A50.K_9R.png,train,/data5/chensx/MyProject/UAE/data/arrangement_merged/chr_09/185290.12~A50.K_9L.png,/data5/chensx/MyProject/UAE/data/arrangement_merged/chr_09/185290.12~A50.K_9R.png,0,-1.3050191601068488,,0.000324010848999,-0.9069783343179891,chromosome
0,0.0003750324249267,185290,185290.12~A7.K_9,9,,normal,185290.12~A7.K_9L.png,185290.12~A7.K_9R.png,train,/data5/chensx/MyProject/UAE/data/arrangement_merged/chr_09/185290.12~A7.K_9L.png,/data5/chensx/MyProject/UAE/data/arrangement_merged/chr_09/185290.12~A7.K_9R.png,0,-1.2368995049303515,,0.0003750324249267,-0.40180404785946855,chromosome
0,0.0004732608795166,185290,185290.12~A8.K_9,9,,normal,185290.12~A8.K_9L.png,185290.12~A8.K_9R.png,train,/data5/chensx/MyProject/UAE/data/arrangement_merged/chr_09/185290.12~A8.K_9L.png,/data5/chensx/MyProject/UAE/data/arrangement_merged/chr_09/185290.12~A8.K_9R.png,0,-1.1057532529083098,,0.0004732608795166,0.5707744849497361,chromosome
0,0.0003756880760192,185290,185290.13~A13.K_9,9,,normal,185290.13~A13.K_9L.png,185290.13~A13.K_9R.png,train,/data5/chensx/MyProject/UAE/data/arrangement_merged/chr_09/185290.13~A13.K_9L.png,/data5/chensx/MyProject/UAE/data/arrangement_merged/chr_09/185290.13~A13.K_9R.png,0,-1.236024135529719,,0.0003756880760192,-0.39531232221601187,chromosome
0,0.0004624724388122,185290,185290.13~A26.K_9,9,,normal,185290.13~A26.K_9L.png,185290.13~A26.K_9R.png,train,/data5/chensx/MyProject/UAE/data/arrangement_merged/chr_09/185290.13~A26.K_9L.png,/data5/chensx/MyProject/UAE/data/arrangement_merged/chr_09/185290.13~A26.K_9R.png,0,-1.1201570585005365,,0.0004624724388122,0.46395609026572476,chromosome
0,0.0005325078964233,185290,185290.13~A28.K_9,9,,normal,185290.13~A28.K_9L.png,185290.13~A28.K_9R.png,train,/data5/chensx/MyProject/UAE/data/arrangement_merged/chr_09/185290.13~A28.K_9L.png,/data5/chensx/MyProject/UAE/data/arrangement_merged/chr_09/185290.13~A28.K_9R.png,0,-1.0266516907056948,,0.0005325078964233,1.157390420393409,chromosome
0,0.0003249645233154,185290,185290.13~A30.K_9,9,,normal,185290.13~A30.K_9L.png,185290.13~A30.K_9R.png,train,/data5/chensx/MyProject/UAE/data/arrangement_merged/chr_09/185290.13~A30.K_9L.png,/data5/chensx/MyProject/UAE/data/arrangement_merged/chr_09/185290.13~A30.K_9R.png,0,-1.3037458955241106,,0.0003249645233154,-0.8975358242907829,chromosome
0,0.0004295706748962,185290,185290.13~A35.K_9,9,,normal,185290.13~A35.K_9L.png,185290.13~A35.K_9R.png,train,/data5/chensx/MyProject/UAE/data/arrangement_merged/chr_09/185290.13~A35.K_9L.png,/data5/chensx/MyProject/UAE/data/arrangement_merged/chr_09/185290.13~A35.K_9R.png,0,-1.1640846866050067,,0.0004295706748962,0.13818949432511857,chromosome
0,0.0004163980484008,185290,185290.13~A36.K_9,9,,normal,185290.13~A36.K_9L.png,185290.13~A36.K_9R.png,train,/data5/chensx/MyProject/UAE/data/arrangement_merged/chr_09/185290.13~A36.K_9L.png,/data5/chensx/MyProject/UAE/data/arrangement_merged/chr_09/185290.13~A36.K_9R.png,0,-1.181671653654079,,0.0004163980484008,0.007764824573090173,chromosome
0,0.0003442764282226,185290,185290.13~A46.K_9,9,,normal,185290.13~A46.K_9L.png,185290.13~A46.K_9R.png,train,/data5/chensx/MyProject/UAE/data/arrangement_merged/chr_09/185290.13~A46.K_9L.png,/data5/chensx/MyProject/UAE/data/arrangement_merged/chr_09/185290.13~A46.K_9R.png,0,-1.2779622877236607,,0.0003442764282226,-0.7063249962388604,chromosome
0,0.0004291534423828,185290,185290.13~A6.K_9,9,,normal,185290.13~A6.K_9L.png,185290.13~A6.K_9R.png,train,/data5/chensx/MyProject/UAE/data/arrangement_merged/chr_09/185290.13~A6.K_9L.png,/data5/chensx/MyProject/UAE/data/arrangement_merged/chr_09/185290.13~A6.K_9R.png,0,-1.164641739859955,,0.0004291534423828,0.1340583961884629,chromosome
0,0.0006687045097351,185290,185290.13~A7.K_9,9,,normal,185290.13~A7.K_9L.png,185290.13~A7.K_9R.png,train,/data5/chensx/MyProject/UAE/data/arrangement_merged/chr_09/185290.13~A7.K_9L.png,/data5/chensx/MyProject/UAE/data/arrangement_merged/chr_09/185290.13~A7.K_9R.png,0,-0.8448135924833858,,0.0006687045097351,2.505898883663002,chromosome
0,0.0004444122314453,185290,185290.14~A27.K_9,9,,normal,185290.14~A27.K_9L.png,185290.14~A27.K_9R.png,train,/data5/chensx/MyProject/UAE/data/arrangement_merged/chr_09/185290.14~A27.K_9L.png,/data5/chensx/MyProject/UAE/data/arrangement_merged/chr_09/185290.14~A27.K_9R.png,0,-1.1442695065361423,,0.0004444122314453,0.28513855662475773,chromosome
0,0.0005542635917663,185290,185290.14~A31.K_9,9,,normal,185290.14~A31.K_9L.png,185290.14~A31.K_9R.png,train,/data5/chensx/MyProject/UAE/data/arrangement_merged/chr_09/185290.14~A31.K_9L.png,/data5/chensx/MyProject/UAE/data/arrangement_merged/chr_09/185290.14~A31.K_9R.png,0,-0.997605342411978,,0.0005542635917663,1.3727976803902948,chromosome
0,0.0003460645675659,185290,185290.14~A44.K_9,9,,normal,185290.14~A44.K_9L.png,185290.14~A44.K_9R.png,train,/data5/chensx/MyProject/UAE/data/arrangement_merged/chr_09/185290.14~A44.K_9L.png,/data5/chensx/MyProject/UAE/data/arrangement_merged/chr_09/185290.14~A44.K_9R.png,0,-1.2755749166310264,,0.0003460645675659,-0.6886202899373526,chromosome
0,0.0004757642745971,185290,185290.14~A47.K_9,9,,normal,185290.14~A47.K_9L.png,185290.14~A47.K_9R.png,train,/data5/chensx/MyProject/UAE/data/arrangement_merged/chr_09/185290.14~A47.K_9L.png,/data5/chensx/MyProject/UAE/data/arrangement_merged/chr_09/185290.14~A47.K_9R.png,0,-1.1024109333786218,,0.0004757642745971,0.5955610737706583,chromosome
0,0.0003524422645568,185290,185290.1~A31.K_9,9,,normal,185290.1~A31.K_9L.png,185290.1~A31.K_9R.png,train,/data5/chensx/MyProject/UAE/data/arrangement_merged/chr_09/185290.1~A31.K_9L.png,/data5/chensx/MyProject/UAE/data/arrangement_merged/chr_09/185290.1~A31.K_9R.png,0,-1.2670599597339642,,0.0003524422645568,-0.6254735041306567,chromosome
0,0.0004605650901794,185290,185290.1~A32.K_9,9,,normal,185290.1~A32.K_9L.png,185290.1~A32.K_9R.png,train,/data5/chensx/MyProject/UAE/data/arrangement_merged/chr_09/185290.1~A32.K_9L.png,/data5/chensx/MyProject/UAE/data/arrangement_merged/chr_09/185290.1~A32.K_9R.png,0,-1.122703587666013,,0.0004605650901794,0.44507107021131137,chromosome
0,0.0004037618637084,185290,185290.1~A35.K_9,9,,normal,185290.1~A35.K_9L.png,185290.1~A35.K_9R.png,train,/data5/chensx/MyProject/UAE/data/arrangement_merged/chr_09/185290.1~A35.K_9L.png,/data5/chensx/MyProject/UAE/data/arrangement_merged/chr_09/185290.1~A35.K_9R.png,0,-1.1985424093753612,,0.0004037618637084,-0.11734843328838665,chromosome
0,0.0004808902740478,185290,185290.2~A19.K_9,9,,normal,185290.2~A19.K_9L.png,185290.2~A19.K_9R.png,train,/data5/chensx/MyProject/UAE/data/arrangement_merged/chr_09/185290.2~A19.K_9L.png,/data5/chensx/MyProject/UAE/data/arrangement_merged/chr_09/185290.2~A19.K_9R.png,0,-1.0955671362464037,,0.0004808902740478,0.6463145651673886,chromosome
0,0.0003123879432678,185290,185290.3~A26.K_9,9,,normal,185290.3~A26.K_9L.png,185290.3~A26.K_9R.png,train,/data5/chensx/MyProject/UAE/data/arrangement_merged/chr_09/185290.3~A26.K_9L.png,/data5/chensx/MyProject/UAE/data/arrangement_merged/chr_09/185290.3~A26.K_9R.png,0,-1.3205370722089715,,0.0003123879432678,-1.0220589252753118,chromosome
0,0.0003470182418823,185290,185290.3~A32.K_9,9,,normal,185290.3~A32.K_9L.png,185290.3~A32.K_9R.png,train,/data5/chensx/MyProject/UAE/data/arrangement_merged/chr_09/185290.3~A32.K_9L.png,/data5/chensx/MyProject/UAE/data/arrangement_merged/chr_09/185290.3~A32.K_9R.png,0,-1.2743016520482882,,0.0003470182418823,-0.6791777799101464,chromosome
0,0.0002751350402832,185290,185290.4~A11.K_9,9,,normal,185290.4~A11.K_9L.png,185290.4~A11.K_9R.png,train,/data5/chensx/MyProject/UAE/data/arrangement_merged/chr_09/185290.4~A11.K_9L.png,/data5/chensx/MyProject/UAE/data/arrangement_merged/chr_09/185290.4~A11.K_9R.png,0,-1.370273969972185,,0.0002751350402832,-1.3909069732152954,chromosome
0,0.0003877282142639,185290,185290.4~A15.K_9,9,,normal,185290.4~A15.K_9L.png,185290.4~A15.K_9R.png,train,/data5/chensx/MyProject/UAE/data/arrangement_merged/chr_09/185290.4~A15.K_9L.png,/data5/chensx/MyProject/UAE/data/arrangement_merged/chr_09/185290.4~A15.K_9R.png,0,-1.2199491701726484,,0.0003877282142639,-0.27610063312104377,chromosome
0,0.0004703998565673,185290,185290.4~A18.K_9,9,,normal,185290.4~A18.K_9L.png,185290.4~A18.K_9R.png,train,/data5/chensx/MyProject/UAE/data/arrangement_merged/chr_09/185290.4~A18.K_9L.png,/data5/chensx/MyProject/UAE/data/arrangement_merged/chr_09/185290.4~A18.K_9R.png,0,-1.1095730466565246,,0.0004703998565673,0.5424469548671262,chromosome
0,0.00034761428833,185290,185290.4~A28.K_9,9,,normal,185290.4~A28.K_9L.png,185290.4~A28.K_9R.png,train,/data5/chensx/MyProject/UAE/data/arrangement_merged/chr_09/185290.4~A28.K_9L.png,/data5/chensx/MyProject/UAE/data/arrangement_merged/chr_09/185290.4~A28.K_9R.png,0,-1.2735058616840766,,0.00034761428833,-0.6732762111436371,chromosome
0,0.0003176927566528,185290,185290.4~A29.K_9,9,,normal,185290.4~A29.K_9L.png,185290.4~A29.K_9R.png,train,/data5/chensx/MyProject/UAE/data/arrangement_merged/chr_09/185290.4~A29.K_9L.png,/data5/chensx/MyProject/UAE/data/arrangement_merged/chr_09/185290.4~A29.K_9R.png,0,-1.31345453796749,,0.0003176927566528,-0.9695349632487278,chromosome
0,0.0003259778022766,185290,185290.4~A37.K_9,9,,normal,185290.4~A37.K_9L.png,185290.4~A37.K_9R.png,train,/data5/chensx/MyProject/UAE/data/arrangement_merged/chr_09/185290.4~A37.K_9L.png,/data5/chensx/MyProject/UAE/data/arrangement_merged/chr_09/185290.4~A37.K_9R.png,0,-1.3023930519049511,,0.0003259778022766,-0.8875031573866283,chromosome
0,0.000406265258789,185290,185290.4~A9.K_9,9,,normal,185290.4~A9.K_9L.png,185290.4~A9.K_9R.png,train,/data5/chensx/MyProject/UAE/data/arrangement_merged/chr_09/185290.4~A9.K_9L.png,/data5/chensx/MyProject/UAE/data/arrangement_merged/chr_09/185290.4~A9.K_9R.png,0,-1.1952000898456732,,0.000406265258789,-0.09256184446647424,chromosome
0,0.0004710555076599,185824,185824.11~A10.K_9,9,,normal,185824.11~A10.K_9L.png,185824.11~A10.K_9R.png,train,/data5/chensx/MyProject/UAE/data/arrangement_merged/chr_09/185824.11~A10.K_9L.png,/data5/chensx/MyProject/UAE/data/arrangement_merged/chr_09/185824.11~A10.K_9R.png,0,-1.0546460552185768,,0.0004710555076599,0.5489386805115738,chromosome
0,0.0004363059997558,185824,185824.11~A15.K_9,9,,normal,185824.11~A15.K_9L.png,185824.11~A15.K_9R.png,train,/data5/chensx/MyProject/UAE/data/arrangement_merged/chr_09/185824.11~A15.K_9L.png,/data5/chensx/MyProject/UAE/data/arrangement_merged/chr_09/185824.11~A15.K_9R.png,0,-1.0999303649266103,,0.0004363059997558,0.20487722139251238,chromosome
0,0.0003552436828613,185824,185824.11~A31.K_9,9,,normal,185824.11~A31.K_9L.png,185824.11~A31.K_9R.png,train,/data5/chensx/MyProject/UAE/data/arrangement_merged/chr_09/185824.11~A31.K_9L.png,/data5/chensx/MyProject/UAE/data/arrangement_merged/chr_09/185824.11~A31.K_9R.png,0,-1.2055678627017827,,0.0003552436828613,-0.5977361309249948,chromosome
0,0.0003618001937866,185824,185824.12~A12.K_9,9,,normal,185824.12~A12.K_9L.png,185824.12~A12.K_9R.png,train,/data5/chensx/MyProject/UAE/data/arrangement_merged/chr_09/185824.12~A12.K_9L.png,/data5/chensx/MyProject/UAE/data/arrangement_merged/chr_09/185824.12~A12.K_9R.png,0,-1.1970236533229086,,0.0003618001937866,-0.5328188744874546,chromosome
0,0.0003724098205566,185824,185824.12~A28.K_9,9,,normal,185824.12~A28.K_9L.png,185824.12~A28.K_9R.png,train,/data5/chensx/MyProject/UAE/data/arrangement_merged/chr_09/185824.12~A28.K_9L.png,/data5/chensx/MyProject/UAE/data/arrangement_merged/chr_09/185824.12~A28.K_9R.png,0,-1.1831975690552756,,0.0003724098205566,-0.4277709504342866,chromosome
0,0.0003427267074584,185824,185824.12~A31.K_9,9,,normal,185824.12~A31.K_9L.png,185824.12~A31.K_9R.png,train,/data5/chensx/MyProject/UAE/data/arrangement_merged/chr_09/185824.12~A31.K_9L.png,/data5/chensx/MyProject/UAE/data/arrangement_merged/chr_09/185824.12~A31.K_9R.png,0,-1.2218795351523608,,0.0003427267074584,-0.721669075033566,chromosome
0,0.0003888607025146,185824,185824.12~A38.K_9,9,,normal,185824.12~A38.K_9L.png,185824.12~A38.K_9R.png,train,/data5/chensx/MyProject/UAE/data/arrangement_merged/chr_09/185824.12~A38.K_9L.png,/data5/chensx/MyProject/UAE/data/arrangement_merged/chr_09/185824.12~A38.K_9R.png,0,-1.161759370977373,,0.0003888607025146,-0.26488765246398405,chromosome
0,0.0003421306610107,185824,185824.12~A48.K_9,9,,normal,185824.12~A48.K_9L.png,185824.12~A48.K_9R.png,train,/data5/chensx/MyProject/UAE/data/arrangement_merged/chr_09/185824.12~A48.K_9L.png,/data5/chensx/MyProject/UAE/data/arrangement_merged/chr_09/185824.12~A48.K_9R.png,0,-1.2226562814595312,,0.0003421306610107,-0.7275706438000747,chromosome
0,0.0003857016563415,185824,185824.12~A7.K_9,9,,normal,185824.12~A7.K_9L.png,185824.12~A7.K_9R.png,train,/data5/chensx/MyProject/UAE/data/arrangement_merged/chr_09/185824.12~A7.K_9L.png,/data5/chensx/MyProject/UAE/data/arrangement_merged/chr_09/185824.12~A7.K_9R.png,0,-1.165876126405376,,0.0003857016563415,-0.2961659669293531,chromosome
0,0.0004498958587646,185824,185824.13~A1.K_9,9,,normal,185824.13~A1.K_9L.png,185824.13~A1.K_9R.png,train,/data5/chensx/MyProject/UAE/data/arrangement_merged/chr_09/185824.13~A1.K_9L.png,/data5/chensx/MyProject/UAE/data/arrangement_merged/chr_09/185824.13~A1.K_9R.png,0,-1.0822205491231256,,0.0004498958587646,0.33943298928119536,chromosome
0,0.0002630352973937,185824,185824.13~A14.K_9,9,,normal,185824.13~A14.K_9L.png,185824.13~A14.K_9R.png,train,/data5/chensx/MyProject/UAE/data/arrangement_merged/chr_09/185824.13~A14.K_9L.png,/data5/chensx/MyProject/UAE/data/arrangement_merged/chr_09/185824.13~A14.K_9R.png,0,-1.3257305164210411,,0.0002630352973937,-1.510708819187211,chromosome
0,0.0003115534782409,185824,185824.13~A5.K_9,9,,normal,185824.13~A5.K_9L.png,185824.13~A5.K_9R.png,train,/data5/chensx/MyProject/UAE/data/arrangement_merged/chr_09/185824.13~A5.K_9L.png,/data5/chensx/MyProject/UAE/data/arrangement_merged/chr_09/185824.13~A5.K_9R.png,0,-1.262503367017372,,0.0003115534782409,-1.0303211215496124,chromosome
0,0.0004090666770935,185824,185824.1~A10.K_9,9,,normal,185824.1~A10.K_9L.png,185824.1~A10.K_9R.png,train,/data5/chensx/MyProject/UAE/data/arrangement_merged/chr_09/185824.1~A10.K_9L.png,/data5/chensx/MyProject/UAE/data/arrangement_merged/chr_09/185824.1~A10.K_9R.png,0,-1.135427671164297,,0.0004090666770935,-0.06482447126081234,chromosome
0,0.0003501176834106,185824,185824.1~A11.K_9,9,,normal,185824.1~A11.K_9L.png,185824.1~A11.K_9R.png,train,/data5/chensx/MyProject/UAE/data/arrangement_merged/chr_09/185824.1~A11.K_9L.png,/data5/chensx/MyProject/UAE/data/arrangement_merged/chr_09/185824.1~A11.K_9R.png,0,-1.212247880943448,,0.0003501176834106,-0.6484896223217247,chromosome
0,0.0003852844238281,185824,185824.1~A18.K_9,9,,normal,185824.1~A18.K_9L.png,185824.1~A18.K_9R.png,train,/data5/chensx/MyProject/UAE/data/arrangement_merged/chr_09/185824.1~A18.K_9L.png,/data5/chensx/MyProject/UAE/data/arrangement_merged/chr_09/185824.1~A18.K_9R.png,0,-1.1664198488203954,,0.0003852844238281,-0.30029706506600823,chromosome
0,0.0004441142082214,185824,185824.1~A39.K_9,9,,normal,185824.1~A39.K_9L.png,185824.1~A39.K_9R.png,train,/data5/chensx/MyProject/UAE/data/arrangement_merged/chr_09/185824.1~A39.K_9L.png,/data5/chensx/MyProject/UAE/data/arrangement_merged/chr_09/185824.1~A39.K_9R.png,0,-1.0897549883026785,,0.0004441142082214,0.2821877722410083,chromosome
0,0.0003290176391601,185824,185824.2~A10.K_9,9,,normal,185824.2~A10.K_9L.png,185824.2~A10.K_9R.png,train,/data5/chensx/MyProject/UAE/data/arrangement_merged/chr_09/185824.2~A10.K_9L.png,/data5/chensx/MyProject/UAE/data/arrangement_merged/chr_09/185824.2~A10.K_9R.png,0,-1.2397447002172797,,0.0003290176391601,-0.8574051566751552,chromosome
0,0.0004277229309082,185824,185824.2~A11.K_9,9,,normal,185824.2~A11.K_9L.png,185824.2~A11.K_9R.png,train,/data5/chensx/MyProject/UAE/data/arrangement_merged/chr_09/185824.2~A11.K_9L.png,/data5/chensx/MyProject/UAE/data/arrangement_merged/chr_09/185824.2~A11.K_9R.png,0,-1.111115511749864,,0.0004277229309082,0.11989463114765313,chromosome
0,0.000442624092102,185824,185824.2~A14.K_9,9,,normal,185824.2~A14.K_9L.png,185824.2~A14.K_9R.png,train,/data5/chensx/MyProject/UAE/data/arrangement_merged/chr_09/185824.2~A14.K_9L.png,/data5/chensx/MyProject/UAE/data/arrangement_merged/chr_09/185824.2~A14.K_9R.png,0,-1.0916968540706042,,0.000442624092102,0.2674338503232505,chromosome
0,0.0003885626792907,185824,185824.2~A17.K_9,9,,normal,185824.2~A17.K_9L.png,185824.2~A17.K_9R.png,train,/data5/chensx/MyProject/UAE/data/arrangement_merged/chr_09/185824.2~A17.K_9L.png,/data5/chensx/MyProject/UAE/data/arrangement_merged/chr_09/185824.2~A17.K_9R.png,0,-1.1621477441309582,,0.0003885626792907,-0.2678384368477335,chromosome
0,0.0003218054771423,185824,185824.2~A2.K_9,9,,normal,185824.2~A2.K_9L.png,185824.2~A2.K_9R.png,train,/data5/chensx/MyProject/UAE/data/arrangement_merged/chr_09/185824.2~A2.K_9L.png,/data5/chensx/MyProject/UAE/data/arrangement_merged/chr_09/185824.2~A2.K_9R.png,0,-1.2491433305340414,,0.0003218054771423,-0.928814138756152,chromosome
0,0.0003386139869689,185824,185824.2~A25.K_9,9,,normal,185824.2~A25.K_9L.png,185824.2~A25.K_9R.png,train,/data5/chensx/MyProject/UAE/data/arrangement_merged/chr_09/185824.2~A25.K_9L.png,/data5/chensx/MyProject/UAE/data/arrangement_merged/chr_09/185824.2~A25.K_9R.png,0,-1.2272390846718366,,0.0003386139869689,-0.7623898995261418,chromosome
0,0.0003275871276855,185824,185824.2~A27.K_9,9,,normal,185824.2~A27.K_9L.png,185824.2~A27.K_9R.png,train,/data5/chensx/MyProject/UAE/data/arrangement_merged/chr_09/185824.2~A27.K_9L.png,/data5/chensx/MyProject/UAE/data/arrangement_merged/chr_09/185824.2~A27.K_9R.png,0,-1.2416088913544887,,0.0003275871276855,-0.871568921715965,chromosome
0,0.0003378391265869,185824,185824.2~A7.K_9,9,,normal,185824.2~A7.K_9L.png,185824.2~A7.K_9R.png,train,/data5/chensx/MyProject/UAE/data/arrangement_merged/chr_09/185824.2~A7.K_9L.png,/data5/chensx/MyProject/UAE/data/arrangement_merged/chr_09/185824.2~A7.K_9R.png,0,-1.228248854871158,,0.0003378391265869,-0.7700619389225041,chromosome
0,0.0003488659858703,185824,185824.2~A8.K_9,9,,normal,185824.2~A8.K_9L.png,185824.2~A8.K_9R.png,train,/data5/chensx/MyProject/UAE/data/arrangement_merged/chr_09/185824.2~A8.K_9L.png,/data5/chensx/MyProject/UAE/data/arrangement_merged/chr_09/185824.2~A8.K_9R.png,0,-1.2138790481885058,,0.0003488659858703,-0.660882916732681,chromosome
0,0.0003772974014282,185824,185824.2~A9.K_9,9,,normal,185824.2~A9.K_9L.png,185824.2~A9.K_9R.png,train,/data5/chensx/MyProject/UAE/data/arrangement_merged/chr_09/185824.2~A9.K_9L.png,/data5/chensx/MyProject/UAE/data/arrangement_merged/chr_09/185824.2~A9.K_9R.png,0,-1.1768282493364786,,0.0003772974014282,-0.37937808654435823,chromosome
0,0.0003449916839599,185824,185824.3~A18.K_9,9,,normal,185824.3~A18.K_9L.png,185824.3~A18.K_9R.png,train,/data5/chensx/MyProject/UAE/data/arrangement_merged/chr_09/185824.3~A18.K_9L.png,/data5/chensx/MyProject/UAE/data/arrangement_merged/chr_09/185824.3~A18.K_9R.png,0,-1.2189278991851134,,0.0003449916839599,-0.6992431137184552,chromosome
0,0.0003766417503356,185824,185824.3~A2.K_9,9,,normal,185824.3~A2.K_9L.png,185824.3~A2.K_9R.png,train,/data5/chensx/MyProject/UAE/data/arrangement_merged/chr_09/185824.3~A2.K_9L.png,/data5/chensx/MyProject/UAE/data/arrangement_merged/chr_09/185824.3~A2.K_9R.png,0,-1.177682670274366,,0.0003766417503356,-0.3858698121888052,chromosome
0,0.0004293322563171,185824,185824.3~A28.K_9,9,,normal,185824.3~A28.K_9L.png,185824.3~A28.K_9R.png,train,/data5/chensx/MyProject/UAE/data/arrangement_merged/chr_09/185824.3~A28.K_9L.png,/data5/chensx/MyProject/UAE/data/arrangement_merged/chr_09/185824.3~A28.K_9R.png,0,-1.1090182967205038,,0.0004293322563171,0.13582886681831702,chromosome
0,0.0003926157951354,185824,185824.3~A41.K_9,9,,normal,185824.3~A41.K_9L.png,185824.3~A41.K_9R.png,train,/data5/chensx/MyProject/UAE/data/arrangement_merged/chr_09/185824.3~A41.K_9L.png,/data5/chensx/MyProject/UAE/data/arrangement_merged/chr_09/185824.3~A41.K_9R.png,0,-1.1568658692421996,,0.0003926157951354,-0.22770776923210573,chromosome
0,0.0003522038459777,185824,185824.3~A43.K_9,9,,normal,185824.3~A43.K_9L.png,185824.3~A43.K_9R.png,train,/data5/chensx/MyProject/UAE/data/arrangement_merged/chr_09/185824.3~A43.K_9L.png,/data5/chensx/MyProject/UAE/data/arrangement_merged/chr_09/185824.3~A43.K_9R.png,0,-1.2095292688683517,,0.0003522038459777,-0.6278341316374583,chromosome
0,0.0004198551177978,185824,185824.3~A46.K_9,9,,normal,185824.3~A46.K_9L.png,185824.3~A46.K_9R.png,train,/data5/chensx/MyProject/UAE/data/arrangement_merged/chr_09/185824.3~A46.K_9L.png,/data5/chensx/MyProject/UAE/data/arrangement_merged/chr_09/185824.3~A46.K_9R.png,0,-1.121368563004513,,0.0004198551177978,0.04199392342220928,chromosome
0,0.0005356669425964,186193,186193.11~A23.K_9,9,,normal,186193.11~A23.K_9L.png,186193.11~A23.K_9R.png,train,/data5/chensx/MyProject/UAE/data/arrangement_merged/chr_09/186193.11~A23.K_9L.png,/data5/chensx/MyProject/UAE/data/arrangement_merged/chr_09/186193.11~A23.K_9R.png,0,-0.9858191980740229,,0.0005356669425964,1.1886687348587772,chromosome
0,0.0003761053085327,186193,186193.12~A4.K_9,9,,normal,186193.12~A4.K_9L.png,186193.12~A4.K_9R.png,train,/data5/chensx/MyProject/UAE/data/arrangement_merged/chr_09/186193.12~A4.K_9L.png,/data5/chensx/MyProject/UAE/data/arrangement_merged/chr_09/186193.12~A4.K_9R.png,0,-1.1842439953856017,,0.0003761053085327,-0.3911812240783665,chromosome
0,0.000393271446228,186193,186193.13~A11.K_9,9,,normal,186193.13~A11.K_9L.png,186193.13~A11.K_9R.png,train,/data5/chensx/MyProject/UAE/data/arrangement_merged/chr_09/186193.13~A11.K_9L.png,/data5/chensx/MyProject/UAE/data/arrangement_merged/chr_09/186193.13~A11.K_9R.png,0,-1.162896837512709,,0.000393271446228,-0.22121604358765823,chromosome
0,0.0003289580345153,186193,186193.13~A22.K_9,9,,normal,186193.13~A22.K_9L.png,186193.13~A22.K_9R.png,train,/data5/chensx/MyProject/UAE/data/arrangement_merged/chr_09/186193.13~A22.K_9L.png,/data5/chensx/MyProject/UAE/data/arrangement_merged/chr_09/186193.13~A22.K_9R.png,0,-1.24287455746011,,0.0003289580345153,-0.8579953135521031,chromosome
0,0.0003974437713623,186193,186193.13~A4.K_9,9,,normal,186193.13~A4.K_9L.png,186193.13~A4.K_9R.png,train,/data5/chensx/MyProject/UAE/data/arrangement_merged/chr_09/186193.13~A4.K_9L.png,/data5/chensx/MyProject/UAE/data/arrangement_merged/chr_09/186193.13~A4.K_9R.png,0,-1.1577082921963804,,0.0003974437713623,-0.1799050622181345,chromosome
0,0.0004189014434814,186193,186193.13~A41.K_9,9,,normal,186193.13~A41.K_9L.png,186193.13~A41.K_9R.png,train,/data5/chensx/MyProject/UAE/data/arrangement_merged/chr_09/186193.13~A41.K_9L.png,/data5/chensx/MyProject/UAE/data/arrangement_merged/chr_09/186193.13~A41.K_9R.png,0,-1.1310243448552642,,0.0004189014434814,0.03255141339500258,chromosome
0,0.0003773570060729,186193,186193.13~A5.K_9,9,,normal,186193.13~A5.K_9L.png,186193.13~A5.K_9R.png,train,/data5/chensx/MyProject/UAE/data/arrangement_merged/chr_09/186193.13~A5.K_9L.png,/data5/chensx/MyProject/UAE/data/arrangement_merged/chr_09/186193.13~A5.K_9R.png,0,-1.1826874317907032,,0.0003773570060729,-0.3787879296684006,chromosome
0,0.0003719329833984,186193,186193.1~A34.K_9,9,,normal,186193.1~A34.K_9L.png,186193.1~A34.K_9R.png,train,/data5/chensx/MyProject/UAE/data/arrangement_merged/chr_09/186193.1~A34.K_9L.png,/data5/chensx/MyProject/UAE/data/arrangement_merged/chr_09/186193.1~A34.K_9R.png,0,-1.18943254070193,,0.0003719329833984,-0.4324922054478902,chromosome
0,0.0004012584686279,186193,186193.1~A38.K_9,9,,normal,186193.1~A38.K_9L.png,186193.1~A38.K_9R.png,train,/data5/chensx/MyProject/UAE/data/arrangement_merged/chr_09/186193.1~A38.K_9L.png,/data5/chensx/MyProject/UAE/data/arrangement_merged/chr_09/186193.1~A38.K_9R.png,0,-1.1529644793357376,,0.0004012584686279,-0.14213502210930876,chromosome
0,0.0003495812416076,186193,186193.1~A44.K_9,9,,normal,186193.1~A44.K_9L.png,186193.1~A44.K_9R.png,train,/data5/chensx/MyProject/UAE/data/arrangement_merged/chr_09/186193.1~A44.K_9L.png,/data5/chensx/MyProject/UAE/data/arrangement_merged/chr_09/186193.1~A44.K_9R.png,0,-1.2172283191822593,,0.0003495812416076,-0.6538010342122763,chromosome
0,0.0003107190132141,186193,186193.1~A8.K_9,9,,normal,186193.1~A8.K_9L.png,186193.1~A8.K_9R.png,train,/data5/chensx/MyProject/UAE/data/arrangement_merged/chr_09/186193.1~A8.K_9L.png,/data5/chensx/MyProject/UAE/data/arrangement_merged/chr_09/186193.1~A8.K_9R.png,0,-1.2655559127000588,,0.0003107190132141,-1.0385833178229231,chromosome
0,0.000378668308258,186193,186193.2~A1.K_9,9,,normal,186193.2~A1.K_9L.png,186193.2~A1.K_9R.png,train,/data5/chensx/MyProject/UAE/data/arrangement_merged/chr_09/186193.2~A1.K_9L.png,/data5/chensx/MyProject/UAE/data/arrangement_merged/chr_09/186193.2~A1.K_9R.png,0,-1.1810567461198571,,0.000378668308258,-0.3658044783804964,chromosome
0,0.0005283951759338,186193,186193.2~A12.K_9,9,,normal,186193.2~A12.K_9L.png,186193.2~A12.K_9R.png,train,/data5/chensx/MyProject/UAE/data/arrangement_merged/chr_09/186193.2~A12.K_9L.png,/data5/chensx/MyProject/UAE/data/arrangement_merged/chr_09/186193.2~A12.K_9R.png,0,-0.9948620913396232,,0.0005283951759338,1.116669595900833,chromosome
0,0.0003407001495361,186193,186193.2~A14.K_9,9,,normal,186193.2~A14.K_9L.png,186193.2~A14.K_9R.png,train,/data5/chensx/MyProject/UAE/data/arrangement_merged/chr_09/186193.2~A14.K_9L.png,/data5/chensx/MyProject/UAE/data/arrangement_merged/chr_09/186193.2~A14.K_9R.png,0,-1.2282725084984436,,0.0003407001495361,-0.7417344088408845,chromosome
0,0.0003391504287719,186193,186193.2~A15.K_9,9,,normal,186193.2~A15.K_9L.png,186193.2~A15.K_9R.png,train,/data5/chensx/MyProject/UAE/data/arrangement_merged/chr_09/186193.2~A15.K_9L.png,/data5/chensx/MyProject/UAE/data/arrangement_merged/chr_09/186193.2~A15.K_9R.png,0,-1.23019968247308,,0.0003391504287719,-0.7570784876355903,chromosome
0,0.0003966093063354,186193,186193.2~A24.K_9,9,,normal,186193.2~A24.K_9L.png,186193.2~A24.K_9R.png,train,/data5/chensx/MyProject/UAE/data/arrangement_merged/chr_09/186193.2~A24.K_9L.png,/data5/chensx/MyProject/UAE/data/arrangement_merged/chr_09/186193.2~A24.K_9R.png,0,-1.158746001259646,,0.0003966093063354,-0.18816725849243557,chromosome
0,0.0003394484519958,186193,186193.2~A3.K_9,9,,normal,186193.2~A3.K_9L.png,186193.2~A3.K_9R.png,train,/data5/chensx/MyProject/UAE/data/arrangement_merged/chr_09/186193.2~A3.K_9L.png,/data5/chensx/MyProject/UAE/data/arrangement_merged/chr_09/186193.2~A3.K_9R.png,0,-1.229829072093342,,0.0003394484519958,-0.7541277032518408,chromosome
0,0.0003737211227416,186193,186193.2~A37.K_9,9,,normal,186193.2~A37.K_9L.png,186193.2~A37.K_9R.png,train,/data5/chensx/MyProject/UAE/data/arrangement_merged/chr_09/186193.2~A37.K_9L.png,/data5/chensx/MyProject/UAE/data/arrangement_merged/chr_09/186193.2~A37.K_9R.png,0,-1.1872088784235035,,0.0003737211227416,-0.41478749914737273,chromosome
0,0.0003293752670288,186193,186193.2~A4.K_9,9,,normal,186193.2~A4.K_9L.png,186193.2~A4.K_9R.png,train,/data5/chensx/MyProject/UAE/data/arrangement_merged/chr_09/186193.2~A4.K_9L.png,/data5/chensx/MyProject/UAE/data/arrangement_merged/chr_09/186193.2~A4.K_9R.png,0,-1.2423557029284773,,0.0003293752670288,-0.8538642154144577,chromosome
0,0.0005433559417724,186193,186193.2~A42.K_9,9,,normal,186193.2~A42.K_9L.png,186193.2~A42.K_9R.png,train,/data5/chensx/MyProject/UAE/data/arrangement_merged/chr_09/186193.2~A42.K_9L.png,/data5/chensx/MyProject/UAE/data/arrangement_merged/chr_09/186193.2~A42.K_9R.png,0,-0.9762574502767896,,0.0005433559417724,1.2647989719533779,chromosome
0,0.0003864765167236,186193,186193.2~A44.K_9,9,,normal,186193.2~A44.K_9L.png,186193.2~A44.K_9R.png,train,/data5/chensx/MyProject/UAE/data/arrangement_merged/chr_09/186193.2~A44.K_9L.png,/data5/chensx/MyProject/UAE/data/arrangement_merged/chr_09/186193.2~A44.K_9R.png,0,-1.1713467541707288,,0.0003864765167236,-0.288493927532,chromosome
0,0.0003851652145385,186193,186193.2~A46.K_9,9,,normal,186193.2~A46.K_9L.png,186193.2~A46.K_9R.png,train,/data5/chensx/MyProject/UAE/data/arrangement_merged/chr_09/186193.2~A46.K_9L.png,/data5/chensx/MyProject/UAE/data/arrangement_merged/chr_09/186193.2~A46.K_9R.png,0,-1.1729774398415749,,0.0003851652145385,-0.30147737881990416,chromosome
0,0.0003113746643066,186193,186193.2~A48.K_9,9,,normal,186193.2~A48.K_9L.png,186193.2~A48.K_9R.png,train,/data5/chensx/MyProject/UAE/data/arrangement_merged/chr_09/186193.2~A48.K_9L.png,/data5/chensx/MyProject/UAE/data/arrangement_merged/chr_09/186193.2~A48.K_9R.png,0,-1.264740569864636,,0.0003113746643066,-1.032091592179466,chromosome
0,0.0003269910812377,186193,186193.2~A5.K_9,9,,normal,186193.2~A5.K_9L.png,186193.2~A5.K_9R.png,train,/data5/chensx/MyProject/UAE/data/arrangement_merged/chr_09/186193.2~A5.K_9L.png,/data5/chensx/MyProject/UAE/data/arrangement_merged/chr_09/186193.2~A5.K_9R.png,0,-1.245320585966379,,0.0003269910812377,-0.8774704904834639,chromosome
0,0.0004123449325561,186193,186193.2~A50.K_9,9,,normal,186193.2~A50.K_9L.png,186193.2~A50.K_9R.png,train,/data5/chensx/MyProject/UAE/data/arrangement_merged/chr_09/186193.2~A50.K_9L.png,/data5/chensx/MyProject/UAE/data/arrangement_merged/chr_09/186193.2~A50.K_9R.png,0,-1.139177773209494,,0.0004123449325561,-0.03236584304253764,chromosome
0,0.0003257989883422,186193,186193.2~A7.K_9,9,,normal,186193.2~A7.K_9L.png,186193.2~A7.K_9R.png,train,/data5/chensx/MyProject/UAE/data/arrangement_merged/chr_09/186193.2~A7.K_9L.png,/data5/chensx/MyProject/UAE/data/arrangement_merged/chr_09/186193.2~A7.K_9R.png,0,-1.24680302748533,,0.0003257989883422,-0.8892736280174722,chromosome
0,0.0003371238708496,186193,186193.3~A15.K_9,9,,normal,186193.3~A15.K_9L.png,186193.3~A15.K_9R.png,train,/data5/chensx/MyProject/UAE/data/arrangement_merged/chr_09/186193.3~A15.K_9L.png,/data5/chensx/MyProject/UAE/data/arrangement_merged/chr_09/186193.3~A15.K_9R.png,0,-1.2327198330552964,,0.0003371238708496,-0.7771438214429093,chromosome
0,0.0004211664199829,186193,186193.3~A6.K_9,9,,normal,186193.3~A6.K_9L.png,186193.3~A6.K_9R.png,train,/data5/chensx/MyProject/UAE/data/arrangement_merged/chr_09/186193.3~A6.K_9L.png,/data5/chensx/MyProject/UAE/data/arrangement_merged/chr_09/186193.3~A6.K_9R.png,0,-1.1282077059692577,,0.0004211664199829,0.05497737471011344,chromosome
0,0.0005245804786682,Q242362,Q242362.11~A39.K_9,9,,normal,Q242362.11~A39.K_9L.png,Q242362.11~A39.K_9R.png,train,/data5/chensx/MyProject/UAE/data/arrangement_merged/chr_09/Q242362.11~A39.K_9L.png,/data5/chensx/MyProject/UAE/data/arrangement_merged/chr_09/Q242362.11~A39.K_9R.png,0,-1.04222377588482,,0.0005245804786682,1.0788995557920062,chromosome
0,0.000554084777832,Q242362,Q242362.12~A25.K_9,9,,normal,Q242362.12~A25.K_9L.png,Q242362.12~A25.K_9R.png,train,/data5/chensx/MyProject/UAE/data/arrangement_merged/chr_09/Q242362.12~A25.K_9L.png,/data5/chensx/MyProject/UAE/data/arrangement_merged/chr_09/Q242362.12~A25.K_9R.png,0,-1.0034744954861554,,0.000554084777832,1.3710272097604417,chromosome
0,0.0005155205726623,Q242362,Q242362.12~A30.K_9,9,,normal,Q242362.12~A30.K_9L.png,Q242362.12~A30.K_9R.png,train,/data5/chensx/MyProject/UAE/data/arrangement_merged/chr_09/Q242362.12~A30.K_9L.png,/data5/chensx/MyProject/UAE/data/arrangement_merged/chr_09/Q242362.12~A30.K_9R.png,0,-1.054122544815319,,0.0005155205726623,0.9891957105325536,chromosome
0,0.0003806352615356,Q242362,Q242362.12~A6.K_9,9,,normal,Q242362.12~A6.K_9L.png,Q242362.12~A6.K_9R.png,train,/data5/chensx/MyProject/UAE/data/arrangement_merged/chr_09/Q242362.12~A6.K_9L.png,/data5/chensx/MyProject/UAE/data/arrangement_merged/chr_09/Q242362.12~A6.K_9R.png,0,-1.231273295405578,,0.0003806352615356,-0.34632930144913504,chromosome
0,0.0003345012664794,Q242362,Q242362.13~A12.K_9,9,,normal,Q242362.13~A12.K_9L.png,Q242362.13~A12.K_9R.png,train,/data5/chensx/MyProject/UAE/data/arrangement_merged/chr_09/Q242362.13~A12.K_9L.png,/data5/chensx/MyProject/UAE/data/arrangement_merged/chr_09/Q242362.13~A12.K_9R.png,0,-1.291863079301672,,0.0003345012664794,-0.8031107240187175,chromosome
0,0.0004346370697021,Q242362,Q242362.13~A3.K_9,9,,normal,Q242362.13~A3.K_9L.png,Q242362.13~A3.K_9R.png,train,/data5/chensx/MyProject/UAE/data/arrangement_merged/chr_09/Q242362.13~A3.K_9L.png,/data5/chensx/MyProject/UAE/data/arrangement_merged/chr_09/Q242362.13~A3.K_9R.png,0,-1.1603503700698403,,0.0004346370697021,0.1883528288449005,chromosome
0,0.0006530880928039,Q242362,Q242362.13~A33.K_9,9,,normal,Q242362.13~A33.K_9L.png,Q242362.13~A33.K_9R.png,train,/data5/chensx/MyProject/UAE/data/arrangement_merged/chr_09/Q242362.13~A33.K_9L.png,/data5/chensx/MyProject/UAE/data/arrangement_merged/chr_09/Q242362.13~A33.K_9R.png,0,-0.8734491323706361,,0.0006530880928039,2.3512777819660093,chromosome
0,0.0004662871360778,Q242362,Q242362.13~A6.K_9,9,,normal,Q242362.13~A6.K_9L.png,Q242362.13~A6.K_9R.png,train,/data5/chensx/MyProject/UAE/data/arrangement_merged/chr_09/Q242362.13~A6.K_9L.png,/data5/chensx/MyProject/UAE/data/arrangement_merged/chr_09/Q242362.13~A6.K_9R.png,0,-1.1187829601876362,,0.0004662871360778,0.5017261303745505,chromosome
0,0.0004427433013916,Q242362,Q242362.14~A13.K_9,9,,normal,Q242362.14~A13.K_9L.png,Q242362.14~A13.K_9R.png,train,/data5/chensx/MyProject/UAE/data/arrangement_merged/chr_09/Q242362.14~A13.K_9L.png,/data5/chensx/MyProject/UAE/data/arrangement_merged/chr_09/Q242362.14~A13.K_9R.png,0,-1.1497041031320252,,0.0004427433013916,0.26861416407714644,chromosome
0,0.0006073117256164,Q242362,Q242362.14~A25.K_9,9,,normal,Q242362.14~A25.K_9L.png,Q242362.14~A25.K_9R.png,train,/data5/chensx/MyProject/UAE/data/arrangement_merged/chr_09/Q242362.14~A25.K_9L.png,/data5/chensx/MyProject/UAE/data/arrangement_merged/chr_09/Q242362.14~A25.K_9R.png,0,-0.9335692280194736,,0.0006073117256164,1.8980373006571247,chromosome
0,0.0003917813301086,Q242362,Q242362.14~A29.K_9,9,,normal,Q242362.14~A29.K_9L.png,Q242362.14~A29.K_9R.png,train,/data5/chensx/MyProject/UAE/data/arrangement_merged/chr_09/Q242362.14~A29.K_9L.png,/data5/chensx/MyProject/UAE/data/arrangement_merged/chr_09/Q242362.14~A29.K_9R.png,0,-1.2166346783660824,,0.0003917813301086,-0.23596996550541596,chromosome
0,0.0003923177719116,Q242362,Q242362.14~A36.K_9,9,,normal,Q242362.14~A36.K_9L.png,Q242362.14~A36.K_9R.png,train,/data5/chensx/MyProject/UAE/data/arrangement_merged/chr_09/Q242362.14~A36.K_9L.png,/data5/chensx/MyProject/UAE/data/arrangement_merged/chr_09/Q242362.14~A36.K_9R.png,0,-1.2159301459951977,,0.0003923177719116,-0.23065855361486493,chromosome
0,0.0004090070724487,Q242362,Q242362.14~A48.K_9,9,,normal,Q242362.14~A48.K_9L.png,Q242362.14~A48.K_9R.png,train,/data5/chensx/MyProject/UAE/data/arrangement_merged/chr_09/Q242362.14~A48.K_9L.png,/data5/chensx/MyProject/UAE/data/arrangement_merged/chr_09/Q242362.14~A48.K_9R.png,0,-1.1940113611232257,,0.0004090070724487,-0.06541462813776029,chromosome
0,0.0005075931549072,Q242362,Q242362.1~A28.K_9,9,,normal,Q242362.1~A28.K_9L.png,Q242362.1~A28.K_9R.png,train,/data5/chensx/MyProject/UAE/data/arrangement_merged/chr_09/Q242362.1~A28.K_9L.png,/data5/chensx/MyProject/UAE/data/arrangement_merged/chr_09/Q242362.1~A28.K_9R.png,0,-1.0645339676295058,,0.0005075931549072,0.9107048459311521,chromosome
0,0.0003814697265625,Q242362,Q242362.1~A32.K_9,9,,normal,Q242362.1~A32.K_9L.png,Q242362.1~A32.K_9R.png,train,/data5/chensx/MyProject/UAE/data/arrangement_merged/chr_09/Q242362.1~A32.K_9L.png,/data5/chensx/MyProject/UAE/data/arrangement_merged/chr_09/Q242362.1~A32.K_9R.png,0,-1.230177356161979,,0.0003814697265625,-0.3380671051748345,chromosome
0,0.0003913640975952,Q242362,Q242362.1~A4.K_9,9,,normal,Q242362.1~A4.K_9L.png,Q242362.1~A4.K_9R.png,train,/data5/chensx/MyProject/UAE/data/arrangement_merged/chr_09/Q242362.1~A4.K_9L.png,/data5/chensx/MyProject/UAE/data/arrangement_merged/chr_09/Q242362.1~A4.K_9R.png,0,-1.2171826479878818,,0.0003913640975952,-0.24010106364207162,chromosome
0,0.0004413127899169,Q242362,Q242362.1~A9.K_9,9,,normal,Q242362.1~A9.K_9L.png,Q242362.1~A9.K_9R.png,train,/data5/chensx/MyProject/UAE/data/arrangement_merged/chr_09/Q242362.1~A9.K_9L.png,/data5/chensx/MyProject/UAE/data/arrangement_merged/chr_09/Q242362.1~A9.K_9R.png,0,-1.1515828561210515,,0.0004413127899169,0.25445039903534633,chromosome
0,0.0003982782363891,Q242362,Q242362.2~A14.K_9,9,,normal,Q242362.2~A14.K_9L.png,Q242362.2~A14.K_9R.png,train,/data5/chensx/MyProject/UAE/data/arrangement_merged/chr_09/Q242362.2~A14.K_9L.png,/data5/chensx/MyProject/UAE/data/arrangement_merged/chr_09/Q242362.2~A14.K_9R.png,0,-1.208102008540922,,0.0003982782363891,-0.17164286594482425,chromosome
0,0.0003941059112548,Q242362,Q242362.2~A2.K_9,9,,normal,Q242362.2~A2.K_9L.png,Q242362.2~A2.K_9R.png,train,/data5/chensx/MyProject/UAE/data/arrangement_merged/chr_09/Q242362.2~A2.K_9L.png,/data5/chensx/MyProject/UAE/data/arrangement_merged/chr_09/Q242362.2~A2.K_9R.png,0,-1.213581704758915,,0.0003941059112548,-0.21295384731434797,chromosome
0,0.0003602504730224,Q242362,Q242362.2~A7.K_9,9,,normal,Q242362.2~A7.K_9L.png,Q242362.2~A7.K_9R.png,train,/data5/chensx/MyProject/UAE/data/arrangement_merged/chr_09/Q242362.2~A7.K_9L.png,/data5/chensx/MyProject/UAE/data/arrangement_merged/chr_09/Q242362.2~A7.K_9R.png,0,-1.258045525499201,,0.0003602504730224,-0.5481629532821604,chromosome
0,0.0003373622894287,Q242362,Q242362.2~A9.K_9,9,,normal,Q242362.2~A9.K_9L.png,Q242362.2~A9.K_9R.png,train,/data5/chensx/MyProject/UAE/data/arrangement_merged/chr_09/Q242362.2~A9.K_9L.png,/data5/chensx/MyProject/UAE/data/arrangement_merged/chr_09/Q242362.2~A9.K_9R.png,0,-1.2881055733236195,,0.0003373622894287,-0.7747831939361077,chromosome
0,0.0005039572715759,Q242362,Q242362.3~A15.K_9,9,,normal,Q242362.3~A15.K_9L.png,Q242362.3~A15.K_9R.png,train,/data5/chensx/MyProject/UAE/data/arrangement_merged/chr_09/Q242362.3~A15.K_9L.png,/data5/chensx/MyProject/UAE/data/arrangement_merged/chr_09/Q242362.3~A15.K_9R.png,0,-1.069309131476614,,0.0005039572715759,0.8747052764521794,chromosome
0,0.0003240704536437,Q242362,Q242362.4~A30.K_9,9,,normal,Q242362.4~A30.K_9L.png,Q242362.4~A30.K_9R.png,train,/data5/chensx/MyProject/UAE/data/arrangement_merged/chr_09/Q242362.4~A30.K_9L.png,/data5/chensx/MyProject/UAE/data/arrangement_merged/chr_09/Q242362.4~A30.K_9R.png,0,-1.3055623198466544,,0.0003240704536437,-0.9063881774420315,chromosome
0,0.0003683567047119,Q242362,Q242362.4~A42.K_9,9,,normal,Q242362.4~A42.K_9L.png,Q242362.4~A42.K_9R.png,train,/data5/chensx/MyProject/UAE/data/arrangement_merged/chr_09/Q242362.4~A42.K_9L.png,/data5/chensx/MyProject/UAE/data/arrangement_merged/chr_09/Q242362.4~A42.K_9R.png,0,-1.247399258561386,,0.0003683567047119,-0.4679016180499144,chromosome
0,0.0003634691238403,Q242664,Q242664.11~A21.K_9,9,,normal,Q242664.11~A21.K_9L.png,Q242664.11~A21.K_9R.png,train,/data5/chensx/MyProject/UAE/data/arrangement_merged/chr_09/Q242664.11~A21.K_9L.png,/data5/chensx/MyProject/UAE/data/arrangement_merged/chr_09/Q242664.11~A21.K_9R.png,0,-1.2241955009832073,,0.0003634691238403,-0.5162944819398433,chromosome
0,0.0004408359527587,Q242664,Q242664.12~A1.K_9,9,,normal,Q242664.12~A1.K_9L.png,Q242664.12~A1.K_9R.png,train,/data5/chensx/MyProject/UAE/data/arrangement_merged/chr_09/Q242664.12~A1.K_9L.png,/data5/chensx/MyProject/UAE/data/arrangement_merged/chr_09/Q242664.12~A1.K_9R.png,0,-1.1194777177726156,,0.0004408359527587,0.24972914402174326,chromosome
0,0.0005227923393249,Q242664,Q242664.12~A16.K_9,9,,normal,Q242664.12~A16.K_9L.png,Q242664.12~A16.K_9R.png,train,/data5/chensx/MyProject/UAE/data/arrangement_merged/chr_09/Q242664.12~A16.K_9L.png,/data5/chensx/MyProject/UAE/data/arrangement_merged/chr_09/Q242664.12~A16.K_9R.png,0,-1.0085478626766495,,0.0005227923393249,1.061194849490499,chromosome
0,0.0004011392593383,Q242664,Q242664.12~A19.K_9,9,,normal,Q242664.12~A19.K_9L.png,Q242664.12~A19.K_9R.png,train,/data5/chensx/MyProject/UAE/data/arrangement_merged/chr_09/Q242664.12~A19.K_9L.png,/data5/chensx/MyProject/UAE/data/arrangement_merged/chr_09/Q242664.12~A19.K_9R.png,0,-1.173208105768189,,0.0004011392593383,-0.14331533586320466,chromosome
0,0.0004403591156005,Q242664,Q242664.12~A22.K_9,9,,normal,Q242664.12~A22.K_9L.png,Q242664.12~A22.K_9R.png,train,/data5/chensx/MyProject/UAE/data/arrangement_merged/chr_09/Q242664.12~A22.K_9L.png,/data5/chensx/MyProject/UAE/data/arrangement_merged/chr_09/Q242664.12~A22.K_9R.png,0,-1.1201231278386283,,0.0004403591156005,0.2450078890081402,chromosome
0,0.000300645828247,Q242664,Q242664.12~A24.K_9,9,,normal,Q242664.12~A24.K_9L.png,Q242664.12~A24.K_9R.png,train,/data5/chensx/MyProject/UAE/data/arrangement_merged/chr_09/Q242664.12~A24.K_9L.png,/data5/chensx/MyProject/UAE/data/arrangement_merged/chr_09/Q242664.12~A24.K_9R.png,0,-1.309228277180406,,0.000300645828247,-1.1383198299865298,chromosome
0,0.0003288984298706,Q242664,Q242664.12~A29.K_9,9,,normal,Q242664.12~A29.K_9L.png,Q242664.12~A29.K_9R.png,train,/data5/chensx/MyProject/UAE/data/arrangement_merged/chr_09/Q242664.12~A29.K_9L.png,/data5/chensx/MyProject/UAE/data/arrangement_merged/chr_09/Q242664.12~A29.K_9R.png,0,-1.2709877307691422,,0.0003288984298706,-0.8585854704280608,chromosome
0,0.0003964304924011,Q242664,Q242664.12~A34.K_9,9,,normal,Q242664.12~A34.K_9L.png,Q242664.12~A34.K_9R.png,train,/data5/chensx/MyProject/UAE/data/arrangement_merged/chr_09/Q242664.12~A34.K_9L.png,/data5/chensx/MyProject/UAE/data/arrangement_merged/chr_09/Q242664.12~A34.K_9R.png,0,-1.1795815301700665,,0.0003964304924011,-0.18993772912228915,chromosome
0,0.0003310441970825,Q242664,Q242664.12~A37.K_9,9,,normal,Q242664.12~A37.K_9L.png,Q242664.12~A37.K_9R.png,train,/data5/chensx/MyProject/UAE/data/arrangement_merged/chr_09/Q242664.12~A37.K_9L.png,/data5/chensx/MyProject/UAE/data/arrangement_merged/chr_09/Q242664.12~A37.K_9R.png,0,-1.268083385472084,,0.0003310441970825,-0.8373398228668458,chromosome
0,0.0005176067352294,Q242664,Q242664.12~A8.K_9,9,,normal,Q242664.12~A8.K_9L.png,Q242664.12~A8.K_9R.png,train,/data5/chensx/MyProject/UAE/data/arrangement_merged/chr_09/Q242664.12~A8.K_9L.png,/data5/chensx/MyProject/UAE/data/arrangement_merged/chr_09/Q242664.12~A8.K_9R.png,0,-1.0155666971445398,,0.0005176067352294,1.009851201216821,chromosome
0,0.0005024671554565,Q242664,Q242664.13~A20.K_9,9,,normal,Q242664.13~A20.K_9L.png,Q242664.13~A20.K_9R.png,train,/data5/chensx/MyProject/UAE/data/arrangement_merged/chr_09/Q242664.13~A20.K_9L.png,/data5/chensx/MyProject/UAE/data/arrangement_merged/chr_09/Q242664.13~A20.K_9R.png,0,-1.036058466740449,,0.0005024671554565,0.8599513545344222,chromosome
0,0.0004826188087463,Q242664,Q242664.13~A32.K_9,9,,normal,Q242664.13~A32.K_9L.png,Q242664.13~A32.K_9R.png,train,/data5/chensx/MyProject/UAE/data/arrangement_merged/chr_09/Q242664.13~A32.K_9L.png,/data5/chensx/MyProject/UAE/data/arrangement_merged/chr_09/Q242664.13~A32.K_9R.png,0,-1.0629236607382355,,0.0004826188087463,0.663429114591948,chromosome
0,0.0004025101661682,Q242664,Q242664.13~A33.K_9,9,,normal,Q242664.13~A33.K_9L.png,Q242664.13~A33.K_9R.png,train,/data5/chensx/MyProject/UAE/data/arrangement_merged/chr_09/Q242664.13~A33.K_9L.png,/data5/chensx/MyProject/UAE/data/arrangement_merged/chr_09/Q242664.13~A33.K_9R.png,0,-1.1713525518284018,,0.0004025101661682,-0.12974172769835254,chromosome
0,0.0003751516342163,Q242664,Q242664.13~A42.K_9,9,,normal,Q242664.13~A42.K_9L.png,Q242664.13~A42.K_9R.png,train,/data5/chensx/MyProject/UAE/data/arrangement_merged/chr_09/Q242664.13~A42.K_9L.png,/data5/chensx/MyProject/UAE/data/arrangement_merged/chr_09/Q242664.13~A42.K_9R.png,0,-1.2083829543658915,,0.0003751516342163,-0.40062373410557317,chromosome
0,0.0003862380981445,Q242664,Q242664.13~A50.K_9,9,,normal,Q242664.13~A50.K_9L.png,Q242664.13~A50.K_9R.png,train,/data5/chensx/MyProject/UAE/data/arrangement_merged/chr_09/Q242664.13~A50.K_9L.png,/data5/chensx/MyProject/UAE/data/arrangement_merged/chr_09/Q242664.13~A50.K_9R.png,0,-1.1933771703310918,,0.0003862380981445,-0.29085455503880153,chromosome
0,0.0004469156265258,Q242664,Q242664.14~A47.K_9,9,,normal,Q242664.14~A47.K_9L.png,Q242664.14~A47.K_9R.png,train,/data5/chensx/MyProject/UAE/data/arrangement_merged/chr_09/Q242664.14~A47.K_9L.png,/data5/chensx/MyProject/UAE/data/arrangement_merged/chr_09/Q242664.14~A47.K_9R.png,0,-1.1112487394309511,,0.0004469156265258,0.30992514544567984,chromosome
0,0.0003504753112792,Q242664,Q242664.1~A14.K_9,9,,normal,Q242664.1~A14.K_9L.png,Q242664.1~A14.K_9R.png,train,/data5/chensx/MyProject/UAE/data/arrangement_merged/chr_09/Q242664.1~A14.K_9L.png,/data5/chensx/MyProject/UAE/data/arrangement_merged/chr_09/Q242664.1~A14.K_9R.png,0,-1.2417829252820587,,0.0003504753112792,-0.6449486810620175,chromosome
0,0.0004739761352539,Q242664,Q242664.2~A1.K_9,9,,normal,Q242664.2~A1.K_9L.png,Q242664.2~A1.K_9R.png,train,/data5/chensx/MyProject/UAE/data/arrangement_merged/chr_09/Q242664.2~A1.K_9L.png,/data5/chensx/MyProject/UAE/data/arrangement_merged/chr_09/Q242664.2~A1.K_9R.png,0,-1.0746217181847195,,0.0004739761352539,0.5778563674701412,chromosome
0,0.0003945231437683,Q242664,Q242664.2~A10.K_9,9,,normal,Q242664.2~A10.K_9L.png,Q242664.2~A10.K_9R.png,train,/data5/chensx/MyProject/UAE/data/arrangement_merged/chr_09/Q242664.2~A10.K_9L.png,/data5/chensx/MyProject/UAE/data/arrangement_merged/chr_09/Q242664.2~A10.K_9R.png,0,-1.1821631704341178,,0.0003945231437683,-0.20882274917670254,chromosome
0,0.0003357529640197,Q242664,Q242664.2~A30.K_9,9,,normal,Q242664.2~A30.K_9L.png,Q242664.2~A30.K_9R.png,train,/data5/chensx/MyProject/UAE/data/arrangement_merged/chr_09/Q242664.2~A30.K_9L.png,/data5/chensx/MyProject/UAE/data/arrangement_merged/chr_09/Q242664.2~A30.K_9R.png,0,-1.2617099610702067,,0.0003357529640197,-0.7907174296077614,chromosome
0,0.0004414916038513,Q242664,Q242664.2~A32.K_9,9,,normal,Q242664.2~A32.K_9L.png,Q242664.2~A32.K_9R.png,train,/data5/chensx/MyProject/UAE/data/arrangement_merged/chr_09/Q242664.2~A32.K_9L.png,/data5/chensx/MyProject/UAE/data/arrangement_merged/chr_09/Q242664.2~A32.K_9R.png,0,-1.1185902789318478,,0.0004414916038513,0.25622086966619023,chromosome
0,0.000382661819458,Q242664,Q242664.2~A6.K_9,9,,normal,Q242664.2~A6.K_9L.png,Q242664.2~A6.K_9R.png,train,/data5/chensx/MyProject/UAE/data/arrangement_merged/chr_09/Q242664.2~A6.K_9L.png,/data5/chensx/MyProject/UAE/data/arrangement_merged/chr_09/Q242664.2~A6.K_9R.png,0,-1.1982177458261885,,0.000382661819458,-0.32626396764082627,chromosome
0,0.000369906425476,Q242664,Q242664.3~A19.K_9,9,,normal,Q242664.3~A19.K_9L.png,Q242664.3~A19.K_9R.png,train,/data5/chensx/MyProject/UAE/data/arrangement_merged/chr_09/Q242664.3~A19.K_9L.png,/data5/chensx/MyProject/UAE/data/arrangement_merged/chr_09/Q242664.3~A19.K_9R.png,0,-1.2154824650920333,,0.000369906425476,-0.452557539256199,chromosome
0,0.0003215670585632,Q242664,Q242664.3~A29.K_9,9,,normal,Q242664.3~A29.K_9L.png,Q242664.3~A29.K_9R.png,train,/data5/chensx/MyProject/UAE/data/arrangement_merged/chr_09/Q242664.3~A29.K_9L.png,/data5/chensx/MyProject/UAE/data/arrangement_merged/chr_09/Q242664.3~A29.K_9R.png,0,-1.2809109105340903,,0.0003215670585632,-0.9311747662629536,chromosome
0,0.0003590583801269,Q242664,Q242664.3~A44.K_9,9,,normal,Q242664.3~A44.K_9L.png,Q242664.3~A44.K_9R.png,train,/data5/chensx/MyProject/UAE/data/arrangement_merged/chr_09/Q242664.3~A44.K_9L.png,/data5/chensx/MyProject/UAE/data/arrangement_merged/chr_09/Q242664.3~A44.K_9R.png,0,-1.2301655440938266,,0.0003590583801269,-0.5599660908161685,chromosome
0,0.0006252527236938,Q242664,Q242664.3~A48.K_9,9,,normal,Q242664.3~A48.K_9L.png,Q242664.3~A48.K_9R.png,train,/data5/chensx/MyProject/UAE/data/arrangement_merged/chr_09/Q242664.3~A48.K_9L.png,/data5/chensx/MyProject/UAE/data/arrangement_merged/chr_09/Q242664.3~A48.K_9R.png,0,-0.8698653747421293,,0.0006252527236938,2.075674520545185,chromosome
0,0.0003747344017028,Q242664,Q242664.4~A14.K_9,9,,normal,Q242664.4~A14.K_9L.png,Q242664.4~A14.K_9R.png,train,/data5/chensx/MyProject/UAE/data/arrangement_merged/chr_09/Q242664.4~A14.K_9L.png,/data5/chensx/MyProject/UAE/data/arrangement_merged/chr_09/Q242664.4~A14.K_9R.png,0,-1.2089476881736527,,0.0003747344017028,-0.40475483224321857,chromosome
0,0.0002978444099426,Q242664,Q242664.4~A34.K_9,9,,normal,Q242664.4~A34.K_9L.png,Q242664.4~A34.K_9R.png,train,/data5/chensx/MyProject/UAE/data/arrangement_merged/chr_09/Q242664.4~A34.K_9L.png,/data5/chensx/MyProject/UAE/data/arrangement_merged/chr_09/Q242664.4~A34.K_9R.png,0,-1.3130200613182317,,0.0002978444099426,-1.1660572031912015,chromosome
0,0.0003044009208679,Q242664,Q242664.4~A41.K_9,9,,normal,Q242664.4~A41.K_9L.png,Q242664.4~A41.K_9R.png,train,/data5/chensx/MyProject/UAE/data/arrangement_merged/chr_09/Q242664.4~A41.K_9L.png,/data5/chensx/MyProject/UAE/data/arrangement_merged/chr_09/Q242664.4~A41.K_9R.png,0,-1.3041456729105545,,0.0003044009208679,-1.1011399467536613,chromosome
0,0.0003892183303833,Q242664,Q242664.4~A49.K_9,9,,normal,Q242664.4~A49.K_9L.png,Q242664.4~A49.K_9R.png,train,/data5/chensx/MyProject/UAE/data/arrangement_merged/chr_09/Q242664.4~A49.K_9L.png,/data5/chensx/MyProject/UAE/data/arrangement_merged/chr_09/Q242664.4~A49.K_9R.png,0,-1.1893433574185113,,0.0003892183303833,-0.261346711203286,chromosome
0,0.0003785490989685,Q250230,Q250230.11~A30.K_9,9,,normal,Q250230.11~A30.K_9L.png,Q250230.11~A30.K_9R.png,train,/data5/chensx/MyProject/UAE/data/arrangement_merged/chr_09/Q250230.11~A30.K_9L.png,/data5/chensx/MyProject/UAE/data/arrangement_merged/chr_09/Q250230.11~A30.K_9R.png,0,-1.1867077564102426,,0.0003785490989685,-0.366984792133402,chromosome
0,0.0003631711006164,Q250230,Q250230.12~A40.K_9,9,,normal,Q250230.12~A40.K_9L.png,Q250230.12~A40.K_9R.png,train,/data5/chensx/MyProject/UAE/data/arrangement_merged/chr_09/Q250230.12~A40.K_9L.png,/data5/chensx/MyProject/UAE/data/arrangement_merged/chr_09/Q250230.12~A40.K_9R.png,0,-1.2059507382400414,,0.0003631711006164,-0.5192452663235928,chromosome
0,0.0003214478492736,Q250230,Q250230.13~A45.K_9,9,,normal,Q250230.13~A45.K_9L.png,Q250230.13~A45.K_9R.png,train,/data5/chensx/MyProject/UAE/data/arrangement_merged/chr_09/Q250230.13~A45.K_9L.png,/data5/chensx/MyProject/UAE/data/arrangement_merged/chr_09/Q250230.13~A45.K_9R.png,0,-1.2581603788635265,,0.0003214478492736,-0.9323550800168495,chromosome
0,0.0004445314407348,Q250230,Q250230.14~A21.K_9,9,,normal,Q250230.14~A21.K_9L.png,Q250230.14~A21.K_9R.png,train,/data5/chensx/MyProject/UAE/data/arrangement_merged/chr_09/Q250230.14~A21.K_9L.png,/data5/chensx/MyProject/UAE/data/arrangement_merged/chr_09/Q250230.14~A21.K_9R.png,0,-1.1041419390242455,,0.0004445314407348,0.2863188703776639,chromosome
0,0.0004842281341552,Q250230,Q250230.14~A43.K_9,9,,normal,Q250230.14~A43.K_9L.png,Q250230.14~A43.K_9R.png,train,/data5/chensx/MyProject/UAE/data/arrangement_merged/chr_09/Q250230.14~A43.K_9L.png,/data5/chensx/MyProject/UAE/data/arrangement_merged/chr_09/Q250230.14~A43.K_9R.png,0,-1.0544681952310442,,0.0004842281341552,0.6793633502626113,chromosome
0,0.0004000663757324,Q250230,Q250230.15~A8.K_9,9,,normal,Q250230.15~A8.K_9L.png,Q250230.15~A8.K_9R.png,train,/data5/chensx/MyProject/UAE/data/arrangement_merged/chr_09/Q250230.15~A8.K_9L.png,/data5/chensx/MyProject/UAE/data/arrangement_merged/chr_09/Q250230.15~A8.K_9R.png,0,-1.1597824988887024,,0.0004000663757324,-0.153938159643317,chromosome
0,0.0003322958946228,Q250230,Q250230.1~A20.K_9,9,,normal,Q250230.1~A20.K_9L.png,Q250230.1~A20.K_9R.png,train,/data5/chensx/MyProject/UAE/data/arrangement_merged/chr_09/Q250230.1~A20.K_9L.png,/data5/chensx/MyProject/UAE/data/arrangement_merged/chr_09/Q250230.1~A20.K_9R.png,0,-1.2445858723014205,,0.0003322958946228,-0.8249465284558897,chromosome
0,0.0004991292953491,Q250230,Q250230.2~A24.K_9,9,,normal,Q250230.2~A24.K_9L.png,Q250230.2~A24.K_9R.png,train,/data5/chensx/MyProject/UAE/data/arrangement_merged/chr_09/Q250230.2~A24.K_9L.png,/data5/chensx/MyProject/UAE/data/arrangement_merged/chr_09/Q250230.2~A24.K_9R.png,0,-1.035821895008371,,0.0004991292953491,0.8269025694391985,chromosome
0,0.000361680984497,Q250230,Q250230.2~A27.K_9,9,,normal,Q250230.2~A27.K_9L.png,Q250230.2~A27.K_9R.png,train,/data5/chensx/MyProject/UAE/data/arrangement_merged/chr_09/Q250230.2~A27.K_9L.png,/data5/chensx/MyProject/UAE/data/arrangement_merged/chr_09/Q250230.2~A27.K_9R.png,0,-1.2078153682623087,,0.000361680984497,-0.5339991882413505,chromosome
0,0.0003379583358764,Q250230,Q250230.2~A38.K_9,9,,normal,Q250230.2~A38.K_9L.png,Q250230.2~A38.K_9R.png,train,/data5/chensx/MyProject/UAE/data/arrangement_merged/chr_09/Q250230.2~A38.K_9L.png,/data5/chensx/MyProject/UAE/data/arrangement_merged/chr_09/Q250230.2~A38.K_9R.png,0,-1.2375002782168043,,0.0003379583358764,-0.7688816251695985,chromosome
0,0.0004165172576904,Q250230,Q250230.4~A35.K_9,9,,normal,Q250230.4~A35.K_9L.png,Q250230.4~A35.K_9R.png,train,/data5/chensx/MyProject/UAE/data/arrangement_merged/chr_09/Q250230.4~A35.K_9L.png,/data5/chensx/MyProject/UAE/data/arrangement_merged/chr_09/Q250230.4~A35.K_9R.png,0,-1.1391969834428712,,0.0004165172576904,0.008945138326986091,chromosome
0,0.0006459951400756,Q250230,Q250230.5~A21.K_9,9,,normal,Q250230.5~A21.K_9L.png,Q250230.5~A21.K_9R.png,train,/data5/chensx/MyProject/UAE/data/arrangement_merged/chr_09/Q250230.5~A21.K_9L.png,/data5/chensx/MyProject/UAE/data/arrangement_merged/chr_09/Q250230.5~A21.K_9R.png,0,-0.8520439600137039,,0.0006459951400756,2.281049113637918,chromosome
0,0.0003208518028259,Q250230,Q250230.5~A42.K_9,9,,normal,Q250230.5~A42.K_9L.png,Q250230.5~A42.K_9R.png,train,/data5/chensx/MyProject/UAE/data/arrangement_merged/chr_09/Q250230.5~A42.K_9L.png,/data5/chensx/MyProject/UAE/data/arrangement_merged/chr_09/Q250230.5~A42.K_9R.png,0,-1.2589062308724333,,0.0003208518028259,-0.9382566487833588,chromosome
0,0.0003809332847595,Q250230,Q250230.5~A46.K_9,9,,normal,Q250230.5~A46.K_9L.png,Q250230.5~A46.K_9R.png,train,/data5/chensx/MyProject/UAE/data/arrangement_merged/chr_09/Q250230.5~A46.K_9L.png,/data5/chensx/MyProject/UAE/data/arrangement_merged/chr_09/Q250230.5~A46.K_9R.png,0,-1.183724348374615,,0.0003809332847595,-0.3433785170653855,chromosome
0,0.0003072023391723,Q250230,Q250230.5~A5.K_9,9,,normal,Q250230.5~A5.K_9L.png,Q250230.5~A5.K_9R.png,train,/data5/chensx/MyProject/UAE/data/arrangement_merged/chr_09/Q250230.5~A5.K_9L.png,/data5/chensx/MyProject/UAE/data/arrangement_merged/chr_09/Q250230.5~A5.K_9R.png,0,-1.275986241876402,,0.0003072023391723,-1.0734025735489896,chromosome
0,0.0007157921791076,Q250230,Q250230.5~A6.K_9,9,,normal,Q250230.5~A6.K_9L.png,Q250230.5~A6.K_9R.png,train,/data5/chensx/MyProject/UAE/data/arrangement_merged/chr_09/Q250230.5~A6.K_9L.png,/data5/chensx/MyProject/UAE/data/arrangement_merged/chr_09/Q250230.5~A6.K_9R.png,0,-0.7647046897707025,,0.0007157921791076,2.9721228162588,chromosome
0,0.0003536343574523,Q251136,Q251136.12~A20.K_9,9,,normal,Q251136.12~A20.K_9L.png,Q251136.12~A20.K_9R.png,train,/data5/chensx/MyProject/UAE/data/arrangement_merged/chr_09/Q251136.12~A20.K_9L.png,/data5/chensx/MyProject/UAE/data/arrangement_merged/chr_09/Q251136.12~A20.K_9R.png,0,-0.9635167341266866,,0.0003536343574523,-0.6136703665966485,chromosome
0,0.0005260109901428,Q251136,Q251136.12~A23.K_9,9,,normal,Q251136.12~A23.K_9L.png,Q251136.12~A23.K_9R.png,train,/data5/chensx/MyProject/UAE/data/arrangement_merged/chr_09/Q251136.12~A23.K_9L.png,/data5/chensx/MyProject/UAE/data/arrangement_merged/chr_09/Q251136.12~A23.K_9R.png,0,-0.7938997015197992,,0.0005260109901428,1.0930633208328164,chromosome
0,0.000393271446228,Q251136,Q251136.14~A16.K_9,9,,normal,Q251136.14~A16.K_9L.png,Q251136.14~A16.K_9R.png,train,/data5/chensx/MyProject/UAE/data/arrangement_merged/chr_09/Q251136.14~A16.K_9L.png,/data5/chensx/MyProject/UAE/data/arrangement_merged/chr_09/Q251136.14~A16.K_9R.png,0,-0.9245142006952966,,0.000393271446228,-0.22121604358765823,chromosome
0,0.0003657937049865,Q251136,Q251136.14~A17.K_9,9,,normal,Q251136.14~A17.K_9L.png,Q251136.14~A17.K_9R.png,train,/data5/chensx/MyProject/UAE/data/arrangement_merged/chr_09/Q251136.14~A17.K_9L.png,/data5/chensx/MyProject/UAE/data/arrangement_merged/chr_09/Q251136.14~A17.K_9R.png,0,-0.9515520471793129,,0.0003657937049865,-0.49327836374877476,chromosome
0,0.0003540515899658,Q251136,Q251136.14~A18.K_9,9,,normal,Q251136.14~A18.K_9L.png,Q251136.14~A18.K_9R.png,train,/data5/chensx/MyProject/UAE/data/arrangement_merged/chr_09/Q251136.14~A18.K_9L.png,/data5/chensx/MyProject/UAE/data/arrangement_merged/chr_09/Q251136.14~A18.K_9R.png,0,-0.9631061811431983,,0.0003540515899658,-0.6095392684590031,chromosome
0,0.0004546642303466,Q251136,Q251136.14~A2.K_9,9,,normal,Q251136.14~A2.K_9L.png,Q251136.14~A2.K_9R.png,train,/data5/chensx/MyProject/UAE/data/arrangement_merged/chr_09/Q251136.14~A2.K_9L.png,/data5/chensx/MyProject/UAE/data/arrangement_merged/chr_09/Q251136.14~A2.K_9R.png,0,-0.8641042616963013,,0.0004546642303466,0.38664553941722835,chromosome
0,0.0003595352172851,Q251136,Q251136.14~A31.K_9,9,,normal,Q251136.14~A31.K_9L.png,Q251136.14~A31.K_9R.png,train,/data5/chensx/MyProject/UAE/data/arrangement_merged/chr_09/Q251136.14~A31.K_9L.png,/data5/chensx/MyProject/UAE/data/arrangement_merged/chr_09/Q251136.14~A31.K_9R.png,0,-0.9577103419316376,,0.0003595352172851,-0.5552448358025655,chromosome
0,0.0003119111061096,Q251136,Q251136.14~A39.K_9,9,,normal,Q251136.14~A39.K_9L.png,Q251136.14~A39.K_9R.png,train,/data5/chensx/MyProject/UAE/data/arrangement_merged/chr_09/Q251136.14~A39.K_9L.png,/data5/chensx/MyProject/UAE/data/arrangement_merged/chr_09/Q251136.14~A39.K_9R.png,0,-1.0045720324755183,,0.0003119111061096,-1.026780180288915,chromosome
0,0.0005139708518981,Q251136,Q251136.1~A12.K_9,9,,normal,Q251136.1~A12.K_9L.png,Q251136.1~A12.K_9R.png,train,/data5/chensx/MyProject/UAE/data/arrangement_merged/chr_09/Q251136.1~A12.K_9L.png,/data5/chensx/MyProject/UAE/data/arrangement_merged/chr_09/Q251136.1~A12.K_9R.png,0,-0.8057470876147477,,0.0005139708518981,0.9738516317378484,chromosome
0,0.0004963278770446,Q251136,Q251136.1~A38.K_9,9,,normal,Q251136.1~A38.K_9L.png,Q251136.1~A38.K_9R.png,train,/data5/chensx/MyProject/UAE/data/arrangement_merged/chr_09/Q251136.1~A38.K_9L.png,/data5/chensx/MyProject/UAE/data/arrangement_merged/chr_09/Q251136.1~A38.K_9R.png,0,-0.8231076137736822,,0.0004963278770446,0.7991651962335371,chromosome
0,0.0006390810012817,Q251136,Q251136.2~A15.K_9,9,,normal,Q251136.2~A15.K_9L.png,Q251136.2~A15.K_9R.png,train,/data5/chensx/MyProject/UAE/data/arrangement_merged/chr_09/Q251136.2~A15.K_9L.png,/data5/chensx/MyProject/UAE/data/arrangement_merged/chr_09/Q251136.2~A15.K_9R.png,0,-0.6826398429944652,,0.0006390810012817,2.2125909159406705,chromosome
0,0.0003728866577148,Q251136,Q251136.2~A2.K_9,9,,normal,Q251136.2~A2.K_9L.png,Q251136.2~A2.K_9R.png,train,/data5/chensx/MyProject/UAE/data/arrangement_merged/chr_09/Q251136.2~A2.K_9L.png,/data5/chensx/MyProject/UAE/data/arrangement_merged/chr_09/Q251136.2~A2.K_9R.png,0,-0.9445726464600116,,0.0003728866577148,-0.4230496954206835,chromosome
0,0.0003395080566406,Q251136,Q251136.2~A20.K_9,9,,normal,Q251136.2~A20.K_9L.png,Q251136.2~A20.K_9R.png,train,/data5/chensx/MyProject/UAE/data/arrangement_merged/chr_09/Q251136.2~A20.K_9L.png,/data5/chensx/MyProject/UAE/data/arrangement_merged/chr_09/Q251136.2~A20.K_9R.png,0,-0.9774168851390768,,0.0003395080566406,-0.7535375463748928,chromosome
0,0.0005207657814025,Q251136,Q251136.2~A25.K_9,9,,normal,Q251136.2~A25.K_9L.png,Q251136.2~A25.K_9R.png,train,/data5/chensx/MyProject/UAE/data/arrangement_merged/chr_09/Q251136.2~A25.K_9L.png,/data5/chensx/MyProject/UAE/data/arrangement_merged/chr_09/Q251136.2~A25.K_9R.png,0,-0.7990609390265094,,0.0005207657814025,1.0411295156821896,chromosome
0,0.0004178881645202,Q251136,Q251136.2~A36.K_9,9,,normal,Q251136.2~A36.K_9L.png,Q251136.2~A36.K_9R.png,train,/data5/chensx/MyProject/UAE/data/arrangement_merged/chr_09/Q251136.2~A36.K_9L.png,/data5/chensx/MyProject/UAE/data/arrangement_merged/chr_09/Q251136.2~A36.K_9R.png,0,-0.9002915746694858,,0.0004178881645202,0.022518746490847917,chromosome
0,0.0004849433898925,Q251136,Q251136.2~A5.K_9,9,,normal,Q251136.2~A5.K_9L.png,Q251136.2~A5.K_9R.png,train,/data5/chensx/MyProject/UAE/data/arrangement_merged/chr_09/Q251136.2~A5.K_9L.png,/data5/chensx/MyProject/UAE/data/arrangement_merged/chr_09/Q251136.2~A5.K_9R.png,0,-0.834309845180292,,0.0004849433898925,0.6864452327830165,chromosome
0,0.0004317760467529,Q251136,Q251136.2~A7.K_9,9,,normal,Q251136.2~A7.K_9L.png,Q251136.2~A7.K_9R.png,train,/data5/chensx/MyProject/UAE/data/arrangement_merged/chr_09/Q251136.2~A7.K_9L.png,/data5/chensx/MyProject/UAE/data/arrangement_merged/chr_09/Q251136.2~A7.K_9R.png,0,-0.8866260253619461,,0.0004317760467529,0.16002529876328095,chromosome
0,0.0004256963729858,Q251136,Q251136.3~A16.K_9,9,,normal,Q251136.3~A16.K_9L.png,Q251136.3~A16.K_9R.png,train,/data5/chensx/MyProject/UAE/data/arrangement_merged/chr_09/Q251136.3~A16.K_9L.png,/data5/chensx/MyProject/UAE/data/arrangement_merged/chr_09/Q251136.3~A16.K_9R.png,0,-0.892608368835633,,0.0004256963729858,0.09982929733934434,chromosome
0,0.000500202178955,Q251136,Q251136.3~A21.K_9,9,,normal,Q251136.3~A21.K_9L.png,Q251136.3~A21.K_9R.png,train,/data5/chensx/MyProject/UAE/data/arrangement_merged/chr_09/Q251136.3~A21.K_9L.png,/data5/chensx/MyProject/UAE/data/arrangement_merged/chr_09/Q251136.3~A21.K_9R.png,0,-0.8192953360698622,,0.000500202178955,0.8375253932193107,chromosome
0,0.000309944152832,Q251136,Q251136.3~A23.K_9,9,,normal,Q251136.3~A23.K_9L.png,Q251136.3~A23.K_9R.png,train,/data5/chensx/MyProject/UAE/data/arrangement_merged/chr_09/Q251136.3~A23.K_9L.png,/data5/chensx/MyProject/UAE/data/arrangement_merged/chr_09/Q251136.3~A23.K_9R.png,0,-1.0065074965405347,,0.000309944152832,-1.0462553572202757,chromosome
0,0.0003622770309448,Q251136,Q251136.3~A26.K_9,9,,normal,Q251136.3~A26.K_9L.png,Q251136.3~A26.K_9R.png,train,/data5/chensx/MyProject/UAE/data/arrangement_merged/chr_09/Q251136.3~A26.K_9L.png,/data5/chensx/MyProject/UAE/data/arrangement_merged/chr_09/Q251136.3~A26.K_9R.png,0,-0.9550124223258571,,0.0003622770309448,-0.5280976194738516,chromosome
0,0.0003954172134399,Q251136,Q251136.3~A32.K_9,9,,normal,Q251136.3~A32.K_9L.png,Q251136.3~A32.K_9R.png,train,/data5/chensx/MyProject/UAE/data/arrangement_merged/chr_09/Q251136.3~A32.K_9L.png,/data5/chensx/MyProject/UAE/data/arrangement_merged/chr_09/Q251136.3~A32.K_9R.png,0,-0.9224027853516424,,0.0003954172134399,-0.19997039602644381,chromosome
0,0.0004277825355529,Q251136,Q251136.3~A36.K_9,9,,normal,Q251136.3~A36.K_9L.png,Q251136.3~A36.K_9R.png,train,/data5/chensx/MyProject/UAE/data/arrangement_merged/chr_09/Q251136.3~A36.K_9L.png,/data5/chensx/MyProject/UAE/data/arrangement_merged/chr_09/Q251136.3~A36.K_9R.png,0,-0.8905556039181914,,0.0004277825355529,0.12048478802361133,chromosome
0,0.0005581378936767,Q251136,Q251136.3~A40.K_9,9,,normal,Q251136.3~A40.K_9L.png,Q251136.3~A40.K_9R.png,train,/data5/chensx/MyProject/UAE/data/arrangement_merged/chr_09/Q251136.3~A40.K_9L.png,/data5/chensx/MyProject/UAE/data/arrangement_merged/chr_09/Q251136.3~A40.K_9R.png,0,-0.7622871217911987,,0.0005581378936767,1.4111578773760696,chromosome
0,0.0003111362457275,Q251136,Q251136.3~A41.K_9,9,,normal,Q251136.3~A41.K_9L.png,Q251136.3~A41.K_9R.png,train,/data5/chensx/MyProject/UAE/data/arrangement_merged/chr_09/Q251136.3~A41.K_9L.png,/data5/chensx/MyProject/UAE/data/arrangement_merged/chr_09/Q251136.3~A41.K_9R.png,0,-1.0053344880162822,,0.0003111362457275,-1.034452219686268,chromosome
0,0.000478446483612,Q251136,Q251136.4~A12.K_9,9,,normal,Q251136.4~A12.K_9L.png,Q251136.4~A12.K_9R.png,train,/data5/chensx/MyProject/UAE/data/arrangement_merged/chr_09/Q251136.4~A12.K_9L.png,/data5/chensx/MyProject/UAE/data/arrangement_merged/chr_09/Q251136.4~A12.K_9R.png,0,-0.8407027416374673,,0.000478446483612,0.6221181332224243,chromosome
0,0.0005381107330322,Q251136,Q251136.4~A13.K_9,9,,normal,Q251136.4~A13.K_9L.png,Q251136.4~A13.K_9R.png,train,/data5/chensx/MyProject/UAE/data/arrangement_merged/chr_09/Q251136.4~A13.K_9L.png,/data5/chensx/MyProject/UAE/data/arrangement_merged/chr_09/Q251136.4~A13.K_9R.png,0,-0.781993664998638,,0.0005381107330322,1.2128651668037418,chromosome
0,0.0003650784492492,Q251136,Q251136.4~A15.K_9,9,,normal,Q251136.4~A15.K_9L.png,Q251136.4~A15.K_9R.png,train,/data5/chensx/MyProject/UAE/data/arrangement_merged/chr_09/Q251136.4~A15.K_9L.png,/data5/chensx/MyProject/UAE/data/arrangement_merged/chr_09/Q251136.4~A15.K_9R.png,0,-0.9522558522938642,,0.0003650784492492,-0.50036024626918,chromosome
0,0.0003049969673156,Q251136,Q251136.4~A16.K_9,9,,normal,Q251136.4~A16.K_9L.png,Q251136.4~A16.K_9R.png,train,/data5/chensx/MyProject/UAE/data/arrangement_merged/chr_09/Q251136.4~A16.K_9L.png,/data5/chensx/MyProject/UAE/data/arrangement_merged/chr_09/Q251136.4~A16.K_9R.png,0,-1.0113754819161818,,0.0003049969673156,-1.0952383779871526,chromosome
0,0.000414490699768,Q251136,Q251136.4~A19.K_9,9,,normal,Q251136.4~A19.K_9L.png,Q251136.4~A19.K_9R.png,train,/data5/chensx/MyProject/UAE/data/arrangement_merged/chr_09/Q251136.4~A19.K_9L.png,/data5/chensx/MyProject/UAE/data/arrangement_merged/chr_09/Q251136.4~A19.K_9R.png,0,-0.903634648963605,,0.000414490699768,-0.011120195481322695,chromosome
0,0.0003291368484497,Q251136,Q251136.4~A2.K_9,9,,normal,Q251136.4~A2.K_9L.png,Q251136.4~A2.K_9R.png,train,/data5/chensx/MyProject/UAE/data/arrangement_merged/chr_09/Q251136.4~A2.K_9L.png,/data5/chensx/MyProject/UAE/data/arrangement_merged/chr_09/Q251136.4~A2.K_9R.png,0,-0.987622059300072,,0.0003291368484497,-0.8562248429212592,chromosome
0,0.0004419088363647,Q251136,Q251136.4~A36.K_9,9,,normal,Q251136.4~A36.K_9L.png,Q251136.4~A36.K_9R.png,train,/data5/chensx/MyProject/UAE/data/arrangement_merged/chr_09/Q251136.4~A36.K_9L.png,/data5/chensx/MyProject/UAE/data/arrangement_merged/chr_09/Q251136.4~A36.K_9R.png,0,-0.8766554529058013,,0.0004419088363647,0.26035196780284586,chromosome
0,0.0003483891487121,Q251136,Q251136.4~A5.K_9,9,,normal,Q251136.4~A5.K_9L.png,Q251136.4~A5.K_9R.png,train,/data5/chensx/MyProject/UAE/data/arrangement_merged/chr_09/Q251136.4~A5.K_9L.png,/data5/chensx/MyProject/UAE/data/arrangement_merged/chr_09/Q251136.4~A5.K_9R.png,0,-0.9686779716333968,,0.0003483891487121,-0.6656041717462845,chromosome
0,0.0021629333496093,170215,170215.12~A1.K_x,X,,normal,170215.12~A1.K_xL.png,170215.12~A1.K_xR.png,train,/data5/chensx/MyProject/UAE/data/arrangement_merged/chr_x/170215.12~A1.K_xL.png,/data5/chensx/MyProject/UAE/data/arrangement_merged/chr_x/170215.12~A1.K_xR.png,0,1.093069953262651,,0.0021629333496093,-0.4553950613150048,chromosome
0,0.0021681785583496,170215,170215.12~A24.K_x,X,,normal,170215.12~A24.K_xL.png,170215.12~A24.K_xR.png,train,/data5/chensx/MyProject/UAE/data/arrangement_merged/chr_x/170215.12~A24.K_xL.png,/data5/chensx/MyProject/UAE/data/arrangement_merged/chr_x/170215.12~A24.K_xR.png,0,1.09995509234372,,0.0021681785583496,-0.44436905065776283,chromosome
0,0.0029129981994628,170215,170215.12~A31.K_x,X,,normal,170215.12~A31.K_xL.png,170215.12~A31.K_xR.png,train,/data5/chensx/MyProject/UAE/data/arrangement_merged/chr_x/170215.12~A31.K_xL.png,/data5/chensx/MyProject/UAE/data/arrangement_merged/chr_x/170215.12~A31.K_xR.png,0,2.077644841855479,,0.0029129981994628,1.1213244626508743,chromosome
0,0.0022950172424316,170215,170215.12~A33.K_x,X,,normal,170215.12~A33.K_xL.png,170215.12~A33.K_xR.png,train,/data5/chensx/MyProject/UAE/data/arrangement_merged/chr_x/170215.12~A33.K_xL.png,/data5/chensx/MyProject/UAE/data/arrangement_merged/chr_x/170215.12~A33.K_xR.png,0,1.2664502737586545,,0.0022950172424316,-0.1777400656769432,chromosome
0,0.0016697645187377,170215,170215.12~A44.K_x,X,,normal,170215.12~A44.K_xL.png,170215.12~A44.K_xR.png,train,/data5/chensx/MyProject/UAE/data/arrangement_merged/chr_x/170215.12~A44.K_xL.png,/data5/chensx/MyProject/UAE/data/arrangement_merged/chr_x/170215.12~A44.K_xR.png,0,0.4457103992085304,,0.0016697645187377,-1.4920906542341428,chromosome
0,0.0027264952659606,170215,170215.12~A47.K_x,X,,normal,170215.12~A47.K_xL.png,170215.12~A47.K_xR.png,train,/data5/chensx/MyProject/UAE/data/arrangement_merged/chr_x/170215.12~A47.K_xL.png,/data5/chensx/MyProject/UAE/data/arrangement_merged/chr_x/170215.12~A47.K_xR.png,0,1.832831203393388,,0.0027264952659606,0.7292746064454223,chromosome
0,0.0019908547401428,170215,170215.12~A48.K_x,X,,normal,170215.12~A48.K_xL.png,170215.12~A48.K_xR.png,train,/data5/chensx/MyProject/UAE/data/arrangement_merged/chr_x/170215.12~A48.K_xL.png,/data5/chensx/MyProject/UAE/data/arrangement_merged/chr_x/170215.12~A48.K_xR.png,0,0.8671904472734988,,0.0019908547401428,-0.8171233882133032,chromosome
0,0.002206802368164,170215,170215.12~A49.K_x,X,,normal,170215.12~A49.K_xL.png,170215.12~A49.K_xR.png,train,/data5/chensx/MyProject/UAE/data/arrangement_merged/chr_x/170215.12~A49.K_xL.png,/data5/chensx/MyProject/UAE/data/arrangement_merged/chr_x/170215.12~A49.K_xR.png,0,1.1506547528497717,,0.002206802368164,-0.36317751763737893,chromosome
0,0.0021970868110656,170215,170215.12~A6.K_x,X,,normal,170215.12~A6.K_xL.png,170215.12~A6.K_xR.png,train,/data5/chensx/MyProject/UAE/data/arrangement_merged/chr_x/170215.12~A6.K_xL.png,/data5/chensx/MyProject/UAE/data/arrangement_merged/chr_x/170215.12~A6.K_xR.png,0,1.1379015975064282,,0.0021970868110656,-0.38360069646817535,chromosome
0,0.0020652413368225,170215,170215.12~A7.K_x,X,,normal,170215.12~A7.K_xL.png,170215.12~A7.K_xR.png,train,/data5/chensx/MyProject/UAE/data/arrangement_merged/chr_x/170215.12~A7.K_xL.png,/data5/chensx/MyProject/UAE/data/arrangement_merged/chr_x/170215.12~A7.K_xR.png,0,0.9648342378777462,,0.0020652413368225,-0.6607545098034352,chromosome
0,0.0019523501396179,170215,170215.13~A21.K_x,X,,normal,170215.13~A21.K_xL.png,170215.13~A21.K_xR.png,train,/data5/chensx/MyProject/UAE/data/arrangement_merged/chr_x/170215.13~A21.K_xL.png,/data5/chensx/MyProject/UAE/data/arrangement_merged/chr_x/170215.13~A21.K_xR.png,0,0.8166472672011079,,0.0019523501396179,-0.898064330082496,chromosome
0,0.0023088455200195,170215,170215.13~A36.K_x,X,,normal,170215.13~A36.K_xL.png,170215.13~A36.K_xR.png,train,/data5/chensx/MyProject/UAE/data/arrangement_merged/chr_x/170215.13~A36.K_xL.png,/data5/chensx/MyProject/UAE/data/arrangement_merged/chr_x/170215.13~A36.K_xR.png,0,1.2846020040632902,,0.0023088455200195,-0.1486714921263755,chromosome
0,0.0021697878837585,170215,170215.13~A44.K_x,X,,normal,170215.13~A44.K_xL.png,170215.13~A44.K_xR.png,train,/data5/chensx/MyProject/UAE/data/arrangement_merged/chr_x/170215.13~A44.K_xL.png,/data5/chensx/MyProject/UAE/data/arrangement_merged/chr_x/170215.13~A44.K_xR.png,0,1.1020675781981388,,0.0021697878837585,-0.440986070115317,chromosome
0,0.0016314983367919,170215,170215.13~A47.K_x,X,,normal,170215.13~A47.K_xL.png,170215.13~A47.K_xR.png,train,/data5/chensx/MyProject/UAE/data/arrangement_merged/chr_x/170215.13~A47.K_xL.png,/data5/chensx/MyProject/UAE/data/arrangement_merged/chr_x/170215.13~A47.K_xR.png,0,0.3954801800034608,,0.0016314983367919,-1.5725304138007425,chromosome
0,0.002824068069458,170215,170215.13~A5.K_x,X,,normal,170215.13~A5.K_xL.png,170215.13~A5.K_xR.png,train,/data5/chensx/MyProject/UAE/data/arrangement_merged/chr_x/170215.13~A5.K_xL.png,/data5/chensx/MyProject/UAE/data/arrangement_merged/chr_x/170215.13~A5.K_xR.png,0,1.960910438344632,,0.002824068069458,0.9343834637828713,chromosome
0,0.0021478533744812,170215,170215.1~A9.K_x,X,,normal,170215.1~A9.K_xL.png,170215.1~A9.K_xR.png,train,/data5/chensx/MyProject/UAE/data/arrangement_merged/chr_x/170215.1~A9.K_xL.png,/data5/chensx/MyProject/UAE/data/arrangement_merged/chr_x/170215.1~A9.K_xR.png,0,1.0732751784045786,,0.0021478533744812,-0.48709484195402464,chromosome
0,0.0012396574020385,170215,170215.2~A19.K_x,X,,normal,170215.2~A19.K_xL.png,170215.2~A19.K_xR.png,train,/data5/chensx/MyProject/UAE/data/arrangement_merged/chr_x/170215.2~A19.K_xL.png,/data5/chensx/MyProject/UAE/data/arrangement_merged/chr_x/170215.2~A19.K_xR.png,0,-0.118871005439105,,0.0012396574020385,-2.396223528116654,chromosome
0,0.0033270120620727,170215,170215.2~A2.K_x,X,,normal,170215.2~A2.K_xL.png,170215.2~A2.K_xR.png,train,/data5/chensx/MyProject/UAE/data/arrangement_merged/chr_x/170215.2~A2.K_xL.png,/data5/chensx/MyProject/UAE/data/arrangement_merged/chr_x/170215.2~A2.K_xR.png,0,2.621101387958926,,0.0033270120620727,1.9916275311082963,chromosome
0,0.0029982924461364,170215,170215.2~A23.K_x,X,,normal,170215.2~A23.K_xL.png,170215.2~A23.K_xR.png,train,/data5/chensx/MyProject/UAE/data/arrangement_merged/chr_x/170215.2~A23.K_xL.png,/data5/chensx/MyProject/UAE/data/arrangement_merged/chr_x/170215.2~A23.K_xR.png,0,2.189606592139676,,0.0029982924461364,1.3006224314045014,chromosome
0,0.0025755763053894,170215,170215.2~A33.K_x,X,,normal,170215.2~A33.K_xL.png,170215.2~A33.K_xR.png,train,/data5/chensx/MyProject/UAE/data/arrangement_merged/chr_x/170215.2~A33.K_xL.png,/data5/chensx/MyProject/UAE/data/arrangement_merged/chr_x/170215.2~A33.K_xR.png,0,1.634726974379001,,0.0025755763053894,0.41202620890256336,chromosome
0,0.0028326511383056,170215,170215.2~A4.K_x,X,,normal,170215.2~A4.K_xL.png,170215.2~A4.K_xR.png,train,/data5/chensx/MyProject/UAE/data/arrangement_merged/chr_x/170215.2~A4.K_xL.png,/data5/chensx/MyProject/UAE/data/arrangement_merged/chr_x/170215.2~A4.K_xR.png,0,1.9721770295681988,,0.0028326511383056,0.9524260266761961,chromosome
0,0.0021635293960571,170215,170215.3~A32.K_x,X,,normal,170215.3~A32.K_xL.png,170215.3~A32.K_xR.png,train,/data5/chensx/MyProject/UAE/data/arrangement_merged/chr_x/170215.3~A32.K_xL.png,/data5/chensx/MyProject/UAE/data/arrangement_merged/chr_x/170215.3~A32.K_xR.png,0,1.0938523554309545,,0.0021635293960571,-0.45414210555841905,chromosome
0,0.002425730228424,170215,170215.3~A33.K_x,X,,normal,170215.3~A33.K_xL.png,170215.3~A33.K_xR.png,train,/data5/chensx/MyProject/UAE/data/arrangement_merged/chr_x/170215.3~A33.K_xL.png,/data5/chensx/MyProject/UAE/data/arrangement_merged/chr_x/170215.3~A33.K_xR.png,0,1.4380310692675604,,0.002425730228424,0.09703313172105484,chromosome
0,0.002994418144226,170215,170215.3~A38.K_x,X,,normal,170215.3~A38.K_xL.png,170215.3~A38.K_xR.png,train,/data5/chensx/MyProject/UAE/data/arrangement_merged/chr_x/170215.3~A38.K_xL.png,/data5/chensx/MyProject/UAE/data/arrangement_merged/chr_x/170215.3~A38.K_xR.png,0,2.184520978045705,,0.002994418144226,1.292478218987323,chromosome
0,0.0020579695701599,170215,170215.3~A41.K_x,X,,normal,170215.3~A41.K_xL.png,170215.3~A41.K_xR.png,train,/data5/chensx/MyProject/UAE/data/arrangement_merged/chr_x/170215.3~A41.K_xL.png,/data5/chensx/MyProject/UAE/data/arrangement_merged/chr_x/170215.3~A41.K_xR.png,0,0.9552889314244464,,0.0020579695701599,-0.6760405700326071,chromosome
0,0.0022593140602111,170215,170215.3~A47.K_x,X,,normal,170215.3~A47.K_xL.png,170215.3~A47.K_xR.png,train,/data5/chensx/MyProject/UAE/data/arrangement_merged/chr_x/170215.3~A47.K_xL.png,/data5/chensx/MyProject/UAE/data/arrangement_merged/chr_x/170215.3~A47.K_xR.png,0,1.219584383877289,,0.0022593140602111,-0.25279211549072733,chromosome
0,0.001693844795227,182418,182418.13~A1.K_x,X,,normal,182418.13~A1.K_xL.png,182418.13~A1.K_xR.png,train,/data5/chensx/MyProject/UAE/data/arrangement_merged/chr_x/182418.13~A1.K_xL.png,/data5/chensx/MyProject/UAE/data/arrangement_merged/chr_x/182418.13~A1.K_xR.png,0,0.4995961746874424,,0.001693844795227,-1.4414712416718933,chromosome
0,0.0016525387763977,182418,182418.13~A27.K_x,X,,normal,182418.13~A27.K_xL.png,182418.13~A27.K_xR.png,train,/data5/chensx/MyProject/UAE/data/arrangement_merged/chr_x/182418.13~A27.K_xL.png,/data5/chensx/MyProject/UAE/data/arrangement_merged/chr_x/182418.13~A27.K_xR.png,0,0.4435639149836849,,0.0016525387763977,-1.5283010755964932,chromosome
0,0.0021442174911499,182418,182418.13~A6.K_x,X,,normal,182418.13~A6.K_xL.png,182418.13~A6.K_xR.png,train,/data5/chensx/MyProject/UAE/data/arrangement_merged/chr_x/182418.13~A6.K_xL.png,/data5/chensx/MyProject/UAE/data/arrangement_merged/chr_x/182418.13~A6.K_xR.png,0,1.110533771111095,,0.0021442174911499,-0.4947378720686101,chromosome
0,0.0020180940628051,182418,182418.14~A44.K_x,X,,normal,182418.14~A44.K_xL.png,182418.14~A44.K_xR.png,train,/data5/chensx/MyProject/UAE/data/arrangement_merged/chr_x/182418.14~A44.K_xL.png,/data5/chensx/MyProject/UAE/data/arrangement_merged/chr_x/182418.14~A44.K_xR.png,0,0.939445370630358,,0.0020180940628051,-0.7598633101418634,chromosome
0,0.001930832862854,182418,182418.1~A24.K_x,X,,normal,182418.1~A24.K_xL.png,182418.1~A24.K_xR.png,train,/data5/chensx/MyProject/UAE/data/arrangement_merged/chr_x/182418.1~A24.K_xL.png,/data5/chensx/MyProject/UAE/data/arrangement_merged/chr_x/182418.1~A24.K_xR.png,0,0.821074189957485,,0.001930832862854,-0.9432960328917196,chromosome
0,0.0021070837974548,182418,182418.2~A16.K_x,X,,normal,182418.2~A16.K_xL.png,182418.2~A16.K_xR.png,train,/data5/chensx/MyProject/UAE/data/arrangement_merged/chr_x/182418.2~A16.K_xL.png,/data5/chensx/MyProject/UAE/data/arrangement_merged/chr_x/182418.2~A16.K_xR.png,0,1.0601613356198385,,0.0021070837974548,-0.5727970156979489,chromosome
0,0.0026612877845764,182418,182418.2~A2.K_x,X,,normal,182418.2~A2.K_xL.png,182418.2~A2.K_xR.png,train,/data5/chensx/MyProject/UAE/data/arrangement_merged/chr_x/182418.2~A2.K_xL.png,/data5/chensx/MyProject/UAE/data/arrangement_merged/chr_x/182418.2~A2.K_xR.png,0,1.8119477003031523,,0.0026612877845764,0.5922012466856746,chromosome
0,0.0028464198112487,182418,182418.2~A3.K_x,X,,normal,182418.2~A3.K_xL.png,182418.2~A3.K_xR.png,train,/data5/chensx/MyProject/UAE/data/arrangement_merged/chr_x/182418.2~A3.K_xL.png,/data5/chensx/MyProject/UAE/data/arrangement_merged/chr_x/182418.2~A3.K_xR.png,0,2.0630821860749715,,0.0028464198112487,0.981369304651063,chromosome
0,0.0022178888320922,182418,182418.2~A33.K_x,X,,normal,182418.2~A33.K_xL.png,182418.2~A33.K_xR.png,train,/data5/chensx/MyProject/UAE/data/arrangement_merged/chr_x/182418.2~A33.K_xL.png,/data5/chensx/MyProject/UAE/data/arrangement_merged/chr_x/182418.2~A33.K_xR.png,0,1.2104700957775367,,0.0022178888320922,-0.33987254056672866,chromosome
0,0.0024013519287109,182418,182418.2~A38.K_x,X,,normal,182418.2~A38.K_xL.png,182418.2~A38.K_xR.png,train,/data5/chensx/MyProject/UAE/data/arrangement_merged/chr_x/182418.2~A38.K_xL.png,/data5/chensx/MyProject/UAE/data/arrangement_merged/chr_x/182418.2~A38.K_xR.png,0,1.4593406518643557,,0.0024013519287109,0.04578724128072356,chromosome
0,0.0020498037338256,182418,182418.3~A15.K_x,X,,normal,182418.3~A15.K_xL.png,182418.3~A15.K_xR.png,train,/data5/chensx/MyProject/UAE/data/arrangement_merged/chr_x/182418.3~A15.K_xL.png,/data5/chensx/MyProject/UAE/data/arrangement_merged/chr_x/182418.3~A15.K_xR.png,0,0.9824600346453636,,0.0020498037338256,-0.6932060638966585,chromosome
0,0.0020434856414794,182418,182418.3~A25.K_x,X,,normal,182418.3~A25.K_xL.png,182418.3~A25.K_xR.png,train,/data5/chensx/MyProject/UAE/data/arrangement_merged/chr_x/182418.3~A25.K_xL.png,/data5/chensx/MyProject/UAE/data/arrangement_merged/chr_x/182418.3~A25.K_xR.png,0,0.9738894436950054,,0.0020434856414794,-0.7064873949154614,chromosome
0,0.0018858909606933,182418,182418.3~A49.K_x,X,,normal,182418.3~A49.K_xL.png,182418.3~A49.K_xR.png,train,/data5/chensx/MyProject/UAE/data/arrangement_merged/chr_x/182418.3~A49.K_xL.png,/data5/chensx/MyProject/UAE/data/arrangement_merged/chr_x/182418.3~A49.K_xR.png,0,0.7601097977256913,,0.0018858909606933,-1.037768896931116,chromosome
0,0.0021501779556274,182418,182418.4~A15.K_x,X,,normal,182418.4~A15.K_xL.png,182418.4~A15.K_xR.png,train,/data5/chensx/MyProject/UAE/data/arrangement_merged/chr_x/182418.4~A15.K_xL.png,/data5/chensx/MyProject/UAE/data/arrangement_merged/chr_x/182418.4~A15.K_xR.png,0,1.1186192342718102,,0.0021501779556274,-0.4822083145038009,chromosome
0,0.0016782879829406,182418,182418.4~A6.K_x,X,,normal,182418.4~A6.K_xL.png,182418.4~A6.K_xR.png,train,/data5/chensx/MyProject/UAE/data/arrangement_merged/chr_x/182418.4~A6.K_xL.png,/data5/chensx/MyProject/UAE/data/arrangement_merged/chr_x/182418.4~A6.K_xR.png,0,0.4784931158379753,,0.0016782879829406,-1.4741733869163076,chromosome
0,0.0025556683540344,182418,182418.5~A16.K_x,X,,normal,182418.5~A16.K_xL.png,182418.5~A16.K_xR.png,train,/data5/chensx/MyProject/UAE/data/arrangement_merged/chr_x/182418.5~A16.K_xL.png,/data5/chensx/MyProject/UAE/data/arrangement_merged/chr_x/182418.5~A16.K_xR.png,0,1.668673293095276,,0.0025556683540344,0.37017748663578565,chromosome
0,0.0022867918014526,182418,182418.5~A17.K_x,X,,normal,182418.5~A17.K_xL.png,182418.5~A17.K_xR.png,train,/data5/chensx/MyProject/UAE/data/arrangement_merged/chr_x/182418.5~A17.K_xL.png,/data5/chensx/MyProject/UAE/data/arrangement_merged/chr_x/182418.5~A17.K_xR.png,0,1.3039380499154063,,0.0022867918014526,-0.19503085511648488,chromosome
0,0.0029488205909729,182418,182418.5~A3.K_x,X,,normal,182418.5~A3.K_xL.png,182418.5~A3.K_xR.png,train,/data5/chensx/MyProject/UAE/data/arrangement_merged/chr_x/182418.5~A3.K_xL.png,/data5/chensx/MyProject/UAE/data/arrangement_merged/chr_x/182418.5~A3.K_xR.png,0,2.201990443176061,,0.0029488205909729,1.19662710361606,chromosome
0,0.0018971562385559,182418,182418.5~A30.K_x,X,,normal,182418.5~A30.K_xL.png,182418.5~A30.K_xR.png,train,/data5/chensx/MyProject/UAE/data/arrangement_merged/chr_x/182418.5~A30.K_xL.png,/data5/chensx/MyProject/UAE/data/arrangement_merged/chr_x/182418.5~A30.K_xR.png,0,0.7753913230994433,,0.0018971562385559,-1.0140880331333642,chromosome
0,0.0017907619476318,182418,182418.5~A5.K_x,X,,normal,182418.5~A5.K_xL.png,182418.5~A5.K_xR.png,train,/data5/chensx/MyProject/UAE/data/arrangement_merged/chr_x/182418.5~A5.K_xL.png,/data5/chensx/MyProject/UAE/data/arrangement_merged/chr_x/182418.5~A5.K_xR.png,0,0.6310658056806742,,0.0017907619476318,-1.2377406356667309,chromosome
0,0.0029468536376953,182747,182747.11~A42.K_x,X,,normal,182747.11~A42.K_xL.png,182747.11~A42.K_xR.png,train,/data5/chensx/MyProject/UAE/data/arrangement_merged/chr_x/182747.11~A42.K_xL.png,/data5/chensx/MyProject/UAE/data/arrangement_merged/chr_x/182747.11~A42.K_xR.png,0,2.186830108367144,,0.0029468536376953,1.1924923496196205,chromosome
0,0.0020744800567626,182747,182747.12~A10.K_x,X,,normal,182747.12~A10.K_xL.png,182747.12~A10.K_xR.png,train,/data5/chensx/MyProject/UAE/data/arrangement_merged/chr_x/182747.12~A10.K_xL.png,/data5/chensx/MyProject/UAE/data/arrangement_merged/chr_x/182747.12~A10.K_xR.png,0,1.0225564074709426,,0.0020744800567626,-0.6413336955780334,chromosome
0,0.0019217133522033,182747,182747.12~A14.K_x,X,,normal,182747.12~A14.K_xL.png,182747.12~A14.K_xR.png,train,/data5/chensx/MyProject/UAE/data/arrangement_merged/chr_x/182747.12~A14.K_xL.png,/data5/chensx/MyProject/UAE/data/arrangement_merged/chr_x/182747.12~A14.K_xR.png,0,0.8186732771486575,,0.0019217133522033,-0.9624662559661404,chromosome
0,0.0026863813400268,182747,182747.12~A18.K_x,X,,normal,182747.12~A18.K_xL.png,182747.12~A18.K_xR.png,train,/data5/chensx/MyProject/UAE/data/arrangement_merged/chr_x/182747.12~A18.K_xL.png,/data5/chensx/MyProject/UAE/data/arrangement_merged/chr_x/182747.12~A18.K_xR.png,0,1.839202609534376,,0.0026863813400268,0.6449506840337837,chromosome
0,0.0024207830429077,182747,182747.12~A26.K_x,X,,normal,182747.12~A26.K_xL.png,182747.12~A26.K_xR.png,train,/data5/chensx/MyProject/UAE/data/arrangement_merged/chr_x/182747.12~A26.K_xL.png,/data5/chensx/MyProject/UAE/data/arrangement_merged/chr_x/182747.12~A26.K_xR.png,0,1.4847339288023809,,0.0024207830429077,0.08663359894231637,chromosome
0,0.0025253295898437,182747,182747.12~A28.K_x,X,,normal,182747.12~A28.K_xL.png,182747.12~A28.K_xR.png,train,/data5/chensx/MyProject/UAE/data/arrangement_merged/chr_x/182747.12~A28.K_xL.png,/data5/chensx/MyProject/UAE/data/arrangement_merged/chr_x/182747.12~A28.K_xR.png,0,1.6242622200958994,,0.0025253295898437,0.30640203863043464,chromosome
0,0.0028177499771118,182747,182747.12~A4.K_x,X,,normal,182747.12~A4.K_xL.png,182747.12~A4.K_xR.png,train,/data5/chensx/MyProject/UAE/data/arrangement_merged/chr_x/182747.12~A4.K_xL.png,/data5/chensx/MyProject/UAE/data/arrangement_merged/chr_x/182747.12~A4.K_xR.png,0,2.014527782858728,,0.0028177499771118,0.9211021327640684,chromosome
0,0.0023238658905029,182747,182747.13~A33.K_x,X,,normal,182747.13~A33.K_xL.png,182747.13~A33.K_xR.png,train,/data5/chensx/MyProject/UAE/data/arrangement_merged/chr_x/182747.13~A33.K_xL.png,/data5/chensx/MyProject/UAE/data/arrangement_merged/chr_x/182747.13~A33.K_xR.png,0,1.3553878617309665,,0.0023238658905029,-0.11709700706284597,chromosome
0,0.0019158124923706,182747,182747.13~A45.K_x,X,,normal,182747.13~A45.K_xL.png,182747.13~A45.K_xR.png,train,/data5/chensx/MyProject/UAE/data/arrangement_merged/chr_x/182747.13~A45.K_xL.png,/data5/chensx/MyProject/UAE/data/arrangement_merged/chr_x/182747.13~A45.K_xR.png,0,0.8107979631018739,,0.0019158124923706,-0.9748705179552487,chromosome
0,0.0024963617324829,182747,182747.13~A5.K_x,X,,normal,182747.13~A5.K_xL.png,182747.13~A5.K_xR.png,train,/data5/chensx/MyProject/UAE/data/arrangement_merged/chr_x/182747.13~A5.K_xL.png,/data5/chensx/MyProject/UAE/data/arrangement_merged/chr_x/182747.13~A5.K_xR.png,0,1.5856015875025984,,0.0024963617324829,0.24550838886514714,chromosome
0,0.0023379921913146,182747,182747.1~A15.K_x,X,,normal,182747.1~A15.K_xL.png,182747.1~A15.K_xR.png,train,/data5/chensx/MyProject/UAE/data/arrangement_merged/chr_x/182747.1~A15.K_xL.png,/data5/chensx/MyProject/UAE/data/arrangement_merged/chr_x/182747.1~A15.K_xR.png,0,1.3742408862672058,,0.0023379921913146,-0.08740195563419598,chromosome
0,0.0021805763244628,182747,182747.1~A42.K_x,X,,normal,182747.1~A42.K_xL.png,182747.1~A42.K_xR.png,train,/data5/chensx/MyProject/UAE/data/arrangement_merged/chr_x/182747.1~A42.K_xL.png,/data5/chensx/MyProject/UAE/data/arrangement_merged/chr_x/182747.1~A42.K_xR.png,0,1.164152963059576,,0.0021805763244628,-0.41830757092295956,chromosome
0,0.001596987247467,182747,182747.2~A13.K_x,X,,normal,182747.2~A13.K_xL.png,182747.2~A13.K_xR.png,train,/data5/chensx/MyProject/UAE/data/arrangement_merged/chr_x/182747.2~A13.K_xL.png,/data5/chensx/MyProject/UAE/data/arrangement_merged/chr_x/182747.2~A13.K_xR.png,0,0.3852923586953569,,0.001596987247467,-1.645076552101355,chromosome
0,0.0020042061805725,182747,182747.3~A20.K_x,X,,normal,182747.3~A20.K_xL.png,182747.3~A20.K_xR.png,train,/data5/chensx/MyProject/UAE/data/arrangement_merged/chr_x/182747.3~A20.K_xL.png,/data5/chensx/MyProject/UAE/data/arrangement_merged/chr_x/182747.3~A20.K_xR.png,0,0.9287685765501568,,0.0020042061805725,-0.7890571792679214,chromosome
0,0.002415657043457,182747,182747.3~A24.K_x,X,,normal,182747.3~A24.K_xL.png,182747.3~A24.K_xR.png,train,/data5/chensx/MyProject/UAE/data/arrangement_merged/chr_x/182747.3~A24.K_xL.png,/data5/chensx/MyProject/UAE/data/arrangement_merged/chr_x/182747.3~A24.K_xR.png,0,1.4778927469031549,,0.002415657043457,0.07585817943647527,chromosome
0,0.0023923516273498,182747,182747.3~A35.K_x,X,,normal,182747.3~A35.K_xL.png,182747.3~A35.K_xR.png,train,/data5/chensx/MyProject/UAE/data/arrangement_merged/chr_x/182747.3~A35.K_xL.png,/data5/chensx/MyProject/UAE/data/arrangement_merged/chr_x/182747.3~A35.K_xR.png,0,1.4467892338496966,,0.0023923516273498,0.026867609357704082,chromosome
0,0.002205491065979,182747,182747.4~A1.K_x,X,,normal,182747.4~A1.K_xL.png,182747.4~A1.K_xR.png,train,/data5/chensx/MyProject/UAE/data/arrangement_merged/chr_x/182747.4~A1.K_xL.png,/data5/chensx/MyProject/UAE/data/arrangement_merged/chr_x/182747.4~A1.K_xR.png,0,1.1974042890348844,,0.002205491065979,-0.36593402030153194,chromosome
0,0.0022549629211425,182747,182747.4~A32.K_x,X,,normal,182747.4~A32.K_xL.png,182747.4~A32.K_xR.png,train,/data5/chensx/MyProject/UAE/data/arrangement_merged/chr_x/182747.4~A32.K_xL.png,/data5/chensx/MyProject/UAE/data/arrangement_merged/chr_x/182747.4~A32.K_xR.png,0,1.2634296492250898,,0.0022549629211425,-0.26193869251309065,chromosome
0,0.0033057332038879,182747,182747.4~A33.K_x,X,,normal,182747.4~A33.K_xL.png,182747.4~A33.K_xR.png,train,/data5/chensx/MyProject/UAE/data/arrangement_merged/chr_x/182747.4~A33.K_xL.png,/data5/chensx/MyProject/UAE/data/arrangement_merged/chr_x/182747.4~A33.K_xR.png,0,2.665792389939707,,0.0033057332038879,1.9468970106016648,chromosome
0,0.0030243396759033,182747,182747.4~A35.K_x,X,,normal,182747.4~A35.K_xL.png,182747.4~A35.K_xR.png,train,/data5/chensx/MyProject/UAE/data/arrangement_merged/chr_x/182747.4~A35.K_xL.png,/data5/chensx/MyProject/UAE/data/arrangement_merged/chr_x/182747.4~A35.K_xR.png,0,2.290243323122888,,0.0030243396759033,1.35537659796319,chromosome
0,0.0030956268310546,182747,182747.4~A41.K_x,X,,normal,182747.4~A41.K_xL.png,182747.4~A41.K_xR.png,train,/data5/chensx/MyProject/UAE/data/arrangement_merged/chr_x/182747.4~A41.K_xL.png,/data5/chensx/MyProject/UAE/data/arrangement_merged/chr_x/182747.4~A41.K_xR.png,0,2.385383480698172,,0.0030956268310546,1.5052301064391478,chromosome
0,0.0019978284835815,182747,182747.4~A43.K_x,X,,normal,182747.4~A43.K_xL.png,182747.4~A43.K_xR.png,train,/data5/chensx/MyProject/UAE/data/arrangement_merged/chr_x/182747.4~A43.K_xL.png,/data5/chensx/MyProject/UAE/data/arrangement_merged/chr_x/182747.4~A43.K_xR.png,0,0.9202568734894916,,0.0019978284835815,-0.8024638058624243,chromosome
0,0.002155065536499,182747,182747.4~A9.K_x,X,,normal,182747.4~A9.K_xL.png,182747.4~A9.K_xR.png,train,/data5/chensx/MyProject/UAE/data/arrangement_merged/chr_x/182747.4~A9.K_xL.png,/data5/chensx/MyProject/UAE/data/arrangement_merged/chr_x/182747.4~A9.K_xR.png,0,1.130106150816916,,0.002155065536499,-0.4719340773005527,chromosome
0,0.0027846097946166,183038,183038.11~A13.K_x,X,,normal,183038.11~A13.K_xL.png,183038.11~A13.K_xR.png,train,/data5/chensx/MyProject/UAE/data/arrangement_merged/chr_x/183038.11~A13.K_xL.png,/data5/chensx/MyProject/UAE/data/arrangement_merged/chr_x/183038.11~A13.K_xR.png,0,1.8786845351454893,,0.0027846097946166,0.851437792703099,chromosome
0,0.0023109912872314,183038,183038.11~A39.K_x,X,,normal,183038.11~A39.K_xL.png,183038.11~A39.K_xR.png,train,/data5/chensx/MyProject/UAE/data/arrangement_merged/chr_x/183038.11~A39.K_xL.png,/data5/chensx/MyProject/UAE/data/arrangement_merged/chr_x/183038.11~A39.K_xR.png,0,1.2677502933402662,,0.0023109912872314,-0.14416085140304383,chromosome
0,0.0030041933059692,183038,183038.12~A11.K_x,X,,normal,183038.12~A11.K_xL.png,183038.12~A11.K_xR.png,train,/data5/chensx/MyProject/UAE/data/arrangement_merged/chr_x/183038.12~A11.K_xL.png,/data5/chensx/MyProject/UAE/data/arrangement_merged/chr_x/183038.12~A11.K_xR.png,0,2.161931671668324,,0.0030041933059692,1.3130266933938204,chromosome
0,0.0031365156173706,183038,183038.12~A45.K_x,X,,normal,183038.12~A45.K_xL.png,183038.12~A45.K_xR.png,train,/data5/chensx/MyProject/UAE/data/arrangement_merged/chr_x/183038.12~A45.K_xL.png,/data5/chensx/MyProject/UAE/data/arrangement_merged/chr_x/183038.12~A45.K_xR.png,0,2.3326180568693804,,0.0031365156173706,1.591182871334474,chromosome
0,0.001752495765686,183038,183038.13~A11.K_x,X,,normal,183038.13~A11.K_xL.png,183038.13~A11.K_xR.png,train,/data5/chensx/MyProject/UAE/data/arrangement_merged/chr_x/183038.13~A11.K_xL.png,/data5/chensx/MyProject/UAE/data/arrangement_merged/chr_x/183038.13~A11.K_xR.png,0,0.5473307305772483,,0.001752495765686,-1.3181803952333306,chromosome
0,0.0014402866363525,183038,183038.13~A29.K_x,X,,normal,183038.13~A29.K_xL.png,183038.13~A29.K_xR.png,train,/data5/chensx/MyProject/UAE/data/arrangement_merged/chr_x/183038.13~A29.K_xL.png,/data5/chensx/MyProject/UAE/data/arrangement_merged/chr_x/183038.13~A29.K_xR.png,0,0.1446031244136744,,0.0014402866363525,-1.9744786204823415,chromosome
0,0.0024735331535339,183038,183038.13~A39.K_x,X,,normal,183038.13~A39.K_xL.png,183038.13~A39.K_xR.png,train,/data5/chensx/MyProject/UAE/data/arrangement_merged/chr_x/183038.13~A39.K_xL.png,/data5/chensx/MyProject/UAE/data/arrangement_merged/chr_x/183038.13~A39.K_xR.png,0,1.4774177584048074,,0.0024735331535339,0.19752018339155997,chromosome
0,0.0024078488349914,183038,183038.13~A47.K_x,X,,normal,183038.13~A47.K_xL.png,183038.13~A47.K_xR.png,train,/data5/chensx/MyProject/UAE/data/arrangement_merged/chr_x/183038.13~A47.K_xL.png,/data5/chensx/MyProject/UAE/data/arrangement_merged/chr_x/183038.13~A47.K_xR.png,0,1.3926896518770755,,0.0024078488349914,0.05944445902641762,chromosome
0,0.0020177364349365,183038,183038.14~A2.K_x,X,,normal,183038.14~A2.K_xL.png,183038.14~A2.K_xR.png,train,/data5/chensx/MyProject/UAE/data/arrangement_merged/chr_x/183038.14~A2.K_xL.png,/data5/chensx/MyProject/UAE/data/arrangement_merged/chr_x/183038.14~A2.K_xR.png,0,0.8894723585703572,,0.0020177364349365,-0.7606150835956466,chromosome
0,0.0022323131561279,183038,183038.14~A3.K_x,X,,normal,183038.14~A3.K_xL.png,183038.14~A3.K_xR.png,train,/data5/chensx/MyProject/UAE/data/arrangement_merged/chr_x/183038.14~A3.K_xL.png,/data5/chensx/MyProject/UAE/data/arrangement_merged/chr_x/183038.14~A3.K_xR.png,0,1.1662610913288274,,0.0022323131561279,-0.3095510112595752,chromosome
0,0.0022751688957214,183038,183038.14~A30.K_x,X,,normal,183038.14~A30.K_xL.png,183038.14~A30.K_xR.png,train,/data5/chensx/MyProject/UAE/data/arrangement_merged/chr_x/183038.14~A30.K_xL.png,/data5/chensx/MyProject/UAE/data/arrangement_merged/chr_x/183038.14~A30.K_xR.png,0,1.2215419521214217,,0.0022751688957214,-0.21946349236802004,chromosome
0,0.0020128488540649,183038,183038.14~A34.K_x,X,,normal,183038.14~A34.K_xL.png,183038.14~A34.K_xR.png,train,/data5/chensx/MyProject/UAE/data/arrangement_merged/chr_x/183038.14~A34.K_xL.png,/data5/chensx/MyProject/UAE/data/arrangement_merged/chr_x/183038.14~A34.K_xR.png,0,0.883167726324192,,0.0020128488540649,-0.7708893207988947,chromosome
0,0.0026981234550476,183038,183038.14~A48.K_x,X,,normal,183038.14~A48.K_xL.png,183038.14~A48.K_xR.png,train,/data5/chensx/MyProject/UAE/data/arrangement_merged/chr_x/183038.14~A48.K_xL.png,/data5/chensx/MyProject/UAE/data/arrangement_merged/chr_x/183038.14~A48.K_xR.png,0,1.767123298692006,,0.0026981234550476,0.6696339124367207,chromosome
0,0.0017869472503662,183038,183038.14~A9.K_x,X,,normal,183038.14~A9.K_xL.png,183038.14~A9.K_xR.png,train,/data5/chensx/MyProject/UAE/data/arrangement_merged/chr_x/183038.14~A9.K_xL.png,/data5/chensx/MyProject/UAE/data/arrangement_merged/chr_x/183038.14~A9.K_xR.png,0,0.5917706993368027,,0.0017869472503662,-1.2457595525082084,chromosome
0,0.0026767253875732,183038,183038.1~A28.K_x,X,,normal,183038.1~A28.K_xL.png,183038.1~A28.K_xR.png,train,/data5/chensx/MyProject/UAE/data/arrangement_merged/chr_x/183038.1~A28.K_xL.png,/data5/chensx/MyProject/UAE/data/arrangement_merged/chr_x/183038.1~A28.K_xR.png,0,1.7395213111752588,,0.0026767253875732,0.6246528007786882,chromosome
0,0.0018967390060424,183038,183038.2~A12.K_x,X,,normal,183038.2~A12.K_xL.png,183038.2~A12.K_xR.png,train,/data5/chensx/MyProject/UAE/data/arrangement_merged/chr_x/183038.2~A12.K_xL.png,/data5/chensx/MyProject/UAE/data/arrangement_merged/chr_x/183038.2~A12.K_xR.png,0,0.7333942675982199,,0.0018967390060424,-1.0149651021630584,chromosome
0,0.0027828216552734,183038,183038.2~A13.K_x,X,,normal,183038.2~A13.K_xL.png,183038.2~A13.K_xR.png,train,/data5/chensx/MyProject/UAE/data/arrangement_merged/chr_x/183038.2~A13.K_xL.png,/data5/chensx/MyProject/UAE/data/arrangement_merged/chr_x/183038.2~A13.K_xR.png,0,1.8763779623725023,,0.0027828216552734,0.847678925433762,chromosome
0,0.0029980540275573,183038,183038.2~A15.K_x,X,,normal,183038.2~A15.K_xL.png,183038.2~A15.K_xR.png,train,/data5/chensx/MyProject/UAE/data/arrangement_merged/chr_x/183038.2~A15.K_xL.png,/data5/chensx/MyProject/UAE/data/arrangement_merged/chr_x/183038.2~A15.K_xR.png,0,2.154012438481068,,0.0029980540275573,1.3001212491019094,chromosome
0,0.0032006502151489,183038,183038.2~A21.K_x,X,,normal,183038.2~A21.K_xL.png,183038.2~A21.K_xR.png,train,/data5/chensx/MyProject/UAE/data/arrangement_merged/chr_x/183038.2~A21.K_xL.png,/data5/chensx/MyProject/UAE/data/arrangement_merged/chr_x/183038.2~A21.K_xR.png,0,2.4153471336605232,,0.0032006502151489,1.7260009107326615,chromosome
0,0.002404510974884,183038,183038.2~A43.K_x,X,,normal,183038.2~A43.K_xL.png,183038.2~A43.K_xR.png,train,/data5/chensx/MyProject/UAE/data/arrangement_merged/chr_x/183038.2~A43.K_xL.png,/data5/chensx/MyProject/UAE/data/arrangement_merged/chr_x/183038.2~A43.K_xR.png,0,1.3883840493674997,,0.002404510974884,0.052427906790124115,chromosome
0,0.0017423033714294,183038,183038.2~A46.K_x,X,,normal,183038.2~A46.K_xL.png,183038.2~A46.K_xR.png,train,/data5/chensx/MyProject/UAE/data/arrangement_merged/chr_x/183038.2~A46.K_xL.png,/data5/chensx/MyProject/UAE/data/arrangement_merged/chr_x/183038.2~A46.K_xR.png,0,0.534183265771221,,0.0017423033714294,-1.339605938669312,chromosome
0,0.0024255514144897,183038,183038.2~A47.K_x,X,,normal,183038.2~A47.K_xL.png,183038.2~A47.K_xR.png,train,/data5/chensx/MyProject/UAE/data/arrangement_merged/chr_x/183038.2~A47.K_xL.png,/data5/chensx/MyProject/UAE/data/arrangement_merged/chr_x/183038.2~A47.K_xR.png,0,1.4155247223296494,,0.0024255514144897,0.09665724499416371,chromosome
0,0.001649796962738,183038,183038.3~A12.K_x,X,,normal,183038.3~A12.K_xL.png,183038.3~A12.K_xR.png,train,/data5/chensx/MyProject/UAE/data/arrangement_merged/chr_x/183038.3~A12.K_xL.png,/data5/chensx/MyProject/UAE/data/arrangement_merged/chr_x/183038.3~A12.K_xR.png,0,0.4148565676486806,,0.001649796962738,-1.5340646720764106,chromosome
0,0.0022393465042114,183038,183038.3~A19.K_x,X,,normal,183038.3~A19.K_xL.png,183038.3~A19.K_xR.png,train,/data5/chensx/MyProject/UAE/data/arrangement_merged/chr_x/183038.3~A19.K_xL.png,/data5/chensx/MyProject/UAE/data/arrangement_merged/chr_x/183038.3~A19.K_xR.png,0,1.1753336109025772,,0.0022393465042114,-0.29476613333299534,chromosome
0,0.0023055672645568,183038,183038.3~A30.K_x,X,,normal,183038.3~A30.K_xL.png,183038.3~A30.K_xR.png,train,/data5/chensx/MyProject/UAE/data/arrangement_merged/chr_x/183038.3~A30.K_xL.png,/data5/chensx/MyProject/UAE/data/arrangement_merged/chr_x/183038.3~A30.K_xR.png,0,1.260753689262205,,0.0023055672645568,-0.1555627487871778,chromosome
0,0.0019931197166442,183038,183038.3~A36.K_x,X,,normal,183038.3~A36.K_xL.png,183038.3~A36.K_xR.png,train,/data5/chensx/MyProject/UAE/data/arrangement_merged/chr_x/183038.3~A36.K_xL.png,/data5/chensx/MyProject/UAE/data/arrangement_merged/chr_x/183038.3~A36.K_xR.png,0,0.8577185400622327,,0.0019931197166442,-0.8123621563387814,chromosome
0,0.0024603009223937,183038,183038.4~A15.K_x,X,,normal,183038.4~A15.K_xL.png,183038.4~A15.K_xR.png,train,/data5/chensx/MyProject/UAE/data/arrangement_merged/chr_x/183038.4~A15.K_xL.png,/data5/chensx/MyProject/UAE/data/arrangement_merged/chr_x/183038.4~A15.K_xR.png,0,1.4603491198847018,,0.0024603009223937,0.16970456559736832,chromosome
0,0.0024576187133789,183038,183038.4~A24.K_x,X,,normal,183038.4~A24.K_xL.png,183038.4~A24.K_xR.png,train,/data5/chensx/MyProject/UAE/data/arrangement_merged/chr_x/183038.4~A24.K_xL.png,/data5/chensx/MyProject/UAE/data/arrangement_merged/chr_x/183038.4~A24.K_xR.png,0,1.4568892607252208,,0.0024576187133789,0.16406626469336238,chromosome
0,0.0036152005195617,183038,183038.4~A36.K_x,X,,normal,183038.4~A36.K_xL.png,183038.4~A36.K_xR.png,train,/data5/chensx/MyProject/UAE/data/arrangement_merged/chr_x/183038.4~A36.K_xL.png,/data5/chensx/MyProject/UAE/data/arrangement_merged/chr_x/183038.4~A36.K_xR.png,1,2.9500875881980675,,0.0036152005195617,2.597431639370758,chromosome
0,0.0022152066230773,183038,183038.4~A39.K_x,X,,normal,183038.4~A39.K_xL.png,183038.4~A39.K_xR.png,train,/data5/chensx/MyProject/UAE/data/arrangement_merged/chr_x/183038.4~A39.K_xL.png,/data5/chensx/MyProject/UAE/data/arrangement_merged/chr_x/183038.4~A39.K_xR.png,0,1.144194878467249,,0.0022152066230773,-0.3455108414709452,chromosome
0,0.0024082660675048,183214,183214.11~A34.K_x,X,,normal,183214.11~A34.K_xL.png,183214.11~A34.K_xR.png,train,/data5/chensx/MyProject/UAE/data/arrangement_merged/chr_x/183214.11~A34.K_xL.png,/data5/chensx/MyProject/UAE/data/arrangement_merged/chr_x/183214.11~A34.K_xR.png,0,1.4193524425461983,,0.0024082660675048,0.060321528055901665,chromosome
0,0.0024620294570922,183214,183214.11~A9.K_x,X,,normal,183214.11~A9.K_xL.png,183214.11~A9.K_xR.png,train,/data5/chensx/MyProject/UAE/data/arrangement_merged/chr_x/183214.11~A9.K_xL.png,/data5/chensx/MyProject/UAE/data/arrangement_merged/chr_x/183214.11~A9.K_xR.png,0,1.4898648197703397,,0.0024620294570922,0.17333813729121597,chromosome
0,0.0026686191558837,183214,183214.12~A1.K_x,X,,normal,183214.12~A1.K_xL.png,183214.12~A1.K_xR.png,train,/data5/chensx/MyProject/UAE/data/arrangement_merged/chr_x/183214.12~A1.K_xL.png,/data5/chensx/MyProject/UAE/data/arrangement_merged/chr_x/183214.12~A1.K_xR.png,0,1.7608137105229704,,0.0026686191558837,0.6076126024903377,chromosome
0,0.0031358003616333,183214,183214.12~A24.K_x,X,,normal,183214.12~A24.K_xL.png,183214.12~A24.K_xR.png,train,/data5/chensx/MyProject/UAE/data/arrangement_merged/chr_x/183214.12~A24.K_xL.png,/data5/chensx/MyProject/UAE/data/arrangement_merged/chr_x/183214.12~A24.K_xR.png,0,2.373536562721217,,0.0031358003616333,1.5896793244266971,chromosome
0,0.0025524497032165,183214,183214.12~A8.K_x,X,,normal,183214.12~A8.K_xL.png,183214.12~A8.K_xR.png,train,/data5/chensx/MyProject/UAE/data/arrangement_merged/chr_x/183214.12~A8.K_xL.png,/data5/chensx/MyProject/UAE/data/arrangement_merged/chr_x/183214.12~A8.K_xR.png,0,1.6084538178291223,,0.0025524497032165,0.36341152555068335,chromosome
0,0.0018237829208374,183214,183214.13~A21.K_x,X,,normal,183214.13~A21.K_xL.png,183214.13~A21.K_xR.png,train,/data5/chensx/MyProject/UAE/data/arrangement_merged/chr_x/183214.13~A21.K_xL.png,/data5/chensx/MyProject/UAE/data/arrangement_merged/chr_x/183214.13~A21.K_xR.png,0,0.6527844036770984,,0.0018237829208374,-1.1683268867571628,chromosome
0,0.0028727650642395,183214,183214.13~A34.K_x,X,,normal,183214.13~A34.K_xL.png,183214.13~A34.K_xR.png,train,/data5/chensx/MyProject/UAE/data/arrangement_merged/chr_x/183214.13~A34.K_xL.png,/data5/chensx/MyProject/UAE/data/arrangement_merged/chr_x/183214.13~A34.K_xR.png,0,2.028557493219959,,0.0028727650642395,1.0367499490880445,chromosome
0,0.0021770596504211,183214,183214.13~A49.K_x,X,,normal,183214.13~A49.K_xL.png,183214.13~A49.K_xR.png,train,/data5/chensx/MyProject/UAE/data/arrangement_merged/chr_x/183214.13~A49.K_xL.png,/data5/chensx/MyProject/UAE/data/arrangement_merged/chr_x/183214.13~A49.K_xR.png,0,1.116117951135507,,0.0021770596504211,-0.4257000098861442,chromosome
0,0.0019800662994384,183214,183214.13~A6.K_x,X,,normal,183214.13~A6.K_xL.png,183214.13~A6.K_xR.png,train,/data5/chensx/MyProject/UAE/data/arrangement_merged/chr_x/183214.13~A6.K_xL.png,/data5/chensx/MyProject/UAE/data/arrangement_merged/chr_x/183214.13~A6.K_xR.png,0,0.8577549725038147,,0.0019800662994384,-0.8398018874058713,chromosome
0,0.0023024678230285,183214,183214.14~A11.K_x,X,,normal,183214.14~A11.K_xL.png,183214.14~A11.K_xR.png,train,/data5/chensx/MyProject/UAE/data/arrangement_merged/chr_x/183214.14~A11.K_xL.png,/data5/chensx/MyProject/UAE/data/arrangement_merged/chr_x/183214.14~A11.K_xR.png,0,1.2805947157470292,,0.0023024678230285,-0.16207811872087932,chromosome
0,0.0021513104438781,183214,183214.14~A17.K_x,X,,normal,183214.14~A17.K_xL.png,183214.14~A17.K_xR.png,train,/data5/chensx/MyProject/UAE/data/arrangement_merged/chr_x/183214.14~A17.K_xL.png,/data5/chensx/MyProject/UAE/data/arrangement_merged/chr_x/183214.14~A17.K_xR.png,0,1.0823470565004416,,0.0021513104438781,-0.47982769856653995,chromosome
0,0.0022716522216796,183214,183214.14~A19.K_x,X,,normal,183214.14~A19.K_xL.png,183214.14~A19.K_xR.png,train,/data5/chensx/MyProject/UAE/data/arrangement_merged/chr_x/183214.14~A19.K_xL.png,/data5/chensx/MyProject/UAE/data/arrangement_merged/chr_x/183214.14~A19.K_xR.png,0,1.240179084899046,,0.0022716522216796,-0.22685593133141527,chromosome
0,0.0020254254341125,183214,183214.14~A21.K_x,X,,normal,183214.14~A21.K_xL.png,183214.14~A21.K_xR.png,train,/data5/chensx/MyProject/UAE/data/arrangement_merged/chr_x/183214.14~A21.K_xL.png,/data5/chensx/MyProject/UAE/data/arrangement_merged/chr_x/183214.14~A21.K_xR.png,0,0.9172449049512332,,0.0020254254341125,-0.7444519543369906,chromosome
0,0.0020757913589477,183214,183214.14~A6.K_x,X,,normal,183214.14~A6.K_xL.png,183214.14~A6.K_xR.png,train,/data5/chensx/MyProject/UAE/data/arrangement_merged/chr_x/183214.14~A6.K_xL.png,/data5/chensx/MyProject/UAE/data/arrangement_merged/chr_x/183214.14~A6.K_xR.png,0,0.9833014002443587,,0.0020757913589477,-0.6385771929136699,chromosome
0,0.0033604502677917,183214,183214.2~A19.K_x,X,,normal,183214.2~A19.K_xL.png,183214.2~A19.K_xR.png,train,/data5/chensx/MyProject/UAE/data/arrangement_merged/chr_x/183214.2~A19.K_xL.png,/data5/chensx/MyProject/UAE/data/arrangement_merged/chr_x/183214.2~A19.K_xR.png,0,2.6681719837387203,,0.0033604502677917,2.061918349047348,chromosome
0,0.001863956451416,183214,183214.2~A25.K_x,X,,normal,183214.2~A25.K_xL.png,183214.2~A25.K_xR.png,train,/data5/chensx/MyProject/UAE/data/arrangement_merged/chr_x/183214.2~A25.K_xL.png,/data5/chensx/MyProject/UAE/data/arrangement_merged/chr_x/183214.2~A25.K_xR.png,0,0.7054732531771774,,0.001863956451416,-1.0838776687698237,chromosome
0,0.00176203250885,183214,183214.2~A30.K_x,X,,normal,183214.2~A30.K_xL.png,183214.2~A30.K_xR.png,train,/data5/chensx/MyProject/UAE/data/arrangement_merged/chr_x/183214.2~A30.K_xL.png,/data5/chensx/MyProject/UAE/data/arrangement_merged/chr_x/183214.2~A30.K_xR.png,0,0.5717967952467102,,0.00176203250885,-1.2981331031296361,chromosome
0,0.0026264190673828,183214,183214.2~A36.K_x,X,,normal,183214.2~A36.K_xL.png,183214.2~A36.K_xR.png,train,/data5/chensx/MyProject/UAE/data/arrangement_merged/chr_x/183214.2~A36.K_xL.png,/data5/chensx/MyProject/UAE/data/arrangement_merged/chr_x/183214.2~A36.K_xR.png,0,1.7054669665377244,,0.0026264190673828,0.5189033349310682,chromosome
0,0.0017433166503906,183214,183214.2~A39.K_x,X,,normal,183214.2~A39.K_xL.png,183214.2~A39.K_xR.png,train,/data5/chensx/MyProject/UAE/data/arrangement_merged/chr_x/183214.2~A39.K_xL.png,/data5/chensx/MyProject/UAE/data/arrangement_merged/chr_x/183214.2~A39.K_xR.png,0,0.5472503579425192,,0.0017433166503906,-1.3374759138832417,chromosome
0,0.0028011202812194,183214,183214.2~A45.K_x,X,,normal,183214.2~A45.K_xL.png,183214.2~A45.K_xR.png,train,/data5/chensx/MyProject/UAE/data/arrangement_merged/chr_x/183214.2~A45.K_xL.png,/data5/chensx/MyProject/UAE/data/arrangement_merged/chr_x/183214.2~A45.K_xR.png,0,1.9345931058325776,,0.0028011202812194,0.8861446671578833,chromosome
0,0.0021339058876037,183214,183214.2~A6.K_x,X,,normal,183214.2~A6.K_xL.png,183214.2~A6.K_xR.png,train,/data5/chensx/MyProject/UAE/data/arrangement_merged/chr_x/183214.2~A6.K_xL.png,/data5/chensx/MyProject/UAE/data/arrangement_merged/chr_x/183214.2~A6.K_xR.png,0,1.0595204332748882,,0.0021339058876037,-0.5164140066559931,chromosome
0,0.0026432275772094,183214,183214.3~A12.K_x,X,,normal,183214.3~A12.K_xL.png,183214.3~A12.K_xR.png,train,/data5/chensx/MyProject/UAE/data/arrangement_merged/chr_x/183214.3~A12.K_xL.png,/data5/chensx/MyProject/UAE/data/arrangement_merged/chr_x/183214.3~A12.K_xR.png,0,1.72751185609117,,0.0026432275772094,0.5542366872639347,chromosome
0,0.0029683709144592,183214,183214.3~A19.K_x,X,,normal,183214.3~A19.K_xL.png,183214.3~A19.K_xR.png,train,/data5/chensx/MyProject/UAE/data/arrangement_merged/chr_x/183214.3~A19.K_xL.png,/data5/chensx/MyProject/UAE/data/arrangement_merged/chr_x/183214.3~A19.K_xR.png,0,2.153947574226081,,0.0029683709144592,1.2377240524288442,chromosome
0,0.0019986033439636,183214,183214.3~A28.K_x,X,,normal,183214.3~A28.K_xL.png,183214.3~A28.K_xR.png,train,/data5/chensx/MyProject/UAE/data/arrangement_merged/chr_x/183214.3~A28.K_xL.png,/data5/chensx/MyProject/UAE/data/arrangement_merged/chr_x/183214.3~A28.K_xR.png,0,0.8820668897063734,,0.0019986033439636,-0.8008349633789466,chromosome
0,0.0017991065979003,183214,183214.3~A4.K_x,X,,normal,183214.3~A4.K_xL.png,183214.3~A4.K_xR.png,train,/data5/chensx/MyProject/UAE/data/arrangement_merged/chr_x/183214.3~A4.K_xL.png,/data5/chensx/MyProject/UAE/data/arrangement_merged/chr_x/183214.3~A4.K_xR.png,0,0.6204206296518275,,0.0017991065979003,-1.2201992550759981,chromosome
0,0.002862811088562,183214,183214.3~A42.K_x,X,,normal,183214.3~A42.K_xL.png,183214.3~A42.K_xR.png,train,/data5/chensx/MyProject/UAE/data/arrangement_merged/chr_x/183214.3~A42.K_xL.png,/data5/chensx/MyProject/UAE/data/arrangement_merged/chr_x/183214.3~A42.K_xR.png,0,2.0155025408957554,,0.002862811088562,1.015825587954656,chromosome
0,0.002667486667633,183214,183214.3~A43.K_x,X,,normal,183214.3~A43.K_xL.png,183214.3~A43.K_xR.png,train,/data5/chensx/MyProject/UAE/data/arrangement_merged/chr_x/183214.3~A43.K_xL.png,/data5/chensx/MyProject/UAE/data/arrangement_merged/chr_x/183214.3~A43.K_xR.png,0,1.7593284165459653,,0.002667486667633,0.6052319865530758,chromosome
0,0.0027135610580444,183214,183214.3~A47.K_x,X,,normal,183214.3~A47.K_xL.png,183214.3~A47.K_xR.png,train,/data5/chensx/MyProject/UAE/data/arrangement_merged/chr_x/183214.3~A47.K_xL.png,/data5/chensx/MyProject/UAE/data/arrangement_merged/chr_x/183214.3~A47.K_xR.png,0,1.8197564293999131,,0.0027135610580444,0.7020854665297341,chromosome
0,0.002281904220581,183214,183214.4~A22.K_x,X,,normal,183214.4~A22.K_xL.png,183214.4~A22.K_xR.png,train,/data5/chensx/MyProject/UAE/data/arrangement_merged/chr_x/183214.4~A22.K_xL.png,/data5/chensx/MyProject/UAE/data/arrangement_merged/chr_x/183214.4~A22.K_xR.png,0,1.2536249040593035,,0.002281904220581,-0.20530509231973307,chromosome
0,0.0024794936180114,183214,183214.4~A24.K_x,X,,normal,183214.4~A24.K_xL.png,183214.4~A24.K_xR.png,train,/data5/chensx/MyProject/UAE/data/arrangement_merged/chr_x/183214.4~A24.K_xL.png,/data5/chensx/MyProject/UAE/data/arrangement_merged/chr_x/183214.4~A24.K_xR.png,0,1.5127696163631037,,0.0024794936180114,0.21004974095636914,chromosome
0,0.0027507543563842,183214,183214.4~A26.K_x,X,,normal,183214.4~A26.K_xL.png,183214.4~A26.K_xR.png,train,/data5/chensx/MyProject/UAE/data/arrangement_merged/chr_x/183214.4~A26.K_xL.png,/data5/chensx/MyProject/UAE/data/arrangement_merged/chr_x/183214.4~A26.K_xR.png,0,1.8685366105394523,,0.0027507543563842,0.7802699057345633,chromosome
0,0.0018385648727416,183214,183214.4~A28.K_x,X,,normal,183214.4~A28.K_xL.png,183214.4~A28.K_xR.png,train,/data5/chensx/MyProject/UAE/data/arrangement_merged/chr_x/183214.4~A28.K_xL.png,/data5/chensx/MyProject/UAE/data/arrangement_merged/chr_x/183214.4~A28.K_xR.png,0,0.6721713987453768,,0.0018385648727416,-1.1372535839964364,chromosome
0,0.0018649697303771,183214,183214.4~A50.K_x,X,,normal,183214.4~A50.K_xL.png,183214.4~A50.K_xR.png,train,/data5/chensx/MyProject/UAE/data/arrangement_merged/chr_x/183214.4~A50.K_xL.png,/data5/chensx/MyProject/UAE/data/arrangement_merged/chr_x/183214.4~A50.K_xR.png,0,0.7068022004197609,,0.0018649697303771,-1.0817476439839642,chromosome
0,0.0026668310165405,183214,183214.4~A8.K_x,X,,normal,183214.4~A8.K_xL.png,183214.4~A8.K_xR.png,train,/data5/chensx/MyProject/UAE/data/arrangement_merged/chr_x/183214.4~A8.K_xL.png,/data5/chensx/MyProject/UAE/data/arrangement_merged/chr_x/183214.4~A8.K_xR.png,0,1.7584685095066466,,0.0026668310165405,0.6038537352209997,chromosome
0,0.0026482343673706,183262,183262.11~A16.K_x,X,,normal,183262.11~A16.K_xL.png,183262.11~A16.K_xR.png,train,/data5/chensx/MyProject/UAE/data/arrangement_merged/chr_x/183262.11~A16.K_xL.png,/data5/chensx/MyProject/UAE/data/arrangement_merged/chr_x/183262.11~A16.K_xR.png,0,1.65947357804194,,0.0026482343673706,0.5647615156185847,chromosome
0,0.0022582411766052,183262,183262.12~A5.K_x,X,,normal,183262.12~A5.K_xL.png,183262.12~A5.K_xR.png,train,/data5/chensx/MyProject/UAE/data/arrangement_merged/chr_x/183262.12~A5.K_xL.png,/data5/chensx/MyProject/UAE/data/arrangement_merged/chr_x/183262.12~A5.K_xR.png,0,1.1662079939091192,,0.0022582411766052,-0.25504743585228834,chromosome
0,0.0022109746932983,183262,183262.14~A1.K_x,X,,normal,183262.14~A1.K_xL.png,183262.14~A1.K_xR.png,train,/data5/chensx/MyProject/UAE/data/arrangement_merged/chr_x/183262.14~A1.K_xL.png,/data5/chensx/MyProject/UAE/data/arrangement_merged/chr_x/183262.14~A1.K_xR.png,0,1.10642507961639,,0.0022109746932983,-0.35440682734190765,chromosome
0,0.0024901628494262,183262,183262.14~A16.K_x,X,,normal,183262.14~A16.K_xL.png,183262.14~A16.K_xR.png,train,/data5/chensx/MyProject/UAE/data/arrangement_merged/chr_x/183262.14~A16.K_xL.png,/data5/chensx/MyProject/UAE/data/arrangement_merged/chr_x/183262.14~A16.K_xR.png,0,1.459543831882649,,0.0024901628494262,0.23247764899753537,chromosome
0,0.0023387670516967,183262,183262.14~A21.K_x,X,,normal,183262.14~A21.K_xL.png,183262.14~A21.K_xR.png,train,/data5/chensx/MyProject/UAE/data/arrangement_merged/chr_x/183262.14~A21.K_xL.png,/data5/chensx/MyProject/UAE/data/arrangement_merged/chr_x/183262.14~A21.K_xR.png,0,1.268057574248939,,0.0023387670516967,-0.08577311315071819,chromosome
0,0.0020477771759033,183262,183262.14~A23.K_x,X,,normal,183262.14~A23.K_xL.png,183262.14~A23.K_xR.png,train,/data5/chensx/MyProject/UAE/data/arrangement_merged/chr_x/183262.14~A23.K_xL.png,/data5/chensx/MyProject/UAE/data/arrangement_merged/chr_x/183262.14~A23.K_xR.png,0,0.9000119404820994,,0.0020477771759033,-0.6974661134685884,chromosome
0,0.0021109580993652,183262,183262.14~A29.K_x,X,,normal,183262.14~A29.K_xL.png,183262.14~A29.K_xR.png,train,/data5/chensx/MyProject/UAE/data/arrangement_merged/chr_x/183262.14~A29.K_xL.png,/data5/chensx/MyProject/UAE/data/arrangement_merged/chr_x/183262.14~A29.K_xR.png,0,0.9799235283134904,,0.0021109580993652,-0.5646528032807706,chromosome
0,0.0025961995124816,183262,183262.14~A33.K_x,X,,normal,183262.14~A33.K_xL.png,183262.14~A33.K_xR.png,train,/data5/chensx/MyProject/UAE/data/arrangement_merged/chr_x/183262.14~A33.K_xL.png,/data5/chensx/MyProject/UAE/data/arrangement_merged/chr_x/183262.14~A33.K_xR.png,0,1.593659600516653,,0.0025961995124816,0.45537847807690834,chromosome
0,0.0025583505630493,183262,183262.14~A38.K_x,X,,normal,183262.14~A38.K_xL.png,183262.14~A38.K_xR.png,train,/data5/chensx/MyProject/UAE/data/arrangement_merged/chr_x/183262.14~A38.K_xL.png,/data5/chensx/MyProject/UAE/data/arrangement_merged/chr_x/183262.14~A38.K_xR.png,0,1.5457880361082257,,0.0025583505630493,0.3758157875400022,chromosome
0,0.0020194053649902,183262,183262.14~A45.K_x,X,,normal,183262.14~A45.K_xL.png,183262.14~A45.K_xR.png,train,/data5/chensx/MyProject/UAE/data/arrangement_merged/chr_x/183262.14~A45.K_xL.png,/data5/chensx/MyProject/UAE/data/arrangement_merged/chr_x/183262.14~A45.K_xR.png,0,0.8641271142483805,,0.0020194053649902,-0.7571068074774998,chromosome
0,0.0016958713531494,183262,183262.14~A8.K_x,X,,normal,183262.14~A8.K_xL.png,183262.14~A8.K_xR.png,train,/data5/chensx/MyProject/UAE/data/arrangement_merged/chr_x/183262.14~A8.K_xL.png,/data5/chensx/MyProject/UAE/data/arrangement_merged/chr_x/183262.14~A8.K_xR.png,0,0.454919473919334,,0.0016958713531494,-1.4372111920997532,chromosome
0,0.0019766688346862,183262,183262.1~A2.K_x,X,,normal,183262.1~A2.K_xL.png,183262.1~A2.K_xR.png,train,/data5/chensx/MyProject/UAE/data/arrangement_merged/chr_x/183262.1~A2.K_xL.png,/data5/chensx/MyProject/UAE/data/arrangement_merged/chr_x/183262.1~A2.K_xR.png,0,0.8100737100265814,,0.0019766688346862,-0.8469437352178647,chromosome
0,0.0016014575958251,183262,183262.1~A24.K_x,X,,normal,183262.1~A24.K_xL.png,183262.1~A24.K_xR.png,train,/data5/chensx/MyProject/UAE/data/arrangement_merged/chr_x/183262.1~A24.K_xL.png,/data5/chensx/MyProject/UAE/data/arrangement_merged/chr_x/183262.1~A24.K_xR.png,0,0.3355044219146897,,0.0016014575958251,-1.6356793839278012,chromosome
0,0.0027554035186767,183262,183262.1~A26.K_x,X,,normal,183262.1~A26.K_xL.png,183262.1~A26.K_xR.png,train,/data5/chensx/MyProject/UAE/data/arrangement_merged/chr_x/183262.1~A26.K_xL.png,/data5/chensx/MyProject/UAE/data/arrangement_merged/chr_x/183262.1~A26.K_xR.png,0,1.7950217241936766,,0.0027554035186767,0.7900429606352195,chromosome
0,0.0022177696228027,183262,183262.1~A42.K_x,X,,normal,183262.1~A42.K_xL.png,183262.1~A42.K_xR.png,train,/data5/chensx/MyProject/UAE/data/arrangement_merged/chr_x/183262.1~A42.K_xL.png,/data5/chensx/MyProject/UAE/data/arrangement_merged/chr_x/183262.1~A42.K_xR.png,0,1.115019344722785,,0.0022177696228027,-0.3401231317179198,chromosome
0,0.0019978880882263,183262,183262.1~A9.K_x,X,,normal,183262.1~A9.K_xL.png,183262.1~A9.K_xR.png,train,/data5/chensx/MyProject/UAE/data/arrangement_merged/chr_x/183262.1~A9.K_xL.png,/data5/chensx/MyProject/UAE/data/arrangement_merged/chr_x/183262.1~A9.K_xR.png,0,0.8369119414114635,,0.0019978880882263,-0.8023385102867234,chromosome
0,0.0019692778587341,183262,183262.2~A10.K_x,X,,normal,183262.2~A10.K_xL.png,183262.2~A10.K_xR.png,train,/data5/chensx/MyProject/UAE/data/arrangement_merged/chr_x/183262.2~A10.K_xL.png,/data5/chensx/MyProject/UAE/data/arrangement_merged/chr_x/183262.2~A10.K_xR.png,0,0.8007255620161167,,0.0019692778587341,-0.8624803865982278,chromosome
0,0.001573622226715,183262,183262.2~A22.K_x,X,,normal,183262.2~A22.K_xL.png,183262.2~A22.K_xR.png,train,/data5/chensx/MyProject/UAE/data/arrangement_merged/chr_x/183262.2~A22.K_xL.png,/data5/chensx/MyProject/UAE/data/arrangement_merged/chr_x/183262.2~A22.K_xR.png,0,0.3002980902946335,,0.001573622226715,-1.6941924177558272,chromosome
0,0.00178062915802,183262,183262.2~A23.K_x,X,,normal,183262.2~A23.K_xL.png,183262.2~A23.K_xR.png,train,/data5/chensx/MyProject/UAE/data/arrangement_merged/chr_x/183262.2~A23.K_xL.png,/data5/chensx/MyProject/UAE/data/arrangement_merged/chr_x/183262.2~A23.K_xR.png,0,0.5621216228780489,,0.00178062915802,-1.2590408835270113,chromosome
0,0.0018503069877624,183262,183262.2~A44.K_x,X,,normal,183262.2~A44.K_xL.png,183262.2~A44.K_xR.png,train,/data5/chensx/MyProject/UAE/data/arrangement_merged/chr_x/183262.2~A44.K_xL.png,/data5/chensx/MyProject/UAE/data/arrangement_merged/chr_x/183262.2~A44.K_xR.png,0,0.6502505343637996,,0.0018503069877624,-1.1125703555934994,chromosome
0,0.00240159034729,183262,183262.2~A45.K_x,X,,normal,183262.2~A45.K_xL.png,183262.2~A45.K_xR.png,train,/data5/chensx/MyProject/UAE/data/arrangement_merged/chr_x/183262.2~A45.K_xL.png,/data5/chensx/MyProject/UAE/data/arrangement_merged/chr_x/183262.2~A45.K_xR.png,0,1.347516832337888,,0.00240159034729,0.046288423583315565,chromosome
0,0.002074122428894,183262,183262.3~A17.K_x,X,,normal,183262.3~A17.K_xL.png,183262.3~A17.K_xR.png,train,/data5/chensx/MyProject/UAE/data/arrangement_merged/chr_x/183262.3~A17.K_xL.png,/data5/chensx/MyProject/UAE/data/arrangement_merged/chr_x/183262.3~A17.K_xR.png,0,0.9333335648419812,,0.002074122428894,-0.6420854690318166,chromosome
0,0.0027309656143188,183262,183262.3~A24.K_x,X,,normal,183262.3~A24.K_xL.png,183262.3~A24.K_xR.png,train,/data5/chensx/MyProject/UAE/data/arrangement_merged/chr_x/183262.3~A24.K_xL.png,/data5/chensx/MyProject/UAE/data/arrangement_merged/chr_x/183262.3~A24.K_xR.png,0,1.7641125251268177,,0.0027309656143188,0.7386717746191865,chromosome
0,0.0022377967834472,183262,183262.3~A30.K_x,X,,normal,183262.3~A30.K_xL.png,183262.3~A30.K_xR.png,train,/data5/chensx/MyProject/UAE/data/arrangement_merged/chr_x/183262.3~A30.K_xL.png,/data5/chensx/MyProject/UAE/data/arrangement_merged/chr_x/183262.3~A30.K_xR.png,0,1.1403498102995275,,0.0022377967834472,-0.29802381829995095,chromosome
0,0.0017768740653991,183262,183262.3~A41.K_x,X,,normal,183262.3~A41.K_xL.png,183262.3~A41.K_xR.png,train,/data5/chensx/MyProject/UAE/data/arrangement_merged/chr_x/183262.3~A41.K_xL.png,/data5/chensx/MyProject/UAE/data/arrangement_merged/chr_x/183262.3~A41.K_xR.png,0,0.5573721605824097,,0.0017768740653991,-1.2669345047929985,chromosome
0,0.0018817782402038,183262,183262.4~A14.K_x,X,,normal,183262.4~A14.K_xL.png,183262.4~A14.K_xR.png,train,/data5/chensx/MyProject/UAE/data/arrangement_merged/chr_x/183262.4~A14.K_xL.png,/data5/chensx/MyProject/UAE/data/arrangement_merged/chr_x/183262.4~A14.K_xR.png,0,0.6900555516986812,,0.0018817782402038,-1.046414291650887,chromosome
0,0.0014759302139282,183262,183262.4~A19.K_x,X,,normal,183262.4~A19.K_xL.png,183262.4~A19.K_xR.png,train,/data5/chensx/MyProject/UAE/data/arrangement_merged/chr_x/183262.4~A19.K_xL.png,/data5/chensx/MyProject/UAE/data/arrangement_merged/chr_x/183262.4~A19.K_xR.png,0,0.1767366823176057,,0.0014759302139282,-1.8995518662442572,chromosome
0,0.0027368068695068,183262,183262.4~A24.K_x,X,,normal,183262.4~A24.K_xL.png,183262.4~A24.K_xR.png,train,/data5/chensx/MyProject/UAE/data/arrangement_merged/chr_x/183262.4~A24.K_xL.png,/data5/chensx/MyProject/UAE/data/arrangement_merged/chr_x/183262.4~A24.K_xR.png,0,1.771500577586701,,0.0027368068695068,0.7509507410328045,chromosome
0,0.0027592778205871,183262,183262.4~A29.K_x,X,,normal,183262.4~A29.K_xL.png,183262.4~A29.K_xR.png,train,/data5/chensx/MyProject/UAE/data/arrangement_merged/chr_x/183262.4~A29.K_xL.png,/data5/chensx/MyProject/UAE/data/arrangement_merged/chr_x/183262.4~A29.K_xR.png,0,1.7999219630701295,,0.0027592778205871,0.798187173052398,chromosome
0,0.0027148127555847,183262,183262.4~A31.K_x,X,,normal,183262.4~A31.K_xL.png,183262.4~A31.K_xR.png,train,/data5/chensx/MyProject/UAE/data/arrangement_merged/chr_x/183262.4~A31.K_xL.png,/data5/chensx/MyProject/UAE/data/arrangement_merged/chr_x/183262.4~A31.K_xR.png,0,1.743682298426528,,0.0027148127555847,0.704716673618396,chromosome
0,0.0026449561119079,183262,183262.4~A50.K_x,X,,normal,183262.4~A50.K_xL.png,183262.4~A50.K_xR.png,train,/data5/chensx/MyProject/UAE/data/arrangement_merged/chr_x/183262.4~A50.K_xL.png,/data5/chensx/MyProject/UAE/data/arrangement_merged/chr_x/183262.4~A50.K_xR.png,0,1.6553272220695563,,0.0026449561119079,0.5578702589577824,chromosome
0,0.002459704875946,183786,183786.11~A44.K_x,X,,normal,183786.11~A44.K_xL.png,183786.11~A44.K_xR.png,train,/data5/chensx/MyProject/UAE/data/arrangement_merged/chr_x/183786.11~A44.K_xL.png,/data5/chensx/MyProject/UAE/data/arrangement_merged/chr_x/183786.11~A44.K_xR.png,0,0.54372555044534,,0.002459704875946,0.16845160984099225,chromosome
0,0.0022705197334289,183786,183786.12~A1.K_x,X,,normal,183786.12~A1.K_xL.png,183786.12~A1.K_xR.png,train,/data5/chensx/MyProject/UAE/data/arrangement_merged/chr_x/183786.12~A1.K_xL.png,/data5/chensx/MyProject/UAE/data/arrangement_merged/chr_x/183786.12~A1.K_xR.png,0,0.4450650580473788,,0.0022705197334289,-0.22923654726867623,chromosome
0,0.0021476745605468,183786,183786.12~A12.K_x,X,,normal,183786.12~A12.K_xL.png,183786.12~A12.K_xR.png,train,/data5/chensx/MyProject/UAE/data/arrangement_merged/chr_x/183786.12~A12.K_xL.png,/data5/chensx/MyProject/UAE/data/arrangement_merged/chr_x/183786.12~A12.K_xR.png,0,0.3810010143069258,,0.0021476745605468,-0.48747072868112634,chromosome
0,0.0017439126968383,183786,183786.12~A15.K_x,X,,normal,183786.12~A15.K_xL.png,183786.12~A15.K_xR.png,train,/data5/chensx/MyProject/UAE/data/arrangement_merged/chr_x/183786.12~A15.K_xL.png,/data5/chensx/MyProject/UAE/data/arrangement_merged/chr_x/183786.12~A15.K_xR.png,0,0.1704382621003131,,0.0017439126968383,-1.336222958126866,chromosome
0,0.0019055604934692,183786,183786.12~A16.K_x,X,,normal,183786.12~A16.K_xL.png,183786.12~A16.K_xR.png,train,/data5/chensx/MyProject/UAE/data/arrangement_merged/chr_x/183786.12~A16.K_xL.png,/data5/chensx/MyProject/UAE/data/arrangement_merged/chr_x/183786.12~A16.K_xR.png,0,0.2547379644894973,,0.0019055604934692,-0.9964213569669309,chromosome
0,0.0017939209938049,183786,183786.12~A34.K_x,X,,normal,183786.12~A34.K_xL.png,183786.12~A34.K_xR.png,train,/data5/chensx/MyProject/UAE/data/arrangement_merged/chr_x/183786.12~A34.K_xL.png,/data5/chensx/MyProject/UAE/data/arrangement_merged/chr_x/183786.12~A34.K_xR.png,0,0.1965177054279405,,0.0017939209938049,-1.2310999701573295,chromosome
0,0.0022461414337158,183786,183786.12~A41.K_x,X,,normal,183786.12~A41.K_xL.png,183786.12~A41.K_xR.png,train,/data5/chensx/MyProject/UAE/data/arrangement_merged/chr_x/183786.12~A41.K_xL.png,/data5/chensx/MyProject/UAE/data/arrangement_merged/chr_x/183786.12~A41.K_xR.png,0,0.4323517179746737,,0.0022461414337158,-0.28048243770900844,chromosome
0,0.0020797252655029,183786,183786.12~A47.K_x,X,,normal,183786.12~A47.K_xL.png,183786.12~A47.K_xR.png,train,/data5/chensx/MyProject/UAE/data/arrangement_merged/chr_x/183786.12~A47.K_xL.png,/data5/chensx/MyProject/UAE/data/arrangement_merged/chr_x/183786.12~A47.K_xR.png,0,0.3455652987008528,,0.0020797252655029,-0.6303076849207906,chromosome
0,0.001737356185913,183786,183786.13~A10.K_x,X,,normal,183786.13~A10.K_xL.png,183786.13~A10.K_xR.png,train,/data5/chensx/MyProject/UAE/data/arrangement_merged/chr_x/183786.13~A10.K_xL.png,/data5/chensx/MyProject/UAE/data/arrangement_merged/chr_x/183786.13~A10.K_xR.png,0,0.1670190263839376,,0.001737356185913,-1.3500054714482612,chromosome
0,0.0018501281738281,183786,183786.13~A12.K_x,X,,normal,183786.13~A12.K_xL.png,183786.13~A12.K_xR.png,train,/data5/chensx/MyProject/UAE/data/arrangement_merged/chr_x/183786.13~A12.K_xL.png,/data5/chensx/MyProject/UAE/data/arrangement_merged/chr_x/183786.13~A12.K_xR.png,0,0.2258298807055956,,0.0018501281738281,-1.112946242320391,chromosome
0,0.0023976564407348,183786,183786.13~A29.K_x,X,,normal,183786.13~A29.K_xL.png,183786.13~A29.K_xR.png,train,/data5/chensx/MyProject/UAE/data/arrangement_merged/chr_x/183786.13~A29.K_xL.png,/data5/chensx/MyProject/UAE/data/arrangement_merged/chr_x/183786.13~A29.K_xR.png,0,0.5113671469840049,,0.0023976564407348,0.038018915590436304,chromosome
0,0.0024957060813903,183786,183786.13~A34.K_x,X,,normal,183786.13~A34.K_xL.png,183786.13~A34.K_xR.png,train,/data5/chensx/MyProject/UAE/data/arrangement_merged/chr_x/183786.13~A34.K_xL.png,/data5/chensx/MyProject/UAE/data/arrangement_merged/chr_x/183786.13~A34.K_xR.png,0,0.5625002629243471,,0.0024957060813903,0.2441301375328605,chromosome
0,0.0031987428665161,183786,183786.13~A43.K_x,X,,normal,183786.13~A43.K_xL.png,183786.13~A43.K_xR.png,train,/data5/chensx/MyProject/UAE/data/arrangement_merged/chr_x/183786.13~A43.K_xL.png,/data5/chensx/MyProject/UAE/data/arrangement_merged/chr_x/183786.13~A43.K_xR.png,0,0.9291355836029708,,0.0031987428665161,1.721991452311922,chromosome
0,0.0019834637641906,183786,183786.14~A17.K_x,X,,normal,183786.14~A17.K_xL.png,183786.14~A17.K_xR.png,train,/data5/chensx/MyProject/UAE/data/arrangement_merged/chr_x/183786.14~A17.K_xL.png,/data5/chensx/MyProject/UAE/data/arrangement_merged/chr_x/183786.14~A17.K_xR.png,0,0.2953647015922494,,0.0019834637641906,-0.8326600395938769,chromosome
0,0.0026584863662719,183786,183786.14~A24.K_x,X,,normal,183786.14~A24.K_xL.png,183786.14~A24.K_xR.png,train,/data5/chensx/MyProject/UAE/data/arrangement_merged/chr_x/183786.14~A24.K_xL.png,/data5/chensx/MyProject/UAE/data/arrangement_merged/chr_x/183786.14~A24.K_xR.png,0,0.6473905605736325,,0.0026584863662719,0.5863123546300563,chromosome
0,0.0037399530410766,183786,183786.14~A38.K_x,X,,normal,183786.14~A38.K_xL.png,183786.14~A38.K_xR.png,train,/data5/chensx/MyProject/UAE/data/arrangement_merged/chr_x/183786.14~A38.K_xL.png,/data5/chensx/MyProject/UAE/data/arrangement_merged/chr_x/183786.14~A38.K_xR.png,1,1.2113779500092363,,0.0037399530410766,2.859675279203947,chromosome
0,0.0020404458045959,183786,183786.14~A39.K_x,X,,normal,183786.14~A39.K_xL.png,183786.14~A39.K_xR.png,train,/data5/chensx/MyProject/UAE/data/arrangement_merged/chr_x/183786.14~A39.K_xL.png,/data5/chensx/MyProject/UAE/data/arrangement_merged/chr_x/183786.14~A39.K_xR.png,0,0.325080968363658,,0.0020404458045959,-0.7128774692734612,chromosome
0,0.0019060373306274,183786,183786.1~A44.K_x,X,,normal,183786.1~A44.K_xL.png,183786.1~A44.K_xR.png,train,/data5/chensx/MyProject/UAE/data/arrangement_merged/chr_x/183786.1~A44.K_xL.png,/data5/chensx/MyProject/UAE/data/arrangement_merged/chr_x/183786.1~A44.K_xR.png,0,0.2549866361779609,,0.0019060373306274,-0.995418992361746,chromosome
0,0.0017292499542236,183786,183786.2~A14.K_x,X,,normal,183786.2~A14.K_xL.png,183786.2~A14.K_xR.png,train,/data5/chensx/MyProject/UAE/data/arrangement_merged/chr_x/183786.2~A14.K_xL.png,/data5/chensx/MyProject/UAE/data/arrangement_merged/chr_x/183786.2~A14.K_xR.png,0,0.1627916076800552,,0.0017292499542236,-1.3670456697364015,chromosome
0,0.0023279786109924,183786,183786.2~A4.K_x,X,,normal,183786.2~A4.K_xL.png,183786.2~A4.K_xR.png,train,/data5/chensx/MyProject/UAE/data/arrangement_merged/chr_x/183786.2~A4.K_xL.png,/data5/chensx/MyProject/UAE/data/arrangement_merged/chr_x/183786.2~A4.K_xR.png,0,0.4750299965072511,,0.0023279786109924,-0.10845161234307558,chromosome
0,0.0018538236618041,183786,183786.2~A49.K_x,X,,normal,183786.2~A49.K_xL.png,183786.2~A49.K_xR.png,train,/data5/chensx/MyProject/UAE/data/arrangement_merged/chr_x/183786.2~A49.K_xL.png,/data5/chensx/MyProject/UAE/data/arrangement_merged/chr_x/183786.2~A49.K_xR.png,0,0.2277570862911891,,0.0018538236618041,-1.1051779166303148,chromosome
0,0.00286865234375,183786,183786.3~A1.K_x,X,,normal,183786.3~A1.K_xL.png,183786.3~A1.K_xR.png,train,/data5/chensx/MyProject/UAE/data/arrangement_merged/chr_x/183786.3~A1.K_xL.png,/data5/chensx/MyProject/UAE/data/arrangement_merged/chr_x/183786.3~A1.K_xR.png,0,0.7569926072639951,,0.00286865234375,1.028104554368274,chromosome
0,0.0026333928108215,183786,183786.3~A25.K_x,X,,normal,183786.3~A25.K_xL.png,183786.3~A25.K_xR.png,train,/data5/chensx/MyProject/UAE/data/arrangement_merged/chr_x/183786.3~A25.K_xL.png,/data5/chensx/MyProject/UAE/data/arrangement_merged/chr_x/183786.3~A25.K_xR.png,0,0.6343042129682318,,0.0026333928108215,0.5335629172819472,chromosome
0,0.0022099018096923,183786,183786.3~A36.K_x,X,,normal,183786.3~A36.K_xL.png,183786.3~A36.K_xR.png,train,/data5/chensx/MyProject/UAE/data/arrangement_merged/chr_x/183786.3~A36.K_xL.png,/data5/chensx/MyProject/UAE/data/arrangement_merged/chr_x/183786.3~A36.K_xR.png,0,0.4134526696514348,,0.0022099018096923,-0.3566621477036783,chromosome
0,0.0019912719726562,183786,183786.3~A37.K_x,X,,normal,183786.3~A37.K_xL.png,183786.3~A37.K_xR.png,train,/data5/chensx/MyProject/UAE/data/arrangement_merged/chr_x/183786.3~A37.K_xL.png,/data5/chensx/MyProject/UAE/data/arrangement_merged/chr_x/183786.3~A37.K_xR.png,0,0.299436700490842,,0.0019912719726562,-0.8162463191838192,chromosome
0,0.0029331445693969,183786,183786.3~A44.K_x,X,,normal,183786.3~A44.K_xL.png,183786.3~A44.K_xR.png,train,/data5/chensx/MyProject/UAE/data/arrangement_merged/chr_x/183786.3~A44.K_xL.png,/data5/chensx/MyProject/UAE/data/arrangement_merged/chr_x/183786.3~A44.K_xR.png,0,0.7906254531287065,,0.0029331445693969,1.163674367220244,chromosome
0,0.002329409122467,183786,183786.4~A49.K_x,X,,normal,183786.4~A49.K_xL.png,183786.4~A49.K_xR.png,train,/data5/chensx/MyProject/UAE/data/arrangement_merged/chr_x/183786.4~A49.K_xL.png,/data5/chensx/MyProject/UAE/data/arrangement_merged/chr_x/183786.4~A49.K_xR.png,0,0.4757760115726421,,0.002329409122467,-0.10544451852752174,chromosome
0,0.003118872642517,183786,183786.5~A1.K_x,X,,normal,183786.5~A1.K_xL.png,183786.5~A1.K_xR.png,train,/data5/chensx/MyProject/UAE/data/arrangement_merged/chr_x/183786.5~A1.K_xL.png,/data5/chensx/MyProject/UAE/data/arrangement_merged/chr_x/183786.5~A1.K_xR.png,0,0.887483075785306,,0.003118872642517,1.554095380942219,chromosome
0,0.002331256866455,183786,183786.5~A31.K_x,X,,normal,183786.5~A31.K_xL.png,183786.5~A31.K_xR.png,train,/data5/chensx/MyProject/UAE/data/arrangement_merged/chr_x/183786.5~A31.K_xL.png,/data5/chensx/MyProject/UAE/data/arrangement_merged/chr_x/183786.5~A31.K_xR.png,0,0.4767396143654388,,0.002331256866455,-0.10156035568248295,chromosome
0,0.0023599863052368,183786,183786.5~A33.K_x,X,,normal,183786.5~A33.K_xL.png,183786.5~A33.K_xR.png,train,/data5/chensx/MyProject/UAE/data/arrangement_merged/chr_x/183786.5~A33.K_xL.png,/data5/chensx/MyProject/UAE/data/arrangement_merged/chr_x/183786.5~A33.K_xR.png,0,0.4917220835953749,,0.0023599863052368,-0.041167888219577786,chromosome
0,0.0029217600822448,183786,183786.5~A42.K_x,X,,normal,183786.5~A42.K_xL.png,183786.5~A42.K_xR.png,train,/data5/chensx/MyProject/UAE/data/arrangement_merged/chr_x/183786.5~A42.K_xL.png,/data5/chensx/MyProject/UAE/data/arrangement_merged/chr_x/183786.5~A42.K_xR.png,0,0.7846884165666363,,0.0029217600822448,1.1397429122713016,chromosome
0,0.0027002096176147,183786,183786.5~A44.K_x,X,,normal,183786.5~A44.K_xL.png,183786.5~A44.K_xR.png,train,/data5/chensx/MyProject/UAE/data/arrangement_merged/chr_x/183786.5~A44.K_xL.png,/data5/chensx/MyProject/UAE/data/arrangement_merged/chr_x/183786.5~A44.K_xR.png,0,0.6691493333142037,,0.0027002096176147,0.6740192575843514,chromosome
0,0.0023810267448425,183786,183786.5~A6.K_x,X,,normal,183786.5~A6.K_xL.png,183786.5~A6.K_xR.png,train,/data5/chensx/MyProject/UAE/data/arrangement_merged/chr_x/183786.5~A6.K_xL.png,/data5/chensx/MyProject/UAE/data/arrangement_merged/chr_x/183786.5~A6.K_xR.png,0,0.5026947218488345,,0.0023810267448425,0.003061449984460892,chromosome
0,0.00192391872406,183786,183786.5~A8.K_x,X,,normal,183786.5~A8.K_xL.png,183786.5~A8.K_xR.png,train,/data5/chensx/MyProject/UAE/data/arrangement_merged/chr_x/183786.5~A8.K_xL.png,/data5/chensx/MyProject/UAE/data/arrangement_merged/chr_x/183786.5~A8.K_xR.png,0,0.2643118244953486,,0.00192391872406,-0.9578303196671083,chromosome
0,0.0033249855041503,184793,184793.11~A18.K_x,X,,normal,184793.11~A18.K_xL.png,184793.11~A18.K_xR.png,train,/data5/chensx/MyProject/UAE/data/arrangement_merged/chr_x/184793.11~A18.K_xL.png,/data5/chensx/MyProject/UAE/data/arrangement_merged/chr_x/184793.11~A18.K_xR.png,0,2.5395473058493736,,0.0033249855041503,1.9873674815361557,chromosome
0,0.0023295283317565,184793,184793.12~A12.K_x,X,,normal,184793.12~A12.K_xL.png,184793.12~A12.K_xR.png,train,/data5/chensx/MyProject/UAE/data/arrangement_merged/chr_x/184793.12~A12.K_xL.png,/data5/chensx/MyProject/UAE/data/arrangement_merged/chr_x/184793.12~A12.K_xR.png,0,1.2748987182363878,,0.0023295283317565,-0.10519392737633058,chromosome
0,0.0017530918121337,184793,184793.12~A27.K_x,X,,normal,184793.12~A27.K_xL.png,184793.12~A27.K_xR.png,train,/data5/chensx/MyProject/UAE/data/arrangement_merged/chr_x/184793.12~A27.K_xL.png,/data5/chensx/MyProject/UAE/data/arrangement_merged/chr_x/184793.12~A27.K_xR.png,0,0.5425823006083901,,0.0017530918121337,-1.3169274394769552,chromosome
0,0.0018002986907958,184793,184793.12~A32.K_x,X,,normal,184793.12~A32.K_xL.png,184793.12~A32.K_xR.png,train,/data5/chensx/MyProject/UAE/data/arrangement_merged/chr_x/184793.12~A32.K_xL.png,/data5/chensx/MyProject/UAE/data/arrangement_merged/chr_x/184793.12~A32.K_xR.png,0,0.6025548580234841,,0.0018002986907958,-1.2176933435630362,chromosome
0,0.0034171938896179,184793,184793.12~A38.K_x,X,,normal,184793.12~A38.K_xL.png,184793.12~A38.K_xR.png,train,/data5/chensx/MyProject/UAE/data/arrangement_merged/chr_x/184793.12~A38.K_xL.png,/data5/chensx/MyProject/UAE/data/arrangement_merged/chr_x/184793.12~A38.K_xR.png,0,2.6566906724164827,,0.0034171938896179,2.181199737065172,chromosome
0,0.0035009980201721,184793,184793.12~A42.K_x,X,,normal,184793.12~A42.K_xL.png,184793.12~A42.K_xR.png,train,/data5/chensx/MyProject/UAE/data/arrangement_merged/chr_x/184793.12~A42.K_xL.png,/data5/chensx/MyProject/UAE/data/arrangement_merged/chr_x/184793.12~A42.K_xR.png,1,2.7631571064134803,,0.0035009980201721,2.3573653164275443,chromosome
0,0.0028268694877624,184793,184793.13~A10.K_x,X,,normal,184793.13~A10.K_xL.png,184793.13~A10.K_xR.png,train,/data5/chensx/MyProject/UAE/data/arrangement_merged/chr_x/184793.13~A10.K_xL.png,/data5/chensx/MyProject/UAE/data/arrangement_merged/chr_x/184793.13~A10.K_xR.png,0,1.9067308130236915,,0.0028268694877624,0.9402723558382791,chromosome
0,0.0020987391471862,184793,184793.13~A16.K_x,X,,normal,184793.13~A16.K_xL.png,184793.13~A16.K_xR.png,train,/data5/chensx/MyProject/UAE/data/arrangement_merged/chr_x/184793.13~A16.K_xL.png,/data5/chensx/MyProject/UAE/data/arrangement_merged/chr_x/184793.13~A16.K_xR.png,0,0.9816995486514838,,0.0020987391471862,-0.5903383962888924,chromosome
0,0.0021613836288452,184793,184793.13~A43.K_x,X,,normal,184793.13~A43.K_xL.png,184793.13~A43.K_xR.png,train,/data5/chensx/MyProject/UAE/data/arrangement_merged/chr_x/184793.13~A43.K_xL.png,/data5/chensx/MyProject/UAE/data/arrangement_merged/chr_x/184793.13~A43.K_xR.png,0,1.06128434390813,,0.0021613836288452,-0.4586527462817498,chromosome
0,0.0031784176826477,184793,184793.14~A14.K_x,X,,normal,184793.14~A14.K_xL.png,184793.14~A14.K_xR.png,train,/data5/chensx/MyProject/UAE/data/arrangement_merged/chr_x/184793.14~A14.K_xL.png,/data5/chensx/MyProject/UAE/data/arrangement_merged/chr_x/184793.14~A14.K_xR.png,0,2.353344630743672,,0.0031784176826477,1.6792656610156602,chromosome
0,0.0023526549339294,184793,184793.14~A26.K_x,X,,normal,184793.14~A26.K_xL.png,184793.14~A26.K_xR.png,train,/data5/chensx/MyProject/UAE/data/arrangement_merged/chr_x/184793.14~A26.K_xL.png,/data5/chensx/MyProject/UAE/data/arrangement_merged/chr_x/184793.14~A26.K_xR.png,0,1.3042792135357015,,0.0023526549339294,-0.05657924402445052,chromosome
0,0.0024529695510864,184793,184793.14~A27.K_x,X,,normal,184793.14~A27.K_xL.png,184793.14~A27.K_xR.png,train,/data5/chensx/MyProject/UAE/data/arrangement_merged/chr_x/184793.14~A27.K_xL.png,/data5/chensx/MyProject/UAE/data/arrangement_merged/chr_x/184793.14~A27.K_xR.png,0,1.4317208980427762,,0.0024529695510864,0.1542932097927062,chromosome
0,0.0023837685585021,184793,184793.14~A3.K_x,X,,normal,184793.14~A3.K_xL.png,184793.14~A3.K_xR.png,train,/data5/chensx/MyProject/UAE/data/arrangement_merged/chr_x/184793.14~A3.K_xL.png,/data5/chensx/MyProject/UAE/data/arrangement_merged/chr_x/184793.14~A3.K_xR.png,0,1.3438065809229225,,0.0023837685585021,0.008825046464168639,chromosome
0,0.0023216605186462,184793,184793.14~A30.K_x,X,,normal,184793.14~A30.K_xL.png,184793.14~A30.K_xR.png,train,/data5/chensx/MyProject/UAE/data/arrangement_merged/chr_x/184793.14~A30.K_xL.png,/data5/chensx/MyProject/UAE/data/arrangement_merged/chr_x/184793.14~A30.K_xR.png,0,1.2649032920005387,,0.0023216605186462,-0.12173294336187851,chromosome
0,0.0019782185554504,184793,184793.14~A32.K_x,X,,normal,184793.14~A32.K_xL.png,184793.14~A32.K_xR.png,train,/data5/chensx/MyProject/UAE/data/arrangement_merged/chr_x/184793.14~A32.K_xL.png,/data5/chensx/MyProject/UAE/data/arrangement_merged/chr_x/184793.14~A32.K_xR.png,0,0.828587792220524,,0.0019782185554504,-0.8436860502509091,chromosome
0,0.0017685890197753,184793,184793.14~A33.K_x,X,,normal,184793.14~A33.K_xL.png,184793.14~A33.K_xR.png,train,/data5/chensx/MyProject/UAE/data/arrangement_merged/chr_x/184793.14~A33.K_xL.png,/data5/chensx/MyProject/UAE/data/arrangement_merged/chr_x/184793.14~A33.K_xR.png,0,0.5622702613759715,,0.0017685890197753,-1.284350589808241,chromosome
0,0.0018815994262695,184793,184793.14~A4.K_x,X,,normal,184793.14~A4.K_xL.png,184793.14~A4.K_xR.png,train,/data5/chensx/MyProject/UAE/data/arrangement_merged/chr_x/184793.14~A4.K_xL.png,/data5/chensx/MyProject/UAE/data/arrangement_merged/chr_x/184793.14~A4.K_xR.png,0,0.7058409291272572,,0.0018815994262695,-1.0467901783777787,chromosome
0,0.0025209188461303,184793,184793.14~A9.K_x,X,,normal,184793.14~A9.K_xL.png,184793.14~A9.K_xR.png,train,/data5/chensx/MyProject/UAE/data/arrangement_merged/chr_x/184793.14~A9.K_xL.png,/data5/chensx/MyProject/UAE/data/arrangement_merged/chr_x/184793.14~A9.K_xR.png,0,1.5180450337160176,,0.0025209188461303,0.29713016603237047,chromosome
0,0.002362847328186,184793,184793.1~A26.K_x,X,,normal,184793.1~A26.K_xL.png,184793.1~A26.K_xR.png,train,/data5/chensx/MyProject/UAE/data/arrangement_merged/chr_x/184793.1~A26.K_xL.png,/data5/chensx/MyProject/UAE/data/arrangement_merged/chr_x/184793.1~A26.K_xR.png,0,1.3172278338866876,,0.002362847328186,-0.0351537005884692,chromosome
0,0.0024433135986328,184793,184793.2~A4.K_x,X,,normal,184793.2~A4.K_xL.png,184793.2~A4.K_xR.png,train,/data5/chensx/MyProject/UAE/data/arrangement_merged/chr_x/184793.2~A4.K_xL.png,/data5/chensx/MyProject/UAE/data/arrangement_merged/chr_x/184793.2~A4.K_xR.png,0,1.4194537840260526,,0.0024433135986328,0.13399532653760976,chromosome
0,0.0017239451408386,184793,184793.3~A8.K_x,X,,normal,184793.3~A8.K_xL.png,184793.3~A8.K_xR.png,train,/data5/chensx/MyProject/UAE/data/arrangement_merged/chr_x/184793.3~A8.K_xL.png,/data5/chensx/MyProject/UAE/data/arrangement_merged/chr_x/184793.3~A8.K_xR.png,0,0.5055537897801313,,0.0017239451408386,-1.3781969759691342,chromosome
0,0.0027884244918823,185290,185290.11~A25.K_x,X,,normal,185290.11~A25.K_xL.png,185290.11~A25.K_xR.png,train,/data5/chensx/MyProject/UAE/data/arrangement_merged/chr_x/185290.11~A25.K_xL.png,/data5/chensx/MyProject/UAE/data/arrangement_merged/chr_x/185290.11~A25.K_xR.png,0,1.9852556797616805,,0.0027884244918823,0.8594567095447871,chromosome
0,0.003110647201538,185290,185290.11~A27.K_x,X,,normal,185290.11~A27.K_xL.png,185290.11~A27.K_xR.png,train,/data5/chensx/MyProject/UAE/data/arrangement_merged/chr_x/185290.11~A27.K_xL.png,/data5/chensx/MyProject/UAE/data/arrangement_merged/chr_x/185290.11~A27.K_xR.png,0,2.415459950654373,,0.003110647201538,1.5368045915026773,chromosome
0,0.0026795864105224,185290,185290.11~A38.K_x,X,,normal,185290.11~A38.K_xL.png,185290.11~A38.K_xR.png,train,/data5/chensx/MyProject/UAE/data/arrangement_merged/chr_x/185290.11~A38.K_xL.png,/data5/chensx/MyProject/UAE/data/arrangement_merged/chr_x/185290.11~A38.K_xR.png,0,1.8399443592566755,,0.0026795864105224,0.6306669884097958,chromosome
0,0.0032755136489868,185290,185290.12~A12.K_x,X,,normal,185290.12~A12.K_xL.png,185290.12~A12.K_xR.png,train,/data5/chensx/MyProject/UAE/data/arrangement_merged/chr_x/185290.12~A12.K_xL.png,/data5/chensx/MyProject/UAE/data/arrangement_merged/chr_x/185290.12~A12.K_xR.png,0,2.6355755653952517,,0.0032755136489868,1.8833721537477146,chromosome
0,0.0026699900627136,185290,185290.12~A33.K_x,X,,normal,185290.12~A33.K_xL.png,185290.12~A33.K_xR.png,train,/data5/chensx/MyProject/UAE/data/arrangement_merged/chr_x/185290.12~A33.K_xL.png,/data5/chensx/MyProject/UAE/data/arrangement_merged/chr_x/185290.12~A33.K_xR.png,0,1.827132134392872,,0.0026699900627136,0.6104944007304012,chromosome
0,0.0025781393051147,185290,185290.12~A35.K_x,X,,normal,185290.12~A35.K_xL.png,185290.12~A35.K_xR.png,train,/data5/chensx/MyProject/UAE/data/arrangement_merged/chr_x/185290.12~A35.K_xL.png,/data5/chensx/MyProject/UAE/data/arrangement_merged/chr_x/185290.12~A35.K_xR.png,0,1.7045008392678922,,0.0025781393051147,0.4174139186553791,chromosome
0,0.002670407295227,185290,185290.12~A49.K_x,X,,normal,185290.12~A49.K_xL.png,185290.12~A49.K_xR.png,train,/data5/chensx/MyProject/UAE/data/arrangement_merged/chr_x/185290.12~A49.K_xL.png,/data5/chensx/MyProject/UAE/data/arrangement_merged/chr_x/185290.12~A49.K_xR.png,0,1.82768918764782,,0.002670407295227,0.6113714697598852,chromosome
0,0.0031653046607971,185290,185290.12~A5.K_x,X,,normal,185290.12~A5.K_xL.png,185290.12~A5.K_xR.png,train,/data5/chensx/MyProject/UAE/data/arrangement_merged/chr_x/185290.12~A5.K_xL.png,/data5/chensx/MyProject/UAE/data/arrangement_merged/chr_x/185290.12~A5.K_xR.png,0,2.48843392705256,,0.0031653046607971,1.6517006343728704,chromosome
0,0.00299072265625,185290,185290.12~A50.K_x,X,,normal,185290.12~A50.K_xL.png,185290.12~A50.K_xR.png,train,/data5/chensx/MyProject/UAE/data/arrangement_merged/chr_x/185290.12~A50.K_xL.png,/data5/chensx/MyProject/UAE/data/arrangement_merged/chr_x/185290.12~A50.K_xR.png,0,2.255346929375036,,0.00299072265625,1.2847098932972465,chromosome
0,0.0028705596923828,185290,185290.12~A7.K_x,X,,normal,185290.12~A7.K_xL.png,185290.12~A7.K_xR.png,train,/data5/chensx/MyProject/UAE/data/arrangement_merged/chr_x/185290.12~A7.K_xL.png,/data5/chensx/MyProject/UAE/data/arrangement_merged/chr_x/185290.12~A7.K_xR.png,0,2.0949155919500138,,0.0028705596923828,1.032114012789013,chromosome
0,0.0023635625839233,185290,185290.12~A8.K_x,X,,normal,185290.12~A8.K_xL.png,185290.12~A8.K_xR.png,train,/data5/chensx/MyProject/UAE/data/arrangement_merged/chr_x/185290.12~A8.K_xL.png,/data5/chensx/MyProject/UAE/data/arrangement_merged/chr_x/185290.12~A8.K_xR.png,0,1.4180163081517818,,0.0023635625839233,-0.03365015368069228,chromosome
0,0.0021050572395324,185290,185290.13~A13.K_x,X,,normal,185290.13~A13.K_xL.png,185290.13~A13.K_xR.png,train,/data5/chensx/MyProject/UAE/data/arrangement_merged/chr_x/185290.13~A13.K_xL.png,/data5/chensx/MyProject/UAE/data/arrangement_merged/chr_x/185290.13~A13.K_xR.png,0,1.0728820271932895,,0.0021050572395324,-0.5770570652700895,chromosome
0,0.0020939111709594,185290,185290.13~A26.K_x,X,,normal,185290.13~A26.K_xL.png,185290.13~A26.K_xR.png,train,/data5/chensx/MyProject/UAE/data/arrangement_merged/chr_x/185290.13~A26.K_xL.png,/data5/chensx/MyProject/UAE/data/arrangement_merged/chr_x/185290.13~A26.K_xR.png,0,1.058000747382536,,0.0020939111709594,-0.6004873379164406,chromosome
0,0.0032109022140502,185290,185290.13~A28.K_x,X,,normal,185290.13~A28.K_xL.png,185290.13~A28.K_xR.png,train,/data5/chensx/MyProject/UAE/data/arrangement_merged/chr_x/185290.13~A28.K_xL.png,/data5/chensx/MyProject/UAE/data/arrangement_merged/chr_x/185290.13~A28.K_xR.png,0,2.549311889914734,,0.0032109022140502,1.7475517497441333,chromosome
0,0.0018534064292907,185290,185290.13~A30.K_x,X,,normal,185290.13~A30.K_xL.png,185290.13~A30.K_xR.png,train,/data5/chensx/MyProject/UAE/data/arrangement_merged/chr_x/185290.13~A30.K_xL.png,/data5/chensx/MyProject/UAE/data/arrangement_merged/chr_x/185290.13~A30.K_xR.png,0,0.7368993354232289,,0.0018534064292907,-1.1060549856597988,chromosome
0,0.0031062960624694,185290,185290.13~A35.K_x,X,,normal,185290.13~A35.K_xL.png,185290.13~A35.K_xR.png,train,/data5/chensx/MyProject/UAE/data/arrangement_merged/chr_x/185290.13~A35.K_xL.png,/data5/chensx/MyProject/UAE/data/arrangement_merged/chr_x/185290.13~A35.K_xR.png,0,2.4096506809956297,,0.0031062960624694,1.527658014480314,chromosome
0,0.0026940107345581,185290,185290.13~A36.K_x,X,,normal,185290.13~A36.K_xL.png,185290.13~A36.K_xR.png,train,/data5/chensx/MyProject/UAE/data/arrangement_merged/chr_x/185290.13~A36.K_xL.png,/data5/chensx/MyProject/UAE/data/arrangement_merged/chr_x/185290.13~A36.K_xR.png,0,1.859202486070592,,0.0026940107345581,0.6609885177169493,chromosome
0,0.0026913285255432,185290,185290.13~A46.K_x,X,,normal,185290.13~A46.K_xL.png,185290.13~A46.K_xR.png,train,/data5/chensx/MyProject/UAE/data/arrangement_merged/chr_x/185290.13~A46.K_xL.png,/data5/chensx/MyProject/UAE/data/arrangement_merged/chr_x/185290.13~A46.K_xR.png,0,1.8556214294316404,,0.0026913285255432,0.6553502168127328,chromosome
0,0.0026620626449584,185290,185290.13~A6.K_x,X,,normal,185290.13~A6.K_xL.png,185290.13~A6.K_xR.png,train,/data5/chensx/MyProject/UAE/data/arrangement_merged/chr_x/185290.13~A6.K_xL.png,/data5/chensx/MyProject/UAE/data/arrangement_merged/chr_x/185290.13~A6.K_xR.png,0,1.81654812254886,,0.0026620626449584,0.5938300891689418,chromosome
0,0.0017868280410766,185290,185290.13~A7.K_x,X,,normal,185290.13~A7.K_xL.png,185290.13~A7.K_xR.png,train,/data5/chensx/MyProject/UAE/data/arrangement_merged/chr_x/185290.13~A7.K_xL.png,/data5/chensx/MyProject/UAE/data/arrangement_merged/chr_x/185290.13~A7.K_xR.png,0,0.6480095517408135,,0.0017868280410766,-1.2460101436596096,chromosome
0,0.0027236938476562,185290,185290.14~A27.K_x,X,,normal,185290.14~A27.K_xL.png,185290.14~A27.K_xR.png,train,/data5/chensx/MyProject/UAE/data/arrangement_merged/chr_x/185290.14~A27.K_xL.png,/data5/chensx/MyProject/UAE/data/arrangement_merged/chr_x/185290.14~A27.K_xR.png,0,1.8988328462083208,,0.0027236938476562,0.7233857143900146,chromosome
0,0.002266526222229,185290,185290.14~A31.K_x,X,,normal,185290.14~A31.K_xL.png,185290.14~A31.K_xR.png,train,/data5/chensx/MyProject/UAE/data/arrangement_merged/chr_x/185290.14~A31.K_xL.png,/data5/chensx/MyProject/UAE/data/arrangement_merged/chr_x/185290.14~A31.K_xR.png,0,1.2884616368581627,,0.002266526222229,-0.23763135083704578,chromosome
0,0.0031976699829101,185290,185290.14~A44.K_x,X,,normal,185290.14~A44.K_xL.png,185290.14~A44.K_xR.png,train,/data5/chensx/MyProject/UAE/data/arrangement_merged/chr_x/185290.14~A44.K_xL.png,/data5/chensx/MyProject/UAE/data/arrangement_merged/chr_x/185290.14~A44.K_xR.png,0,2.5316453438292403,,0.0031976699829101,1.7197361319501512,chromosome
0,0.0028367042541503,185290,185290.14~A47.K_x,X,,normal,185290.14~A47.K_xL.png,185290.14~A47.K_xR.png,train,/data5/chensx/MyProject/UAE/data/arrangement_merged/chr_x/185290.14~A47.K_xL.png,/data5/chensx/MyProject/UAE/data/arrangement_merged/chr_x/185290.14~A47.K_xR.png,0,2.0497146992628053,,0.0028367042541503,0.9609461258202666,chromosome
0,0.0031696557998657,185290,185290.1~A31.K_x,X,,normal,185290.1~A31.K_xL.png,185290.1~A31.K_xR.png,train,/data5/chensx/MyProject/UAE/data/arrangement_merged/chr_x/185290.1~A31.K_xL.png,/data5/chensx/MyProject/UAE/data/arrangement_merged/chr_x/185290.1~A31.K_xR.png,0,2.494243196711304,,0.0031696557998657,1.6608472113952335,chromosome
0,0.0019564628601074,185290,185290.1~A32.K_x,X,,normal,185290.1~A32.K_xL.png,185290.1~A32.K_xR.png,train,/data5/chensx/MyProject/UAE/data/arrangement_merged/chr_x/185290.1~A32.K_xL.png,/data5/chensx/MyProject/UAE/data/arrangement_merged/chr_x/185290.1~A32.K_xR.png,0,0.8744914893953831,,0.0019564628601074,-0.8894189353627248,chromosome
0,0.0023349523544311,185290,185290.1~A35.K_x,X,,normal,185290.1~A35.K_xL.png,185290.1~A35.K_xR.png,train,/data5/chensx/MyProject/UAE/data/arrangement_merged/chr_x/185290.1~A35.K_xL.png,/data5/chensx/MyProject/UAE/data/arrangement_merged/chr_x/185290.1~A35.K_xR.png,0,1.3798183706696336,,0.0023349523544311,-0.0937920299921966,chromosome
0,0.003374695777893,185290,185290.2~A19.K_x,X,,normal,185290.2~A19.K_xL.png,185290.2~A19.K_xR.png,train,/data5/chensx/MyProject/UAE/data/arrangement_merged/chr_x/185290.2~A19.K_xL.png,/data5/chensx/MyProject/UAE/data/arrangement_merged/chr_x/185290.2~A19.K_xR.png,0,2.767995082000032,,0.003374695777893,2.0918639916273998,chromosome
0,0.0029886960983276,185290,185290.3~A26.K_x,X,,normal,185290.3~A26.K_xL.png,185290.3~A26.K_xR.png,train,/data5/chensx/MyProject/UAE/data/arrangement_merged/chr_x/185290.3~A26.K_xL.png,/data5/chensx/MyProject/UAE/data/arrangement_merged/chr_x/185290.3~A26.K_xR.png,0,2.252641242136717,,0.0029886960983276,1.280449843725106,chromosome
0,0.0019758343696594,185290,185290.3~A32.K_x,X,,normal,185290.3~A32.K_xL.png,185290.3~A32.K_xR.png,train,/data5/chensx/MyProject/UAE/data/arrangement_merged/chr_x/185290.3~A32.K_xL.png,/data5/chensx/MyProject/UAE/data/arrangement_merged/chr_x/185290.3~A32.K_xR.png,0,0.9003546762322542,,0.0019758343696594,-0.8486978732768328,chromosome
0,0.0032185912132263,185290,185290.4~A11.K_x,X,,normal,185290.4~A11.K_xL.png,185290.4~A11.K_xR.png,train,/data5/chensx/MyProject/UAE/data/arrangement_merged/chr_x/185290.4~A11.K_xL.png,/data5/chensx/MyProject/UAE/data/arrangement_merged/chr_x/185290.4~A11.K_xR.png,0,2.559577585613061,,0.0032185912132263,1.7637148790029997,chromosome
0,0.0026493072509765,185290,185290.4~A15.K_x,X,,normal,185290.4~A15.K_xL.png,185290.4~A15.K_xR.png,train,/data5/chensx/MyProject/UAE/data/arrangement_merged/chr_x/185290.4~A15.K_xL.png,/data5/chensx/MyProject/UAE/data/arrangement_merged/chr_x/185290.4~A15.K_xR.png,0,1.7995182087547357,,0.0026493072509765,0.5670168359801457,chromosome
0,0.0031546354293823,185290,185290.4~A18.K_x,X,,normal,185290.4~A18.K_xL.png,185290.4~A18.K_xR.png,train,/data5/chensx/MyProject/UAE/data/arrangement_merged/chr_x/185290.4~A18.K_xL.png,/data5/chensx/MyProject/UAE/data/arrangement_merged/chr_x/185290.4~A18.K_xR.png,0,2.474189279533176,,0.0031546354293823,1.6292727263317042,chromosome
0,0.002426266670227,185290,185290.4~A28.K_x,X,,normal,185290.4~A28.K_xL.png,185290.4~A28.K_xR.png,train,/data5/chensx/MyProject/UAE/data/arrangement_merged/chr_x/185290.4~A28.K_xL.png,/data5/chensx/MyProject/UAE/data/arrangement_merged/chr_x/185290.4~A28.K_xR.png,0,1.5017334544668228,,0.002426266670227,0.09816079190194063,chromosome
0,0.0026142597198486,185290,185290.4~A29.K_x,X,,normal,185290.4~A29.K_xL.png,185290.4~A29.K_xR.png,train,/data5/chensx/MyProject/UAE/data/arrangement_merged/chr_x/185290.4~A29.K_xL.png,/data5/chensx/MyProject/UAE/data/arrangement_merged/chr_x/185290.4~A29.K_xR.png,0,1.752725735339104,,0.0026142597198486,0.4933430374986473,chromosome
0,0.0023564100265502,185290,185290.4~A37.K_x,X,,normal,185290.4~A37.K_xL.png,185290.4~A37.K_xR.png,train,/data5/chensx/MyProject/UAE/data/arrangement_merged/chr_x/185290.4~A37.K_xL.png,/data5/chensx/MyProject/UAE/data/arrangement_merged/chr_x/185290.4~A37.K_xR.png,0,1.4084668237812448,,0.0023564100265502,-0.04868562275867297,chromosome
0,0.0022534132003784,185290,185290.4~A9.K_x,X,,normal,185290.4~A9.K_xL.png,185290.4~A9.K_xR.png,train,/data5/chensx/MyProject/UAE/data/arrangement_merged/chr_x/185290.4~A9.K_xL.png,/data5/chensx/MyProject/UAE/data/arrangement_merged/chr_x/185290.4~A9.K_xR.png,0,1.2709542488455117,,0.0022534132003784,-0.26519637747983565,chromosome
0,0.0030362010002136,Q250230,Q250230.11~A30.K_x,X,,normal,Q250230.11~A30.K_xL.png,Q250230.11~A30.K_xR.png,train,/data5/chensx/MyProject/UAE/data/arrangement_merged/chr_x/Q250230.11~A30.K_xL.png,/data5/chensx/MyProject/UAE/data/arrangement_merged/chr_x/Q250230.11~A30.K_xR.png,0,2.13889718090397,,0.0030362010002136,1.3803104175173182,chromosome
0,0.0016540884971618,Q250230,Q250230.12~A40.K_x,X,,normal,Q250230.12~A40.K_xL.png,Q250230.12~A40.K_xR.png,train,/data5/chensx/MyProject/UAE/data/arrangement_merged/chr_x/Q250230.12~A40.K_xL.png,/data5/chensx/MyProject/UAE/data/arrangement_merged/chr_x/Q250230.12~A40.K_xR.png,0,0.4094155426505843,,0.0016540884971618,-1.5250433906297483,chromosome
0,0.0026049613952636,Q250230,Q250230.13~A45.K_x,X,,normal,Q250230.13~A45.K_xL.png,Q250230.13~A45.K_xR.png,train,/data5/chensx/MyProject/UAE/data/arrangement_merged/chr_x/Q250230.13~A45.K_xL.png,/data5/chensx/MyProject/UAE/data/arrangement_merged/chr_x/Q250230.13~A45.K_xR.png,0,1.5992732524598072,,0.0026049613952636,0.4737969276973349,chromosome
0,0.0018572211265563,Q250230,Q250230.14~A21.K_x,X,,normal,Q250230.14~A21.K_xL.png,Q250230.14~A21.K_xR.png,train,/data5/chensx/MyProject/UAE/data/arrangement_merged/chr_x/Q250230.14~A21.K_xL.png,/data5/chensx/MyProject/UAE/data/arrangement_merged/chr_x/Q250230.14~A21.K_xR.png,0,0.6636019072860655,,0.0018572211265563,-1.0980360688183208,chromosome
0,0.0024729967117309,Q250230,Q250230.14~A43.K_x,X,,normal,Q250230.14~A43.K_xL.png,Q250230.14~A43.K_xR.png,train,/data5/chensx/MyProject/UAE/data/arrangement_merged/chr_x/Q250230.14~A43.K_xL.png,/data5/chensx/MyProject/UAE/data/arrangement_merged/chr_x/Q250230.14~A43.K_xR.png,0,1.4341416176878132,,0.0024729967117309,0.19639252321067416,chromosome
0,0.0020955801010131,Q250230,Q250230.15~A8.K_x,X,,normal,Q250230.15~A8.K_xL.png,Q250230.15~A8.K_xR.png,train,/data5/chensx/MyProject/UAE/data/arrangement_merged/chr_x/Q250230.15~A8.K_xL.png,/data5/chensx/MyProject/UAE/data/arrangement_merged/chr_x/Q250230.15~A8.K_xR.png,0,0.961868125647946,,0.0020955801010131,-0.5969790617982939,chromosome
0,0.0026264786720275,Q250230,Q250230.1~A20.K_x,X,,normal,Q250230.1~A20.K_xL.png,Q250230.1~A20.K_xR.png,train,/data5/chensx/MyProject/UAE/data/arrangement_merged/chr_x/Q250230.1~A20.K_xL.png,/data5/chensx/MyProject/UAE/data/arrangement_merged/chr_x/Q250230.1~A20.K_xR.png,0,1.6261985099813474,,0.0026264786720275,0.5190286305065586,chromosome
0,0.0031018853187561,Q250230,Q250230.2~A24.K_x,X,,normal,Q250230.2~A24.K_xL.png,Q250230.2~A24.K_xR.png,train,/data5/chensx/MyProject/UAE/data/arrangement_merged/chr_x/Q250230.2~A24.K_xL.png,/data5/chensx/MyProject/UAE/data/arrangement_merged/chr_x/Q250230.2~A24.K_xR.png,0,2.2210900722855134,,0.0031018853187561,1.5183861418824605,chromosome
0,0.0030365586280822,Q250230,Q250230.2~A27.K_x,X,,normal,Q250230.2~A27.K_xL.png,Q250230.2~A27.K_xR.png,train,/data5/chensx/MyProject/UAE/data/arrangement_merged/chr_x/Q250230.2~A27.K_xL.png,/data5/chensx/MyProject/UAE/data/arrangement_merged/chr_x/Q250230.2~A27.K_xR.png,0,2.139344692109314,,0.0030365586280822,1.3810621909711014,chromosome
0,0.0025736093521118,Q250230,Q250230.2~A38.K_x,X,,normal,Q250230.2~A38.K_xL.png,Q250230.2~A38.K_xR.png,train,/data5/chensx/MyProject/UAE/data/arrangement_merged/chr_x/Q250230.2~A38.K_xL.png,/data5/chensx/MyProject/UAE/data/arrangement_merged/chr_x/Q250230.2~A38.K_xR.png,0,1.5600414367913027,,0.0025736093521118,0.4078914549061238,chromosome
0,0.002719759941101,Q250230,Q250230.4~A35.K_x,X,,normal,Q250230.4~A35.K_xL.png,Q250230.4~A35.K_xR.png,train,/data5/chensx/MyProject/UAE/data/arrangement_merged/chr_x/Q250230.4~A35.K_xL.png,/data5/chensx/MyProject/UAE/data/arrangement_merged/chr_x/Q250230.4~A35.K_xR.png,0,1.7429243493752815,,0.002719759941101,0.7151162063971354,chromosome
0,0.0032687187194824,Q250230,Q250230.5~A21.K_x,X,,normal,Q250230.5~A21.K_xL.png,Q250230.5~A21.K_xR.png,train,/data5/chensx/MyProject/UAE/data/arrangement_merged/chr_x/Q250230.5~A21.K_xL.png,/data5/chensx/MyProject/UAE/data/arrangement_merged/chr_x/Q250230.5~A21.K_xR.png,0,2.4298540495785628,,0.0032687187194824,1.8690884581237277,chromosome
0,0.0018380284309387,Q250230,Q250230.5~A42.K_x,X,,normal,Q250230.5~A42.K_xL.png,Q250230.5~A42.K_xR.png,train,/data5/chensx/MyProject/UAE/data/arrangement_merged/chr_x/Q250230.5~A42.K_xL.png,/data5/chensx/MyProject/UAE/data/arrangement_merged/chr_x/Q250230.5~A42.K_xR.png,0,0.6395854725992624,,0.0018380284309387,-1.138381244177111,chromosome
0,0.0031298398971557,Q250230,Q250230.5~A46.K_x,X,,normal,Q250230.5~A46.K_xL.png,Q250230.5~A46.K_xR.png,train,/data5/chensx/MyProject/UAE/data/arrangement_merged/chr_x/Q250230.5~A46.K_xL.png,/data5/chensx/MyProject/UAE/data/arrangement_merged/chr_x/Q250230.5~A46.K_xR.png,0,2.2560705315032483,,0.0031298398971557,1.577149766861678,chromosome
0,0.0024173259735107,Q250230,Q250230.5~A5.K_x,X,,normal,Q250230.5~A5.K_xL.png,Q250230.5~A5.K_xR.png,train,/data5/chensx/MyProject/UAE/data/arrangement_merged/chr_x/Q250230.5~A5.K_xL.png,/data5/chensx/MyProject/UAE/data/arrangement_merged/chr_x/Q250230.5~A5.K_xR.png,0,1.364479040055906,,0.0024173259735107,0.07936645555462202,chromosome
0,0.001469612121582,Q250230,Q250230.5~A6.K_x,X,,normal,Q250230.5~A6.K_xL.png,Q250230.5~A6.K_xR.png,train,/data5/chensx/MyProject/UAE/data/arrangement_merged/chr_x/Q250230.5~A6.K_xL.png,/data5/chensx/MyProject/UAE/data/arrangement_merged/chr_x/Q250230.5~A6.K_xR.png,0,0.1785743458938899,,0.001469612121582,-1.9128331972630601,chromosome
