config_path: configs/local_pair_resnet18_weighted_ce.yaml
experiment_name: local_pair_resnet18_weighted_ce_fold_2
save_dir: /data5/chensx/MyProject/chromosome_abnormality_new/outputs/experiments/local_pair_resnet18_weighted_ce_fold_2
best_model_path: /data5/chensx/MyProject/chromosome_abnormality_new/outputs/experiments/local_pair_resnet18_weighted_ce_fold_2/best_model.pth
best_model_metric: auprc
best_model_metric_value: 0.08913859890719748
best_threshold: 0.9500000000000001
best_threshold_score: 0.14595660749506903
best_threshold_stats:
  precision: 0.10164835164835165
  recall: 0.25874125874125875
  f1: 0.14595660749506903
val_metrics_05:
  auroc: 0.6027095062182781
  auprc: 0.08913859890719748
  f1: 0.11599625818521983
  precision_abnormal: 0.06695464362850972
  recall_abnormal: 0.43356643356643354
  balanced_acc: 0.5764323395902343
  confusion_matrix:
    tn: 2214
    fp: 864
    fn: 81
    tp: 62
  normal:
    acc: 0.7192982456140351
    precision: 0.9647058823529412
    recall: 0.7192982456140351
    f1: 0.8241206030150753
    support: 3078
  abnormal:
    acc: 0.43356643356643354
    precision: 0.06695464362850972
    recall: 0.43356643356643354
    f1: 0.11599625818521983
    support: 143
  loss: 1.0852825180117072
test_metrics_05:
  auroc: 0.6106626553643419
  auprc: 0.17227761138202274
  f1: 0.10119595216191352
  precision_abnormal: 0.0582010582010582
  recall_abnormal: 0.3873239436619718
  balanced_acc: 0.5467487991667402
  confusion_matrix:
    tn: 2139
    fp: 890
    fn: 87
    tp: 55
  normal:
    acc: 0.7061736546715087
    precision: 0.9609164420485176
    recall: 0.7061736546715087
    f1: 0.814081826831589
    support: 3029
  abnormal:
    acc: 0.3873239436619718
    precision: 0.0582010582010582
    recall: 0.3873239436619718
    f1: 0.10119595216191352
    support: 142
  loss: 1.0946975118615432
test_metrics_best:
  auroc: 0.6106626553643419
  auprc: 0.17227761138202274
  f1: 0.11610486891385767
  precision_abnormal: 0.07908163265306123
  recall_abnormal: 0.21830985915492956
  balanced_acc: 0.5495643056091584
  confusion_matrix:
    tn: 2668
    fp: 361
    fn: 111
    tp: 31
  normal:
    acc: 0.8808187520633872
    precision: 0.9600575746671465
    recall: 0.8808187520633872
    f1: 0.918732782369146
    support: 3029
  abnormal:
    acc: 0.21830985915492956
    precision: 0.07908163265306123
    recall: 0.21830985915492956
    f1: 0.11610486891385767
    support: 142
  loss: 1.0946975118615432
