experiment_mode: classifier
config_path: configs/n1_nonpair_case_isolated_v1_resnet50_chrid_weighted_ce.yaml
experiment_name: n1_nonpair_case_isolated_v1_resnet50_chrid_weighted_ce
save_dir: outputs/experiments/n1_nonpair_case_isolated_v1_resnet50_chrid_weighted_ce
best_model_path: outputs/experiments/n1_nonpair_case_isolated_v1_resnet50_chrid_weighted_ce/best_model.pth
best_model_metric: auprc
best_model_metric_value: 0.31923358003864816
best_threshold: 0.08040201005025126
best_threshold_score: 0.4084507042253522
best_threshold_stats:
  precision: 0.7435897435897436
  recall: 0.2815533980582524
  f1: 0.4084507042253522
  balanced_acc: 0.6396979503775619
val_metrics_05:
  auroc: 0.7087347220913061
  auprc: 0.31923358003864816
  f1: 0.393939393939394
  precision_abnormal: 0.896551724137931
  recall_abnormal: 0.2524271844660194
  balanced_acc: 0.6258899676375405
  confusion_matrix:
    tn: 4632
    fp: 3
    fn: 77
    tp: 26
  normal:
    acc: 0.9993527508090615
    precision: 0.9836483329794011
    recall: 0.9993527508090615
    f1: 0.9914383561643836
    support: 4635
  abnormal:
    acc: 0.2524271844660194
    precision: 0.896551724137931
    recall: 0.2524271844660194
    f1: 0.393939393939394
    support: 103
  loss: 5.853900708910074
test_metrics_05:
  auroc: 0.5140018902038133
  auprc: 0.11088826711203999
  f1: 0.13913043478260873
  precision_abnormal: 0.7272727272727273
  recall_abnormal: 0.07692307692307693
  balanced_acc: 0.5381410256410256
  confusion_matrix:
    tn: 4677
    fp: 3
    fn: 96
    tp: 8
  normal:
    acc: 0.9993589743589744
    precision: 0.9798868636077939
    recall: 0.9993589743589744
    f1: 0.9895271342430975
    support: 4680
  abnormal:
    acc: 0.07692307692307693
    precision: 0.7272727272727273
    recall: 0.07692307692307693
    f1: 0.13913043478260873
    support: 104
  loss: 10.826015738403422
test_metrics_best:
  auroc: 0.5140018902038133
  auprc: 0.11088826711203999
  f1: 0.13333333333333336
  precision_abnormal: 0.5
  recall_abnormal: 0.07692307692307693
  balanced_acc: 0.5376068376068376
  confusion_matrix:
    tn: 4672
    fp: 8
    fn: 96
    tp: 8
  normal:
    acc: 0.9982905982905983
    precision: 0.9798657718120806
    recall: 0.9982905982905983
    f1: 0.9889923793395428
    support: 4680
  abnormal:
    acc: 0.07692307692307693
    precision: 0.5
    recall: 0.07692307692307693
    f1: 0.13333333333333336
    support: 104
  loss: 10.826015738403422
