config_path: configs/local_pair_resnet18_weighted_ce.yaml
experiment_name: local_pair_resnet18_weighted_ce_fold_1
save_dir: /data5/chensx/MyProject/chromosome_abnormality_new/outputs/experiments/local_pair_resnet18_weighted_ce_fold_1
best_model_path: /data5/chensx/MyProject/chromosome_abnormality_new/outputs/experiments/local_pair_resnet18_weighted_ce_fold_1/best_model.pth
best_model_metric: auprc
best_model_metric_value: 0.16439242724713074
best_threshold: 0.19
best_threshold_score: 0.22314049586776863
best_threshold_stats:
  precision: 0.27
  recall: 0.19014084507042253
  f1: 0.22314049586776863
val_metrics_05:
  auroc: 0.6699673112959699
  auprc: 0.16439242724713074
  f1: 0.1868131868131868
  precision_abnormal: 0.425
  recall_abnormal: 0.11971830985915492
  balanced_acc: 0.5560625223775801
  confusion_matrix:
    tn: 3006
    fp: 23
    fn: 125
    tp: 17
  normal:
    acc: 0.9924067348960053
    precision: 0.960076652826573
    recall: 0.9924067348960053
    f1: 0.9759740259740259
    support: 3029
  abnormal:
    acc: 0.11971830985915492
    precision: 0.425
    recall: 0.11971830985915492
    f1: 0.1868131868131868
    support: 142
  loss: 0.7840755945949741
test_metrics_05:
  auroc: 0.7150774416866241
  auprc: 0.10670654678672323
  f1: 0.034482758620689655
  precision_abnormal: 0.08571428571428572
  recall_abnormal: 0.02158273381294964
  balanced_acc: 0.5054968599574344
  confusion_matrix:
    tn: 2990
    fp: 32
    fn: 136
    tp: 3
  normal:
    acc: 0.9894109861019192
    precision: 0.9564939219449776
    recall: 0.9894109861019192
    f1: 0.9726740403383214
    support: 3022
  abnormal:
    acc: 0.02158273381294964
    precision: 0.08571428571428572
    recall: 0.02158273381294964
    f1: 0.034482758620689655
    support: 139
  loss: 0.8148317358155146
test_metrics_best:
  auroc: 0.7150774416866241
  auprc: 0.10670654678672323
  f1: 0.10212765957446808
  precision_abnormal: 0.125
  recall_abnormal: 0.08633093525179857
  balanced_acc: 0.5292673868846682
  confusion_matrix:
    tn: 2938
    fp: 84
    fn: 127
    tp: 12
  normal:
    acc: 0.972203838517538
    precision: 0.9585644371941272
    recall: 0.972203838517538
    f1: 0.9653359618859866
    support: 3022
  abnormal:
    acc: 0.08633093525179857
    precision: 0.125
    recall: 0.08633093525179857
    f1: 0.10212765957446808
    support: 139
  loss: 0.8148317358155146
