config_path: configs/local_global_pair_resnet18_chrid_mixstyle_weighted_ce.yaml
experiment_name: local_global_pair_resnet18_chrid_mixstyle_weighted_ce_fold_0
save_dir: /data5/chensx/MyProject/chromosome_abnormality_new/outputs/experiments/local_global_pair_resnet18_chrid_mixstyle_weighted_ce_fold_0
best_model_path: /data5/chensx/MyProject/chromosome_abnormality_new/outputs/experiments/local_global_pair_resnet18_chrid_mixstyle_weighted_ce_fold_0/best_model.pth
best_model_metric: auprc
best_model_metric_value: 0.25931461987292914
best_threshold: 0.98
best_threshold_score: 0.3139534883720931
best_threshold_stats:
  precision: 0.8181818181818182
  recall: 0.19424460431654678
  f1: 0.3139534883720931
val_metrics_05:
  auroc: 0.5201115084107433
  auprc: 0.25931461987292914
  f1: 0.3010752688172043
  precision_abnormal: 0.5957446808510638
  recall_abnormal: 0.2014388489208633
  balanced_acc: 0.5975758109594389
  confusion_matrix:
    tn: 3003
    fp: 19
    fn: 111
    tp: 28
  normal:
    acc: 0.9937127729980145
    precision: 0.964354527938343
    recall: 0.9937127729980145
    f1: 0.978813559322034
    support: 3022
  abnormal:
    acc: 0.2014388489208633
    precision: 0.5957446808510638
    recall: 0.2014388489208633
    f1: 0.3010752688172043
    support: 139
  loss: 2.1998678941028627
test_metrics_05:
  auroc: 0.7252350530376085
  auprc: 0.2710260037125593
  f1: 0.31182795698924726
  precision_abnormal: 0.58
  recall_abnormal: 0.21323529411764705
  balanced_acc: 0.6037487945998071
  confusion_matrix:
    tn: 3639
    fp: 21
    fn: 107
    tp: 29
  normal:
    acc: 0.9942622950819672
    precision: 0.9714361986118526
    recall: 0.9942622950819672
    f1: 0.9827167161760734
    support: 3660
  abnormal:
    acc: 0.21323529411764705
    precision: 0.58
    recall: 0.21323529411764705
    f1: 0.31182795698924726
    support: 136
  loss: 1.8725536872247122
test_metrics_best:
  auroc: 0.7252350530376085
  auprc: 0.2710260037125593
  f1: 0.2696629213483146
  precision_abnormal: 0.5714285714285714
  recall_abnormal: 0.17647058823529413
  balanced_acc: 0.5857762777242044
  confusion_matrix:
    tn: 3642
    fp: 18
    fn: 112
    tp: 24
  normal:
    acc: 0.9950819672131147
    precision: 0.97016515716569
    recall: 0.9950819672131147
    f1: 0.9824656056110062
    support: 3660
  abnormal:
    acc: 0.17647058823529413
    precision: 0.5714285714285714
    recall: 0.17647058823529413
    f1: 0.2696629213483146
    support: 136
  loss: 1.8725536872247122
