config_path: configs/baseline_pair_resnet18_chrid_weighted_ce.yaml
experiment_name: baseline_pair_resnet18_chrid_weighted_ce_fold_1
save_dir: /data5/chensx/MyProject/chromosome_abnormality_new/outputs/experiments/baseline_pair_resnet18_chrid_weighted_ce_fold_1
best_model_path: /data5/chensx/MyProject/chromosome_abnormality_new/outputs/experiments/baseline_pair_resnet18_chrid_weighted_ce_fold_1/best_model.pth
best_model_metric: auprc
best_model_metric_value: 0.14691920805073894
best_threshold: 0.28
best_threshold_score: 0.2176165803108808
best_threshold_stats:
  precision: 0.4117647058823529
  recall: 0.14788732394366197
  f1: 0.2176165803108808
val_metrics_05:
  auroc: 0.4275942880790852
  auprc: 0.14691920805073894
  f1: 0.19653179190751446
  precision_abnormal: 0.5483870967741935
  recall_abnormal: 0.11971830985915492
  balanced_acc: 0.5575481612022747
  confusion_matrix:
    tn: 3015
    fp: 14
    fn: 125
    tp: 17
  normal:
    acc: 0.9953780125453945
    precision: 0.9601910828025477
    recall: 0.9953780125453945
    f1: 0.977467985086724
    support: 3029
  abnormal:
    acc: 0.11971830985915492
    precision: 0.5483870967741935
    recall: 0.11971830985915492
    f1: 0.19653179190751446
    support: 142
  loss: 1.3025637098533127
test_metrics_05:
  auroc: 0.5734541420470506
  auprc: 0.11515014732603496
  f1: 0.11976047904191617
  precision_abnormal: 0.35714285714285715
  recall_abnormal: 0.07194244604316546
  balanced_acc: 0.5329930628627475
  confusion_matrix:
    tn: 3004
    fp: 18
    fn: 129
    tp: 10
  normal:
    acc: 0.9940436796823295
    precision: 0.9588254069581871
    recall: 0.9940436796823295
    f1: 0.9761169780666125
    support: 3022
  abnormal:
    acc: 0.07194244604316546
    precision: 0.35714285714285715
    recall: 0.07194244604316546
    f1: 0.11976047904191617
    support: 139
  loss: 1.1915469457740386
test_metrics_best:
  auroc: 0.5734541420470506
  auprc: 0.11515014732603496
  f1: 0.14054054054054055
  precision_abnormal: 0.2826086956521739
  recall_abnormal: 0.09352517985611511
  balanced_acc: 0.5413026296368597
  confusion_matrix:
    tn: 2989
    fp: 33
    fn: 126
    tp: 13
  normal:
    acc: 0.9890800794176042
    precision: 0.9595505617977528
    recall: 0.9890800794176042
    f1: 0.9740915756884472
    support: 3022
  abnormal:
    acc: 0.09352517985611511
    precision: 0.2826086956521739
    recall: 0.09352517985611511
    f1: 0.14054054054054055
    support: 139
  loss: 1.1915469457740386
