config_path: configs/local_global_pair_resnet18_chrid_weighted_ce.yaml
experiment_name: local_global_pair_resnet18_chrid_weighted_ce_fold_4
save_dir: /data5/chensx/MyProject/chromosome_abnormality_new/outputs/experiments/local_global_pair_resnet18_chrid_weighted_ce_fold_4
best_model_path: /data5/chensx/MyProject/chromosome_abnormality_new/outputs/experiments/local_global_pair_resnet18_chrid_weighted_ce_fold_4/best_model.pth
best_model_metric: auprc
best_model_metric_value: 0.33300607834529716
best_threshold: 0.32
best_threshold_score: 0.42
best_threshold_stats:
  precision: 0.65625
  recall: 0.3088235294117647
  f1: 0.42
val_metrics_05:
  auroc: 0.5636571841851494
  auprc: 0.33300607834529716
  f1: 0.4060913705583757
  precision_abnormal: 0.6557377049180327
  recall_abnormal: 0.29411764705882354
  balanced_acc: 0.6441899710703953
  confusion_matrix:
    tn: 3639
    fp: 21
    fn: 96
    tp: 40
  normal:
    acc: 0.9942622950819672
    precision: 0.97429718875502
    recall: 0.9942622950819672
    f1: 0.9841784989858011
    support: 3660
  abnormal:
    acc: 0.29411764705882354
    precision: 0.6557377049180327
    recall: 0.29411764705882354
    f1: 0.4060913705583757
    support: 136
  loss: 1.7715848938054606
test_metrics_05:
  auroc: 0.5837244142063749
  auprc: 0.1730947751298926
  f1: 0.22222222222222224
  precision_abnormal: 0.5757575757575758
  recall_abnormal: 0.13768115942028986
  balanced_acc: 0.5668417219145995
  confusion_matrix:
    tn: 3488
    fp: 14
    fn: 119
    tp: 19
  normal:
    acc: 0.9960022844089091
    precision: 0.9670085943997782
    recall: 0.9960022844089091
    f1: 0.9812913208608806
    support: 3502
  abnormal:
    acc: 0.13768115942028986
    precision: 0.5757575757575758
    recall: 0.13768115942028986
    f1: 0.22222222222222224
    support: 138
  loss: 2.3380869920437153
test_metrics_best:
  auroc: 0.5837244142063749
  auprc: 0.1730947751298926
  f1: 0.21714285714285714
  precision_abnormal: 0.5135135135135135
  recall_abnormal: 0.13768115942028986
  balanced_acc: 0.5662706196873009
  confusion_matrix:
    tn: 3484
    fp: 18
    fn: 119
    tp: 19
  normal:
    acc: 0.9948600799543118
    precision: 0.9669719678046073
    recall: 0.9948600799543118
    f1: 0.9807178043631246
    support: 3502
  abnormal:
    acc: 0.13768115942028986
    precision: 0.5135135135135135
    recall: 0.13768115942028986
    f1: 0.21714285714285714
    support: 138
  loss: 2.3380869920437153
