experiment_mode: classifier
config_path: configs/p2_pair_case_isolated_v1_local_global_resnet18_chrid_balanced_supcon.yaml
experiment_name: p2_pair_case_isolated_v1_local_global_resnet18_chrid_balanced_supcon
save_dir: outputs/experiments/p2_pair_case_isolated_v1_local_global_resnet18_chrid_balanced_supcon
best_model_path: outputs/experiments/p2_pair_case_isolated_v1_local_global_resnet18_chrid_balanced_supcon/best_model.pth
best_model_metric: auprc
best_model_metric_value: 0.5430961425838128
best_threshold: 0.24690850440590598
best_threshold_score: 0.5443786982248521
best_threshold_stats:
  precision: 0.696969696969697
  recall: 0.44660194174757284
  f1: 0.5443786982248521
  balanced_acc: 0.7188683467603112
val_metrics_05:
  auroc: 0.7821128554706328
  auprc: 0.5430961425838128
  f1: 0.5283018867924528
  precision_abnormal: 0.75
  recall_abnormal: 0.4077669902912621
  balanced_acc: 0.7007806582661984
  confusion_matrix:
    tn: 2242
    fp: 14
    fn: 61
    tp: 42
  normal:
    acc: 0.9937943262411347
    precision: 0.9735128093790708
    recall: 0.9937943262411347
    f1: 0.9835490239087519
    support: 2256
  abnormal:
    acc: 0.4077669902912621
    precision: 0.75
    recall: 0.4077669902912621
    f1: 0.5283018867924528
    support: 103
  loss: 1.9486798011635056
test_metrics_05:
  auroc: 0.4121107955529387
  auprc: 0.13948221267130487
  f1: 0.183206106870229
  precision_abnormal: 0.4444444444444444
  recall_abnormal: 0.11538461538461539
  balanced_acc: 0.5543154504208083
  confusion_matrix:
    tn: 2206
    fp: 15
    fn: 92
    tp: 12
  normal:
    acc: 0.9932462854570013
    precision: 0.9599651871192341
    recall: 0.9932462854570013
    f1: 0.9763221951759238
    support: 2221
  abnormal:
    acc: 0.11538461538461539
    precision: 0.4444444444444444
    recall: 0.11538461538461539
    f1: 0.183206106870229
    support: 104
  loss: 3.242299500844812
test_metrics_best:
  auroc: 0.4121107955529387
  auprc: 0.13948221267130487
  f1: 0.18705035971223022
  precision_abnormal: 0.37142857142857144
  recall_abnormal: 0.125
  balanced_acc: 0.557547276001801
  confusion_matrix:
    tn: 2199
    fp: 22
    fn: 91
    tp: 13
  normal:
    acc: 0.990094552003602
    precision: 0.9602620087336244
    recall: 0.990094552003602
    f1: 0.9749501219241853
    support: 2221
  abnormal:
    acc: 0.125
    precision: 0.37142857142857144
    recall: 0.125
    f1: 0.18705035971223022
    support: 104
  loss: 3.242299500844812
