experiment_mode: classifier
config_path: configs/p10_pair_case_isolated_v1_correspondence_interval_resnet18_pair_structured.yaml
experiment_name: p10_pair_case_isolated_v1_correspondence_interval_resnet18_pair_structured
save_dir: outputs/experiments/p10_pair_case_isolated_v1_correspondence_interval_resnet18_pair_structured
best_model_path: outputs/experiments/p10_pair_case_isolated_v1_correspondence_interval_resnet18_pair_structured/best_model.pth
best_model_metric: auprc
best_model_metric_value: 0.5491713092343589
best_threshold: 0.8994689030687871
best_threshold_score: 0.5751633986928105
best_threshold_stats:
  precision: 0.88
  recall: 0.42718446601941745
  f1: 0.5751633986928105
  balanced_acc: 0.7122624457756662
val_metrics_05:
  auroc: 0.8443288232458859
  auprc: 0.5491713092343589
  f1: 0.5508982035928144
  precision_abnormal: 0.71875
  recall_abnormal: 0.44660194174757284
  balanced_acc: 0.7193116091716587
  confusion_matrix:
    tn: 2238
    fp: 18
    fn: 57
    tp: 46
  normal:
    acc: 0.9920212765957447
    precision: 0.9751633986928104
    recall: 0.9920212765957447
    f1: 0.983520105471325
    support: 2256
  abnormal:
    acc: 0.44660194174757284
    precision: 0.71875
    recall: 0.44660194174757284
    f1: 0.5508982035928144
    support: 103
  loss: 1.1359824790551607
test_metrics_05:
  auroc: 0.47411509022269943
  auprc: 0.198326666791891
  f1: 0.2285714285714286
  precision_abnormal: 0.4444444444444444
  recall_abnormal: 0.15384615384615385
  balanced_acc: 0.5724206005610779
  confusion_matrix:
    tn: 2201
    fp: 20
    fn: 88
    tp: 16
  normal:
    acc: 0.9909950472760019
    precision: 0.9615552643075579
    recall: 0.9909950472760019
    f1: 0.9760532150776052
    support: 2221
  abnormal:
    acc: 0.15384615384615385
    precision: 0.4444444444444444
    recall: 0.15384615384615385
    f1: 0.2285714285714286
    support: 104
  loss: 1.3095335379555342
test_metrics_best:
  auroc: 0.47411509022269943
  auprc: 0.198326666791891
  f1: 0.25
  precision_abnormal: 0.6666666666666666
  recall_abnormal: 0.15384615384615385
  balanced_acc: 0.5751220863782773
  confusion_matrix:
    tn: 2213
    fp: 8
    fn: 88
    tp: 16
  normal:
    acc: 0.9963980189104007
    precision: 0.9617557583659279
    recall: 0.9963980189104007
    f1: 0.9787704555506413
    support: 2221
  abnormal:
    acc: 0.15384615384615385
    precision: 0.6666666666666666
    recall: 0.15384615384615385
    f1: 0.25
    support: 104
  loss: 1.3095335379555342
