config_path: configs/local_global_pair_resnet18_chrid_balanced_supcon.yaml
experiment_name: local_global_pair_resnet18_chrid_balanced_supcon_fold_0
save_dir: /data5/chensx/MyProject/chromosome_abnormality_new/outputs/experiments/local_global_pair_resnet18_chrid_balanced_supcon_fold_0
best_model_path: /data5/chensx/MyProject/chromosome_abnormality_new/outputs/experiments/local_global_pair_resnet18_chrid_balanced_supcon_fold_0/best_model.pth
best_model_metric: auprc
best_model_metric_value: 0.2547580424304728
best_threshold: 0.19
best_threshold_score: 0.3568075117370892
best_threshold_stats:
  precision: 0.5135135135135135
  recall: 0.2733812949640288
  f1: 0.3568075117370892
val_metrics_05:
  auroc: 0.4190659385132529
  auprc: 0.2547580424304728
  f1: 0.33663366336633666
  precision_abnormal: 0.5396825396825397
  recall_abnormal: 0.2446043165467626
  balanced_acc: 0.6175040113508135
  confusion_matrix:
    tn: 2993
    fp: 29
    fn: 105
    tp: 34
  normal:
    acc: 0.9904037061548643
    precision: 0.9661071659134925
    recall: 0.9904037061548643
    f1: 0.9781045751633987
    support: 3022
  abnormal:
    acc: 0.2446043165467626
    precision: 0.5396825396825397
    recall: 0.2446043165467626
    f1: 0.33663366336633666
    support: 139
  loss: 2.6799431797523585
test_metrics_05:
  auroc: 0.5954586547733848
  auprc: 0.2691048302699363
  f1: 0.35454545454545455
  precision_abnormal: 0.4642857142857143
  recall_abnormal: 0.2867647058823529
  balanced_acc: 0.6372348119575699
  confusion_matrix:
    tn: 3615
    fp: 45
    fn: 97
    tp: 39
  normal:
    acc: 0.9877049180327869
    precision: 0.9738685344827587
    recall: 0.9877049180327869
    f1: 0.980737927292458
    support: 3660
  abnormal:
    acc: 0.2867647058823529
    precision: 0.4642857142857143
    recall: 0.2867647058823529
    f1: 0.35454545454545455
    support: 136
  loss: 2.502694239480729
test_metrics_best:
  auroc: 0.5954586547733848
  auprc: 0.2691048302699363
  f1: 0.33898305084745767
  precision_abnormal: 0.4
  recall_abnormal: 0.29411764705882354
  balanced_acc: 0.6388621022179364
  confusion_matrix:
    tn: 3600
    fp: 60
    fn: 96
    tp: 40
  normal:
    acc: 0.9836065573770492
    precision: 0.974025974025974
    recall: 0.9836065573770492
    f1: 0.9787928221859706
    support: 3660
  abnormal:
    acc: 0.29411764705882354
    precision: 0.4
    recall: 0.29411764705882354
    f1: 0.33898305084745767
    support: 136
  loss: 2.502694239480729
