config_path: configs/baseline_pair_resnet18_chrid_weighted_ce.yaml
experiment_name: baseline_pair_resnet18_chrid_weighted_ce_fold_2
save_dir: /data5/chensx/MyProject/chromosome_abnormality_new/outputs/experiments/baseline_pair_resnet18_chrid_weighted_ce_fold_2
best_model_path: /data5/chensx/MyProject/chromosome_abnormality_new/outputs/experiments/baseline_pair_resnet18_chrid_weighted_ce_fold_2/best_model.pth
best_model_metric: auprc
best_model_metric_value: 0.07296499754605575
best_threshold: 0.03
best_threshold_score: 0.10526315789473684
best_threshold_stats:
  precision: 0.08203125
  recall: 0.14685314685314685
  f1: 0.10526315789473684
val_metrics_05:
  auroc: 0.5293794899058057
  auprc: 0.07296499754605575
  f1: 0.050314465408805034
  precision_abnormal: 0.25
  recall_abnormal: 0.027972027972027972
  balanced_acc: 0.5120366962472226
  confusion_matrix:
    tn: 3066
    fp: 12
    fn: 139
    tp: 4
  normal:
    acc: 0.9961013645224172
    precision: 0.9566302652106085
    recall: 0.9961013645224172
    f1: 0.9759668947954798
    support: 3078
  abnormal:
    acc: 0.027972027972027972
    precision: 0.25
    recall: 0.027972027972027972
    f1: 0.050314465408805034
    support: 143
  loss: 1.413807748304839
test_metrics_05:
  auroc: 0.5542851031577382
  auprc: 0.1692503072748036
  f1: 0.18497109826589597
  precision_abnormal: 0.5161290322580645
  recall_abnormal: 0.11267605633802817
  balanced_acc: 0.5538619634611898
  confusion_matrix:
    tn: 3014
    fp: 15
    fn: 126
    tp: 16
  normal:
    acc: 0.9950478705843513
    precision: 0.9598726114649682
    recall: 0.9950478705843513
    f1: 0.9771437834332954
    support: 3029
  abnormal:
    acc: 0.11267605633802817
    precision: 0.5161290322580645
    recall: 0.11267605633802817
    f1: 0.18497109826589597
    support: 142
  loss: 1.2079743410427464
test_metrics_best:
  auroc: 0.5542851031577382
  auprc: 0.1692503072748036
  f1: 0.171875
  precision_abnormal: 0.13636363636363635
  recall_abnormal: 0.2323943661971831
  balanced_acc: 0.5816973481695721
  confusion_matrix:
    tn: 2820
    fp: 209
    fn: 109
    tp: 33
  normal:
    acc: 0.931000330141961
    precision: 0.9627859337657904
    recall: 0.931000330141961
    f1: 0.9466263846928499
    support: 3029
  abnormal:
    acc: 0.2323943661971831
    precision: 0.13636363636363635
    recall: 0.2323943661971831
    f1: 0.171875
    support: 142
  loss: 1.2079743410427464
