config_path: configs/local_pair_resnet18_weighted_ce.yaml
experiment_name: local_pair_resnet18_weighted_ce_fold_3
save_dir: /data5/chensx/MyProject/chromosome_abnormality_new/outputs/experiments/local_pair_resnet18_weighted_ce_fold_3
best_model_path: /data5/chensx/MyProject/chromosome_abnormality_new/outputs/experiments/local_pair_resnet18_weighted_ce_fold_3/best_model.pth
best_model_metric: auprc
best_model_metric_value: 0.15776101815959312
best_threshold: 0.46
best_threshold_score: 0.19428571428571428
best_threshold_stats:
  precision: 0.4594594594594595
  recall: 0.12318840579710146
  f1: 0.19428571428571428
val_metrics_05:
  auroc: 0.6335096301078472
  auprc: 0.15776101815959312
  f1: 0.18713450292397663
  precision_abnormal: 0.48484848484848486
  recall_abnormal: 0.11594202898550725
  balanced_acc: 0.5555438300267342
  confusion_matrix:
    tn: 3485
    fp: 17
    fn: 122
    tp: 16
  normal:
    acc: 0.9951456310679612
    precision: 0.9661768782922096
    recall: 0.9951456310679612
    f1: 0.9804473202982135
    support: 3502
  abnormal:
    acc: 0.11594202898550725
    precision: 0.48484848484848486
    recall: 0.11594202898550725
    f1: 0.18713450292397663
    support: 138
  loss: 0.7316231156443501
test_metrics_05:
  auroc: 0.5574753381770926
  auprc: 0.06248372029471083
  f1: 0.025974025974025972
  precision_abnormal: 0.18181818181818182
  recall_abnormal: 0.013986013986013986
  balanced_acc: 0.5055310186889135
  confusion_matrix:
    tn: 3069
    fp: 9
    fn: 141
    tp: 2
  normal:
    acc: 0.9970760233918129
    precision: 0.9560747663551402
    recall: 0.9970760233918129
    f1: 0.976145038167939
    support: 3078
  abnormal:
    acc: 0.013986013986013986
    precision: 0.18181818181818182
    recall: 0.013986013986013986
    f1: 0.025974025974025972
    support: 143
  loss: 0.9892162338098137
test_metrics_best:
  auroc: 0.5574753381770926
  auprc: 0.06248372029471083
  f1: 0.02531645569620253
  precision_abnormal: 0.13333333333333333
  recall_abnormal: 0.013986013986013986
  balanced_acc: 0.5048812461093163
  confusion_matrix:
    tn: 3065
    fp: 13
    fn: 141
    tp: 2
  normal:
    acc: 0.9957764782326186
    precision: 0.956019962570181
    recall: 0.9957764782326186
    f1: 0.975493316359007
    support: 3078
  abnormal:
    acc: 0.013986013986013986
    precision: 0.13333333333333333
    recall: 0.013986013986013986
    f1: 0.02531645569620253
    support: 143
  loss: 0.9892162338098137
