experiment_mode: multi_prototype_metric
config_path: configs/local_global_pair_resnet18_chrid_multi_prototype_metric.yaml
experiment_name: local_global_pair_resnet18_chrid_multi_prototype_metric
save_dir: /data5/chensx/MyProject/chromosome_abnormality_new/outputs/experiments/local_global_pair_resnet18_chrid_multi_prototype_metric
best_model_path: /data5/chensx/MyProject/chromosome_abnormality_new/outputs/experiments/local_global_pair_resnet18_chrid_multi_prototype_metric/best_model.pth
best_model_metric: auprc
best_model_metric_value: 0.35556127497176776
best_threshold: 0.10101808016024644
best_threshold_score: 0.41290322580645167
best_threshold_stats:
  precision: 0.36363636363636365
  recall: 0.47761194029850745
  f1: 0.41290322580645167
  balanced_acc: 0.7189054726368159
model_settings:
  num_prototypes: 4
  prototype_distance: cosine
  normalize_prototype_embedding: true
loss_settings:
  name: ce
  class_weights:
  - 1.0
  - 20.0
  focal_gamma: 2.0
  metric:
    cls_weight: 0.5
    normal_weight: 1.0
    abnormal_weight: 1.0
    abnormal_margin: 0.35
    diversity_weight: 0.05
    diversity_margin: 0.2
val_metrics_05:
  auroc: 0.8916717054386915
  auprc: 0.35556127497176776
  f1: 0.17721518987341772
  precision_abnormal: 0.5833333333333334
  recall_abnormal: 0.1044776119402985
  balanced_acc: 0.5504619758351101
  confusion_matrix:
    tn: 1402
    fp: 5
    fn: 60
    tp: 7
  normal:
    acc: 0.9964463397299218
    precision: 0.9589603283173734
    recall: 0.9964463397299218
    f1: 0.9773440223074242
    support: 1407
  abnormal:
    acc: 0.1044776119402985
    precision: 0.5833333333333334
    recall: 0.1044776119402985
    f1: 0.17721518987341772
    support: 67
  loss: 1.012562100243536
test_metrics_05:
  auroc: 0.7320847012908245
  auprc: 0.17940685107011722
  f1: 0.09782608695652174
  precision_abnormal: 0.36
  recall_abnormal: 0.05660377358490566
  balanced_acc: 0.5259059598682241
  confusion_matrix:
    tn: 3323
    fp: 16
    fn: 150
    tp: 9
  normal:
    acc: 0.9952081461515424
    precision: 0.9568096746328822
    recall: 0.9952081461515424
    f1: 0.9756312389900177
    support: 3339
  abnormal:
    acc: 0.05660377358490566
    precision: 0.36
    recall: 0.05660377358490566
    f1: 0.09782608695652174
    support: 159
  loss: 1.3403969288144948
test_metrics_best:
  auroc: 0.7320847012908245
  auprc: 0.17940685107011722
  f1: 0.24000000000000002
  precision_abnormal: 0.23493975903614459
  recall_abnormal: 0.24528301886792453
  balanced_acc: 0.6036238394728961
  confusion_matrix:
    tn: 3212
    fp: 127
    fn: 120
    tp: 39
  normal:
    acc: 0.9619646600778676
    precision: 0.963985594237695
    recall: 0.9619646600778676
    f1: 0.9629740668565432
    support: 3339
  abnormal:
    acc: 0.24528301886792453
    precision: 0.23493975903614459
    recall: 0.24528301886792453
    f1: 0.24000000000000002
    support: 159
  loss: 1.3403969288144948
