experiment_mode: prototype_metric
config_path: configs/local_global_pair_resnet18_chrid_prototype_metric.yaml
experiment_name: local_global_pair_resnet18_chrid_prototype_metric
save_dir: /data5/chensx/MyProject/chromosome_abnormality_new/outputs/experiments/local_global_pair_resnet18_chrid_prototype_metric
best_model_path: /data5/chensx/MyProject/chromosome_abnormality_new/outputs/experiments/local_global_pair_resnet18_chrid_prototype_metric/best_model.pth
best_model_metric: auprc
best_model_metric_value: 0.1929572680778043
best_threshold: 0.06999999999999999
best_threshold_score: 0.26865671641791045
best_threshold_stats:
  precision: 0.1791044776119403
  recall: 0.5373134328358209
  f1: 0.26865671641791045
prototype:
  distance: cosine
  normalize_embedding: true
  fit_on: normal_only
  fallback: global_normal
val_metrics_05:
  auroc: 0.7819113388282468
  auprc: 0.1929572680778043
  f1: 0.15730337078651685
  precision_abnormal: 0.3181818181818182
  recall_abnormal: 0.1044776119402985
  balanced_acc: 0.5469083155650319
  confusion_matrix:
    tn: 1392
    fp: 15
    fn: 60
    tp: 7
  normal:
    acc: 0.9893390191897654
    precision: 0.9586776859504132
    recall: 0.9893390191897654
    f1: 0.9737670514165793
    support: 1407
  abnormal:
    acc: 0.1044776119402985
    precision: 0.3181818181818182
    recall: 0.1044776119402985
    f1: 0.15730337078651685
    support: 67
  loss: 2.1573728858373222
test_metrics_05:
  auroc: 0.574925456911929
  auprc: 0.06374585924504528
  f1: 0.0608695652173913
  precision_abnormal: 0.09859154929577464
  recall_abnormal: 0.0440251572327044
  balanced_acc: 0.512428870919437
  confusion_matrix:
    tn: 3275
    fp: 64
    fn: 152
    tp: 7
  normal:
    acc: 0.9808325846061695
    precision: 0.9556463379048731
    recall: 0.9808325846061695
    f1: 0.9680756724800473
    support: 3339
  abnormal:
    acc: 0.0440251572327044
    precision: 0.09859154929577464
    recall: 0.0440251572327044
    f1: 0.0608695652173913
    support: 159
  loss: 2.903002214131865
test_metrics_best:
  auroc: 0.574925456911929
  auprc: 0.06374585924504528
  f1: 0.09711684370257967
  precision_abnormal: 0.064
  recall_abnormal: 0.20125786163522014
  balanced_acc: 0.5305480682839173
  confusion_matrix:
    tn: 2871
    fp: 468
    fn: 127
    tp: 32
  normal:
    acc: 0.8598382749326146
    precision: 0.957638425617078
    recall: 0.8598382749326146
    f1: 0.9061069906896007
    support: 3339
  abnormal:
    acc: 0.20125786163522014
    precision: 0.064
    recall: 0.20125786163522014
    f1: 0.09711684370257967
    support: 159
  loss: 2.903002214131865
