config_path: configs/local_global_pair_resnet18_chrid_weighted_ce.yaml
experiment_name: local_global_pair_resnet18_chrid_weighted_ce_fold_3
save_dir: /data5/chensx/MyProject/chromosome_abnormality_new/outputs/experiments/local_global_pair_resnet18_chrid_weighted_ce_fold_3
best_model_path: /data5/chensx/MyProject/chromosome_abnormality_new/outputs/experiments/local_global_pair_resnet18_chrid_weighted_ce_fold_3/best_model.pth
best_model_metric: auprc
best_model_metric_value: 0.2052185292502865
best_threshold: 0.48000000000000004
best_threshold_score: 0.2705314009661836
best_threshold_stats:
  precision: 0.4057971014492754
  recall: 0.2028985507246377
  f1: 0.2705314009661836
val_metrics_05:
  auroc: 0.48407742159759637
  auprc: 0.2052185292502865
  f1: 0.2647058823529412
  precision_abnormal: 0.4090909090909091
  recall_abnormal: 0.1956521739130435
  balanced_acc: 0.5922578402403595
  confusion_matrix:
    tn: 3463
    fp: 39
    fn: 111
    tp: 27
  normal:
    acc: 0.9888635065676756
    precision: 0.9689423614997202
    recall: 0.9888635065676756
    f1: 0.9788015828151498
    support: 3502
  abnormal:
    acc: 0.1956521739130435
    precision: 0.4090909090909091
    recall: 0.1956521739130435
    f1: 0.2647058823529412
    support: 138
  loss: 2.213777064229106
test_metrics_05:
  auroc: 0.5365099487906506
  auprc: 0.11419978582604343
  f1: 0.11891891891891893
  precision_abnormal: 0.2619047619047619
  recall_abnormal: 0.07692307692307693
  balanced_acc: 0.5334258009696606
  confusion_matrix:
    tn: 3047
    fp: 31
    fn: 132
    tp: 11
  normal:
    acc: 0.9899285250162443
    precision: 0.9584775086505191
    recall: 0.9899285250162443
    f1: 0.9739491769218475
    support: 3078
  abnormal:
    acc: 0.07692307692307693
    precision: 0.2619047619047619
    recall: 0.07692307692307693
    f1: 0.11891891891891893
    support: 143
  loss: 2.7261061292374147
test_metrics_best:
  auroc: 0.5365099487906506
  auprc: 0.11419978582604343
  f1: 0.11764705882352941
  precision_abnormal: 0.25
  recall_abnormal: 0.07692307692307693
  balanced_acc: 0.5331009146798621
  confusion_matrix:
    tn: 3045
    fp: 33
    fn: 132
    tp: 11
  normal:
    acc: 0.9892787524366472
    precision: 0.9584513692162417
    recall: 0.9892787524366472
    f1: 0.9736211031175059
    support: 3078
  abnormal:
    acc: 0.07692307692307693
    precision: 0.25
    recall: 0.07692307692307693
    f1: 0.11764705882352941
    support: 143
  loss: 2.7261061292374147
