config_path: configs/local_pair_resnet18_weighted_ce.yaml
experiment_name: local_pair_resnet18_weighted_ce_fold_0
save_dir: /data5/chensx/MyProject/chromosome_abnormality_new/outputs/experiments/local_pair_resnet18_weighted_ce_fold_0
best_model_path: /data5/chensx/MyProject/chromosome_abnormality_new/outputs/experiments/local_pair_resnet18_weighted_ce_fold_0/best_model.pth
best_model_metric: auprc
best_model_metric_value: 0.15954468482431075
best_threshold: 0.06999999999999999
best_threshold_score: 0.19753086419753088
best_threshold_stats:
  precision: 0.23076923076923078
  recall: 0.17266187050359713
  f1: 0.19753086419753088
val_metrics_05:
  auroc: 0.7553861609587249
  auprc: 0.15954468482431075
  f1: 0.12658227848101264
  precision_abnormal: 0.5263157894736842
  recall_abnormal: 0.07194244604316546
  balanced_acc: 0.5344821429421651
  confusion_matrix:
    tn: 3013
    fp: 9
    fn: 129
    tp: 10
  normal:
    acc: 0.9970218398411648
    precision: 0.9589433481858689
    recall: 0.9970218398411648
    f1: 0.9776119402985075
    support: 3022
  abnormal:
    acc: 0.07194244604316546
    precision: 0.5263157894736842
    recall: 0.07194244604316546
    f1: 0.12658227848101264
    support: 139
  loss: 0.8104376670719136
test_metrics_05:
  auroc: 0.5582369013179043
  auprc: 0.08333258763677429
  f1: 0.04054054054054055
  precision_abnormal: 0.25
  recall_abnormal: 0.022058823529411766
  balanced_acc: 0.5097999035679845
  confusion_matrix:
    tn: 3651
    fp: 9
    fn: 133
    tp: 3
  normal:
    acc: 0.9975409836065574
    precision: 0.9648520084566596
    recall: 0.9975409836065574
    f1: 0.9809242342826437
    support: 3660
  abnormal:
    acc: 0.022058823529411766
    precision: 0.25
    recall: 0.022058823529411766
    f1: 0.04054054054054055
    support: 136
  loss: 0.7858221907761376
test_metrics_best:
  auroc: 0.5582369013179043
  auprc: 0.08333258763677429
  f1: 0.13793103448275862
  precision_abnormal: 0.144
  recall_abnormal: 0.1323529411764706
  balanced_acc: 0.5515589842494375
  confusion_matrix:
    tn: 3553
    fp: 107
    fn: 118
    tp: 18
  normal:
    acc: 0.9707650273224043
    precision: 0.9678561699809316
    recall: 0.9707650273224043
    f1: 0.9693084163142819
    support: 3660
  abnormal:
    acc: 0.1323529411764706
    precision: 0.144
    recall: 0.1323529411764706
    f1: 0.13793103448275862
    support: 136
  loss: 0.7858221907761376
