config_path: configs/local_global_pair_resnet18_chrid_weighted_ce.yaml
experiment_name: local_global_pair_resnet18_chrid_weighted_ce_fold_2
save_dir: /data5/chensx/MyProject/chromosome_abnormality_new/outputs/experiments/local_global_pair_resnet18_chrid_weighted_ce_fold_2
best_model_path: /data5/chensx/MyProject/chromosome_abnormality_new/outputs/experiments/local_global_pair_resnet18_chrid_weighted_ce_fold_2/best_model.pth
best_model_metric: auprc
best_model_metric_value: 0.3006643800528721
best_threshold: 0.01
best_threshold_score: 0.3015075376884422
best_threshold_stats:
  precision: 0.5357142857142857
  recall: 0.2097902097902098
  f1: 0.3015075376884422
val_metrics_05:
  auroc: 0.796741594987209
  auprc: 0.3006643800528721
  f1: 0.2711864406779661
  precision_abnormal: 0.7058823529411765
  recall_abnormal: 0.16783216783216784
  balanced_acc: 0.582291652467091
  confusion_matrix:
    tn: 3068
    fp: 10
    fn: 119
    tp: 24
  normal:
    acc: 0.9967511371020142
    precision: 0.9626608095387512
    recall: 0.9967511371020142
    f1: 0.9794094173982442
    support: 3078
  abnormal:
    acc: 0.16783216783216784
    precision: 0.7058823529411765
    recall: 0.16783216783216784
    f1: 0.2711864406779661
    support: 143
  loss: 2.5973983922755264
test_metrics_05:
  auroc: 0.6209017060434577
  auprc: 0.2296195661843518
  f1: 0.22346368715083798
  precision_abnormal: 0.5405405405405406
  recall_abnormal: 0.14084507042253522
  balanced_acc: 0.5676163285424
  confusion_matrix:
    tn: 3012
    fp: 17
    fn: 122
    tp: 20
  normal:
    acc: 0.9943875866622648
    precision: 0.9610721123165284
    recall: 0.9943875866622648
    f1: 0.9774460490021093
    support: 3029
  abnormal:
    acc: 0.14084507042253522
    precision: 0.5405405405405406
    recall: 0.14084507042253522
    f1: 0.22346368715083798
    support: 142
  loss: 2.592385206517221
test_metrics_best:
  auroc: 0.6209017060434577
  auprc: 0.2296195661843518
  f1: 0.27
  precision_abnormal: 0.46551724137931033
  recall_abnormal: 0.19014084507042253
  balanced_acc: 0.5899532221390409
  confusion_matrix:
    tn: 2998
    fp: 31
    fn: 115
    tp: 27
  normal:
    acc: 0.9897655992076593
    precision: 0.9630581432701574
    recall: 0.9897655992076593
    f1: 0.9762292412894823
    support: 3029
  abnormal:
    acc: 0.19014084507042253
    precision: 0.46551724137931033
    recall: 0.19014084507042253
    f1: 0.27
    support: 142
  loss: 2.592385206517221
