config_path: configs/local_global_pair_resnet18_chrid_mixstyle_weighted_ce.yaml
experiment_name: local_global_pair_resnet18_chrid_mixstyle_weighted_ce_fold_1
save_dir: /data5/chensx/MyProject/chromosome_abnormality_new/outputs/experiments/local_global_pair_resnet18_chrid_mixstyle_weighted_ce_fold_1
best_model_path: /data5/chensx/MyProject/chromosome_abnormality_new/outputs/experiments/local_global_pair_resnet18_chrid_mixstyle_weighted_ce_fold_1/best_model.pth
best_model_metric: auprc
best_model_metric_value: 0.29451353116887424
best_threshold: 0.97
best_threshold_score: 0.36752136752136755
best_threshold_stats:
  precision: 0.4673913043478261
  recall: 0.3028169014084507
  f1: 0.36752136752136755
val_metrics_05:
  auroc: 0.6972946958741555
  auprc: 0.29451353116887424
  f1: 0.3
  precision_abnormal: 0.2696629213483146
  recall_abnormal: 0.3380281690140845
  balanced_acc: 0.6475548570392311
  confusion_matrix:
    tn: 2899
    fp: 130
    fn: 94
    tp: 48
  normal:
    acc: 0.9570815450643777
    precision: 0.9685933845639826
    recall: 0.9570815450643777
    f1: 0.9628030554633011
    support: 3029
  abnormal:
    acc: 0.3380281690140845
    precision: 0.2696629213483146
    recall: 0.3380281690140845
    f1: 0.3
    support: 142
  loss: 1.6181953851825541
test_metrics_05:
  auroc: 0.5520118650281628
  auprc: 0.2192243430684941
  f1: 0.22368421052631576
  precision_abnormal: 0.20606060606060606
  recall_abnormal: 0.2446043165467626
  balanced_acc: 0.6006277704507472
  confusion_matrix:
    tn: 2891
    fp: 131
    fn: 105
    tp: 34
  normal:
    acc: 0.9566512243547319
    precision: 0.9649532710280374
    recall: 0.9566512243547319
    f1: 0.9607843137254902
    support: 3022
  abnormal:
    acc: 0.2446043165467626
    precision: 0.20606060606060606
    recall: 0.2446043165467626
    f1: 0.22368421052631576
    support: 139
  loss: 1.8589256213307945
test_metrics_best:
  auroc: 0.5520118650281628
  auprc: 0.2192243430684941
  f1: 0.2818181818181818
  precision_abnormal: 0.38271604938271603
  recall_abnormal: 0.22302158273381295
  balanced_acc: 0.6032381242590309
  confusion_matrix:
    tn: 2972
    fp: 50
    fn: 108
    tp: 31
  normal:
    acc: 0.9834546657842489
    precision: 0.964935064935065
    recall: 0.9834546657842489
    f1: 0.974106850213045
    support: 3022
  abnormal:
    acc: 0.22302158273381295
    precision: 0.38271604938271603
    recall: 0.22302158273381295
    f1: 0.2818181818181818
    support: 139
  loss: 1.8589256213307945
