config_path: configs/local_pair_resnet18_weighted_ce.yaml
experiment_name: local_pair_resnet18_weighted_ce_fold_4
save_dir: /data5/chensx/MyProject/chromosome_abnormality_new/outputs/experiments/local_pair_resnet18_weighted_ce_fold_4
best_model_path: /data5/chensx/MyProject/chromosome_abnormality_new/outputs/experiments/local_pair_resnet18_weighted_ce_fold_4/best_model.pth
best_model_metric: auprc
best_model_metric_value: 0.1839330054768868
best_threshold: 0.23
best_threshold_score: 0.2723735408560311
best_threshold_stats:
  precision: 0.2892561983471074
  recall: 0.25735294117647056
  f1: 0.2723735408560311
val_metrics_05:
  auroc: 0.6325668997107039
  auprc: 0.1839330054768868
  f1: 0.26046511627906976
  precision_abnormal: 0.35443037974683544
  recall_abnormal: 0.20588235294117646
  balanced_acc: 0.5959739633558341
  confusion_matrix:
    tn: 3609
    fp: 51
    fn: 108
    tp: 28
  normal:
    acc: 0.9860655737704918
    precision: 0.9709443099273608
    recall: 0.9860655737704918
    f1: 0.9784465229768199
    support: 3660
  abnormal:
    acc: 0.20588235294117646
    precision: 0.35443037974683544
    recall: 0.20588235294117646
    f1: 0.26046511627906976
    support: 136
  loss: 0.7069864137406344
test_metrics_05:
  auroc: 0.6529850437431199
  auprc: 0.13853212761992162
  f1: 0.18367346938775508
  precision_abnormal: 0.3103448275862069
  recall_abnormal: 0.13043478260869565
  balanced_acc: 0.559506369031361
  confusion_matrix:
    tn: 3462
    fp: 40
    fn: 120
    tp: 18
  normal:
    acc: 0.9885779554540263
    precision: 0.966499162479062
    recall: 0.9885779554540263
    f1: 0.9774138904573686
    support: 3502
  abnormal:
    acc: 0.13043478260869565
    precision: 0.3103448275862069
    recall: 0.13043478260869565
    f1: 0.18367346938775508
    support: 138
  loss: 0.8695126431983906
test_metrics_best:
  auroc: 0.6529850437431199
  auprc: 0.13853212761992162
  f1: 0.18502202643171803
  precision_abnormal: 0.23595505617977527
  recall_abnormal: 0.15217391304347827
  balanced_acc: 0.5663782186576615
  confusion_matrix:
    tn: 3434
    fp: 68
    fn: 117
    tp: 21
  normal:
    acc: 0.9805825242718447
    precision: 0.9670515347789355
    recall: 0.9805825242718447
    f1: 0.9737700269388913
    support: 3502
  abnormal:
    acc: 0.15217391304347827
    precision: 0.23595505617977527
    recall: 0.15217391304347827
    f1: 0.18502202643171803
    support: 138
  loss: 0.8695126431983906
