config_path: configs/local_global_pair_resnet18_chrid_balanced_supcon.yaml
experiment_name: local_global_pair_resnet18_chrid_balanced_supcon_fold_3
save_dir: /data5/chensx/MyProject/chromosome_abnormality_new/outputs/experiments/local_global_pair_resnet18_chrid_balanced_supcon_fold_3
best_model_path: /data5/chensx/MyProject/chromosome_abnormality_new/outputs/experiments/local_global_pair_resnet18_chrid_balanced_supcon_fold_3/best_model.pth
best_model_metric: auprc
best_model_metric_value: 0.17578424436576587
best_threshold: 0.92
best_threshold_score: 0.22891566265060243
best_threshold_stats:
  precision: 0.6785714285714286
  recall: 0.13768115942028986
  f1: 0.22891566265060243
val_metrics_05:
  auroc: 0.580701296981435
  auprc: 0.17578424436576587
  f1: 0.21348314606741572
  precision_abnormal: 0.475
  recall_abnormal: 0.13768115942028986
  balanced_acc: 0.5658422930168269
  confusion_matrix:
    tn: 3481
    fp: 21
    fn: 119
    tp: 19
  normal:
    acc: 0.9940034266133638
    precision: 0.9669444444444445
    recall: 0.9940034266133638
    f1: 0.9802872430301324
    support: 3502
  abnormal:
    acc: 0.13768115942028986
    precision: 0.475
    recall: 0.13768115942028986
    f1: 0.21348314606741572
    support: 138
  loss: 2.779560208582616
test_metrics_05:
  auroc: 0.5506027435851997
  auprc: 0.18242874541546716
  f1: 0.21714285714285714
  precision_abnormal: 0.59375
  recall_abnormal: 0.13286713286713286
  balanced_acc: 0.5643218055498758
  confusion_matrix:
    tn: 3065
    fp: 13
    fn: 124
    tp: 19
  normal:
    acc: 0.9957764782326186
    precision: 0.9611163374098464
    recall: 0.9957764782326186
    f1: 0.9781394606669859
    support: 3078
  abnormal:
    acc: 0.13286713286713286
    precision: 0.59375
    recall: 0.13286713286713286
    f1: 0.21714285714285714
    support: 143
  loss: 2.998712023308987
test_metrics_best:
  auroc: 0.5506027435851997
  auprc: 0.18242874541546716
  f1: 0.17073170731707316
  precision_abnormal: 0.6666666666666666
  recall_abnormal: 0.0979020979020979
  balanced_acc: 0.5478139469367539
  confusion_matrix:
    tn: 3071
    fp: 7
    fn: 129
    tp: 14
  normal:
    acc: 0.99772579597141
    precision: 0.9596875
    recall: 0.99772579597141
    f1: 0.9783370500159287
    support: 3078
  abnormal:
    acc: 0.0979020979020979
    precision: 0.6666666666666666
    recall: 0.0979020979020979
    f1: 0.17073170731707316
    support: 143
  loss: 2.998712023308987
