config_path: configs/local_global_pair_resnet18_chrid_mixstyle_weighted_ce.yaml
experiment_name: local_global_pair_resnet18_chrid_mixstyle_weighted_ce_fold_2
save_dir: /data5/chensx/MyProject/chromosome_abnormality_new/outputs/experiments/local_global_pair_resnet18_chrid_mixstyle_weighted_ce_fold_2
best_model_path: /data5/chensx/MyProject/chromosome_abnormality_new/outputs/experiments/local_global_pair_resnet18_chrid_mixstyle_weighted_ce_fold_2/best_model.pth
best_model_metric: auprc
best_model_metric_value: 0.2853847576555104
best_threshold: 0.04
best_threshold_score: 0.3022222222222222
best_threshold_stats:
  precision: 0.4146341463414634
  recall: 0.23776223776223776
  f1: 0.3022222222222222
val_metrics_05:
  auroc: 0.8098460993197836
  auprc: 0.2853847576555104
  f1: 0.2887700534759358
  precision_abnormal: 0.6136363636363636
  recall_abnormal: 0.1888111888111888
  balanced_acc: 0.5916440609423066
  confusion_matrix:
    tn: 3061
    fp: 17
    fn: 116
    tp: 27
  normal:
    acc: 0.9944769330734243
    precision: 0.9634875668870003
    recall: 0.9944769330734243
    f1: 0.9787370103916867
    support: 3078
  abnormal:
    acc: 0.1888111888111888
    precision: 0.6136363636363636
    recall: 0.1888111888111888
    f1: 0.2887700534759358
    support: 143
  loss: 2.2558314179234236
test_metrics_05:
  auroc: 0.6730920352089427
  auprc: 0.29442554777143365
  f1: 0.28421052631578947
  precision_abnormal: 0.5625
  recall_abnormal: 0.19014084507042253
  balanced_acc: 0.5916039319442572
  confusion_matrix:
    tn: 3008
    fp: 21
    fn: 115
    tp: 27
  normal:
    acc: 0.9930670188180918
    precision: 0.9631764329170669
    recall: 0.9930670188180918
    f1: 0.977893368010403
    support: 3029
  abnormal:
    acc: 0.19014084507042253
    precision: 0.5625
    recall: 0.19014084507042253
    f1: 0.28421052631578947
    support: 142
  loss: 2.135954501528501
test_metrics_best:
  auroc: 0.6730920352089427
  auprc: 0.29442554777143365
  f1: 0.3076923076923077
  precision_abnormal: 0.43037974683544306
  recall_abnormal: 0.23943661971830985
  balanced_acc: 0.6122901157356818
  confusion_matrix:
    tn: 2984
    fp: 45
    fn: 108
    tp: 34
  normal:
    acc: 0.9851436117530538
    precision: 0.9650711513583441
    recall: 0.9851436117530538
    f1: 0.9750040842999509
    support: 3029
  abnormal:
    acc: 0.23943661971830985
    precision: 0.43037974683544306
    recall: 0.23943661971830985
    f1: 0.3076923076923077
    support: 142
  loss: 2.135954501528501
