config_path: configs/local_global_pair_resnet18_chrid_weighted_ce.yaml
experiment_name: local_global_pair_resnet18_chrid_weighted_ce_fold_0
save_dir: /data5/chensx/MyProject/chromosome_abnormality_new/outputs/experiments/local_global_pair_resnet18_chrid_weighted_ce_fold_0
best_model_path: /data5/chensx/MyProject/chromosome_abnormality_new/outputs/experiments/local_global_pair_resnet18_chrid_weighted_ce_fold_0/best_model.pth
best_model_metric: auprc
best_model_metric_value: 0.2390125323317184
best_threshold: 0.61
best_threshold_score: 0.31521739130434784
best_threshold_stats:
  precision: 0.6444444444444445
  recall: 0.20863309352517986
  f1: 0.31521739130434784
val_metrics_05:
  auroc: 0.4549728846968752
  auprc: 0.2390125323317184
  f1: 0.30526315789473685
  precision_abnormal: 0.5686274509803921
  recall_abnormal: 0.20863309352517986
  balanced_acc: 0.6006765732351247
  confusion_matrix:
    tn: 3000
    fp: 22
    fn: 110
    tp: 29
  normal:
    acc: 0.9927200529450695
    precision: 0.9646302250803859
    recall: 0.9927200529450695
    f1: 0.9784735812133072
    support: 3022
  abnormal:
    acc: 0.20863309352517986
    precision: 0.5686274509803921
    recall: 0.20863309352517986
    f1: 0.30526315789473685
    support: 139
  loss: 1.9712448255882276
test_metrics_05:
  auroc: 0.6935410639665702
  auprc: 0.2653310215860157
  f1: 0.33497536945812806
  precision_abnormal: 0.5074626865671642
  recall_abnormal: 0.25
  balanced_acc: 0.6204918032786886
  confusion_matrix:
    tn: 3627
    fp: 33
    fn: 102
    tp: 34
  normal:
    acc: 0.990983606557377
    precision: 0.9726468222043443
    recall: 0.990983606557377
    f1: 0.9817295980511571
    support: 3660
  abnormal:
    acc: 0.25
    precision: 0.5074626865671642
    recall: 0.25
    f1: 0.33497536945812806
    support: 136
  loss: 1.5736515456683016
test_metrics_best:
  auroc: 0.6935410639665702
  auprc: 0.2653310215860157
  f1: 0.3417085427135678
  precision_abnormal: 0.5396825396825397
  recall_abnormal: 0.25
  balanced_acc: 0.6210382513661202
  confusion_matrix:
    tn: 3631
    fp: 29
    fn: 102
    tp: 34
  normal:
    acc: 0.9920765027322405
    precision: 0.9726761317974819
    recall: 0.9920765027322405
    f1: 0.9822805356418234
    support: 3660
  abnormal:
    acc: 0.25
    precision: 0.5396825396825397
    recall: 0.25
    f1: 0.3417085427135678
    support: 136
  loss: 1.5736515456683016
