config_path: configs/baseline_pair_resnet18_chrid_weighted_ce.yaml
experiment_name: baseline_pair_resnet18_chrid_weighted_ce_fold_4
save_dir: /data5/chensx/MyProject/chromosome_abnormality_new/outputs/experiments/baseline_pair_resnet18_chrid_weighted_ce_fold_4
best_model_path: /data5/chensx/MyProject/chromosome_abnormality_new/outputs/experiments/baseline_pair_resnet18_chrid_weighted_ce_fold_4/best_model.pth
best_model_metric: auprc
best_model_metric_value: 0.13220581719745628
best_threshold: 0.9400000000000001
best_threshold_score: 0.21296296296296297
best_threshold_stats:
  precision: 0.2875
  recall: 0.16911764705882354
  f1: 0.21296296296296297
val_metrics_05:
  auroc: 0.5969402925104468
  auprc: 0.13220581719745628
  f1: 0.17312072892938496
  precision_abnormal: 0.1254125412541254
  recall_abnormal: 0.27941176470588236
  balanced_acc: 0.6035036965605914
  confusion_matrix:
    tn: 3395
    fp: 265
    fn: 98
    tp: 38
  normal:
    acc: 0.9275956284153005
    precision: 0.9719438877755511
    recall: 0.9275956284153005
    f1: 0.9492520620718579
    support: 3660
  abnormal:
    acc: 0.27941176470588236
    precision: 0.1254125412541254
    recall: 0.27941176470588236
    f1: 0.17312072892938496
    support: 136
  loss: 0.8451277503726103
test_metrics_05:
  auroc: 0.3716116670391246
  auprc: 0.04322093537392144
  f1: 0.09289617486338797
  precision_abnormal: 0.07456140350877193
  recall_abnormal: 0.12318840579710146
  balanced_acc: 0.5314685604085451
  confusion_matrix:
    tn: 3291
    fp: 211
    fn: 121
    tp: 17
  normal:
    acc: 0.9397487150199886
    precision: 0.9645369284876905
    recall: 0.9397487150199886
    f1: 0.9519814868382992
    support: 3502
  abnormal:
    acc: 0.12318840579710146
    precision: 0.07456140350877193
    recall: 0.12318840579710146
    f1: 0.09289617486338797
    support: 138
  loss: 1.2387837168934581
test_metrics_best:
  auroc: 0.3716116670391246
  auprc: 0.04322093537392144
  f1: 0.06862745098039215
  precision_abnormal: 0.10606060606060606
  recall_abnormal: 0.050724637681159424
  balanced_acc: 0.516938560987924
  confusion_matrix:
    tn: 3443
    fp: 59
    fn: 131
    tp: 7
  normal:
    acc: 0.9831524842946887
    precision: 0.9633463905987689
    recall: 0.9831524842946887
    f1: 0.9731486715658564
    support: 3502
  abnormal:
    acc: 0.050724637681159424
    precision: 0.10606060606060606
    recall: 0.050724637681159424
    f1: 0.06862745098039215
    support: 138
  loss: 1.2387837168934581
