config_path: configs/local_global_pair_resnet18_chrid_balanced_supcon.yaml
experiment_name: local_global_pair_resnet18_chrid_balanced_supcon_fold_1
save_dir: /data5/chensx/MyProject/chromosome_abnormality_new/outputs/experiments/local_global_pair_resnet18_chrid_balanced_supcon_fold_1
best_model_path: /data5/chensx/MyProject/chromosome_abnormality_new/outputs/experiments/local_global_pair_resnet18_chrid_balanced_supcon_fold_1/best_model.pth
best_model_metric: auprc
best_model_metric_value: 0.19722045564132507
best_threshold: 0.01
best_threshold_score: 0.28292682926829266
best_threshold_stats:
  precision: 0.4603174603174603
  recall: 0.20422535211267606
  f1: 0.28292682926829266
val_metrics_05:
  auroc: 0.43905277156501243
  auprc: 0.19722045564132507
  f1: 0.24705882352941175
  precision_abnormal: 0.75
  recall_abnormal: 0.14788732394366197
  balanced_acc: 0.5727881651081796
  confusion_matrix:
    tn: 3022
    fp: 7
    fn: 121
    tp: 21
  normal:
    acc: 0.9976890062726973
    precision: 0.9615017499204581
    recall: 0.9976890062726973
    f1: 0.9792611795204147
    support: 3029
  abnormal:
    acc: 0.14788732394366197
    precision: 0.75
    recall: 0.14788732394366197
    f1: 0.24705882352941175
    support: 142
  loss: 2.9214921047243174
test_metrics_05:
  auroc: 0.5167857772021959
  auprc: 0.21566236145457465
  f1: 0.22222222222222224
  precision_abnormal: 0.59375
  recall_abnormal: 0.1366906474820144
  balanced_acc: 0.5661944302929596
  confusion_matrix:
    tn: 3009
    fp: 13
    fn: 120
    tp: 19
  normal:
    acc: 0.9956982131039047
    precision: 0.9616490891658677
    recall: 0.9956982131039047
    f1: 0.978377499593562
    support: 3022
  abnormal:
    acc: 0.1366906474820144
    precision: 0.59375
    recall: 0.1366906474820144
    f1: 0.22222222222222224
    support: 139
  loss: 2.9734750160572085
test_metrics_best:
  auroc: 0.5167857772021959
  auprc: 0.21566236145457465
  f1: 0.2708333333333333
  precision_abnormal: 0.49056603773584906
  recall_abnormal: 0.18705035971223022
  balanced_acc: 0.5890579396178623
  confusion_matrix:
    tn: 2995
    fp: 27
    fn: 113
    tp: 26
  normal:
    acc: 0.9910655195234944
    precision: 0.9636422136422137
    recall: 0.9910655195234944
    f1: 0.9771615008156607
    support: 3022
  abnormal:
    acc: 0.18705035971223022
    precision: 0.49056603773584906
    recall: 0.18705035971223022
    f1: 0.2708333333333333
    support: 139
  loss: 2.9734750160572085
